# caseC -- MSG-RM vs EXACT (Pagano) benchmark 3,  S = a/h = 10
# reference surface: MID-SURFACE (fraction = 0.5) in the SG, the plate law
# and the exact z origin.  stations: x = a/2 (s11, s33), x = 0 (s13)
# plies: face(10mm/0), core(80mm/0), face(10mm/0)
# 
# RM 8x8 ABDG (rows e11,e22,g12,k11,k22,k12,2g13,2g23):
#     2.676256e+09   4.578599e+07   0.000000e+00  -1.766256e-08   4.873425e-10   0.000000e+00   0.000000e+00   0.000000e+00
#     4.578599e+07   2.538014e+08   0.000000e+00   6.161599e-10   5.950332e-10   0.000000e+00   0.000000e+00   0.000000e+00
#     0.000000e+00   0.000000e+00   1.327320e+08   0.000000e+00   0.000000e+00  -5.859264e-10   0.000000e+00   0.000000e+00
#    -1.742973e-08   7.201732e-10   0.000000e+00   5.372408e+06   9.292491e+04   0.000000e+00   0.000000e+00   0.000000e+00
#     6.161599e-10   5.077217e-10   0.000000e+00   9.292491e+04   4.467503e+05   0.000000e+00   0.000000e+00   0.000000e+00
#     0.000000e+00   0.000000e+00  -5.859264e-10   0.000000e+00   0.000000e+00   2.569404e+05   0.000000e+00   0.000000e+00
#     0.000000e+00   0.000000e+00   0.000000e+00   0.000000e+00   0.000000e+00   0.000000e+00   1.098543e+07   6.128804e-07
#     0.000000e+00   0.000000e+00   0.000000e+00   0.000000e+00   0.000000e+00   0.000000e+00   6.128804e-07   1.085562e+07
# 
# FF from the exact solution (DIRECT stress integration, no equilibrium):
#   FF_mid (x=a/2) = [0.000335186, 23.0325, 0, 1013.22, 18.5239, 0, 0, 0]
#   FF_end (x=0)   = [0, 0, 0, 0, 0, 0, 3183.09, 0]
#   u2d = [0, 0, 1.113410e-04] (plate w; exact 1.094792e-04)
# 
# transverse-shear stiffness, the two constructions side by side:
#   G_whitney (Whitney JAM 40 (1973) 302-304, complementary energy of the
#   static equilibrium distribution -- the classic/Abaqus-style TSS):
#     [[ 2.611228e+07,  0.000000e+00], [ 0.000000e+00,  2.574391e+07]]
#   G_msg (MSG-RM least-squares projection, Yu 2003 Eq. 61):
#     [[ 1.098543e+07,  6.128804e-07], [ 6.128804e-07,  1.085562e+07]]
#   effective k1^2 = G11/A55:  Whitney 0.196729   MSG 0.082764   (uniform-k ref 5/6 = 0.8333)
# 
# OUT-OF-PLANE stresses only.  FSDT s13 = constitutive layerwise-constant
# C55(z) Q1 / G_whitney11 (Whitney-1973 k; FSDT has NO s33).  s13_abq_avg =
# Q1/h, the shape-free average from the S4 resultants (the model as run
# stores section forces only).  Exact stress solution: Pagano cylindrical
# bending (J. Compos. Mater. 3 (1969) 398-411; Garg Eqs. (18)-(24)).
# rel L2 errors vs exact:  s13   9.167%  (FSDT-Whitney 2181.43%)   s33   0.824%
# s33 top-face closure: 1.0000 q0
# 
# columns: z[m]  s13_msg  s13_exact  s13_fsdt  s13_abq_avg  s33_msg  s33_exact  [Pa]
  -5.000000e-02    9.731022e-09    5.660081e-08    7.563894e+05    3.183086e+04    0.000000e+00    8.890834e-22
  -4.987500e-02    4.863441e+02    7.040300e+02    7.563894e+05    3.183086e+04    9.549345e-02    1.384637e-01
  -4.975000e-02    9.714709e+02    1.401101e+03    7.563894e+05    3.183086e+04    3.817348e-01    5.520330e-01
  -4.962500e-02    1.455380e+03    2.091216e+03    7.563894e+05    3.183086e+04    8.582459e-01    1.237976e+00
  -4.950000e-02    1.938072e+03    2.774377e+03    7.563894e+05    3.183086e+04    1.524549e+00    2.193560e+00
  -4.937500e-02    2.419547e+03    3.450585e+03    7.563894e+05    3.183086e+04    2.380165e+00    3.416056e+00
  -4.925000e-02    2.899804e+03    4.119844e+03    7.563894e+05    3.183086e+04    3.424617e+00    4.902734e+00
  -4.912500e-02    3.378844e+03    4.782155e+03    7.563894e+05    3.183086e+04    4.657427e+00    6.650865e+00
  -4.900000e-02    3.856666e+03    5.437520e+03    7.563894e+05    3.183086e+04    6.078116e+00    8.657720e+00
  -4.887500e-02    4.333272e+03    6.085941e+03    7.563894e+05    3.183086e+04    7.686207e+00    1.092057e+01
  -4.875000e-02    4.808659e+03    6.727421e+03    7.563894e+05    3.183086e+04    9.481221e+00    1.343670e+01
  -4.862500e-02    5.282830e+03    7.361962e+03    7.563894e+05    3.183086e+04    1.146268e+01    1.620337e+01
  -4.850000e-02    5.755783e+03    7.989565e+03    7.563894e+05    3.183086e+04    1.363011e+01    1.921786e+01
  -4.837500e-02    6.227518e+03    8.610232e+03    7.563894e+05    3.183086e+04    1.598302e+01    2.247745e+01
  -4.825000e-02    6.698036e+03    9.223967e+03    7.563894e+05    3.183086e+04    1.852095e+01    2.597942e+01
  -4.812500e-02    7.167337e+03    9.830769e+03    7.563894e+05    3.183086e+04    2.124341e+01    2.972103e+01
  -4.800000e-02    7.635421e+03    1.043064e+04    7.563894e+05    3.183086e+04    2.414992e+01    3.369958e+01
  -4.787500e-02    8.102287e+03    1.102359e+04    7.563894e+05    3.183086e+04    2.724001e+01    3.791233e+01
  -4.775000e-02    8.567935e+03    1.160961e+04    7.563894e+05    3.183086e+04    3.051320e+01    4.235657e+01
  -4.762500e-02    9.032366e+03    1.218870e+04    7.563894e+05    3.183086e+04    3.396902e+01    4.702959e+01
  -4.750000e-02    9.495580e+03    1.276088e+04    7.563894e+05    3.183086e+04    3.760697e+01    5.192865e+01
  -4.737500e-02    9.957577e+03    1.332613e+04    7.563894e+05    3.183086e+04    4.142659e+01    5.705105e+01
  -4.725000e-02    1.041836e+04    1.388446e+04    7.563894e+05    3.183086e+04    4.542739e+01    6.239406e+01
  -4.712500e-02    1.087792e+04    1.443588e+04    7.563894e+05    3.183086e+04    4.960891e+01    6.795498e+01
  -4.700000e-02    1.133626e+04    1.498038e+04    7.563894e+05    3.183086e+04    5.397065e+01    7.373107e+01
  -4.687500e-02    1.179339e+04    1.551797e+04    7.563894e+05    3.183086e+04    5.851215e+01    7.971964e+01
  -4.675000e-02    1.224930e+04    1.604865e+04    7.563894e+05    3.183086e+04    6.323292e+01    8.591796e+01
  -4.662500e-02    1.270399e+04    1.657242e+04    7.563894e+05    3.183086e+04    6.813249e+01    9.232331e+01
  -4.650000e-02    1.315747e+04    1.708928e+04    7.563894e+05    3.183086e+04    7.321037e+01    9.893300e+01
  -4.637500e-02    1.360972e+04    1.759923e+04    7.563894e+05    3.183086e+04    7.846610e+01    1.057443e+02
  -4.625000e-02    1.406076e+04    1.810228e+04    7.563894e+05    3.183086e+04    8.389918e+01    1.127545e+02
  -4.612500e-02    1.451059e+04    1.859843e+04    7.563894e+05    3.183086e+04    8.950915e+01    1.199609e+02
  -4.600000e-02    1.495919e+04    1.908767e+04    7.563894e+05    3.183086e+04    9.529553e+01    1.273608e+02
  -4.587500e-02    1.540658e+04    1.957002e+04    7.563894e+05    3.183086e+04    1.012578e+02    1.349514e+02
  -4.575000e-02    1.585275e+04    2.004546e+04    7.563894e+05    3.183086e+04    1.073956e+02    1.427301e+02
  -4.562500e-02    1.629770e+04    2.051401e+04    7.563894e+05    3.183086e+04    1.137083e+02    1.506942e+02
  -4.550000e-02    1.674144e+04    2.097566e+04    7.563894e+05    3.183086e+04    1.201955e+02    1.588409e+02
  -4.537500e-02    1.718396e+04    2.143042e+04    7.563894e+05    3.183086e+04    1.268568e+02    1.671675e+02
  -4.525000e-02    1.762526e+04    2.187829e+04    7.563894e+05    3.183086e+04    1.336915e+02    1.756714e+02
  -4.512500e-02    1.806534e+04    2.231926e+04    7.563894e+05    3.183086e+04    1.406994e+02    1.843498e+02
  -4.500000e-02    1.850421e+04    2.275335e+04    7.563894e+05    3.183086e+04    1.478798e+02    1.932000e+02
  -4.487500e-02    1.894186e+04    2.318054e+04    7.563894e+05    3.183086e+04    1.552323e+02    2.022193e+02
  -4.475000e-02    1.937829e+04    2.360085e+04    7.563894e+05    3.183086e+04    1.627565e+02    2.114051e+02
  -4.462500e-02    1.981350e+04    2.401428e+04    7.563894e+05    3.183086e+04    1.704517e+02    2.207545e+02
  -4.450000e-02    2.024750e+04    2.442081e+04    7.563894e+05    3.183086e+04    1.783177e+02    2.302649e+02
  -4.437500e-02    2.068028e+04    2.482047e+04    7.563894e+05    3.183086e+04    1.863539e+02    2.399336e+02
  -4.425000e-02    2.111184e+04    2.521324e+04    7.563894e+05    3.183086e+04    1.945597e+02    2.497580e+02
  -4.412500e-02    2.154218e+04    2.559914e+04    7.563894e+05    3.183086e+04    2.029348e+02    2.597352e+02
  -4.400000e-02    2.197131e+04    2.597815e+04    7.563894e+05    3.183086e+04    2.114787e+02    2.698626e+02
  -4.387500e-02    2.239922e+04    2.635029e+04    7.563894e+05    3.183086e+04    2.201908e+02    2.801375e+02
  -4.375000e-02    2.282591e+04    2.671555e+04    7.563894e+05    3.183086e+04    2.290707e+02    2.905572e+02
  -4.362500e-02    2.325139e+04    2.707393e+04    7.563894e+05    3.183086e+04    2.381180e+02    3.011189e+02
  -4.350000e-02    2.367565e+04    2.742544e+04    7.563894e+05    3.183086e+04    2.473321e+02    3.118201e+02
  -4.337500e-02    2.409869e+04    2.777007e+04    7.563894e+05    3.183086e+04    2.567126e+02    3.226579e+02
  -4.325000e-02    2.452051e+04    2.810783e+04    7.563894e+05    3.183086e+04    2.662589e+02    3.336297e+02
  -4.312500e-02    2.494112e+04    2.843872e+04    7.563894e+05    3.183086e+04    2.759707e+02    3.447328e+02
  -4.300000e-02    2.536050e+04    2.876275e+04    7.563894e+05    3.183086e+04    2.858474e+02    3.559646e+02
  -4.287500e-02    2.577867e+04    2.907990e+04    7.563894e+05    3.183086e+04    2.958885e+02    3.673222e+02
  -4.275000e-02    2.619563e+04    2.939018e+04    7.563894e+05    3.183086e+04    3.060937e+02    3.788030e+02
  -4.262500e-02    2.661136e+04    2.969360e+04    7.563894e+05    3.183086e+04    3.164623e+02    3.904042e+02
  -4.250000e-02    2.702588e+04    2.999014e+04    7.563894e+05    3.183086e+04    3.269940e+02    4.021233e+02
  -4.237500e-02    2.743918e+04    3.027983e+04    7.563894e+05    3.183086e+04    3.376881e+02    4.139576e+02
  -4.225000e-02    2.785127e+04    3.056265e+04    7.563894e+05    3.183086e+04    3.485444e+02    4.259042e+02
  -4.212500e-02    2.826213e+04    3.083860e+04    7.563894e+05    3.183086e+04    3.595622e+02    4.379605e+02
  -4.200000e-02    2.867178e+04    3.110770e+04    7.563894e+05    3.183086e+04    3.707412e+02    4.501239e+02
  -4.187500e-02    2.908021e+04    3.136993e+04    7.563894e+05    3.183086e+04    3.820808e+02    4.623915e+02
  -4.175000e-02    2.948743e+04    3.162530e+04    7.563894e+05    3.183086e+04    3.935805e+02    4.747608e+02
  -4.162500e-02    2.989343e+04    3.187381e+04    7.563894e+05    3.183086e+04    4.052399e+02    4.872291e+02
  -4.150000e-02    3.029821e+04    3.211546e+04    7.563894e+05    3.183086e+04    4.170585e+02    4.997936e+02
  -4.137500e-02    3.070177e+04    3.235025e+04    7.563894e+05    3.183086e+04    4.290358e+02    5.124516e+02
  -4.125000e-02    3.110411e+04    3.257818e+04    7.563894e+05    3.183086e+04    4.411714e+02    5.252005e+02
  -4.112500e-02    3.150524e+04    3.279926e+04    7.563894e+05    3.183086e+04    4.534647e+02    5.380376e+02
  -4.100000e-02    3.190515e+04    3.301348e+04    7.563894e+05    3.183086e+04    4.659153e+02    5.509601e+02
  -4.087500e-02    3.230384e+04    3.322085e+04    7.563894e+05    3.183086e+04    4.785227e+02    5.639654e+02
  -4.075000e-02    3.270132e+04    3.342136e+04    7.563894e+05    3.183086e+04    4.912864e+02    5.770508e+02
  -4.062500e-02    3.309758e+04    3.361501e+04    7.563894e+05    3.183086e+04    5.042060e+02    5.902136e+02
  -4.050000e-02    3.349262e+04    3.380181e+04    7.563894e+05    3.183086e+04    5.172810e+02    6.034510e+02
  -4.037500e-02    3.388644e+04    3.398176e+04    7.563894e+05    3.183086e+04    5.305108e+02    6.167605e+02
  -4.025000e-02    3.427905e+04    3.415485e+04    7.563894e+05    3.183086e+04    5.438951e+02    6.301394e+02
  -4.012500e-02    3.467043e+04    3.432110e+04    7.563894e+05    3.183086e+04    5.574333e+02    6.435848e+02
  -4.000000e-02    3.506060e+04    3.448049e+04    7.563894e+05    3.183086e+04    5.711249e+02    6.570942e+02
  -4.000000e-02    3.506060e+04    3.448049e+04    1.315301e+04    3.183086e+04    5.711249e+02    6.570942e+02
  -3.900000e-02    3.507416e+04    3.448590e+04    1.315301e+04    3.183086e+04    6.812924e+02    7.654264e+02
  -3.800000e-02    3.508738e+04    3.449117e+04    1.315301e+04    3.183086e+04    7.915019e+02    8.737753e+02
  -3.700000e-02    3.510025e+04    3.449631e+04    1.315301e+04    3.183086e+04    9.017523e+02    9.821407e+02
  -3.600000e-02    3.511278e+04    3.450131e+04    1.315301e+04    3.183086e+04    1.012043e+03    1.090522e+03
  -3.500000e-02    3.512497e+04    3.450618e+04    1.315301e+04    3.183086e+04    1.122372e+03    1.198919e+03
  -3.400000e-02    3.513681e+04    3.451091e+04    1.315301e+04    3.183086e+04    1.232739e+03    1.307330e+03
  -3.300000e-02    3.514831e+04    3.451551e+04    1.315301e+04    3.183086e+04    1.343142e+03    1.415757e+03
  -3.200000e-02    3.515947e+04    3.451997e+04    1.315301e+04    3.183086e+04    1.453582e+03    1.524198e+03
  -3.100000e-02    3.517028e+04    3.452430e+04    1.315301e+04    3.183086e+04    1.564055e+03    1.632652e+03
  -3.000000e-02    3.518075e+04    3.452849e+04    1.315301e+04    3.183086e+04    1.674563e+03    1.741120e+03
  -2.900000e-02    3.519088e+04    3.453255e+04    1.315301e+04    3.183086e+04    1.785102e+03    1.849601e+03
  -2.800000e-02    3.520066e+04    3.453647e+04    1.315301e+04    3.183086e+04    1.895673e+03    1.958094e+03
  -2.700000e-02    3.521010e+04    3.454027e+04    1.315301e+04    3.183086e+04    2.006274e+03    2.066600e+03
  -2.600000e-02    3.521920e+04    3.454392e+04    1.315301e+04    3.183086e+04    2.116904e+03    2.175117e+03
  -2.500000e-02    3.522795e+04    3.454745e+04    1.315301e+04    3.183086e+04    2.227562e+03    2.283646e+03
  -2.400000e-02    3.523636e+04    3.455084e+04    1.315301e+04    3.183086e+04    2.338247e+03    2.392185e+03
  -2.300000e-02    3.524443e+04    3.455409e+04    1.315301e+04    3.183086e+04    2.448958e+03    2.500735e+03
  -2.200000e-02    3.525215e+04    3.455722e+04    1.315301e+04    3.183086e+04    2.559694e+03    2.609295e+03
  -2.100000e-02    3.525954e+04    3.456021e+04    1.315301e+04    3.183086e+04    2.670453e+03    2.717864e+03
  -2.000000e-02    3.526657e+04    3.456307e+04    1.315301e+04    3.183086e+04    2.781236e+03    2.826443e+03
  -1.900000e-02    3.527327e+04    3.456579e+04    1.315301e+04    3.183086e+04    2.892039e+03    2.935030e+03
  -1.800000e-02    3.527962e+04    3.456838e+04    1.315301e+04    3.183086e+04    3.002863e+03    3.043626e+03
  -1.700000e-02    3.528562e+04    3.457084e+04    1.315301e+04    3.183086e+04    3.113707e+03    3.152229e+03
  -1.600000e-02    3.529129e+04    3.457317e+04    1.315301e+04    3.183086e+04    3.224569e+03    3.260841e+03
  -1.500000e-02    3.529661e+04    3.457536e+04    1.315301e+04    3.183086e+04    3.335448e+03    3.369459e+03
  -1.400000e-02    3.530159e+04    3.457742e+04    1.315301e+04    3.183086e+04    3.446344e+03    3.478084e+03
  -1.300000e-02    3.530622e+04    3.457935e+04    1.315301e+04    3.183086e+04    3.557254e+03    3.586715e+03
  -1.200000e-02    3.531051e+04    3.458114e+04    1.315301e+04    3.183086e+04    3.668179e+03    3.695352e+03
  -1.100000e-02    3.531446e+04    3.458280e+04    1.315301e+04    3.183086e+04    3.779116e+03    3.803995e+03
  -1.000000e-02    3.531806e+04    3.458433e+04    1.315301e+04    3.183086e+04    3.890065e+03    3.912642e+03
  -9.000000e-03    3.532133e+04    3.458573e+04    1.315301e+04    3.183086e+04    4.001025e+03    4.021294e+03
  -8.000000e-03    3.532424e+04    3.458699e+04    1.315301e+04    3.183086e+04    4.111995e+03    4.129951e+03
  -7.000000e-03    3.532682e+04    3.458812e+04    1.315301e+04    3.183086e+04    4.222974e+03    4.238611e+03
  -6.000000e-03    3.532905e+04    3.458911e+04    1.315301e+04    3.183086e+04    4.333960e+03    4.347274e+03
  -5.000000e-03    3.533094e+04    3.458998e+04    1.315301e+04    3.183086e+04    4.444952e+03    4.455940e+03
  -4.000000e-03    3.533248e+04    3.459071e+04    1.315301e+04    3.183086e+04    4.555950e+03    4.564609e+03
  -3.000000e-03    3.533368e+04    3.459130e+04    1.315301e+04    3.183086e+04    4.666952e+03    4.673280e+03
  -2.000000e-03    3.533454e+04    3.459176e+04    1.315301e+04    3.183086e+04    4.777958e+03    4.781953e+03
  -1.000000e-03    3.533506e+04    3.459209e+04    1.315301e+04    3.183086e+04    4.888965e+03    4.890626e+03
   0.000000e+00    3.533523e+04    3.459229e+04    1.315301e+04    3.183086e+04    4.999974e+03    4.999301e+03
   1.000000e-03    3.533506e+04    3.459235e+04    1.315301e+04    3.183086e+04    5.110982e+03    5.107976e+03
   2.000000e-03    3.533454e+04    3.459228e+04    1.315301e+04    3.183086e+04    5.221990e+03    5.216651e+03
   3.000000e-03    3.533368e+04    3.459207e+04    1.315301e+04    3.183086e+04    5.332995e+03    5.325325e+03
   4.000000e-03    3.533248e+04    3.459173e+04    1.315301e+04    3.183086e+04    5.443997e+03    5.433999e+03
   5.000000e-03    3.533094e+04    3.459125e+04    1.315301e+04    3.183086e+04    5.554995e+03    5.542672e+03
   6.000000e-03    3.532905e+04    3.459064e+04    1.315301e+04    3.183086e+04    5.665988e+03    5.651342e+03
   7.000000e-03    3.532682e+04    3.458989e+04    1.315301e+04    3.183086e+04    5.776974e+03    5.760011e+03
   8.000000e-03    3.532424e+04    3.458901e+04    1.315301e+04    3.183086e+04    5.887952e+03    5.868677e+03
   9.000000e-03    3.532133e+04    3.458800e+04    1.315301e+04    3.183086e+04    5.998922e+03    5.977340e+03
   1.000000e-02    3.531806e+04    3.458684e+04    1.315301e+04    3.183086e+04    6.109882e+03    6.085999e+03
   1.100000e-02    3.531446e+04    3.458556e+04    1.315301e+04    3.183086e+04    6.220831e+03    6.194655e+03
   1.200000e-02    3.531051e+04    3.458413e+04    1.315301e+04    3.183086e+04    6.331769e+03    6.303307e+03
   1.300000e-02    3.530622e+04    3.458257e+04    1.315301e+04    3.183086e+04    6.442693e+03    6.411954e+03
   1.400000e-02    3.530159e+04    3.458087e+04    1.315301e+04    3.183086e+04    6.553604e+03    6.520595e+03
   1.500000e-02    3.529661e+04    3.457904e+04    1.315301e+04    3.183086e+04    6.664499e+03    6.629231e+03
   1.600000e-02    3.529129e+04    3.457707e+04    1.315301e+04    3.183086e+04    6.775378e+03    6.737862e+03
   1.700000e-02    3.528562e+04    3.457496e+04    1.315301e+04    3.183086e+04    6.886240e+03    6.846485e+03
   1.800000e-02    3.527962e+04    3.457271e+04    1.315301e+04    3.183086e+04    6.997084e+03    6.955102e+03
   1.900000e-02    3.527327e+04    3.457032e+04    1.315301e+04    3.183086e+04    7.107908e+03    7.063712e+03
   2.000000e-02    3.526657e+04    3.456780e+04    1.315301e+04    3.183086e+04    7.218712e+03    7.172314e+03
   2.100000e-02    3.525954e+04    3.456513e+04    1.315301e+04    3.183086e+04    7.329494e+03    7.280908e+03
   2.200000e-02    3.525215e+04    3.456233e+04    1.315301e+04    3.183086e+04    7.440253e+03    7.389493e+03
   2.300000e-02    3.524443e+04    3.455939e+04    1.315301e+04    3.183086e+04    7.550989e+03    7.498069e+03
   2.400000e-02    3.523636e+04    3.455631e+04    1.315301e+04    3.183086e+04    7.661700e+03    7.606636e+03
   2.500000e-02    3.522795e+04    3.455308e+04    1.315301e+04    3.183086e+04    7.772385e+03    7.715193e+03
   2.600000e-02    3.521920e+04    3.454972e+04    1.315301e+04    3.183086e+04    7.883043e+03    7.823739e+03
   2.700000e-02    3.521010e+04    3.454621e+04    1.315301e+04    3.183086e+04    7.993674e+03    7.932275e+03
   2.800000e-02    3.520066e+04    3.454257e+04    1.315301e+04    3.183086e+04    8.104275e+03    8.040799e+03
   2.900000e-02    3.519088e+04    3.453878e+04    1.315301e+04    3.183086e+04    8.214845e+03    8.149312e+03
   3.000000e-02    3.518075e+04    3.453484e+04    1.315301e+04    3.183086e+04    8.325385e+03    8.257813e+03
   3.100000e-02    3.517028e+04    3.453077e+04    1.315301e+04    3.183086e+04    8.435892e+03    8.366301e+03
   3.200000e-02    3.515947e+04    3.452655e+04    1.315301e+04    3.183086e+04    8.546366e+03    8.474776e+03
   3.300000e-02    3.514831e+04    3.452219e+04    1.315301e+04    3.183086e+04    8.656805e+03    8.583237e+03
   3.400000e-02    3.513681e+04    3.451768e+04    1.315301e+04    3.183086e+04    8.767208e+03    8.691685e+03
   3.500000e-02    3.512497e+04    3.451303e+04    1.315301e+04    3.183086e+04    8.877575e+03    8.800118e+03
   3.600000e-02    3.511278e+04    3.450823e+04    1.315301e+04    3.183086e+04    8.987905e+03    8.908536e+03
   3.700000e-02    3.510025e+04    3.450328e+04    1.315301e+04    3.183086e+04    9.098195e+03    9.016939e+03
   3.800000e-02    3.508738e+04    3.449819e+04    1.315301e+04    3.183086e+04    9.208445e+03    9.125327e+03
   3.900000e-02    3.507416e+04    3.449295e+04    1.315301e+04    3.183086e+04    9.318655e+03    9.233698e+03
   4.000000e-02    3.506060e+04    3.448757e+04    1.315301e+04    3.183086e+04    9.428822e+03    9.342052e+03
   4.000000e-02    3.506060e+04    3.448757e+04    7.563894e+05    3.183086e+04    9.428822e+03    9.342052e+03
   4.012500e-02    3.467043e+04    3.432983e+04    7.563894e+05    3.183086e+04    9.442514e+03    9.355565e+03
   4.025000e-02    3.427905e+04    3.416521e+04    7.563894e+05    3.183086e+04    9.456052e+03    9.369014e+03
   4.037500e-02    3.388644e+04    3.399368e+04    7.563894e+05    3.183086e+04    9.469437e+03    9.382397e+03
   4.050000e-02    3.349262e+04    3.381526e+04    7.563894e+05    3.183086e+04    9.482666e+03    9.395712e+03
   4.062500e-02    3.309758e+04    3.362994e+04    7.563894e+05    3.183086e+04    9.495741e+03    9.408955e+03
   4.075000e-02    3.270132e+04    3.343772e+04    7.563894e+05    3.183086e+04    9.508661e+03    9.422124e+03
   4.087500e-02    3.230384e+04    3.323861e+04    7.563894e+05    3.183086e+04    9.521425e+03    9.435216e+03
   4.100000e-02    3.190515e+04    3.303259e+04    7.563894e+05    3.183086e+04    9.534032e+03    9.448228e+03
   4.112500e-02    3.150524e+04    3.281968e+04    7.563894e+05    3.183086e+04    9.546483e+03    9.461159e+03
   4.125000e-02    3.110411e+04    3.259986e+04    7.563894e+05    3.183086e+04    9.558776e+03    9.474004e+03
   4.137500e-02    3.070177e+04    3.237314e+04    7.563894e+05    3.183086e+04    9.570912e+03    9.486762e+03
   4.150000e-02    3.029821e+04    3.213952e+04    7.563894e+05    3.183086e+04    9.582889e+03    9.499429e+03
   4.162500e-02    2.989343e+04    3.189900e+04    7.563894e+05    3.183086e+04    9.594707e+03    9.512003e+03
   4.175000e-02    2.948743e+04    3.165158e+04    7.563894e+05    3.183086e+04    9.606367e+03    9.524481e+03
   4.187500e-02    2.908021e+04    3.139725e+04    7.563894e+05    3.183086e+04    9.617867e+03    9.536861e+03
   4.200000e-02    2.867178e+04    3.113601e+04    7.563894e+05    3.183086e+04    9.629206e+03    9.549140e+03
   4.212500e-02    2.826213e+04    3.086787e+04    7.563894e+05    3.183086e+04    9.640385e+03    9.561314e+03
   4.225000e-02    2.785127e+04    3.059283e+04    7.563894e+05    3.183086e+04    9.651403e+03    9.573382e+03
   4.237500e-02    2.743918e+04    3.031087e+04    7.563894e+05    3.183086e+04    9.662259e+03    9.585341e+03
   4.250000e-02    2.702588e+04    3.002201e+04    7.563894e+05    3.183086e+04    9.672953e+03    9.597188e+03
   4.262500e-02    2.661136e+04    2.972623e+04    7.563894e+05    3.183086e+04    9.683485e+03    9.608919e+03
   4.275000e-02    2.619563e+04    2.942355e+04    7.563894e+05    3.183086e+04    9.693854e+03    9.620534e+03
   4.287500e-02    2.577867e+04    2.911395e+04    7.563894e+05    3.183086e+04    9.704059e+03    9.632028e+03
   4.300000e-02    2.536050e+04    2.879745e+04    7.563894e+05    3.183086e+04    9.714100e+03    9.643399e+03
   4.312500e-02    2.494112e+04    2.847402e+04    7.563894e+05    3.183086e+04    9.723977e+03    9.654644e+03
   4.325000e-02    2.452051e+04    2.814369e+04    7.563894e+05    3.183086e+04    9.733688e+03    9.665761e+03
   4.337500e-02    2.409869e+04    2.780644e+04    7.563894e+05    3.183086e+04    9.743235e+03    9.676747e+03
   4.350000e-02    2.367565e+04    2.746227e+04    7.563894e+05    3.183086e+04    9.752615e+03    9.687600e+03
   4.362500e-02    2.325139e+04    2.711118e+04    7.563894e+05    3.183086e+04    9.761829e+03    9.698315e+03
   4.375000e-02    2.282591e+04    2.675318e+04    7.563894e+05    3.183086e+04    9.770877e+03    9.708892e+03
   4.387500e-02    2.239922e+04    2.638825e+04    7.563894e+05    3.183086e+04    9.779757e+03    9.719326e+03
   4.400000e-02    2.197131e+04    2.601641e+04    7.563894e+05    3.183086e+04    9.788469e+03    9.729616e+03
   4.412500e-02    2.154218e+04    2.563764e+04    7.563894e+05    3.183086e+04    9.797013e+03    9.739759e+03
   4.425000e-02    2.111184e+04    2.525195e+04    7.563894e+05    3.183086e+04    9.805388e+03    9.749751e+03
   4.437500e-02    2.068028e+04    2.485933e+04    7.563894e+05    3.183086e+04    9.813594e+03    9.759590e+03
   4.450000e-02    2.024750e+04    2.445979e+04    7.563894e+05    3.183086e+04    9.821630e+03    9.769274e+03
   4.462500e-02    1.981350e+04    2.405332e+04    7.563894e+05    3.183086e+04    9.829496e+03    9.778800e+03
   4.475000e-02    1.937829e+04    2.363992e+04    7.563894e+05    3.183086e+04    9.837191e+03    9.788165e+03
   4.487500e-02    1.894186e+04    2.321959e+04    7.563894e+05    3.183086e+04    9.844715e+03    9.797366e+03
   4.500000e-02    1.850421e+04    2.279233e+04    7.563894e+05    3.183086e+04    9.852068e+03    9.806401e+03
   4.512500e-02    1.806534e+04    2.235813e+04    7.563894e+05    3.183086e+04    9.859248e+03    9.815266e+03
   4.525000e-02    1.762526e+04    2.191701e+04    7.563894e+05    3.183086e+04    9.866256e+03    9.823960e+03
   4.537500e-02    1.718396e+04    2.146894e+04    7.563894e+05    3.183086e+04    9.873091e+03    9.832479e+03
   4.550000e-02    1.674144e+04    2.101394e+04    7.563894e+05    3.183086e+04    9.879752e+03    9.840821e+03
   4.562500e-02    1.629770e+04    2.055201e+04    7.563894e+05    3.183086e+04    9.886239e+03    9.848982e+03
   4.575000e-02    1.585275e+04    2.008313e+04    7.563894e+05    3.183086e+04    9.892552e+03    9.856961e+03
   4.587500e-02    1.540658e+04    1.960731e+04    7.563894e+05    3.183086e+04    9.898690e+03    9.864755e+03
   4.600000e-02    1.495919e+04    1.912454e+04    7.563894e+05    3.183086e+04    9.904652e+03    9.872360e+03
   4.612500e-02    1.451059e+04    1.863484e+04    7.563894e+05    3.183086e+04    9.910438e+03    9.879774e+03
   4.625000e-02    1.406076e+04    1.813818e+04    7.563894e+05    3.183086e+04    9.916048e+03    9.886995e+03
   4.637500e-02    1.360972e+04    1.763458e+04    7.563894e+05    3.183086e+04    9.921481e+03    9.894019e+03
   4.650000e-02    1.315747e+04    1.712403e+04    7.563894e+05    3.183086e+04    9.926737e+03    9.900844e+03
   4.662500e-02    1.270399e+04    1.660653e+04    7.563894e+05    3.183086e+04    9.931815e+03    9.907467e+03
   4.675000e-02    1.224930e+04    1.608208e+04    7.563894e+05    3.183086e+04    9.936714e+03    9.913886e+03
   4.687500e-02    1.179339e+04    1.555067e+04    7.563894e+05    3.183086e+04    9.941435e+03    9.920097e+03
   4.700000e-02    1.133626e+04    1.501231e+04    7.563894e+05    3.183086e+04    9.945977e+03    9.926098e+03
   4.712500e-02    1.087792e+04    1.446699e+04    7.563894e+05    3.183086e+04    9.950338e+03    9.931887e+03
   4.725000e-02    1.041836e+04    1.391471e+04    7.563894e+05    3.183086e+04    9.954520e+03    9.937460e+03
   4.737500e-02    9.957577e+03    1.335546e+04    7.563894e+05    3.183086e+04    9.958521e+03    9.942814e+03
   4.750000e-02    9.495580e+03    1.278926e+04    7.563894e+05    3.183086e+04    9.962340e+03    9.947948e+03
   4.762500e-02    9.032366e+03    1.221609e+04    7.563894e+05    3.183086e+04    9.965978e+03    9.952858e+03
   4.775000e-02    8.567935e+03    1.163595e+04    7.563894e+05    3.183086e+04    9.969434e+03    9.957542e+03
   4.787500e-02    8.102287e+03    1.104885e+04    7.563894e+05    3.183086e+04    9.972707e+03    9.961996e+03
   4.800000e-02    7.635421e+03    1.045478e+04    7.563894e+05    3.183086e+04    9.975797e+03    9.966219e+03
   4.812500e-02    7.167337e+03    9.853728e+03    7.563894e+05    3.183086e+04    9.978704e+03    9.970206e+03
   4.825000e-02    6.698036e+03    9.245707e+03    7.563894e+05    3.183086e+04    9.981426e+03    9.973957e+03
   4.837500e-02    6.227518e+03    8.630710e+03    7.563894e+05    3.183086e+04    9.983964e+03    9.977467e+03
   4.850000e-02    5.755783e+03    8.008735e+03    7.563894e+05    3.183086e+04    9.986317e+03    9.980734e+03
   4.862500e-02    5.282830e+03    7.379780e+03    7.563894e+05    3.183086e+04    9.988485e+03    9.983756e+03
   4.875000e-02    4.808659e+03    6.743842e+03    7.563894e+05    3.183086e+04    9.990466e+03    9.986530e+03
   4.887500e-02    4.333272e+03    6.100921e+03    7.563894e+05    3.183086e+04    9.992261e+03    9.989052e+03
   4.900000e-02    3.856666e+03    5.451014e+03    7.563894e+05    3.183086e+04    9.993869e+03    9.991320e+03
   4.912500e-02    3.378844e+03    4.794118e+03    7.563894e+05    3.183086e+04    9.995290e+03    9.993332e+03
   4.925000e-02    2.899804e+03    4.130232e+03    7.563894e+05    3.183086e+04    9.996523e+03    9.995085e+03
   4.937500e-02    2.419547e+03    3.459354e+03    7.563894e+05    3.183086e+04    9.997567e+03    9.996575e+03
   4.950000e-02    1.938072e+03    2.781481e+03    7.563894e+05    3.183086e+04    9.998423e+03    9.997801e+03
   4.962500e-02    1.455380e+03    2.096611e+03    7.563894e+05    3.183086e+04    9.999089e+03    9.998759e+03
   4.975000e-02    9.714709e+02    1.404743e+03    7.563894e+05    3.183086e+04    9.999566e+03    9.999447e+03
   4.987500e-02    4.863441e+02    7.058731e+02    7.563894e+05    3.183086e+04    9.999852e+03    9.999861e+03
   5.000000e-02    6.766598e-08    5.685240e-08    7.563894e+05    3.183086e+04    9.999947e+03    1.000000e+04
