# caseC -- MSG-RM vs EXACT (Pagano) benchmark 3,  S = a/h = 50
# reference surface: MID-SURFACE (fraction = 0.5) everywhere
# stations: x = 0 (s13, Q1 = q0/p), x = a/2 (s33)
# plies: face(2mm/0), core(16mm/0), face(2mm/0)
# 
# RM 8x8 ABDG (rows e11,e22,g12,k11,k22,k12,2g13,2g23):
#     5.352512e+08   9.157199e+06   0.000000e+00  -2.553392e-10   6.780693e-12   0.000000e+00   0.000000e+00   0.000000e+00
#     9.157199e+06   5.076027e+07   0.000000e+00   8.545936e-12  -2.642262e-11   0.000000e+00   0.000000e+00   0.000000e+00
#     0.000000e+00   0.000000e+00   2.654640e+07   0.000000e+00   0.000000e+00  -1.796849e-11   0.000000e+00   0.000000e+00
#    -2.553392e-10   8.599682e-12   0.000000e+00   4.297926e+04   7.433993e+02   0.000000e+00   0.000000e+00   0.000000e+00
#     1.764088e-11  -2.096565e-11   0.000000e+00   7.433993e+02   3.574003e+03   0.000000e+00   0.000000e+00   0.000000e+00
#     0.000000e+00   0.000000e+00  -1.796849e-11   0.000000e+00   0.000000e+00   2.055523e+03   0.000000e+00   0.000000e+00
#     0.000000e+00   0.000000e+00   0.000000e+00   0.000000e+00   0.000000e+00   0.000000e+00   2.197086e+06   1.446331e-07
#     0.000000e+00   0.000000e+00   0.000000e+00   0.000000e+00   0.000000e+00   0.000000e+00   1.446331e-07   2.171125e+06
# 
# INPUT FROM STATICS ONLY (statics_fsdt.py sec. 1): Q1(0) = q0/p = 3183.1
#   FF_end (x=0) = [0, 0, 0, 0, 0, 0, 3183.1, 0]
#   plate w(a/2) = 2.849751e-03 ; exact w = 2.849280e-03
# 
# transverse-shear stiffness, the two constructions:
#   G_whitney (complementary energy, Whitney JAM 40 (1973) Eq. (7)):
#     [[ 5.222456e+06,  0.000000e+00], [ 0.000000e+00,  5.148782e+06]]
#   G_msg (MSG-RM least-squares projection, Yu 2003 Eq. 61):
#     [[ 2.197086e+06,  1.446331e-07], [ 1.446331e-07,  2.171125e+06]]
#   k1^2 (statics_fsdt.whitney_k1sq, used in the FSDT curve): 0.082762
#   (uniform-k reference 5/6 = 0.8333;  A55 = 2.654640e+07)
# 
# THREE STANDALONE CHAINS, out-of-plane stresses only:
#   exact   Pagano cyl. bending (JCM 3 (1969) 398-411; Garg Eqs. 18-24)
#   MSG-RM  statics -> 8x8 inversion -> Eq.-66 recovery WITH the load
#           ladder (V1L/V2L, Yu Eqs. 29/45): s33 DIRECT from the
#           constitutive law -- Yu's route, no equilibrium integration
#   FSDT    statics Q1 -> staircase C55(z) Q1/(k1^2 A55); NO s33 in FSDT
# rel L2 errors vs exact:  s13   0.387%  (FSDT-Whitney 5468.38%)
#   s33 DIRECT   0.101%   (equilibrium-integration cross-check   0.036%)
# s33 faces (bot, top)/q0 = (+0.0000, +1.0000)   (direct recovery)
# 
# columns: z[m]  s13_msg  s13_exact  s13_fsdt  s33_msg_direct  s33_msg_equil  s33_exact  [Pa]
  -1.000000e-02    3.424015e-08    1.983973e-07    8.989895e+06    2.473826e-10    0.000000e+00    6.232835e-22
  -9.975000e-03    2.431752e+03    2.476336e+03    8.989895e+06    7.325286e-03    9.549468e-02    9.729301e-02
  -9.950000e-03    4.857417e+03    4.945412e+03    8.989895e+06    2.053992e-01    3.817397e-01    3.887919e-01
  -9.925000e-03    7.276995e+03    7.407228e+03    8.989895e+06    5.937438e-01    8.582569e-01    8.739264e-01
  -9.900000e-03    9.690485e+03    9.861784e+03    8.989895e+06    1.171881e+00    1.524568e+00    1.552126e+00
  -9.875000e-03    1.209789e+04    1.230908e+04    8.989895e+06    1.939333e+00    2.380196e+00    2.422822e+00
  -9.850000e-03    1.449920e+04    1.474912e+04    8.989895e+06    2.895621e+00    3.424661e+00    3.485442e+00
  -9.825000e-03    1.689443e+04    1.718190e+04    8.989895e+06    4.040268e+00    4.657486e+00    4.739418e+00
  -9.800000e-03    1.928357e+04    1.960742e+04    8.989895e+06    5.372795e+00    6.078193e+00    6.184178e+00
  -9.775000e-03    2.166663e+04    2.202568e+04    8.989895e+06    6.892725e+00    7.686304e+00    7.819154e+00
  -9.750000e-03    2.404360e+04    2.443668e+04    8.989895e+06    8.599580e+00    9.481341e+00    9.643774e+00
  -9.725000e-03    2.641448e+04    2.684043e+04    8.989895e+06    1.049288e+01    1.146282e+01    1.165747e+01
  -9.700000e-03    2.877927e+04    2.923692e+04    8.989895e+06    1.257215e+01    1.363028e+01    1.385967e+01
  -9.675000e-03    3.113798e+04    3.162615e+04    8.989895e+06    1.483691e+01    1.598322e+01    1.624980e+01
  -9.650000e-03    3.349059e+04    3.400813e+04    8.989895e+06    1.728668e+01    1.852118e+01    1.882730e+01
  -9.625000e-03    3.583712e+04    3.638285e+04    8.989895e+06    1.992099e+01    2.124367e+01    2.159160e+01
  -9.600000e-03    3.817757e+04    3.875031e+04    8.989895e+06    2.273935e+01    2.415022e+01    2.454212e+01
  -9.575000e-03    4.051193e+04    4.111052e+04    8.989895e+06    2.574129e+01    2.724035e+01    2.767829e+01
  -9.550000e-03    4.284020e+04    4.346347e+04    8.989895e+06    2.892633e+01    3.051358e+01    3.099955e+01
  -9.525000e-03    4.516238e+04    4.580917e+04    8.989895e+06    3.229400e+01    3.396944e+01    3.450533e+01
  -9.500000e-03    4.747847e+04    4.814761e+04    8.989895e+06    3.584380e+01    3.760743e+01    3.819505e+01
  -9.475000e-03    4.978848e+04    5.047880e+04    8.989895e+06    3.957528e+01    4.142710e+01    4.206815e+01
  -9.450000e-03    5.209240e+04    5.280274e+04    8.989895e+06    4.348794e+01    4.542795e+01    4.612405e+01
  -9.425000e-03    5.439024e+04    5.511942e+04    8.989895e+06    4.758131e+01    4.960951e+01    5.036219e+01
  -9.400000e-03    5.668198e+04    5.742884e+04    8.989895e+06    5.185492e+01    5.397131e+01    5.478200e+01
  -9.375000e-03    5.896764e+04    5.973102e+04    8.989895e+06    5.630828e+01    5.851286e+01    5.938291e+01
  -9.350000e-03    6.124721e+04    6.202594e+04    8.989895e+06    6.094091e+01    6.323369e+01    6.416434e+01
  -9.325000e-03    6.352070e+04    6.431360e+04    8.989895e+06    6.575234e+01    6.813331e+01    6.912573e+01
  -9.300000e-03    6.578810e+04    6.659402e+04    8.989895e+06    7.074210e+01    7.321126e+01    7.426651e+01
  -9.275000e-03    6.804941e+04    6.886718e+04    8.989895e+06    7.590969e+01    7.846704e+01    7.958610e+01
  -9.250000e-03    7.030463e+04    7.113309e+04    8.989895e+06    8.125465e+01    8.390019e+01    8.508395e+01
  -9.225000e-03    7.255377e+04    7.339175e+04    8.989895e+06    8.677650e+01    8.951023e+01    9.075947e+01
  -9.200000e-03    7.479682e+04    7.564316e+04    8.989895e+06    9.247475e+01    9.529667e+01    9.661211e+01
  -9.175000e-03    7.703378e+04    7.788732e+04    8.989895e+06    9.834893e+01    1.012590e+02    1.026413e+02
  -9.150000e-03    7.926465e+04    8.012423e+04    8.989895e+06    1.043986e+02    1.073969e+02    1.088464e+02
  -9.125000e-03    8.148944e+04    8.235388e+04    8.989895e+06    1.106232e+02    1.137097e+02    1.152270e+02
  -9.100000e-03    8.370814e+04    8.457629e+04    8.989895e+06    1.170223e+02    1.201970e+02    1.217824e+02
  -9.075000e-03    8.592075e+04    8.679144e+04    8.989895e+06    1.235954e+02    1.268583e+02    1.285120e+02
  -9.050000e-03    8.812728e+04    8.899935e+04    8.989895e+06    1.303421e+02    1.336931e+02    1.354153e+02
  -9.025000e-03    9.032772e+04    9.120001e+04    8.989895e+06    1.372618e+02    1.407010e+02    1.424918e+02
  -9.000000e-03    9.252207e+04    9.339342e+04    8.989895e+06    1.443541e+02    1.478815e+02    1.497408e+02
  -8.975000e-03    9.471033e+04    9.557957e+04    8.989895e+06    1.516185e+02    1.552341e+02    1.571618e+02
  -8.950000e-03    9.689251e+04    9.775849e+04    8.989895e+06    1.590546e+02    1.627584e+02    1.647542e+02
  -8.925000e-03    9.906860e+04    9.993015e+04    8.989895e+06    1.666617e+02    1.704537e+02    1.725175e+02
  -8.900000e-03    1.012386e+05    1.020946e+05    8.989895e+06    1.744396e+02    1.783198e+02    1.804510e+02
  -8.875000e-03    1.034025e+05    1.042517e+05    8.989895e+06    1.823877e+02    1.863560e+02    1.885543e+02
  -8.850000e-03    1.055603e+05    1.064017e+05    8.989895e+06    1.905054e+02    1.945620e+02    1.968267e+02
  -8.825000e-03    1.077121e+05    1.085443e+05    8.989895e+06    1.987924e+02    2.029372e+02    2.052676e+02
  -8.800000e-03    1.098577e+05    1.106797e+05    8.989895e+06    2.072482e+02    2.114811e+02    2.138766e+02
  -8.775000e-03    1.119973e+05    1.128079e+05    8.989895e+06    2.158723e+02    2.201933e+02    2.226530e+02
  -8.750000e-03    1.141308e+05    1.149289e+05    8.989895e+06    2.246641e+02    2.290734e+02    2.315962e+02
  -8.725000e-03    1.162582e+05    1.170425e+05    8.989895e+06    2.336233e+02    2.381207e+02    2.407058e+02
  -8.700000e-03    1.183795e+05    1.191490e+05    8.989895e+06    2.427493e+02    2.473349e+02    2.499810e+02
  -8.675000e-03    1.204947e+05    1.212482e+05    8.989895e+06    2.520417e+02    2.567155e+02    2.594214e+02
  -8.650000e-03    1.226038e+05    1.233401e+05    8.989895e+06    2.615000e+02    2.662619e+02    2.690265e+02
  -8.625000e-03    1.247069e+05    1.254248e+05    8.989895e+06    2.711237e+02    2.759738e+02    2.787955e+02
  -8.600000e-03    1.268038e+05    1.275023e+05    8.989895e+06    2.809124e+02    2.858506e+02    2.887279e+02
  -8.575000e-03    1.288947e+05    1.295725e+05    8.989895e+06    2.908654e+02    2.958919e+02    2.988233e+02
  -8.550000e-03    1.309795e+05    1.316355e+05    8.989895e+06    3.009825e+02    3.060971e+02    3.090810e+02
  -8.525000e-03    1.330582e+05    1.336912e+05    8.989895e+06    3.112631e+02    3.164658e+02    3.195004e+02
  -8.500000e-03    1.351308e+05    1.357397e+05    8.989895e+06    3.217067e+02    3.269976e+02    3.300809e+02
  -8.475000e-03    1.371973e+05    1.377810e+05    8.989895e+06    3.323128e+02    3.376919e+02    3.408221e+02
  -8.450000e-03    1.392577e+05    1.398149e+05    8.989895e+06    3.430811e+02    3.485482e+02    3.517233e+02
  -8.425000e-03    1.413121e+05    1.418417e+05    8.989895e+06    3.540109e+02    3.595662e+02    3.627840e+02
  -8.400000e-03    1.433603e+05    1.438612e+05    8.989895e+06    3.651018e+02    3.707453e+02    3.740036e+02
  -8.375000e-03    1.454025e+05    1.458735e+05    8.989895e+06    3.763533e+02    3.820850e+02    3.853815e+02
  -8.350000e-03    1.474386e+05    1.478785e+05    8.989895e+06    3.877650e+02    3.935848e+02    3.969172e+02
  -8.325000e-03    1.494686e+05    1.498763e+05    8.989895e+06    3.993364e+02    4.052443e+02    4.086100e+02
  -8.300000e-03    1.514925e+05    1.518669e+05    8.989895e+06    4.110670e+02    4.170630e+02    4.204595e+02
  -8.275000e-03    1.535103e+05    1.538502e+05    8.989895e+06    4.229563e+02    4.290405e+02    4.324650e+02
  -8.250000e-03    1.555221e+05    1.558262e+05    8.989895e+06    4.350038e+02    4.411761e+02    4.446260e+02
  -8.225000e-03    1.575277e+05    1.577950e+05    8.989895e+06    4.472091e+02    4.534696e+02    4.569419e+02
  -8.200000e-03    1.595273e+05    1.597566e+05    8.989895e+06    4.595717e+02    4.659203e+02    4.694122e+02
  -8.175000e-03    1.615207e+05    1.617110e+05    8.989895e+06    4.720911e+02    4.785278e+02    4.820363e+02
  -8.150000e-03    1.635081e+05    1.636581e+05    8.989895e+06    4.847668e+02    4.912917e+02    4.948135e+02
  -8.125000e-03    1.654894e+05    1.655979e+05    8.989895e+06    4.975984e+02    5.042114e+02    5.077434e+02
  -8.100000e-03    1.674646e+05    1.675306e+05    8.989895e+06    5.105854e+02    5.172864e+02    5.208254e+02
  -8.075000e-03    1.694338e+05    1.694559e+05    8.989895e+06    5.237272e+02    5.305164e+02    5.340589e+02
  -8.050000e-03    1.713968e+05    1.713741e+05    8.989895e+06    5.370235e+02    5.439008e+02    5.474433e+02
  -8.025000e-03    1.733538e+05    1.732850e+05    8.989895e+06    5.504737e+02    5.574391e+02    5.609781e+02
  -8.000000e-03    1.753046e+05    1.751887e+05    8.989895e+06    5.640774e+02    5.711309e+02    5.746626e+02
  -8.000000e-03    1.753046e+05    1.751887e+05    1.563271e+05    5.640774e+02    5.711309e+02    5.746626e+02
  -7.800000e-03    1.753726e+05    1.752546e+05    1.563271e+05    6.741975e+02    6.812994e+02    6.847577e+02
  -7.600000e-03    1.754388e+05    1.753188e+05    1.563271e+05    7.843597e+02    7.915101e+02    7.948937e+02
  -7.400000e-03    1.755034e+05    1.753814e+05    1.563271e+05    8.945629e+02    9.017618e+02    9.050695e+02
  -7.200000e-03    1.755662e+05    1.754423e+05    1.563271e+05    1.004806e+03    1.012054e+03    1.015284e+03
  -7.000000e-03    1.756273e+05    1.755016e+05    1.563271e+05    1.115088e+03    1.122384e+03    1.125537e+03
  -6.800000e-03    1.756867e+05    1.755592e+05    1.563271e+05    1.225408e+03    1.232753e+03    1.235826e+03
  -6.600000e-03    1.757444e+05    1.756151e+05    1.563271e+05    1.335765e+03    1.343158e+03    1.346150e+03
  -6.400000e-03    1.758003e+05    1.756693e+05    1.563271e+05    1.446158e+03    1.453599e+03    1.456510e+03
  -6.200000e-03    1.758546e+05    1.757219e+05    1.563271e+05    1.556585e+03    1.564075e+03    1.566903e+03
  -6.000000e-03    1.759071e+05    1.757728e+05    1.563271e+05    1.667046e+03    1.674584e+03    1.677328e+03
  -5.800000e-03    1.759579e+05    1.758220e+05    1.563271e+05    1.777539e+03    1.785126e+03    1.787785e+03
  -5.600000e-03    1.760070e+05    1.758696e+05    1.563271e+05    1.888064e+03    1.895699e+03    1.898272e+03
  -5.400000e-03    1.760544e+05    1.759154e+05    1.563271e+05    1.998619e+03    2.006302e+03    2.008789e+03
  -5.200000e-03    1.761000e+05    1.759597e+05    1.563271e+05    2.109203e+03    2.116935e+03    2.119334e+03
  -5.000000e-03    1.761440e+05    1.760022e+05    1.563271e+05    2.219816e+03    2.227595e+03    2.229906e+03
  -4.800000e-03    1.761862e+05    1.760431e+05    1.563271e+05    2.330455e+03    2.338283e+03    2.340504e+03
  -4.600000e-03    1.762267e+05    1.760823e+05    1.563271e+05    2.441121e+03    2.448997e+03    2.451128e+03
  -4.400000e-03    1.762655e+05    1.761198e+05    1.563271e+05    2.551812e+03    2.559736e+03    2.561775e+03
  -4.200000e-03    1.763026e+05    1.761557e+05    1.563271e+05    2.662527e+03    2.670498e+03    2.672446e+03
  -4.000000e-03    1.763379e+05    1.761899e+05    1.563271e+05    2.773264e+03    2.781283e+03    2.783139e+03
  -3.800000e-03    1.763716e+05    1.762224e+05    1.563271e+05    2.884024e+03    2.892090e+03    2.893852e+03
  -3.600000e-03    1.764035e+05    1.762533e+05    1.563271e+05    2.994804e+03    3.002918e+03    3.004586e+03
  -3.400000e-03    1.764337e+05    1.762825e+05    1.563271e+05    3.105603e+03    3.113765e+03    3.115338e+03
  -3.200000e-03    1.764622e+05    1.763100e+05    1.563271e+05    3.216422e+03    3.224630e+03    3.226109e+03
  -3.000000e-03    1.764889e+05    1.763359e+05    1.563271e+05    3.327257e+03    3.335513e+03    3.336896e+03
  -2.800000e-03    1.765140e+05    1.763601e+05    1.563271e+05    3.438110e+03    3.446412e+03    3.447699e+03
  -2.600000e-03    1.765373e+05    1.763826e+05    1.563271e+05    3.548977e+03    3.557327e+03    3.558516e+03
  -2.400000e-03    1.765590e+05    1.764034e+05    1.563271e+05    3.659859e+03    3.668255e+03    3.669347e+03
  -2.200000e-03    1.765789e+05    1.764226e+05    1.563271e+05    3.770754e+03    3.779197e+03    3.780191e+03
  -2.000000e-03    1.765971e+05    1.764401e+05    1.563271e+05    3.881662e+03    3.890150e+03    3.891046e+03
  -1.800000e-03    1.766135e+05    1.764560e+05    1.563271e+05    3.992580e+03    4.001115e+03    4.001912e+03
  -1.600000e-03    1.766283e+05    1.764702e+05    1.563271e+05    4.103508e+03    4.112089e+03    4.112787e+03
  -1.400000e-03    1.766413e+05    1.764827e+05    1.563271e+05    4.214446e+03    4.223072e+03    4.223670e+03
  -1.200000e-03    1.766527e+05    1.764935e+05    1.563271e+05    4.325391e+03    4.334062e+03    4.334561e+03
  -1.000000e-03    1.766623e+05    1.765027e+05    1.563271e+05    4.436343e+03    4.445059e+03    4.445458e+03
  -8.000000e-04    1.766702e+05    1.765102e+05    1.563271e+05    4.547300e+03    4.556062e+03    4.556360e+03
  -6.000000e-04    1.766763e+05    1.765160e+05    1.563271e+05    4.658263e+03    4.667069e+03    4.667267e+03
  -4.000000e-04    1.766808e+05    1.765202e+05    1.563271e+05    4.769229e+03    4.778080e+03    4.778177e+03
  -2.000000e-04    1.766836e+05    1.765227e+05    1.563271e+05    4.880197e+03    4.889092e+03    4.889088e+03
  -1.734723e-18    1.766846e+05    1.765235e+05    1.563271e+05    4.991167e+03    5.000106e+03    5.000001e+03
   2.000000e-04    1.766839e+05    1.765227e+05    1.563271e+05    5.102137e+03    5.111120e+03    5.110914e+03
   4.000000e-04    1.766815e+05    1.765202e+05    1.563271e+05    5.213107e+03    5.222133e+03    5.221826e+03
   6.000000e-04    1.766774e+05    1.765160e+05    1.563271e+05    5.324075e+03    5.333144e+03    5.332736e+03
   8.000000e-04    1.766715e+05    1.765102e+05    1.563271e+05    5.435039e+03    5.444152e+03    5.443642e+03
   1.000000e-03    1.766640e+05    1.765027e+05    1.563271e+05    5.546000e+03    5.555156e+03    5.554544e+03
   1.200000e-03    1.766547e+05    1.764935e+05    1.563271e+05    5.656956e+03    5.666154e+03    5.665442e+03
   1.400000e-03    1.766437e+05    1.764826e+05    1.563271e+05    5.767906e+03    5.777146e+03    5.776332e+03
   1.600000e-03    1.766310e+05    1.764701e+05    1.563271e+05    5.878849e+03    5.888130e+03    5.887216e+03
   1.800000e-03    1.766166e+05    1.764559e+05    1.563271e+05    5.989784e+03    5.999106e+03    5.998091e+03
   2.000000e-03    1.766004e+05    1.764401e+05    1.563271e+05    6.100709e+03    6.110073e+03    6.108957e+03
   2.200000e-03    1.765826e+05    1.764226e+05    1.563271e+05    6.211624e+03    6.221028e+03    6.219812e+03
   2.400000e-03    1.765630e+05    1.764034e+05    1.563271e+05    6.322528e+03    6.331972e+03    6.330655e+03
   2.600000e-03    1.765417e+05    1.763825e+05    1.563271e+05    6.433419e+03    6.442904e+03    6.441486e+03
   2.800000e-03    1.765187e+05    1.763600e+05    1.563271e+05    6.544297e+03    6.553821e+03    6.552304e+03
   3.000000e-03    1.764940e+05    1.763358e+05    1.563271e+05    6.655159e+03    6.664723e+03    6.663106e+03
   3.200000e-03    1.764675e+05    1.763099e+05    1.563271e+05    6.766007e+03    6.775609e+03    6.773893e+03
   3.400000e-03    1.764394e+05    1.762824e+05    1.563271e+05    6.876837e+03    6.886478e+03    6.884664e+03
   3.600000e-03    1.764095e+05    1.762532e+05    1.563271e+05    6.987650e+03    6.997329e+03    6.995416e+03
   3.800000e-03    1.763779e+05    1.762223e+05    1.563271e+05    7.098444e+03    7.108160e+03    7.106150e+03
   4.000000e-03    1.763446e+05    1.761898e+05    1.563271e+05    7.209217e+03    7.218971e+03    7.216863e+03
   4.200000e-03    1.763096e+05    1.761556e+05    1.563271e+05    7.319970e+03    7.329761e+03    7.327556e+03
   4.400000e-03    1.762729e+05    1.761197e+05    1.563271e+05    7.430701e+03    7.440528e+03    7.438227e+03
   4.600000e-03    1.762344e+05    1.760822e+05    1.563271e+05    7.541408e+03    7.551271e+03    7.548874e+03
   4.800000e-03    1.761942e+05    1.760429e+05    1.563271e+05    7.652091e+03    7.661990e+03    7.659498e+03
   5.000000e-03    1.761523e+05    1.760021e+05    1.563271e+05    7.762749e+03    7.772683e+03    7.770096e+03
   5.200000e-03    1.761087e+05    1.759595e+05    1.563271e+05    7.873380e+03    7.883349e+03    7.880668e+03
   5.400000e-03    1.760634e+05    1.759153e+05    1.563271e+05    7.983984e+03    7.993987e+03    7.991213e+03
   5.600000e-03    1.760164e+05    1.758694e+05    1.563271e+05    8.094559e+03    8.104596e+03    8.101729e+03
   5.800000e-03    1.759676e+05    1.758218e+05    1.563271e+05    8.205105e+03    8.215175e+03    8.212216e+03
   6.000000e-03    1.759172e+05    1.757726e+05    1.563271e+05    8.315620e+03    8.325723e+03    8.322673e+03
   6.200000e-03    1.758650e+05    1.757217e+05    1.563271e+05    8.426103e+03    8.436239e+03    8.433098e+03
   6.400000e-03    1.758111e+05    1.756691e+05    1.563271e+05    8.536554e+03    8.546721e+03    8.543491e+03
   6.600000e-03    1.757554e+05    1.756149e+05    1.563271e+05    8.646970e+03    8.657169e+03    8.653850e+03
   6.800000e-03    1.756981e+05    1.755590e+05    1.563271e+05    8.757352e+03    8.767581e+03    8.764175e+03
   7.000000e-03    1.756391e+05    1.755014e+05    1.563271e+05    8.867697e+03    8.877957e+03    8.874464e+03
   7.200000e-03    1.755783e+05    1.754421e+05    1.563271e+05    8.978006e+03    8.988295e+03    8.984716e+03
   7.400000e-03    1.755158e+05    1.753812e+05    1.563271e+05    9.088276e+03    9.098595e+03    9.094931e+03
   7.600000e-03    1.754516e+05    1.753186e+05    1.563271e+05    9.198507e+03    9.208855e+03    9.205106e+03
   7.800000e-03    1.753857e+05    1.752543e+05    1.563271e+05    9.308697e+03    9.319073e+03    9.315242e+03
   8.000000e-03    1.753180e+05    1.751884e+05    1.563271e+05    9.418847e+03    9.429250e+03    9.425337e+03
   8.000000e-03    1.753180e+05    1.751884e+05    8.989895e+06    9.418847e+03    9.429250e+03    9.425337e+03
   8.025000e-03    1.733670e+05    1.732847e+05    8.989895e+06    9.432662e+03    9.442943e+03    9.439022e+03
   8.050000e-03    1.714099e+05    1.713739e+05    8.989895e+06    9.446325e+03    9.456482e+03    9.452556e+03
   8.075000e-03    1.694467e+05    1.694557e+05    8.989895e+06    9.459833e+03    9.469868e+03    9.465941e+03
   8.100000e-03    1.674774e+05    1.675304e+05    8.989895e+06    9.473187e+03    9.483099e+03    9.479174e+03
   8.125000e-03    1.655020e+05    1.655978e+05    8.989895e+06    9.486386e+03    9.496175e+03    9.492256e+03
   8.150000e-03    1.635205e+05    1.636579e+05    8.989895e+06    9.499430e+03    9.509095e+03    9.505186e+03
   8.175000e-03    1.615330e+05    1.617108e+05    8.989895e+06    9.512318e+03    9.521860e+03    9.517963e+03
   8.200000e-03    1.595393e+05    1.597565e+05    8.989895e+06    9.525050e+03    9.534469e+03    9.530587e+03
   8.225000e-03    1.575396e+05    1.577949e+05    8.989895e+06    9.537625e+03    9.546920e+03    9.543058e+03
   8.250000e-03    1.555338e+05    1.558261e+05    8.989895e+06    9.550042e+03    9.559215e+03    9.555373e+03
   8.275000e-03    1.535219e+05    1.538501e+05    8.989895e+06    9.562302e+03    9.571351e+03    9.567534e+03
   8.300000e-03    1.515039e+05    1.518668e+05    8.989895e+06    9.574404e+03    9.583330e+03    9.579540e+03
   8.325000e-03    1.494798e+05    1.498762e+05    8.989895e+06    9.586347e+03    9.595149e+03    9.591389e+03
   8.350000e-03    1.474497e+05    1.478785e+05    8.989895e+06    9.598131e+03    9.606810e+03    9.603082e+03
   8.375000e-03    1.454134e+05    1.458735e+05    8.989895e+06    9.609755e+03    9.618310e+03    9.614618e+03
   8.400000e-03    1.433711e+05    1.438612e+05    8.989895e+06    9.621219e+03    9.629651e+03    9.625996e+03
   8.425000e-03    1.413226e+05    1.418417e+05    8.989895e+06    9.632523e+03    9.640831e+03    9.637215e+03
   8.450000e-03    1.392681e+05    1.398149e+05    8.989895e+06    9.643665e+03    9.651850e+03    9.648276e+03
   8.475000e-03    1.372075e+05    1.377810e+05    8.989895e+06    9.654646e+03    9.662707e+03    9.659177e+03
   8.500000e-03    1.351408e+05    1.357397e+05    8.989895e+06    9.665465e+03    9.673402e+03    9.669919e+03
   8.525000e-03    1.330681e+05    1.336913e+05    8.989895e+06    9.676122e+03    9.683934e+03    9.680499e+03
   8.550000e-03    1.309892e+05    1.316355e+05    8.989895e+06    9.686615e+03    9.694304e+03    9.690918e+03
   8.575000e-03    1.289043e+05    1.295726e+05    8.989895e+06    9.696945e+03    9.704510e+03    9.701176e+03
   8.600000e-03    1.268132e+05    1.275024e+05    8.989895e+06    9.707111e+03    9.714552e+03    9.711272e+03
   8.625000e-03    1.247161e+05    1.254249e+05    8.989895e+06    9.717112e+03    9.724429e+03    9.721204e+03
   8.650000e-03    1.226129e+05    1.233402e+05    8.989895e+06    9.726949e+03    9.734142e+03    9.730973e+03
   8.675000e-03    1.205036e+05    1.212483e+05    8.989895e+06    9.736620e+03    9.743689e+03    9.740578e+03
   8.700000e-03    1.183882e+05    1.191491e+05    8.989895e+06    9.746126e+03    9.753070e+03    9.750018e+03
   8.725000e-03    1.162667e+05    1.170426e+05    8.989895e+06    9.755465e+03    9.762285e+03    9.759294e+03
   8.750000e-03    1.141392e+05    1.149290e+05    8.989895e+06    9.764637e+03    9.771333e+03    9.768403e+03
   8.775000e-03    1.120055e+05    1.128080e+05    8.989895e+06    9.773642e+03    9.780214e+03    9.777347e+03
   8.800000e-03    1.098658e+05    1.106799e+05    8.989895e+06    9.782479e+03    9.788927e+03    9.786123e+03
   8.825000e-03    1.077200e+05    1.085444e+05    8.989895e+06    9.791148e+03    9.797472e+03    9.794732e+03
   8.850000e-03    1.055681e+05    1.064018e+05    8.989895e+06    9.799648e+03    9.805847e+03    9.803173e+03
   8.875000e-03    1.034101e+05    1.042519e+05    8.989895e+06    9.807979e+03    9.814054e+03    9.811445e+03
   8.900000e-03    1.012460e+05    1.020947e+05    8.989895e+06    9.816141e+03    9.822091e+03    9.819549e+03
   8.925000e-03    9.907581e+04    9.993029e+04    8.989895e+06    9.824132e+03    9.829957e+03    9.827482e+03
   8.950000e-03    9.689955e+04    9.775864e+04    8.989895e+06    9.831953e+03    9.837653e+03    9.835245e+03
   8.975000e-03    9.471721e+04    9.557973e+04    8.989895e+06    9.839602e+03    9.845178e+03    9.842838e+03
   9.000000e-03    9.252878e+04    9.339357e+04    8.989895e+06    9.847080e+03    9.852531e+03    9.850259e+03
   9.025000e-03    9.033426e+04    9.120017e+04    8.989895e+06    9.854386e+03    9.859712e+03    9.857508e+03
   9.050000e-03    8.813365e+04    8.899951e+04    8.989895e+06    9.861519e+03    9.866721e+03    9.864584e+03
   9.075000e-03    8.592696e+04    8.679161e+04    8.989895e+06    9.868479e+03    9.873556e+03    9.871488e+03
   9.100000e-03    8.371418e+04    8.457645e+04    8.989895e+06    9.875266e+03    9.880218e+03    9.878217e+03
   9.125000e-03    8.149531e+04    8.235405e+04    8.989895e+06    9.881878e+03    9.886705e+03    9.884773e+03
   9.150000e-03    7.927035e+04    8.012439e+04    8.989895e+06    9.888317e+03    9.893019e+03    9.891153e+03
   9.175000e-03    7.703931e+04    7.788749e+04    8.989895e+06    9.894580e+03    9.899157e+03    9.897358e+03
   9.200000e-03    7.480218e+04    7.564333e+04    8.989895e+06    9.900668e+03    9.905120e+03    9.903388e+03
   9.225000e-03    7.255897e+04    7.339192e+04    8.989895e+06    9.906580e+03    9.910907e+03    9.909240e+03
   9.250000e-03    7.030966e+04    7.113326e+04    8.989895e+06    9.912316e+03    9.916517e+03    9.914916e+03
   9.275000e-03    6.805427e+04    6.886735e+04    8.989895e+06    9.917874e+03    9.921951e+03    9.920414e+03
   9.300000e-03    6.579279e+04    6.659419e+04    8.989895e+06    9.923256e+03    9.927207e+03    9.925733e+03
   9.325000e-03    6.352523e+04    6.431377e+04    8.989895e+06    9.928459e+03    9.932285e+03    9.930874e+03
   9.350000e-03    6.125157e+04    6.202610e+04    8.989895e+06    9.933485e+03    9.937185e+03    9.935835e+03
   9.375000e-03    5.897183e+04    5.973118e+04    8.989895e+06    9.938331e+03    9.941906e+03    9.940617e+03
   9.400000e-03    5.668601e+04    5.742901e+04    8.989895e+06    9.942999e+03    9.946448e+03    9.945218e+03
   9.425000e-03    5.439409e+04    5.511958e+04    8.989895e+06    9.947486e+03    9.950810e+03    9.949638e+03
   9.450000e-03    5.209609e+04    5.280289e+04    8.989895e+06    9.951794e+03    9.954992e+03    9.953876e+03
   9.475000e-03    4.979200e+04    5.047896e+04    8.989895e+06    9.955921e+03    9.958993e+03    9.957932e+03
   9.500000e-03    4.748183e+04    4.814776e+04    8.989895e+06    9.959866e+03    9.962813e+03    9.961805e+03
   9.525000e-03    4.516556e+04    4.580932e+04    8.989895e+06    9.963630e+03    9.966451e+03    9.965495e+03
   9.550000e-03    4.284321e+04    4.346361e+04    8.989895e+06    9.967212e+03    9.969907e+03    9.969000e+03
   9.575000e-03    4.051478e+04    4.111066e+04    8.989895e+06    9.970611e+03    9.973181e+03    9.972322e+03
   9.600000e-03    3.818025e+04    3.875044e+04    8.989895e+06    9.973828e+03    9.976271e+03    9.975458e+03
   9.625000e-03    3.583964e+04    3.638297e+04    8.989895e+06    9.976860e+03    9.979178e+03    9.978408e+03
   9.650000e-03    3.349294e+04    3.400825e+04    8.989895e+06    9.979709e+03    9.981901e+03    9.981173e+03
   9.675000e-03    3.114016e+04    3.162627e+04    8.989895e+06    9.982373e+03    9.984439e+03    9.983750e+03
   9.700000e-03    2.878128e+04    2.923703e+04    8.989895e+06    9.984852e+03    9.986792e+03    9.986140e+03
   9.725000e-03    2.641632e+04    2.684053e+04    8.989895e+06    9.987146e+03    9.988960e+03    9.988342e+03
   9.750000e-03    2.404527e+04    2.443678e+04    8.989895e+06    9.989254e+03    9.990941e+03    9.990356e+03
   9.775000e-03    2.166814e+04    2.202576e+04    8.989895e+06    9.991175e+03    9.992736e+03    9.992181e+03
   9.800000e-03    1.928492e+04    1.960749e+04    8.989895e+06    9.992910e+03    9.994345e+03    9.993816e+03
   9.825000e-03    1.689561e+04    1.718197e+04    8.989895e+06    9.994457e+03    9.995765e+03    9.995261e+03
   9.850000e-03    1.450021e+04    1.474918e+04    8.989895e+06    9.995816e+03    9.996998e+03    9.996515e+03
   9.875000e-03    1.209873e+04    1.230913e+04    8.989895e+06    9.996987e+03    9.998043e+03    9.997577e+03
   9.900000e-03    9.691156e+03    9.861825e+03    8.989895e+06    9.997969e+03    9.998899e+03    9.998448e+03
   9.925000e-03    7.277498e+03    7.407259e+03    8.989895e+06    9.998762e+03    9.999565e+03    9.999126e+03
   9.950000e-03    4.857752e+03    4.945433e+03    8.989895e+06    9.999365e+03    1.000004e+04    9.999611e+03
   9.975000e-03    2.431920e+03    2.476347e+03    8.989895e+06    9.999778e+03    1.000033e+04    9.999903e+03
   1.000000e-02    1.602185e-07    1.980674e-07    8.989895e+06    1.000000e+04    1.000042e+04    1.000000e+04
