nodes:
- [7.17812485 0.32019571 0.00000000]
- [7.11860425 0.34067647 0.00000000]
- [7.05106609 0.36678463 0.00000000]
- [6.98315604 0.39182523 0.00000000]
- [6.91484634 0.41601587 0.00000000]
- [6.84631982 0.43985093 0.00000000]
- [6.77772092 0.46348222 0.00000000]
- [6.70899871 0.48674290 0.00000000]
- [6.64013389 0.50979464 0.00000000]
- [6.57134926 0.53301546 0.00000000]
- [6.50243051 0.55582732 0.00000000]
- [6.43355256 0.57879943 0.00000000]
- [6.36459336 0.60145019 0.00000000]
- [6.29558655 0.62408073 0.00000000]
- [6.22660257 0.64669961 0.00000000]
- [6.15392866 0.65786121 0.00000000]
- [6.08048788 0.66914758 0.00000000]
- [6.01079608 0.69171813 0.00000000]
- [5.94106677 0.71381297 0.00000000]
- [5.87109770 0.73567685 0.00000000]
- [5.80111259 0.75765871 0.00000000]
- [5.73120864 0.77949900 0.00000000]
- [5.66121136 0.80103062 0.00000000]
- [5.59110345 0.82247224 0.00000000]
- [5.52107194 0.84385124 0.00000000]
- [5.45087397 0.86481437 0.00000000]
- [5.38066987 0.88588624 0.00000000]
- [5.31047017 0.90663028 0.00000000]
- [5.24016290 0.92714668 0.00000000]
- [5.16979424 0.94750108 0.00000000]
- [5.09935175 0.96766906 0.00000000]
- [5.02886081 0.98774369 0.00000000]
- [4.95839456 1.00768206 0.00000000]
- [4.88791074 1.02729147 0.00000000]
- [4.81720770 1.04656445 0.00000000]
- [4.74657231 1.06593961 0.00000000]
- [4.67587082 1.08479382 0.00000000]
- [4.60701780 1.10301178 0.00000000]
- [4.53817561 1.12108920 0.00000000]
- [4.46932086 1.13885994 0.00000000]
- [4.40037006 1.15628449 0.00000000]
- [4.33129435 1.17345732 0.00000000]
- [4.26222201 1.19047422 0.00000000]
- [4.19301841 1.20709399 0.00000000]
- [4.12384277 1.22367316 0.00000000]
- [4.05462462 1.23970296 0.00000000]
- [3.98523134 1.25543863 0.00000000]
- [3.91581933 1.27099375 0.00000000]
- [3.84645117 1.28612935 0.00000000]
- [3.77681711 1.30066449 0.00000000]
- [3.70720685 1.31526290 0.00000000]
- [3.63762777 1.32916257 0.00000000]
- [3.56784895 1.34256299 0.00000000]
- [3.49802701 1.35563718 0.00000000]
- [3.42822450 1.36810542 0.00000000]
- [3.35820326 1.37982825 0.00000000]
- [3.28807388 1.39127735 0.00000000]
- [3.21792912 1.40216661 0.00000000]
- [3.14764731 1.41252847 0.00000000]
- [3.07743002 1.42251993 0.00000000]
- [3.00718825 1.43155738 0.00000000]
- [2.93669357 1.43990727 0.00000000]
- [2.86617252 1.44698907 0.00000000]
- [2.77354881 1.45512296 0.00000000]
- [2.70332790 1.46112492 0.00000000]
- [2.63325064 1.46690661 0.00000000]
- [2.56326250 1.47130792 0.00000000]
- [2.49296279 1.47489529 0.00000000]
- [2.42263177 1.47798856 0.00000000]
- [2.35244761 1.48026827 0.00000000]
- [2.28229990 1.48146987 0.00000000]
- [2.21201706 1.48165948 0.00000000]
- [2.14195374 1.48118321 0.00000000]
- [2.07190637 1.47897144 0.00000000]
- [2.00171718 1.47614550 0.00000000]
- [1.91296898 1.47195312 0.00000000]
- [1.84111746 1.46726029 0.00000000]
- [1.76941487 1.46020163 0.00000000]
- [1.69778490 1.45183063 0.00000000]
- [1.62632826 1.44222668 0.00000000]
- [1.55516262 1.43127523 0.00000000]
- [1.48437686 1.41878720 0.00000000]
- [1.41401261 1.40453794 0.00000000]
- [1.34406373 1.38845006 0.00000000]
- [1.27455915 1.37053881 0.00000000]
- [1.20557516 1.35081878 0.00000000]
- [1.13723429 1.32924192 0.00000000]
- [1.06965996 1.30564636 0.00000000]
- [1.00289835 1.27992976 0.00000000]
- [0.93701008 1.25211609 0.00000000]
- [0.87212318 1.22217065 0.00000000]
- [0.80832068 1.19001711 0.00000000]
- [0.74575703 1.15578918 0.00000000]
- [0.68472020 1.11906511 0.00000000]
- [0.62520267 1.08011950 0.00000000]
- [0.56768128 1.03856956 0.00000000]
- [0.51207137 0.99439973 0.00000000]
- [0.45858055 0.94798623 0.00000000]
- [0.40782038 0.89875640 0.00000000]
- [0.35947878 0.84705199 0.00000000]
- [0.31392900 0.79299807 0.00000000]
- [0.27136274 0.73661848 0.00000000]
- [0.23193212 0.67812017 0.00000000]
- [0.19602460 0.61748550 0.00000000]
- [0.16361903 0.55485122 0.00000000]
- [0.13471350 0.49041481 0.00000000]
- [0.10922037 0.42455820 0.00000000]
- [0.08769593 0.35811556 0.00000000]
- [0.05962866 0.29272574 0.00000000]
- [0.03636317 0.22536469 0.00000000]
- [0.02727261 0.15494847 0.00000000]
- [0.01924912 0.08467830 0.00000000]
- [0.01535099 0.01453010 0.00000000]
- [0.01653651 -0.05579362 0.00000000]
- [0.02129714 -0.12629219 0.00000000]
- [0.02823871 -0.19647737 0.00000000]
- [0.05259893 -0.26299048 0.00000000]
- [0.08192139 -0.32614077 0.00000000]
- [0.10312593 -0.39090661 0.00000000]
- [0.12868328 -0.45418504 0.00000000]
- [0.15829922 -0.51579914 0.00000000]
- [0.19166881 -0.57545009 0.00000000]
- [0.22881259 -0.63278512 0.00000000]
- [0.26961828 -0.68765004 0.00000000]
- [0.31394307 -0.74006919 0.00000000]
- [0.36097966 -0.79028360 0.00000000]
- [0.41069871 -0.83789092 0.00000000]
- [0.46287322 -0.88317392 0.00000000]
- [0.51703343 -0.92628689 0.00000000]
- [0.57293200 -0.96705081 0.00000000]
- [0.63066924 -1.00533396 0.00000000]
- [0.68993951 -1.04145447 0.00000000]
- [0.75064680 -1.07534704 0.00000000]
- [0.81257542 -1.10735135 0.00000000]
- [0.87548181 -1.13757730 0.00000000]
- [0.93923782 -1.16602334 0.00000000]
- [1.00377415 -1.19267658 0.00000000]
- [1.06907479 -1.21754559 0.00000000]
- [1.13506846 -1.24076731 0.00000000]
- [1.20167372 -1.26243853 0.00000000]
- [1.26869330 -1.28266208 0.00000000]
- [1.33630735 -1.30119216 0.00000000]
- [1.40420932 -1.31898761 0.00000000]
- [1.45859017 -1.33206615 0.00000000]
- [1.52673178 -1.34656574 0.00000000]
- [1.59510711 -1.35975362 0.00000000]
- [1.66382200 -1.37148592 0.00000000]
- [1.73274532 -1.38216310 0.00000000]
- [1.80182455 -1.39148188 0.00000000]
- [1.87100426 -1.39958743 0.00000000]
- [1.94038698 -1.40615543 0.00000000]
- [2.01002883 -1.41167090 0.00000000]
- [2.07958448 -1.41620150 0.00000000]
- [2.14920391 -1.41912188 0.00000000]
- [2.21909348 -1.42099141 0.00000000]
- [2.28355223 -1.42198109 0.00000000]
- [2.34801353 -1.42127991 0.00000000]
- [2.41885385 -1.41973850 0.00000000]
- [2.48950424 -1.41738381 0.00000000]
- [2.56017900 -1.41365616 0.00000000]
- [2.63099997 -1.40902000 0.00000000]
- [2.70159115 -1.40371624 0.00000000]
- [2.77200250 -1.39689878 0.00000000]
- [2.84239733 -1.38921587 0.00000000]
- [2.91259674 -1.38027421 0.00000000]
- [2.98273454 -1.37030911 0.00000000]
- [3.05277510 -1.35933901 0.00000000]
- [3.12266399 -1.34754287 0.00000000]
- [3.19232369 -1.33469940 0.00000000]
- [3.26197926 -1.32085497 0.00000000]
- [3.33132762 -1.30662354 0.00000000]
- [3.40039513 -1.29065178 0.00000000]
- [3.46973381 -1.27450176 0.00000000]
- [3.53864538 -1.25773527 0.00000000]
- [3.60722994 -1.23995603 0.00000000]
- [3.67579555 -1.22120917 0.00000000]
- [3.74430561 -1.20220630 0.00000000]
- [3.81237844 -1.18239935 0.00000000]
- [3.88043439 -1.16160573 0.00000000]
- [3.94835403 -1.14087892 0.00000000]
- [4.01585582 -1.11874039 0.00000000]
- [4.08359596 -1.09664703 0.00000000]
- [4.15083205 -1.07395261 0.00000000]
- [4.21791470 -1.05036760 0.00000000]
- [4.28504891 -1.02652702 0.00000000]
- [4.35224815 -1.00220787 0.00000000]
- [4.41919977 -0.97734554 0.00000000]
- [4.48599491 -0.95191270 0.00000000]
- [4.55280460 -0.92604032 0.00000000]
- [4.61954841 -0.90020425 0.00000000]
- [4.68608130 -0.87373561 0.00000000]
- [4.75265181 -0.84739276 0.00000000]
- [4.81893712 -0.82040321 0.00000000]
- [4.88546485 -0.79336610 0.00000000]
- [4.95198974 -0.76648719 0.00000000]
- [5.01839659 -0.73947111 0.00000000]
- [5.08490043 -0.71235382 0.00000000]
- [5.15153243 -0.68548560 0.00000000]
- [5.21814129 -0.65865964 0.00000000]
- [5.28490259 -0.63193216 0.00000000]
- [5.35195765 -0.60551904 0.00000000]
- [5.41924958 -0.57976717 0.00000000]
- [5.48659116 -0.55435628 0.00000000]
- [5.55412654 -0.52934052 0.00000000]
- [5.62186541 -0.50477173 0.00000000]
- [5.68986027 -0.48071687 0.00000000]
- [5.75816031 -0.45733049 0.00000000]
- [5.82678229 -0.43469443 0.00000000]
- [5.89572547 -0.41296993 0.00000000]
- [5.96491531 -0.39211465 0.00000000]
- [6.03443630 -0.37209569 0.00000000]
- [6.10735988 -0.36460633 0.00000000]
- [6.18107267 -0.35826603 0.00000000]
- [6.25213408 -0.34178414 0.00000000]
- [6.32354733 -0.32669442 0.00000000]
- [6.39531221 -0.31325315 0.00000000]
- [6.46737409 -0.30139761 0.00000000]
- [6.53975885 -0.29134091 0.00000000]
- [6.61242078 -0.28327899 0.00000000]
- [6.68524724 -0.27727991 0.00000000]
- [6.75821215 -0.27302973 0.00000000]
- [6.83137065 -0.27097688 0.00000000]
- [6.90465967 -0.27158261 0.00000000]
- [6.97793781 -0.27532948 0.00000000]
- [7.05095813 -0.28249895 0.00000000]
- [7.12352132 -0.29267167 0.00000000]
- [7.18129963 -0.30903509 0.00000000]
- [4.29807631 -0.95614965 0.00000000]
- [4.31110370 -0.88577229 0.00000000]
- [4.32413110 -0.81539493 0.00000000]
- [4.33715850 -0.74501757 0.00000000]
- [4.35018590 -0.67464021 0.00000000]
- [4.36321329 -0.60426285 0.00000000]
- [4.37624069 -0.53388549 0.00000000]
- [4.38926809 -0.46350813 0.00000000]
- [4.40229548 -0.39313077 0.00000000]
- [4.41532288 -0.32275340 0.00000000]
- [4.42835028 -0.25237604 0.00000000]
- [4.44137767 -0.18199868 0.00000000]
- [4.45440507 -0.11162132 0.00000000]
- [4.46743247 -0.04124396 0.00000000]
- [4.48045987 0.02913340 0.00000000]
- [4.49348726 0.09951076 0.00000000]
- [4.50651466 0.16988812 0.00000000]
- [4.51954206 0.24026548 0.00000000]
- [4.53256945 0.31064285 0.00000000]
- [4.54559685 0.38102021 0.00000000]
- [4.55862425 0.45139757 0.00000000]
- [4.57165165 0.52177493 0.00000000]
- [4.58467904 0.59215229 0.00000000]
- [4.59770644 0.66252965 0.00000000]
- [4.61073384 0.73290701 0.00000000]
- [4.62376123 0.80328437 0.00000000]
- [4.63678863 0.87366173 0.00000000]
- [4.64981603 0.94403910 0.00000000]
- [4.66284343 1.01441646 0.00000000]
- [1.47216834 -1.26186085 0.00000000]
- [1.48574652 -1.19165556 0.00000000]
- [1.49932469 -1.12145027 0.00000000]
- [1.51290287 -1.05124498 0.00000000]
- [1.52648104 -0.98103969 0.00000000]
- [1.54005922 -0.91083440 0.00000000]
- [1.55363739 -0.84062911 0.00000000]
- [1.56721557 -0.77042382 0.00000000]
- [1.58079375 -0.70021852 0.00000000]
- [1.59437192 -0.63001323 0.00000000]
- [1.60795010 -0.55980794 0.00000000]
- [1.62152827 -0.48960265 0.00000000]
- [1.63510645 -0.41939736 0.00000000]
- [1.64868462 -0.34919207 0.00000000]
- [1.66226280 -0.27898678 0.00000000]
- [1.67584097 -0.20878149 0.00000000]
- [1.68941915 -0.13857620 0.00000000]
- [1.70299732 -0.06837090 0.00000000]
- [1.71657550 0.00183439 0.00000000]
- [1.73015367 0.07203968 0.00000000]
- [1.74373185 0.14224497 0.00000000]
- [1.75731003 0.21245026 0.00000000]
- [1.77088820 0.28265555 0.00000000]
- [1.78446638 0.35286084 0.00000000]
- [1.79804455 0.42306613 0.00000000]
- [1.81162273 0.49327142 0.00000000]
- [1.82520090 0.56347672 0.00000000]
- [1.83877908 0.63368201 0.00000000]
- [1.85235725 0.70388730 0.00000000]
- [1.86593543 0.77409259 0.00000000]
- [1.87951360 0.84429788 0.00000000]
- [1.89309178 0.91450317 0.00000000]
- [1.90666995 0.98470846 0.00000000]
- [1.92024813 1.05491375 0.00000000]
- [1.93382631 1.12511904 0.00000000]
- [1.94740448 1.19532434 0.00000000]
- [1.96098266 1.26552963 0.00000000]
- [1.97456083 1.33573492 0.00000000]
- [1.98813901 1.40594021 0.00000000]
- [2.23261678 -1.35084228 0.00000000]
- [2.24614008 -1.28069315 0.00000000]
- [2.25966338 -1.21054402 0.00000000]
- [2.27318668 -1.14039489 0.00000000]
- [2.28670999 -1.07024576 0.00000000]
- [2.30023329 -1.00009663 0.00000000]
- [2.31375659 -0.92994750 0.00000000]
- [2.32727989 -0.85979836 0.00000000]
- [2.34080319 -0.78964923 0.00000000]
- [2.35432649 -0.71950010 0.00000000]
- [2.36784979 -0.64935097 0.00000000]
- [2.38137309 -0.57920184 0.00000000]
- [2.39489639 -0.50905271 0.00000000]
- [2.40841969 -0.43890358 0.00000000]
- [2.42194299 -0.36875445 0.00000000]
- [2.43546629 -0.29860532 0.00000000]
- [2.44898959 -0.22845618 0.00000000]
- [2.46251290 -0.15830705 0.00000000]
- [2.47603620 -0.08815792 0.00000000]
- [2.48955950 -0.01800879 0.00000000]
- [2.50308280 0.05214034 0.00000000]
- [2.51660610 0.12228947 0.00000000]
- [2.53012940 0.19243860 0.00000000]
- [2.54365270 0.26258773 0.00000000]
- [2.55717600 0.33273686 0.00000000]
- [2.57069930 0.40288600 0.00000000]
- [2.58422260 0.47303513 0.00000000]
- [2.59774590 0.54318426 0.00000000]
- [2.61126920 0.61333339 0.00000000]
- [2.62479250 0.68348252 0.00000000]
- [2.63831581 0.75363165 0.00000000]
- [2.65183911 0.82378078 0.00000000]
- [2.66536241 0.89392991 0.00000000]
- [2.67888571 0.96407904 0.00000000]
- [2.69240901 1.03422818 0.00000000]
- [2.70593231 1.10437731 0.00000000]
- [2.71945561 1.17452644 0.00000000]
- [2.73297891 1.24467557 0.00000000]
- [2.74650221 1.31482470 0.00000000]
- [2.76002551 1.38497383 0.00000000]
elements:
- [1 2]
- [2 3]
- [3 4]
- [4 5]
- [5 6]
- [6 7]
- [7 8]
- [8 9]
- [9 10]
- [10 11]
- [11 12]
- [12 13]
- [13 14]
- [14 15]
- [15 16]
- [16 17]
- [17 18]
- [18 19]
- [19 20]
- [20 21]
- [21 22]
- [22 23]
- [23 24]
- [24 25]
- [25 26]
- [26 27]
- [27 28]
- [28 29]
- [29 30]
- [30 31]
- [31 32]
- [32 33]
- [33 34]
- [34 35]
- [35 36]
- [36 37]
- [37 38]
- [38 39]
- [39 40]
- [40 41]
- [41 42]
- [42 43]
- [43 44]
- [44 45]
- [45 46]
- [46 47]
- [47 48]
- [48 49]
- [49 50]
- [50 51]
- [51 52]
- [52 53]
- [53 54]
- [54 55]
- [55 56]
- [56 57]
- [57 58]
- [58 59]
- [59 60]
- [60 61]
- [61 62]
- [62 63]
- [63 64]
- [64 65]
- [65 66]
- [66 67]
- [67 68]
- [68 69]
- [69 70]
- [70 71]
- [71 72]
- [72 73]
- [73 74]
- [74 75]
- [75 76]
- [76 77]
- [77 78]
- [78 79]
- [79 80]
- [80 81]
- [81 82]
- [82 83]
- [83 84]
- [84 85]
- [85 86]
- [86 87]
- [87 88]
- [88 89]
- [89 90]
- [90 91]
- [91 92]
- [92 93]
- [93 94]
- [94 95]
- [95 96]
- [96 97]
- [97 98]
- [98 99]
- [99 100]
- [100 101]
- [101 102]
- [102 103]
- [103 104]
- [104 105]
- [105 106]
- [106 107]
- [107 108]
- [108 109]
- [109 110]
- [110 111]
- [111 112]
- [112 113]
- [113 114]
- [114 115]
- [115 116]
- [116 117]
- [117 118]
- [118 119]
- [119 120]
- [120 121]
- [121 122]
- [122 123]
- [123 124]
- [124 125]
- [125 126]
- [126 127]
- [127 128]
- [128 129]
- [129 130]
- [130 131]
- [131 132]
- [132 133]
- [133 134]
- [134 135]
- [135 136]
- [136 137]
- [137 138]
- [138 139]
- [139 140]
- [140 141]
- [141 142]
- [142 143]
- [143 144]
- [144 145]
- [145 146]
- [146 147]
- [147 148]
- [148 149]
- [149 150]
- [150 151]
- [151 152]
- [152 153]
- [153 154]
- [154 155]
- [155 156]
- [156 157]
- [157 158]
- [158 159]
- [159 160]
- [160 161]
- [161 162]
- [162 163]
- [163 164]
- [164 165]
- [165 166]
- [166 167]
- [167 168]
- [168 169]
- [169 170]
- [170 171]
- [171 172]
- [172 173]
- [173 174]
- [174 175]
- [175 176]
- [176 177]
- [177 178]
- [178 179]
- [179 180]
- [180 181]
- [181 182]
- [182 183]
- [183 184]
- [184 185]
- [185 186]
- [186 187]
- [187 188]
- [188 189]
- [189 190]
- [190 191]
- [191 192]
- [192 193]
- [193 194]
- [194 195]
- [195 196]
- [196 197]
- [197 198]
- [198 199]
- [199 200]
- [200 201]
- [201 202]
- [202 203]
- [203 204]
- [204 205]
- [205 206]
- [206 207]
- [207 208]
- [208 209]
- [209 210]
- [210 211]
- [211 212]
- [212 213]
- [213 214]
- [214 215]
- [215 216]
- [216 217]
- [217 218]
- [218 219]
- [219 220]
- [220 221]
- [221 222]
- [222 223]
- [223 224]
- [224 225]
- [225 226]
- [226 227]
- [227 1]
- [185 228]
- [228 229]
- [229 230]
- [230 231]
- [231 232]
- [232 233]
- [233 234]
- [234 235]
- [235 236]
- [236 237]
- [237 238]
- [238 239]
- [239 240]
- [240 241]
- [241 242]
- [242 243]
- [243 244]
- [244 245]
- [245 246]
- [246 247]
- [247 248]
- [248 249]
- [249 250]
- [250 251]
- [251 252]
- [252 253]
- [253 254]
- [254 255]
- [255 256]
- [256 37]
- [144 257]
- [257 258]
- [258 259]
- [259 260]
- [260 261]
- [261 262]
- [262 263]
- [263 264]
- [264 265]
- [265 266]
- [266 267]
- [267 268]
- [268 269]
- [269 270]
- [270 271]
- [271 272]
- [272 273]
- [273 274]
- [274 275]
- [275 276]
- [276 277]
- [277 278]
- [278 279]
- [279 280]
- [280 281]
- [281 282]
- [282 283]
- [283 284]
- [284 285]
- [285 286]
- [286 287]
- [287 288]
- [288 289]
- [289 290]
- [290 291]
- [291 292]
- [292 293]
- [293 294]
- [294 295]
- [295 75]
- [155 296]
- [296 297]
- [297 298]
- [298 299]
- [299 300]
- [300 301]
- [301 302]
- [302 303]
- [303 304]
- [304 305]
- [305 306]
- [306 307]
- [307 308]
- [308 309]
- [309 310]
- [310 311]
- [311 312]
- [312 313]
- [313 314]
- [314 315]
- [315 316]
- [316 317]
- [317 318]
- [318 319]
- [319 320]
- [320 321]
- [321 322]
- [322 323]
- [323 324]
- [324 325]
- [325 326]
- [326 327]
- [327 328]
- [328 329]
- [329 330]
- [330 331]
- [331 332]
- [332 333]
- [333 334]
- [334 335]
- [335 64]
sets:
  element:
  - name: layup_0
    labels:
    - 1
    - 2
    - 3
    - 4
    - 5
    - 6
    - 7
    - 8
    - 9
    - 10
    - 11
    - 12
    - 13
    - 14
    - 15
    - 212
    - 213
    - 214
    - 215
    - 216
    - 217
    - 218
    - 219
    - 220
    - 221
    - 222
    - 223
    - 224
    - 225
    - 226
    - 227
  - name: layup_1
    labels:
    - 16
    - 17
    - 18
    - 19
    - 20
    - 21
    - 22
    - 23
    - 24
    - 25
    - 26
    - 27
    - 28
    - 29
    - 30
    - 31
    - 32
    - 33
    - 34
    - 35
    - 36
    - 37
    - 38
    - 39
    - 40
    - 41
    - 42
    - 43
    - 44
    - 45
    - 46
    - 47
    - 48
    - 49
    - 50
    - 51
    - 52
    - 53
    - 54
    - 55
    - 56
    - 57
    - 58
    - 59
    - 60
    - 61
    - 62
    - 76
    - 77
    - 78
    - 79
    - 80
    - 81
    - 82
    - 83
    - 84
    - 85
    - 86
    - 87
    - 88
    - 89
    - 90
    - 91
    - 92
    - 93
    - 94
    - 95
    - 96
    - 97
    - 98
    - 99
    - 100
    - 101
    - 102
    - 103
    - 104
    - 105
    - 106
    - 107
    - 108
    - 117
    - 118
    - 119
    - 120
    - 121
    - 122
    - 123
    - 124
    - 125
    - 126
    - 127
    - 128
    - 129
    - 130
    - 131
    - 132
    - 133
    - 134
    - 135
    - 136
    - 137
    - 138
    - 139
    - 140
    - 141
    - 142
    - 157
    - 158
    - 159
    - 160
    - 161
    - 162
    - 163
    - 164
    - 165
    - 166
    - 167
    - 168
    - 169
    - 170
    - 171
    - 172
    - 173
    - 174
    - 175
    - 176
    - 177
    - 178
    - 179
    - 180
    - 181
    - 182
    - 183
    - 184
    - 185
    - 186
    - 187
    - 188
    - 189
    - 190
    - 191
    - 192
    - 193
    - 194
    - 195
    - 196
    - 197
    - 198
    - 199
    - 200
    - 201
    - 202
    - 203
    - 204
    - 205
    - 206
    - 207
    - 208
    - 209
    - 210
    - 211
  - name: layup_2
    labels:
    - 63
    - 64
    - 65
    - 66
    - 67
    - 68
    - 69
    - 70
    - 71
    - 72
    - 73
    - 74
    - 75
  - name: layup_3
    labels:
    - 109
    - 110
    - 111
    - 112
    - 113
    - 114
    - 115
    - 116
  - name: layup_4
    labels:
    - 143
    - 144
    - 145
    - 146
    - 147
    - 148
    - 149
    - 150
    - 151
    - 152
    - 153
    - 154
    - 155
    - 156
  - name: layup_5
    labels:
    - 228
    - 229
    - 230
    - 231
    - 232
    - 233
    - 234
    - 235
    - 236
    - 237
    - 238
    - 239
    - 240
    - 241
    - 242
    - 243
    - 244
    - 245
    - 246
    - 247
    - 248
    - 249
    - 250
    - 251
    - 252
    - 253
    - 254
    - 255
    - 256
    - 257
    - 258
    - 259
    - 260
    - 261
    - 262
    - 263
    - 264
    - 265
    - 266
    - 267
    - 268
    - 269
    - 270
    - 271
    - 272
    - 273
    - 274
    - 275
    - 276
    - 277
    - 278
    - 279
    - 280
    - 281
    - 282
    - 283
    - 284
    - 285
    - 286
    - 287
    - 288
    - 289
    - 290
    - 291
    - 292
    - 293
    - 294
    - 295
    - 296
    - 297
    - 298
    - 299
    - 300
    - 301
    - 302
    - 303
    - 304
    - 305
    - 306
    - 307
    - 308
    - 309
    - 310
    - 311
    - 312
    - 313
    - 314
    - 315
    - 316
    - 317
    - 318
    - 319
    - 320
    - 321
    - 322
    - 323
    - 324
    - 325
    - 326
    - 327
    - 328
    - 329
    - 330
    - 331
    - 332
    - 333
    - 334
    - 335
    - 336
    - 337
    - 338
sections:
- type: shell
  elementSet: layup_0
  layup:
  - - gelcoat
    - 0.0005
    - 0.0
  - - glass_triax
    - 0.0030302
    - 0.0
  - - glass_uniax
    - 0.02788118
    - 0.0
  - - glass_triax
    - 0.0030302
    - 0.0
- type: shell
  elementSet: layup_1
  layup:
  - - gelcoat
    - 0.0005
    - 0.0
  - - glass_triax
    - 0.0030302
    - 0.0
  - - medium_density_foam
    - 0.07503785
    - 0.0
  - - glass_triax
    - 0.0030302
    - 0.0
- type: shell
  elementSet: layup_2
  layup:
  - - gelcoat
    - 0.0005
    - 0.0
  - - glass_triax
    - 0.0030302
    - 0.0
  - - carbon_uniax
    - 0.07859852
    - 0.0
  - - glass_triax
    - 0.0030302
    - 0.0
- type: shell
  elementSet: layup_3
  layup:
  - - gelcoat
    - 0.0005
    - 0.0
  - - glass_triax
    - 0.0030302
    - 0.0
  - - glass_uniax
    - 0.02314604
    - 0.0
  - - glass_triax
    - 0.0030302
    - 0.0
- type: shell
  elementSet: layup_4
  layup:
  - - gelcoat
    - 0.0005
    - 0.0
  - - glass_triax
    - 0.0030302
    - 0.0
  - - carbon_uniax
    - 0.07357686
    - 0.0
  - - glass_triax
    - 0.0030302
    - 0.0
- type: shell
  elementSet: layup_5
  layup:
  - - glass_biax
    - 0.002
    - 0.0
  - - medium_density_foam
    - 0.043776
    - 0.0
  - - glass_biax
    - 0.002
    - 0.0
elementOrientations:
- [0.0, 0.0, 1.0, -0.9455861924393412, 0.32537171460972064, 0.0, -0.32537171460972064,
  -0.9455861924393412, 0.0]
- [0.0, 0.0, 1.0, -0.9327337240999435, 0.36056594393626606, 0.0, -0.36056594393626606,
  -0.9327337240999435, 0.0]
- [0.0, 0.0, 1.0, -0.9382484466808393, 0.3459622122443318, 0.0, -0.3459622122443318,
  -0.9382484466808393, 0.0]
- [0.0, 0.0, 1.0, -0.942637572240137, 0.33381792552411, 0.0, -0.33381792552411, -0.942637572240137,
  0.0]
- [0.0, 0.0, 1.0, -0.9444978678663692, 0.328517545339488, 0.0, -0.328517545339488,
  -0.9444978678663692, 0.0]
- [0.0, 0.0, 1.0, -0.9454727674464841, 0.3257011606013811, 0.0, -0.3257011606013811,
  -0.9454727674464841, 0.0]
- [0.0, 0.0, 1.0, -0.9472123743127705, 0.3206067964793693, 0.0, -0.3206067964793693,
  -0.9472123743127705, 0.0]
- [0.0, 0.0, 1.0, -0.9482826494410148, 0.3174271834123995, 0.0, -0.3174271834123995,
  -0.9482826494410148, 0.0]
- [0.0, 0.0, 1.0, -0.947467221391231, 0.31985287928855655, 0.0, -0.31985287928855655,
  -0.947467221391231, 0.0]
- [0.0, 0.0, 1.0, -0.9493467506581279, 0.31423040434505145, 0.0, -0.31423040434505145,
  -0.9493467506581279, 0.0]
- [0.0, 0.0, 1.0, -0.9486304138951981, 0.31638637428471117, 0.0, -0.31638637428471117,
  -0.9486304138951981, 0.0]
- [0.0, 0.0, 1.0, -0.9500614497888247, 0.31206288088325485, 0.0, -0.31206288088325485,
  -0.9500614497888247, 0.0]
- [0.0, 0.0, 1.0, -0.9502077166314375, 0.3116172255413196, 0.0, -0.3116172255413196,
  -0.9502077166314375, 0.0]
- [0.0, 0.0, 1.0, -0.950224710084019, 0.3115654029986996, 0.0, -0.3115654029986996,
  -0.950224710084019, 0.0]
- [0.0, 0.0, 1.0, -0.9884105051495619, 0.1518047209739796, 0.0, -0.1518047209739796,
  -0.9884105051495619, 0.0]
- [0.0, 0.0, 1.0, -0.9883963790513652, 0.1518966684234715, 0.0, -0.1518966684234715,
  -0.9883963790513652, 0.0]
- [0.0, 0.0, 1.0, -0.9513517083487967, 0.30810700579802797, 0.0, -0.30810700579802797,
  -0.9513517083487967, 0.0]
- [0.0, 0.0, 1.0, -0.9532875463895267, 0.3020643207971374, 0.0, -0.3020643207971374,
  -0.9532875463895267, 0.0]
- [0.0, 0.0, 1.0, -0.9544856238838331, 0.29825692581915014, 0.0, -0.29825692581915014,
  -0.9544856238838331, 0.0]
- [0.0, 0.0, 1.0, -0.954046190488917, 0.2996595842178001, 0.0, -0.2996595842178001,
  -0.954046190488917, 0.0]
- [0.0, 0.0, 1.0, -0.9544982191983432, 0.2982166151427376, 0.0, -0.2982166151427376,
  -0.9544982191983432, 0.0]
- [0.0, 0.0, 1.0, -0.9558020475029789, 0.29401096236214275, 0.0, -0.29401096236214275,
  -0.9558020475029789, 0.0]
- [0.0, 0.0, 1.0, -0.9562762468874967, 0.2924649374519337, 0.0, -0.2924649374519337,
  -0.9562762468874967, 0.0]
- [0.0, 0.0, 1.0, -0.9564260279583238, 0.2919747472708277, 0.0, -0.2919747472708277,
  -0.9564260279583238, 0.0]
- [0.0, 0.0, 1.0, -0.958187167052026, 0.2861421899979323, 0.0, -0.2861421899979323,
  -0.958187167052026, 0.0]
- [0.0, 0.0, 1.0, -0.9577863045802331, 0.2874811206993268, 0.0, -0.2874811206993268,
  -0.9577863045802331, 0.0]
- [0.0, 0.0, 1.0, -0.9590057397249399, 0.28338664607673525, 0.0, -0.28338664607673525,
  -0.9590057397249399, 0.0]
- [0.0, 0.0, 1.0, -0.959962878978979, 0.2801272407003473, 0.0, -0.2801272407003473,
  -0.959962878978979, 0.0]
- [0.0, 0.0, 1.0, -0.9606206987935183, 0.27786304729030153, 0.0, -0.27786304729030153,
  -0.9606206987935183, 0.0]
- [0.0, 0.0, 1.0, -0.9613740047167361, 0.27524538698206247, 0.0, -0.27524538698206247,
  -0.9613740047167361, 0.0]
- [0.0, 0.0, 1.0, -0.9617601497474993, 0.27389307102894656, 0.0, -0.27389307102894656,
  -0.9617601497474993, 0.0]
- [0.0, 0.0, 1.0, -0.9622235970526023, 0.27226044383117987, 0.0, -0.27226044383117987,
  -0.9622235970526023, 0.0]
- [0.0, 0.0, 1.0, -0.963410069571322, 0.2680317851460538, 0.0, -0.2680317851460538,
  -0.963410069571322, 0.0]
- [0.0, 0.0, 1.0, -0.9647973081373616, 0.2629945896989156, 0.0, -0.2629945896989156,
  -0.9647973081373616, 0.0]
- [0.0, 0.0, 1.0, -0.9643782044844368, 0.2645272740482043, 0.0, -0.2645272740482043,
  -0.9643782044844368, 0.0]
- [0.0, 0.0, 1.0, -0.9662333207544923, 0.2576687211590621, 0.0, -0.2576687211590621,
  -0.9662333207544923, 0.0]
- [0.0, 0.0, 1.0, -0.9667324436575516, 0.2557897229755308, 0.0, -0.2557897229755308,
  -0.9667324436575516, 0.0]
- [0.0, 0.0, 1.0, -0.9672090757532723, 0.2539815028314084, 0.0, -0.2539815028314084,
  -0.9672090757532723, 0.0]
- [0.0, 0.0, 1.0, -0.96827129567002, 0.24990137650981595, 0.0, -0.24990137650981595,
  -0.96827129567002, 0.0]
- [0.0, 0.0, 1.0, -0.9695211649342009, 0.24500757283118832, 0.0, -0.24500757283118832,
  -0.9695211649342009, 0.0]
- [0.0, 0.0, 1.0, -0.970459305936732, 0.24126486590632362, 0.0, -0.24126486590632362,
  -0.970459305936732, 0.0]
- [0.0, 0.0, 1.0, -0.9709676514079091, 0.23921082734568913, 0.0, -0.23921082734568913,
  -0.9709676514079091, 0.0]
- [0.0, 0.0, 1.0, -0.9723525088927225, 0.233517876082385, 0.0, -0.233517876082385,
  -0.9723525088927225, 0.0]
- [0.0, 0.0, 1.0, -0.972460574544716, 0.23306743864418514, 0.0, -0.23306743864418514,
  -0.972460574544716, 0.0]
- [0.0, 0.0, 1.0, -0.9742170329223434, 0.22561288253108602, 0.0, -0.22561288253108602,
  -0.9742170329223434, 0.0]
- [0.0, 0.0, 1.0, -0.9752406538109087, 0.22114625738291727, 0.0, -0.22114625738291727,
  -0.9752406538109087, 0.0]
- [0.0, 0.0, 1.0, -0.9757978123240104, 0.21867471153216447, 0.0, -0.21867471153216447,
  -0.9757978123240104, 0.0]
- [0.0, 0.0, 1.0, -0.9770136403947768, 0.21317679630425554, 0.0, -0.21317679630425554,
  -0.9770136403947768, 0.0]
- [0.0, 0.0, 1.0, -0.9789016127305815, 0.2043321624058887, 0.0, -0.2043321624058887,
  -0.9789016127305815, 0.0]
- [0.0, 0.0, 1.0, -0.9787093057781249, 0.2052512966665515, 0.0, -0.2052512966665515,
  -0.9787093057781249, 0.0]
- [0.0, 0.0, 1.0, -0.9806244132128797, 0.19589732058120488, 0.0, -0.19589732058120488,
  -0.9806244132128797, 0.0]
- [0.0, 0.0, 1.0, -0.9820549150213435, 0.18859518520477123, 0.0, -0.18859518520477123,
  -0.9820549150213435, 0.0]
- [0.0, 0.0, 1.0, -0.9829165874652325, 0.18405157452654983, 0.0, -0.18405157452654983,
  -0.9829165874652325, 0.0]
- [0.0, 0.0, 1.0, -0.9844189995717041, 0.1758386569621282, 0.0, -0.1758386569621282,
  -0.9844189995717041, 0.0]
- [0.0, 0.0, 1.0, -0.9862734776295746, 0.16512003913657708, 0.0, -0.16512003913657708,
  -0.9862734776295746, 0.0]
- [0.0, 0.0, 1.0, -0.986934199422293, 0.16112382198383185, 0.0, -0.16112382198383185,
  -0.986934199422293, 0.0]
- [0.0, 0.0, 1.0, -0.9881638116660203, 0.1534023510696038, 0.0, -0.1534023510696038,
  -0.9881638116660203, 0.0]
- [0.0, 0.0, 1.0, -0.9893057848312965, 0.14585631319669526, 0.0, -0.14585631319669526,
  -0.9893057848312965, 0.0]
- [0.0, 0.0, 1.0, -0.9900274749810006, 0.14087440783458216, 0.0, -0.14087440783458216,
  -0.9900274749810006, 0.0]
- [0.0, 0.0, 1.0, -0.991824394240221, 0.12761023074196953, 0.0, -0.12761023074196953,
  -0.991824394240221, 0.0]
- [0.0, 0.0, 1.0, -0.9930581169895848, 0.11762472648682348, 0.0, -0.11762472648682348,
  -0.9930581169895848, 0.0]
- [0.0, 0.0, 1.0, -0.9949956172606039, 0.09991857501080531, 0.0, -0.09991857501080531,
  -0.9949956172606039, 0.0]
- [0.0, 0.0, 1.0, -0.9961662869248493, 0.08747987651088014, 0.0, -0.08747987651088014,
  -0.9961662869248493, 0.0]
- [0.0, 0.0, 1.0, -0.9963671219551457, 0.08516195328208494, 0.0, -0.08516195328208494,
  -0.9963671219551457, 0.0]
- [0.0, 0.0, 1.0, -0.9966137731395696, 0.0822252223378595, 0.0, -0.0822252223378595,
  -0.9966137731395696, 0.0]
- [0.0, 0.0, 1.0, -0.9980284882963635, 0.06276254096892006, 0.0, -0.06276254096892006,
  -0.9980284882963635, 0.0]
- [0.0, 0.0, 1.0, -0.9987005292226193, 0.05096325078387455, 0.0, -0.05096325078387455,
  -0.9987005292226193, 0.0]
- [0.0, 0.0, 1.0, -0.9990342091828489, 0.04393914976874137, 0.0, -0.04393914976874137,
  -0.9990342091828489, 0.0]
- [0.0, 0.0, 1.0, -0.9994728834429009, 0.03246467714814951, 0.0, -0.03246467714814951,
  -0.9994728834429009, 0.0]
- [0.0, 0.0, 1.0, -0.9998533217214921, 0.017127026668351846, 0.0, -0.017127026668351846,
  -0.9998533217214921, 0.0]
- [0.0, 0.0, 1.0, -0.999996360920286, 0.0026978039559592804, 0.0, -0.0026978039559592804,
  -0.999996360920286, 0.0]
- [0.0, 0.0, 1.0, -0.9999768967868413, -0.006797491637287106, 0.0, 0.006797491637287106,
  -0.9999768967868413, 0.0]
- [0.0, 0.0, 1.0, -0.9995018714010292, -0.03155961130686565, 0.0, 0.03155961130686565,
  -0.9995018714010292, 0.0]
- [0.0, 0.0, 1.0, -0.9991904792569584, -0.04022917053892341, 0.0, 0.04022917053892341,
  -0.9991904792569584, 0.0]
- [0.0, 0.0, 1.0, -0.9988860995110808, -0.04718644088654273, 0.0, 0.04718644088654273,
  -0.9988860995110808, 0.0]
- [0.0, 0.0, 1.0, -0.99787391212209, -0.06517404012454428, 0.0, 0.06517404012454428,
  -0.99787391212209, 0.0]
- [0.0, 0.0, 1.0, -0.9951893738821539, -0.09796994494255178, 0.0, 0.09796994494255178,
  -0.9951893738821539, 0.0]
- [0.0, 0.0, 1.0, -0.9932404945647656, -0.11607463097826305, 0.0, 0.11607463097826305,
  -0.9932404945647656, 0.0]
- [0.0, 0.0, 1.0, -0.9910885373615014, -0.13320477135087852, 0.0, 0.13320477135087852,
  -0.9910885373615014, 0.0]
- [0.0, 0.0, 1.0, -0.988365684003656, -0.1520962678174093, 0.0, 0.1520962678174093,
  -0.988365684003656, 0.0]
- [0.0, 0.0, 1.0, -0.9847920474150553, -0.17373722499241015, 0.0, 0.17373722499241015,
  -0.9847920474150553, 0.0]
- [0.0, 0.0, 1.0, -0.980105294028316, -0.19847824217699073, 0.0, 0.19847824217699073,
  -0.980105294028316, 0.0]
- [0.0, 0.0, 1.0, -0.9745562963229797, -0.22414286804901137, 0.0, 0.22414286804901137,
  -0.9745562963229797, 0.0]
- [0.0, 0.0, 1.0, -0.9683629535346125, -0.24954596815360888, 0.0, 0.24954596815360888,
  -0.9683629535346125, 0.0]
- [0.0, 0.0, 1.0, -0.9614859362979756, -0.27485413277083043, 0.0, 0.27485413277083043,
  -0.9614859362979756, 0.0]
- [0.0, 0.0, 1.0, -0.953600541862157, -0.30107475244563564, 0.0, 0.30107475244563564,
  -0.953600541862157, 0.0]
- [0.0, 0.0, 1.0, -0.9440997083802259, -0.329660037973019, 0.0, 0.329660037973019,
  -0.9440997083802259, 0.0]
- [0.0, 0.0, 1.0, -0.933162554399473, -0.35945465230909224, 0.0, 0.35945465230909224,
  -0.933162554399473, 0.0]
- [0.0, 0.0, 1.0, -0.9212787259620451, -0.3889029558768498, 0.0, 0.3889029558768498,
  -0.9212787259620451, 0.0]
- [0.0, 0.0, 1.0, -0.9079719742978867, -0.4190308984903119, 0.0, 0.4190308984903119,
  -0.9079719742978867, 0.0]
- [0.0, 0.0, 1.0, -0.8930102395573677, -0.4500363452496842, 0.0, 0.4500363452496842,
  -0.8930102395573677, 0.0]
- [0.0, 0.0, 1.0, -0.8772918483131559, -0.47995730318778, 0.0, 0.47995730318778, -0.8772918483131559,
  0.0]
- [0.0, 0.0, 1.0, -0.8568607081510511, -0.5155479869293249, 0.0, 0.5155479869293249,
  -0.8568607081510511, 0.0]
- [0.0, 0.0, 1.0, -0.8367744486497891, -0.5475477349846691, 0.0, 0.5475477349846691,
  -0.8367744486497891, 0.0]
- [0.0, 0.0, 1.0, -0.8106343223006705, -0.5855527264970533, 0.0, 0.5855527264970533,
  -0.8106343223006705, 0.0]
- [0.0, 0.0, 1.0, -0.7830489550946872, -0.6219600742211019, 0.0, 0.6219600742211019,
  -0.7830489550946872, 0.0]
- [0.0, 0.0, 1.0, -0.755306123744081, -0.6553721533866776, 0.0, 0.6553721533866776,
  -0.755306123744081, 0.0]
- [0.0, 0.0, 1.0, -0.7178448913275178, -0.6962030680735213, 0.0, 0.6962030680735213,
  -0.7178448913275178, 0.0]
- [0.0, 0.0, 1.0, -0.6829533532758176, -0.7304619889147662, 0.0, 0.7304619889147662,
  -0.6829533532758176, 0.0]
- [0.0, 0.0, 1.0, -0.6443897262609182, -0.7646972477323158, 0.0, 0.7646972477323158,
  -0.6443897262609182, 0.0]
- [0.0, 0.0, 1.0, -0.6025479068691649, -0.7980827149660541, 0.0, 0.7980827149660541,
  -0.6025479068691649, 0.0]
- [0.0, 0.0, 1.0, -0.5589298851403145, -0.8292149199676974, 0.0, 0.8292149199676974,
  -0.5589298851403145, 0.0]
- [0.0, 0.0, 1.0, -0.509548869405309, -0.8604417177751038, 0.0, 0.8604417177751038,
  -0.509548869405309, 0.0]
- [0.0, 0.0, 1.0, -0.4595183408565437, -0.8881682804606622, 0.0, 0.8881682804606622,
  -0.4595183408565437, 0.0]
- [0.0, 0.0, 1.0, -0.409294518622311, -0.9124023219094363, 0.0, 0.9124023219094363,
  -0.409294518622311, 0.0]
- [0.0, 0.0, 1.0, -0.3609971651918705, -0.9325669127325038, 0.0, 0.9325669127325038,
  -0.3609971651918705, 0.0]
- [0.0, 0.0, 1.0, -0.3081869721965576, -0.9513258065291397, 0.0, 0.9513258065291397,
  -0.3081869721965576, 0.0]
- [0.0, 0.0, 1.0, -0.39443055554797574, -0.918925751543679, 0.0, 0.918925751543679,
  -0.39443055554797574, 0.0]
- [0.0, 0.0, 1.0, -0.32646143731002647, -0.9452105214974448, 0.0, 0.9452105214974448,
  -0.32646143731002647, 0.0]
- [0.0, 0.0, 1.0, -0.12803502628074478, -0.991769646664632, 0.0, 0.991769646664632,
  -0.12803502628074478, 0.0]
- [0.0, 0.0, 1.0, -0.113443393846633, -0.9935444612057166, 0.0, 0.9935444612057166,
  -0.113443393846633, 0.0]
- [0.0, 0.0, 1.0, -0.055484386430109806, -0.9984595549457546, 0.0, 0.9984595549457546,
  -0.055484386430109806, 0.0]
- [0.0, 0.0, 1.0, 0.016855714424159243, -0.9998579323540175, 0.0, 0.9998579323540175,
  0.016855714424159243, 0.0]
- [0.0, 0.0, 1.0, 0.06737459058304239, -0.9977277507134736, 0.0, 0.9977277507134736,
  0.06737459058304239, 0.0]
- [0.0, 0.0, 1.0, 0.09842341191037875, -0.9951446286786259, 0.0, 0.9951446286786259,
  0.09842341191037875, 0.0]
- [0.0, 0.0, 1.0, 0.3439071997192111, -0.9390036410905394, 0.0, 0.9390036410905394,
  0.3439071997192111, 0.0]
- [0.0, 0.0, 1.0, 0.4211429565528974, -0.9069942723886874, 0.0, 0.9069942723886874,
  0.4211429565528974, 0.0]
- [0.0, 0.0, 1.0, 0.3111509788885025, -0.9503604938846767, 0.0, 0.9503604938846767,
  0.3111509788885025, 0.0]
- [0.0, 0.0, 1.0, 0.3744957938874328, -0.927228612781455, 0.0, 0.927228612781455,
  0.3744957938874328, 0.0]
- [0.0, 0.0, 1.0, 0.43322055933678494, -0.9012879378799669, 0.0, 0.9012879378799669,
  0.43322055933678494, 0.0]
- [0.0, 0.0, 1.0, 0.48821416406178836, -0.8727238566748643, 0.0, 0.8727238566748643,
  0.48821416406178836, 0.0]
- [0.0, 0.0, 1.0, 0.5437118036280083, -0.8392719908322798, 0.0, 0.8392719908322798,
  0.5437118036280083, 0.0]
- [0.0, 0.0, 1.0, 0.5967846208667712, -0.8024014682793796, 0.0, 0.8024014682793796,
  0.5967846208667712, 0.0]
- [0.0, 0.0, 1.0, 0.6456886156309914, -0.7636008195677464, 0.0, 0.7636008195677464,
  0.6456886156309914, 0.0]
- [0.0, 0.0, 1.0, 0.6836361375335864, -0.7298230137904391, 0.0, 0.7298230137904391,
  0.6836361375335864, 0.0]
- [0.0, 0.0, 1.0, 0.7222791265143746, -0.6916016652681166, 0.0, 0.6916016652681166,
  0.7222791265143746, 0.0]
- [0.0, 0.0, 1.0, 0.7552225885440436, -0.6554684140008842, 0.0, 0.6554684140008842,
  0.7552225885440436, 0.0]
- [0.0, 0.0, 1.0, 0.7823830116660693, -0.6227975779146314, 0.0, 0.6227975779146314,
  0.7823830116660693, 0.0]
- [0.0, 0.0, 1.0, 0.8079762285647027, -0.589215083033657, 0.0, 0.589215083033657,
  0.8079762285647027, 0.0]
- [0.0, 0.0, 1.0, 0.8334357229977827, -0.5526164091222437, 0.0, 0.5526164091222437,
  0.8334357229977827, 0.0]
- [0.0, 0.0, 1.0, 0.8539236065832565, -0.5203983802048616, 0.0, 0.5203983802048616,
  0.8539236065832565, 0.0]
- [0.0, 0.0, 1.0, 0.8731399123475182, -0.48746968466333196, 0.0, 0.48746968466333196,
  0.8731399123475182, 0.0]
- [0.0, 0.0, 1.0, 0.8883799567627283, -0.4591089766300079, 0.0, 0.4591089766300079,
  0.8883799567627283, 0.0]
- [0.0, 0.0, 1.0, 0.9013504044636258, -0.433090577562313, 0.0, 0.433090577562313,
  0.9013504044636258, 0.0]
- [0.0, 0.0, 1.0, 0.9132256148237566, -0.40745426299128557, 0.0, 0.40745426299128557,
  0.9132256148237566, 0.0]
- [0.0, 0.0, 1.0, 0.9242769176151436, -0.3817226474337735, 0.0, 0.3817226474337735,
  0.9242769176151436, 0.0]
- [0.0, 0.0, 1.0, 0.9345231160742873, -0.3559024382085691, 0.0, 0.3559024382085691,
  0.9345231160742873, 0.0]
- [0.0, 0.0, 1.0, 0.9433046389255731, -0.3319282425186109, 0.0, 0.3319282425186109,
  0.9433046389255731, 0.0]
- [0.0, 0.0, 1.0, 0.9509311778631734, -0.3094024805455793, 0.0, 0.3094024805455793,
  0.9509311778631734, 0.0]
- [0.0, 0.0, 1.0, 0.9573623965499612, -0.288889670414355, 0.0, 0.288889670414355,
  0.9573623965499612, 0.0]
- [0.0, 0.0, 1.0, 0.964437594550458, -0.26431066232319556, 0.0, 0.26431066232319556,
  0.964437594550458, 0.0]
- [0.0, 0.0, 1.0, 0.9673317350964192, -0.2535139330990529, 0.0, 0.2535139330990529,
  0.9673317350964192, 0.0]
- [0.0, 0.0, 1.0, 0.9722770945900694, -0.23383167308021643, 0.0, 0.23383167308021643,
  0.9722770945900694, 0.0]
- [0.0, 0.0, 1.0, 0.9781018838670902, -0.2081266556105897, 0.0, 0.2081266556105897,
  0.9781018838670902, 0.0]
- [0.0, 0.0, 1.0, 0.9819030388596275, -0.1893843242674246, 0.0, 0.1893843242674246,
  0.9819030388596275, 0.0]
- [0.0, 0.0, 1.0, 0.9857352730115514, -0.16830321310314378, 0.0, 0.16830321310314378,
  0.9857352730115514, 0.0]
- [0.0, 0.0, 1.0, 0.9882125666995937, -0.15308795843240314, 0.0, 0.15308795843240314,
  0.9882125666995937, 0.0]
- [0.0, 0.0, 1.0, 0.9910233560081992, -0.1336888471273736, 0.0, 0.1336888471273736,
  0.9910233560081992, 0.0]
- [0.0, 0.0, 1.0, 0.9932058710556251, -0.11637051903569584, 0.0, 0.11637051903569584,
  0.9932058710556251, 0.0]
- [0.0, 0.0, 1.0, 0.9955493139168994, -0.0942420477260066, 0.0, 0.0942420477260066,
  0.9955493139168994, 0.0]
- [0.0, 0.0, 1.0, 0.9968785388092777, -0.07895048360510203, 0.0, 0.07895048360510203,
  0.9968785388092777, 0.0]
- [0.0, 0.0, 1.0, 0.9978853600957234, -0.06499852388038281, 0.0, 0.06499852388038281,
  0.9978853600957234, 0.0]
- [0.0, 0.0, 1.0, 0.9991213487184929, -0.04191098346424018, 0.0, 0.04191098346424018,
  0.9991213487184929, 0.0]
- [0.0, 0.0, 1.0, 0.9996424160736042, -0.026740231609458254, 0.0, 0.026740231609458254,
  0.9996424160736042, 0.0]
- [0.0, 0.0, 1.0, 0.9998821534566019, -0.015351846761497062, 0.0, 0.015351846761497062,
  0.9998821534566019, 0.0]
- [0.0, 0.0, 1.0, 0.9999408450149031, 0.010876877809438447, 0.0, -0.010876877809438447,
  0.9999408450149031, 0.0]
- [0.0, 0.0, 1.0, 0.9997633574382875, 0.021753830093176572, 0.0, -0.021753830093176572,
  0.9997633574382875, 0.0]
- [0.0, 0.0, 1.0, 0.9994450581550762, 0.03331029464589566, 0.0, -0.03331029464589566,
  0.9994450581550762, 0.0]
- [0.0, 0.0, 1.0, 0.9986119458956366, 0.05267049947104936, 0.0, -0.05267049947104936,
  0.9986119458956366, 0.0]
- [0.0, 0.0, 1.0, 0.9978641534512505, 0.06532328265648706, 0.0, -0.06532328265648706,
  0.9978641534512505, 0.0]
- [0.0, 0.0, 1.0, 0.9971893797966921, 0.07492223181865804, 0.0, -0.07492223181865804,
  0.9971893797966921, 0.0]
- [0.0, 0.0, 1.0, 0.995345315990487, 0.09637272402395493, 0.0, -0.09637272402395493,
  0.995345315990487, 0.0]
- [0.0, 0.0, 1.0, 0.9940968880870625, 0.10849597732459117, 0.0, -0.10849597732459117,
  0.9940968880870625, 0.0]
- [0.0, 0.0, 1.0, 0.9919851816352747, 0.12635426156656085, 0.0, -0.12635426156656085,
  0.9919851816352747, 0.0]
- [0.0, 0.0, 1.0, 0.9900570796514202, 0.14066619719072956, 0.0, -0.14066619719072956,
  0.9900570796514202, 0.0]
- [0.0, 0.0, 1.0, 0.9879554638576822, 0.15473849370390075, 0.0, -0.15473849370390075,
  0.9879554638576822, 0.0]
