nodes:
- [4.53385150 0.02360160 0.00000000]
- [4.49455023 0.03006937 0.00000000]
- [4.44983609 0.03987753 0.00000000]
- [4.40511293 0.04965243 0.00000000]
- [4.36039048 0.05942870 0.00000000]
- [4.31565903 0.06916772 0.00000000]
- [4.27091915 0.07891857 0.00000000]
- [4.22618670 0.08873369 0.00000000]
- [4.18146471 0.09861993 0.00000000]
- [4.13677035 0.10861576 0.00000000]
- [4.09209017 0.11865065 0.00000000]
- [4.04742307 0.12874647 0.00000000]
- [4.00276823 0.13888800 0.00000000]
- [3.95812137 0.14907338 0.00000000]
- [3.91349072 0.15932276 0.00000000]
- [3.86886865 0.16960090 0.00000000]
- [3.82426036 0.17992481 0.00000000]
- [3.77965609 0.19024784 0.00000000]
- [3.73354006 0.19408347 0.00000000]
- [3.68900355 0.19760265 0.00000000]
- [3.64598861 0.20762344 0.00000000]
- [3.60298000 0.21764643 0.00000000]
- [3.55996881 0.22765551 0.00000000]
- [3.51695861 0.23766550 0.00000000]
- [3.47394008 0.24765993 0.00000000]
- [3.43093487 0.25767055 0.00000000]
- [3.38792198 0.26762867 0.00000000]
- [3.34490948 0.27758860 0.00000000]
- [3.30189075 0.28749584 0.00000000]
- [3.25886762 0.29738313 0.00000000]
- [3.21583945 0.30721670 0.00000000]
- [3.17279745 0.31700449 0.00000000]
- [3.12879358 0.32696831 0.00000000]
- [3.08477335 0.33683549 0.00000000]
- [3.04072176 0.34664559 0.00000000]
- [2.99668666 0.35642510 0.00000000]
- [2.95262423 0.36605487 0.00000000]
- [2.90853700 0.37564091 0.00000000]
- [2.86444468 0.38513257 0.00000000]
- [2.82033006 0.39451958 0.00000000]
- [2.77620575 0.40381292 0.00000000]
- [2.73204463 0.41296479 0.00000000]
- [2.68787699 0.42205086 0.00000000]
- [2.64369142 0.43096393 0.00000000]
- [2.59947132 0.43974882 0.00000000]
- [2.55522159 0.44839792 0.00000000]
- [2.51095371 0.45692694 0.00000000]
- [2.46666921 0.46529750 0.00000000]
- [2.42235345 0.47349695 0.00000000]
- [2.37801730 0.48153588 0.00000000]
- [2.33364319 0.48936948 0.00000000]
- [2.28923528 0.49704974 0.00000000]
- [2.24481730 0.50454758 0.00000000]
- [2.20036464 0.51180940 0.00000000]
- [2.15588100 0.51887470 0.00000000]
- [2.11137936 0.52569885 0.00000000]
- [2.06684594 0.53224962 0.00000000]
- [2.02226099 0.53852772 0.00000000]
- [1.97765366 0.54457964 0.00000000]
- [1.93302089 0.55032042 0.00000000]
- [1.88835126 0.55577573 0.00000000]
- [1.84366187 0.56092395 0.00000000]
- [1.79893529 0.56572118 0.00000000]
- [1.75418037 0.57020519 0.00000000]
- [1.70941076 0.57432019 0.00000000]
- [1.66461093 0.57804050 0.00000000]
- [1.61977927 0.58137716 0.00000000]
- [1.57458389 0.57828848 0.00000000]
- [1.52513582 0.57494057 0.00000000]
- [1.47603274 0.57707765 0.00000000]
- [1.43188360 0.57849459 0.00000000]
- [1.38772822 0.57944259 0.00000000]
- [1.34359876 0.57987037 0.00000000]
- [1.29950676 0.57974481 0.00000000]
- [1.25542234 0.57899958 0.00000000]
- [1.21135861 0.57769934 0.00000000]
- [1.16736528 0.57576317 0.00000000]
- [1.12341542 0.57315428 0.00000000]
- [1.07953220 0.56989020 0.00000000]
- [1.03574102 0.56589997 0.00000000]
- [0.99201862 0.56117428 0.00000000]
- [0.94843620 0.55574303 0.00000000]
- [0.90502832 0.54944646 0.00000000]
- [0.86174275 0.54229714 0.00000000]
- [0.81868631 0.53432415 0.00000000]
- [0.77584998 0.52529998 0.00000000]
- [0.73317710 0.51541139 0.00000000]
- [0.69084672 0.50457713 0.00000000]
- [0.64695591 0.49210167 0.00000000]
- [0.60150611 0.48427965 0.00000000]
- [0.55868449 0.47611937 0.00000000]
- [0.51817377 0.46100333 0.00000000]
- [0.47808176 0.44482837 0.00000000]
- [0.43855495 0.42748043 0.00000000]
- [0.39961417 0.40887068 0.00000000]
- [0.36130605 0.38910587 0.00000000]
- [0.32384353 0.36799354 0.00000000]
- [0.28727555 0.34541953 0.00000000]
- [0.25168437 0.32148560 0.00000000]
- [0.21738357 0.29599820 0.00000000]
- [0.18449977 0.26875489 0.00000000]
- [0.14784858 0.24522734 0.00000000]
- [0.11084670 0.21826711 0.00000000]
- [0.08156467 0.18384952 0.00000000]
- [0.05557205 0.14707938 0.00000000]
- [0.03409288 0.10776987 0.00000000]
- [0.01844813 0.06608029 0.00000000]
- [0.01000647 0.02260213 0.00000000]
- [0.01056739 -0.02136343 0.00000000]
- [0.02140638 -0.06391703 0.00000000]
- [0.04048358 -0.10404538 0.00000000]
- [0.06577571 -0.14105511 0.00000000]
- [0.09488481 -0.17557790 0.00000000]
- [0.12650405 -0.20804390 0.00000000]
- [0.16497487 -0.23290200 0.00000000]
- [0.20385911 -0.25496060 0.00000000]
- [0.23916905 -0.28143685 0.00000000]
- [0.27535798 -0.30674451 0.00000000]
- [0.31243873 -0.33071629 0.00000000]
- [0.35033726 -0.35345320 0.00000000]
- [0.38897467 -0.37494652 0.00000000]
- [0.42833522 -0.39521399 0.00000000]
- [0.46827382 -0.41441237 0.00000000]
- [0.50874664 -0.43246237 0.00000000]
- [0.54972349 -0.44940656 0.00000000]
- [0.59115072 -0.46527918 0.00000000]
- [0.63483186 -0.47450835 0.00000000]
- [0.68509381 -0.48453491 0.00000000]
- [0.72710675 -0.49691808 0.00000000]
- [0.76943543 -0.50834508 0.00000000]
- [0.81202484 -0.51880380 0.00000000]
- [0.85488217 -0.52831881 0.00000000]
- [0.89788701 -0.53696104 0.00000000]
- [0.94110963 -0.54454892 0.00000000]
- [0.98455378 -0.55132431 0.00000000]
- [1.02811647 -0.55725153 0.00000000]
- [1.07179700 -0.56233130 0.00000000]
- [1.11561759 -0.56659240 0.00000000]
- [1.15946438 -0.57013130 0.00000000]
- [1.20338834 -0.57274501 0.00000000]
- [1.24741995 -0.57467166 0.00000000]
- [1.29144572 -0.57585463 0.00000000]
- [1.33549738 -0.57626256 0.00000000]
- [1.37960443 -0.57595736 0.00000000]
- [1.42366035 -0.57501721 0.00000000]
- [1.46767710 -0.57325550 0.00000000]
- [1.51337997 -0.57072806 0.00000000]
- [1.55902952 -0.56750656 0.00000000]
- [1.60516756 -0.56942353 0.00000000]
- [1.65034814 -0.57071712 0.00000000]
- [1.69490861 -0.56552338 0.00000000]
- [1.73938236 -0.55963749 0.00000000]
- [1.78379788 -0.55311740 0.00000000]
- [1.82811045 -0.54602699 0.00000000]
- [1.87230738 -0.53824951 0.00000000]
- [1.91643966 -0.52989287 0.00000000]
- [1.96045929 -0.52101062 0.00000000]
- [2.00435029 -0.51152392 0.00000000]
- [2.04814534 -0.50149630 0.00000000]
- [2.09182123 -0.49095870 0.00000000]
- [2.13536037 -0.47989212 0.00000000]
- [2.17878154 -0.46829092 0.00000000]
- [2.22210139 -0.45623527 0.00000000]
- [2.26529466 -0.44373675 0.00000000]
- [2.30836615 -0.43078442 0.00000000]
- [2.35134075 -0.41742778 0.00000000]
- [2.39421484 -0.40371527 0.00000000]
- [2.43698703 -0.38964450 0.00000000]
- [2.47967923 -0.37526669 0.00000000]
- [2.52229131 -0.36061046 0.00000000]
- [2.56483146 -0.34570154 0.00000000]
- [2.60731924 -0.33056591 0.00000000]
- [2.64976236 -0.31527696 0.00000000]
- [2.69215272 -0.29980134 0.00000000]
- [2.73453666 -0.28421686 0.00000000]
- [2.77692750 -0.26855537 0.00000000]
- [2.81933998 -0.25291361 0.00000000]
- [2.86175481 -0.23725304 0.00000000]
- [2.90422344 -0.22163704 0.00000000]
- [2.94675070 -0.20612923 0.00000000]
- [2.98933954 -0.19073832 0.00000000]
- [3.03202840 -0.17551680 0.00000000]
- [3.07483072 -0.16054889 0.00000000]
- [3.11773913 -0.14584323 0.00000000]
- [3.16077572 -0.13144765 0.00000000]
- [3.20272439 -0.11779556 0.00000000]
- [3.24479520 -0.10451225 0.00000000]
- [3.28700312 -0.09157957 0.00000000]
- [3.32938722 -0.07910705 0.00000000]
- [3.37190193 -0.06713333 0.00000000]
- [3.41455865 -0.05558174 0.00000000]
- [3.45740740 -0.04461216 0.00000000]
- [3.50040956 -0.03421027 0.00000000]
- [3.54361628 -0.02443801 0.00000000]
- [3.58700213 -0.01544891 0.00000000]
- [3.63049034 -0.00714826 0.00000000]
- [3.67411443 0.00049212 0.00000000]
- [3.71885582 0.00079562 0.00000000]
- [3.76532661 0.00063805 0.00000000]
- [3.81091276 0.00631410 0.00000000]
- [3.85659062 0.01126609 0.00000000]
- [3.90235192 0.01538486 0.00000000]
- [3.94817749 0.01876242 0.00000000]
- [3.99407590 0.02126869 0.00000000]
- [4.04001622 0.02287457 0.00000000]
- [4.08598733 0.02358555 0.00000000]
- [4.13197183 0.02331546 0.00000000]
- [4.17793346 0.02207584 0.00000000]
- [4.22385099 0.01992035 0.00000000]
- [4.26971999 0.01688681 0.00000000]
- [4.31551435 0.01293848 0.00000000]
- [4.36122563 0.00815734 0.00000000]
- [4.40683377 0.00249521 0.00000000]
- [4.45230941 -0.00396347 0.00000000]
- [4.49763692 -0.01103945 0.00000000]
- [4.53510978 -0.02053686 0.00000000]
- [3.16197789 -0.08660244 0.00000000]
- [3.16318007 -0.04175722 0.00000000]
- [3.16438224 0.00308799 0.00000000]
- [3.16558441 0.04793320 0.00000000]
- [3.16678659 0.09277842 0.00000000]
- [3.16798876 0.13762363 0.00000000]
- [3.16919093 0.18246885 0.00000000]
- [3.17039311 0.22731406 0.00000000]
- [3.17159528 0.27215927 0.00000000]
- [0.68535531 -0.43957527 0.00000000]
- [0.68561680 -0.39461564 0.00000000]
- [0.68587830 -0.34965600 0.00000000]
- [0.68613979 -0.30469636 0.00000000]
- [0.68640129 -0.25973672 0.00000000]
- [0.68666279 -0.21477708 0.00000000]
- [0.68692428 -0.16981745 0.00000000]
- [0.68718578 -0.12485781 0.00000000]
- [0.68744727 -0.07989817 0.00000000]
- [0.68770877 -0.03493853 0.00000000]
- [0.68797026 0.01002111 0.00000000]
- [0.68823176 0.05498075 0.00000000]
- [0.68849326 0.09994038 0.00000000]
- [0.68875475 0.14490002 0.00000000]
- [0.68901625 0.18985966 0.00000000]
- [0.68927774 0.23481930 0.00000000]
- [0.68953924 0.27977894 0.00000000]
- [0.68980073 0.32473857 0.00000000]
- [0.69006223 0.36969821 0.00000000]
- [0.69032372 0.41465785 0.00000000]
- [0.69058522 0.45961749 0.00000000]
- [1.46801133 -0.52724217 0.00000000]
- [1.46834555 -0.48122885 0.00000000]
- [1.46867978 -0.43521552 0.00000000]
- [1.46901400 -0.38920219 0.00000000]
- [1.46934823 -0.34318887 0.00000000]
- [1.46968245 -0.29717554 0.00000000]
- [1.47001668 -0.25116222 0.00000000]
- [1.47035091 -0.20514889 0.00000000]
- [1.47068513 -0.15913556 0.00000000]
- [1.47101936 -0.11312224 0.00000000]
- [1.47135358 -0.06710891 0.00000000]
- [1.47168781 -0.02109559 0.00000000]
- [1.47202203 0.02491774 0.00000000]
- [1.47235626 0.07093107 0.00000000]
- [1.47269048 0.11694439 0.00000000]
- [1.47302471 0.16295772 0.00000000]
- [1.47335894 0.20897104 0.00000000]
- [1.47369316 0.25498437 0.00000000]
- [1.47402739 0.30099770 0.00000000]
- [1.47436161 0.34701102 0.00000000]
- [1.47469584 0.39302435 0.00000000]
- [1.47503006 0.43903768 0.00000000]
- [1.47536429 0.48505100 0.00000000]
- [1.47569851 0.53106433 0.00000000]
elements:
- [1 2]
- [2 3]
- [3 4]
- [4 5]
- [5 6]
- [6 7]
- [7 8]
- [8 9]
- [9 10]
- [10 11]
- [11 12]
- [12 13]
- [13 14]
- [14 15]
- [15 16]
- [16 17]
- [17 18]
- [18 19]
- [19 20]
- [20 21]
- [21 22]
- [22 23]
- [23 24]
- [24 25]
- [25 26]
- [26 27]
- [27 28]
- [28 29]
- [29 30]
- [30 31]
- [31 32]
- [32 33]
- [33 34]
- [34 35]
- [35 36]
- [36 37]
- [37 38]
- [38 39]
- [39 40]
- [40 41]
- [41 42]
- [42 43]
- [43 44]
- [44 45]
- [45 46]
- [46 47]
- [47 48]
- [48 49]
- [49 50]
- [50 51]
- [51 52]
- [52 53]
- [53 54]
- [54 55]
- [55 56]
- [56 57]
- [57 58]
- [58 59]
- [59 60]
- [60 61]
- [61 62]
- [62 63]
- [63 64]
- [64 65]
- [65 66]
- [66 67]
- [67 68]
- [68 69]
- [69 70]
- [70 71]
- [71 72]
- [72 73]
- [73 74]
- [74 75]
- [75 76]
- [76 77]
- [77 78]
- [78 79]
- [79 80]
- [80 81]
- [81 82]
- [82 83]
- [83 84]
- [84 85]
- [85 86]
- [86 87]
- [87 88]
- [88 89]
- [89 90]
- [90 91]
- [91 92]
- [92 93]
- [93 94]
- [94 95]
- [95 96]
- [96 97]
- [97 98]
- [98 99]
- [99 100]
- [100 101]
- [101 102]
- [102 103]
- [103 104]
- [104 105]
- [105 106]
- [106 107]
- [107 108]
- [108 109]
- [109 110]
- [110 111]
- [111 112]
- [112 113]
- [113 114]
- [114 115]
- [115 116]
- [116 117]
- [117 118]
- [118 119]
- [119 120]
- [120 121]
- [121 122]
- [122 123]
- [123 124]
- [124 125]
- [125 126]
- [126 127]
- [127 128]
- [128 129]
- [129 130]
- [130 131]
- [131 132]
- [132 133]
- [133 134]
- [134 135]
- [135 136]
- [136 137]
- [137 138]
- [138 139]
- [139 140]
- [140 141]
- [141 142]
- [142 143]
- [143 144]
- [144 145]
- [145 146]
- [146 147]
- [147 148]
- [148 149]
- [149 150]
- [150 151]
- [151 152]
- [152 153]
- [153 154]
- [154 155]
- [155 156]
- [156 157]
- [157 158]
- [158 159]
- [159 160]
- [160 161]
- [161 162]
- [162 163]
- [163 164]
- [164 165]
- [165 166]
- [166 167]
- [167 168]
- [168 169]
- [169 170]
- [170 171]
- [171 172]
- [172 173]
- [173 174]
- [174 175]
- [175 176]
- [176 177]
- [177 178]
- [178 179]
- [179 180]
- [180 181]
- [181 182]
- [182 183]
- [183 184]
- [184 185]
- [185 186]
- [186 187]
- [187 188]
- [188 189]
- [189 190]
- [190 191]
- [191 192]
- [192 193]
- [193 194]
- [194 195]
- [195 196]
- [196 197]
- [197 198]
- [198 199]
- [199 200]
- [200 201]
- [201 202]
- [202 203]
- [203 204]
- [204 205]
- [205 206]
- [206 207]
- [207 208]
- [208 209]
- [209 210]
- [210 211]
- [211 212]
- [212 213]
- [213 214]
- [214 215]
- [215 216]
- [216 1]
- [185 217]
- [217 218]
- [218 219]
- [219 220]
- [220 221]
- [221 222]
- [222 223]
- [223 224]
- [224 225]
- [225 32]
- [128 226]
- [226 227]
- [227 228]
- [228 229]
- [229 230]
- [230 231]
- [231 232]
- [232 233]
- [233 234]
- [234 235]
- [235 236]
- [236 237]
- [237 238]
- [238 239]
- [239 240]
- [240 241]
- [241 242]
- [242 243]
- [243 244]
- [244 245]
- [245 246]
- [246 88]
- [146 247]
- [247 248]
- [248 249]
- [249 250]
- [250 251]
- [251 252]
- [252 253]
- [253 254]
- [254 255]
- [255 256]
- [256 257]
- [257 258]
- [258 259]
- [259 260]
- [260 261]
- [261 262]
- [262 263]
- [263 264]
- [264 265]
- [265 266]
- [266 267]
- [267 268]
- [268 269]
- [269 270]
- [270 70]
sets:
  element:
  - name: layup_0
    labels:
    - 1
    - 2
    - 3
    - 4
    - 5
    - 6
    - 7
    - 8
    - 9
    - 10
    - 11
    - 12
    - 13
    - 14
    - 15
    - 16
    - 17
    - 18
    - 198
    - 199
    - 200
    - 201
    - 202
    - 203
    - 204
    - 205
    - 206
    - 207
    - 208
    - 209
    - 210
    - 211
    - 212
    - 213
    - 214
    - 215
    - 216
  - name: layup_1
    labels:
    - 19
    - 20
    - 21
    - 22
    - 23
    - 24
    - 25
    - 26
    - 27
    - 28
    - 29
    - 30
    - 31
    - 32
    - 33
    - 34
    - 35
    - 36
    - 37
    - 38
    - 39
    - 40
    - 41
    - 42
    - 43
    - 44
    - 45
    - 46
    - 47
    - 48
    - 49
    - 50
    - 51
    - 52
    - 53
    - 54
    - 55
    - 56
    - 57
    - 58
    - 59
    - 60
    - 61
    - 62
    - 63
    - 64
    - 65
    - 66
    - 67
    - 90
    - 91
    - 92
    - 93
    - 94
    - 95
    - 96
    - 97
    - 98
    - 99
    - 100
    - 101
    - 115
    - 116
    - 117
    - 118
    - 119
    - 120
    - 121
    - 122
    - 123
    - 124
    - 125
    - 126
    - 149
    - 150
    - 151
    - 152
    - 153
    - 154
    - 155
    - 156
    - 157
    - 158
    - 159
    - 160
    - 161
    - 162
    - 163
    - 164
    - 165
    - 166
    - 167
    - 168
    - 169
    - 170
    - 171
    - 172
    - 173
    - 174
    - 175
    - 176
    - 177
    - 178
    - 179
    - 180
    - 181
    - 182
    - 183
    - 184
    - 185
    - 186
    - 187
    - 188
    - 189
    - 190
    - 191
    - 192
    - 193
    - 194
    - 195
    - 196
    - 197
  - name: layup_2
    labels:
    - 68
    - 69
    - 70
    - 71
    - 72
    - 73
    - 74
    - 75
    - 76
    - 77
    - 78
    - 79
    - 80
    - 81
    - 82
    - 83
    - 84
    - 85
    - 86
    - 87
    - 88
    - 89
  - name: layup_3
    labels:
    - 102
    - 103
    - 104
    - 105
    - 106
    - 107
    - 108
    - 109
    - 110
    - 111
    - 112
    - 113
    - 114
  - name: layup_4
    labels:
    - 127
    - 128
    - 129
    - 130
    - 131
    - 132
    - 133
    - 134
    - 135
    - 136
    - 137
    - 138
    - 139
    - 140
    - 141
    - 142
    - 143
    - 144
    - 145
    - 146
    - 147
    - 148
  - name: layup_5
    labels:
    - 217
    - 218
    - 219
    - 220
    - 221
    - 222
    - 223
    - 224
    - 225
    - 226
  - name: layup_6
    labels:
    - 227
    - 228
    - 229
    - 230
    - 231
    - 232
    - 233
    - 234
    - 235
    - 236
    - 237
    - 238
    - 239
    - 240
    - 241
    - 242
    - 243
    - 244
    - 245
    - 246
    - 247
    - 248
    - 249
    - 250
    - 251
    - 252
    - 253
    - 254
    - 255
    - 256
    - 257
    - 258
    - 259
    - 260
    - 261
    - 262
    - 263
    - 264
    - 265
    - 266
    - 267
    - 268
    - 269
    - 270
    - 271
    - 272
    - 273
sections:
- type: shell
  elementSet: layup_0
  layup:
  - - gelcoat
    - 0.0005
    - 0.0
  - - glass_triax
    - 0.003
    - 0.0
  - - glass_uniax
    - 0.01267172
    - 0.0
  - - glass_triax
    - 0.003
    - 0.0
- type: shell
  elementSet: layup_1
  layup:
  - - gelcoat
    - 0.0005
    - 0.0
  - - glass_triax
    - 0.003
    - 0.0
  - - medium_density_foam
    - 0.03935
    - 0.0
  - - glass_triax
    - 0.003
    - 0.0
- type: shell
  elementSet: layup_2
  layup:
  - - gelcoat
    - 0.0005
    - 0.0
  - - glass_triax
    - 0.003
    - 0.0
  - - carbon_uniax
    - 0.06353593
    - 0.0
  - - glass_triax
    - 0.003
    - 0.0
- type: shell
  elementSet: layup_3
  layup:
  - - gelcoat
    - 0.0005
    - 0.0
  - - glass_triax
    - 0.003
    - 0.0
  - - glass_uniax
    - 0.00983775
    - 0.0
  - - glass_triax
    - 0.003
    - 0.0
- type: shell
  elementSet: layup_4
  layup:
  - - gelcoat
    - 0.0005
    - 0.0
  - - glass_triax
    - 0.003
    - 0.0
  - - carbon_uniax
    - 0.06289096
    - 0.0
  - - glass_triax
    - 0.003
    - 0.0
- type: shell
  elementSet: layup_5
  layup:
  - - glass_biax
    - 0.002
    - 0.0
  - - medium_density_foam
    - 0.03
    - 0.0
  - - glass_biax
    - 0.002
    - 0.0
- type: shell
  elementSet: layup_6
  layup:
  - - glass_biax
    - 0.002
    - 0.0
  - - medium_density_foam
    - 0.028656
    - 0.0
  - - glass_biax
    - 0.002
    - 0.0
elementOrientations:
- [0.0, 0.0, 1.0, -0.9867275154369715, 0.16238475999791754, 0.0, -0.16238475999791754,
  -0.9867275154369715, 0.0]
- [0.0, 0.0, 1.0, -0.9767769790629671, 0.2142585661592646, 0.0, -0.2142585661592646,
  -0.9767769790629671, 0.0]
- [0.0, 0.0, 1.0, -0.9769378310945835, 0.21352394286405174, 0.0, -0.21352394286405174,
  -0.9769378310945835, 0.0]
- [0.0, 0.0, 1.0, -0.9769308647790259, 0.21355581341210253, 0.0, -0.21355581341210253,
  -0.9769308647790259, 0.0]
- [0.0, 0.0, 1.0, -0.977109226863274, 0.21273824004784586, 0.0, -0.21273824004784586,
  -0.977109226863274, 0.0]
- [0.0, 0.0, 1.0, -0.9770638648433975, 0.21294648157995746, 0.0, -0.21294648157995746,
  -0.9770638648433975, 0.0]
- [0.0, 0.0, 1.0, -0.9767635331311018, 0.2143198552286906, 0.0, -0.2143198552286906,
  -0.9767635331311018, 0.0]
- [0.0, 0.0, 1.0, -0.9764268106588907, 0.21584875127391084, 0.0, -0.21584875127391084,
  -0.9764268106588907, 0.0]
- [0.0, 0.0, 1.0, -0.975891345364929, 0.21825691751197443, 0.0, -0.21825691751197443,
  -0.975891345364929, 0.0]
- [0.0, 0.0, 1.0, -0.9756945762963466, 0.21913487578633561, 0.0, -0.21913487578633561,
  -0.9756945762963466, 0.0]
- [0.0, 0.0, 1.0, -0.975395476734957, 0.22046238673521232, 0.0, -0.22046238673521232,
  -0.975395476734957, 0.0]
- [0.0, 0.0, 1.0, -0.9751672979996234, 0.221469503345526, 0.0, -0.221469503345526,
  -0.9751672979996234, 0.0]
- [0.0, 0.0, 1.0, -0.9749514773894562, 0.2224176628240584, 0.0, -0.2224176628240584,
  -0.9749514773894562, 0.0]
- [0.0, 0.0, 1.0, -0.9746298544917346, 0.22382280208553454, 0.0, -0.22382280208553454,
  -0.9746298544917346, 0.0]
- [0.0, 0.0, 1.0, -0.9744832613842425, 0.22446018195201142, 0.0, -0.22446018195201142,
  -0.9744832613842425, 0.0]
- [0.0, 0.0, 1.0, -0.9742489642518637, 0.22547495571386808, 0.0, -0.22547495571386808,
  -0.9742489642518637, 0.0]
- [0.0, 0.0, 1.0, -0.974248665251085, 0.22547624765477975, 0.0, -0.22547624765477975,
  -0.974248665251085, 0.0]
- [0.0, 0.0, 1.0, -0.9965589455650049, 0.0828870799001006, 0.0, -0.0828870799001006,
  -0.9965589455650049, 0.0]
- [0.0, 0.0, 1.0, -0.9968926331877649, 0.0787723168122196, 0.0, -0.0787723168122196,
  -0.9968926331877649, 0.0]
- [0.0, 0.0, 1.0, -0.9739214481934217, 0.22688546173968094, 0.0, -0.22688546173968094,
  -0.9739214481934217, 0.0]
- [0.0, 0.0, 1.0, -0.9739030560421758, 0.22696439683728115, 0.0, -0.22696439683728115,
  -0.9739030560421758, 0.0]
- [0.0, 0.0, 1.0, -0.9739756541662832, 0.22665265295460543, 0.0, -0.22665265295460543,
  -0.9739756541662832, 0.0]
- [0.0, 0.0, 1.0, -0.9739699675474476, 0.2266770882017497, 0.0, -0.2266770882017497,
  -0.9739699675474476, 0.0]
- [0.0, 0.0, 1.0, -0.9740573332752254, 0.22630137315702858, 0.0, -0.22630137315702858,
  -0.9740573332752254, 0.0]
- [0.0, 0.0, 1.0, -0.9739610229202127, 0.2267155174049912, 0.0, -0.2267155174049912,
  -0.9739610229202127, 0.0]
- [0.0, 0.0, 1.0, -0.9742318150132999, 0.2255490425958207, 0.0, -0.2255490425958207,
  -0.9742318150132999, 0.0]
- [0.0, 0.0, 1.0, -0.9742223132742754, 0.22559008027508554, 0.0, -0.22559008027508554,
  -0.9742223132742754, 0.0]
- [0.0, 0.0, 1.0, -0.9744911633669572, 0.2244258731067215, 0.0, -0.2244258731067215,
  -0.9744911633669572, 0.0]
- [0.0, 0.0, 1.0, -0.9745949417868084, 0.22397477412326505, 0.0, -0.22397477412326505,
  -0.9745949417868084, 0.0]
- [0.0, 0.0, 1.0, -0.9748655778892593, 0.22279386222838513, 0.0, -0.22279386222838513,
  -0.9748655778892593, 0.0]
- [0.0, 0.0, 1.0, -0.9751058288973113, 0.22173998838839903, 0.0, -0.22173998838839903,
  -0.9751058288973113, 0.0]
- [0.0, 0.0, 1.0, -0.9753100451905821, 0.2208400229812175, 0.0, -0.2208400229812175,
  -0.9753100451905821, 0.0]
- [0.0, 0.0, 1.0, -0.9757868457046852, 0.2187236424113793, 0.0, -0.2187236424113793,
  -0.9757868457046852, 0.0]
- [0.0, 0.0, 1.0, -0.9760891198709051, 0.21737072035957788, 0.0, -0.21737072035957788,
  -0.9760891198709051, 0.0]
- [0.0, 0.0, 1.0, -0.9762154981313474, 0.21680244742199056, 0.0, -0.21680244742199056,
  -0.9762154981313474, 0.0]
- [0.0, 0.0, 1.0, -0.976941128774146, 0.21350885440537942, 0.0, -0.21350885440537942,
  -0.976941128774146, 0.0]
- [0.0, 0.0, 1.0, -0.9771678228363887, 0.21246892952427648, 0.0, -0.21246892952427648,
  -0.9771678228363887, 0.0]
- [0.0, 0.0, 1.0, -0.9776052568485439, 0.2104470522057566, 0.0, -0.2104470522057566,
  -0.9776052568485439, 0.0]
- [0.0, 0.0, 1.0, -0.9781017897575393, 0.20812709788275643, 0.0, -0.20812709788275643,
  -0.9781017897575393, 0.0]
- [0.0, 0.0, 1.0, -0.978531865342018, 0.20609558100617, 0.0, -0.20609558100617, -0.978531865342018,
  0.0]
- [0.0, 0.0, 1.0, -0.9791939616592651, 0.2029265518606022, 0.0, -0.2029265518606022,
  -0.9791939616592651, 0.0]
- [0.0, 0.0, 1.0, -0.9794888762002595, 0.20149824167955643, 0.0, -0.20149824167955643,
  -0.9794888762002595, 0.0]
- [0.0, 0.0, 1.0, -0.9802552713364517, 0.19773619551589278, 0.0, -0.19773619551589278,
  -0.9802552713364517, 0.0]
- [0.0, 0.0, 1.0, -0.980832092458075, 0.19485483418256366, 0.0, -0.19485483418256366,
  -0.980832092458075, 0.0]
- [0.0, 0.0, 1.0, -0.9814279870443091, 0.19183093141137425, 0.0, -0.19183093141137425,
  -0.9814279870443091, 0.0]
- [0.0, 0.0, 1.0, -0.9819406934118031, 0.1891889918096375, 0.0, -0.1891889918096375,
  -0.9819406934118031, 0.0]
- [0.0, 0.0, 1.0, -0.9826009928911246, 0.18572907357055352, 0.0, -0.18572907357055352,
  -0.9826009928911246, 0.0]
- [0.0, 0.0, 1.0, -0.983310502418662, 0.1819353067251061, 0.0, -0.1819353067251061,
  -0.983310502418662, 0.0]
- [0.0, 0.0, 1.0, -0.9839564754057214, 0.1784086727352402, 0.0, -0.1784086727352402,
  -0.9839564754057214, 0.0]
- [0.0, 0.0, 1.0, -0.9847726236569897, 0.17384728843363867, 0.0, -0.17384728843363867,
  -0.9847726236569897, 0.0]
- [0.0, 0.0, 1.0, -0.9853718336999671, 0.17041816027279616, 0.0, -0.17041816027279616,
  -0.9853718336999671, 0.0]
- [0.0, 0.0, 1.0, -0.9860503815175375, 0.1664471240638253, 0.0, -0.1664471240638253,
  -0.9860503815175375, 0.0]
- [0.0, 0.0, 1.0, -0.9869178763030496, 0.1612237744052605, 0.0, -0.1612237744052605,
  -0.9869178763030496, 0.0]
- [0.0, 0.0, 1.0, -0.9876204025801997, 0.15686280759735383, 0.0, -0.15686280759735383,
  -0.9876204025801997, 0.0]
- [0.0, 0.0, 1.0, -0.9884458554689008, 0.151574373844501, 0.0, -0.151574373844501,
  -0.9884458554689008, 0.0]
- [0.0, 0.0, 1.0, -0.9893535879005613, 0.14553170825729406, 0.0, -0.14553170825729406,
  -0.9893535879005613, 0.0]
- [0.0, 0.0, 1.0, -0.9902310142208482, 0.1394365033811092, 0.0, -0.1394365033811092,
  -0.9902310142208482, 0.0]
- [0.0, 0.0, 1.0, -0.990921830691439, 0.1344393002775866, 0.0, -0.1344393002775866,
  -0.990921830691439, 0.0]
- [0.0, 0.0, 1.0, -0.991829350712991, 0.12757170165928794, 0.0, -0.12757170165928794,
  -0.991829350712991, 0.0]
- [0.0, 0.0, 1.0, -0.9926250714827162, 0.12122486322505246, 0.0, -0.12122486322505246,
  -0.9926250714827162, 0.0]
- [0.0, 0.0, 1.0, -0.9934297786672702, 0.11444332596136178, 0.0, -0.11444332596136178,
  -0.9934297786672702, 0.0]
- [0.0, 0.0, 1.0, -0.9942971589826176, 0.10664501694451264, 0.0, -0.10664501694451264,
  -0.9942971589826176, 0.0]
- [0.0, 0.0, 1.0, -0.9950184089929487, 0.09969135250933699, 0.0, -0.09969135250933699,
  -0.9950184089929487, 0.0]
- [0.0, 0.0, 1.0, -0.9958024044711339, 0.09152907324729223, 0.0, -0.09152907324729223,
  -0.9958024044711339, 0.0]
- [0.0, 0.0, 1.0, -0.9965696641876458, 0.0827581078863138, 0.0, -0.0827581078863138,
  -0.9965696641876458, 0.0]
- [0.0, 0.0, 1.0, -0.9972418008816406, 0.07422122724896432, 0.0, -0.07422122724896432,
  -0.9972418008816406, 0.0]
- [0.0, 0.0, 1.0, -0.9976729232179176, -0.06818165646136241, 0.0, 0.06818165646136241,
  -0.9976729232179176, 0.0]
- [0.0, 0.0, 1.0, -0.997715833468833, -0.06755083748993737, 0.0, 0.06755083748993737,
  -0.997715833468833, 0.0]
- [0.0, 0.0, 1.0, -0.9990542472541027, 0.04348115733899242, 0.0, -0.04348115733899242,
  -0.9990542472541027, 0.0]
- [0.0, 0.0, 1.0, -0.9994853766990263, 0.032077745631597286, 0.0, -0.032077745631597286,
  -0.9994853766990263, 0.0]
- [0.0, 0.0, 1.0, -0.9997696065580111, 0.021464710639551847, 0.0, -0.021464710639551847,
  -0.9997696065580111, 0.0]
- [0.0, 0.0, 1.0, -0.9999530179358821, 0.009693395737383625, 0.0, -0.009693395737383625,
  -0.9999530179358821, 0.0]
- [0.0, 0.0, 1.0, -0.9999959452200825, -0.0028477260039809216, 0.0, 0.0028477260039809216,
  -0.9999959452200825, 0.0]
- [0.0, 0.0, 1.0, -0.9998571470042869, -0.01690223607833297, 0.0, 0.01690223607833297,
  -0.9998571470042869, 0.0]
- [0.0, 0.0, 1.0, -0.9995649190743663, -0.029495297182013908, 0.0, 0.029495297182013908,
  -0.9995649190743663, 0.0]
- [0.0, 0.0, 1.0, -0.999032940882841, -0.043967977335579216, 0.0, 0.043967977335579216,
  -0.999032940882841, 0.0]
- [0.0, 0.0, 1.0, -0.9982428054032856, -0.05925623562611884, 0.0, 0.05925623562611884,
  -0.9982428054032856, 0.0]
- [0.0, 0.0, 1.0, -0.9972451541650426, -0.0741761585304906, 0.0, 0.0741761585304906,
  -0.9972451541650426, 0.0]
- [0.0, 0.0, 1.0, -0.9958742891690037, -0.0907435957637315, 0.0, 0.0907435957637315,
  -0.9958742891690037, 0.0]
- [0.0, 0.0, 1.0, -0.994209617440409, -0.10745806898039503, 0.0, 0.10745806898039503,
  -0.994209617440409, 0.0]
- [0.0, 0.0, 1.0, -0.9923241816617124, -0.12366373150367364, 0.0, 0.12366373150367364,
  -0.9923241816617124, 0.0]
- [0.0, 0.0, 1.0, -0.9896425663973675, -0.14355344222425295, 0.0, 0.14355344222425295,
  -0.9896425663973675, 0.0]
- [0.0, 0.0, 1.0, -0.9866329176113596, -0.16295854038894717, 0.0, 0.16295854038894717,
  -0.9866329176113596, 0.0]
- [0.0, 0.0, 1.0, -0.9832837303904444, -0.18207994274343317, 0.0, 0.18207994274343317,
  -0.9832837303904444, 0.0]
- [0.0, 0.0, 1.0, -0.9785221476483477, -0.20614171475386858, 0.0, 0.20614171475386858,
  -0.9785221476483477, 0.0]
- [0.0, 0.0, 1.0, -0.9741857237389899, -0.22574803579021532, 0.0, 0.22574803579021532,
  -0.9741857237389899, 0.0]
- [0.0, 0.0, 1.0, -0.9687721413172428, -0.24795269348729448, 0.0, 0.24795269348729448,
  -0.9687721413172428, 0.0]
- [0.0, 0.0, 1.0, -0.961898019288454, -0.273408486497674, 0.0, 0.273408486497674,
  -0.961898019288454, 0.0]
- [0.0, 0.0, 1.0, -0.9855114812266094, -0.16960872728292772, 0.0, 0.16960872728292772,
  -0.9855114812266094, 0.0]
- [0.0, 0.0, 1.0, -0.9823226011148295, -0.1871959063093939, 0.0, 0.1871959063093939,
  -0.9823226011148295, 0.0]
- [0.0, 0.0, 1.0, -0.9369018148486168, -0.3495926048036031, 0.0, 0.3495926048036031,
  -0.9369018148486168, 0.0]
- [0.0, 0.0, 1.0, -0.9273706323892393, -0.3741439698591739, 0.0, 0.3741439698591739,
  -0.9273706323892393, 0.0]
- [0.0, 0.0, 1.0, -0.9156891922223934, -0.40188717726135587, 0.0, 0.40188717726135587,
  -0.9156891922223934, 0.0]
- [0.0, 0.0, 1.0, -0.9022614226171051, -0.4311894308270528, 0.0, 0.4311894308270528,
  -0.9022614226171051, 0.0]
- [0.0, 0.0, 1.0, -0.8886879010479153, -0.45851261109270536, 0.0, 0.45851261109270536,
  -0.8886879010479153, 0.0]
- [0.0, 0.0, 1.0, -0.8711811497837526, -0.4909617136411542, 0.0, 0.4909617136411542,
  -0.8711811497837526, 0.0]
- [0.0, 0.0, 1.0, -0.8509238936415091, -0.5252889940118425, 0.0, 0.5252889940118425,
  -0.8509238936415091, 0.0]
- [0.0, 0.0, 1.0, -0.8298216108681804, -0.5580287574454726, 0.0, 0.5580287574454726,
  -0.8298216108681804, 0.0]
- [0.0, 0.0, 1.0, -0.8026677481636497, -0.5964264297110715, 0.0, 0.5964264297110715,
  -0.8026677481636497, 0.0]
- [0.0, 0.0, 1.0, -0.7700591024998641, -0.6379725532161269, 0.0, 0.6379725532161269,
  -0.7700591024998641, 0.0]
- [0.0, 0.0, 1.0, -0.8415325994828873, -0.5402063346607242, 0.0, 0.5402063346607242,
  -0.8415325994828873, 0.0]
- [0.0, 0.0, 1.0, -0.8082186419754289, -0.5888825237374544, 0.0, 0.5888825237374544,
  -0.8082186419754289, 0.0]
- [0.0, 0.0, 1.0, -0.6479962892920934, -0.7616434921035417, 0.0, 0.7616434921035417,
  -0.6479962892920934, 0.0]
- [0.0, 0.0, 1.0, -0.5772347441574979, -0.8165782572034526, 0.0, 0.8165782572034526,
  -0.5772347441574979, 0.0]
- [0.0, 0.0, 1.0, -0.47949929993297263, -0.8775422618676487, 0.0, 0.8775422618676487,
  -0.47949929993297263, 0.0]
- [0.0, 0.0, 1.0, -0.3513430969256712, -0.936246777427126, 0.0, 0.936246777427126,
  -0.3513430969256712, 0.0]
- [0.0, 0.0, 1.0, -0.19059928126025655, -0.9816679244953833, 0.0, 0.9816679244953833,
  -0.19059928126025655, 0.0]
- [0.0, 0.0, 1.0, 0.012756932736045628, -0.9999186270228033, 0.0, 0.9999186270228033,
  0.012756932736045628, 0.0]
- [0.0, 0.0, 1.0, 0.2468325690212723, -0.9690581421516249, 0.0, 0.9690581421516249,
  0.2468325690212723, 0.0]
- [0.0, 0.0, 1.0, 0.4293550011905531, -0.903135805376279, 0.0, 0.903135805376279,
  0.4293550011905531, 0.0]
- [0.0, 0.0, 1.0, 0.5642231777810499, -0.8256223141695321, 0.0, 0.8256223141695321,
  0.5642231777810499, 0.0]
- [0.0, 0.0, 1.0, 0.644618531086798, -0.7645043815306091, 0.0, 0.7645043815306091,
  0.644618531086798, 0.0]
- [0.0, 0.0, 1.0, 0.6977029125844841, -0.7163872177608474, 0.0, 0.7163872177608474,
  0.6977029125844841, 0.0]
- [0.0, 0.0, 1.0, 0.8399162880310767, -0.5427159746129623, 0.0, 0.5427159746129623,
  0.8399162880310767, 0.0]
- [0.0, 0.0, 1.0, 0.8697899597111795, -0.49342215797998457, 0.0, 0.49342215797998457,
  0.8697899597111795, 0.0]
- [0.0, 0.0, 1.0, 0.8000674853848766, -0.5999100089429417, 0.0, 0.5999100089429417,
  0.8000674853848766, 0.0]
- [0.0, 0.0, 1.0, 0.8194934401475801, -0.5730885634481678, 0.0, 0.5730885634481678,
  0.8194934401475801, 0.0]
- [0.0, 0.0, 1.0, 0.8397937071534701, -0.5429056358387078, 0.0, 0.5429056358387078,
  0.8397937071534701, 0.0]
- [0.0, 0.0, 1.0, 0.8575149339615499, -0.5144590732341289, 0.0, 0.5144590732341289,
  0.8575149339615499, 0.0]
- [0.0, 0.0, 1.0, 0.8738874680104812, -0.48612826831426925, 0.0, 0.48612826831426925,
  0.8738874680104812, 0.0]
- [0.0, 0.0, 1.0, 0.8890588946968048, -0.45779283716600006, 0.0, 0.45779283716600006,
  0.8890588946968048, 0.0]
- [0.0, 0.0, 1.0, 0.9012777434688749, -0.4332417675243848, 0.0, 0.4332417675243848,
  0.9012777434688749, 0.0]
- [0.0, 0.0, 1.0, 0.913290874447268, -0.40730796536692554, 0.0, 0.40730796536692554,
  0.913290874447268, 0.0]
- [0.0, 0.0, 1.0, 0.924110374168885, -0.38212565518876607, 0.0, 0.38212565518876607,
  0.924110374168885, 0.0]
- [0.0, 0.0, 1.0, 0.9338050073471184, -0.3577823475989952, 0.0, 0.3577823475989952,
  0.9338050073471184, 0.0]
- [0.0, 0.0, 1.0, 0.9783998858633843, -0.20672122131633325, 0.0, 0.20672122131633325,
  0.9783998858633843, 0.0]
- [0.0, 0.0, 1.0, 0.9806774777877764, -0.19563150196173792, 0.0, 0.19563150196173792,
  0.9806774777877764, 0.0]
- [0.0, 0.0, 1.0, 0.9592020342148314, -0.28272151944648544, 0.0, 0.28272151944648544,
  0.9592020342148314, 0.0]
- [0.0, 0.0, 1.0, 0.9654391017692545, -0.2606287412680632, 0.0, 0.2606287412680632,
  0.9654391017692545, 0.0]
- [0.0, 0.0, 1.0, 0.9711461391577711, -0.23848517018664944, 0.0, 0.23848517018664944,
  0.9711461391577711, 0.0]
- [0.0, 0.0, 1.0, 0.9762296503760821, -0.21673871303159623, 0.0, 0.21673871303159623,
  0.9762296503760821, 0.0]
- [0.0, 0.0, 1.0, 0.9803993944917511, -0.19702037275420983, 0.0, 0.19702037275420983,
  0.9803993944917511, 0.0]
- [0.0, 0.0, 1.0, 0.9849377585858436, -0.17290925860663006, 0.0, 0.17290925860663006,
  0.9849377585858436, 0.0]
- [0.0, 0.0, 1.0, 0.9880562497295695, -0.15409363182928357, 0.0, 0.15409363182928357,
  0.9880562497295695, 0.0]
- [0.0, 0.0, 1.0, 0.990870163528936, -0.13481957954295687, 0.0, 0.13481957954295687,
  0.990870163528936, 0.0]
- [0.0, 0.0, 1.0, 0.9933057173676284, -0.11551515850649756, 0.0, 0.11551515850649756,
  0.9933057173676284, 0.0]
- [0.0, 0.0, 1.0, 0.9953054692802037, -0.09678338091280772, 0.0, 0.09678338091280772,
  0.9953054692802037, 0.0]
- [0.0, 0.0, 1.0, 0.9967587437870841, -0.08044878298640826, 0.0, 0.08044878298640826,
  0.9967587437870841, 0.0]
- [0.0, 0.0, 1.0, 0.9982342360503068, -0.05940042068083702, 0.0, 0.05940042068083702,
  0.9982342360503068, 0.0]
- [0.0, 0.0, 1.0, 0.9990440806705375, -0.04371412674594637, 0.0, 0.04371412674594637,
  0.9990440806705375, 0.0]
- [0.0, 0.0, 1.0, 0.9996391986317228, -0.0268602412298773, 0.0, 0.0268602412298773,
  0.9996391986317228, 0.0]
- [0.0, 0.0, 1.0, 0.9999571257834439, -0.009259945729547097, 0.0, 0.009259945729547097,
  0.9999571257834439, 0.0]
- [0.0, 0.0, 1.0, 0.999976061126475, 0.006919333347974832, 0.0, -0.006919333347974832,
  0.999976061126475, 0.0]
- [0.0, 0.0, 1.0, 0.999772378788565, 0.021335196541268378, 0.0, -0.021335196541268378,
  0.999772378788565, 0.0]
- [0.0, 0.0, 1.0, 0.9992000181499621, 0.039991545720504854, 0.0, -0.039991545720504854,
  0.9992000181499621, 0.0]
- [0.0, 0.0, 1.0, 0.9984743735019026, 0.055217075800726906, 0.0, -0.055217075800726906,
  0.9984743735019026, 0.0]
- [0.0, 0.0, 1.0, 0.9975191792602041, 0.07039522006534847, 0.0, -0.07039522006534847,
  0.9975191792602041, 0.0]
- [0.0, 0.0, 1.0, 0.9991379730732232, -0.04151277831139691, 0.0, 0.04151277831139691,
  0.9991379730732232, 0.0]
- [0.0, 0.0, 1.0, 0.9995903690371526, -0.028619820547461844, 0.0, 0.028619820547461844,
  0.9995903690371526, 0.0]
- [0.0, 0.0, 1.0, 0.9932759156568508, 0.11577113360438632, 0.0, -0.11577113360438632,
  0.9932759156568508, 0.0]
- [0.0, 0.0, 1.0, 0.9913557435605879, 0.13120133272735376, 0.0, -0.13120133272735376,
  0.9913557435605879, 0.0]
- [0.0, 0.0, 1.0, 0.9893963256887257, 0.14524087136081593, 0.0, -0.14524087136081593,
  0.9893963256887257, 0.0]
- [0.0, 0.0, 1.0, 0.9874392487078848, 0.15799914591923522, 0.0, -0.15799914591923522,
  0.9874392487078848, 0.0]
- [0.0, 0.0, 1.0, 0.984867239844633, 0.1733104725076189, 0.0, -0.1733104725076189,
  0.984867239844633, 0.0]
- [0.0, 0.0, 1.0, 0.9825405988325138, 0.18604830460352273, 0.0, -0.18604830460352273,
  0.9825405988325138, 0.0]
- [0.0, 0.0, 1.0, 0.9802438358203343, 0.19779287736477685, 0.0, -0.19779287736477685,
  0.9802438358203343, 0.0]
- [0.0, 0.0, 1.0, 0.9774290818283963, 0.21126379243992124, 0.0, -0.21126379243992124,
  0.9774290818283963, 0.0]
- [0.0, 0.0, 1.0, 0.9747746965174107, 0.22319115356436028, 0.0, -0.22319115356436028,
  0.9747746965174107, 0.0]
- [0.0, 0.0, 1.0, 0.9721068599125438, 0.23453838259648202, 0.0, -0.23453838259648202,
  0.9721068599125438, 0.0]
- [0.0, 0.0, 1.0, 0.9691828241772741, 0.24634255279947728, 0.0, -0.24634255279947728,
  0.9691828241772741, 0.0]
- [0.0, 0.0, 1.0, 0.9661117345690367, 0.2581242265421968, 0.0, -0.2581242265421968,
  0.9661117345690367, 0.0]
- [0.0, 0.0, 1.0, 0.9633895663220514, 0.2681054708539341, 0.0, -0.2681054708539341,
  0.9633895663220514, 0.0]
- [0.0, 0.0, 1.0, 0.9605927660304012, 0.27795959751385246, 0.0, -0.27795959751385246,
  0.9605927660304012, 0.0]
- [0.0, 0.0, 1.0, 0.9576370881915465, 0.2879777896297145, 0.0, -0.2879777896297145,
  0.9576370881915465, 0.0]
- [0.0, 0.0, 1.0, 0.9549401401794001, 0.29679846474358296, 0.0, -0.29679846474358296,
  0.9549401401794001, 0.0]
- [0.0, 0.0, 1.0, 0.9524705889883175, 0.3046305584018904, 0.0, -0.3046305584018904,
  0.9524705889883175, 0.0]
- [0.0, 0.0, 1.0, 0.9499194107610122, 0.31249498085481536, 0.0, -0.31249498085481536,
  0.9499194107610122, 0.0]
- [0.0, 0.0, 1.0, 0.9476992326134293, 0.3191647920807015, 0.0, -0.3191647920807015,
  0.9476992326134293, 0.0]
- [0.0, 0.0, 1.0, 0.9456297846801224, 0.3252450004624594, 0.0, -0.3252450004624594,
  0.9456297846801224, 0.0]
- [0.0, 0.0, 1.0, 0.9437208664896992, 0.3307429910851189, 0.0, -0.3307429910851189,
  0.9437208664896992, 0.0]
- [0.0, 0.0, 1.0, 0.9420124865268406, 0.33557782290777083, 0.0, -0.33557782290777083,
  0.9420124865268406, 0.0]
- [0.0, 0.0, 1.0, 0.9408208640604879, 0.3389042663474108, 0.0, -0.3389042663474108,
  0.9408208640604879, 0.0]
- [0.0, 0.0, 1.0, 0.9393588657408043, 0.3429357393946417, 0.0, -0.3429357393946417,
  0.9393588657408043, 0.0]
- [0.0, 0.0, 1.0, 0.9385631495614533, 0.34510754017448686, 0.0, -0.34510754017448686,
  0.9385631495614533, 0.0]
- [0.0, 0.0, 1.0, 0.9380282804424956, 0.34655871809852745, 0.0, -0.34655871809852745,
  0.9380282804424956, 0.0]
- [0.0, 0.0, 1.0, 0.9382274597293816, 0.3460191234740526, 0.0, -0.3460191234740526,
  0.9382274597293816, 0.0]
- [0.0, 0.0, 1.0, 0.9380985604755006, 0.3463684322131477, 0.0, -0.3463684322131477,
  0.9380985604755006, 0.0]
- [0.0, 0.0, 1.0, 0.9385604026169452, 0.3451150107420971, 0.0, -0.3451150107420971,
  0.9385604026169452, 0.0]
- [0.0, 0.0, 1.0, 0.9394854341406664, 0.3425888483846541, 0.0, -0.3425888483846541,
  0.9394854341406664, 0.0]
- [0.0, 0.0, 1.0, 0.9404720170454682, 0.33987113021618703, 0.0, -0.33987113021618703,
  0.9404720170454682, 0.0]
- [0.0, 0.0, 1.0, 0.9419130267196635, 0.33585688930823276, 0.0, -0.33585688930823276,
  0.9419130267196635, 0.0]
- [0.0, 0.0, 1.0, 0.9439470516778864, 0.3300969003620384, 0.0, -0.3300969003620384,
  0.9439470516778864, 0.0]
- [0.0, 0.0, 1.0, 0.9459851117304475, 0.3242100682957469, 0.0, -0.3242100682957469,
  0.9459851117304475, 0.0]
- [0.0, 0.0, 1.0, 0.9483519328071149, 0.3172201310462646, 0.0, -0.3172201310462646,
  0.9483519328071149, 0.0]
- [0.0, 0.0, 1.0, 0.9509088755402924, 0.30947101708996383, 0.0, -0.30947101708996383,
  0.9509088755402924, 0.0]
- [0.0, 0.0, 1.0, 0.9535970490472854, 0.3010858150898334, 0.0, -0.3010858150898334,
  0.9535970490472854, 0.0]
- [0.0, 0.0, 1.0, 0.9561245771829453, 0.29296039477501734, 0.0, -0.29296039477501734,
  0.9561245771829453, 0.0]
- [0.0, 0.0, 1.0, 0.9593249841027834, 0.2823040468647133, 0.0, -0.2823040468647133,
  0.9593249841027834, 0.0]
- [0.0, 0.0, 1.0, 0.9625537597218352, 0.2710908697196556, 0.0, -0.2710908697196556,
  0.9625537597218352, 0.0]
- [0.0, 0.0, 1.0, 0.965233660031931, 0.26138856428956975, 0.0, -0.26138856428956975,
  0.965233660031931, 0.0]
- [0.0, 0.0, 1.0, 0.9687577693119948, 0.24800883935385837, 0.0, -0.24800883935385837,
  0.9687577693119948, 0.0]
- [0.0, 0.0, 1.0, 0.9719683463833402, 0.23511174710940153, 0.0, -0.23511174710940153,
  0.9719683463833402, 0.0]
- [0.0, 0.0, 1.0, 0.9753638032435036, 0.22060247351824522, 0.0, -0.22060247351824522,
  0.9753638032435036, 0.0]
- [0.0, 0.0, 1.0, 0.979203448106628, 0.20288077093724377, 0.0, -0.20288077093724377,
  0.979203448106628, 0.0]
- [0.0, 0.0, 1.0, 0.982267178481475, 0.18748650638923894, 0.0, -0.18748650638923894,
  0.982267178481475, 0.0]
- [0.0, 0.0, 1.0, 0.985006816322173, 0.17251542481429571, 0.0, -0.17251542481429571,
  0.985006816322173, 0.0]
- [0.0, 0.0, 1.0, 0.9999769933942798, 0.006783264858186749, 0.0, -0.006783264858186749,
  0.9999769933942798, 0.0]
- [0.0, 0.0, 1.0, 0.9999942514027247, -0.003390746452379536, 0.0, 0.003390746452379536,
  0.9999942514027247, 0.0]
- [0.0, 0.0, 1.0, 0.9923372894902965, 0.1235585039042289, 0.0, -0.1235585039042289,
  0.9923372894902965, 0.0]
