nodes:
- [6.66889660 1.12426495 0.00000000]
- [6.61502145 1.14270855 0.00000000]
- [6.55218905 1.16760342 0.00000000]
- [6.48914671 1.19131685 0.00000000]
- [6.42537639 1.21283212 0.00000000]
- [6.36085695 1.23296307 0.00000000]
- [6.29597973 1.25286401 0.00000000]
- [6.23121570 1.27305070 0.00000000]
- [6.16640451 1.29273562 0.00000000]
- [6.10141493 1.31205315 0.00000000]
- [6.03622236 1.33138764 0.00000000]
- [5.97142537 1.35163374 0.00000000]
- [5.90651106 1.37104353 0.00000000]
- [5.84144497 1.39057507 0.00000000]
- [5.77659311 1.41047660 0.00000000]
- [5.71155573 1.42980058 0.00000000]
- [5.64652209 1.44963668 0.00000000]
- [5.58166105 1.46983664 0.00000000]
- [5.51695230 1.49007743 0.00000000]
- [5.45204695 1.50982990 0.00000000]
- [5.38717384 1.52997709 0.00000000]
- [5.32240346 1.55016232 0.00000000]
- [5.25434177 1.55941148 0.00000000]
- [5.18789507 1.56786713 0.00000000]
- [5.12470428 1.58728480 0.00000000]
- [5.06153730 1.60670276 0.00000000]
- [4.99813529 1.62636114 0.00000000]
- [4.93551314 1.64675946 0.00000000]
- [4.87256836 1.66571272 0.00000000]
- [4.80919399 1.68538237 0.00000000]
- [4.74619462 1.70543479 0.00000000]
- [4.68341674 1.72518997 0.00000000]
- [4.62039291 1.74452984 0.00000000]
- [4.55723639 1.76405059 0.00000000]
- [4.49409558 1.78366745 0.00000000]
- [4.43018818 1.80370929 0.00000000]
- [4.36639866 1.82408000 0.00000000]
- [4.30288203 1.84450549 0.00000000]
- [4.23937589 1.86448193 0.00000000]
- [4.17570245 1.88416725 0.00000000]
- [4.11187945 1.90369650 0.00000000]
- [4.04786694 1.92326254 0.00000000]
- [3.98398880 1.94322463 0.00000000]
- [3.92044736 1.96302292 0.00000000]
- [3.85680982 1.98205797 0.00000000]
- [3.79272467 2.00074159 0.00000000]
- [3.72838109 2.01979495 0.00000000]
- [3.66468822 2.03933889 0.00000000]
- [3.60078904 2.05764040 0.00000000]
- [3.53662482 2.07619332 0.00000000]
- [3.47267035 2.09445341 0.00000000]
- [3.40860427 2.11198840 0.00000000]
- [3.34402701 2.12913968 0.00000000]
- [3.27995797 2.14669586 0.00000000]
- [3.21551723 2.16256828 0.00000000]
- [3.15083284 2.17884062 0.00000000]
- [3.08670434 2.19428866 0.00000000]
- [3.02183723 2.20786427 0.00000000]
- [2.95662852 2.22180872 0.00000000]
- [2.89193219 2.23494599 0.00000000]
- [2.82687872 2.24706858 0.00000000]
- [2.74059585 2.26262837 0.00000000]
- [2.67780916 2.27222844 0.00000000]
- [2.61471139 2.28041987 0.00000000]
- [2.55132532 2.28783028 0.00000000]
- [2.48805230 2.29438469 0.00000000]
- [2.42474201 2.29947283 0.00000000]
- [2.36122310 2.30343679 0.00000000]
- [2.29760235 2.30634696 0.00000000]
- [2.23432991 2.30825272 0.00000000]
- [2.17074798 2.30787713 0.00000000]
- [2.10699794 2.30740087 0.00000000]
- [2.04421290 2.30520648 0.00000000]
- [1.95860147 2.29748184 0.00000000]
- [1.89318537 2.29045757 0.00000000]
- [1.82858124 2.28333723 0.00000000]
- [1.76469710 2.27289552 0.00000000]
- [1.70047148 2.26062846 0.00000000]
- [1.63655023 2.24704561 0.00000000]
- [1.57336966 2.23170452 0.00000000]
- [1.51055300 2.21401328 0.00000000]
- [1.44816005 2.19526186 0.00000000]
- [1.38689512 2.17404856 0.00000000]
- [1.32627812 2.15082917 0.00000000]
- [1.26664998 2.12536220 0.00000000]
- [1.20768561 2.09765167 0.00000000]
- [1.14926590 2.06852352 0.00000000]
- [1.09217439 2.03793948 0.00000000]
- [1.03665797 2.00466684 0.00000000]
- [0.98183474 1.96942446 0.00000000]
- [0.92787984 1.93271719 0.00000000]
- [0.87513314 1.89467101 0.00000000]
- [0.82411584 1.85496680 0.00000000]
- [0.77485672 1.81279007 0.00000000]
- [0.72645851 1.76905970 0.00000000]
- [0.67933748 1.72399838 0.00000000]
- [0.63358010 1.67770006 0.00000000]
- [0.58962344 1.63016063 0.00000000]
- [0.54771576 1.58053895 0.00000000]
- [0.50693289 1.52988247 0.00000000]
- [0.46835136 1.47772915 0.00000000]
- [0.43123077 1.42411851 0.00000000]
- [0.39546760 1.36963195 0.00000000]
- [0.36177854 1.31443701 0.00000000]
- [0.33069570 1.25744309 0.00000000]
- [0.30065594 1.19945702 0.00000000]
- [0.27242289 1.14066971 0.00000000]
- [0.24567267 1.08113703 0.00000000]
- [0.22070224 1.02115375 0.00000000]
- [0.19803528 0.96008758 0.00000000]
- [0.17653388 0.89827759 0.00000000]
- [0.15660688 0.83615714 0.00000000]
- [0.13859360 0.77353895 0.00000000]
- [0.12226077 0.71018536 0.00000000]
- [0.10709844 0.64668080 0.00000000]
- [0.09416032 0.58281619 0.00000000]
- [0.08277790 0.51876137 0.00000000]
- [0.07394408 0.45455395 0.00000000]
- [0.06731723 0.38961338 0.00000000]
- [0.06180488 0.32404793 0.00000000]
- [0.05694181 0.25799119 0.00000000]
- [0.05187085 0.19185761 0.00000000]
- [0.03506678 0.12687487 0.00000000]
- [0.01949862 0.06362182 0.00000000]
- [0.01812945 -0.00019829 0.00000000]
- [0.01976739 -0.06422337 0.00000000]
- [0.03408311 -0.12798714 0.00000000]
- [0.04958806 -0.19324067 0.00000000]
- [0.05407108 -0.25894478 0.00000000]
- [0.05966996 -0.32460835 0.00000000]
- [0.06627385 -0.39016210 0.00000000]
- [0.07394443 -0.45490936 0.00000000]
- [0.08468589 -0.51891656 0.00000000]
- [0.09752396 -0.58295182 0.00000000]
- [0.11221655 -0.64671495 0.00000000]
- [0.12859035 -0.71027466 0.00000000]
- [0.14610040 -0.77323053 0.00000000]
- [0.16606172 -0.83532727 0.00000000]
- [0.18763096 -0.89713116 0.00000000]
- [0.21086376 -0.95811079 0.00000000]
- [0.23608834 -1.01804624 0.00000000]
- [0.26368555 -1.07703425 0.00000000]
- [0.29315524 -1.13537272 0.00000000]
- [0.32425860 -1.19290319 0.00000000]
- [0.35689389 -1.24941876 0.00000000]
- [0.39135502 -1.30459569 0.00000000]
- [0.42789883 -1.35846298 0.00000000]
- [0.46632933 -1.41127794 0.00000000]
- [0.50609774 -1.46294518 0.00000000]
- [0.54786861 -1.51307648 0.00000000]
- [0.59089467 -1.56221480 0.00000000]
- [0.63544392 -1.60957121 0.00000000]
- [0.68191931 -1.65536116 0.00000000]
- [0.72969090 -1.70009492 0.00000000]
- [0.77837593 -1.74315542 0.00000000]
- [0.82920336 -1.78400095 0.00000000]
- [0.88107146 -1.82419180 0.00000000]
- [0.93380722 -1.86274251 0.00000000]
- [0.98762842 -1.89953433 0.00000000]
- [1.04262275 -1.93442264 0.00000000]
- [1.09933355 -1.96770089 0.00000000]
- [1.15564295 -2.00042037 0.00000000]
- [1.21276206 -2.03178635 0.00000000]
- [1.25842866 -2.05718448 0.00000000]
- [1.31556362 -2.08479408 0.00000000]
- [1.37417349 -2.10872694 0.00000000]
- [1.43395581 -2.13204940 0.00000000]
- [1.49359336 -2.15431479 0.00000000]
- [1.55382943 -2.17382533 0.00000000]
- [1.61527955 -2.19153787 0.00000000]
- [1.67686842 -2.20862575 0.00000000]
- [1.73878535 -2.22353013 0.00000000]
- [1.80118327 -2.23705999 0.00000000]
- [1.86355693 -2.24892415 0.00000000]
- [1.92616086 -2.25811893 0.00000000]
- [1.98455268 -2.26454241 0.00000000]
- [2.04285896 -2.26866287 0.00000000]
- [2.10851982 -2.27020354 0.00000000]
- [2.17452556 -2.27323837 0.00000000]
- [2.24017206 -2.27441428 0.00000000]
- [2.30605082 -2.27310741 0.00000000]
- [2.37191048 -2.27064538 0.00000000]
- [2.43774773 -2.26573880 0.00000000]
- [2.50328466 -2.26007392 0.00000000]
- [2.56838703 -2.25122886 0.00000000]
- [2.63416444 -2.24127170 0.00000000]
- [2.69907641 -2.23081969 0.00000000]
- [2.76309874 -2.21706344 0.00000000]
- [2.82793016 -2.20158382 0.00000000]
- [2.89256724 -2.18642409 0.00000000]
- [2.95572800 -2.16922602 0.00000000]
- [3.01852966 -2.14940743 0.00000000]
- [3.08208815 -2.12818285 0.00000000]
- [3.14476998 -2.10830877 0.00000000]
- [3.20601537 -2.08353770 0.00000000]
- [3.26859313 -2.06037814 0.00000000]
- [3.32913780 -2.03483225 0.00000000]
- [3.39034270 -2.00776652 0.00000000]
- [3.45158033 -1.98151320 0.00000000]
- [3.51151219 -1.95355046 0.00000000]
- [3.57163070 -1.92459612 0.00000000]
- [3.63158920 -1.89548992 0.00000000]
- [3.69102855 -1.86544250 0.00000000]
- [3.75052365 -1.83497026 0.00000000]
- [3.80965347 -1.80434300 0.00000000]
- [3.86828795 -1.77267282 0.00000000]
- [3.92722259 -1.74066363 0.00000000]
- [3.98614360 -1.70888914 0.00000000]
- [4.04551414 -1.67623753 0.00000000]
- [4.10481126 -1.64334653 0.00000000]
- [4.16374925 -1.61020441 0.00000000]
- [4.22280570 -1.57601233 0.00000000]
- [4.28286695 -1.54311270 0.00000000]
- [4.34243659 -1.51039786 0.00000000]
- [4.40207257 -1.47756837 0.00000000]
- [4.46198248 -1.44492051 0.00000000]
- [4.52210966 -1.41264313 0.00000000]
- [4.58236433 -1.38068212 0.00000000]
- [4.64297014 -1.34888871 0.00000000]
- [4.70432581 -1.31794819 0.00000000]
- [4.76613927 -1.28814095 0.00000000]
- [4.82812669 -1.25914150 0.00000000]
- [4.89036679 -1.23068305 0.00000000]
- [4.95310384 -1.20289039 0.00000000]
- [5.01657586 -1.17607808 0.00000000]
- [5.08082115 -1.15084595 0.00000000]
- [5.14550967 -1.12714426 0.00000000]
- [5.21414849 -1.11534133 0.00000000]
- [5.28267637 -1.10511797 0.00000000]
- [5.34803849 -1.08547581 0.00000000]
- [5.41382320 -1.06719866 0.00000000]
- [5.48000612 -1.05034474 0.00000000]
- [5.54661419 -1.03501665 0.00000000]
- [5.61369882 -1.02146268 0.00000000]
- [5.68115340 -1.01006867 0.00000000]
- [5.74880636 -1.00030728 0.00000000]
- [5.81685244 -0.99231912 0.00000000]
- [5.88517078 -0.98704810 0.00000000]
- [5.95352880 -0.98368764 0.00000000]
- [6.02207847 -0.98251645 0.00000000]
- [6.09054764 -0.98402551 0.00000000]
- [6.15883200 -0.98724866 0.00000000]
- [6.22716515 -0.99228565 0.00000000]
- [6.29532360 -1.00009689 0.00000000]
- [6.36332551 -1.01041404 0.00000000]
- [6.43061366 -1.02473071 0.00000000]
- [6.49700949 -1.04139882 0.00000000]
- [6.56322677 -1.05987200 0.00000000]
- [6.62800085 -1.08248906 0.00000000]
- [6.67393263 -1.10819386 0.00000000]
- [3.99572760 -1.64299185 0.00000000]
- [4.00531160 -1.57709455 0.00000000]
- [4.01489560 -1.51119726 0.00000000]
- [4.02447960 -1.44529996 0.00000000]
- [4.03406360 -1.37940267 0.00000000]
- [4.04364760 -1.31350537 0.00000000]
- [4.05323160 -1.24760808 0.00000000]
- [4.06281560 -1.18171079 0.00000000]
- [4.07239960 -1.11581349 0.00000000]
- [4.08198360 -1.04991620 0.00000000]
- [4.09156760 -0.98401890 0.00000000]
- [4.10115160 -0.91812161 0.00000000]
- [4.11073560 -0.85222432 0.00000000]
- [4.12031960 -0.78632702 0.00000000]
- [4.12990360 -0.72042973 0.00000000]
- [4.13948759 -0.65453243 0.00000000]
- [4.14907159 -0.58863514 0.00000000]
- [4.15865559 -0.52273785 0.00000000]
- [4.16823959 -0.45684055 0.00000000]
- [4.17782359 -0.39094326 0.00000000]
- [4.18740759 -0.32504596 0.00000000]
- [4.19699159 -0.25914867 0.00000000]
- [4.20657559 -0.19325137 0.00000000]
- [4.21615959 -0.12735408 0.00000000]
- [4.22574359 -0.06145679 0.00000000]
- [4.23532759 0.00444051 0.00000000]
- [4.24491159 0.07033780 0.00000000]
- [4.25449559 0.13623510 0.00000000]
- [4.26407959 0.20213239 0.00000000]
- [4.27366359 0.26802968 0.00000000]
- [4.28324759 0.33392698 0.00000000]
- [4.29283159 0.39982427 0.00000000]
- [4.30241559 0.46572157 0.00000000]
- [4.31199959 0.53161886 0.00000000]
- [4.32158359 0.59751615 0.00000000]
- [4.33116759 0.66341345 0.00000000]
- [4.34075159 0.72931074 0.00000000]
- [4.35033559 0.79520804 0.00000000]
- [4.35991959 0.86110533 0.00000000]
- [4.36950358 0.92700262 0.00000000]
- [4.37908758 0.99289992 0.00000000]
- [4.38867158 1.05879721 0.00000000]
- [4.39825558 1.12469451 0.00000000]
- [4.40783958 1.19059180 0.00000000]
- [4.41742358 1.25648910 0.00000000]
- [4.42700758 1.32238639 0.00000000]
- [4.43659158 1.38828368 0.00000000]
- [4.44617558 1.45418098 0.00000000]
- [4.45575958 1.52007827 0.00000000]
- [4.46534358 1.58597557 0.00000000]
- [4.47492758 1.65187286 0.00000000]
- [4.48451158 1.71777015 0.00000000]
- [1.27033449 -1.99108765 0.00000000]
- [1.28224031 -1.92499082 0.00000000]
- [1.29414613 -1.85889398 0.00000000]
- [1.30605195 -1.79279715 0.00000000]
- [1.31795777 -1.72670032 0.00000000]
- [1.32986360 -1.66060349 0.00000000]
- [1.34176942 -1.59450665 0.00000000]
- [1.35367524 -1.52840982 0.00000000]
- [1.36558106 -1.46231299 0.00000000]
- [1.37748688 -1.39621616 0.00000000]
- [1.38939270 -1.33011932 0.00000000]
- [1.40129853 -1.26402249 0.00000000]
- [1.41320435 -1.19792566 0.00000000]
- [1.42511017 -1.13182882 0.00000000]
- [1.43701599 -1.06573199 0.00000000]
- [1.44892181 -0.99963516 0.00000000]
- [1.46082764 -0.93353833 0.00000000]
- [1.47273346 -0.86744149 0.00000000]
- [1.48463928 -0.80134466 0.00000000]
- [1.49654510 -0.73524783 0.00000000]
- [1.50845092 -0.66915100 0.00000000]
- [1.52035674 -0.60305416 0.00000000]
- [1.53226257 -0.53695733 0.00000000]
- [1.54416839 -0.47086050 0.00000000]
- [1.55607421 -0.40476366 0.00000000]
- [1.56798003 -0.33866683 0.00000000]
- [1.57988585 -0.27257000 0.00000000]
- [1.59179168 -0.20647317 0.00000000]
- [1.60369750 -0.14037633 0.00000000]
- [1.61560332 -0.07427950 0.00000000]
- [1.62750914 -0.00818267 0.00000000]
- [1.63941496 0.05791416 0.00000000]
- [1.65132078 0.12401100 0.00000000]
- [1.66322661 0.19010783 0.00000000]
- [1.67513243 0.25620466 0.00000000]
- [1.68703825 0.32230150 0.00000000]
- [1.69894407 0.38839833 0.00000000]
- [1.71084989 0.45449516 0.00000000]
- [1.72275572 0.52059199 0.00000000]
- [1.73466154 0.58668883 0.00000000]
- [1.74656736 0.65278566 0.00000000]
- [1.75847318 0.71888249 0.00000000]
- [1.77037900 0.78497932 0.00000000]
- [1.78228482 0.85107616 0.00000000]
- [1.79419065 0.91717299 0.00000000]
- [1.80609647 0.98326982 0.00000000]
- [1.81800229 1.04936666 0.00000000]
- [1.82990811 1.11546349 0.00000000]
- [1.84181393 1.18156032 0.00000000]
- [1.85371976 1.24765715 0.00000000]
- [1.86562558 1.31375399 0.00000000]
- [1.87753140 1.37985082 0.00000000]
- [1.88943722 1.44594765 0.00000000]
- [1.90134304 1.51204448 0.00000000]
- [1.91324886 1.57814132 0.00000000]
- [1.92515469 1.64423815 0.00000000]
- [1.93706051 1.71033498 0.00000000]
- [1.94896633 1.77643182 0.00000000]
- [1.96087215 1.84252865 0.00000000]
- [1.97277797 1.90862548 0.00000000]
- [1.98468380 1.97472231 0.00000000]
- [1.99658962 2.04081915 0.00000000]
- [2.00849544 2.10691598 0.00000000]
- [2.02040126 2.17301281 0.00000000]
- [2.03230708 2.23910965 0.00000000]
- [1.93796427 -2.19260086 0.00000000]
- [1.94976767 -2.12708278 0.00000000]
- [1.96157108 -2.06156470 0.00000000]
- [1.97337448 -1.99604663 0.00000000]
- [1.98517789 -1.93052855 0.00000000]
- [1.99698129 -1.86501047 0.00000000]
- [2.00878470 -1.79949240 0.00000000]
- [2.02058811 -1.73397432 0.00000000]
- [2.03239151 -1.66845624 0.00000000]
- [2.04419492 -1.60293817 0.00000000]
- [2.05599832 -1.53742009 0.00000000]
- [2.06780173 -1.47190201 0.00000000]
- [2.07960513 -1.40638393 0.00000000]
- [2.09140854 -1.34086586 0.00000000]
- [2.10321195 -1.27534778 0.00000000]
- [2.11501535 -1.20982970 0.00000000]
- [2.12681876 -1.14431163 0.00000000]
- [2.13862216 -1.07879355 0.00000000]
- [2.15042557 -1.01327547 0.00000000]
- [2.16222897 -0.94775740 0.00000000]
- [2.17403238 -0.88223932 0.00000000]
- [2.18583579 -0.81672124 0.00000000]
- [2.19763919 -0.75120317 0.00000000]
- [2.20944260 -0.68568509 0.00000000]
- [2.22124600 -0.62016701 0.00000000]
- [2.23304941 -0.55464894 0.00000000]
- [2.24485281 -0.48913086 0.00000000]
- [2.25665622 -0.42361278 0.00000000]
- [2.26845962 -0.35809471 0.00000000]
- [2.28026303 -0.29257663 0.00000000]
- [2.29206644 -0.22705855 0.00000000]
- [2.30386984 -0.16154047 0.00000000]
- [2.31567325 -0.09602240 0.00000000]
- [2.32747665 -0.03050432 0.00000000]
- [2.33928006 0.03501376 0.00000000]
- [2.35108346 0.10053183 0.00000000]
- [2.36288687 0.16604991 0.00000000]
- [2.37469028 0.23156799 0.00000000]
- [2.38649368 0.29708606 0.00000000]
- [2.39829709 0.36260414 0.00000000]
- [2.41010049 0.42812222 0.00000000]
- [2.42190390 0.49364029 0.00000000]
- [2.43370730 0.55915837 0.00000000]
- [2.44551071 0.62467645 0.00000000]
- [2.45731412 0.69019452 0.00000000]
- [2.46911752 0.75571260 0.00000000]
- [2.48092093 0.82123068 0.00000000]
- [2.49272433 0.88674876 0.00000000]
- [2.50452774 0.95226683 0.00000000]
- [2.51633114 1.01778491 0.00000000]
- [2.52813455 1.08330299 0.00000000]
- [2.53993795 1.14882106 0.00000000]
- [2.55174136 1.21433914 0.00000000]
- [2.56354477 1.27985722 0.00000000]
- [2.57534817 1.34537529 0.00000000]
- [2.58715158 1.41089337 0.00000000]
- [2.59895498 1.47641145 0.00000000]
- [2.61075839 1.54192952 0.00000000]
- [2.62256179 1.60744760 0.00000000]
- [2.63436520 1.67296568 0.00000000]
- [2.64616861 1.73848375 0.00000000]
- [2.65797201 1.80400183 0.00000000]
- [2.66977542 1.86951991 0.00000000]
- [2.68157882 1.93503798 0.00000000]
- [2.69338223 2.00055606 0.00000000]
- [2.70518563 2.06607414 0.00000000]
- [2.71698904 2.13159222 0.00000000]
- [2.72879245 2.19711029 0.00000000]
elements:
- [1 2]
- [2 3]
- [3 4]
- [4 5]
- [5 6]
- [6 7]
- [7 8]
- [8 9]
- [9 10]
- [10 11]
- [11 12]
- [12 13]
- [13 14]
- [14 15]
- [15 16]
- [16 17]
- [17 18]
- [18 19]
- [19 20]
- [20 21]
- [21 22]
- [22 23]
- [23 24]
- [24 25]
- [25 26]
- [26 27]
- [27 28]
- [28 29]
- [29 30]
- [30 31]
- [31 32]
- [32 33]
- [33 34]
- [34 35]
- [35 36]
- [36 37]
- [37 38]
- [38 39]
- [39 40]
- [40 41]
- [41 42]
- [42 43]
- [43 44]
- [44 45]
- [45 46]
- [46 47]
- [47 48]
- [48 49]
- [49 50]
- [50 51]
- [51 52]
- [52 53]
- [53 54]
- [54 55]
- [55 56]
- [56 57]
- [57 58]
- [58 59]
- [59 60]
- [60 61]
- [61 62]
- [62 63]
- [63 64]
- [64 65]
- [65 66]
- [66 67]
- [67 68]
- [68 69]
- [69 70]
- [70 71]
- [71 72]
- [72 73]
- [73 74]
- [74 75]
- [75 76]
- [76 77]
- [77 78]
- [78 79]
- [79 80]
- [80 81]
- [81 82]
- [82 83]
- [83 84]
- [84 85]
- [85 86]
- [86 87]
- [87 88]
- [88 89]
- [89 90]
- [90 91]
- [91 92]
- [92 93]
- [93 94]
- [94 95]
- [95 96]
- [96 97]
- [97 98]
- [98 99]
- [99 100]
- [100 101]
- [101 102]
- [102 103]
- [103 104]
- [104 105]
- [105 106]
- [106 107]
- [107 108]
- [108 109]
- [109 110]
- [110 111]
- [111 112]
- [112 113]
- [113 114]
- [114 115]
- [115 116]
- [116 117]
- [117 118]
- [118 119]
- [119 120]
- [120 121]
- [121 122]
- [122 123]
- [123 124]
- [124 125]
- [125 126]
- [126 127]
- [127 128]
- [128 129]
- [129 130]
- [130 131]
- [131 132]
- [132 133]
- [133 134]
- [134 135]
- [135 136]
- [136 137]
- [137 138]
- [138 139]
- [139 140]
- [140 141]
- [141 142]
- [142 143]
- [143 144]
- [144 145]
- [145 146]
- [146 147]
- [147 148]
- [148 149]
- [149 150]
- [150 151]
- [151 152]
- [152 153]
- [153 154]
- [154 155]
- [155 156]
- [156 157]
- [157 158]
- [158 159]
- [159 160]
- [160 161]
- [161 162]
- [162 163]
- [163 164]
- [164 165]
- [165 166]
- [166 167]
- [167 168]
- [168 169]
- [169 170]
- [170 171]
- [171 172]
- [172 173]
- [173 174]
- [174 175]
- [175 176]
- [176 177]
- [177 178]
- [178 179]
- [179 180]
- [180 181]
- [181 182]
- [182 183]
- [183 184]
- [184 185]
- [185 186]
- [186 187]
- [187 188]
- [188 189]
- [189 190]
- [190 191]
- [191 192]
- [192 193]
- [193 194]
- [194 195]
- [195 196]
- [196 197]
- [197 198]
- [198 199]
- [199 200]
- [200 201]
- [201 202]
- [202 203]
- [203 204]
- [204 205]
- [205 206]
- [206 207]
- [207 208]
- [208 209]
- [209 210]
- [210 211]
- [211 212]
- [212 213]
- [213 214]
- [214 215]
- [215 216]
- [216 217]
- [217 218]
- [218 219]
- [219 220]
- [220 221]
- [221 222]
- [222 223]
- [223 224]
- [224 225]
- [225 226]
- [226 227]
- [227 228]
- [228 229]
- [229 230]
- [230 231]
- [231 232]
- [232 233]
- [233 234]
- [234 235]
- [235 236]
- [236 237]
- [237 238]
- [238 239]
- [239 240]
- [240 241]
- [241 242]
- [242 243]
- [243 244]
- [244 245]
- [245 246]
- [246 247]
- [247 248]
- [248 249]
- [249 250]
- [250 1]
- [208 251]
- [251 252]
- [252 253]
- [253 254]
- [254 255]
- [255 256]
- [256 257]
- [257 258]
- [258 259]
- [259 260]
- [260 261]
- [261 262]
- [262 263]
- [263 264]
- [264 265]
- [265 266]
- [266 267]
- [267 268]
- [268 269]
- [269 270]
- [270 271]
- [271 272]
- [272 273]
- [273 274]
- [274 275]
- [275 276]
- [276 277]
- [277 278]
- [278 279]
- [279 280]
- [280 281]
- [281 282]
- [282 283]
- [283 284]
- [284 285]
- [285 286]
- [286 287]
- [287 288]
- [288 289]
- [289 290]
- [290 291]
- [291 292]
- [292 293]
- [293 294]
- [294 295]
- [295 296]
- [296 297]
- [297 298]
- [298 299]
- [299 300]
- [300 301]
- [301 302]
- [302 35]
- [164 303]
- [303 304]
- [304 305]
- [305 306]
- [306 307]
- [307 308]
- [308 309]
- [309 310]
- [310 311]
- [311 312]
- [312 313]
- [313 314]
- [314 315]
- [315 316]
- [316 317]
- [317 318]
- [318 319]
- [319 320]
- [320 321]
- [321 322]
- [322 323]
- [323 324]
- [324 325]
- [325 326]
- [326 327]
- [327 328]
- [328 329]
- [329 330]
- [330 331]
- [331 332]
- [332 333]
- [333 334]
- [334 335]
- [335 336]
- [336 337]
- [337 338]
- [338 339]
- [339 340]
- [340 341]
- [341 342]
- [342 343]
- [343 344]
- [344 345]
- [345 346]
- [346 347]
- [347 348]
- [348 349]
- [349 350]
- [350 351]
- [351 352]
- [352 353]
- [353 354]
- [354 355]
- [355 356]
- [356 357]
- [357 358]
- [358 359]
- [359 360]
- [360 361]
- [361 362]
- [362 363]
- [363 364]
- [364 365]
- [365 366]
- [366 367]
- [367 73]
- [175 368]
- [368 369]
- [369 370]
- [370 371]
- [371 372]
- [372 373]
- [373 374]
- [374 375]
- [375 376]
- [376 377]
- [377 378]
- [378 379]
- [379 380]
- [380 381]
- [381 382]
- [382 383]
- [383 384]
- [384 385]
- [385 386]
- [386 387]
- [387 388]
- [388 389]
- [389 390]
- [390 391]
- [391 392]
- [392 393]
- [393 394]
- [394 395]
- [395 396]
- [396 397]
- [397 398]
- [398 399]
- [399 400]
- [400 401]
- [401 402]
- [402 403]
- [403 404]
- [404 405]
- [405 406]
- [406 407]
- [407 408]
- [408 409]
- [409 410]
- [410 411]
- [411 412]
- [412 413]
- [413 414]
- [414 415]
- [415 416]
- [416 417]
- [417 418]
- [418 419]
- [419 420]
- [420 421]
- [421 422]
- [422 423]
- [423 424]
- [424 425]
- [425 426]
- [426 427]
- [427 428]
- [428 429]
- [429 430]
- [430 431]
- [431 432]
- [432 433]
- [433 434]
- [434 435]
- [435 62]
sets:
  element:
  - name: layup_0
    labels:
    - 1
    - 2
    - 3
    - 4
    - 5
    - 6
    - 7
    - 8
    - 9
    - 10
    - 11
    - 12
    - 13
    - 14
    - 15
    - 16
    - 17
    - 18
    - 19
    - 20
    - 21
    - 22
    - 228
    - 229
    - 230
    - 231
    - 232
    - 233
    - 234
    - 235
    - 236
    - 237
    - 238
    - 239
    - 240
    - 241
    - 242
    - 243
    - 244
    - 245
    - 246
    - 247
    - 248
    - 249
    - 250
  - name: layup_1
    labels:
    - 23
    - 24
    - 25
    - 26
    - 27
    - 28
    - 29
    - 30
    - 31
    - 32
    - 33
    - 34
    - 35
    - 36
    - 37
    - 38
    - 39
    - 40
    - 41
    - 42
    - 43
    - 44
    - 45
    - 46
    - 47
    - 48
    - 49
    - 50
    - 51
    - 52
    - 53
    - 54
    - 55
    - 56
    - 57
    - 58
    - 59
    - 60
    - 74
    - 75
    - 76
    - 77
    - 78
    - 79
    - 80
    - 81
    - 82
    - 83
    - 84
    - 85
    - 86
    - 87
    - 88
    - 89
    - 90
    - 91
    - 92
    - 93
    - 94
    - 95
    - 96
    - 97
    - 98
    - 99
    - 100
    - 101
    - 102
    - 103
    - 104
    - 105
    - 106
    - 107
    - 108
    - 109
    - 110
    - 111
    - 112
    - 113
    - 114
    - 115
    - 116
    - 117
    - 118
    - 119
    - 120
    - 121
    - 122
    - 127
    - 128
    - 129
    - 130
    - 131
    - 132
    - 133
    - 134
    - 135
    - 136
    - 137
    - 138
    - 139
    - 140
    - 141
    - 142
    - 143
    - 144
    - 145
    - 146
    - 147
    - 148
    - 149
    - 150
    - 151
    - 152
    - 153
    - 154
    - 155
    - 156
    - 157
    - 158
    - 159
    - 160
    - 161
    - 162
    - 177
    - 178
    - 179
    - 180
    - 181
    - 182
    - 183
    - 184
    - 185
    - 186
    - 187
    - 188
    - 189
    - 190
    - 191
    - 192
    - 193
    - 194
    - 195
    - 196
    - 197
    - 198
    - 199
    - 200
    - 201
    - 202
    - 203
    - 204
    - 205
    - 206
    - 207
    - 208
    - 209
    - 210
    - 211
    - 212
    - 213
    - 214
    - 215
    - 216
    - 217
    - 218
    - 219
    - 220
    - 221
    - 222
    - 223
    - 224
    - 225
    - 226
    - 227
  - name: layup_2
    labels:
    - 61
    - 62
    - 63
    - 64
    - 65
    - 66
    - 67
    - 68
    - 69
    - 70
    - 71
    - 72
    - 73
  - name: layup_3
    labels:
    - 123
    - 124
    - 125
    - 126
  - name: layup_4
    labels:
    - 163
    - 164
    - 165
    - 166
    - 167
    - 168
    - 169
    - 170
    - 171
    - 172
    - 173
    - 174
    - 175
    - 176
  - name: layup_5
    labels:
    - 251
    - 252
    - 253
    - 254
    - 255
    - 256
    - 257
    - 258
    - 259
    - 260
    - 261
    - 262
    - 263
    - 264
    - 265
    - 266
    - 267
    - 268
    - 269
    - 270
    - 271
    - 272
    - 273
    - 274
    - 275
    - 276
    - 277
    - 278
    - 279
    - 280
    - 281
    - 282
    - 283
    - 284
    - 285
    - 286
    - 287
    - 288
    - 289
    - 290
    - 291
    - 292
    - 293
    - 294
    - 295
    - 296
    - 297
    - 298
    - 299
    - 300
    - 301
    - 302
    - 303
    - 304
    - 305
    - 306
    - 307
    - 308
    - 309
    - 310
    - 311
    - 312
    - 313
    - 314
    - 315
    - 316
    - 317
    - 318
    - 319
    - 320
    - 321
    - 322
    - 323
    - 324
    - 325
    - 326
    - 327
    - 328
    - 329
    - 330
    - 331
    - 332
    - 333
    - 334
    - 335
    - 336
    - 337
    - 338
    - 339
    - 340
    - 341
    - 342
    - 343
    - 344
    - 345
    - 346
    - 347
    - 348
    - 349
    - 350
    - 351
    - 352
    - 353
    - 354
    - 355
    - 356
    - 357
    - 358
    - 359
    - 360
    - 361
    - 362
    - 363
    - 364
    - 365
    - 366
    - 367
    - 368
    - 369
    - 370
    - 371
    - 372
    - 373
    - 374
    - 375
    - 376
    - 377
    - 378
    - 379
    - 380
    - 381
    - 382
    - 383
    - 384
    - 385
    - 386
    - 387
    - 388
    - 389
    - 390
    - 391
    - 392
    - 393
    - 394
    - 395
    - 396
    - 397
    - 398
    - 399
    - 400
    - 401
    - 402
    - 403
    - 404
    - 405
    - 406
    - 407
    - 408
    - 409
    - 410
    - 411
    - 412
    - 413
    - 414
    - 415
    - 416
    - 417
    - 418
    - 419
    - 420
    - 421
    - 422
    - 423
    - 424
    - 425
    - 426
    - 427
    - 428
    - 429
    - 430
    - 431
    - 432
    - 433
    - 434
    - 435
    - 436
    - 437
    - 438
sections:
- type: shell
  elementSet: layup_0
  layup:
  - - gelcoat
    - 0.0005
    - 0.0
  - - glass_triax
    - 0.007563
    - 0.0
  - - glass_uniax
    - 0.02351479
    - 0.0
  - - glass_triax
    - 0.007563
    - 0.0
- type: shell
  elementSet: layup_1
  layup:
  - - gelcoat
    - 0.0005
    - 0.0
  - - glass_triax
    - 0.007563
    - 0.0
  - - medium_density_foam
    - 0.06833241
    - 0.0
  - - glass_triax
    - 0.007563
    - 0.0
- type: shell
  elementSet: layup_2
  layup:
  - - gelcoat
    - 0.0005
    - 0.0
  - - glass_triax
    - 0.007563
    - 0.0
  - - carbon_uniax
    - 0.06529588
    - 0.0
  - - glass_triax
    - 0.007563
    - 0.0
- type: shell
  elementSet: layup_3
  layup:
  - - gelcoat
    - 0.0005
    - 0.0
  - - glass_triax
    - 0.007563
    - 0.0
  - - glass_uniax
    - 0.01960291
    - 0.0
  - - glass_triax
    - 0.007563
    - 0.0
- type: shell
  elementSet: layup_4
  layup:
  - - gelcoat
    - 0.0005
    - 0.0
  - - glass_triax
    - 0.007563
    - 0.0
  - - carbon_uniax
    - 0.05762324
    - 0.0
  - - glass_triax
    - 0.007563
    - 0.0
- type: shell
  elementSet: layup_5
  layup:
  - - glass_biax
    - 0.002
    - 0.0
  - - medium_density_foam
    - 0.046
    - 0.0
  - - glass_biax
    - 0.002
    - 0.0
elementOrientations:
- [0.0, 0.0, 1.0, -0.9460960423474315, 0.32388621251070127, 0.0, -0.32388621251070127,
  -0.9460960423474315, 0.0]
- [0.0, 0.0, 1.0, -0.9296865212390079, 0.36835169638066234, 0.0, -0.36835169638066234,
  -0.9296865212390079, 0.0]
- [0.0, 0.0, 1.0, -0.9359745789439748, 0.35206758949191724, 0.0, -0.35206758949191724,
  -0.9359745789439748, 0.0]
- [0.0, 0.0, 1.0, -0.9475247590630101, 0.31968239076086874, 0.0, -0.31968239076086874,
  -0.9475247590630101, 0.0]
- [0.0, 0.0, 1.0, -0.9546120366665297, 0.2978520764597423, 0.0, -0.2978520764597423,
  -0.9546120366665297, 0.0]
- [0.0, 0.0, 1.0, -0.9560324561914233, 0.2932608782442592, 0.0, -0.2932608782442592,
  -0.9560324561914233, 0.0]
- [0.0, 0.0, 1.0, -0.9546982756811098, 0.2975755406808761, 0.0, -0.2975755406808761,
  -0.9546982756811098, 0.0]
- [0.0, 0.0, 1.0, -0.9568391137268775, 0.29061815229328647, 0.0, -0.29061815229328647,
  -0.9568391137268775, 0.0]
- [0.0, 0.0, 1.0, -0.958551270101299, 0.2849200986016718, 0.0, -0.2849200986016718,
  -0.958551270101299, 0.0]
- [0.0, 0.0, 1.0, -0.9587252909307884, 0.2843339876442407, 0.0, -0.2843339876442407,
  -0.9587252909307884, 0.0]
- [0.0, 0.0, 1.0, -0.9544923615205304, 0.29823536309257664, 0.0, -0.29823536309257664,
  -0.9544923615205304, 0.0]
- [0.0, 0.0, 1.0, -0.9580879289831709, 0.28647429262804486, 0.0, -0.28647429262804486,
  -0.9580879289831709, 0.0]
- [0.0, 0.0, 1.0, -0.957778799196873, 0.28750612481996973, 0.0, -0.28750612481996973,
  -0.957778799196873, 0.0]
- [0.0, 0.0, 1.0, -0.9559979123436444, 0.2933734677754516, 0.0, -0.2933734677754516,
  -0.9559979123436444, 0.0]
- [0.0, 0.0, 1.0, -0.9585824383387619, 0.2848152188850063, 0.0, -0.2848152188850063,
  -0.9585824383387619, 0.0]
- [0.0, 0.0, 1.0, -0.9564965180172978, 0.29174374204219844, 0.0, -0.29174374204219844,
  -0.9564965180172978, 0.0]
- [0.0, 0.0, 1.0, -0.9547691702730369, 0.29734799729632766, 0.0, -0.29734799729632766,
  -0.9547691702730369, 0.0]
- [0.0, 0.0, 1.0, -0.9543989022514511, 0.2985343118993608, 0.0, -0.2985343118993608,
  -0.9543989022514511, 0.0]
- [0.0, 0.0, 1.0, -0.9566793404670426, 0.29114367505330485, 0.0, -0.29114367505330485,
  -0.9566793404670426, 0.0]
- [0.0, 0.0, 1.0, -0.9550051278481698, 0.296589288046114, 0.0, -0.296589288046114,
  -0.9550051278481698, 0.0]
- [0.0, 0.0, 1.0, -0.9547126431210508, 0.29752944234952156, 0.0, -0.29752944234952156,
  -0.9547126431210508, 0.0]
- [0.0, 0.0, 1.0, -0.9908923969189706, 0.1346560720063435, 0.0, -0.1346560720063435,
  -0.9908923969189706, 0.0]
- [0.0, 0.0, 1.0, -0.9920001650374825, 0.1262365738033467, 0.0, -0.1262365738033467,
  -0.9920001650374825, 0.0]
- [0.0, 0.0, 1.0, -0.9558879794627368, 0.29373146021263485, 0.0, -0.29373146021263485,
  -0.9558879794627368, 0.0]
- [0.0, 0.0, 1.0, -0.95585566233638, 0.29383660898444947, 0.0, -0.29383660898444947,
  -0.95585566233638, 0.0]
- [0.0, 0.0, 1.0, -0.9551413396772627, 0.2961503355384286, 0.0, -0.2961503355384286,
  -0.9551413396772627, 0.0]
- [0.0, 0.0, 1.0, -0.950827999939648, 0.30971941258301633, 0.0, -0.30971941258301633,
  -0.950827999939648, 0.0]
- [0.0, 0.0, 1.0, -0.9575334290014206, 0.28832227167664526, 0.0, -0.28832227167664526,
  -0.9575334290014206, 0.0]
- [0.0, 0.0, 1.0, -0.9550567256219579, 0.29642309431666125, 0.0, -0.29642309431666125,
  -0.9550567256219579, 0.0]
- [0.0, 0.0, 1.0, -0.9528944394453027, 0.30330213859157334, 0.0, -0.30330213859157334,
  -0.9528944394453027, 0.0]
- [0.0, 0.0, 1.0, -0.9538850492878912, 0.3001721385222773, 0.0, -0.3001721385222773,
  -0.9538850492878912, 0.0]
- [0.0, 0.0, 1.0, -0.9560007933534403, 0.29336407944326176, 0.0, -0.29336407944326176,
  -0.9560007933534403, 0.0]
- [0.0, 0.0, 1.0, -0.9554041446883313, 0.2953014058760267, 0.0, -0.2953014058760267,
  -0.9554041446883313, 0.0]
- [0.0, 0.0, 1.0, -0.9549723309490421, 0.29669487208536865, 0.0, -0.29669487208536865,
  -0.9549723309490421, 0.0]
- [0.0, 0.0, 1.0, -0.9541786424990732, 0.29923756147687364, 0.0, -0.29923756147687364,
  -0.9541786424990732, 0.0]
- [0.0, 0.0, 1.0, -0.9526057429395335, 0.30420765690333856, 0.0, -0.30420765690333856,
  -0.9526057429395335, 0.0]
- [0.0, 0.0, 1.0, -0.9519873757046663, 0.30613728374528726, 0.0, -0.30613728374528726,
  -0.9519873757046663, 0.0]
- [0.0, 0.0, 1.0, -0.9539190861531369, 0.3000639549708763, 0.0, -0.3000639549708763,
  -0.9539190861531369, 0.0]
- [0.0, 0.0, 1.0, -0.9553838342108875, 0.29536710942233174, 0.0, -0.29536710942233174,
  -0.9553838342108875, 0.0]
- [0.0, 0.0, 1.0, -0.9562351764504611, 0.2925991922729035, 0.0, -0.2925991922729035,
  -0.9562351764504611, 0.0]
- [0.0, 0.0, 1.0, -0.9563237613310506, 0.29230953373715307, 0.0, -0.29230953373715307,
  -0.9563237613310506, 0.0]
- [0.0, 0.0, 1.0, -0.9544792487551536, 0.2982773268215296, 0.0, -0.2982773268215296,
  -0.9544792487551536, 0.0]
- [0.0, 0.0, 1.0, -0.9547295012901076, 0.2974753424510043, 0.0, -0.2974753424510043,
  -0.9547295012901076, 0.0]
- [0.0, 0.0, 1.0, -0.9580588981289972, 0.28657136583380327, 0.0, -0.28657136583380327,
  -0.9580588981289972, 0.0]
- [0.0, 0.0, 1.0, -0.9600317386812035, 0.2798911587112838, 0.0, -0.2798911587112838,
  -0.9600317386812035, 0.0]
- [0.0, 0.0, 1.0, -0.9588444011175974, 0.2839320595590358, 0.0, -0.2839320595590358,
  -0.9588444011175974, 0.0]
- [0.0, 0.0, 1.0, -0.9560059608005854, 0.2933472394854767, 0.0, -0.2933472394854767,
  -0.9560059608005854, 0.0]
- [0.0, 0.0, 1.0, -0.9613464985255168, 0.27534144216359574, 0.0, -0.27534144216359574,
  -0.9613464985255168, 0.0]
- [0.0, 0.0, 1.0, -0.9606479441332593, 0.27776883812361325, 0.0, -0.27776883812361325,
  -0.9606479441332593, 0.0]
- [0.0, 0.0, 1.0, -0.9615740241707647, 0.2745457995308645, 0.0, -0.2745457995308645,
  -0.9615740241707647, 0.0]
- [0.0, 0.0, 1.0, -0.9645248515933947, 0.263992065522318, 0.0, -0.263992065522318,
  -0.9645248515933947, 0.0]
- [0.0, 0.0, 1.0, -0.9664927733910481, 0.25669382342175745, 0.0, -0.25669382342175745,
  -0.9664927733910481, 0.0]
- [0.0, 0.0, 1.0, -0.9644467034493598, 0.26427742280728933, 0.0, -0.26427742280728933,
  -0.9644467034493598, 0.0]
- [0.0, 0.0, 1.0, -0.9709796061504756, 0.23916229727920585, 0.0, -0.23916229727920585,
  -0.9709796061504756, 0.0]
- [0.0, 0.0, 1.0, -0.9697843123705423, 0.24396390610087082, 0.0, -0.24396390610087082,
  -0.9697843123705423, 0.0]
- [0.0, 0.0, 1.0, -0.9721901537375031, 0.23419287985728826, 0.0, -0.23419287985728826,
  -0.9721901537375031, 0.0]
- [0.0, 0.0, 1.0, -0.978794340250741, 0.20484540388575206, 0.0, -0.20484540388575206,
  -0.978794340250741, 0.0]
- [0.0, 0.0, 1.0, -0.9778909392299876, 0.20911554454868408, 0.0, -0.20911554454868408,
  -0.9778909392299876, 0.0]
- [0.0, 0.0, 1.0, -0.9799996607163264, 0.19899915827933817, 0.0, -0.19899915827933817,
  -0.9799996607163264, 0.0]
- [0.0, 0.0, 1.0, -0.9830766850451176, 0.18319451771464826, 0.0, -0.18319451771464826,
  -0.9830766850451176, 0.0]
- [0.0, 0.0, 1.0, -0.9841258606209137, 0.17747194273221337, 0.0, -0.17747194273221337,
  -0.9841258606209137, 0.0]
- [0.0, 0.0, 1.0, -0.9885118687933604, 0.15114326069877712, 0.0, -0.15114326069877712,
  -0.9885118687933604, 0.0]
- [0.0, 0.0, 1.0, -0.991678258814875, 0.12874094528897115, 0.0, -0.12874094528897115,
  -0.991678258814875, 0.0]
- [0.0, 0.0, 1.0, -0.9932353979847066, 0.1161182336679351, 0.0, -0.1161182336679351,
  -0.9932353979847066, 0.0]
- [0.0, 0.0, 1.0, -0.99467742894362, 0.10303791705051916, 0.0, -0.10303791705051916,
  -0.99467742894362, 0.0]
- [0.0, 0.0, 1.0, -0.9967860250242816, 0.0801100512812996, 0.0, -0.0801100512812996,
  -0.9967860250242816, 0.0]
- [0.0, 0.0, 1.0, -0.9980584198319017, 0.06228475417505531, 0.0, -0.06228475417505531,
  -0.9980584198319017, 0.0]
- [0.0, 0.0, 1.0, -0.998955450956953, 0.045694715267639144, 0.0, -0.045694715267639144,
  -0.998955450956953, 0.0]
- [0.0, 0.0, 1.0, -0.9995467027151321, 0.030106296539214965, 0.0, -0.030106296539214965,
  -0.9995467027151321, 0.0]
- [0.0, 0.0, 1.0, -0.9999825530726271, -0.00590707629464572, 0.0, 0.00590707629464572,
  -0.9999825530726271, 0.0]
- [0.0, 0.0, 1.0, -0.9999720953133633, -0.007470515015836562, 0.0, 0.007470515015836562,
  -0.9999720953133633, 0.0]
- [0.0, 0.0, 1.0, -0.9993897749331953, -0.03492961149193021, 0.0, 0.03492961149193021,
  -0.9993897749331953, 0.0]
- [0.0, 0.0, 1.0, -0.9959540432958908, -0.08986402863530518, 0.0, 0.08986402863530518,
  -0.9959540432958908, 0.0]
- [0.0, 0.0, 1.0, -0.9942843324355526, -0.10676453658957936, 0.0, 0.10676453658957936,
  -0.9942843324355526, 0.0]
- [0.0, 0.0, 1.0, -0.9939811095873703, -0.10955160329022987, 0.0, 0.10955160329022987,
  -0.9939811095873703, 0.0]
- [0.0, 0.0, 1.0, -0.9869042684041133, -0.1613070519405206, 0.0, 0.1613070519405206,
  -0.9869042684041133, 0.0]
- [0.0, 0.0, 1.0, -0.9822439589725369, -0.18760811566122965, 0.0, 0.18760811566122965,
  -0.9822439589725369, 0.0]
- [0.0, 0.0, 1.0, -0.9781601451066179, -0.20785266542673983, 0.0, 0.20785266542673983,
  -0.9781601451066179, 0.0]
- [0.0, 0.0, 1.0, -0.9717634593410949, -0.23595715519862565, 0.0, 0.23595715519862565,
  -0.9717634593410949, 0.0]
- [0.0, 0.0, 1.0, -0.9625547929528557, -0.27108720103222284, 0.0, 0.27108720103222284,
  -0.9625547929528557, 0.0]
- [0.0, 0.0, 1.0, -0.9576844966490035, -0.287820091164854, 0.0, 0.287820091164854,
  -0.9576844966490035, 0.0]
- [0.0, 0.0, 1.0, -0.944956480700834, -0.3271960415125681, 0.0, 0.3271960415125681,
  -0.944956480700834, 0.0]
- [0.0, 0.0, 1.0, -0.933834251165982, -0.3577060124589319, 0.0, 0.3577060124589319,
  -0.933834251165982, 0.0]
- [0.0, 0.0, 1.0, -0.9196354490891119, -0.3927730143208256, 0.0, 0.3927730143208256,
  -0.9196354490891119, 0.0]
- [0.0, 0.0, 1.0, -0.9050397933658428, -0.42532690065914264, 0.0, 0.42532690065914264,
  -0.9050397933658428, 0.0]
- [0.0, 0.0, 1.0, -0.8949272554714661, -0.44621206551852577, 0.0, 0.44621206551852577,
  -0.8949272554714661, 0.0]
- [0.0, 0.0, 1.0, -0.8814844625624901, -0.47221302635666235, 0.0, 0.47221302635666235,
  -0.8814844625624901, 0.0]
- [0.0, 0.0, 1.0, -0.8577464848517036, -0.514072920629502, 0.0, 0.514072920629502,
  -0.8577464848517036, 0.0]
- [0.0, 0.0, 1.0, -0.8411863555367738, -0.5407453330901346, 0.0, 0.5407453330901346,
  -0.8411863555367738, 0.0]
- [0.0, 0.0, 1.0, -0.826798611092048, -0.5624980503932976, 0.0, 0.5624980503932976,
  -0.826798611092048, 0.0]
- [0.0, 0.0, 1.0, -0.8110342685570328, -0.5849986454908753, 0.0, 0.5849986454908753,
  -0.8110342685570328, 0.0]
- [0.0, 0.0, 1.0, -0.7891715919130717, -0.6141727757865763, 0.0, 0.6141727757865763,
  -0.7891715919130717, 0.0]
- [0.0, 0.0, 1.0, -0.7596021486159118, -0.6503880194300093, 0.0, 0.6503880194300093,
  -0.7596021486159118, 0.0]
- [0.0, 0.0, 1.0, -0.7419817356188173, -0.6704200951702503, 0.0, 0.6704200951702503,
  -0.7419817356188173, 0.0]
- [0.0, 0.0, 1.0, -0.7227259336271157, -0.691134737126426, 0.0, 0.691134737126426,
  -0.7227259336271157, 0.0]
- [0.0, 0.0, 1.0, -0.702939563052592, -0.711249583968547, 0.0, 0.711249583968547,
  -0.702939563052592, 0.0]
- [0.0, 0.0, 1.0, -0.6788978074116333, -0.7342327744603048, 0.0, 0.7342327744603048,
  -0.6788978074116333, 0.0]
- [0.0, 0.0, 1.0, -0.6452251273193271, -0.7639924967404839, 0.0, 0.7639924967404839,
  -0.6452251273193271, 0.0]
- [0.0, 0.0, 1.0, -0.6271080811270435, -0.778932252885421, 0.0, 0.778932252885421,
  -0.6271080811270435, 0.0]
- [0.0, 0.0, 1.0, -0.5947241735892012, -0.8039298211589379, 0.0, 0.8039298211589379,
  -0.5947241735892012, 0.0]
- [0.0, 0.0, 1.0, -0.5692673519020942, -0.8221524688635176, 0.0, 0.8221524688635176,
  -0.5692673519020942, 0.0]
- [0.0, 0.0, 1.0, -0.5487246756564015, -0.8360031281794208, 0.0, 0.8360031281794208,
  -0.5487246756564015, 0.0]
- [0.0, 0.0, 1.0, -0.5209863678261235, -0.853564997255243, 0.0, 0.853564997255243,
  -0.5209863678261235, 0.0]
- [0.0, 0.0, 1.0, -0.4787955995738016, -0.8779264057019608, 0.0, 0.8779264057019608,
  -0.4787955995738016, 0.0]
- [0.0, 0.0, 1.0, -0.4599902222791074, -0.8879239806467767, 0.0, 0.8879239806467767,
  -0.4599902222791074, 0.0]
- [0.0, 0.0, 1.0, -0.43291974506320297, -0.9014324679832711, 0.0, 0.9014324679832711,
  -0.43291974506320297, 0.0]
- [0.0, 0.0, 1.0, -0.4098615566238525, -0.9121477426392463, 0.0, 0.9121477426392463,
  -0.4098615566238525, 0.0]
- [0.0, 0.0, 1.0, -0.3843189013738899, -0.923200401888326, 0.0, 0.923200401888326,
  -0.3843189013738899, 0.0]
- [0.0, 0.0, 1.0, -0.3479873908374699, -0.9374992137693396, 0.0, 0.9374992137693396,
  -0.3479873908374699, 0.0]
- [0.0, 0.0, 1.0, -0.3285516384631469, -0.9444860088234138, 0.0, 0.9444860088234138,
  -0.3285516384631469, 0.0]
- [0.0, 0.0, 1.0, -0.30544943986801265, -0.952208296374442, 0.0, 0.952208296374442,
  -0.30544943986801265, 0.0]
- [0.0, 0.0, 1.0, -0.2764569802181135, -0.9610262941713311, 0.0, 0.9610262941713311,
  -0.2764569802181135, 0.0]
- [0.0, 0.0, 1.0, -0.2496417499153952, -0.9683382656381907, 0.0, 0.9683382656381907,
  -0.2496417499153952, 0.0]
