nodes:
- [2.92529445 0.00731278 0.00000000]
- [2.90038382 0.01083907 0.00000000]
- [2.87170232 0.01663622 0.00000000]
- [2.84302051 0.02243072 0.00000000]
- [2.81433833 0.02822193 0.00000000]
- [2.78565330 0.03400838 0.00000000]
- [2.75696579 0.03980888 0.00000000]
- [2.72828757 0.04564966 0.00000000]
- [2.69960611 0.05149478 0.00000000]
- [2.67093917 0.05741586 0.00000000]
- [2.64227941 0.06334874 0.00000000]
- [2.61362185 0.06931772 0.00000000]
- [2.58498029 0.07534431 0.00000000]
- [2.55633975 0.08137173 0.00000000]
- [2.52770689 0.08745095 0.00000000]
- [2.49908566 0.09355811 0.00000000]
- [2.47046294 0.09966805 0.00000000]
- [2.44184830 0.10582542 0.00000000]
- [2.41324325 0.11200181 0.00000000]
- [2.38463528 0.11817884 0.00000000]
- [2.35603505 0.12440274 0.00000000]
- [2.32744450 0.13064611 0.00000000]
- [2.29885439 0.13688936 0.00000000]
- [2.27026606 0.14314957 0.00000000]
- [2.24168320 0.14942586 0.00000000]
- [2.21310223 0.15570174 0.00000000]
- [2.18379735 0.15867916 0.00000000]
- [2.15110550 0.16239808 0.00000000]
- [2.11913941 0.16941463 0.00000000]
- [2.08718202 0.17641809 0.00000000]
- [2.05521143 0.18336764 0.00000000]
- [2.02664193 0.18957411 0.00000000]
- [1.99808772 0.19577457 0.00000000]
- [1.96952519 0.20190014 0.00000000]
- [1.94093839 0.20799392 0.00000000]
- [1.91235017 0.21408799 0.00000000]
- [1.88378777 0.22014617 0.00000000]
- [1.85519144 0.22606461 0.00000000]
- [1.82656109 0.23198014 0.00000000]
- [1.79795661 0.23789034 0.00000000]
- [1.76936024 0.24367052 0.00000000]
- [1.74070658 0.24931069 0.00000000]
- [1.71202070 0.25495723 0.00000000]
- [1.68339186 0.26058826 0.00000000]
- [1.65473177 0.26596176 0.00000000]
- [1.62599857 0.27126517 0.00000000]
- [1.59726284 0.27656903 0.00000000]
- [1.56858212 0.28179065 0.00000000]
- [1.53984192 0.28671637 0.00000000]
- [1.51102707 0.29161397 0.00000000]
- [1.48224498 0.29650606 0.00000000]
- [1.45350168 0.30120308 0.00000000]
- [1.42466818 0.30560398 0.00000000]
- [1.39576562 0.31001557 0.00000000]
- [1.36695873 0.31441288 0.00000000]
- [1.33813156 0.31838451 0.00000000]
- [1.30918429 0.32219312 0.00000000]
- [1.28021939 0.32600411 0.00000000]
- [1.25136760 0.32970029 0.00000000]
- [1.22195883 0.32840321 0.00000000]
- [1.18913606 0.32742179 0.00000000]
- [1.15700075 0.33085529 0.00000000]
- [1.12488226 0.33361805 0.00000000]
- [1.09529782 0.33594394 0.00000000]
- [1.06577067 0.33826586 0.00000000]
- [1.03644846 0.34020241 0.00000000]
- [1.00695129 0.34153536 0.00000000]
- [0.97723284 0.34287946 0.00000000]
- [0.94793314 0.34418503 0.00000000]
- [0.91859574 0.34437654 0.00000000]
- [0.88883878 0.34457446 0.00000000]
- [0.85944860 0.34477290 0.00000000]
- [0.83018423 0.34399914 0.00000000]
- [0.80056034 0.34291441 0.00000000]
- [0.77114067 0.34183963 0.00000000]
- [0.74196817 0.33993272 0.00000000]
- [0.71251329 0.33747407 0.00000000]
- [0.68317405 0.33502815 0.00000000]
- [0.65414929 0.33177056 0.00000000]
- [0.62488352 0.32787863 0.00000000]
- [0.59577043 0.32399276 0.00000000]
- [0.56699873 0.31914296 0.00000000]
- [0.53793886 0.31371821 0.00000000]
- [0.50922418 0.30836553 0.00000000]
- [0.48087341 0.30160560 0.00000000]
- [0.45219909 0.29461132 0.00000000]
- [0.42402639 0.28725125 0.00000000]
- [0.39602320 0.27870745 0.00000000]
- [0.36806782 0.27010060 0.00000000]
- [0.34064603 0.26034670 0.00000000]
- [0.31141312 0.24945263 0.00000000]
- [0.28273641 0.23761305 0.00000000]
- [0.25248578 0.22895256 0.00000000]
- [0.22495164 0.22055050 0.00000000]
- [0.19978331 0.20712115 0.00000000]
- [0.17507387 0.19300943 0.00000000]
- [0.15112881 0.17778117 0.00000000]
- [0.12561719 0.16462383 0.00000000]
- [0.10084161 0.15042485 0.00000000]
- [0.07969216 0.13153791 0.00000000]
- [0.05959913 0.11167243 0.00000000]
- [0.04176211 0.08991634 0.00000000]
- [0.02635380 0.06656467 0.00000000]
- [0.01472200 0.04142985 0.00000000]
- [0.00756992 0.01503644 0.00000000]
- [0.00786532 -0.01200287 0.00000000]
- [0.01554299 -0.03786304 0.00000000]
- [0.03023586 -0.06103349 0.00000000]
- [0.04863074 -0.08210319 0.00000000]
- [0.06916275 -0.10148092 0.00000000]
- [0.09114357 -0.11934529 0.00000000]
- [0.11440396 -0.13572628 0.00000000]
- [0.14019148 -0.14824096 0.00000000]
- [0.16824354 -0.16048827 0.00000000]
- [0.19478275 -0.17521300 0.00000000]
- [0.22186510 -0.18895623 0.00000000]
- [0.24935097 -0.20195791 0.00000000]
- [0.27726543 -0.21413819 0.00000000]
- [0.30539972 -0.22570826 0.00000000]
- [0.33560012 -0.23215342 0.00000000]
- [0.35815907 -0.23572505 0.00000000]
- [0.37937031 -0.24256146 0.00000000]
- [0.40685686 -0.25107579 0.00000000]
- [0.43404999 -0.25928647 0.00000000]
- [0.46164031 -0.26628536 0.00000000]
- [0.48950061 -0.27328671 0.00000000]
- [0.51717499 -0.27963162 0.00000000]
- [0.54526667 -0.28513120 0.00000000]
- [0.57340510 -0.29062912 0.00000000]
- [0.60141462 -0.29529501 0.00000000]
- [0.62984235 -0.29930597 0.00000000]
- [0.65823871 -0.30331626 0.00000000]
- [0.68646839 -0.30650693 0.00000000]
- [0.71507908 -0.30906070 0.00000000]
- [0.74371497 -0.31161940 0.00000000]
- [0.77207535 -0.31354841 0.00000000]
- [0.80072225 -0.31467562 0.00000000]
- [0.82957748 -0.31581347 0.00000000]
- [0.85798613 -0.31666141 0.00000000]
- [0.88651895 -0.31634639 0.00000000]
- [0.91550292 -0.31603095 0.00000000]
- [0.94401662 -0.31572552 0.00000000]
- [0.97240650 -0.31420944 0.00000000]
- [1.00125513 -0.31245548 0.00000000]
- [1.02996717 -0.31071100 0.00000000]
- [1.05830490 -0.30842428 0.00000000]
- [1.08678541 -0.30526730 0.00000000]
- [1.11558782 -0.30207707 0.00000000]
- [1.14394463 -0.29892218 0.00000000]
- [1.17207326 -0.29463474 0.00000000]
- [1.19944056 -0.29025330 0.00000000]
- [1.22681889 -0.28587031 0.00000000]
- [1.25375159 -0.28137892 0.00000000]
- [1.28055009 -0.27585691 0.00000000]
- [1.30865941 -0.27458283 0.00000000]
- [1.33850072 -0.27294918 0.00000000]
- [1.36715320 -0.26654374 0.00000000]
- [1.39571828 -0.25932055 0.00000000]
- [1.42446007 -0.25204576 0.00000000]
- [1.45305899 -0.24480793 0.00000000]
- [1.48140759 -0.23695053 0.00000000]
- [1.50980610 -0.22871025 0.00000000]
- [1.53827634 -0.22044937 0.00000000]
- [1.56661002 -0.21220366 0.00000000]
- [1.59475603 -0.20338688 0.00000000]
- [1.62300458 -0.19444525 0.00000000]
- [1.65125482 -0.18550308 0.00000000]
- [1.67941979 -0.17650298 0.00000000]
- [1.70750962 -0.16722992 0.00000000]
- [1.73565224 -0.15791390 0.00000000]
- [1.76379989 -0.14859618 0.00000000]
- [1.79194709 -0.13927787 0.00000000]
- [1.82009410 -0.12995846 0.00000000]
- [1.84824273 -0.12063851 0.00000000]
- [1.87644560 -0.11130758 0.00000000]
- [1.90475045 -0.10220151 0.00000000]
- [1.93304268 -0.09323545 0.00000000]
- [1.96132719 -0.08427190 0.00000000]
- [1.98977097 -0.07535677 0.00000000]
- [2.01838583 -0.06703250 0.00000000]
- [2.04688670 -0.05880732 0.00000000]
- [2.07798557 -0.04983326 0.00000000]
- [2.10935197 -0.04151202 0.00000000]
- [2.14068571 -0.03363116 0.00000000]
- [2.17285011 -0.02902389 0.00000000]
- [2.20227986 -0.02567182 0.00000000]
- [2.23101306 -0.01973452 0.00000000]
- [2.25970028 -0.01380734 0.00000000]
- [2.28855731 -0.00813212 0.00000000]
- [2.31758654 -0.00352460 0.00000000]
- [2.34652024 0.00097269 0.00000000]
- [2.37558445 0.00540881 0.00000000]
- [2.40480830 0.00867803 0.00000000]
- [2.43392370 0.01181658 0.00000000]
- [2.46315306 0.01488420 0.00000000]
- [2.49247653 0.01688982 0.00000000]
- [2.52171859 0.01877317 0.00000000]
- [2.55106622 0.02041228 0.00000000]
- [2.58043512 0.02109392 0.00000000]
- [2.60976953 0.02169994 0.00000000]
- [2.63917615 0.02167428 0.00000000]
- [2.66851269 0.02094234 0.00000000]
- [2.69789659 0.02016400 0.00000000]
- [2.72722909 0.01824510 0.00000000]
- [2.75650926 0.01626539 0.00000000]
- [2.78576109 0.01358605 0.00000000]
- [2.81494786 0.01058641 0.00000000]
- [2.84408761 0.00721031 0.00000000]
- [2.87316673 0.00355782 0.00000000]
- [2.90220595 -0.00021778 0.00000000]
- [2.92604703 -0.00562576 0.00000000]
- [2.04792730 -0.02853545 0.00000000]
- [2.04896789 0.00173642 0.00000000]
- [2.05000848 0.03200829 0.00000000]
- [2.05104907 0.06228016 0.00000000]
- [2.05208966 0.09255203 0.00000000]
- [2.05313025 0.12282390 0.00000000]
- [2.05417084 0.15309577 0.00000000]
- [0.37709241 -0.21297862 0.00000000]
- [0.37481451 -0.18339579 0.00000000]
- [0.37253661 -0.15381296 0.00000000]
- [0.37025871 -0.12423012 0.00000000]
- [0.36798082 -0.09464729 0.00000000]
- [0.36570292 -0.06506446 0.00000000]
- [0.36342502 -0.03548163 0.00000000]
- [0.36114712 -0.00589879 0.00000000]
- [0.35886922 0.02368404 0.00000000]
- [0.35659132 0.05326687 0.00000000]
- [0.35431343 0.08284971 0.00000000]
- [0.35203553 0.11243254 0.00000000]
- [0.34975763 0.14201537 0.00000000]
- [0.34747973 0.17159821 0.00000000]
- [0.34520183 0.20118104 0.00000000]
- [0.34292393 0.23076387 0.00000000]
- [1.16982607 -0.26471794 0.00000000]
- [1.16757888 -0.23480114 0.00000000]
- [1.16533169 -0.20488434 0.00000000]
- [1.16308450 -0.17496754 0.00000000]
- [1.16083731 -0.14505074 0.00000000]
- [1.15859012 -0.11513394 0.00000000]
- [1.15634293 -0.08521714 0.00000000]
- [1.15409574 -0.05530034 0.00000000]
- [1.15184855 -0.02538354 0.00000000]
- [1.14960136 0.00453326 0.00000000]
- [1.14735417 0.03445006 0.00000000]
- [1.14510698 0.06436686 0.00000000]
- [1.14285978 0.09428365 0.00000000]
- [1.14061259 0.12420045 0.00000000]
- [1.13836540 0.15411725 0.00000000]
- [1.13611821 0.18403405 0.00000000]
- [1.13387102 0.21395085 0.00000000]
- [1.13162383 0.24386765 0.00000000]
- [1.12937664 0.27378445 0.00000000]
- [1.12712945 0.30370125 0.00000000]
elements:
- [1 2]
- [2 3]
- [3 4]
- [4 5]
- [5 6]
- [6 7]
- [7 8]
- [8 9]
- [9 10]
- [10 11]
- [11 12]
- [12 13]
- [13 14]
- [14 15]
- [15 16]
- [16 17]
- [17 18]
- [18 19]
- [19 20]
- [20 21]
- [21 22]
- [22 23]
- [23 24]
- [24 25]
- [25 26]
- [26 27]
- [27 28]
- [28 29]
- [29 30]
- [30 31]
- [31 32]
- [32 33]
- [33 34]
- [34 35]
- [35 36]
- [36 37]
- [37 38]
- [38 39]
- [39 40]
- [40 41]
- [41 42]
- [42 43]
- [43 44]
- [44 45]
- [45 46]
- [46 47]
- [47 48]
- [48 49]
- [49 50]
- [50 51]
- [51 52]
- [52 53]
- [53 54]
- [54 55]
- [55 56]
- [56 57]
- [57 58]
- [58 59]
- [59 60]
- [60 61]
- [61 62]
- [62 63]
- [63 64]
- [64 65]
- [65 66]
- [66 67]
- [67 68]
- [68 69]
- [69 70]
- [70 71]
- [71 72]
- [72 73]
- [73 74]
- [74 75]
- [75 76]
- [76 77]
- [77 78]
- [78 79]
- [79 80]
- [80 81]
- [81 82]
- [82 83]
- [83 84]
- [84 85]
- [85 86]
- [86 87]
- [87 88]
- [88 89]
- [89 90]
- [90 91]
- [91 92]
- [92 93]
- [93 94]
- [94 95]
- [95 96]
- [96 97]
- [97 98]
- [98 99]
- [99 100]
- [100 101]
- [101 102]
- [102 103]
- [103 104]
- [104 105]
- [105 106]
- [106 107]
- [107 108]
- [108 109]
- [109 110]
- [110 111]
- [111 112]
- [112 113]
- [113 114]
- [114 115]
- [115 116]
- [116 117]
- [117 118]
- [118 119]
- [119 120]
- [120 121]
- [121 122]
- [122 123]
- [123 124]
- [124 125]
- [125 126]
- [126 127]
- [127 128]
- [128 129]
- [129 130]
- [130 131]
- [131 132]
- [132 133]
- [133 134]
- [134 135]
- [135 136]
- [136 137]
- [137 138]
- [138 139]
- [139 140]
- [140 141]
- [141 142]
- [142 143]
- [143 144]
- [144 145]
- [145 146]
- [146 147]
- [147 148]
- [148 149]
- [149 150]
- [150 151]
- [151 152]
- [152 153]
- [153 154]
- [154 155]
- [155 156]
- [156 157]
- [157 158]
- [158 159]
- [159 160]
- [160 161]
- [161 162]
- [162 163]
- [163 164]
- [164 165]
- [165 166]
- [166 167]
- [167 168]
- [168 169]
- [169 170]
- [170 171]
- [171 172]
- [172 173]
- [173 174]
- [174 175]
- [175 176]
- [176 177]
- [177 178]
- [178 179]
- [179 180]
- [180 181]
- [181 182]
- [182 183]
- [183 184]
- [184 185]
- [185 186]
- [186 187]
- [187 188]
- [188 189]
- [189 190]
- [190 191]
- [191 192]
- [192 193]
- [193 194]
- [194 195]
- [195 196]
- [196 197]
- [197 198]
- [198 199]
- [199 200]
- [200 201]
- [201 202]
- [202 203]
- [203 204]
- [204 205]
- [205 206]
- [206 207]
- [207 208]
- [208 209]
- [209 210]
- [210 211]
- [211 1]
- [181 212]
- [212 213]
- [213 214]
- [214 215]
- [215 216]
- [216 217]
- [217 218]
- [218 31]
- [122 219]
- [219 220]
- [220 221]
- [221 222]
- [222 223]
- [223 224]
- [224 225]
- [225 226]
- [226 227]
- [227 228]
- [228 229]
- [229 230]
- [230 231]
- [231 232]
- [232 233]
- [233 234]
- [234 90]
- [150 235]
- [235 236]
- [236 237]
- [237 238]
- [238 239]
- [239 240]
- [240 241]
- [241 242]
- [242 243]
- [243 244]
- [244 245]
- [245 246]
- [246 247]
- [247 248]
- [248 249]
- [249 250]
- [250 251]
- [251 252]
- [252 253]
- [253 254]
- [254 63]
sets:
  element:
  - name: layup_0
    labels:
    - 1
    - 2
    - 3
    - 4
    - 5
    - 6
    - 7
    - 8
    - 9
    - 10
    - 11
    - 12
    - 13
    - 14
    - 15
    - 16
    - 17
    - 18
    - 19
    - 20
    - 21
    - 22
    - 23
    - 24
    - 25
    - 26
    - 185
    - 186
    - 187
    - 188
    - 189
    - 190
    - 191
    - 192
    - 193
    - 194
    - 195
    - 196
    - 197
    - 198
    - 199
    - 200
    - 201
    - 202
    - 203
    - 204
    - 205
    - 206
    - 207
    - 208
    - 209
    - 210
    - 211
  - name: layup_1
    labels:
    - 27
    - 28
    - 29
    - 30
    - 31
    - 32
    - 33
    - 34
    - 35
    - 36
    - 37
    - 38
    - 39
    - 40
    - 41
    - 42
    - 43
    - 44
    - 45
    - 46
    - 47
    - 48
    - 49
    - 50
    - 51
    - 52
    - 53
    - 54
    - 55
    - 56
    - 57
    - 58
    - 59
    - 93
    - 94
    - 95
    - 96
    - 97
    - 113
    - 114
    - 115
    - 116
    - 117
    - 118
    - 119
    - 155
    - 156
    - 157
    - 158
    - 159
    - 160
    - 161
    - 162
    - 163
    - 164
    - 165
    - 166
    - 167
    - 168
    - 169
    - 170
    - 171
    - 172
    - 173
    - 174
    - 175
    - 176
    - 177
    - 178
    - 179
    - 180
    - 181
    - 182
    - 183
    - 184
  - name: layup_2
    labels:
    - 60
    - 61
    - 62
    - 63
    - 64
    - 65
    - 66
    - 67
    - 68
    - 69
    - 70
    - 71
    - 72
    - 73
    - 74
    - 75
    - 76
    - 77
    - 78
    - 79
    - 80
    - 81
    - 82
    - 83
    - 84
    - 85
    - 86
    - 87
    - 88
    - 89
    - 90
    - 91
    - 92
    - 120
    - 121
    - 122
    - 123
    - 124
    - 125
    - 126
    - 127
    - 128
    - 129
    - 130
    - 131
    - 132
    - 133
    - 134
    - 135
    - 136
    - 137
    - 138
    - 139
    - 140
    - 141
    - 142
    - 143
    - 144
    - 145
    - 146
    - 147
    - 148
    - 149
    - 150
    - 151
    - 152
    - 153
    - 154
  - name: layup_3
    labels:
    - 98
    - 99
    - 100
    - 101
    - 102
    - 103
    - 104
    - 105
    - 106
    - 107
    - 108
    - 109
    - 110
    - 111
    - 112
  - name: layup_4
    labels:
    - 212
    - 213
    - 214
    - 215
    - 216
    - 217
    - 218
    - 219
  - name: layup_5
    labels:
    - 220
    - 221
    - 222
    - 223
    - 224
    - 225
    - 226
    - 227
    - 228
    - 229
    - 230
    - 231
    - 232
    - 233
    - 234
    - 235
    - 236
    - 237
    - 238
    - 239
    - 240
    - 241
    - 242
    - 243
    - 244
    - 245
    - 246
    - 247
    - 248
    - 249
    - 250
    - 251
    - 252
    - 253
    - 254
    - 255
    - 256
    - 257
sections:
- type: shell
  elementSet: layup_0
  layup:
  - - gelcoat
    - 0.0005
    - 0.0
  - - glass_triax
    - 0.003
    - 0.0
  - - glass_uniax
    - 0.00659695
    - 0.0
  - - glass_triax
    - 0.003
    - 0.0
- type: shell
  elementSet: layup_1
  layup:
  - - gelcoat
    - 0.0005
    - 0.0
  - - glass_triax
    - 0.003
    - 0.0
  - - medium_density_foam
    - 0.02010313
    - 0.0
  - - glass_triax
    - 0.003
    - 0.0
- type: shell
  elementSet: layup_2
  layup:
  - - gelcoat
    - 0.0005
    - 0.0
  - - glass_triax
    - 0.003
    - 0.0
  - - carbon_uniax
    - 0.03798824
    - 0.0
  - - glass_triax
    - 0.003
    - 0.0
- type: shell
  elementSet: layup_3
  layup:
  - - gelcoat
    - 0.0005
    - 0.0
  - - glass_triax
    - 0.003
    - 0.0
  - - glass_uniax
    - 0.00496507
    - 0.0
  - - glass_triax
    - 0.003
    - 0.0
- type: shell
  elementSet: layup_4
  layup:
  - - glass_biax
    - 0.002
    - 0.0
  - - medium_density_foam
    - 0.03
    - 0.0
  - - glass_biax
    - 0.002
    - 0.0
- type: shell
  elementSet: layup_5
  layup:
  - - glass_biax
    - 0.002
    - 0.0
  - - medium_density_foam
    - 0.020444
    - 0.0
  - - glass_biax
    - 0.002
    - 0.0
elementOrientations:
- [0.0, 0.0, 1.0, -0.9901288367755366, 0.14016021755663366, 0.0, -0.14016021755663366,
  -0.9901288367755366, 0.0]
- [0.0, 0.0, 1.0, -0.9801786996235239, 0.19811541283892548, 0.0, -0.19811541283892548,
  -0.9801786996235239, 0.0]
- [0.0, 0.0, 1.0, -0.9801967436548705, 0.19802611880352602, 0.0, -0.19802611880352602,
  -0.9801967436548705, 0.0]
- [0.0, 0.0, 1.0, -0.9802190674429093, 0.19791558761591524, 0.0, -0.19791558761591524,
  -0.9802190674429093, 0.0]
- [0.0, 0.0, 1.0, -0.9802543590337404, 0.19774071810163635, 0.0, -0.19774071810163635,
  -0.9802543590337404, 0.0]
- [0.0, 0.0, 1.0, -0.9801645896243896, 0.19818520945431778, 0.0, -0.19818520945431778,
  -0.9801645896243896, 0.0]
- [0.0, 0.0, 1.0, -0.9798837237981209, 0.19956925573726997, 0.0, -0.19956925573726997,
  -0.9798837237981209, 0.0]
- [0.0, 0.0, 1.0, -0.9798591991080101, 0.19968963399087364, 0.0, -0.19968963399087364,
  -0.9798591991080101, 0.0]
- [0.0, 0.0, 1.0, -0.9793282288827139, 0.2022775818360667, 0.0, -0.2022775818360667,
  -0.9793282288827139, 0.0]
- [0.0, 0.0, 1.0, -0.97923817193896, 0.20271310420800093, 0.0, -0.20271310420800093,
  -0.97923817193896, 0.0]
- [0.0, 0.0, 1.0, -0.9789896304088378, 0.20391003788918124, 0.0, -0.20391003788918124,
  -0.9789896304088378, 0.0]
- [0.0, 0.0, 1.0, -0.9785719226895302, 0.20590529892092654, 0.0, -0.20590529892092654,
  -0.9785719226895302, 0.0]
- [0.0, 0.0, 1.0, -0.9785647069688447, 0.20593958889679065, 0.0, -0.20593958889679065,
  -0.9785647069688447, 0.0]
- [0.0, 0.0, 1.0, -0.9781954045008668, 0.2076866645054169, 0.0, -0.2076866645054169,
  -0.9781954045008668, 0.0]
- [0.0, 0.0, 1.0, -0.9779837232897912, 0.20868118501732985, 0.0, -0.20868118501732985,
  -0.9779837232897912, 0.0]
- [0.0, 0.0, 1.0, -0.9779666156335729, 0.2087613438982786, 0.0, -0.2087613438982786,
  -0.9779666156335729, 0.0]
- [0.0, 0.0, 1.0, -0.9776224997965361, 0.21036693630789968, 0.0, -0.21036693630789968,
  -0.9776224997965361, 0.0]
- [0.0, 0.0, 1.0, -0.9774739959665242, 0.21105588645957138, 0.0, -0.21105588645957138,
  -0.9774739959665242, 0.0]
- [0.0, 0.0, 1.0, -0.977473931862611, 0.21105618334710688, 0.0, -0.21105618334710688,
  -0.977473931862611, 0.0]
- [0.0, 0.0, 1.0, -0.9771305130588346, 0.21264044876123314, 0.0, -0.21264044876123314,
  -0.9771305130588346, 0.0]
- [0.0, 0.0, 1.0, -0.9769771627008649, 0.21334390912554238, 0.0, -0.21334390912554238,
  -0.9769771627008649, 0.0]
- [0.0, 0.0, 1.0, -0.9769771796067886, 0.21334383170732807, 0.0, -0.21334383170732807,
  -0.9769771796067886, 0.0]
- [0.0, 0.0, 1.0, -0.9768535896472118, 0.2139090096123976, 0.0, -0.2139090096123976,
  -0.9768535896472118, 0.0]
- [0.0, 0.0, 1.0, -0.976729978263821, 0.214472724514694, 0.0, -0.214472724514694,
  -0.976729978263821, 0.0]
- [0.0, 0.0, 1.0, -0.9767299716689648, 0.21447275454831835, 0.0, -0.21447275454831835,
  -0.9767299716689648, 0.0]
- [0.0, 0.0, 1.0, -0.9948781957608136, 0.10108103481716166, 0.0, -0.10108103481716166,
  -0.9948781957608136, 0.0]
- [0.0, 0.0, 1.0, -0.9935918052406493, 0.11302798130829309, 0.0, -0.11302798130829309,
  -0.9935918052406493, 0.0]
- [0.0, 0.0, 1.0, -0.9767469217704663, 0.21439554755619042, 0.0, -0.21439554755619042,
  -0.9767469217704663, 0.0]
- [0.0, 0.0, 1.0, -0.9768183707373735, 0.21406977972143326, 0.0, -0.21406977972143326,
  -0.9768183707373735, 0.0]
- [0.0, 0.0, 1.0, -0.9771800491210206, 0.2124126917108294, 0.0, -0.2124126917108294,
  -0.9771800491210206, 0.0]
- [0.0, 0.0, 1.0, -0.977206819825038, 0.21228949876862888, 0.0, -0.21228949876862888,
  -0.977206819825038, 0.0]
- [0.0, 0.0, 1.0, -0.9772258994314649, 0.2122016528690683, 0.0, -0.2122016528690683,
  -0.9772258994314649, 0.0]
- [0.0, 0.0, 1.0, -0.9777671321581224, 0.20969367007919107, 0.0, -0.20969367007919107,
  -0.9777671321581224, 0.0]
- [0.0, 0.0, 1.0, -0.9780258733269926, 0.20848355115685593, 0.0, -0.20848355115685593,
  -0.9780258733269926, 0.0]
- [0.0, 0.0, 1.0, -0.9780259758232621, 0.20848307033175606, 0.0, -0.20848307033175606,
  -0.9780259758232621, 0.0]
- [0.0, 0.0, 1.0, -0.9782377134677802, 0.20748729105496835, 0.0, -0.20748729105496835,
  -0.9782377134677802, 0.0]
- [0.0, 0.0, 1.0, -0.9792470872198571, 0.20267003274146278, 0.0, -0.20267003274146278,
  -0.9792470872198571, 0.0]
- [0.0, 0.0, 1.0, -0.9793146399850697, 0.2023433614204165, 0.0, -0.2023433614204165,
  -0.9793146399850697, 0.0]
- [0.0, 0.0, 1.0, -0.9793145114266386, 0.20234398362492562, 0.0, -0.20234398362492562,
  -0.9793145114266386, 0.0]
- [0.0, 0.0, 1.0, -0.9801771339643937, 0.1981231588011534, 0.0, -0.1981231588011534,
  -0.9801771339643937, 0.0]
- [0.0, 0.0, 1.0, -0.9811724838171509, 0.1931335211714498, 0.0, -0.1931335211714498,
  -0.9811724838171509, 0.0]
- [0.0, 0.0, 1.0, -0.9811723391624472, 0.19313425605648446, 0.0, -0.19313425605648446,
  -0.9811723391624472, 0.0]
- [0.0, 0.0, 1.0, -0.981200131007449, 0.19299301259622054, 0.0, -0.19299301259622054,
  -0.981200131007449, 0.0]
- [0.0, 0.0, 1.0, -0.9828738066741756, 0.18427989622803528, 0.0, -0.18427989622803528,
  -0.9828738066741756, 0.0]
- [0.0, 0.0, 1.0, -0.9833894598823122, 0.1815080444288194, 0.0, -0.1815080444288194,
  -0.9833894598823122, 0.0]
- [0.0, 0.0, 1.0, -0.9833894415531734, 0.1815081437339316, 0.0, -0.1815081437339316,
  -0.9833894415531734, 0.0]
- [0.0, 0.0, 1.0, -0.9838279783176174, 0.1791159096213112, 0.0, -0.1791159096213112,
  -0.9838279783176174, 0.0]
- [0.0, 0.0, 1.0, -0.985628942643987, 0.1689247981277347, 0.0, -0.1689247981277347,
  -0.985628942643987, 0.0]
- [0.0, 0.0, 1.0, -0.9858610630377025, 0.16756480652622505, 0.0, -0.16756480652622505,
  -0.9858610630377025, 0.0]
- [0.0, 0.0, 1.0, -0.9858607755651871, 0.16756649785087632, 0.0, -0.16756649785087632,
  -0.9858607755651871, 0.0]
- [0.0, 0.0, 1.0, -0.9869097012815088, 0.16127380914594663, 0.0, -0.16127380914594663,
  -0.9869097012815088, 0.0]
- [0.0, 0.0, 1.0, -0.9885514970130235, 0.15088385517778305, 0.0, -0.15088385517778305,
  -0.9885514970130235, 0.0]
- [0.0, 0.0, 1.0, -0.9885506831376362, 0.15088918737972198, 0.0, -0.15088918737972198,
  -0.9885506831376362, 0.0]
- [0.0, 0.0, 1.0, -0.9885490347485392, 0.15089998640732682, 0.0, -0.15089998640732682,
  -0.9885490347485392, 0.0]
- [0.0, 0.0, 1.0, -0.9906422221724019, 0.13648438610084832, 0.0, -0.13648438610084832,
  -0.9906422221724019, 0.0]
- [0.0, 0.0, 1.0, -0.9914553344931691, 0.13044661630352106, 0.0, -0.13044661630352106,
  -0.9914553344931691, 0.0]
- [0.0, 0.0, 1.0, -0.9914551118103448, 0.1304483087860352, 0.0, -0.1304483087860352,
  -0.9914551118103448, 0.0]
- [0.0, 0.0, 1.0, -0.9918936534607498, 0.127070768567307, 0.0, -0.127070768567307,
  -0.9918936534607498, 0.0]
- [0.0, 0.0, 1.0, -0.9990287826961545, -0.04406235745667665, 0.0, 0.04406235745667665,
  -0.9990287826961545, 0.0]
- [0.0, 0.0, 1.0, -0.9995532704440966, -0.029887447942421305, 0.0, 0.029887447942421305,
  -0.9995532704440966, 0.0]
- [0.0, 0.0, 1.0, -0.9943404506464432, 0.10624061468303168, 0.0, -0.10624061468303168,
  -0.9943404506464432, 0.0]
- [0.0, 0.0, 1.0, -0.9963208862218758, 0.08570117664335868, 0.0, -0.08570117664335868,
  -0.9963208862218758, 0.0]
- [0.0, 0.0, 1.0, -0.9969238048866744, 0.07837682852907304, 0.0, -0.07837682852907304,
  -0.9969238048866744, 0.0]
- [0.0, 0.0, 1.0, -0.9969223814763064, 0.07839493167041973, 0.0, -0.07839493167041973,
  -0.9969223814763064, 0.0]
- [0.0, 0.0, 1.0, -0.9978262206106449, 0.06590017801096443, 0.0, -0.06590017801096443,
  -0.9978262206106449, 0.0]
- [0.0, 0.0, 1.0, -0.9989805336871868, 0.04514303173318774, 0.0, -0.04514303173318774,
  -0.9989805336871868, 0.0]
- [0.0, 0.0, 1.0, -0.9989787915351496, 0.04518156773477709, 0.0, -0.04518156773477709,
  -0.9989787915351496, 0.0]
- [0.0, 0.0, 1.0, -0.9990087254569998, 0.04451478923662138, 0.0, -0.04451478923662138,
  -0.9990087254569998, 0.0]
- [0.0, 0.0, 1.0, -0.9999786930971688, 0.006527890293066228, 0.0, -0.006527890293066228,
  -0.9999786930971688, 0.0]
- [0.0, 0.0, 1.0, -0.9999778808330331, 0.006651153634991746, 0.0, -0.006651153634991746,
  -0.9999778808330331, 0.0]
- [0.0, 0.0, 1.0, -0.9999772075091887, 0.006751626628071526, 0.0, -0.006751626628071526,
  -0.9999772075091887, 0.0]
- [0.0, 0.0, 1.0, -0.9996506388041118, -0.026431048759581376, 0.0, 0.026431048759581376,
  -0.9996506388041118, 0.0]
- [0.0, 0.0, 1.0, -0.9993302725463322, -0.03659243600080847, 0.0, 0.03659243600080847,
  -0.9993302725463322, 0.0]
- [0.0, 0.0, 1.0, -0.9993333586586106, -0.03650805763253865, 0.0, 0.03650805763253865,
  -0.9993333586586106, 0.0]
- [0.0, 0.0, 1.0, -0.9978704097130062, -0.06522764306026399, 0.0, 0.06522764306026399,
  -0.9978704097130062, 0.0]
- [0.0, 0.0, 1.0, -0.9965343334330442, -0.08318246383197801, 0.0, 0.08318246383197801,
  -0.9965343334330442, 0.0]
- [0.0, 0.0, 1.0, -0.9965429839226202, -0.08307876500406368, 0.0, 0.08307876500406368,
  -0.9965429839226202, 0.0]
- [0.0, 0.0, 1.0, -0.9937605814179459, -0.11153433023005108, 0.0, 0.11153433023005108,
  -0.9937605814179459, 0.0]
- [0.0, 0.0, 1.0, -0.9912729777447898, -0.13182520090247332, 0.0, 0.13182520090247332,
  -0.9912729777447898, 0.0]
- [0.0, 0.0, 1.0, -0.9912094888584656, -0.13230173542678653, 0.0, 0.13230173542678653,
  -0.9912094888584656, 0.0]
- [0.0, 0.0, 1.0, -0.986089251524575, -0.16621668997938607, 0.0, 0.16621668997938607,
  -0.986089251524575, 0.0]
- [0.0, 0.0, 1.0, -0.9830187896116495, -0.18350492982600683, 0.0, 0.18350492982600683,
  -0.9830187896116495, 0.0]
- [0.0, 0.0, 1.0, -0.9830658389143567, -0.18325271173876784, 0.0, 0.18325271173876784,
  -0.9830658389143567, 0.0]
- [0.0, 0.0, 1.0, -0.9727308610131205, -0.23193678456138297, 0.0, 0.23193678456138297,
  -0.9727308610131205, 0.0]
- [0.0, 0.0, 1.0, -0.971516037446103, -0.2369738149775669, 0.0, 0.2369738149775669,
  -0.971516037446103, 0.0]
- [0.0, 0.0, 1.0, -0.9675277747416736, -0.2527647228222825, 0.0, 0.2527647228222825,
  -0.9675277747416736, 0.0]
- [0.0, 0.0, 1.0, -0.9564730006695606, -0.29182083371508405, 0.0, 0.29182083371508405,
  -0.9564730006695606, 0.0]
- [0.0, 0.0, 1.0, -0.9557290530659054, -0.29424815568792895, 0.0, 0.29424815568792895,
  -0.9557290530659054, 0.0]
- [0.0, 0.0, 1.0, -0.9421720998182833, -0.3351294292120683, 0.0, 0.3351294292120683,
  -0.9421720998182833, 0.0]
- [0.0, 0.0, 1.0, -0.9370466995749029, -0.3492040704456087, 0.0, 0.3492040704456087,
  -0.9370466995749029, 0.0]
- [0.0, 0.0, 1.0, -0.9243198942236426, -0.3816185702273859, 0.0, 0.3816185702273859,
  -0.9243198942236426, 0.0]
- [0.0, 0.0, 1.0, -0.9613772728929476, -0.2752339716766793, 0.0, 0.2752339716766793,
  -0.9613772728929476, 0.0]
- [0.0, 0.0, 1.0, -0.9564597807371134, -0.2918641598968826, 0.0, 0.2918641598968826,
  -0.9564597807371134, 0.0]
- [0.0, 0.0, 1.0, -0.8822621422007817, -0.4707584438321713, 0.0, 0.4707584438321713,
  -0.8822621422007817, 0.0]
- [0.0, 0.0, 1.0, -0.8683636144742771, -0.4959280522990902, 0.0, 0.4959280522990902,
  -0.8683636144742771, 0.0]
- [0.0, 0.0, 1.0, -0.8438130708602638, -0.5366372158594404, 0.0, 0.5366372158594404,
  -0.8438130708602638, 0.0]
- [0.0, 0.0, 1.0, -0.8887619377541265, -0.4583690849081448, 0.0, 0.4583690849081448,
  -0.8887619377541265, 0.0]
- [0.0, 0.0, 1.0, -0.8676162676644035, -0.4972343633379436, 0.0, 0.4972343633379436,
  -0.8676162676644035, 0.0]
- [0.0, 0.0, 1.0, -0.7458763940553194, -0.6660843826355892, 0.0, 0.6660843826355892,
  -0.7458763940553194, 0.0]
- [0.0, 0.0, 1.0, -0.7111217903428686, -0.7030688439260789, 0.0, 0.7030688439260789,
  -0.7111217903428686, 0.0]
- [0.0, 0.0, 1.0, -0.6340163907689583, -0.7733196080769603, 0.0, 0.7733196080769603,
  -0.6340163907689583, 0.0]
- [0.0, 0.0, 1.0, -0.5507481021882085, -0.83467150899985, 0.0, 0.83467150899985, -0.5507481021882085,
  0.0]
- [0.0, 0.0, 1.0, -0.4199838103936087, -0.9075315966991261, 0.0, 0.9075315966991261,
  -0.4199838103936087, 0.0]
- [0.0, 0.0, 1.0, -0.26154710957283506, -0.9651907114524546, 0.0, 0.9651907114524546,
  -0.26154710957283506, 0.0]
- [0.0, 0.0, 1.0, 0.010923955715303944, -0.9999403318156189, 0.0, 0.9999403318156189,
  0.010923955715303944, 0.0]
- [0.0, 0.0, 1.0, 0.2846131110596466, -0.9586424656841305, 0.0, 0.9586424656841305,
  0.2846131110596466, 0.0]
- [0.0, 0.0, 1.0, 0.5355267501506489, -0.8445182649730463, 0.0, 0.8445182649730463,
  0.5355267501506489, 0.0]
- [0.0, 0.0, 1.0, 0.6576719001238104, -0.7533045013721456, 0.0, 0.7533045013721456,
  0.6576719001238104, 0.0]
- [0.0, 0.0, 1.0, 0.7272536694934597, -0.6863687785791962, 0.0, 0.6863687785791962,
  0.7272536694934597, 0.0]
- [0.0, 0.0, 1.0, 0.7760284723488324, -0.6306978754553858, 0.0, 0.6306978754553858,
  0.7760284723488324, 0.0]
- [0.0, 0.0, 1.0, 0.8175984569651034, -0.5757888182035859, 0.0, 0.5757888182035859,
  0.8175984569651034, 0.0]
- [0.0, 0.0, 1.0, 0.8996545668040635, -0.436602405431524, 0.0, 0.436602405431524,
  0.8996545668040635, 0.0]
- [0.0, 0.0, 1.0, 0.9164625896574402, -0.40012038408256384, 0.0, 0.40012038408256384,
  0.9164625896574402, 0.0]
- [0.0, 0.0, 1.0, 0.8744268942449539, -0.48515730090469045, 0.0, 0.48515730090469045,
  0.8744268942449539, 0.0]
- [0.0, 0.0, 1.0, 0.8917500177621311, -0.45252834808577347, 0.0, 0.45252834808577347,
  0.8917500177621311, 0.0]
- [0.0, 0.0, 1.0, 0.9039659511730255, -0.4276044423527979, 0.0, 0.4276044423527979,
  0.9039659511730255, 0.0]
- [0.0, 0.0, 1.0, 0.9165464046856969, -0.3999283536556552, 0.0, 0.3999283536556552,
  0.9165464046856969, 0.0]
- [0.0, 0.0, 1.0, 0.9248473873811741, -0.3803384151702489, 0.0, 0.3803384151702489,
  0.9248473873811741, 0.0]
- [0.0, 0.0, 1.0, 0.9779769000420112, -0.20871315958563316, 0.0, 0.20871315958563316,
  0.9779769000420112, 0.0]
- [0.0, 0.0, 1.0, 0.987697510911522, -0.1563765549536883, 0.0, 0.1563765549536883,
  0.987697510911522, 0.0]
- [0.0, 0.0, 1.0, 0.9517863430296089, -0.30676172711458594, 0.0, 0.30676172711458594,
  0.9517863430296089, 0.0]
- [0.0, 0.0, 1.0, 0.9552211617747666, -0.2958927712832219, 0.0, 0.2958927712832219,
  0.9552211617747666, 0.0]
- [0.0, 0.0, 1.0, 0.957313698710734, -0.2890510028710748, 0.0, 0.2890510028710748,
  0.957313698710734, 0.0]
- [0.0, 0.0, 1.0, 0.9692993244042128, -0.24588375243097457, 0.0, 0.24588375243097457,
  0.9692993244042128, 0.0]
- [0.0, 0.0, 1.0, 0.9698446619208024, -0.24372388422910976, 0.0, 0.24372388422910976,
  0.9698446619208024, 0.0]
- [0.0, 0.0, 1.0, 0.9747103563461877, -0.2234719696773792, 0.0, 0.2234719696773792,
  0.9747103563461877, 0.0]
- [0.0, 0.0, 1.0, 0.9813703786601083, -0.192125427490782, 0.0, 0.192125427490782,
  0.9813703786601083, 0.0]
- [0.0, 0.0, 1.0, 0.9814413798159998, -0.191762399820368, 0.0, 0.191762399820368,
  0.9814413798159998, 0.0]
- [0.0, 0.0, 1.0, 0.9864074291104517, -0.16431793510055195, 0.0, 0.16431793510055195,
  0.9864074291104517, 0.0]
- [0.0, 0.0, 1.0, 0.99019256047763, -0.13970931670706496, 0.0, 0.13970931670706496,
  0.99019256047763, 0.0]
- [0.0, 0.0, 1.0, 0.9901743967278005, -0.13983799220789944, 0.0, 0.13983799220789944,
  0.9901743967278005, 0.0]
- [0.0, 0.0, 1.0, 0.9936731731488805, -0.11231039561961834, 0.0, 0.11231039561961834,
  0.9936731731488805, 0.0]
- [0.0, 0.0, 1.0, 0.9960400386838214, -0.08890580036606949, 0.0, 0.08890580036606949,
  0.9960400386838214, 0.0]
- [0.0, 0.0, 1.0, 0.9960317737732974, -0.08899834624316667, 0.0, 0.08899834624316667,
  0.9960317737732974, 0.0]
- [0.0, 0.0, 1.0, 0.9976947962002393, -0.06786084021704442, 0.0, 0.06786084021704442,
  0.9976947962002393, 0.0]
- [0.0, 0.0, 1.0, 0.9992267473254843, -0.039318029316493364, 0.0, 0.039318029316493364,
  0.9992267473254843, 0.0]
- [0.0, 0.0, 1.0, 0.9992234285581331, -0.03940228192033627, 0.0, 0.03940228192033627,
  0.9992234285581331, 0.0]
- [0.0, 0.0, 1.0, 0.9995548439247226, -0.029834778139339335, 0.0, 0.029834778139339335,
  0.9995548439247226, 0.0]
- [0.0, 0.0, 1.0, 0.9999390600449082, 0.011039755273806738, 0.0, -0.011039755273806738,
  0.9999390600449082, 0.0]
- [0.0, 0.0, 1.0, 0.9999407816645866, 0.010882700217117049, 0.0, -0.010882700217117049,
  0.9999407816645866, 0.0]
- [0.0, 0.0, 1.0, 0.9999426327562474, 0.01071126493485404, 0.0, -0.01071126493485404,
  0.9999426327562474, 0.0]
- [0.0, 0.0, 1.0, 0.9985771624466048, 0.05332589089820211, 0.0, -0.05332589089820211,
  0.9985771624466048, 0.0]
- [0.0, 0.0, 1.0, 0.9981568636877204, 0.06068669930959778, 0.0, -0.06068669930959778,
  0.9981568636877204, 0.0]
- [0.0, 0.0, 1.0, 0.9981593257463419, 0.06064619052840772, 0.0, -0.06064619052840772,
  0.9981593257463419, 0.0]
- [0.0, 0.0, 1.0, 0.9967599597454072, 0.08043371586800029, 0.0, -0.08043371586800029,
  0.9967599597454072, 0.0]
- [0.0, 0.0, 1.0, 0.9939125273813555, 0.11017208318991785, 0.0, -0.11017208318991785,
  0.9939125273813555, 0.0]
- [0.0, 0.0, 1.0, 0.9939216704673213, 0.11008956796831178, 0.0, -0.11008956796831178,
  0.9939216704673213, 0.0]
- [0.0, 0.0, 1.0, 0.99386784173724, 0.11057446884593465, 0.0, -0.11057446884593465,
  0.99386784173724, 0.0]
- [0.0, 0.0, 1.0, 0.9885822249433116, 0.15068239620516885, 0.0, -0.15068239620516885,
  0.9885822249433116, 0.0]
- [0.0, 0.0, 1.0, 0.9874255875310594, 0.15808449983772097, 0.0, -0.15808449983772097,
  0.9874255875310594, 0.0]
- [0.0, 0.0, 1.0, 0.9874268249982349, 0.15807677019064204, 0.0, -0.15807677019064204,
  0.9874268249982349, 0.0]
- [0.0, 0.0, 1.0, 0.9863784167178207, 0.16449200294617763, 0.0, -0.16449200294617763,
  0.9863784167178207, 0.0]
- [0.0, 0.0, 1.0, 0.979423300563254, 0.2018167443840617, 0.0, -0.2018167443840617,
  0.979423300563254, 0.0]
- [0.0, 0.0, 1.0, 0.9989743601858473, 0.04527944005039036, 0.0, -0.04527944005039036,
  0.9989743601858473, 0.0]
- [0.0, 0.0, 1.0, 0.9985048773110157, 0.0546626928179861, 0.0, -0.0546626928179861,
  0.9985048773110157, 0.0]
- [0.0, 0.0, 1.0, 0.975910605496776, 0.21817078190930114, 0.0, -0.21817078190930114,
  0.975910605496776, 0.0]
- [0.0, 0.0, 1.0, 0.9694847545591008, 0.24515160753599027, 0.0, -0.24515160753599027,
  0.9694847545591008, 0.0]
- [0.0, 0.0, 1.0, 0.969429304761513, 0.24537078691158304, 0.0, -0.24537078691158304,
  0.969429304761513, 0.0]
- [0.0, 0.0, 1.0, 0.969435739346829, 0.2453453632679187, 0.0, -0.2453453632679187,
  0.969435739346829, 0.0]
- [0.0, 0.0, 1.0, 0.9636686581464389, 0.2671005752637795, 0.0, -0.2671005752637795,
  0.9636686581464389, 0.0]
- [0.0, 0.0, 1.0, 0.9603865575391203, 0.27867124017048833, 0.0, -0.27867124017048833,
  0.9603865575391203, 0.0]
- [0.0, 0.0, 1.0, 0.9603883312238521, 0.2786651274362555, 0.0, -0.2786651274362555,
  0.9603883312238521, 0.0]
- [0.0, 0.0, 1.0, 0.9601663531970636, 0.2794290145783928, 0.0, -0.2794290145783928,
  0.9601663531970636, 0.0]
- [0.0, 0.0, 1.0, 0.9542756157685073, 0.29892816720683274, 0.0, -0.29892816720683274,
  0.9542756157685073, 0.0]
- [0.0, 0.0, 1.0, 0.953378595820835, 0.3017768265302902, 0.0, -0.3017768265302902,
  0.953378595820835, 0.0]
- [0.0, 0.0, 1.0, 0.9533784929436229, 0.3017771515415745, 0.0, -0.3017771515415745,
  0.9533784929436229, 0.0]
- [0.0, 0.0, 1.0, 0.9525487295453757, 0.3043861328009061, 0.0, -0.3043861328009061,
  0.9525487295453757, 0.0]
- [0.0, 0.0, 1.0, 0.9495942884558447, 0.31348155820085777, 0.0, -0.31348155820085777,
  0.9495942884558447, 0.0]
- [0.0, 0.0, 1.0, 0.949337466870959, 0.3142584509524458, 0.0, -0.3142584509524458,
  0.949337466870959, 0.0]
- [0.0, 0.0, 1.0, 0.9493373074357832, 0.31425893258677207, 0.0, -0.31425893258677207,
  0.9493373074357832, 0.0]
- [0.0, 0.0, 1.0, 0.9493297227786218, 0.3142818439698115, 0.0, -0.3142818439698115,
  0.9493297227786218, 0.0]
- [0.0, 0.0, 1.0, 0.949318066045701, 0.3143170524792603, 0.0, -0.3143170524792603,
  0.949318066045701, 0.0]
- [0.0, 0.0, 1.0, 0.9493180678554981, 0.3143170470132091, 0.0, -0.3143170470132091,
  0.9493180678554981, 0.0]
- [0.0, 0.0, 1.0, 0.9493881462853544, 0.3141053130605378, 0.0, -0.3141053130605378,
  0.9493881462853544, 0.0]
- [0.0, 0.0, 1.0, 0.9519492974184924, 0.3062556695710931, 0.0, -0.3062556695710931,
  0.9519492974184924, 0.0]
- [0.0, 0.0, 1.0, 0.9532757028396721, 0.3021016954198189, 0.0, -0.3021016954198189,
  0.9532757028396721, 0.0]
- [0.0, 0.0, 1.0, 0.9532764455184328, 0.3020993519022218, 0.0, -0.3020993519022218,
  0.9532764455184328, 0.0]
- [0.0, 0.0, 1.0, 0.954227004159691, 0.2990833070106409, 0.0, -0.2990833070106409,
  0.954227004159691, 0.0]
- [0.0, 0.0, 1.0, 0.9601957056244912, 0.2793281348168946, 0.0, -0.2793281348168946,
  0.9601957056244912, 0.0]
- [0.0, 0.0, 1.0, 0.9607897755057278, 0.2772778521332948, 0.0, -0.2772778521332948,
  0.9607897755057278, 0.0]
- [0.0, 0.0, 1.0, 0.9607969849916227, 0.2772528694729918, 0.0, -0.2772528694729918,
  0.9607969849916227, 0.0]
- [0.0, 0.0, 1.0, 0.9665650648613286, 0.2564214799692405, 0.0, -0.2564214799692405,
  0.9665650648613286, 0.0]
- [0.0, 0.0, 1.0, 0.9697960969244734, 0.24391705637379513, 0.0, -0.24391705637379513,
  0.9697960969244734, 0.0]
- [0.0, 0.0, 1.0, 0.9898961889834257, 0.14179398801109339, 0.0, -0.14179398801109339,
  0.9898961889834257, 0.0]
- [0.0, 0.0, 1.0, 0.9935757645996898, 0.11316890032222614, 0.0, -0.11316890032222614,
  0.9935757645996898, 0.0]
- [0.0, 0.0, 1.0, 0.9793110753475752, 0.20236061301937103, 0.0, -0.20236061301937103,
  0.9793110753475752, 0.0]
- [0.0, 0.0, 1.0, 0.9793153101257883, 0.20234011800241453, 0.0, -0.20234011800241453,
  0.9793153101257883, 0.0]
- [0.0, 0.0, 1.0, 0.9812045987573369, 0.1929702966195922, 0.0, -0.1929702966195922,
  0.9812045987573369, 0.0]
- [0.0, 0.0, 1.0, 0.987637084434994, 0.15675774127214395, 0.0, -0.15675774127214395,
  0.987637084434994, 0.0]
- [0.0, 0.0, 1.0, 0.988134636790721, 0.15359016757094185, 0.0, -0.15359016757094185,
  0.988134636790721, 0.0]
- [0.0, 0.0, 1.0, 0.9885514362563294, 0.1508842532391913, 0.0, -0.1508842532391913,
  0.9885514362563294, 0.0]
- [0.0, 0.0, 1.0, 0.9938008849440895, 0.11117464227216846, 0.0, -0.11117464227216846,
  0.9938008849440895, 0.0]
- [0.0, 0.0, 1.0, 0.9942400333861917, 0.10717628474725378, 0.0, -0.10717628474725378,
  0.9942400333861917, 0.0]
- [0.0, 0.0, 1.0, 0.9945378601838109, 0.1043764564497501, 0.0, -0.1043764564497501,
  0.9945378601838109, 0.0]
- [0.0, 0.0, 1.0, 0.9976691362764657, 0.06823704654636581, 0.0, -0.06823704654636581,
  0.9976691362764657, 0.0]
- [0.0, 0.0, 1.0, 0.9979324030236677, 0.06427222569203746, 0.0, -0.06427222569203746,
  0.9979324030236677, 0.0]
- [0.0, 0.0, 1.0, 0.9984439288402935, 0.0557648721146097, 0.0, -0.0557648721146097,
  0.9984439288402935, 0.0]
- [0.0, 0.0, 1.0, 0.999730770362464, 0.023203163372139003, 0.0, -0.023203163372139003,
  0.999730770362464, 0.0]
- [0.0, 0.0, 1.0, 0.9997866717495598, 0.020654563465198807, 0.0, -0.020654563465198807,
  0.9997866717495598, 0.0]
- [0.0, 0.0, 1.0, 0.999999619446975, -0.0008724138382762484, 0.0, 0.0008724138382762484,
  0.999999619446975, 0.0]
- [0.0, 0.0, 1.0, 0.9996888954856241, -0.024942177986958546, 0.0, 0.024942177986958546,
  0.9996888954856241, 0.0]
- [0.0, 0.0, 1.0, 0.9996493631698979, -0.026479250631722136, 0.0, 0.026479250631722136,
  0.9996493631698979, 0.0]
- [0.0, 0.0, 1.0, 0.9978670212892301, -0.06527945942912695, 0.0, 0.06527945942912695,
  0.9978670212892301, 0.0]
- [0.0, 0.0, 1.0, 0.9977220794942122, -0.06745852125376582, 0.0, 0.06745852125376582,
  0.9977220794942122, 0.0]
- [0.0, 0.0, 1.0, 0.9958313182814611, -0.09121395468790544, 0.0, 0.09121395468790544,
  0.9958313182814611, 0.0]
- [0.0, 0.0, 1.0, 0.9947602211031533, -0.10223552470059316, 0.0, 0.10223552470059316,
  0.9947602211031533, 0.0]
- [0.0, 0.0, 1.0, 0.9933551893202809, -0.1150889562489334, 0.0, 0.1150889562489334,
  0.9933551893202809, 0.0]
- [0.0, 0.0, 1.0, 0.992203803492897, -0.12462588950225556, 0.0, 0.12462588950225556,
  0.992203803492897, 0.0]
- [0.0, 0.0, 1.0, 0.9916534144325674, -0.12893217458893153, 0.0, 0.12893217458893153,
  0.9916534144325674, 0.0]
- [0.0, 0.0, 1.0, 0.9752251066575868, -0.22121480814967767, 0.0, 0.22121480814967767,
