nodes:
- [0.39896829 -0.00034667 0.00000000]
- [0.39434356 0.00016977 0.00000000]
- [0.39045225 0.00087353 0.00000000]
- [0.38654824 0.00152879 0.00000000]
- [0.38264528 0.00220191 0.00000000]
- [0.37874469 0.00288725 0.00000000]
- [0.37484728 0.00358855 0.00000000]
- [0.37095326 0.00429977 0.00000000]
- [0.36705958 0.00501732 0.00000000]
- [0.36316903 0.00575005 0.00000000]
- [0.35928007 0.00648694 0.00000000]
- [0.35539303 0.00723416 0.00000000]
- [0.35150664 0.00798607 0.00000000]
- [0.34762258 0.00874979 0.00000000]
- [0.34373962 0.00951798 0.00000000]
- [0.33985896 0.01029663 0.00000000]
- [0.33597969 0.01107826 0.00000000]
- [0.33210121 0.01186565 0.00000000]
- [0.32822363 0.01265855 0.00000000]
- [0.32434713 0.01345849 0.00000000]
- [0.32047223 0.01426615 0.00000000]
- [0.31659896 0.01508081 0.00000000]
- [0.31272749 0.01590199 0.00000000]
- [0.30885701 0.01672768 0.00000000]
- [0.30498806 0.01755978 0.00000000]
- [0.30112017 0.01839535 0.00000000]
- [0.29725354 0.01923536 0.00000000]
- [0.29338768 0.02007711 0.00000000]
- [0.28952247 0.02092087 0.00000000]
- [0.28565760 0.02176517 0.00000000]
- [0.28179298 0.02261014 0.00000000]
- [0.27791179 0.02345871 0.00000000]
- [0.27403037 0.02430563 0.00000000]
- [0.27014913 0.02515166 0.00000000]
- [0.26626704 0.02599383 0.00000000]
- [0.26238549 0.02683504 0.00000000]
- [0.25850223 0.02766790 0.00000000]
- [0.25461850 0.02849938 0.00000000]
- [0.25073380 0.02932350 0.00000000]
- [0.24684892 0.03014239 0.00000000]
- [0.24296167 0.03094833 0.00000000]
- [0.23907309 0.03174716 0.00000000]
- [0.23518240 0.03253212 0.00000000]
- [0.23128961 0.03330553 0.00000000]
- [0.22739412 0.03406397 0.00000000]
- [0.22349534 0.03480940 0.00000000]
- [0.21959531 0.03554469 0.00000000]
- [0.21569156 0.03626265 0.00000000]
- [0.21178751 0.03697347 0.00000000]
- [0.20796009 0.03764644 0.00000000]
- [0.20413145 0.03831143 0.00000000]
- [0.20029884 0.03895212 0.00000000]
- [0.19646553 0.03958372 0.00000000]
- [0.19262785 0.04018612 0.00000000]
- [0.18878777 0.04077758 0.00000000]
- [0.18494544 0.04134396 0.00000000]
- [0.18109997 0.04188988 0.00000000]
- [0.17725266 0.04241211 0.00000000]
- [0.17320287 0.04132429 0.00000000]
- [0.16909425 0.04022367 0.00000000]
- [0.16517765 0.04066555 0.00000000]
- [0.16126312 0.04108973 0.00000000]
- [0.15734944 0.04146813 0.00000000]
- [0.15342805 0.04181991 0.00000000]
- [0.14951590 0.04213495 0.00000000]
- [0.14559637 0.04240102 0.00000000]
- [0.14167544 0.04263817 0.00000000]
- [0.13775788 0.04282484 0.00000000]
- [0.13383944 0.04297179 0.00000000]
- [0.12993202 0.04306707 0.00000000]
- [0.12601670 0.04310025 0.00000000]
- [0.12210623 0.04309467 0.00000000]
- [0.11820542 0.04301806 0.00000000]
- [0.11429294 0.04288650 0.00000000]
- [0.11039483 0.04270807 0.00000000]
- [0.10650357 0.04245286 0.00000000]
- [0.10260793 0.04214540 0.00000000]
- [0.09872998 0.04177699 0.00000000]
- [0.09485408 0.04133435 0.00000000]
- [0.09098121 0.04083976 0.00000000]
- [0.08712793 0.04027895 0.00000000]
- [0.08327538 0.03964668 0.00000000]
- [0.07943138 0.03896516 0.00000000]
- [0.07561574 0.03821681 0.00000000]
- [0.07180695 0.03739049 0.00000000]
- [0.06800554 0.03650986 0.00000000]
- [0.06423663 0.03556584 0.00000000]
- [0.06048308 0.03453851 0.00000000]
- [0.05628606 0.03498096 0.00000000]
- [0.05177643 0.03523463 0.00000000]
- [0.04775623 0.03387751 0.00000000]
- [0.04377056 0.03242427 0.00000000]
- [0.03981862 0.03088273 0.00000000]
- [0.03590971 0.02924538 0.00000000]
- [0.03205144 0.02749854 0.00000000]
- [0.02824797 0.02564042 0.00000000]
- [0.02487043 0.02385456 0.00000000]
- [0.02155186 0.02196835 0.00000000]
- [0.01831233 0.01996360 0.00000000]
- [0.01516706 0.01782659 0.00000000]
- [0.01213757 0.01554692 0.00000000]
- [0.00926530 0.01309948 0.00000000]
- [0.00660738 0.01046050 0.00000000]
- [0.00426787 0.00759733 0.00000000]
- [0.00256685 0.00446662 0.00000000]
- [0.00159869 0.00029618 0.00000000]
- [0.00265906 -0.00369899 0.00000000]
- [0.00501669 -0.00651725 0.00000000]
- [0.00809668 -0.00895185 0.00000000]
- [0.01144348 -0.01113585 0.00000000]
- [0.01494323 -0.01311984 0.00000000]
- [0.01855231 -0.01493655 0.00000000]
- [0.02223219 -0.01663170 0.00000000]
- [0.02596919 -0.01821034 0.00000000]
- [0.02975239 -0.01969157 0.00000000]
- [0.03356940 -0.02108904 0.00000000]
- [0.03737893 -0.02238333 0.00000000]
- [0.04121690 -0.02360524 0.00000000]
- [0.04507535 -0.02476415 0.00000000]
- [0.04895284 -0.02585417 0.00000000]
- [0.05285075 -0.02687405 0.00000000]
- [0.05676755 -0.02783381 0.00000000]
- [0.06069408 -0.02874500 0.00000000]
- [0.06463609 -0.02958285 0.00000000]
- [0.06859388 -0.03036739 0.00000000]
- [0.07255538 -0.03110919 0.00000000]
- [0.07678317 -0.03019389 0.00000000]
- [0.08091154 -0.02921965 0.00000000]
- [0.08477772 -0.02977032 0.00000000]
- [0.08866046 -0.03024890 0.00000000]
- [0.09255686 -0.03069550 0.00000000]
- [0.09644677 -0.03108491 0.00000000]
- [0.10035226 -0.03141945 0.00000000]
- [0.10425610 -0.03171646 0.00000000]
- [0.10816230 -0.03194892 0.00000000]
- [0.11208116 -0.03214100 0.00000000]
- [0.11598733 -0.03228682 0.00000000]
- [0.11990116 -0.03236549 0.00000000]
- [0.12382003 -0.03240884 0.00000000]
- [0.12772816 -0.03239289 0.00000000]
- [0.13164320 -0.03232188 0.00000000]
- [0.13555476 -0.03220530 0.00000000]
- [0.13946634 -0.03202922 0.00000000]
- [0.14337680 -0.03181150 0.00000000]
- [0.14727618 -0.03153680 0.00000000]
- [0.15118463 -0.03120606 0.00000000]
- [0.15507886 -0.03084291 0.00000000]
- [0.15896313 -0.03040499 0.00000000]
- [0.16286234 -0.02992740 0.00000000]
- [0.16673840 -0.02941200 0.00000000]
- [0.17060962 -0.02882620 0.00000000]
- [0.17448335 -0.02820855 0.00000000]
- [0.17833955 -0.02753575 0.00000000]
- [0.18219715 -0.02681593 0.00000000]
- [0.18604190 -0.02605813 0.00000000]
- [0.18988325 -0.02524381 0.00000000]
- [0.19407245 -0.02595770 0.00000000]
- [0.19846811 -0.02657084 0.00000000]
- [0.20251029 -0.02560000 0.00000000]
- [0.20654599 -0.02460403 0.00000000]
- [0.21057598 -0.02357538 0.00000000]
- [0.21460445 -0.02253698 0.00000000]
- [0.21862654 -0.02147254 0.00000000]
- [0.22248820 -0.02044352 0.00000000]
- [0.22634694 -0.01940274 0.00000000]
- [0.23020524 -0.01835647 0.00000000]
- [0.23406284 -0.01730459 0.00000000]
- [0.23792118 -0.01625215 0.00000000]
- [0.24178075 -0.01519922 0.00000000]
- [0.24564319 -0.01415398 0.00000000]
- [0.24950793 -0.01311289 0.00000000]
- [0.25337691 -0.01208673 0.00000000]
- [0.25724955 -0.01106593 0.00000000]
- [0.26113021 -0.01007350 0.00000000]
- [0.26501310 -0.00909090 0.00000000]
- [0.26890475 -0.00813491 0.00000000]
- [0.27280164 -0.00720151 0.00000000]
- [0.27670673 -0.00629383 0.00000000]
- [0.28061893 -0.00542147 0.00000000]
- [0.28448479 -0.00458108 0.00000000]
- [0.28835910 -0.00378040 0.00000000]
- [0.29223868 -0.00300054 0.00000000]
- [0.29612853 -0.00226668 0.00000000]
- [0.30002108 -0.00156205 0.00000000]
- [0.30392253 -0.00088722 0.00000000]
- [0.30783171 -0.00026311 0.00000000]
- [0.31174505 0.00033469 0.00000000]
- [0.31566757 0.00088159 0.00000000]
- [0.31959453 0.00139124 0.00000000]
- [0.32353006 0.00185292 0.00000000]
- [0.32746826 0.00226114 0.00000000]
- [0.33141193 0.00264066 0.00000000]
- [0.33536290 0.00295120 0.00000000]
- [0.33931254 0.00322476 0.00000000]
- [0.34326999 0.00345389 0.00000000]
- [0.34722927 0.00361587 0.00000000]
- [0.35118858 0.00374193 0.00000000]
- [0.35515270 0.00380869 0.00000000]
- [0.35911501 0.00381892 0.00000000]
- [0.36308018 0.00378377 0.00000000]
- [0.36704477 0.00367349 0.00000000]
- [0.37100348 0.00351336 0.00000000]
- [0.37496582 0.00330325 0.00000000]
- [0.37892110 0.00300679 0.00000000]
- [0.38286753 0.00267056 0.00000000]
- [0.38681013 0.00228303 0.00000000]
- [0.39074455 0.00185120 0.00000000]
- [0.39467821 0.00144061 0.00000000]
- [0.39910559 0.00048720 0.00000000]
- [0.28078665 -0.00141695 0.00000000]
- [0.28095437 0.00258756 0.00000000]
- [0.28112210 0.00659208 0.00000000]
- [0.28128982 0.01059659 0.00000000]
- [0.28145754 0.01460111 0.00000000]
- [0.28162526 0.01860562 0.00000000]
- [0.03312595 -0.01719492 0.00000000]
- [0.03268249 -0.01330079 0.00000000]
- [0.03223904 -0.00940667 0.00000000]
- [0.03179559 -0.00551255 0.00000000]
- [0.03135214 -0.00161843 0.00000000]
- [0.03090868 0.00227569 0.00000000]
- [0.03046523 0.00616981 0.00000000]
- [0.03002178 0.01006394 0.00000000]
- [0.02957832 0.01395806 0.00000000]
- [0.02913487 0.01785218 0.00000000]
- [0.02869142 0.02174630 0.00000000]
- [0.21817061 -0.01757614 0.00000000]
- [0.21771467 -0.01367974 0.00000000]
- [0.21725874 -0.00978334 0.00000000]
- [0.21680280 -0.00588694 0.00000000]
- [0.21634687 -0.00199054 0.00000000]
- [0.21589093 0.00190586 0.00000000]
- [0.21543499 0.00580226 0.00000000]
- [0.21497906 0.00969866 0.00000000]
- [0.21452312 0.01359506 0.00000000]
- [0.21406719 0.01749146 0.00000000]
- [0.21361125 0.02138787 0.00000000]
- [0.21315531 0.02528427 0.00000000]
- [0.21269938 0.02918067 0.00000000]
- [0.21224344 0.03307707 0.00000000]
elements:
- [1 2]
- [2 3]
- [3 4]
- [4 5]
- [5 6]
- [6 7]
- [7 8]
- [8 9]
- [9 10]
- [10 11]
- [11 12]
- [12 13]
- [13 14]
- [14 15]
- [15 16]
- [16 17]
- [17 18]
- [18 19]
- [19 20]
- [20 21]
- [21 22]
- [22 23]
- [23 24]
- [24 25]
- [25 26]
- [26 27]
- [27 28]
- [28 29]
- [29 30]
- [30 31]
- [31 32]
- [32 33]
- [33 34]
- [34 35]
- [35 36]
- [36 37]
- [37 38]
- [38 39]
- [39 40]
- [40 41]
- [41 42]
- [42 43]
- [43 44]
- [44 45]
- [45 46]
- [46 47]
- [47 48]
- [48 49]
- [49 50]
- [50 51]
- [51 52]
- [52 53]
- [53 54]
- [54 55]
- [55 56]
- [56 57]
- [57 58]
- [58 59]
- [59 60]
- [60 61]
- [61 62]
- [62 63]
- [63 64]
- [64 65]
- [65 66]
- [66 67]
- [67 68]
- [68 69]
- [69 70]
- [70 71]
- [71 72]
- [72 73]
- [73 74]
- [74 75]
- [75 76]
- [76 77]
- [77 78]
- [78 79]
- [79 80]
- [80 81]
- [81 82]
- [82 83]
- [83 84]
- [84 85]
- [85 86]
- [86 87]
- [87 88]
- [88 89]
- [89 90]
- [90 91]
- [91 92]
- [92 93]
- [93 94]
- [94 95]
- [95 96]
- [96 97]
- [97 98]
- [98 99]
- [99 100]
- [100 101]
- [101 102]
- [102 103]
- [103 104]
- [104 105]
- [105 106]
- [106 107]
- [107 108]
- [108 109]
- [109 110]
- [110 111]
- [111 112]
- [112 113]
- [113 114]
- [114 115]
- [115 116]
- [116 117]
- [117 118]
- [118 119]
- [119 120]
- [120 121]
- [121 122]
- [122 123]
- [123 124]
- [124 125]
- [125 126]
- [126 127]
- [127 128]
- [128 129]
- [129 130]
- [130 131]
- [131 132]
- [132 133]
- [133 134]
- [134 135]
- [135 136]
- [136 137]
- [137 138]
- [138 139]
- [139 140]
- [140 141]
- [141 142]
- [142 143]
- [143 144]
- [144 145]
- [145 146]
- [146 147]
- [147 148]
- [148 149]
- [149 150]
- [150 151]
- [151 152]
- [152 153]
- [153 154]
- [154 155]
- [155 156]
- [156 157]
- [157 158]
- [158 159]
- [159 160]
- [160 161]
- [161 162]
- [162 163]
- [163 164]
- [164 165]
- [165 166]
- [166 167]
- [167 168]
- [168 169]
- [169 170]
- [170 171]
- [171 172]
- [172 173]
- [173 174]
- [174 175]
- [175 176]
- [176 177]
- [177 178]
- [178 179]
- [179 180]
- [180 181]
- [181 182]
- [182 183]
- [183 184]
- [184 185]
- [185 186]
- [186 187]
- [187 188]
- [188 189]
- [189 190]
- [190 191]
- [191 192]
- [192 193]
- [193 194]
- [194 195]
- [195 196]
- [196 197]
- [197 198]
- [198 199]
- [199 200]
- [200 201]
- [201 202]
- [202 203]
- [203 204]
- [204 205]
- [205 206]
- [206 207]
- [207 208]
- [208 209]
- [209 1]
- [179 210]
- [210 211]
- [211 212]
- [212 213]
- [213 214]
- [214 215]
- [215 31]
- [116 216]
- [216 217]
- [217 218]
- [218 219]
- [219 220]
- [220 221]
- [221 222]
- [222 223]
- [223 224]
- [224 225]
- [225 226]
- [226 96]
- [163 227]
- [227 228]
- [228 229]
- [229 230]
- [230 231]
- [231 232]
- [232 233]
- [233 234]
- [234 235]
- [235 236]
- [236 237]
- [237 238]
- [238 239]
- [239 240]
- [240 49]
sets:
  element:
  - name: layup_0
    labels:
    - 1
    - 208
    - 209
  - name: layup_1
    labels:
    - 2
    - 3
    - 4
    - 5
    - 6
    - 7
    - 8
    - 9
    - 10
    - 11
    - 12
    - 13
    - 14
    - 15
    - 16
    - 17
    - 18
    - 19
    - 20
    - 21
    - 22
    - 23
    - 24
    - 25
    - 26
    - 27
    - 28
    - 29
    - 30
    - 31
    - 32
    - 33
    - 34
    - 35
    - 36
    - 37
    - 38
    - 39
    - 40
    - 41
    - 42
    - 43
    - 44
    - 45
    - 46
    - 47
    - 48
    - 49
    - 50
    - 51
    - 52
    - 53
    - 54
    - 55
    - 56
    - 57
    - 58
    - 89
    - 90
    - 91
    - 92
    - 93
    - 94
    - 95
    - 96
    - 97
    - 98
    - 99
    - 100
    - 101
    - 102
    - 103
    - 104
    - 107
    - 108
    - 109
    - 110
    - 111
    - 112
    - 113
    - 114
    - 115
    - 116
    - 117
    - 118
    - 119
    - 120
    - 121
    - 122
    - 123
    - 124
    - 125
    - 126
    - 157
    - 158
    - 159
    - 160
    - 161
    - 162
    - 163
    - 164
    - 165
    - 166
    - 167
    - 168
    - 169
    - 170
    - 171
    - 172
    - 173
    - 174
    - 175
    - 176
    - 177
    - 178
    - 179
    - 180
    - 181
    - 182
    - 183
    - 184
    - 185
    - 186
    - 187
    - 188
    - 189
    - 190
    - 191
    - 192
    - 193
    - 194
    - 195
    - 196
    - 197
    - 198
    - 199
    - 200
    - 201
    - 202
    - 203
    - 204
    - 205
    - 206
    - 207
  - name: layup_2
    labels:
    - 59
    - 60
    - 61
    - 62
    - 63
    - 64
    - 65
    - 66
    - 67
    - 68
    - 69
    - 70
    - 71
    - 72
    - 73
    - 74
    - 75
    - 76
    - 77
    - 78
    - 79
    - 80
    - 81
    - 82
    - 83
    - 84
    - 85
    - 86
    - 87
    - 88
    - 127
    - 128
    - 129
    - 130
    - 131
    - 132
    - 133
    - 134
    - 135
    - 136
    - 137
    - 138
    - 139
    - 140
    - 141
    - 142
    - 143
    - 144
    - 145
    - 146
    - 147
    - 148
    - 149
    - 150
    - 151
    - 152
    - 153
    - 154
    - 155
    - 156
  - name: layup_3
    labels:
    - 105
    - 106
  - name: layup_4
    labels:
    - 210
    - 211
    - 212
    - 213
    - 214
    - 215
    - 216
  - name: layup_5
    labels:
    - 217
    - 218
    - 219
    - 220
    - 221
    - 222
    - 223
    - 224
    - 225
    - 226
    - 227
    - 228
    - 229
    - 230
    - 231
    - 232
    - 233
    - 234
    - 235
    - 236
    - 237
    - 238
    - 239
    - 240
    - 241
    - 242
    - 243
sections:
- type: shell
  elementSet: layup_0
  layup:
  - - gelcoat
    - 0.0005
    - 0.0
  - - glass_triax
    - 0.001
    - 0.0
  - - glass_uniax
    - 0.0002
    - 0.0
  - - glass_triax
    - 0.001
    - 0.0
- type: shell
  elementSet: layup_1
  layup:
  - - gelcoat
    - 0.0005
    - 0.0
  - - glass_triax
    - 0.001
    - 0.0
  - - glass_triax
    - 0.001
    - 0.0
- type: shell
  elementSet: layup_2
  layup:
  - - gelcoat
    - 0.0005
    - 0.0
  - - glass_triax
    - 0.001
    - 0.0
  - - carbon_uniax
    - 0.0063712
    - 0.0
  - - glass_triax
    - 0.001
    - 0.0
- type: shell
  elementSet: layup_3
  layup:
  - - gelcoat
    - 0.0005
    - 0.0
  - - glass_triax
    - 0.001
    - 0.0
  - - glass_uniax
    - 0.000565
    - 0.0
  - - glass_triax
    - 0.001
    - 0.0
- type: shell
  elementSet: layup_4
  layup:
  - - glass_biax
    - 0.002
    - 0.0
  - - medium_density_foam
    - 0.03
    - 0.0
  - - glass_biax
    - 0.002
    - 0.0
- type: shell
  elementSet: layup_5
  layup:
  - - glass_biax
    - 0.002
    - 0.0
  - - medium_density_foam
    - 0.014
    - 0.0
  - - glass_biax
    - 0.002
    - 0.0
elementOrientations:
- [0.0, 0.0, 1.0, -0.993822510558003, 0.1109811583476574, 0.0, -0.1109811583476574,
  -0.993822510558003, 0.0]
- [0.0, 0.0, 1.0, -0.9840364063557953, 0.17796727498720738, 0.0, -0.17796727498720738,
  -0.9840364063557953, 0.0]
- [0.0, 0.0, 1.0, -0.9862051631835101, 0.16552756903363908, 0.0, -0.16552756903363908,
  -0.9862051631835101, 0.0]
- [0.0, 0.0, 1.0, -0.98545205983253, 0.1699536341824549, 0.0, -0.1699536341824549,
  -0.98545205983253, 0.0]
- [0.0, 0.0, 1.0, -0.9849129218806371, 0.1730506755622355, 0.0, -0.1730506755622355,
  -0.9849129218806371, 0.0]
- [0.0, 0.0, 1.0, -0.9841933948125159, 0.17709704008654478, 0.0, -0.17709704008654478,
  -0.9841933948125159, 0.0]
- [0.0, 0.0, 1.0, -0.9837268521544815, 0.17967047712474915, 0.0, -0.17967047712474915,
  -0.9837268521544815, 0.0]
- [0.0, 0.0, 1.0, -0.9834397758397422, 0.18123522642212206, 0.0, -0.18123522642212206,
  -0.9834397758397422, 0.0]
- [0.0, 0.0, 1.0, -0.9827231006325606, 0.1850818939905418, 0.0, -0.1850818939905418,
  -0.9827231006325606, 0.0]
- [0.0, 0.0, 1.0, -0.9825174277354923, 0.18617063193756286, 0.0, -0.18617063193756286,
  -0.9825174277354923, 0.0]
- [0.0, 0.0, 1.0, -0.9820201543202874, 0.18877610152971883, 0.0, -0.18877610152971883,
  -0.9820201543202874, 0.0]
- [0.0, 0.0, 1.0, -0.9817937425790505, 0.18995011722191996, 0.0, -0.18995011722191996,
  -0.9817937425790505, 0.0]
- [0.0, 0.0, 1.0, -0.9812114159698072, 0.19293562960357044, 0.0, -0.19293562960357044,
  -0.9812114159698072, 0.0]
- [0.0, 0.0, 1.0, -0.9809868311731341, 0.19407430810102808, 0.0, -0.19407430810102808,
  -0.9809868311731341, 0.0]
- [0.0, 0.0, 1.0, -0.9804581680009178, 0.19672768183528275, 0.0, -0.19672768183528275,
  -0.9804581680009178, 0.0]
- [0.0, 0.0, 1.0, -0.9802989422510859, 0.1975195783242816, 0.0, -0.1975195783242816,
  -0.9802989422510859, 0.0]
- [0.0, 0.0, 1.0, -0.9800082270054445, 0.19895696771323435, 0.0, -0.19895696771323435,
  -0.9800082270054445, 0.0]
- [0.0, 0.0, 1.0, -0.9797270600514381, 0.20033693569326186, 0.0, -0.20033693569326186,
  -0.9797270600514381, 0.0]
- [0.0, 0.0, 1.0, -0.9793649757023882, 0.2020995902209114, 0.0, -0.2020995902209114,
  -0.9793649757023882, 0.0]
- [0.0, 0.0, 1.0, -0.9789610439053361, 0.20404723599150904, 0.0, -0.20404723599150904,
  -0.9789610439053361, 0.0]
- [0.0, 0.0, 1.0, -0.9785888669767617, 0.2058247541699928, 0.0, -0.2058247541699928,
  -0.9785888669767617, 0.0]
- [0.0, 0.0, 1.0, -0.9782362487512056, 0.20749419661563903, 0.0, -0.20749419661563903,
  -0.9782362487512056, 0.0]
- [0.0, 0.0, 1.0, -0.9779933616788001, 0.2086360096248959, 0.0, -0.2086360096248959,
  -0.9779933616788001, 0.0]
- [0.0, 0.0, 1.0, -0.9776446120960832, 0.2102641492016627, 0.0, -0.2102641492016627,
  -0.9776446120960832, 0.0]
- [0.0, 0.0, 1.0, -0.977452603186611, 0.21115493961477075, 0.0, -0.21115493961477075,
  -0.977452603186611, 0.0]
- [0.0, 0.0, 1.0, -0.9772055066209051, 0.21229554359378452, 0.0, -0.21229554359378452,
  -0.9772055066209051, 0.0]
- [0.0, 0.0, 1.0, -0.9771060604860753, 0.21275278273475529, 0.0, -0.21275278273475529,
  -0.9771060604860753, 0.0]
- [0.0, 0.0, 1.0, -0.9769921863783364, 0.21327509877076126, 0.0, -0.21327509877076126,
  -0.9769921863783364, 0.0]
- [0.0, 0.0, 1.0, -0.9769600725690779, 0.21342215584569, 0.0, -0.21342215584569, -0.9769600725690779,
  0.0]
- [0.0, 0.0, 1.0, -0.9769222144010024, 0.21359538152741556, 0.0, -0.21359538152741556,
  -0.9769222144010024, 0.0]
- [0.0, 0.0, 1.0, -0.9769233506740308, 0.21359018448380201, 0.0, -0.21359018448380201,
  -0.9769233506740308, 0.0]
- [0.0, 0.0, 1.0, -0.9770118963996991, 0.21318478907619884, 0.0, -0.21318478907619884,
  -0.9770118963996991, 0.0]
- [0.0, 0.0, 1.0, -0.9770574730496957, 0.2129758069775607, 0.0, -0.2129758069775607,
  -0.9770574730496957, 0.0]
- [0.0, 0.0, 1.0, -0.9772680041022562, 0.2120076606115743, 0.0, -0.2120076606115743,
  -0.9772680041022562, 0.0]
- [0.0, 0.0, 1.0, -0.9773127242965676, 0.2118014138952372, 0.0, -0.2118014138952372,
  -0.9773127242965676, 0.0]
- [0.0, 0.0, 1.0, -0.9777640731598203, 0.20970793317830802, 0.0, -0.20970793317830802,
  -0.9777640731598203, 0.0]
- [0.0, 0.0, 1.0, -0.977841143459136, 0.20934827001561174, 0.0, -0.20934827001561174,
  -0.977841143459136, 0.0]
- [0.0, 0.0, 1.0, -0.9782295906759609, 0.2075255837865346, 0.0, -0.2075255837865346,
  -0.9782295906759609, 0.0]
- [0.0, 0.0, 1.0, -0.9784979686127441, 0.206256455464388, 0.0, -0.206256455464388,
  -0.9784979686127441, 0.0]
- [0.0, 0.0, 1.0, -0.9791760137527566, 0.20301313773069318, 0.0, -0.20301313773069318,
  -0.9791760137527566, 0.0]
- [0.0, 0.0, 1.0, -0.9795447925463718, 0.20122623933097183, 0.0, -0.20122623933097183,
  -0.9795447925463718, 0.0]
- [0.0, 0.0, 1.0, -0.9802485919699526, 0.19776930485018526, 0.0, -0.19776930485018526,
  -0.9802485919699526, 0.0]
- [0.0, 0.0, 1.0, -0.9808295358572402, 0.19486770278850907, 0.0, -0.19486770278850907,
  -0.9808295358572402, 0.0]
- [0.0, 0.0, 1.0, -0.9815686149034757, 0.19111005791551663, 0.0, -0.19111005791551663,
  -0.9815686149034757, 0.0]
- [0.0, 0.0, 1.0, -0.9822082969204792, 0.1877947322492618, 0.0, -0.1877947322492618,
  -0.9822082969204792, 0.0]
- [0.0, 0.0, 1.0, -0.9826876182430666, 0.1852701944506161, 0.0, -0.1852701944506161,
  -0.9826876182430666, 0.0]
- [0.0, 0.0, 1.0, -0.9835048645506381, 0.1808816779146823, 0.0, -0.1808816779146823,
  -0.9835048645506381, 0.0]
- [0.0, 0.0, 1.0, -0.9838260893400466, 0.17912628487709553, 0.0, -0.17912628487709553,
  -0.9838260893400466, 0.0]
- [0.0, 0.0, 1.0, -0.9848916673271036, 0.17317160168352588, 0.0, -0.17317160168352588,
  -0.9848916673271036, 0.0]
- [0.0, 0.0, 1.0, -0.9852487031706946, 0.17112858586590513, 0.0, -0.17112858586590513,
  -0.9852487031706946, 0.0]
- [0.0, 0.0, 1.0, -0.9863139601215379, 0.16487805211540257, 0.0, -0.16487805211540257,
  -0.9863139601215379, 0.0]
- [0.0, 0.0, 1.0, -0.98669636665984, 0.16257392171031232, 0.0, -0.16257392171031232,
  -0.98669636665984, 0.0]
- [0.0, 0.0, 1.0, -0.9879030833082976, 0.1550725571787576, 0.0, -0.1550725571787576,
  -0.9879030833082976, 0.0]
- [0.0, 0.0, 1.0, -0.9883456346284498, 0.1522264974007042, 0.0, -0.1522264974007042,
  -0.9883456346284498, 0.0]
- [0.0, 0.0, 1.0, -0.9893094608500397, 0.14583137753105108, 0.0, -0.14583137753105108,
  -0.9893094608500397, 0.0]
- [0.0, 0.0, 1.0, -0.9900729930640619, 0.1405541475914881, 0.0, -0.1405541475914881,
  -0.9900729930640619, 0.0]
- [0.0, 0.0, 1.0, -0.9909127468914762, 0.1345062379519602, 0.0, -0.1345062379519602,
  -0.9909127468914762, 0.0]
- [0.0, 0.0, 1.0, -0.9657656360176641, -0.25941614500141796, 0.0, 0.25941614500141796,
  -0.9657656360176641, 0.0]
- [0.0, 0.0, 1.0, -0.9659422670961076, -0.258757679378278, 0.0, 0.258757679378278,
  -0.9659422670961076, 0.0]
- [0.0, 0.0, 1.0, -0.9936954959669707, 0.11211271691898203, 0.0, -0.11211271691898203,
  -0.9936954959669707, 0.0]
- [0.0, 0.0, 1.0, -0.9941803991391114, 0.10772805561967992, 0.0, -0.10772805561967992,
  -0.9941803991391114, 0.0]
- [0.0, 0.0, 1.0, -0.995358420468298, 0.09623728385015255, 0.0, -0.09623728385015255,
  -0.995358420468298, 0.0]
- [0.0, 0.0, 1.0, -0.9960004049467708, 0.08934871765094798, 0.0, -0.08934871765094798,
  -0.9960004049467708, 0.0]
- [0.0, 0.0, 1.0, -0.9967731771930329, 0.08026975288679011, 0.0, -0.08026975288679011,
  -0.9967731771930329, 0.0]
- [0.0, 0.0, 1.0, -0.9977038087242553, 0.06772820724864007, 0.0, -0.06772820724864007,
  -0.9977038087242553, 0.0]
- [0.0, 0.0, 1.0, -0.9981759631254743, 0.060371737083936755, 0.0, -0.060371737083936755,
  -0.9981759631254743, 0.0]
- [0.0, 0.0, 1.0, -0.9988666625578523, 0.047596117809516204, 0.0, -0.047596117809516204,
  -0.9988666625578523, 0.0]
- [0.0, 0.0, 1.0, -0.9992975813008435, 0.03747457813350382, 0.0, -0.03747457813350382,
  -0.9992975813008435, 0.0]
- [0.0, 0.0, 1.0, -0.9997027903398471, 0.02437890454314846, 0.0, -0.02437890454314846,
  -0.9997027903398471, 0.0]
- [0.0, 0.0, 1.0, -0.999964107794916, 0.008472492072434768, 0.0, -0.008472492072434768,
  -0.999964107794916, 0.0]
- [0.0, 0.0, 1.0, -0.9999989821636107, -0.0014267696878937964, 0.0, 0.0014267696878937964,
  -0.9999989821636107, 0.0]
- [0.0, 0.0, 1.0, -0.999807204521284, -0.01963552360735928, 0.0, 0.01963552360735928,
  -0.999807204521284, 0.0]
- [0.0, 0.0, 1.0, -0.9994351429558587, -0.03360647295986914, 0.0, 0.03360647295986914,
  -0.9994351429558587, 0.0]
- [0.0, 0.0, 1.0, -0.9989540499637501, -0.04572533281476768, 0.0, 0.04572533281476768,
  -0.9989540499637501, 0.0]
- [0.0, 0.0, 1.0, -0.997856252300044, -0.06544386713597296, 0.0, 0.06544386713597296,
  -0.997856252300044, 0.0]
- [0.0, 0.0, 1.0, -0.9968999727530609, -0.0786793767447755, 0.0, 0.0786793767447755,
  -0.9968999727530609, 0.0]
- [0.0, 0.0, 1.0, -0.9955175995875133, -0.09457647123632588, 0.0, 0.09457647123632588,
  -0.9955175995875133, 0.0]
- [0.0, 0.0, 1.0, -0.9935420495125256, -0.11346451361747574, 0.0, 0.11346451361747574,
  -0.9935420495125256, 0.0]
- [0.0, 0.0, 1.0, -0.9919439635742925, -0.12667743733010517, 0.0, 0.12667743733010517,
  -0.9919439635742925, 0.0]
- [0.0, 0.0, 1.0, -0.98957394772786, -0.1440256990203434, 0.0, 0.1440256990203434,
  -0.98957394772786, 0.0]
- [0.0, 0.0, 1.0, -0.986799167152983, -0.1619487687701857, 0.0, 0.1619487687701857,
  -0.986799167152983, 0.0]
- [0.0, 0.0, 1.0, -0.9846441069207604, -0.17457371711176378, 0.0, 0.17457371711176378,
  -0.9846441069207604, 0.0]
- [0.0, 0.0, 1.0, -0.9813047987457477, -0.19246010484920698, 0.0, 0.19246010484920698,
  -0.9813047987457477, 0.0]
- [0.0, 0.0, 1.0, -0.9772658314750637, -0.21201767528051127, 0.0, 0.21201767528051127,
  -0.9772658314750637, 0.0]
- [0.0, 0.0, 1.0, -0.974200885105274, -0.22568259893066805, 0.0, 0.22568259893066805,
  -0.974200885105274, 0.0]
- [0.0, 0.0, 1.0, -0.9700339474975996, -0.2429694233894961, 0.0, 0.2429694233894961,
  -0.9700339474975996, 0.0]
- [0.0, 0.0, 1.0, -0.964526075088872, -0.2639875953026119, 0.0, 0.2639875953026119,
  -0.964526075088872, 0.0]
- [0.0, 0.0, 1.0, -0.9944891474488504, 0.1048395708044377, 0.0, -0.1048395708044377,
  -0.9944891474488504, 0.0]
- [0.0, 0.0, 1.0, -0.9984217351807056, 0.05616082904257265, 0.0, -0.05616082904257265,
  -0.9984217351807056, 0.0]
- [0.0, 0.0, 1.0, -0.9474711372050266, -0.31984127964259684, 0.0, 0.31984127964259684,
  -0.9474711372050266, 0.0]
- [0.0, 0.0, 1.0, -0.939497607227996, -0.342555464141021, 0.0, 0.342555464141021,
  -0.939497607227996, 0.0]
- [0.0, 0.0, 1.0, -0.9316316859302486, -0.36340390995524907, 0.0, 0.36340390995524907,
  -0.9316316859302486, 0.0]
- [0.0, 0.0, 1.0, -0.9223519603347256, -0.3863506972514594, 0.0, 0.3863506972514594,
  -0.9223519603347256, 0.0]
- [0.0, 0.0, 1.0, -0.9109803872738358, -0.4124496745087966, 0.0, 0.4124496745087966,
  -0.9109803872738358, 0.0]
- [0.0, 0.0, 1.0, -0.8985112542856433, -0.438950482312117, 0.0, 0.438950482312117,
  -0.8985112542856433, 0.0]
- [0.0, 0.0, 1.0, -0.8840307497504463, -0.46742874697183945, 0.0, 0.46742874697183945,
  -0.8840307497504463, 0.0]
- [0.0, 0.0, 1.0, -0.8693825774429337, -0.4941395896289644, 0.0, 0.4941395896289644,
  -0.8693825774429337, 0.0]
- [0.0, 0.0, 1.0, -0.8503447740237262, -0.526225964097685, 0.0, 0.526225964097685,
  -0.8503447740237262, 0.0]
- [0.0, 0.0, 1.0, -0.8271417488959435, -0.5619933515917782, 0.0, 0.5619933515917782,
  -0.8271417488959435, 0.0]
- [0.0, 0.0, 1.0, -0.799043480343643, -0.6012732461371602, 0.0, 0.6012732461371602,
  -0.799043480343643, 0.0]
- [0.0, 0.0, 1.0, -0.7611530841298592, -0.6485722646857507, 0.0, 0.6485722646857507,
  -0.7611530841298592, 0.0]
- [0.0, 0.0, 1.0, -0.7096309243887232, -0.704573595269654, 0.0, 0.704573595269654,
  -0.7096309243887232, 0.0]
- [0.0, 0.0, 1.0, -0.6327367789437945, -0.7743669469778729, 0.0, 0.7743669469778729,
  -0.6327367789437945, 0.0]
- [0.0, 0.0, 1.0, -0.47741587904753746, -0.8786774598413613, 0.0, 0.8786774598413613,
  -0.47741587904753746, 0.0]
- [0.0, 0.0, 1.0, -0.22613458915212142, -0.974096066919994, 0.0, 0.974096066919994,
  -0.22613458915212142, 0.0]
- [0.0, 0.0, 1.0, 0.25653177626429424, -0.9665357974574382, 0.0, 0.9665357974574382,
  0.25653177626429424, 0.0]
- [0.0, 0.0, 1.0, 0.6416414200661876, -0.7670047509992661, 0.0, 0.7670047509992661,
  0.6416414200661876, 0.0]
- [0.0, 0.0, 1.0, 0.7845065673451075, -0.6201205090886742, 0.0, 0.6201205090886742,
  0.7845065673451075, 0.0]
- [0.0, 0.0, 1.0, 0.837461801911637, -0.5464958648872964, 0.0, 0.5464958648872964,
  0.837461801911637, 0.0]
- [0.0, 0.0, 1.0, 0.869937428613268, -0.49316211360741724, 0.0, 0.49316211360741724,
  0.869937428613268, 0.0]
- [0.0, 0.0, 1.0, 0.8932183642928131, -0.44962312406066457, 0.0, 0.44962312406066457,
  0.8932183642928131, 0.0]
- [0.0, 0.0, 1.0, 0.9082658320094088, -0.4183935687893113, 0.0, 0.4183935687893113,
  0.9082658320094088, 0.0]
- [0.0, 0.0, 1.0, 0.9211789123811457, -0.389139321303167, 0.0, 0.389139321303167,
  0.9211789123811457, 0.0]
- [0.0, 0.0, 1.0, 0.9311716194888476, -0.3645811501689532, 0.0, 0.3645811501689532,
  0.9311716194888476, 0.0]
- [0.0, 0.0, 1.0, 0.9390436597684682, -0.34379791309523855, 0.0, 0.34379791309523855,
  0.9390436597684682, 0.0]
- [0.0, 0.0, 1.0, 0.9468446169146207, -0.3216912672420641, 0.0, 0.3216912672420641,
  0.9468446169146207, 0.0]
- [0.0, 0.0, 1.0, 0.9528725355913029, -0.30337094606405773, 0.0, 0.30337094606405773,
  0.9528725355913029, 0.0]
- [0.0, 0.0, 1.0, 0.9577324043211641, -0.2876606363637577, 0.0, 0.2876606363637577,
  0.9577324043211641, 0.0]
- [0.0, 0.0, 1.0, 0.9626848204599626, -0.27062508467614305, 0.0, 0.27062508467614305,
  0.9626848204599626, 0.0]
- [0.0, 0.0, 1.0, 0.9674333613420757, -0.2531258409613147, 0.0, 0.2531258409613147,
  0.9674333613420757, 0.0]
- [0.0, 0.0, 1.0, 0.9712659108702136, -0.2379969125460539, 0.0, 0.2379969125460539,
  0.9712659108702136, 0.0]
- [0.0, 0.0, 1.0, 0.9741151532618721, -0.22605235717771113, 0.0, 0.22605235717771113,
  0.9741151532618721, 0.0]
- [0.0, 0.0, 1.0, 0.9781498959347802, -0.20790089245305987, 0.0, 0.20790089245305987,
  0.9781498959347802, 0.0]
- [0.0, 0.0, 1.0, 0.9809140541638925, -0.1944418122312072, 0.0, 0.1944418122312072,
  0.9809140541638925, 0.0]
- [0.0, 0.0, 1.0, 0.9829162474754674, -0.18405339021258313, 0.0, 0.18405339021258313,
  0.9829162474754674, 0.0]
- [0.0, 0.0, 1.0, 0.977357778349164, 0.21159341459598033, 0.0, -0.21159341459598033,
  0.977357778349164, 0.0]
- [0.0, 0.0, 1.0, 0.9732667776137436, 0.22967755570224876, 0.0, -0.22967755570224876,
  0.9732667776137436, 0.0]
- [0.0, 0.0, 1.0, 0.9900083169447242, -0.14100897978595014, 0.0, 0.14100897978595014,
  0.9900083169447242, 0.0]
- [0.0, 0.0, 1.0, 0.9924892572428141, -0.12233182029875594, 0.0, 0.12233182029875594,
  0.9924892572428141, 0.0]
- [0.0, 0.0, 1.0, 0.9934954017742654, -0.11387223829095068, 0.0, 0.11387223829095068,
  0.9934954017742654, 0.0]
- [0.0, 0.0, 1.0, 0.9950264592256236, -0.09961097048477272, 0.0, 0.09961097048477272,
  0.9950264592256236, 0.0]
- [0.0, 0.0, 1.0, 0.9963514256368191, -0.08534539607663728, 0.0, 0.08534539607663728,
  0.9963514256368191, 0.0]
- [0.0, 0.0, 1.0, 0.9971182266586116, -0.07586331172039465, 0.0, 0.07586331172039465,
  0.9971182266586116, 0.0]
- [0.0, 0.0, 1.0, 0.9982339254415066, -0.05940564028474353, 0.0, 0.05940564028474353,
  0.9982339254415066, 0.0]
- [0.0, 0.0, 1.0, 0.9988009319233168, -0.04895608633371242, 0.0, 0.04895608633371242,
  0.9988009319233168, 0.0]
- [0.0, 0.0, 1.0, 0.9993040134535907, -0.03730266338407567, 0.0, 0.03730266338407567,
  0.9993040134535907, 0.0]
- [0.0, 0.0, 1.0, 0.9997980299101031, -0.020097248266285138, 0.0, 0.020097248266285138,
  0.9997980299101031, 0.0]
- [0.0, 0.0, 1.0, 0.9999388260209415, -0.011060931961688357, 0.0, 0.011060931961688357,
  0.9999388260209415, 0.0]
- [0.0, 0.0, 1.0, 0.9999916685076483, 0.004082023430806381, 0.0, -0.004082023430806381,
  0.9999916685076483, 0.0]
- [0.0, 0.0, 1.0, 0.9998355813257754, 0.01813312755562528, 0.0, -0.01813312755562528,
  0.9998355813257754, 0.0]
- [0.0, 0.0, 1.0, 0.9995561298904196, 0.029791663237998797, 0.0, -0.029791663237998797,
  0.9995561298904196, 0.0]
- [0.0, 0.0, 1.0, 0.9989883959977441, 0.044968707584878684, 0.0, -0.044968707584878684,
  0.9989883959977441, 0.0]
- [0.0, 0.0, 1.0, 0.9984536635568486, 0.05559030248080696, 0.0, -0.05559030248080696,
  0.9984536635568486, 0.0]
- [0.0, 0.0, 1.0, 0.9975277484498704, 0.07027368691432245, 0.0, -0.07027368691432245,
  0.9975277484498704, 0.0]
- [0.0, 0.0, 1.0, 0.9964387252882907, 0.08432002576995774, 0.0, -0.08432002576995774,
  0.9964387252882907, 0.0]
- [0.0, 0.0, 1.0, 0.9956799910452926, 0.09285125433749383, 0.0, -0.09285125433749383,
  0.9956799910452926, 0.0]
- [0.0, 0.0, 1.0, 0.9937045773337151, 0.11203219620279853, 0.0, -0.11203219620279853,
  0.9937045773337151, 0.0]
- [0.0, 0.0, 1.0, 0.9925822664374957, 0.12157485082781097, 0.0, -0.12157485082781097,
  0.9925822664374957, 0.0]
- [0.0, 0.0, 1.0, 0.9912748932841887, 0.1318107960085978, 0.0, -0.1318107960085978,
  0.9912748932841887, 0.0]
- [0.0, 0.0, 1.0, 0.988744008380399, 0.14961713101066113, 0.0, -0.14961713101066113,
  0.988744008380399, 0.0]
- [0.0, 0.0, 1.0, 0.9875259036409307, 0.15745662780004832, 0.0, -0.15745662780004832,
  0.9875259036409307, 0.0]
- [0.0, 0.0, 1.0, 0.9851185875616535, 0.17187602636939409, 0.0, -0.17187602636939409,
  0.9851185875616535, 0.0]
- [0.0, 0.0, 1.0, 0.9830324969768189, 0.18343148554029712, 0.0, -0.18343148554029712,
  0.9830324969768189, 0.0]
- [0.0, 0.0, 1.0, 0.9811238987226725, 0.19338018346051586, 0.0, -0.19338018346051586,
  0.9811238987226725, 0.0]
- [0.0, 0.0, 1.0, 0.9782608771252307, 0.20737805160183664, 0.0, -0.20737805160183664,
  0.9782608771252307, 0.0]
- [0.0, 0.0, 1.0, 0.9857887895821184, -0.1679894709028576, 0.0, 0.1679894709028576,
  0.9857887895821184, 0.0]
- [0.0, 0.0, 1.0, 0.9904113045269866, -0.13815009180291182, 0.0, 0.13815009180291182,
  0.9904113045269866, 0.0]
- [0.0, 0.0, 1.0, 0.9723483169671544, 0.23353533028461043, 0.0, -0.23353533028461043,
  0.9723483169671544, 0.0]
- [0.0, 0.0, 1.0, 0.9708709511098714, 0.23960299724964518, 0.0, -0.23960299724964518,
  0.9708709511098714, 0.0]
- [0.0, 0.0, 1.0, 0.9689342517888184, 0.24731845000008107, 0.0, -0.24731845000008107,
  0.9689342517888184, 0.0]
- [0.0, 0.0, 1.0, 0.968347525610644, 0.24960582854521463, 0.0, -0.24960582854521463,
  0.968347525610644, 0.0]
- [0.0, 0.0, 1.0, 0.9667191284581768, 0.2558400411840629, 0.0, -0.2558400411840629,
  0.9667191284581768, 0.0]
- [0.0, 0.0, 1.0, 0.9662817653058611, 0.25748699003520314, 0.0, -0.25748699003520314,
  0.9662817653058611, 0.0]
- [0.0, 0.0, 1.0, 0.9654970405390315, 0.26041402556385373, 0.0, -0.26041402556385373,
  0.9654970405390315, 0.0]
- [0.0, 0.0, 1.0, 0.9651430817639126, 0.26172281467853986, 0.0, -0.26172281467853986,
  0.9651430817639126, 0.0]
- [0.0, 0.0, 1.0, 0.9647761143463602, 0.26307232691170424, 0.0, -0.26307232691170424,
  0.9647761143463602, 0.0]
- [0.0, 0.0, 1.0, 0.96475373992953, 0.26315436779955775, 0.0, -0.26315436779955775,
  0.96475373992953, 0.0]
- [0.0, 0.0, 1.0, 0.9647433763646831, 0.26319235885654363, 0.0, -0.26319235885654363,
  0.9647433763646831, 0.0]
- [0.0, 0.0, 1.0, 0.9652789355359623, 0.26122131729734427, 0.0, -0.26122131729734427,
  0.9652789355359623, 0.0]
- [0.0, 0.0, 1.0, 0.9655791573506057, 0.26010938254913896, 0.0, -0.26010938254913896,
  0.9655791573506057, 0.0]
- [0.0, 0.0, 1.0, 0.966580428765256, 0.25636355967253655, 0.0, -0.25636355967253655,
  0.966580428765256, 0.0]
- [0.0, 0.0, 1.0, 0.9669708769864503, 0.25488688287170685, 0.0, -0.25488688287170685,
  0.9669708769864503, 0.0]
- [0.0, 0.0, 1.0, 0.9688206194771456, 0.2477632080756138, 0.0, -0.2477632080756138,
  0.9688206194771456, 0.0]
- [0.0, 0.0, 1.0, 0.9694408744064349, 0.24532507215954635, 0.0, -0.24532507215954635,
  0.9694408744064349, 0.0]
- [0.0, 0.0, 1.0, 0.9711280275447967, 0.2385589112084326, 0.0, -0.2385589112084326,
  0.9711280275447967, 0.0]
- [0.0, 0.0, 1.0, 0.9724920996346591, 0.23293586273515798, 0.0, -0.23293586273515798,
  0.9724920996346591, 0.0]
- [0.0, 0.0, 1.0, 0.9740346689849821, 0.2263989037414194, 0.0, -0.2263989037414194,
  0.9740346689849821, 0.0]
- [0.0, 0.0, 1.0, 0.9760289410685095, 0.21764077328635886, 0.0, -0.21764077328635886,
  0.9760289410685095, 0.0]
- [0.0, 0.0, 1.0, 0.977176949671305, 0.21242694987002966, 0.0, -0.21242694987002966,
  0.977176949671305, 0.0]
- [0.0, 0.0, 1.0, 0.9793057162218848, 0.20238654642821813, 0.0, -0.20238654642821813,
  0.9793057162218848, 0.0]
- [0.0, 0.0, 1.0, 0.9803885244752626, 0.19707445566896195, 0.0, -0.19707445566896195,
  0.9803885244752626, 0.0]
- [0.0, 0.0, 1.0, 0.9826650476601789, 0.1853898705620628, 0.0, -0.1853898705620628,
  0.9826650476601789, 0.0]
- [0.0, 0.0, 1.0, 0.9840079807461921, 0.1781243774102852, 0.0, -0.1781243774102852,
  0.9840079807461921, 0.0]
- [0.0, 0.0, 1.0, 0.985368434899873, 0.17043781124789895, 0.0, -0.17043781124789895,
  0.985368434899873, 0.0]
- [0.0, 0.0, 1.0, 0.9874942155572235, 0.15765523854608812, 0.0, -0.15765523854608812,
  0.9874942155572235, 0.0]
- [0.0, 0.0, 1.0, 0.9885322634993059, 0.15100981431992805, 0.0, -0.15100981431992805,
  0.9885322634993059, 0.0]
- [0.0, 0.0, 1.0, 0.9904198163017928, 0.1380890563249794, 0.0, -0.1380890563249794,
  0.9904198163017928, 0.0]
- [0.0, 0.0, 1.0, 0.9916832047803721, 0.1287028412915985, 0.0, -0.1287028412915985,
  0.9916832047803721, 0.0]
- [0.0, 0.0, 1.0, 0.993189213758571, 0.11651259877640475, 0.0, -0.11651259877640475,
  0.993189213758571, 0.0]
- [0.0, 0.0, 1.0, 0.9946707111886133, 0.10310274634333512, 0.0, -0.10310274634333512,
  0.9946707111886133, 0.0]
- [0.0, 0.0, 1.0, 0.9954012222491166, 0.09579356317083405, 0.0, -0.09579356317083405,
  0.9954012222491166, 0.0]
- [0.0, 0.0, 1.0, 0.996925424727427, 0.07835622203781564, 0.0, -0.07835622203781564,
  0.996925424727427, 0.0]
- [0.0, 0.0, 1.0, 0.9976099533707419, 0.06909689526763454, 0.0, -0.06909689526763454,
  0.9976099533707419, 0.0]
- [0.0, 0.0, 1.0, 0.9983280969778027, 0.057801477357235016, 0.0, -0.057801477357235016,
  0.9983280969778027, 0.0]
- [0.0, 0.0, 1.0, 0.9991642216483001, 0.04087613213045793, 0.0, -0.04087613213045793,
  0.9991642216483001, 0.0]
- [0.0, 0.0, 1.0, 0.9994934875863515, 0.03182402036939864, 0.0, -0.03182402036939864,
  0.9994934875863515, 0.0]
- [0.0, 0.0, 1.0, 0.9998582453291127, 0.016837138931176783, 0.0, -0.016837138931176783,
  0.9998582453291127, 0.0]
- [0.0, 0.0, 1.0, 0.9999966620983933, 0.0025837554202900017, 0.0, -0.0025837554202900017,
  0.9999966620983933, 0.0]
- [0.0, 0.0, 1.0, 0.9999607100168598, -0.008864447110669131, 0.0, 0.008864447110669131,
  0.9999607100168598, 0.0]
- [0.0, 0.0, 1.0, 0.9996133714647287, -0.027804812333806075, 0.0, 0.027804812333806075,
  0.9996133714647287, 0.0]
- [0.0, 0.0, 1.0, 0.9991828695888532, -0.04041773274424331, 0.0, 0.04041773274424331,
  0.9991828695888532, 0.0]
- [0.0, 0.0, 1.0, 0.998596978666112, -0.05295350978842718, 0.0, 0.05295350978842718,
  0.998596978666112, 0.0]
- [0.0, 0.0, 1.0, 0.9972028100592695, -0.07474326464569717, 0.0, 0.07474326464569717,
  0.9972028100592695, 0.0]
- [0.0, 0.0, 1.0, 0.9963902872592827, -0.084890490959613, 0.0, 0.084890490959613,
  0.9963902872592827, 0.0]
- [0.0, 0.0, 1.0, 0.9952039380627566, -0.09782188745051175, 0.0, 0.09782188745051175,
  0.9952039380627566, 0.0]
- [0.0, 0.0, 1.0, 0.9940306300761483, -0.10910135870105121, 0.0, 0.10910135870105121,
  0.9940306300761483, 0.0]
- [0.0, 0.0, 1.0, 0.9945965747235659, -0.10381547836498364, 0.0, 0.10381547836498364,
  0.9945965747235659, 0.0]
- [0.0, 0.0, 1.0, 0.9775902683901636, -0.21051666715214684, 0.0, 0.21051666715214684,
  0.9775902683901636, 0.0]
- [0.0, 0.0, 1.0, -0.16246653001891728, -0.9867140551464808, 0.0, 0.9867140551464808,
  -0.16246653001891728, 0.0]
- [0.0, 0.0, 1.0, 0.04184623312230747, 0.999124062753707, 0.0, -0.999124062753707,
  0.04184623312230747, 0.0]
- [0.0, 0.0, 1.0, 0.04184623312230747, 0.999124062753707, 0.0, -0.999124062753707,
  0.04184623312230747, 0.0]
- [0.0, 0.0, 1.0, 0.04184623312230748, 0.999124062753707, 0.0, -0.999124062753707,
  0.04184623312230748, 0.0]
- [0.0, 0.0, 1.0, 0.04184623312230745, 0.999124062753707, 0.0, -0.999124062753707,
  0.04184623312230745, 0.0]
- [0.0, 0.0, 1.0, 0.0418462331223075, 0.999124062753707, 0.0, -0.999124062753707,
  0.0418462331223075, 0.0]
- [0.0, 0.0, 1.0, 0.041846233122307466, 0.999124062753707, 0.0, -0.999124062753707,
  0.041846233122307466, 0.0]
- [0.0, 0.0, 1.0, 0.041846233122307466, 0.999124062753707, 0.0, -0.999124062753707,
  0.041846233122307466, 0.0]
- [0.0, 0.0, 1.0, -0.11314618333245312, 0.9935783518159496, 0.0, -0.9935783518159496,
  -0.11314618333245312, 0.0]
- [0.0, 0.0, 1.0, -0.11314618333245491, 0.9935783518159493, 0.0, -0.9935783518159493,
