nodes:
- [5.83054790 0.04710252 0.00000000]
- [5.77852904 0.05677811 0.00000000]
- [5.71971070 0.07072190 0.00000000]
- [5.66086001 0.08455322 0.00000000]
- [5.60199582 0.09837386 0.00000000]
- [5.54311952 0.11218547 0.00000000]
- [5.48424912 0.12608014 0.00000000]
- [5.42541014 0.14009035 0.00000000]
- [5.36656624 0.15414613 0.00000000]
- [5.30778987 0.16846525 0.00000000]
- [5.24902958 0.18278450 0.00000000]
- [5.19029145 0.19722007 0.00000000]
- [5.13157884 0.21171588 0.00000000]
- [5.07286285 0.22622882 0.00000000]
- [5.01212917 0.23266099 0.00000000]
- [4.95222915 0.23889862 0.00000000]
- [4.89437329 0.25337001 0.00000000]
- [4.83653537 0.26789872 0.00000000]
- [4.77871370 0.28242668 0.00000000]
- [4.72089750 0.29694801 0.00000000]
- [4.66307400 0.31144538 0.00000000]
- [4.60524672 0.32594369 0.00000000]
- [4.54743224 0.34042940 0.00000000]
- [4.48960200 0.35485397 0.00000000]
- [4.43175623 0.36927494 0.00000000]
- [4.37393721 0.38368388 0.00000000]
- [4.31609856 0.39796894 0.00000000]
- [4.25821839 0.41221373 0.00000000]
- [4.20035452 0.42645451 0.00000000]
- [4.14250600 0.44057063 0.00000000]
- [4.08458722 0.45451719 0.00000000]
- [4.02663241 0.46847000 0.00000000]
- [3.96873802 0.48237493 0.00000000]
- [3.91078446 0.49599839 0.00000000]
- [3.85274784 0.50957702 0.00000000]
- [3.79474153 0.52314856 0.00000000]
- [3.73676312 0.53651915 0.00000000]
- [3.68025245 0.54925639 0.00000000]
- [3.62367114 0.56200961 0.00000000]
- [3.56718485 0.57474155 0.00000000]
- [3.51065224 0.58708828 0.00000000]
- [3.45399230 0.59930919 0.00000000]
- [3.39730340 0.61153633 0.00000000]
- [3.34075426 0.62370038 0.00000000]
- [3.28408251 0.63528292 0.00000000]
- [3.22725790 0.64686685 0.00000000]
- [3.17047716 0.65844183 0.00000000]
- [3.11379132 0.66978678 0.00000000]
- [3.05694890 0.68060453 0.00000000]
- [2.99997085 0.69144836 0.00000000]
- [2.94312235 0.70226778 0.00000000]
- [2.88628653 0.71255382 0.00000000]
- [2.82924480 0.72243822 0.00000000]
- [2.77210011 0.73234059 0.00000000]
- [2.71519460 0.74218474 0.00000000]
- [2.65817802 0.75106205 0.00000000]
- [2.60088767 0.75977652 0.00000000]
- [2.54361198 0.76848880 0.00000000]
- [2.48657339 0.77690177 0.00000000]
- [2.42932079 0.78423992 0.00000000]
- [2.37179249 0.79160108 0.00000000]
- [2.31449405 0.79893367 0.00000000]
- [2.25725659 0.80532303 0.00000000]
- [2.19971219 0.81106868 0.00000000]
- [2.14203929 0.81682757 0.00000000]
- [2.08476710 0.82238692 0.00000000]
- [2.02733201 0.82630888 0.00000000]
- [1.96908841 0.82441093 0.00000000]
- [1.91984847 0.82190836 0.00000000]
- [1.87140911 0.82448081 0.00000000]
- [1.81478174 0.82623249 0.00000000]
- [1.75779571 0.82797241 0.00000000]
- [1.70144550 0.82944288 0.00000000]
- [1.64513405 0.82910920 0.00000000]
- [1.58817409 0.82836043 0.00000000]
- [1.53174215 0.82762428 0.00000000]
- [1.47570882 0.82502268 0.00000000]
- [1.41904332 0.82145793 0.00000000]
- [1.36263555 0.81791489 0.00000000]
- [1.30691383 0.81277574 0.00000000]
- [1.25073641 0.80608996 0.00000000]
- [1.19468632 0.79942700 0.00000000]
- [1.13952832 0.79102354 0.00000000]
- [1.08398997 0.78077342 0.00000000]
- [1.03853169 0.77239019 0.00000000]
- [0.99289625 0.76883650 0.00000000]
- [0.93539989 0.76004559 0.00000000]
- [0.87916549 0.74560506 0.00000000]
- [0.82404846 0.72887352 0.00000000]
- [0.76900389 0.71033328 0.00000000]
- [0.71457930 0.69132691 0.00000000]
- [0.66132728 0.66910232 0.00000000]
- [0.60814291 0.64640718 0.00000000]
- [0.55649407 0.62117220 0.00000000]
- [0.50535105 0.59427255 0.00000000]
- [0.45542618 0.56594306 0.00000000]
- [0.40692465 0.53488923 0.00000000]
- [0.35932721 0.50293815 0.00000000]
- [0.31406840 0.46776091 0.00000000]
- [0.26973994 0.43156121 0.00000000]
- [0.22841883 0.39233299 0.00000000]
- [0.18878134 0.35133498 0.00000000]
- [0.15223901 0.30824880 0.00000000]
- [0.11173272 0.26738134 0.00000000]
- [0.07301517 0.22290384 0.00000000]
- [0.04798505 0.17024349 0.00000000]
- [0.02894273 0.11529203 0.00000000]
- [0.01633539 0.05856569 0.00000000]
- [0.01121918 0.00090080 0.00000000]
- [0.01607690 -0.05653866 0.00000000]
- [0.03025259 -0.11264464 0.00000000]
- [0.05141165 -0.16680365 0.00000000]
- [0.07847294 -0.21841008 0.00000000]
- [0.11869820 -0.26144654 0.00000000]
- [0.16101676 -0.30005897 0.00000000]
- [0.19790888 -0.34233423 0.00000000]
- [0.23854085 -0.38154215 0.00000000]
- [0.28035037 -0.41993674 0.00000000]
- [0.32463502 -0.45557393 0.00000000]
- [0.36959694 -0.49036108 0.00000000]
- [0.41684910 -0.52223378 0.00000000]
- [0.46443172 -0.55368076 0.00000000]
- [0.51380828 -0.58203729 0.00000000]
- [0.56395870 -0.60981092 0.00000000]
- [0.61475655 -0.63557690 0.00000000]
- [0.66700225 -0.65950801 0.00000000]
- [0.71890331 -0.68312460 0.00000000]
- [0.77236069 -0.70304028 0.00000000]
- [0.82637946 -0.72309068 0.00000000]
- [0.88041601 -0.74128954 0.00000000]
- [0.93707552 -0.75224034 0.00000000]
- [0.99201914 -0.76261256 0.00000000]
- [1.04595909 -0.77571121 0.00000000]
- [1.10107761 -0.78766682 0.00000000]
- [1.15570001 -0.79953030 0.00000000]
- [1.21052030 -0.80857221 0.00000000]
- [1.26648184 -0.81691244 0.00000000]
- [1.32184820 -0.82517549 0.00000000]
- [1.37718581 -0.83084061 0.00000000]
- [1.43352946 -0.83563078 0.00000000]
- [1.48954702 -0.84040014 0.00000000]
- [1.54515577 -0.84324292 0.00000000]
- [1.60151058 -0.84465027 0.00000000]
- [1.65805415 -0.84606686 0.00000000]
- [1.71378329 -0.84654219 0.00000000]
- [1.76982803 -0.84472442 0.00000000]
- [1.83867962 -0.84247770 0.00000000]
- [1.90706611 -0.84454271 0.00000000]
- [1.96450280 -0.84490087 0.00000000]
- [2.02209629 -0.83982664 0.00000000]
- [2.07909937 -0.83464294 0.00000000]
- [2.13573563 -0.82715441 0.00000000]
- [2.19288289 -0.81900437 0.00000000]
- [2.24995018 -0.81086684 0.00000000]
- [2.30636260 -0.80191200 0.00000000]
- [2.36266360 -0.79092684 0.00000000]
- [2.41946908 -0.77984768 0.00000000]
- [2.47582235 -0.76886026 0.00000000]
- [2.53156483 -0.75614587 0.00000000]
- [2.58755036 -0.74242907 0.00000000]
- [2.64371012 -0.72867041 0.00000000]
- [2.69934771 -0.71482031 0.00000000]
- [2.75445110 -0.69914549 0.00000000]
- [2.80991010 -0.68295474 0.00000000]
- [2.86536195 -0.66676629 0.00000000]
- [2.92031582 -0.65027828 0.00000000]
- [2.97487320 -0.63230782 0.00000000]
- [3.02974520 -0.61404755 0.00000000]
- [3.08454765 -0.59581058 0.00000000]
- [3.13892206 -0.57722519 0.00000000]
- [3.19301456 -0.55751671 0.00000000]
- [3.24736542 -0.53766319 0.00000000]
- [3.30163853 -0.51783815 0.00000000]
- [3.35561569 -0.49772164 0.00000000]
- [3.40943617 -0.47692138 0.00000000]
- [3.46342084 -0.45605818 0.00000000]
- [3.51736762 -0.43520962 0.00000000]
- [3.57120961 -0.41422918 0.00000000]
- [3.62501766 -0.39305021 0.00000000]
- [3.67887222 -0.37185298 0.00000000]
- [3.73426518 -0.35005087 0.00000000]
- [3.78979184 -0.32848091 0.00000000]
- [3.84531735 -0.30708756 0.00000000]
- [3.90083160 -0.28569868 0.00000000]
- [3.95659077 -0.26433977 0.00000000]
- [4.01268220 -0.24380714 0.00000000]
- [4.06864000 -0.22354221 0.00000000]
- [4.12469959 -0.20324104 0.00000000]
- [4.18126639 -0.18344766 0.00000000]
- [4.23809257 -0.16490644 0.00000000]
- [4.29464944 -0.14645501 0.00000000]
- [4.35167602 -0.12796907 0.00000000]
- [4.40931162 -0.11125398 0.00000000]
- [4.46661967 -0.09503744 0.00000000]
- [4.52425107 -0.07873309 0.00000000]
- [4.58262246 -0.06405249 0.00000000]
- [4.64089135 -0.05071399 0.00000000]
- [4.69917759 -0.03737539 0.00000000]
- [4.75814131 -0.02527147 0.00000000]
- [4.81711929 -0.01490767 0.00000000]
- [4.87604303 -0.00455897 0.00000000]
- [4.93559488 0.00438862 0.00000000]
- [4.99606105 0.00324360 0.00000000]
- [5.05734391 0.00211277 0.00000000]
- [5.11792235 0.00718809 0.00000000]
- [5.17842696 0.01114438 0.00000000]
- [5.23914136 0.01457379 0.00000000]
- [5.29990690 0.01511965 0.00000000]
- [5.36062683 0.01555689 0.00000000]
- [5.42138978 0.01358769 0.00000000]
- [5.48204503 0.01070336 0.00000000]
- [5.54265803 0.00620034 0.00000000]
- [5.60314612 0.00013116 0.00000000]
- [5.66346253 -0.00756793 0.00000000]
- [5.72352138 -0.01708038 0.00000000]
- [5.78322288 -0.02808650 0.00000000]
- [5.83240244 -0.04252776 0.00000000]
- [3.68249040 -0.31507972 0.00000000]
- [3.68610858 -0.25830646 0.00000000]
- [3.68972676 -0.20153320 0.00000000]
- [3.69334494 -0.14475994 0.00000000]
- [3.69696312 -0.08798669 0.00000000]
- [3.70058130 -0.03121343 0.00000000]
- [3.70419949 0.02555983 0.00000000]
- [3.70781767 0.08233309 0.00000000]
- [3.71143585 0.13910635 0.00000000]
- [3.71505403 0.19587960 0.00000000]
- [3.71867221 0.25265286 0.00000000]
- [3.72229039 0.30942612 0.00000000]
- [3.72590857 0.36619938 0.00000000]
- [3.72952675 0.42297264 0.00000000]
- [3.73314493 0.47974590 0.00000000]
- [0.99555648 -0.70325156 0.00000000]
- [0.99909382 -0.64389056 0.00000000]
- [1.00263116 -0.58452956 0.00000000]
- [1.00616850 -0.52516856 0.00000000]
- [1.00970584 -0.46580756 0.00000000]
- [1.01324318 -0.40644656 0.00000000]
- [1.01678052 -0.34708556 0.00000000]
- [1.02031786 -0.28772456 0.00000000]
- [1.02385520 -0.22836357 0.00000000]
- [1.02739254 -0.16900257 0.00000000]
- [1.03092988 -0.10964157 0.00000000]
- [1.03446722 -0.05028057 0.00000000]
- [1.03800456 0.00908043 0.00000000]
- [1.04154190 0.06844143 0.00000000]
- [1.04507924 0.12780243 0.00000000]
- [1.04861657 0.18716343 0.00000000]
- [1.05215391 0.24652443 0.00000000]
- [1.05569125 0.30588543 0.00000000]
- [1.05922859 0.36524643 0.00000000]
- [1.06276593 0.42460743 0.00000000]
- [1.06630327 0.48396843 0.00000000]
- [1.06984061 0.54332942 0.00000000]
- [1.07337795 0.60269042 0.00000000]
- [1.07691529 0.66205142 0.00000000]
- [1.08045263 0.72141242 0.00000000]
- [1.77333082 -0.78716562 0.00000000]
- [1.77683362 -0.72960682 0.00000000]
- [1.78033641 -0.67204802 0.00000000]
- [1.78383921 -0.61448922 0.00000000]
- [1.78734201 -0.55693042 0.00000000]
- [1.79084480 -0.49937162 0.00000000]
- [1.79434760 -0.44181282 0.00000000]
- [1.79785039 -0.38425401 0.00000000]
- [1.80135319 -0.32669521 0.00000000]
- [1.80485599 -0.26913641 0.00000000]
- [1.80835878 -0.21157761 0.00000000]
- [1.81186158 -0.15401881 0.00000000]
- [1.81536438 -0.09646001 0.00000000]
- [1.81886717 -0.03890121 0.00000000]
- [1.82236997 0.01865759 0.00000000]
- [1.82587276 0.07621640 0.00000000]
- [1.82937556 0.13377520 0.00000000]
- [1.83287836 0.19133400 0.00000000]
- [1.83638115 0.24889280 0.00000000]
- [1.83988395 0.30645160 0.00000000]
- [1.84338674 0.36401040 0.00000000]
- [1.84688954 0.42156920 0.00000000]
- [1.85039234 0.47912801 0.00000000]
- [1.85389513 0.53668681 0.00000000]
- [1.85739793 0.59424561 0.00000000]
- [1.86090072 0.65180441 0.00000000]
- [1.86440352 0.70936321 0.00000000]
- [1.86790632 0.76692201 0.00000000]
elements:
- [1 2]
- [2 3]
- [3 4]
- [4 5]
- [5 6]
- [6 7]
- [7 8]
- [8 9]
- [9 10]
- [10 11]
- [11 12]
- [12 13]
- [13 14]
- [14 15]
- [15 16]
- [16 17]
- [17 18]
- [18 19]
- [19 20]
- [20 21]
- [21 22]
- [22 23]
- [23 24]
- [24 25]
- [25 26]
- [26 27]
- [27 28]
- [28 29]
- [29 30]
- [30 31]
- [31 32]
- [32 33]
- [33 34]
- [34 35]
- [35 36]
- [36 37]
- [37 38]
- [38 39]
- [39 40]
- [40 41]
- [41 42]
- [42 43]
- [43 44]
- [44 45]
- [45 46]
- [46 47]
- [47 48]
- [48 49]
- [49 50]
- [50 51]
- [51 52]
- [52 53]
- [53 54]
- [54 55]
- [55 56]
- [56 57]
- [57 58]
- [58 59]
- [59 60]
- [60 61]
- [61 62]
- [62 63]
- [63 64]
- [64 65]
- [65 66]
- [66 67]
- [67 68]
- [68 69]
- [69 70]
- [70 71]
- [71 72]
- [72 73]
- [73 74]
- [74 75]
- [75 76]
- [76 77]
- [77 78]
- [78 79]
- [79 80]
- [80 81]
- [81 82]
- [82 83]
- [83 84]
- [84 85]
- [85 86]
- [86 87]
- [87 88]
- [88 89]
- [89 90]
- [90 91]
- [91 92]
- [92 93]
- [93 94]
- [94 95]
- [95 96]
- [96 97]
- [97 98]
- [98 99]
- [99 100]
- [100 101]
- [101 102]
- [102 103]
- [103 104]
- [104 105]
- [105 106]
- [106 107]
- [107 108]
- [108 109]
- [109 110]
- [110 111]
- [111 112]
- [112 113]
- [113 114]
- [114 115]
- [115 116]
- [116 117]
- [117 118]
- [118 119]
- [119 120]
- [120 121]
- [121 122]
- [122 123]
- [123 124]
- [124 125]
- [125 126]
- [126 127]
- [127 128]
- [128 129]
- [129 130]
- [130 131]
- [131 132]
- [132 133]
- [133 134]
- [134 135]
- [135 136]
- [136 137]
- [137 138]
- [138 139]
- [139 140]
- [140 141]
- [141 142]
- [142 143]
- [143 144]
- [144 145]
- [145 146]
- [146 147]
- [147 148]
- [148 149]
- [149 150]
- [150 151]
- [151 152]
- [152 153]
- [153 154]
- [154 155]
- [155 156]
- [156 157]
- [157 158]
- [158 159]
- [159 160]
- [160 161]
- [161 162]
- [162 163]
- [163 164]
- [164 165]
- [165 166]
- [166 167]
- [167 168]
- [168 169]
- [169 170]
- [170 171]
- [171 172]
- [172 173]
- [173 174]
- [174 175]
- [175 176]
- [176 177]
- [177 178]
- [178 179]
- [179 180]
- [180 181]
- [181 182]
- [182 183]
- [183 184]
- [184 185]
- [185 186]
- [186 187]
- [187 188]
- [188 189]
- [189 190]
- [190 191]
- [191 192]
- [192 193]
- [193 194]
- [194 195]
- [195 196]
- [196 197]
- [197 198]
- [198 199]
- [199 200]
- [200 201]
- [201 202]
- [202 203]
- [203 204]
- [204 205]
- [205 206]
- [206 207]
- [207 208]
- [208 209]
- [209 210]
- [210 211]
- [211 212]
- [212 213]
- [213 214]
- [214 215]
- [215 216]
- [216 217]
- [217 1]
- [180 218]
- [218 219]
- [219 220]
- [220 221]
- [221 222]
- [222 223]
- [223 224]
- [224 225]
- [225 226]
- [226 227]
- [227 228]
- [228 229]
- [229 230]
- [230 231]
- [231 232]
- [232 37]
- [132 233]
- [233 234]
- [234 235]
- [235 236]
- [236 237]
- [237 238]
- [238 239]
- [239 240]
- [240 241]
- [241 242]
- [242 243]
- [243 244]
- [244 245]
- [245 246]
- [246 247]
- [247 248]
- [248 249]
- [249 250]
- [250 251]
- [251 252]
- [252 253]
- [253 254]
- [254 255]
- [255 256]
- [256 257]
- [257 84]
- [146 258]
- [258 259]
- [259 260]
- [260 261]
- [261 262]
- [262 263]
- [263 264]
- [264 265]
- [265 266]
- [266 267]
- [267 268]
- [268 269]
- [269 270]
- [270 271]
- [271 272]
- [272 273]
- [273 274]
- [274 275]
- [275 276]
- [276 277]
- [277 278]
- [278 279]
- [279 280]
- [280 281]
- [281 282]
- [282 283]
- [283 284]
- [284 285]
- [285 70]
sets:
  element:
  - name: layup_0
    labels:
    - 1
    - 2
    - 3
    - 4
    - 5
    - 6
    - 7
    - 8
    - 9
    - 10
    - 11
    - 12
    - 13
    - 14
    - 203
    - 204
    - 205
    - 206
    - 207
    - 208
    - 209
    - 210
    - 211
    - 212
    - 213
    - 214
    - 215
    - 216
    - 217
  - name: layup_1
    labels:
    - 15
    - 16
    - 17
    - 18
    - 19
    - 20
    - 21
    - 22
    - 23
    - 24
    - 25
    - 26
    - 27
    - 28
    - 29
    - 30
    - 31
    - 32
    - 33
    - 34
    - 35
    - 36
    - 37
    - 38
    - 39
    - 40
    - 41
    - 42
    - 43
    - 44
    - 45
    - 46
    - 47
    - 48
    - 49
    - 50
    - 51
    - 52
    - 53
    - 54
    - 55
    - 56
    - 57
    - 58
    - 59
    - 60
    - 61
    - 62
    - 63
    - 64
    - 65
    - 66
    - 67
    - 86
    - 87
    - 88
    - 89
    - 90
    - 91
    - 92
    - 93
    - 94
    - 95
    - 96
    - 97
    - 98
    - 99
    - 100
    - 101
    - 102
    - 103
    - 114
    - 115
    - 116
    - 117
    - 118
    - 119
    - 120
    - 121
    - 122
    - 123
    - 124
    - 125
    - 126
    - 127
    - 128
    - 129
    - 130
    - 148
    - 149
    - 150
    - 151
    - 152
    - 153
    - 154
    - 155
    - 156
    - 157
    - 158
    - 159
    - 160
    - 161
    - 162
    - 163
    - 164
    - 165
    - 166
    - 167
    - 168
    - 169
    - 170
    - 171
    - 172
    - 173
    - 174
    - 175
    - 176
    - 177
    - 178
    - 179
    - 180
    - 181
    - 182
    - 183
    - 184
    - 185
    - 186
    - 187
    - 188
    - 189
    - 190
    - 191
    - 192
    - 193
    - 194
    - 195
    - 196
    - 197
    - 198
    - 199
    - 200
    - 201
    - 202
  - name: layup_2
    labels:
    - 68
    - 69
    - 70
    - 71
    - 72
    - 73
    - 74
    - 75
    - 76
    - 77
    - 78
    - 79
    - 80
    - 81
    - 82
    - 83
    - 84
    - 85
  - name: layup_3
    labels:
    - 104
    - 105
    - 106
    - 107
    - 108
    - 109
    - 110
    - 111
    - 112
    - 113
  - name: layup_4
    labels:
    - 131
    - 132
    - 133
    - 134
    - 135
    - 136
    - 137
    - 138
    - 139
    - 140
    - 141
    - 142
    - 143
    - 144
    - 145
    - 146
    - 147
  - name: layup_5
    labels:
    - 218
    - 219
    - 220
    - 221
    - 222
    - 223
    - 224
    - 225
    - 226
    - 227
    - 228
    - 229
    - 230
    - 231
    - 232
    - 233
    - 234
    - 235
    - 236
    - 237
    - 238
    - 239
    - 240
    - 241
    - 242
    - 243
    - 244
    - 245
    - 246
    - 247
    - 248
    - 249
    - 250
    - 251
    - 252
    - 253
    - 254
    - 255
    - 256
    - 257
    - 258
    - 259
    - 260
    - 261
    - 262
    - 263
    - 264
    - 265
    - 266
    - 267
    - 268
    - 269
    - 270
    - 271
    - 272
    - 273
    - 274
    - 275
    - 276
    - 277
    - 278
    - 279
    - 280
    - 281
    - 282
    - 283
    - 284
    - 285
    - 286
    - 287
    - 288
sections:
- type: shell
  elementSet: layup_0
  layup:
  - - gelcoat
    - 0.0005
    - 0.0
  - - glass_triax
    - 0.003
    - 0.0
  - - glass_uniax
    - 0.0180755
    - 0.0
  - - glass_triax
    - 0.003
    - 0.0
- type: shell
  elementSet: layup_1
  layup:
  - - gelcoat
    - 0.0005
    - 0.0
  - - glass_triax
    - 0.003
    - 0.0
  - - medium_density_foam
    - 0.05194063
    - 0.0
  - - glass_triax
    - 0.003
    - 0.0
- type: shell
  elementSet: layup_2
  layup:
  - - gelcoat
    - 0.0005
    - 0.0
  - - glass_triax
    - 0.003
    - 0.0
  - - carbon_uniax
    - 0.07514821
    - 0.0
  - - glass_triax
    - 0.003
    - 0.0
- type: shell
  elementSet: layup_3
  layup:
  - - gelcoat
    - 0.0005
    - 0.0
  - - glass_triax
    - 0.003
    - 0.0
  - - glass_uniax
    - 0.01456607
    - 0.0
  - - glass_triax
    - 0.003
    - 0.0
- type: shell
  elementSet: layup_4
  layup:
  - - gelcoat
    - 0.0005
    - 0.0
  - - glass_triax
    - 0.003
    - 0.0
  - - carbon_uniax
    - 0.07329526
    - 0.0
  - - glass_triax
    - 0.003
    - 0.0
- type: shell
  elementSet: layup_5
  layup:
  - - glass_biax
    - 0.002
    - 0.0
  - - medium_density_foam
    - 0.034028
    - 0.0
  - - glass_biax
    - 0.002
    - 0.0
elementOrientations:
- [0.0, 0.0, 1.0, -0.9831379922410591, 0.18286521870552364, 0.0, -0.18286521870552364,
  -0.9831379922410591, 0.0]
- [0.0, 0.0, 1.0, -0.9730315521569673, 0.23067205835775362, 0.0, -0.23067205835775362,
  -0.9730315521569673, 0.0]
- [0.0, 0.0, 1.0, -0.973475783309563, 0.22879007694791462, 0.0, -0.22879007694791462,
  -0.973475783309563, 0.0]
- [0.0, 0.0, 1.0, -0.9735268052049235, 0.22857287579127797, 0.0, -0.22857287579127797,
  -0.9735268052049235, 0.0]
- [0.0, 0.0, 1.0, -0.9735704334629365, 0.22838697661379484, 0.0, -0.22838697661379484,
  -0.9735704334629365, 0.0]
- [0.0, 0.0, 1.0, -0.9732591266344158, 0.22970997458276385, 0.0, -0.22970997458276385,
  -0.9732591266344158, 0.0]
- [0.0, 0.0, 1.0, -0.9728027758559131, 0.23163496991393617, 0.0, -0.23163496991393617,
  -0.9728027758559131, 0.0]
- [0.0, 0.0, 1.0, -0.9726371200651415, 0.23232957769381715, 0.0, -0.23232957769381715,
  -0.9726371200651415, 0.0]
- [0.0, 0.0, 1.0, -0.9715834047641795, 0.23669746003462871, 0.0, -0.23669746003462871,
  -0.9715834047641795, 0.0]
- [0.0, 0.0, 1.0, -0.9715680181004547, 0.23676060948636415, 0.0, -0.23676060948636415,
  -0.9715680181004547, 0.0]
- [0.0, 0.0, 1.0, -0.9711032507827704, 0.23865975010281013, 0.0, -0.23865975010281013,
  -0.9711032507827704, 0.0]
- [0.0, 0.0, 1.0, -0.9708477916039001, 0.23969682004113044, 0.0, -0.23969682004113044,
  -0.9708477916039001, 0.0]
- [0.0, 0.0, 1.0, -0.9707850377231159, 0.239950850244229, 0.0, -0.239950850244229,
  -0.9707850377231159, 0.0]
- [0.0, 0.0, 1.0, -0.9944385095670542, 0.10531880501627443, 0.0, -0.10531880501627443,
  -0.9944385095670542, 0.0]
- [0.0, 0.0, 1.0, -0.9946217578718753, 0.10357392899692697, 0.0, -0.10357392899692697,
  -0.9946217578718753, 0.0]
- [0.0, 0.0, 1.0, -0.970113209535461, 0.24265275742263187, 0.0, -0.24265275742263187,
  -0.970113209535461, 0.0]
- [0.0, 0.0, 1.0, -0.9698687129587871, 0.24362815851962993, 0.0, -0.24362815851962993,
  -0.9698687129587871, 0.0]
- [0.0, 0.0, 1.0, -0.9698555612678799, 0.2436805086127444, 0.0, -0.2436805086127444,
  -0.9698555612678799, 0.0]
- [0.0, 0.0, 1.0, -0.969876336132825, 0.24359780912308632, 0.0, -0.24359780912308632,
  -0.969876336132825, 0.0]
- [0.0, 0.0, 1.0, -0.9699785156999549, 0.24319062292883023, 0.0, -0.24319062292883023,
  -0.9699785156999549, 0.0]
- [0.0, 0.0, 1.0, -0.9699785026987169, 0.2431906747849414, 0.0, -0.2431906747849414,
  -0.9699785026987169, 0.0]
- [0.0, 0.0, 1.0, -0.970015679817975, 0.24304234385652207, 0.0, -0.24304234385652207,
  -0.970015679817975, 0.0]
- [0.0, 0.0, 1.0, -0.9702726067243538, 0.2420146041881101, 0.0, -0.2420146041881101,
  -0.9702726067243538, 0.0]
- [0.0, 0.0, 1.0, -0.9703020142309607, 0.24189667459339037, 0.0, -0.24189667459339037,
  -0.9703020142309607, 0.0]
- [0.0, 0.0, 1.0, -0.9703231689943009, 0.24181180226129845, 0.0, -0.24181180226129845,
  -0.9703231689943009, 0.0]
- [0.0, 0.0, 1.0, -0.9708281661272596, 0.2397762954380227, 0.0, -0.2397762954380227,
  -0.9708281661272596, 0.0]
- [0.0, 0.0, 1.0, -0.9710251323612391, 0.23897738872713037, 0.0, -0.23897738872713037,
  -0.9710251323612391, 0.0]
- [0.0, 0.0, 1.0, -0.9710251327871668, 0.23897738699647939, 0.0, -0.23897738699647939,
  -0.9710251327871668, 0.0]
- [0.0, 0.0, 1.0, -0.9714943334420406, 0.23706277668585043, 0.0, -0.23706277668585043,
  -0.9714943334420406, 0.0]
- [0.0, 0.0, 1.0, -0.9722115907105701, 0.23410387200561872, 0.0, -0.23410387200561872,
  -0.9722115907105701, 0.0]
- [0.0, 0.0, 1.0, -0.9722208678080714, 0.2340653417285878, 0.0, -0.2340653417285878,
  -0.9722208678080714, 0.0]
- [0.0, 0.0, 1.0, -0.972348130950337, 0.23353610478336373, 0.0, -0.23353610478336373,
  -0.972348130950337, 0.0]
- [0.0, 0.0, 1.0, -0.9734646009477507, 0.22883765140736076, 0.0, -0.22883765140736076,
  -0.9734646009477507, 0.0]
- [0.0, 0.0, 1.0, -0.9737045999068401, 0.22781429305524367, 0.0, -0.22781429305524367,
  -0.9737045999068401, 0.0]
- [0.0, 0.0, 1.0, -0.9737045747281875, 0.22781440067168637, 0.0, -0.22781440067168637,
  -0.9737045747281875, 0.0]
- [0.0, 0.0, 1.0, -0.9744244759855486, 0.22471524336432766, 0.0, -0.22471524336432766,
  -0.9744244759855486, 0.0]
- [0.0, 0.0, 1.0, -0.9755271011886751, 0.21987922786479933, 0.0, -0.21987922786479933,
  -0.9755271011886751, 0.0]
- [0.0, 0.0, 1.0, -0.975526883309201, 0.2198801945174608, 0.0, -0.2198801945174608,
  -0.975526883309201, 0.0]
- [0.0, 0.0, 1.0, -0.9755263912400143, 0.21988237763457635, 0.0, -0.21988237763457635,
  -0.9755263912400143, 0.0]
- [0.0, 0.0, 1.0, -0.9769713282304686, 0.2133706254750027, 0.0, -0.2133706254750027,
  -0.9769713282304686, 0.0]
- [0.0, 0.0, 1.0, -0.9775205311203056, 0.21084025051748456, 0.0, -0.21084025051748456,
  -0.9775205311203056, 0.0]
- [0.0, 0.0, 1.0, -0.9775206058322802, 0.21083990412939393, 0.0, -0.21083990412939393,
  -0.9775206058322802, 0.0]
- [0.0, 0.0, 1.0, -0.9776378686511951, 0.21029550109108125, 0.0, -0.21029550109108125,
  -0.9776378686511951, 0.0]
- [0.0, 0.0, 1.0, -0.9797468433297427, 0.20024016326752328, 0.0, -0.20024016326752328,
  -0.9797468433297427, 0.0]
- [0.0, 0.0, 1.0, -0.9798477186365923, 0.1997459593650536, 0.0, -0.1997459593650536,
  -0.9798477186365923, 0.0]
- [0.0, 0.0, 1.0, -0.9798477254559429, 0.19974592591293383, 0.0, -0.19974592591293383,
  -0.9798477254559429, 0.0]
- [0.0, 0.0, 1.0, -0.9805547902411541, 0.19624551800009632, 0.0, -0.19624551800009632,
  -0.9805547902411541, 0.0]
- [0.0, 0.0, 1.0, -0.9823683276226413, 0.18695579392972786, 0.0, -0.18695579392972786,
  -0.9823683276226413, 0.0]
- [0.0, 0.0, 1.0, -0.9823674970539452, 0.18696015814062367, 0.0, -0.18696015814062367,
  -0.9823674970539452, 0.0]
- [0.0, 0.0, 1.0, -0.9823667145921506, 0.1869642694779517, 0.0, -0.1869642694779517,
  -0.9823667145921506, 0.0]
- [0.0, 0.0, 1.0, -0.9840150968787107, 0.17808506145879113, 0.0, -0.17808506145879113,
  -0.9840150968787107, 0.0]
- [0.0, 0.0, 1.0, -0.9853162490350683, 0.17073924384119568, 0.0, -0.17073924384119568,
  -0.9853162490350683, 0.0]
- [0.0, 0.0, 1.0, -0.9853158683712291, 0.17074144059322746, 0.0, -0.17074144059322746,
  -0.9853158683712291, 0.0]
- [0.0, 0.0, 1.0, -0.9853647068127153, 0.17045936339166468, 0.0, -0.17045936339166468,
  -0.9853647068127153, 0.0]
- [0.0, 0.0, 1.0, -0.9880952420350035, 0.15384340306879588, 0.0, -0.15384340306879588,
  -0.9880952420350035, 0.0]
- [0.0, 0.0, 1.0, -0.9886281340408145, 0.15038089168168065, 0.0, -0.15038089168168065,
  -0.9886281340408145, 0.0]
- [0.0, 0.0, 1.0, -0.988628054290308, 0.15038141597338386, 0.0, -0.15038141597338386,
  -0.988628054290308, 0.0]
- [0.0, 0.0, 1.0, -0.9892967747627774, 0.14591741309372996, 0.0, -0.14591741309372996,
  -0.9892967747627774, 0.0]
- [0.0, 0.0, 1.0, -0.9918858674177754, 0.12713153038049665, 0.0, -0.12713153038049665,
  -0.9918858674177754, 0.0]
- [0.0, 0.0, 1.0, -0.9919126535978107, 0.12692236852718106, 0.0, -0.12692236852718106,
  -0.9919126535978107, 0.0]
- [0.0, 0.0, 1.0, -0.9919108143943423, 0.12693674128302201, 0.0, -0.12693674128302201,
  -0.9919108143943423, 0.0]
- [0.0, 0.0, 1.0, -0.9938271115801345, 0.11093994901876893, 0.0, -0.11093994901876893,
  -0.9938271115801345, 0.0]
- [0.0, 0.0, 1.0, -0.9950522322353998, 0.09935318376050103, 0.0, -0.09935318376050103,
  -0.9950522322353998, 0.0]
- [0.0, 0.0, 1.0, -0.9950515305569196, 0.0993602110320406, 0.0, -0.0993602110320406,
  -0.9950515305569196, 0.0]
- [0.0, 0.0, 1.0, -0.9953218451634653, 0.09661482567595256, 0.0, -0.09661482567595256,
  -0.9953218451634653, 0.0]
- [0.0, 0.0, 1.0, -0.9976766966669173, 0.06812641872128596, 0.0, -0.06812641872128596,
  -0.9976766966669173, 0.0]
- [0.0, 0.0, 1.0, -0.9994694882492804, -0.032569035274649404, 0.0, 0.032569035274649404,
  -0.9994694882492804, 0.0]
- [0.0, 0.0, 1.0, -0.9987109488160352, -0.05075865162683941, 0.0, 0.05075865162683941,
  -0.9987109488160352, 0.0]
- [0.0, 0.0, 1.0, -0.9985928125303943, 0.053032016392332286, 0.0, -0.053032016392332286,
  -0.9985928125303943, 0.0]
- [0.0, 0.0, 1.0, -0.999521903218933, 0.030918683439014633, 0.0, -0.030918683439014633,
  -0.999521903218933, 0.0]
- [0.0, 0.0, 1.0, -0.9995342152953184, 0.030518067664454328, 0.0, -0.030518067664454328,
  -0.9995342152953184, 0.0]
- [0.0, 0.0, 1.0, -0.9996596951906325, 0.02608627630329106, 0.0, -0.02608627630329106,
  -0.9996596951906325, 0.0]
- [0.0, 0.0, 1.0, -0.9999824442625688, -0.005925467632054198, 0.0, 0.005925467632054198,
  -0.9999824442625688, 0.0]
- [0.0, 0.0, 1.0, -0.9999136079384696, -0.013144453563105148, 0.0, 0.013144453563105148,
  -0.9999136079384696, 0.0]
- [0.0, 0.0, 1.0, -0.9999149269004924, -0.013043732655293627, 0.0, 0.013043732655293627,
  -0.9999149269004924, 0.0]
- [0.0, 0.0, 1.0, -0.9989238909972393, -0.04637952128833864, 0.0, 0.04637952128833864,
  -0.9989238909972393, 0.0]
- [0.0, 0.0, 1.0, -0.9980271068498368, -0.0627845044015193, 0.0, 0.0627845044015193,
  -0.9980271068498368, 0.0]
- [0.0, 0.0, 1.0, -0.998033193486044, -0.06268767582267379, 0.0, 0.06268767582267379,
  -0.998033193486044, 0.0]
- [0.0, 0.0, 1.0, -0.995773854822216, -0.09183915315650704, 0.0, 0.09183915315650704,
  -0.995773854822216, 0.0]
- [0.0, 0.0, 1.0, -0.9929924430252279, -0.11817786634894652, 0.0, 0.11817786634894652,
  -0.9929924430252279, 0.0]
- [0.0, 0.0, 1.0, -0.9930083594907245, -0.118044051021388, 0.0, 0.118044051021388,
  -0.9930083594907245, 0.0]
- [0.0, 0.0, 1.0, -0.9885925627094762, -0.15061455758163145, 0.0, 0.15061455758163145,
  -0.9885925627094762, 0.0]
- [0.0, 0.0, 1.0, -0.9833920408279143, -0.18149406060890774, 0.0, 0.18149406060890774,
  -0.9833920408279143, 0.0]
- [0.0, 0.0, 1.0, -0.9834171734770225, -0.18135783112527493, 0.0, 0.18135783112527493,
  -0.9834171734770225, 0.0]
- [0.0, 0.0, 1.0, -0.9969817549493634, -0.0776362048150701, 0.0, 0.0776362048150701,
  -0.9969817549493634, 0.0]
- [0.0, 0.0, 1.0, -0.9885125746276303, -0.1511386443073162, 0.0, 0.1511386443073162,
  -0.9885125746276303, 0.0]
- [0.0, 0.0, 1.0, -0.968574867656046, -0.24872218587225614, 0.0, 0.24872218587225614,
  -0.968574867656046, 0.0]
- [0.0, 0.0, 1.0, -0.9568825816986627, -0.2904749986516949, 0.0, 0.2904749986516949,
  -0.9568825816986627, 0.0]
- [0.0, 0.0, 1.0, -0.9476867051102893, -0.3192019877087287, 0.0, 0.3192019877087287,
  -0.9476867051102893, 0.0]
- [0.0, 0.0, 1.0, -0.9440866155643102, -0.3296975315532804, 0.0, 0.3296975315532804,
  -0.9440866155643102, 0.0]
- [0.0, 0.0, 1.0, -0.9228537193425594, -0.385150636369206, 0.0, 0.385150636369206,
  -0.9228537193425594, 0.0]
- [0.0, 0.0, 1.0, -0.919758581384846, -0.3924845881928813, 0.0, 0.3924845881928813,
  -0.919758581384846, 0.0]
- [0.0, 0.0, 1.0, -0.8984910929750594, -0.43899174917586237, 0.0, 0.43899174917586237,
  -0.8984910929750594, 0.0]
- [0.0, 0.0, 1.0, -0.8850446520956836, -0.465506137227889, 0.0, 0.465506137227889,
  -0.8850446520956836, 0.0]
- [0.0, 0.0, 1.0, -0.8697326793562625, -0.49352311643911545, 0.0, 0.49352311643911545,
  -0.8697326793562625, 0.0]
- [0.0, 0.0, 1.0, -0.8421701024348083, -0.5392119421572046, 0.0, 0.5392119421572046,
  -0.8421701024348083, 0.0]
- [0.0, 0.0, 1.0, -0.8302792234475772, -0.5573476573121019, 0.0, 0.5573476573121019,
  -0.8302792234475772, 0.0]
- [0.0, 0.0, 1.0, -0.789555498397875, -0.6136791628772181, 0.0, 0.6136791628772181,
  -0.789555498397875, 0.0]
- [0.0, 0.0, 1.0, -0.7745482182467511, -0.6325148675017713, 0.0, 0.6325148675017713,
  -0.7745482182467511, 0.0]
- [0.0, 0.0, 1.0, -0.7252346232826612, -0.6885018091421812, 0.0, 0.6885018091421812,
  -0.7252346232826612, 0.0]
- [0.0, 0.0, 1.0, -0.6950771878116282, -0.7189351173672618, 0.0, 0.7189351173672618,
  -0.6950771878116282, 0.0]
- [0.0, 0.0, 1.0, -0.6468165216408606, -0.762645649913784, 0.0, 0.762645649913784,
  -0.6468165216408606, 0.0]
- [0.0, 0.0, 1.0, -0.703961416944907, -0.7102382159901837, 0.0, 0.7102382159901837,
  -0.703961416944907, 0.0]
- [0.0, 0.0, 1.0, -0.6565789450427713, -0.7542573094949241, 0.0, 0.7542573094949241,
  -0.6565789450427713, 0.0]
- [0.0, 0.0, 1.0, -0.42928707275361055, -0.9031680957422247, 0.0, 0.9031680957422247,
  -0.42928707275361055, 0.0]
- [0.0, 0.0, 1.0, -0.3274277460200051, -0.9448762200078162, 0.0, 0.9448762200078162,
  -0.3274277460200051, 0.0]
- [0.0, 0.0, 1.0, -0.2169548751020456, -0.9761816338005217, 0.0, 0.9761816338005217,
  -0.2169548751020456, 0.0]
- [0.0, 0.0, 1.0, -0.08837586220328451, -0.9960871984820535, 0.0, 0.9960871984820535,
  -0.08837586220328451, 0.0]
- [0.0, 0.0, 1.0, 0.08427030673764005, -0.996442931332419, 0.0, 0.996442931332419,
  0.08427030673764005, 0.0]
- [0.0, 0.0, 1.0, 0.24496135791001591, -0.9695328427293637, 0.0, 0.9695328427293637,
  0.24496135791001591, 0.0]
- [0.0, 0.0, 1.0, 0.36389814399638987, -0.9314387477424282, 0.0, 0.9314387477424282,
  0.36389814399638987, 0.0]
- [0.0, 0.0, 1.0, 0.46440223767276795, -0.8856243908365025, 0.0, 0.8856243908365025,
  0.46440223767276795, 0.0]
- [0.0, 0.0, 1.0, 0.6828432975606501, -0.7305648711623751, 0.0, 0.7305648711623751,
  0.6828432975606501, 0.0]
- [0.0, 0.0, 1.0, 0.7387137128509208, -0.6740193249796385, 0.0, 0.6740193249796385,
  0.7387137128509208, 0.0]
- [0.0, 0.0, 1.0, 0.6575074001172296, -0.753448086327838, 0.0, 0.753448086327838,
  0.6575074001172296, 0.0]
- [0.0, 0.0, 1.0, 0.7196045354662095, -0.6943841246287684, 0.0, 0.6943841246287684,
  0.7196045354662095, 0.0]
- [0.0, 0.0, 1.0, 0.7365466534018421, -0.6763867439287575, 0.0, 0.6763867439287575,
  0.7365466534018421, 0.0]
- [0.0, 0.0, 1.0, 0.7790679703263101, -0.6269394688577546, 0.0, 0.6269394688577546,
  0.7790679703263101, 0.0]
- [0.0, 0.0, 1.0, 0.7909116558502541, -0.6119303495008309, 0.0, 0.6119303495008309,
  0.7909116558502541, 0.0]
- [0.0, 0.0, 1.0, 0.8290317933350204, -0.5592014714212759, 0.0, 0.5592014714212759,
  0.8290317933350204, 0.0]
- [0.0, 0.0, 1.0, 0.8342670050828633, -0.5513606480608403, 0.0, 0.5513606480608403,
  0.8342670050828633, 0.0]
- [0.0, 0.0, 1.0, 0.8671717733452146, -0.4980091520377068, 0.0, 0.4980091520377068,
  0.8671717733452146, 0.0]
- [0.0, 0.0, 1.0, 0.8748060151002017, -0.48447335937542085, 0.0, 0.48447335937542085,
  0.8748060151002017, 0.0]
- [0.0, 0.0, 1.0, 0.8918346428072105, -0.45236154775680854, 0.0, 0.45236154775680854,
  0.8918346428072105, 0.0]
- [0.0, 0.0, 1.0, 0.9091625830557977, -0.4164413494975131, 0.0, 0.4164413494975131,
  0.9091625830557977, 0.0]
- [0.0, 0.0, 1.0, 0.9101999501453881, -0.41416910888589104, 0.0, 0.41416910888589104,
  0.9101999501453881, 0.0]
- [0.0, 0.0, 1.0, 0.9370810234165238, -0.3491119527496023, 0.0, 0.3491119527496023,
  0.9370810234165238, 0.0]
- [0.0, 0.0, 1.0, 0.9375029232683489, -0.3479773970580563, 0.0, 0.3479773970580563,
  0.9375029232683489, 0.0]
- [0.0, 0.0, 1.0, 0.9476965399715542, -0.3191727872578495, 0.0, 0.3191727872578495,
  0.9476965399715542, 0.0]
- [0.0, 0.0, 1.0, 0.981830123062571, -0.18976198103660466, 0.0, 0.18976198103660466,
  0.981830123062571, 0.0]
- [0.0, 0.0, 1.0, 0.9826437363761248, -0.1855027960995984, 0.0, 0.1855027960995984,
  0.9826437363761248, 0.0]
- [0.0, 0.0, 1.0, 0.9717580217275076, -0.23597954828383086, 0.0, 0.23597954828383086,
  0.9717580217275076, 0.0]
- [0.0, 0.0, 1.0, 0.9772744603583569, -0.21197789774238818, 0.0, 0.21197789774238818,
  0.9772744603583569, 0.0]
- [0.0, 0.0, 1.0, 0.9772170352790014, -0.2122424697380782, 0.0, 0.2122424697380782,
  0.9772170352790014, 0.0]
- [0.0, 0.0, 1.0, 0.9866692332311219, -0.1627385147870972, 0.0, 0.1627385147870972,
  0.9866692332311219, 0.0]
- [0.0, 0.0, 1.0, 0.9890759158698951, -0.14740703051797835, 0.0, 0.14740703051797835,
  0.9890759158698951, 0.0]
- [0.0, 0.0, 1.0, 0.989045892966632, -0.14760833853762237, 0.0, 0.14760833853762237,
  0.989045892966632, 0.0]
- [0.0, 0.0, 1.0, 0.9948006363059252, -0.101841514154722, 0.0, 0.101841514154722,
  0.9948006363059252, 0.0]
- [0.0, 0.0, 1.0, 0.9964055220318873, -0.08471148484333152, 0.0, 0.08471148484333152,
  0.9964055220318873, 0.0]
- [0.0, 0.0, 1.0, 0.9963951475036315, -0.08483342520030869, 0.0, 0.08483342520030869,
  0.9963951475036315, 0.0]
- [0.0, 0.0, 1.0, 0.9986958681319923, -0.05105450985061269, 0.0, 0.05105450985061269,
  0.9986958681319923, 0.0]
- [0.0, 0.0, 1.0, 0.9996883206776517, -0.02496520580120686, 0.0, 0.02496520580120686,
  0.9996883206776517, 0.0]
- [0.0, 0.0, 1.0, 0.9996863225029464, -0.025045091346111017, 0.0, 0.025045091346111017,
  0.9996863225029464, 0.0]
- [0.0, 0.0, 1.0, 0.9999636268954454, -0.008529061267609593, 0.0, 0.008529061267609593,
  0.9999636268954454, 0.0]
- [0.0, 0.0, 1.0, 0.9994744260892908, 0.03241714968165271, 0.0, -0.03241714968165271,
  0.9994744260892908, 0.0]
- [0.0, 0.0, 1.0, 0.9994680213637587, 0.03261401955008277, 0.0, -0.03261401955008277,
  0.9994680213637587, 0.0]
- [0.0, 0.0, 1.0, 0.9995444074060117, -0.03018240585779767, 0.0, 0.03018240585779767,
  0.9995444074060117, 0.0]
- [0.0, 0.0, 1.0, 0.9999805580892681, -0.006235659024975772, 0.0, 0.006235659024975772,
  0.9999805580892681, 0.0]
- [0.0, 0.0, 1.0, 0.9961412642039199, 0.08776435352816281, 0.0, -0.08776435352816281,
  0.9961412642039199, 0.0]
- [0.0, 0.0, 1.0, 0.9958906821376774, 0.09056350938071972, 0.0, -0.09056350938071972,
  0.9958906821376774, 0.0]
- [0.0, 0.0, 1.0, 0.9913717048333476, 0.13108067308273097, 0.0, -0.13108067308273097,
  0.9913717048333476, 0.0]
- [0.0, 0.0, 1.0, 0.989983066692548, 0.1411861454322554, 0.0, -0.1411861454322554,
  0.989983066692548, 0.0]
- [0.0, 0.0, 1.0, 0.9899857557246603, 0.14116728892442937, 0.0, -0.14116728892442937,
  0.9899857557246603, 0.0]
- [0.0, 0.0, 1.0, 0.9876342190860272, 0.15677579306236383, 0.0, -0.15677579306236383,
  0.9876342190860272, 0.0]
- [0.0, 0.0, 1.0, 0.9814919012395535, 0.191503649576624, 0.0, -0.191503649576624,
  0.9814919012395535, 0.0]
- [0.0, 0.0, 1.0, 0.9815062931282773, 0.191429873712512, 0.0, -0.191429873712512,
  0.9815062931282773, 0.0]
- [0.0, 0.0, 1.0, 0.9815178704825356, 0.191370504319314, 0.0, -0.191370504319314,
  0.9815178704825356, 0.0]
- [0.0, 0.0, 1.0, 0.9749600438124768, 0.22238010920307877, 0.0, -0.22238010920307877,
  0.9749600438124768, 0.0]
- [0.0, 0.0, 1.0, 0.9712730042450729, 0.23796796260158784, 0.0, -0.23796796260158784,
  0.9712730042450729, 0.0]
- [0.0, 0.0, 1.0, 0.9712763589749672, 0.23795426975856243, 0.0, -0.23795426975856243,
  0.9712763589749672, 0.0]
- [0.0, 0.0, 1.0, 0.9703853546088738, 0.2415621318845532, 0.0, -0.2415621318845532,
  0.9703853546088738, 0.0]
- [0.0, 0.0, 1.0, 0.9618414419213126, 0.2736074571402071, 0.0, -0.2736074571402071,
  0.9618414419213126, 0.0]
- [0.0, 0.0, 1.0, 0.9599292310963684, 0.28024252226729457, 0.0, -0.28024252226729457,
  0.9599292310963684, 0.0]
- [0.0, 0.0, 1.0, 0.9599302026095841, 0.28023919447129975, 0.0, -0.28023919447129975,
  0.9599302026095841, 0.0]
- [0.0, 0.0, 1.0, 0.9578174241468417, 0.28737742082618306, 0.0, -0.28737742082618306,
  0.9578174241468417, 0.0]
- [0.0, 0.0, 1.0, 0.9498019308792793, 0.31285186925762926, 0.0, -0.31285186925762926,
  0.9498019308792793, 0.0]
- [0.0, 0.0, 1.0, 0.9488408434753961, 0.3157547367069875, 0.0, -0.3157547367069875,
  0.9488408434753961, 0.0]
- [0.0, 0.0, 1.0, 0.9488417067423797, 0.3157521425837174, 0.0, -0.3157521425837174,
  0.9488417067423797, 0.0]
- [0.0, 0.0, 1.0, 0.946251264850891, 0.3234324408096519, 0.0, -0.3234324408096519,
  0.946251264850891, 0.0]
- [0.0, 0.0, 1.0, 0.9395785632088202, 0.34233335151347605, 0.0, -0.34233335151347605,
  0.9395785632088202, 0.0]
- [0.0, 0.0, 1.0, 0.9392952424766824, 0.34310996409412314, 0.0, -0.34310996409412314,
  0.9392952424766824, 0.0]
- [0.0, 0.0, 1.0, 0.9392957363840453, 0.3431086119740429, 0.0, -0.3431086119740429,
  0.9392957363840453, 0.0]
- [0.0, 0.0, 1.0, 0.9370402079676389, 0.3492214893902782, 0.0, -0.3492214893902782,
  0.9370402079676389, 0.0]
- [0.0, 0.0, 1.0, 0.9327632813714106, 0.36048947408383325, 0.0, -0.36048947408383325,
  0.9327632813714106, 0.0]
- [0.0, 0.0, 1.0, 0.9327662505414902, 0.3604817912887833, 0.0, -0.3604817912887833,
  0.9327662505414902, 0.0]
- [0.0, 0.0, 1.0, 0.932766244689206, 0.3604818064318869, 0.0, -0.3604818064318869,
  0.932766244689206, 0.0]
- [0.0, 0.0, 1.0, 0.9317596015318421, 0.3630758115782746, 0.0, -0.3630758115782746,
  0.9317596015318421, 0.0]
- [0.0, 0.0, 1.0, 0.9305153385594254, 0.3662529245011405, 0.0, -0.3662529245011405,
  0.9305153385594254, 0.0]
- [0.0, 0.0, 1.0, 0.9305155823862817, 0.36625230502526396, 0.0, -0.36625230502526396,
  0.9305155823862817, 0.0]
- [0.0, 0.0, 1.0, 0.930519281412058, 0.36624290698986556, 0.0, -0.36624290698986556,
  0.930519281412058, 0.0]
- [0.0, 0.0, 1.0, 0.9321391965907638, 0.3621001493773861, 0.0, -0.3621001493773861,
  0.9321391965907638, 0.0]
- [0.0, 0.0, 1.0, 0.9331349636315593, 0.3595262711518152, 0.0, -0.3595262711518152,
  0.9331349636315593, 0.0]
- [0.0, 0.0, 1.0, 0.9331356939745147, 0.35952437557236766, 0.0, -0.35952437557236766,
  0.9331356939745147, 0.0]
- [0.0, 0.0, 1.0, 0.9338325191969867, 0.3577105339380005, 0.0, -0.3577105339380005,
  0.9338325191969867, 0.0]
- [0.0, 0.0, 1.0, 0.9390613619132494, 0.3437495579075461, 0.0, -0.3437495579075461,
  0.9390613619132494, 0.0]
- [0.0, 0.0, 1.0, 0.9402424591761807, 0.3405056797798361, 0.0, -0.3405056797798361,
  0.9402424591761807, 0.0]
- [0.0, 0.0, 1.0, 0.9402458319781777, 0.3404963662767409, 0.0, -0.3404963662767409,
  0.9402458319781777, 0.0]
- [0.0, 0.0, 1.0, 0.9438843576582844, 0.33027612594313843, 0.0, -0.33027612594313843,
  0.9438843576582844, 0.0]
- [0.0, 0.0, 1.0, 0.950675858843961, 0.31018609158261295, 0.0, -0.31018609158261295,
  0.950675858843961, 0.0]
- [0.0, 0.0, 1.0, 0.9506854001159298, 0.3101568474279011, 0.0, -0.3101568474279011,
  0.9506854001159298, 0.0]
- [0.0, 0.0, 1.0, 0.9512676947079837, 0.3083662968045605, 0.0, -0.3083662968045605,
  0.9512676947079837, 0.0]
- [0.0, 0.0, 1.0, 0.9604256976448038, 0.278536315950886, 0.0, -0.278536315950886,
  0.9604256976448038, 0.0]
- [0.0, 0.0, 1.0, 0.9622180201858677, 0.2722801528381923, 0.0, -0.2722801528381923,
  0.9622180201858677, 0.0]
