nodes:
- [6.94312677 0.68925494 0.00000000]
- [6.89114130 0.71706968 0.00000000]
- [6.83209981 0.75104573 0.00000000]
- [6.77222047 0.78313298 0.00000000]
- [6.71118919 0.81340601 0.00000000]
- [6.64958639 0.84319280 0.00000000]
- [6.58796379 0.87295220 0.00000000]
- [6.52614960 0.90208530 0.00000000]
- [6.46390529 0.93062040 0.00000000]
- [6.40176430 0.95948027 0.00000000]
- [6.33954929 0.98790669 0.00000000]
- [6.27708491 1.01592662 0.00000000]
- [6.21468102 1.04392390 0.00000000]
- [6.15185831 1.07109584 0.00000000]
- [6.08913170 1.09860567 0.00000000]
- [6.02620118 1.12555985 0.00000000]
- [5.96332850 1.15261259 0.00000000]
- [5.90016796 1.17902975 0.00000000]
- [5.83715847 1.20565431 0.00000000]
- [5.76943288 1.22021991 0.00000000]
- [5.69888452 1.23536206 0.00000000]
- [5.63280803 1.26162074 0.00000000]
- [5.56666304 1.28723041 0.00000000]
- [5.50022374 1.31249629 0.00000000]
- [5.43375217 1.33765364 0.00000000]
- [5.36736228 1.36228797 0.00000000]
- [5.30040571 1.38609498 0.00000000]
- [5.23350938 1.41026259 0.00000000]
- [5.16663112 1.43362248 0.00000000]
- [5.09950324 1.45644243 0.00000000]
- [5.03209305 1.47876929 0.00000000]
- [4.96459070 1.50088853 0.00000000]
- [4.89686743 1.52257184 0.00000000]
- [4.82920481 1.54426234 0.00000000]
- [4.76162628 1.56522847 0.00000000]
- [4.69356453 1.58533499 0.00000000]
- [4.62741496 1.60492462 0.00000000]
- [4.56112473 1.62356372 0.00000000]
- [4.49441862 1.64193137 0.00000000]
- [4.42792708 1.66034885 0.00000000]
- [4.36137440 1.67775188 0.00000000]
- [4.29456632 1.69464905 0.00000000]
- [4.22753932 1.71097625 0.00000000]
- [4.16047964 1.72699252 0.00000000]
- [4.09309701 1.74232220 0.00000000]
- [4.02581943 1.75783470 0.00000000]
- [3.95874590 1.77234239 0.00000000]
- [3.89111284 1.78579733 0.00000000]
- [3.82333607 1.79942386 0.00000000]
- [3.75586747 1.81239556 0.00000000]
- [3.68789170 1.82419701 0.00000000]
- [3.61993242 1.83634651 0.00000000]
- [3.55219614 1.84734830 0.00000000]
- [3.48414935 1.85739952 0.00000000]
- [3.41592527 1.86689475 0.00000000]
- [3.34784333 1.87568890 0.00000000]
- [3.27942107 1.88318971 0.00000000]
- [3.21091419 1.89061250 0.00000000]
- [3.14245021 1.89694583 0.00000000]
- [3.07384462 1.90271186 0.00000000]
- [3.00522926 1.90769261 0.00000000]
- [2.93688319 1.91288580 0.00000000]
- [2.84956926 1.91714422 0.00000000]
- [2.78181227 1.91916418 0.00000000]
- [2.71411425 1.92005613 0.00000000]
- [2.64637394 1.92013754 0.00000000]
- [2.57850324 1.91923100 0.00000000]
- [2.51102465 1.91796169 0.00000000]
- [2.44360120 1.91443115 0.00000000]
- [2.37567797 1.91058876 0.00000000]
- [2.30816925 1.90621076 0.00000000]
- [2.24092335 1.90030353 0.00000000]
- [2.17374820 1.89335700 0.00000000]
- [2.10676614 1.88498102 0.00000000]
- [2.02617663 1.87252721 0.00000000]
- [1.95852759 1.86044137 0.00000000]
- [1.89094310 1.84841645 0.00000000]
- [1.82376397 1.83480157 0.00000000]
- [1.75685468 1.81998063 0.00000000]
- [1.69036008 1.80352108 0.00000000]
- [1.62412247 1.78577794 0.00000000]
- [1.55828853 1.76660454 0.00000000]
- [1.49299012 1.74622278 0.00000000]
- [1.42833207 1.72393867 0.00000000]
- [1.36413382 1.70039459 0.00000000]
- [1.30071488 1.67494481 0.00000000]
- [1.23777964 1.64809968 0.00000000]
- [1.17579029 1.61973494 0.00000000]
- [1.11479214 1.58930598 0.00000000]
- [1.05436555 1.55718086 0.00000000]
- [0.99474329 1.52388861 0.00000000]
- [0.93632960 1.48869135 0.00000000]
- [0.87888265 1.45208545 0.00000000]
- [0.82282587 1.41339486 0.00000000]
- [0.76769442 1.37324313 0.00000000]
- [0.71399543 1.33139701 0.00000000]
- [0.66163840 1.28792514 0.00000000]
- [0.61092878 1.24281661 0.00000000]
- [0.56205170 1.19575839 0.00000000]
- [0.51480948 1.14703485 0.00000000]
- [0.46950399 1.09647163 0.00000000]
- [0.42584404 1.04439957 0.00000000]
- [0.38411337 0.99076268 0.00000000]
- [0.34426099 0.93594182 0.00000000]
- [0.30689757 0.87938124 0.00000000]
- [0.27135010 0.82156971 0.00000000]
- [0.23829905 0.76257117 0.00000000]
- [0.20788778 0.70216113 0.00000000]
- [0.17977637 0.64026803 0.00000000]
- [0.15345609 0.57770774 0.00000000]
- [0.13004163 0.51419018 0.00000000]
- [0.10901142 0.45003372 0.00000000]
- [0.09154504 0.38533791 0.00000000]
- [0.07798311 0.31957364 0.00000000]
- [0.06740017 0.25258993 0.00000000]
- [0.04570774 0.18623388 0.00000000]
- [0.02493842 0.11851066 0.00000000]
- [0.01920543 0.04932067 0.00000000]
- [0.01696207 -0.01967981 0.00000000]
- [0.01993216 -0.08871093 0.00000000]
- [0.02592511 -0.15793984 0.00000000]
- [0.04693438 -0.22538025 0.00000000]
- [0.06971877 -0.29097294 0.00000000]
- [0.08223990 -0.35731321 0.00000000]
- [0.09817634 -0.42270001 0.00000000]
- [0.11744426 -0.48719440 0.00000000]
- [0.14010715 -0.55080610 0.00000000]
- [0.16550430 -0.61366944 0.00000000]
- [0.19337606 -0.67561985 0.00000000]
- [0.22335659 -0.73640614 0.00000000]
- [0.25599417 -0.79551860 0.00000000]
- [0.29144797 -0.85310083 0.00000000]
- [0.32936710 -0.90935912 0.00000000]
- [0.36928212 -0.96406843 0.00000000]
- [0.41178880 -1.01698060 0.00000000]
- [0.45609139 -1.06875300 0.00000000]
- [0.50199606 -1.11886085 0.00000000]
- [0.54986128 -1.16710518 0.00000000]
- [0.59935406 -1.21378251 0.00000000]
- [0.65047938 -1.25856217 0.00000000]
- [0.70331697 -1.30155676 0.00000000]
- [0.75746967 -1.34302317 0.00000000]
- [0.81296260 -1.38274287 0.00000000]
- [0.86966925 -1.42098730 0.00000000]
- [0.92716941 -1.45770583 0.00000000]
- [0.98600826 -1.49237550 0.00000000]
- [1.04576144 -1.52582760 0.00000000]
- [1.10645792 -1.55768408 0.00000000]
- [1.16754543 -1.58829857 0.00000000]
- [1.22990574 -1.61668055 0.00000000]
- [1.29273538 -1.64451136 0.00000000]
- [1.35513561 -1.67290167 0.00000000]
- [1.40462306 -1.69475463 0.00000000]
- [1.46702874 -1.71747919 0.00000000]
- [1.52998224 -1.73885394 0.00000000]
- [1.59309590 -1.75922799 0.00000000]
- [1.65702467 -1.77774867 0.00000000]
- [1.72101301 -1.79609178 0.00000000]
- [1.78509746 -1.81244352 0.00000000]
- [1.85008036 -1.82723337 0.00000000]
- [1.91503780 -1.84186009 0.00000000]
- [1.98001821 -1.85450441 0.00000000]
- [2.04554079 -1.86572526 0.00000000]
- [2.11152863 -1.87602295 0.00000000]
- [2.17398970 -1.88539200 0.00000000]
- [2.23703412 -1.89011015 0.00000000]
- [2.30499461 -1.89505243 0.00000000]
- [2.37245509 -1.90063711 0.00000000]
- [2.44054199 -1.90465961 0.00000000]
- [2.50856842 -1.90840678 0.00000000]
- [2.57665989 -1.91029972 0.00000000]
- [2.64473875 -1.91190620 0.00000000]
- [2.71252569 -1.91159381 0.00000000]
- [2.78059730 -1.90998745 0.00000000]
- [2.84870406 -1.90742946 0.00000000]
- [2.91676360 -1.90377632 0.00000000]
- [2.98464699 -1.89919746 0.00000000]
- [3.05248008 -1.89313282 0.00000000]
- [3.12024097 -1.88636793 0.00000000]
- [3.18763465 -1.87811698 0.00000000]
- [3.25515052 -1.86851478 0.00000000]
- [3.32280509 -1.85829142 0.00000000]
- [3.38995469 -1.84754470 0.00000000]
- [3.45666584 -1.83491447 0.00000000]
- [3.52356084 -1.82129541 0.00000000]
- [3.59031151 -1.80694763 0.00000000]
- [3.65660526 -1.79175788 0.00000000]
- [3.72288447 -1.77499405 0.00000000]
- [3.78898431 -1.75844427 0.00000000]
- [3.85449201 -1.73971516 0.00000000]
- [3.92042284 -1.72100764 0.00000000]
- [3.98574535 -1.70146480 0.00000000]
- [4.05079681 -1.68097074 0.00000000]
- [4.11578377 -1.65956448 0.00000000]
- [4.18074347 -1.63783733 0.00000000]
- [4.24523207 -1.61528975 0.00000000]
- [4.30938601 -1.59192755 0.00000000]
- [4.37353406 -1.56742528 0.00000000]
- [4.43774006 -1.54331076 0.00000000]
- [4.50128038 -1.51801465 0.00000000]
- [4.56489883 -1.49243124 0.00000000]
- [4.62798927 -1.46623465 0.00000000]
- [4.69085517 -1.43897948 0.00000000]
- [4.75397198 -1.41149868 0.00000000]
- [4.81689239 -1.38406095 0.00000000]
- [4.87947965 -1.35596216 0.00000000]
- [4.94211033 -1.32767146 0.00000000]
- [5.00448473 -1.29909960 0.00000000]
- [5.06666222 -1.27003180 0.00000000]
- [5.12886144 -1.24066100 0.00000000]
- [5.19122787 -1.21114615 0.00000000]
- [5.25376040 -1.18201577 0.00000000]
- [5.31611788 -1.15285570 0.00000000]
- [5.37848198 -1.12363553 0.00000000]
- [5.44086706 -1.09440553 0.00000000]
- [5.50339022 -1.06513629 0.00000000]
- [5.56630064 -1.03619164 0.00000000]
- [5.62960994 -1.00785560 0.00000000]
- [5.69776591 -0.99120324 0.00000000]
- [5.76544825 -0.97484339 0.00000000]
- [5.82868381 -0.94809244 0.00000000]
- [5.89212164 -0.92171874 0.00000000]
- [5.95593090 -0.89608091 0.00000000]
- [6.02002148 -0.87129486 0.00000000]
- [6.08436632 -0.84689994 0.00000000]
- [6.14932560 -0.82400225 0.00000000]
- [6.21455013 -0.80195091 0.00000000]
- [6.28027212 -0.78125986 0.00000000]
- [6.34642734 -0.76174574 0.00000000]
- [6.41316495 -0.74409983 0.00000000]
- [6.48020515 -0.72810609 0.00000000]
- [6.54756254 -0.71324072 0.00000000]
- [6.61543421 -0.70038494 0.00000000]
- [6.68378804 -0.68939657 0.00000000]
- [6.75266163 -0.68158128 0.00000000]
- [6.82171447 -0.67626480 0.00000000]
- [6.89096241 -0.67374024 0.00000000]
- [6.94625305 -0.67959896 0.00000000]
- [4.12807697 -1.59052406 0.00000000]
- [4.14037018 -1.52148365 0.00000000]
- [4.15266339 -1.45244323 0.00000000]
- [4.16495660 -1.38340282 0.00000000]
- [4.17724981 -1.31436240 0.00000000]
- [4.18954301 -1.24532199 0.00000000]
- [4.20183622 -1.17628158 0.00000000]
- [4.21412943 -1.10724116 0.00000000]
- [4.22642264 -1.03820075 0.00000000]
- [4.23871584 -0.96916033 0.00000000]
- [4.25100905 -0.90011992 0.00000000]
- [4.26330226 -0.83107951 0.00000000]
- [4.27559547 -0.76203909 0.00000000]
- [4.28788868 -0.69299868 0.00000000]
- [4.30018188 -0.62395826 0.00000000]
- [4.31247509 -0.55491785 0.00000000]
- [4.32476830 -0.48587743 0.00000000]
- [4.33706151 -0.41683702 0.00000000]
- [4.34935471 -0.34779661 0.00000000]
- [4.36164792 -0.27875619 0.00000000]
- [4.37394113 -0.20971578 0.00000000]
- [4.38623434 -0.14067536 0.00000000]
- [4.39852754 -0.07163495 0.00000000]
- [4.41082075 -0.00259454 0.00000000]
- [4.42311396 0.06644588 0.00000000]
- [4.43540717 0.13548629 0.00000000]
- [4.44770038 0.20452671 0.00000000]
- [4.45999358 0.27356712 0.00000000]
- [4.47228679 0.34260754 0.00000000]
- [4.48458000 0.41164795 0.00000000]
- [4.49687321 0.48068836 0.00000000]
- [4.50916641 0.54972878 0.00000000]
- [4.52145962 0.61876919 0.00000000]
- [4.53375283 0.68780961 0.00000000]
- [4.54604604 0.75685002 0.00000000]
- [4.55833925 0.82589044 0.00000000]
- [4.57063245 0.89493085 0.00000000]
- [4.58292566 0.96397126 0.00000000]
- [4.59521887 1.03301168 0.00000000]
- [4.60751208 1.10205209 0.00000000]
- [4.61980528 1.17109251 0.00000000]
- [4.63209849 1.24013292 0.00000000]
- [4.64439170 1.30917333 0.00000000]
- [4.65668491 1.37821375 0.00000000]
- [4.66897812 1.44725416 0.00000000]
- [4.68127132 1.51629458 0.00000000]
- [1.41812581 -1.62591356 0.00000000]
- [1.43162856 -1.55707249 0.00000000]
- [1.44513131 -1.48823142 0.00000000]
- [1.45863406 -1.41939035 0.00000000]
- [1.47213681 -1.35054928 0.00000000]
- [1.48563957 -1.28170821 0.00000000]
- [1.49914232 -1.21286714 0.00000000]
- [1.51264507 -1.14402607 0.00000000]
- [1.52614782 -1.07518500 0.00000000]
- [1.53965057 -1.00634393 0.00000000]
- [1.55315332 -0.93750286 0.00000000]
- [1.56665608 -0.86866179 0.00000000]
- [1.58015883 -0.79982072 0.00000000]
- [1.59366158 -0.73097965 0.00000000]
- [1.60716433 -0.66213858 0.00000000]
- [1.62066708 -0.59329751 0.00000000]
- [1.63416984 -0.52445644 0.00000000]
- [1.64767259 -0.45561537 0.00000000]
- [1.66117534 -0.38677429 0.00000000]
- [1.67467809 -0.31793322 0.00000000]
- [1.68818084 -0.24909215 0.00000000]
- [1.70168359 -0.18025108 0.00000000]
- [1.71518635 -0.11141001 0.00000000]
- [1.72868910 -0.04256894 0.00000000]
- [1.74219185 0.02627213 0.00000000]
- [1.75569460 0.09511320 0.00000000]
- [1.76919735 0.16395427 0.00000000]
- [1.78270010 0.23279534 0.00000000]
- [1.79620286 0.30163641 0.00000000]
- [1.80970561 0.37047748 0.00000000]
- [1.82320836 0.43931855 0.00000000]
- [1.83671111 0.50815962 0.00000000]
- [1.85021386 0.57700069 0.00000000]
- [1.86371661 0.64584176 0.00000000]
- [1.87721937 0.71468283 0.00000000]
- [1.89072212 0.78352390 0.00000000]
- [1.90422487 0.85236497 0.00000000]
- [1.91772762 0.92120604 0.00000000]
- [1.93123037 0.99004711 0.00000000]
- [1.94473312 1.05888818 0.00000000]
- [1.95823588 1.12772925 0.00000000]
- [1.97173863 1.19657032 0.00000000]
- [1.98524138 1.26541139 0.00000000]
- [1.99874413 1.33425246 0.00000000]
- [2.01224688 1.40309353 0.00000000]
- [2.02574963 1.47193460 0.00000000]
- [2.03925239 1.54077567 0.00000000]
- [2.05275514 1.60961674 0.00000000]
- [2.06625789 1.67845781 0.00000000]
- [2.07976064 1.74729888 0.00000000]
- [2.09326339 1.81613995 0.00000000]
- [2.12470792 -1.80828782 0.00000000]
- [2.13788722 -1.74055269 0.00000000]
- [2.15106652 -1.67281756 0.00000000]
- [2.16424581 -1.60508244 0.00000000]
- [2.17742511 -1.53734731 0.00000000]
- [2.19060441 -1.46961218 0.00000000]
- [2.20378371 -1.40187705 0.00000000]
- [2.21696300 -1.33414192 0.00000000]
- [2.23014230 -1.26640680 0.00000000]
- [2.24332160 -1.19867167 0.00000000]
- [2.25650089 -1.13093654 0.00000000]
- [2.26968019 -1.06320141 0.00000000]
- [2.28285949 -0.99546628 0.00000000]
- [2.29603879 -0.92773116 0.00000000]
- [2.30921808 -0.85999603 0.00000000]
- [2.32239738 -0.79226090 0.00000000]
- [2.33557668 -0.72452577 0.00000000]
- [2.34875597 -0.65679064 0.00000000]
- [2.36193527 -0.58905552 0.00000000]
- [2.37511457 -0.52132039 0.00000000]
- [2.38829386 -0.45358526 0.00000000]
- [2.40147316 -0.38585013 0.00000000]
- [2.41465246 -0.31811500 0.00000000]
- [2.42783176 -0.25037988 0.00000000]
- [2.44101105 -0.18264475 0.00000000]
- [2.45419035 -0.11490962 0.00000000]
- [2.46736965 -0.04717449 0.00000000]
- [2.48054894 0.02056064 0.00000000]
- [2.49372824 0.08829576 0.00000000]
- [2.50690754 0.15603089 0.00000000]
- [2.52008684 0.22376602 0.00000000]
- [2.53326613 0.29150115 0.00000000]
- [2.54644543 0.35923628 0.00000000]
- [2.55962473 0.42697141 0.00000000]
- [2.57280402 0.49470653 0.00000000]
- [2.58598332 0.56244166 0.00000000]
- [2.59916262 0.63017679 0.00000000]
- [2.61234191 0.69791192 0.00000000]
- [2.62552121 0.76564705 0.00000000]
- [2.63870051 0.83338217 0.00000000]
- [2.65187981 0.90111730 0.00000000]
- [2.66505910 0.96885243 0.00000000]
- [2.67823840 1.03658756 0.00000000]
- [2.69141770 1.10432269 0.00000000]
- [2.70459699 1.17205781 0.00000000]
- [2.71777629 1.23979294 0.00000000]
- [2.73095559 1.30752807 0.00000000]
- [2.74413489 1.37526320 0.00000000]
- [2.75731418 1.44299833 0.00000000]
- [2.77049348 1.51073345 0.00000000]
- [2.78367278 1.57846858 0.00000000]
- [2.79685207 1.64620371 0.00000000]
- [2.81003137 1.71393884 0.00000000]
- [2.82321067 1.78167397 0.00000000]
- [2.83638997 1.84940909 0.00000000]
elements:
- [1 2]
- [2 3]
- [3 4]
- [4 5]
- [5 6]
- [6 7]
- [7 8]
- [8 9]
- [9 10]
- [10 11]
- [11 12]
- [12 13]
- [13 14]
- [14 15]
- [15 16]
- [16 17]
- [17 18]
- [18 19]
- [19 20]
- [20 21]
- [21 22]
- [22 23]
- [23 24]
- [24 25]
- [25 26]
- [26 27]
- [27 28]
- [28 29]
- [29 30]
- [30 31]
- [31 32]
- [32 33]
- [33 34]
- [34 35]
- [35 36]
- [36 37]
- [37 38]
- [38 39]
- [39 40]
- [40 41]
- [41 42]
- [42 43]
- [43 44]
- [44 45]
- [45 46]
- [46 47]
- [47 48]
- [48 49]
- [49 50]
- [50 51]
- [51 52]
- [52 53]
- [53 54]
- [54 55]
- [55 56]
- [56 57]
- [57 58]
- [58 59]
- [59 60]
- [60 61]
- [61 62]
- [62 63]
- [63 64]
- [64 65]
- [65 66]
- [66 67]
- [67 68]
- [68 69]
- [69 70]
- [70 71]
- [71 72]
- [72 73]
- [73 74]
- [74 75]
- [75 76]
- [76 77]
- [77 78]
- [78 79]
- [79 80]
- [80 81]
- [81 82]
- [82 83]
- [83 84]
- [84 85]
- [85 86]
- [86 87]
- [87 88]
- [88 89]
- [89 90]
- [90 91]
- [91 92]
- [92 93]
- [93 94]
- [94 95]
- [95 96]
- [96 97]
- [97 98]
- [98 99]
- [99 100]
- [100 101]
- [101 102]
- [102 103]
- [103 104]
- [104 105]
- [105 106]
- [106 107]
- [107 108]
- [108 109]
- [109 110]
- [110 111]
- [111 112]
- [112 113]
- [113 114]
- [114 115]
- [115 116]
- [116 117]
- [117 118]
- [118 119]
- [119 120]
- [120 121]
- [121 122]
- [122 123]
- [123 124]
- [124 125]
- [125 126]
- [126 127]
- [127 128]
- [128 129]
- [129 130]
- [130 131]
- [131 132]
- [132 133]
- [133 134]
- [134 135]
- [135 136]
- [136 137]
- [137 138]
- [138 139]
- [139 140]
- [140 141]
- [141 142]
- [142 143]
- [143 144]
- [144 145]
- [145 146]
- [146 147]
- [147 148]
- [148 149]
- [149 150]
- [150 151]
- [151 152]
- [152 153]
- [153 154]
- [154 155]
- [155 156]
- [156 157]
- [157 158]
- [158 159]
- [159 160]
- [160 161]
- [161 162]
- [162 163]
- [163 164]
- [164 165]
- [165 166]
- [166 167]
- [167 168]
- [168 169]
- [169 170]
- [170 171]
- [171 172]
- [172 173]
- [173 174]
- [174 175]
- [175 176]
- [176 177]
- [177 178]
- [178 179]
- [179 180]
- [180 181]
- [181 182]
- [182 183]
- [183 184]
- [184 185]
- [185 186]
- [186 187]
- [187 188]
- [188 189]
- [189 190]
- [190 191]
- [191 192]
- [192 193]
- [193 194]
- [194 195]
- [195 196]
- [196 197]
- [197 198]
- [198 199]
- [199 200]
- [200 201]
- [201 202]
- [202 203]
- [203 204]
- [204 205]
- [205 206]
- [206 207]
- [207 208]
- [208 209]
- [209 210]
- [210 211]
- [211 212]
- [212 213]
- [213 214]
- [214 215]
- [215 216]
- [216 217]
- [217 218]
- [218 219]
- [219 220]
- [220 221]
- [221 222]
- [222 223]
- [223 224]
- [224 225]
- [225 226]
- [226 227]
- [227 228]
- [228 229]
- [229 230]
- [230 231]
- [231 232]
- [232 233]
- [233 234]
- [234 235]
- [235 236]
- [236 237]
- [237 238]
- [238 1]
- [194 239]
- [239 240]
- [240 241]
- [241 242]
- [242 243]
- [243 244]
- [244 245]
- [245 246]
- [246 247]
- [247 248]
- [248 249]
- [249 250]
- [250 251]
- [251 252]
- [252 253]
- [253 254]
- [254 255]
- [255 256]
- [256 257]
- [257 258]
- [258 259]
- [259 260]
- [260 261]
- [261 262]
- [262 263]
- [263 264]
- [264 265]
- [265 266]
- [266 267]
- [267 268]
- [268 269]
- [269 270]
- [270 271]
- [271 272]
- [272 273]
- [273 274]
- [274 275]
- [275 276]
- [276 277]
- [277 278]
- [278 279]
- [279 280]
- [280 281]
- [281 282]
- [282 283]
- [283 284]
- [284 36]
- [153 285]
- [285 286]
- [286 287]
- [287 288]
- [288 289]
- [289 290]
- [290 291]
- [291 292]
- [292 293]
- [293 294]
- [294 295]
- [295 296]
- [296 297]
- [297 298]
- [298 299]
- [299 300]
- [300 301]
- [301 302]
- [302 303]
- [303 304]
- [304 305]
- [305 306]
- [306 307]
- [307 308]
- [308 309]
- [309 310]
- [310 311]
- [311 312]
- [312 313]
- [313 314]
- [314 315]
- [315 316]
- [316 317]
- [317 318]
- [318 319]
- [319 320]
- [320 321]
- [321 322]
- [322 323]
- [323 324]
- [324 325]
- [325 326]
- [326 327]
- [327 328]
- [328 329]
- [329 330]
- [330 331]
- [331 332]
- [332 333]
- [333 334]
- [334 335]
- [335 74]
- [164 336]
- [336 337]
- [337 338]
- [338 339]
- [339 340]
- [340 341]
- [341 342]
- [342 343]
- [343 344]
- [344 345]
- [345 346]
- [346 347]
- [347 348]
- [348 349]
- [349 350]
- [350 351]
- [351 352]
- [352 353]
- [353 354]
- [354 355]
- [355 356]
- [356 357]
- [357 358]
- [358 359]
- [359 360]
- [360 361]
- [361 362]
- [362 363]
- [363 364]
- [364 365]
- [365 366]
- [366 367]
- [367 368]
- [368 369]
- [369 370]
- [370 371]
- [371 372]
- [372 373]
- [373 374]
- [374 375]
- [375 376]
- [376 377]
- [377 378]
- [378 379]
- [379 380]
- [380 381]
- [381 382]
- [382 383]
- [383 384]
- [384 385]
- [385 386]
- [386 387]
- [387 388]
- [388 389]
- [389 390]
- [390 63]
sets:
  element:
  - name: layup_0
    labels:
    - 1
    - 2
    - 3
    - 4
    - 5
    - 6
    - 7
    - 8
    - 9
    - 10
    - 11
    - 12
    - 13
    - 14
    - 15
    - 16
    - 17
    - 18
    - 19
    - 219
    - 220
    - 221
    - 222
    - 223
    - 224
    - 225
    - 226
    - 227
    - 228
    - 229
    - 230
    - 231
    - 232
    - 233
    - 234
    - 235
    - 236
    - 237
    - 238
  - name: layup_1
    labels:
    - 20
    - 21
    - 22
    - 23
    - 24
    - 25
    - 26
    - 27
    - 28
    - 29
    - 30
    - 31
    - 32
    - 33
    - 34
    - 35
    - 36
    - 37
    - 38
    - 39
    - 40
    - 41
    - 42
    - 43
    - 44
    - 45
    - 46
    - 47
    - 48
    - 49
    - 50
    - 51
    - 52
    - 53
    - 54
    - 55
    - 56
    - 57
    - 58
    - 59
    - 60
    - 61
    - 75
    - 76
    - 77
    - 78
    - 79
    - 80
    - 81
    - 82
    - 83
    - 84
    - 85
    - 86
    - 87
    - 88
    - 89
    - 90
    - 91
    - 92
    - 93
    - 94
    - 95
    - 96
    - 97
    - 98
    - 99
    - 100
    - 101
    - 102
    - 103
    - 104
    - 105
    - 106
    - 107
    - 108
    - 109
    - 110
    - 111
    - 112
    - 113
    - 114
    - 115
    - 122
    - 123
    - 124
    - 125
    - 126
    - 127
    - 128
    - 129
    - 130
    - 131
    - 132
    - 133
    - 134
    - 135
    - 136
    - 137
    - 138
    - 139
    - 140
    - 141
    - 142
    - 143
    - 144
    - 145
    - 146
    - 147
    - 148
    - 149
    - 150
    - 151
    - 166
    - 167
    - 168
    - 169
    - 170
    - 171
    - 172
    - 173
    - 174
    - 175
    - 176
    - 177
    - 178
    - 179
    - 180
    - 181
    - 182
    - 183
    - 184
    - 185
    - 186
    - 187
    - 188
    - 189
    - 190
    - 191
    - 192
    - 193
    - 194
    - 195
    - 196
    - 197
    - 198
    - 199
    - 200
    - 201
    - 202
    - 203
    - 204
    - 205
    - 206
    - 207
    - 208
    - 209
    - 210
    - 211
    - 212
    - 213
    - 214
    - 215
    - 216
    - 217
    - 218
  - name: layup_2
    labels:
    - 62
    - 63
    - 64
    - 65
    - 66
    - 67
    - 68
    - 69
    - 70
    - 71
    - 72
    - 73
    - 74
  - name: layup_3
    labels:
    - 116
    - 117
    - 118
    - 119
    - 120
    - 121
  - name: layup_4
    labels:
    - 152
    - 153
    - 154
    - 155
    - 156
    - 157
    - 158
    - 159
    - 160
    - 161
    - 162
    - 163
    - 164
    - 165
  - name: layup_5
    labels:
    - 239
    - 240
    - 241
    - 242
    - 243
    - 244
    - 245
    - 246
    - 247
    - 248
    - 249
    - 250
    - 251
    - 252
    - 253
    - 254
    - 255
    - 256
    - 257
    - 258
    - 259
    - 260
    - 261
    - 262
    - 263
    - 264
    - 265
    - 266
    - 267
    - 268
    - 269
    - 270
    - 271
    - 272
    - 273
    - 274
    - 275
    - 276
    - 277
    - 278
    - 279
    - 280
    - 281
    - 282
    - 283
    - 284
    - 285
    - 286
    - 287
    - 288
    - 289
    - 290
    - 291
    - 292
    - 293
    - 294
    - 295
    - 296
    - 297
    - 298
    - 299
    - 300
    - 301
    - 302
    - 303
    - 304
    - 305
    - 306
    - 307
    - 308
    - 309
    - 310
    - 311
    - 312
    - 313
    - 314
    - 315
    - 316
    - 317
    - 318
    - 319
    - 320
    - 321
    - 322
    - 323
    - 324
    - 325
    - 326
    - 327
    - 328
    - 329
    - 330
    - 331
    - 332
    - 333
    - 334
    - 335
    - 336
    - 337
    - 338
    - 339
    - 340
    - 341
    - 342
    - 343
    - 344
    - 345
    - 346
    - 347
    - 348
    - 349
    - 350
    - 351
    - 352
    - 353
    - 354
    - 355
    - 356
    - 357
    - 358
    - 359
    - 360
    - 361
    - 362
    - 363
    - 364
    - 365
    - 366
    - 367
    - 368
    - 369
    - 370
    - 371
    - 372
    - 373
    - 374
    - 375
    - 376
    - 377
    - 378
    - 379
    - 380
    - 381
    - 382
    - 383
    - 384
    - 385
    - 386
    - 387
    - 388
    - 389
    - 390
    - 391
    - 392
    - 393
sections:
- type: shell
  elementSet: layup_0
  layup:
  - - gelcoat
    - 0.0005
    - 0.0
  - - glass_triax
    - 0.00401567
    - 0.0
  - - glass_uniax
    - 0.02985173
    - 0.0
  - - glass_triax
    - 0.00401567
    - 0.0
- type: shell
  elementSet: layup_1
  layup:
  - - gelcoat
    - 0.0005
    - 0.0
  - - glass_triax
    - 0.00401567
    - 0.0
  - - medium_density_foam
    - 0.0771672
    - 0.0
  - - glass_triax
    - 0.00401567
    - 0.0
- type: shell
  elementSet: layup_2
  layup:
  - - gelcoat
    - 0.0005
    - 0.0
  - - glass_triax
    - 0.00401567
    - 0.0
  - - carbon_uniax
    - 0.07328814
    - 0.0
  - - glass_triax
    - 0.00401567
    - 0.0
- type: shell
  elementSet: layup_3
  layup:
  - - gelcoat
    - 0.0005
    - 0.0
  - - glass_triax
    - 0.00401567
    - 0.0
  - - glass_uniax
    - 0.02487026
    - 0.0
  - - glass_triax
    - 0.00401567
    - 0.0
- type: shell
  elementSet: layup_4
  layup:
  - - gelcoat
    - 0.0005
    - 0.0
  - - glass_triax
    - 0.00401567
    - 0.0
  - - carbon_uniax
    - 0.06678624
    - 0.0
  - - glass_triax
    - 0.00401567
    - 0.0
- type: shell
  elementSet: layup_5
  layup:
  - - glass_biax
    - 0.002
    - 0.0
  - - medium_density_foam
    - 0.04584265
    - 0.0
  - - glass_biax
    - 0.002
    - 0.0
elementOrientations:
- [0.0, 0.0, 1.0, -0.8817242331377622, 0.4717651711366847, 0.0, -0.4717651711366847,
  -0.8817242331377622, 0.0]
- [0.0, 0.0, 1.0, -0.8667336977300351, 0.49877118723841724, 0.0, -0.49877118723841724,
  -0.8667336977300351, 0.0]
- [0.0, 0.0, 1.0, -0.8814246733782131, 0.4723246184141902, 0.0, -0.4723246184141902,
  -0.8814246733782131, 0.0]
- [0.0, 0.0, 1.0, -0.8958470820450485, 0.44436247095290615, 0.0, -0.44436247095290615,
  -0.8958470820450485, 0.0]
- [0.0, 0.0, 1.0, -0.9002796196776419, 0.43531207930986743, 0.0, -0.43531207930986743,
  -0.9002796196776419, 0.0]
- [0.0, 0.0, 1.0, -0.9004912235947696, 0.4348741843669209, 0.0, -0.4348741843669209,
  -0.9004912235947696, 0.0]
- [0.0, 0.0, 1.0, -0.9045700815418589, 0.4263249553795261, 0.0, -0.4263249553795261,
  -0.9045700815418589, 0.0]
- [0.0, 0.0, 1.0, -0.9090291187423736, 0.4167326016505831, 0.0, -0.4167326016505831,
  -0.9090291187423736, 0.0]
- [0.0, 0.0, 1.0, -0.9069605218978681, 0.42121563565322045, 0.0, -0.42121563565322045,
  -0.9069605218978681, 0.0]
- [0.0, 0.0, 1.0, -0.9095558414239429, 0.41558172641681845, 0.0, -0.41558172641681845,
  -0.9095558414239429, 0.0]
- [0.0, 0.0, 1.0, -0.9124075979211674, 0.4092827570955382, 0.0, -0.4092827570955382,
  -0.9124075979211674, 0.0]
- [0.0, 0.0, 1.0, -0.9123830865451567, 0.409337395538611, 0.0, -0.409337395538611,
  -0.9123830865451567, 0.0]
- [0.0, 0.0, 1.0, -0.9178284738145214, 0.3969771941249353, 0.0, -0.3969771941249353,
  -0.9178284738145214, 0.0]
- [0.0, 0.0, 1.0, -0.9157981148943647, 0.4016389084189034, 0.0, -0.4016389084189034,
  -0.9157981148943647, 0.0]
- [0.0, 0.0, 1.0, -0.9192298362660193, 0.39372135847366374, 0.0, -0.39372135847366374,
  -0.9192298362660193, 0.0]
- [0.0, 0.0, 1.0, -0.9185764572808934, 0.3952433328081358, 0.0, -0.3952433328081358,
  -0.9185764572808934, 0.0]
- [0.0, 0.0, 1.0, -0.9225561002866862, 0.38586298322568047, 0.0, -0.38586298322568047,
  -0.9225561002866862, 0.0]
- [0.0, 0.0, 1.0, -0.9211418763385337, 0.3892269821781699, 0.0, -0.3892269821781699,
  -0.9211418763385337, 0.0]
- [0.0, 0.0, 1.0, -0.9776454634310779, 0.21026019079377112, 0.0, -0.21026019079377112,
  -0.9776454634310779, 0.0]
- [0.0, 0.0, 1.0, -0.977732385929591, 0.20985562061672178, 0.0, -0.20985562061672178,
  -0.977732385929591, 0.0]
- [0.0, 0.0, 1.0, -0.9293080860705278, 0.3693054036484339, 0.0, -0.3693054036484339,
  -0.9293080860705278, 0.0]
- [0.0, 0.0, 1.0, -0.9325436373544927, 0.36105728690839645, 0.0, -0.36105728690839645,
  -0.9325436373544927, 0.0]
- [0.0, 0.0, 1.0, -0.9346950136280904, 0.35545074412467326, 0.0, -0.35545074412467326,
  -0.9346950136280904, 0.0]
- [0.0, 0.0, 1.0, -0.9352585900808383, 0.35396520970287804, 0.0, -0.35396520970287804,
  -0.9352585900808383, 0.0]
- [0.0, 0.0, 1.0, -0.9375394089451763, 0.3478790834107874, 0.0, -0.3478790834107874,
  -0.9375394089451763, 0.0]
- [0.0, 0.0, 1.0, -0.9422136594730112, 0.3350125667829147, 0.0, -0.3350125667829147,
  -0.9422136594730112, 0.0]
- [0.0, 0.0, 1.0, -0.9405062898605399, 0.3397762774720478, 0.0, -0.3397762774720478,
  -0.9405062898605399, 0.0]
- [0.0, 0.0, 1.0, -0.9440672449535233, 0.32975299393009944, 0.0, -0.32975299393009944,
  -0.9440672449535233, 0.0]
- [0.0, 0.0, 1.0, -0.9467878803707103, 0.3218582134778255, 0.0, -0.3218582134778255,
  -0.9467878803707103, 0.0]
- [0.0, 0.0, 1.0, -0.9492865705565137, 0.3144121609624113, 0.0, -0.3144121609624113,
  -0.9492865705565137, 0.0]
- [0.0, 0.0, 1.0, -0.9502823454910359, 0.31138956926662703, 0.0, -0.31138956926662703,
  -0.9502823454910359, 0.0]
- [0.0, 0.0, 1.0, -0.9523757339312039, 0.3049269771912624, 0.0, -0.3049269771912624,
  -0.9523757339312039, 0.0]
- [0.0, 0.0, 1.0, -0.9522668895645291, 0.3052667211457825, 0.0, -0.3052667211457825,
  -0.9522668895645291, 0.0]
- [0.0, 0.0, 1.0, -0.9550902002713709, 0.29631521956455864, 0.0, -0.29631521956455864,
  -0.9550902002713709, 0.0]
- [0.0, 0.0, 1.0, -0.9590277876730865, 0.28331202316679965, 0.0, -0.28331202316679965,
  -0.9590277876730865, 0.0]
- [0.0, 0.0, 1.0, -0.9588385548887364, 0.2839518016475326, 0.0, -0.2839518016475326,
  -0.9588385548887364, 0.0]
- [0.0, 0.0, 1.0, -0.9626699451771498, 0.2706779944004012, 0.0, -0.2706779944004012,
  -0.9626699451771498, 0.0]
- [0.0, 0.0, 1.0, -0.964118627926879, 0.26547178999734106, 0.0, -0.26547178999734106,
  -0.964118627926879, 0.0]
- [0.0, 0.0, 1.0, -0.9637134595372359, 0.2669388842165421, 0.0, -0.2669388842165421,
  -0.9637134595372359, 0.0]
- [0.0, 0.0, 1.0, -0.9674699296452213, 0.2529860376231669, 0.0, -0.2529860376231669,
  -0.9674699296452213, 0.0]
- [0.0, 0.0, 1.0, -0.9694724933404572, 0.245200091060826, 0.0, -0.245200091060826,
  -0.9694724933404572, 0.0]
- [0.0, 0.0, 1.0, -0.971589871086865, 0.23667091583337602, 0.0, -0.23667091583337602,
  -0.971589871086865, 0.0]
- [0.0, 0.0, 1.0, -0.9726436276462639, 0.2323023323152741, 0.0, -0.2323023323152741,
  -0.9726436276462639, 0.0]
- [0.0, 0.0, 1.0, -0.9750845211788948, 0.2218336686739093, 0.0, -0.2218336686739093,
  -0.9750845211788948, 0.0]
- [0.0, 0.0, 1.0, -0.974432727241173, 0.22467946074648176, 0.0, -0.22467946074648176,
  -0.974432727241173, 0.0]
- [0.0, 0.0, 1.0, -0.9773981979890008, 0.21140662848608516, 0.0, -0.21140662848608516,
  -0.9773981979890008, 0.0]
- [0.0, 0.0, 1.0, -0.9807800353303912, 0.19511668892567066, 0.0, -0.19511668892567066,
  -0.9807800353303912, 0.0]
- [0.0, 0.0, 1.0, -0.9803821856632001, 0.1971059868046803, 0.0, -0.1971059868046803,
  -0.9803821856632001, 0.0]
- [0.0, 0.0, 1.0, -0.9820146465318759, 0.18880475099126884, 0.0, -0.18880475099126884,
  -0.9820146465318759, 0.0]
- [0.0, 0.0, 1.0, -0.9852616641251365, 0.17105394823086315, 0.0, -0.17105394823086315,
  -0.9852616641251365, 0.0]
- [0.0, 0.0, 1.0, -0.9843926952850452, 0.17598585587894233, 0.0, -0.17598585587894233,
  -0.9843926952850452, 0.0]
- [0.0, 0.0, 1.0, -0.9870650779528758, 0.1603200919594398, 0.0, -0.1603200919594398,
  -0.9870650779528758, 0.0]
- [0.0, 0.0, 1.0, -0.9892661444333612, 0.1461249310622663, 0.0, -0.1461249310622663,
  -0.9892661444333612, 0.0]
- [0.0, 0.0, 1.0, -0.9904533447459162, 0.13784836553846896, 0.0, -0.13784836553846896,
  -0.9904533447459162, 0.0]
- [0.0, 0.0, 1.0, -0.9917605063344326, 0.12810580812465203, 0.0, -0.12810580812465203,
  -0.9917605063344326, 0.0]
- [0.0, 0.0, 1.0, -0.9940447691046365, 0.10897245989565432, 0.0, -0.10897245989565432,
  -0.9940447691046365, 0.0]
- [0.0, 0.0, 1.0, -0.994181209470455, 0.10772057712370187, 0.0, -0.10772057712370187,
  -0.994181209470455, 0.0]
- [0.0, 0.0, 1.0, -0.9957485905503415, 0.0921126724018368, 0.0, -0.0921126724018368,
  -0.9957485905503415, 0.0]
- [0.0, 0.0, 1.0, -0.9964867257166345, 0.08375085355111714, 0.0, -0.08375085355111714,
  -0.9964867257166345, 0.0]
- [0.0, 0.0, 1.0, -0.9973757540475385, 0.07239893119448682, 0.0, -0.07239893119448682,
  -0.9973757540475385, 0.0]
- [0.0, 0.0, 1.0, -0.9971256726167723, 0.07576538133309584, 0.0, -0.07576538133309584,
  -0.9971256726167723, 0.0]
- [0.0, 0.0, 1.0, -0.9988127956106706, 0.0487134409008103, 0.0, -0.0487134409008103,
  -0.9988127956106706, 0.0]
- [0.0, 0.0, 1.0, -0.9995559261388267, 0.029798498632520085, 0.0, -0.029798498632520085,
  -0.9995559261388267, 0.0]
- [0.0, 0.0, 1.0, -0.9999132140867986, 0.013174380236208188, 0.0, -0.013174380236208188,
  -0.9999132140867986, 0.0]
- [0.0, 0.0, 1.0, -0.9999992779492757, 0.0012017075049392152, 0.0, -0.0012017075049392152,
  -0.9999992779492757, 0.0]
- [0.0, 0.0, 1.0, -0.9999108094414909, -0.013355641581836388, 0.0, 0.013355641581836388,
  -0.9999108094414909, 0.0]
- [0.0, 0.0, 1.0, -0.9998231289963342, -0.01880719872760912, 0.0, 0.01880719872760912,
  -0.9998231289963342, 0.0]
- [0.0, 0.0, 1.0, -0.9986318351023642, -0.052292044520026636, 0.0, 0.052292044520026636,
  -0.9986318351023642, 0.0]
- [0.0, 0.0, 1.0, -0.9984037734706109, -0.05647924503430569, 0.0, 0.05647924503430569,
  -0.9984037734706109, 0.0]
- [0.0, 0.0, 1.0, -0.9979037889722727, -0.0647149747336866, 0.0, 0.0647149747336866,
  -0.9979037889722727, 0.0]
- [0.0, 0.0, 1.0, -0.9961637965075977, -0.0875082311989539, 0.0, 0.0875082311989539,
  -0.9961637965075977, 0.0]
- [0.0, 0.0, 1.0, -0.9946957616447261, -0.10286078828211807, 0.0, 0.10286078828211807,
  -0.9946957616447261, 0.0]
- [0.0, 0.0, 1.0, -0.9922720077004977, -0.12408167767250491, 0.0, 0.12408167767250491,
  -0.9922720077004977, 0.0]
- [0.0, 0.0, 1.0, -0.9882693350570672, -0.1527210574408857, 0.0, 0.1527210574408857,
  -0.9882693350570672, 0.0]
- [0.0, 0.0, 1.0, -0.9844133176247578, -0.17587046393018305, 0.0, 0.17587046393018305,
  -0.9844133176247578, 0.0]
- [0.0, 0.0, 1.0, -0.9845376513845694, -0.17517309441280085, 0.0, 0.17517309441280085,
  -0.9845376513845694, 0.0]
- [0.0, 0.0, 1.0, -0.9800751048171884, -0.19862726126485572, 0.0, 0.19862726126485572,
  -0.9800751048171884, 0.0]
- [0.0, 0.0, 1.0, -0.9763345247288207, -0.21626579901257656, 0.0, 0.21626579901257656,
  -0.9763345247288207, 0.0]
- [0.0, 0.0, 1.0, -0.970703535261907, -0.24028035007057008, 0.0, 0.24028035007057008,
  -0.970703535261907, 0.0]
- [0.0, 0.0, 1.0, -0.9659446908270639, -0.2587486314224826, 0.0, 0.2587486314224826,
  -0.9659446908270639, 0.0]
- [0.0, 0.0, 1.0, -0.9601103178573739, -0.2796214897746818, 0.0, 0.2796214897746818,
  -0.9601103178573739, 0.0]
- [0.0, 0.0, 1.0, -0.9545797866004421, -0.29795541782933654, 0.0, 0.29795541782933654,
  -0.9545797866004421, 0.0]
- [0.0, 0.0, 1.0, -0.9454260067719706, -0.325836869797151, 0.0, 0.325836869797151,
  -0.9454260067719706, 0.0]
- [0.0, 0.0, 1.0, -0.9388540217412897, -0.34431544528267344, 0.0, 0.34431544528267344,
  -0.9388540217412897, 0.0]
- [0.0, 0.0, 1.0, -0.9280612924352946, -0.37242749292087807, 0.0, 0.37242749292087807,
  -0.9280612924352946, 0.0]
- [0.0, 0.0, 1.0, -0.9198163418992539, -0.392349203102383, 0.0, 0.392349203102383,
  -0.9198163418992539, 0.0]
- [0.0, 0.0, 1.0, -0.909326064507783, -0.4160842563793866, 0.0, 0.4160842563793866,
  -0.909326064507783, 0.0]
- [0.0, 0.0, 1.0, -0.8948382379703131, -0.4463905553057604, 0.0, 0.4463905553057604,
  -0.8948382379703131, 0.0]
- [0.0, 0.0, 1.0, -0.8829734210550281, -0.46942298379007835, 0.0, 0.46942298379007835,
  -0.8829734210550281, 0.0]
- [0.0, 0.0, 1.0, -0.8731060411705373, -0.48753034866714917, 0.0, 0.48753034866714917,
  -0.8731060411705373, 0.0]
- [0.0, 0.0, 1.0, -0.8565271965178517, -0.5161018907398709, 0.0, 0.5161018907398709,
  -0.8565271965178517, 0.0]
- [0.0, 0.0, 1.0, -0.8433372386215066, -0.5373846871229698, 0.0, 0.5373846871229698,
  -0.8433372386215066, 0.0]
- [0.0, 0.0, 1.0, -0.8230017426273957, -0.5680388469394236, 0.0, 0.5680388469394236,
  -0.8230017426273957, 0.0]
- [0.0, 0.0, 1.0, -0.8083444424793672, -0.5887098286190922, 0.0, 0.5887098286190922,
  -0.8083444424793672, 0.0]
- [0.0, 0.0, 1.0, -0.7887806517652027, -0.6146747785625027, 0.0, 0.6146747785625027,
  -0.7887806517652027, 0.0]
- [0.0, 0.0, 1.0, -0.7693690582908173, -0.638804549251726, 0.0, 0.638804549251726,
  -0.7693690582908173, 0.0]
- [0.0, 0.0, 1.0, -0.7471655844495696, -0.6646379385907286, 0.0, 0.6646379385907286,
  -0.7471655844495696, 0.0]
- [0.0, 0.0, 1.0, -0.7203834991193498, -0.6935759613745, 0.0, 0.6935759613745, -0.7203834991193498,
  0.0]
- [0.0, 0.0, 1.0, -0.6961090271728839, -0.7179360850997958, 0.0, 0.7179360850997958,
  -0.6961090271728839, 0.0]
- [0.0, 0.0, 1.0, -0.6673241245960553, -0.7447674219057308, 0.0, 0.7447674219057308,
  -0.6673241245960553, 0.0]
- [0.0, 0.0, 1.0, -0.6424965457635232, -0.766288580550396, 0.0, 0.766288580550396,
  -0.6424965457635232, 0.0]
- [0.0, 0.0, 1.0, -0.6140605660154291, -0.7892589063576102, 0.0, 0.7892589063576102,
  -0.6140605660154291, 0.0]
- [0.0, 0.0, 1.0, -0.5880043806060198, -0.80885774298583, 0.0, 0.80885774298583, -0.5880043806060198,
  0.0]
- [0.0, 0.0, 1.0, -0.5511858563937573, -0.8343824972466047, 0.0, 0.8343824972466047,
  -0.5511858563937573, 0.0]
- [0.0, 0.0, 1.0, -0.5237888578411362, -0.8518481275447393, 0.0, 0.8518481275447393,
  -0.5237888578411362, 0.0]
- [0.0, 0.0, 1.0, -0.4887369799837949, -0.8724311803210151, 0.0, 0.8724311803210151,
  -0.4887369799837949, 0.0]
- [0.0, 0.0, 1.0, -0.4496515695766713, -0.8932040449848151, 0.0, 0.8932040449848151,
  -0.4496515695766713, 0.0]
- [0.0, 0.0, 1.0, -0.4135370068190987, -0.9104873112740784, 0.0, 0.9104873112740784,
  -0.4135370068190987, 0.0]
- [0.0, 0.0, 1.0, -0.3877954308966058, -0.9217454658286723, 0.0, 0.9217454658286723,
  -0.3877954308966058, 0.0]
- [0.0, 0.0, 1.0, -0.34587780366138915, -0.9382795665122275, 0.0, 0.9382795665122275,
  -0.34587780366138915, 0.0]
- [0.0, 0.0, 1.0, -0.31148785127256856, -0.9502501347064352, 0.0, 0.9502501347064352,
  -0.31148785127256856, 0.0]
- [0.0, 0.0, 1.0, -0.2606451277195194, -0.9654346779539646, 0.0, 0.9654346779539646,
  -0.2606451277195194, 0.0]
- [0.0, 0.0, 1.0, -0.20197041832254106, -0.9793916224486597, 0.0, 0.9793916224486597,
  -0.20197041832254106, 0.0]
- [0.0, 0.0, 1.0, -0.15605705879935988, -0.9877480419615587, 0.0, 0.9877480419615587,
  -0.15605705879935988, 0.0]
- [0.0, 0.0, 1.0, -0.3107272424224356, -0.950499121944123, 0.0, 0.950499121944123,
  -0.3107272424224356, 0.0]
- [0.0, 0.0, 1.0, -0.29320117107681853, -0.9560507691954346, 0.0, 0.9560507691954346,
  -0.29320117107681853, 0.0]
- [0.0, 0.0, 1.0, -0.08257572336349871, -0.9965847931365373, 0.0, 0.9965847931365373,
  -0.08257572336349871, 0.0]
- [0.0, 0.0, 1.0, -0.032494980905279525, -0.9994718986624714, 0.0, 0.9994718986624714,
  -0.032494980905279525, 0.0]
- [0.0, 0.0, 1.0, 0.04298548178497342, -0.9990756970098481, 0.0, 0.9990756970098481,
  0.04298548178497342, 0.0]
- [0.0, 0.0, 1.0, 0.08624473867914255, -0.996273980915976, 0.0, 0.996273980915976,
  0.08624473867914255, 0.0]
- [0.0, 0.0, 1.0, 0.2974254554929616, -0.9547450436764803, 0.0, 0.9547450436764803,
  0.2974254554929616, 0.0]
- [0.0, 0.0, 1.0, 0.32812930843131144, -0.9446328159387589, 0.0, 0.9446328159387589,
  0.32812930843131144, 0.0]
- [0.0, 0.0, 1.0, 0.1854663431628551, -0.9826506172357488, 0.0, 0.9826506172357488,
  0.1854663431628551, 0.0]
- [0.0, 0.0, 1.0, 0.2367941478473184, -0.9715598445516685, 0.0, 0.9715598445516685,
  0.2367941478473184, 0.0]
- [0.0, 0.0, 1.0, 0.2862518292865591, -0.9581544187812833, 0.0, 0.9581544187812833,
  0.2862518292865591, 0.0]
- [0.0, 0.0, 1.0, 0.3356064319743956, -0.9420022944862796, 0.0, 0.9420022944862796,
  0.3356064319743956, 0.0]
- [0.0, 0.0, 1.0, 0.374590247950623, -0.9271904583958416, 0.0, 0.9271904583958416,
  0.374590247950623, 0.0]
- [0.0, 0.0, 1.0, 0.4102921464957584, -0.9119541405815882, 0.0, 0.9119541405815882,
  0.4102921464957584, 0.0]
- [0.0, 0.0, 1.0, 0.44233677191869686, -0.8968490286600899, 0.0, 0.8968490286600899,
  0.44233677191869686, 0.0]
- [0.0, 0.0, 1.0, 0.48334766972776205, -0.8754284837545224, 0.0, 0.8754284837545224,
  0.48334766972776205, 0.0]
- [0.0, 0.0, 1.0, 0.5242967173820658, -0.8515356434949686, 0.0, 0.8515356434949686,
  0.5242967173820658, 0.0]
- [0.0, 0.0, 1.0, 0.5589135765622399, -0.8292259124836882, 0.0, 0.8292259124836882,
  0.5589135765622399, 0.0]
- [0.0, 0.0, 1.0, 0.5893921372511881, -0.8078470824026516, 0.0, 0.8078470824026516,
  0.5893921372511881, 0.0]
- [0.0, 0.0, 1.0, 0.6262834296106158, -0.7795954500862385, 0.0, 0.7795954500862385,
  0.6262834296106158, 0.0]
- [0.0, 0.0, 1.0, 0.6501671913006072, -0.7597911708859743, 0.0, 0.7597911708859743,
  0.6501671913006072, 0.0]
- [0.0, 0.0, 1.0, 0.6755044523328853, -0.737355907875192, 0.0, 0.737355907875192,
  0.6755044523328853, 0.0]
- [0.0, 0.0, 1.0, 0.7043121227043818, -0.7098904378928116, 0.0, 0.7098904378928116,
  0.7043121227043818, 0.0]
