nodes:
- [7.11061464 0.49209755 0.00000000]
- [7.05459147 0.51832734 0.00000000]
- [6.99146225 0.55011687 0.00000000]
- [6.92756828 0.58004628 0.00000000]
- [6.86270781 0.60831075 0.00000000]
- [6.79747249 0.63625005 0.00000000]
- [6.73217801 0.66399582 0.00000000]
- [6.66668208 0.69115203 0.00000000]
- [6.60086661 0.71785458 0.00000000]
- [6.53520622 0.74489393 0.00000000]
- [6.46933314 0.77129563 0.00000000]
- [6.40348521 0.79771934 0.00000000]
- [6.33735699 0.82340479 0.00000000]
- [6.27111743 0.84907781 0.00000000]
- [6.20492452 0.87473254 0.00000000]
- [6.13861224 0.89995390 0.00000000]
- [6.07208849 0.92486762 0.00000000]
- [6.00150945 0.93855516 0.00000000]
- [5.92994501 0.95139864 0.00000000]
- [5.86238511 0.97560511 0.00000000]
- [5.79463494 0.99935261 0.00000000]
- [5.72680290 1.02303131 0.00000000]
- [5.65902678 1.04636156 0.00000000]
- [5.59085401 1.06912608 0.00000000]
- [5.52296537 1.09217051 0.00000000]
- [5.45470988 1.11399048 0.00000000]
- [5.38625283 1.13611983 0.00000000]
- [5.31798522 1.15787490 0.00000000]
- [5.24952406 1.17888073 0.00000000]
- [5.18078647 1.19951775 0.00000000]
- [5.11197252 1.21993181 0.00000000]
- [5.04301876 1.23996723 0.00000000]
- [4.97400833 1.25987211 0.00000000]
- [4.90503588 1.27941178 0.00000000]
- [4.83597786 1.29834557 0.00000000]
- [4.76664827 1.31671967 0.00000000]
- [4.69729597 1.33488206 0.00000000]
- [4.62925489 1.35197445 0.00000000]
- [4.56114640 1.36909434 0.00000000]
- [4.49315816 1.38570968 0.00000000]
- [4.42496163 1.40157119 0.00000000]
- [4.35656467 1.41709893 0.00000000]
- [4.28817475 1.43223703 0.00000000]
- [4.21952233 1.44673617 0.00000000]
- [4.15078048 1.46128565 0.00000000]
- [4.08229482 1.47541833 0.00000000]
- [4.01361201 1.48848372 0.00000000]
- [3.94450513 1.50121624 0.00000000]
- [3.87564239 1.51400506 0.00000000]
- [3.80666575 1.52562304 0.00000000]
- [3.73738850 1.53708179 0.00000000]
- [3.66831846 1.54823318 0.00000000]
- [3.59919098 1.55833117 0.00000000]
- [3.52980925 1.56784083 0.00000000]
- [3.46051511 1.57684938 0.00000000]
- [3.39098077 1.58474868 0.00000000]
- [3.32134189 1.59253233 0.00000000]
- [3.25174757 1.59946791 0.00000000]
- [3.18204483 1.60584343 0.00000000]
- [3.11231477 1.61156056 0.00000000]
- [3.04263036 1.61660467 0.00000000]
- [2.97295832 1.62066522 0.00000000]
- [2.90315309 1.62392506 0.00000000]
- [2.81439566 1.62716512 0.00000000]
- [2.74511122 1.62900095 0.00000000]
- [2.67557482 1.62923764 0.00000000]
- [2.60598320 1.62961613 0.00000000]
- [2.53682033 1.62858376 0.00000000]
- [2.46728372 1.62629049 0.00000000]
- [2.39771300 1.62391375 0.00000000]
- [2.32845666 1.62041815 0.00000000]
- [2.25934186 1.61596875 0.00000000]
- [2.19021813 1.61009267 0.00000000]
- [2.12119381 1.60364896 0.00000000]
- [2.05240222 1.59563336 0.00000000]
- [1.97004308 1.58498103 0.00000000]
- [1.90122339 1.57493772 0.00000000]
- [1.83256354 1.56334679 0.00000000]
- [1.76406802 1.55093520 0.00000000]
- [1.69593748 1.53684056 0.00000000]
- [1.62788581 1.52177301 0.00000000]
- [1.56025747 1.50547162 0.00000000]
- [1.49311704 1.48783991 0.00000000]
- [1.42647347 1.46849482 0.00000000]
- [1.36012571 1.44768245 0.00000000]
- [1.29428680 1.42567815 0.00000000]
- [1.22921937 1.40194168 0.00000000]
- [1.16472275 1.37647814 0.00000000]
- [1.10083237 1.34953279 0.00000000]
- [1.03776031 1.32092953 0.00000000]
- [0.97542207 1.29059925 0.00000000]
- [0.91397785 1.25892253 0.00000000]
- [0.85377193 1.22503705 0.00000000]
- [0.79438030 1.18962034 0.00000000]
- [0.73633990 1.15230654 0.00000000]
- [0.67944672 1.11313824 0.00000000]
- [0.62401877 1.07241294 0.00000000]
- [0.57057999 1.02927113 0.00000000]
- [0.51862690 0.98424802 0.00000000]
- [0.46872322 0.93709900 0.00000000]
- [0.42060586 0.88794003 0.00000000]
- [0.37440990 0.83717411 0.00000000]
- [0.33074699 0.78446503 0.00000000]
- [0.28951434 0.72981704 0.00000000]
- [0.25087557 0.67341286 0.00000000]
- [0.21516373 0.61528675 0.00000000]
- [0.18246591 0.55515116 0.00000000]
- [0.15215479 0.49386244 0.00000000]
- [0.12544851 0.43117200 0.00000000]
- [0.10203478 0.36767167 0.00000000]
- [0.08378780 0.30299428 0.00000000]
- [0.05695437 0.23889658 0.00000000]
- [0.03211123 0.16754694 0.00000000]
- [0.02249601 0.09352524 0.00000000]
- [0.01646387 0.01961300 0.00000000]
- [0.01705621 -0.05427037 0.00000000]
- [0.02351529 -0.12823900 0.00000000]
- [0.03346745 -0.20207391 0.00000000]
- [0.05996434 -0.27245312 0.00000000]
- [0.08912844 -0.33504685 0.00000000]
- [0.10964351 -0.39892189 0.00000000]
- [0.13486315 -0.46152512 0.00000000]
- [0.16342667 -0.52313995 0.00000000]
- [0.19523215 -0.58331899 0.00000000]
- [0.22956528 -0.64193082 0.00000000]
- [0.26716154 -0.69820459 0.00000000]
- [0.30810050 -0.75266018 0.00000000]
- [0.35090021 -0.80540287 0.00000000]
- [0.39714881 -0.85524613 0.00000000]
- [0.44550006 -0.90395386 0.00000000]
- [0.49547634 -0.95084885 0.00000000]
- [0.54710039 -0.99566893 0.00000000]
- [0.60071354 -1.03828893 0.00000000]
- [0.65575648 -1.07915873 0.00000000]
- [0.71249335 -1.11786958 0.00000000]
- [0.77028851 -1.15506337 0.00000000]
- [0.82950496 -1.19005403 0.00000000]
- [0.88980976 -1.22374378 0.00000000]
- [0.95071781 -1.25587413 0.00000000]
- [1.01273565 -1.28591382 0.00000000]
- [1.07562949 -1.31467682 0.00000000]
- [1.13912843 -1.34202728 0.00000000]
- [1.20313539 -1.36784798 0.00000000]
- [1.26810482 -1.39197577 0.00000000]
- [1.33325539 -1.41545201 0.00000000]
- [1.39853465 -1.43833908 0.00000000]
- [1.45119847 -1.45624649 0.00000000]
- [1.51671236 -1.47501940 0.00000000]
- [1.58226159 -1.49320359 0.00000000]
- [1.64819611 -1.50949810 0.00000000]
- [1.71466119 -1.52496338 0.00000000]
- [1.78109049 -1.53957794 0.00000000]
- [1.84778559 -1.55251388 0.00000000]
- [1.91507449 -1.56443484 0.00000000]
- [1.98207497 -1.57599294 0.00000000]
- [2.04935318 -1.58525518 0.00000000]
- [2.11712020 -1.59399759 0.00000000]
- [2.18482180 -1.60186747 0.00000000]
- [2.24894249 -1.60818677 0.00000000]
- [2.31332496 -1.61218206 0.00000000]
- [2.38394488 -1.61570244 0.00000000]
- [2.45459958 -1.61892537 0.00000000]
- [2.52564899 -1.62131559 0.00000000]
- [2.59652791 -1.62311482 0.00000000]
- [2.66740179 -1.62343446 0.00000000]
- [2.73827038 -1.62307145 0.00000000]
- [2.80896696 -1.62123931 0.00000000]
- [2.87987704 -1.61819126 0.00000000]
- [2.95073757 -1.61453695 0.00000000]
- [3.02148076 -1.60960542 0.00000000]
- [3.09214318 -1.60393299 0.00000000]
- [3.16283943 -1.59688894 0.00000000]
- [3.23321802 -1.58966349 0.00000000]
- [3.30331757 -1.58008540 0.00000000]
- [3.37386798 -1.57023190 0.00000000]
- [3.44402638 -1.55969863 0.00000000]
- [3.51393065 -1.54799127 0.00000000]
- [3.58367927 -1.53536331 0.00000000]
- [3.65342143 -1.52151522 0.00000000]
- [3.72289672 -1.50753042 0.00000000]
- [3.79213657 -1.49156770 0.00000000]
- [3.86146181 -1.47602922 0.00000000]
- [3.93012191 -1.45857398 0.00000000]
- [3.99911398 -1.44078756 0.00000000]
- [4.06778711 -1.42239915 0.00000000]
- [4.13614491 -1.40330909 0.00000000]
- [4.20434123 -1.38315620 0.00000000]
- [4.27261384 -1.36266801 0.00000000]
- [4.34052332 -1.34158334 0.00000000]
- [4.40807519 -1.31968468 0.00000000]
- [4.47561665 -1.29673463 0.00000000]
- [4.54317909 -1.27399617 0.00000000]
- [4.61025359 -1.25019656 0.00000000]
- [4.67734545 -1.22619647 0.00000000]
- [4.74396296 -1.20143514 0.00000000]
- [4.81049105 -1.17584217 0.00000000]
- [4.87720563 -1.14999875 0.00000000]
- [4.94373816 -1.12431862 0.00000000]
- [5.00990676 -1.09776728 0.00000000]
- [5.07623177 -1.07117421 0.00000000]
- [5.14224384 -1.04427886 0.00000000]
- [5.20814699 -1.01679822 0.00000000]
- [5.27419585 -0.98927837 0.00000000]
- [5.34030153 -0.96165180 0.00000000]
- [5.40651609 -0.93434758 0.00000000]
- [5.47257879 -0.90693696 0.00000000]
- [5.53868394 -0.87950876 0.00000000]
- [5.60482691 -0.85206489 0.00000000]
- [5.67120850 -0.82467388 0.00000000]
- [5.73801937 -0.79784891 0.00000000]
- [5.80500152 -0.77178284 0.00000000]
- [5.87198978 -0.74601611 0.00000000]
- [5.94342751 -0.73208311 0.00000000]
- [6.01441085 -0.71862197 0.00000000]
- [6.08143034 -0.69445295 0.00000000]
- [6.14867485 -0.67104233 0.00000000]
- [6.21612946 -0.64806308 0.00000000]
- [6.28404077 -0.62626531 0.00000000]
- [6.35223563 -0.60541336 0.00000000]
- [6.42080727 -0.58566304 0.00000000]
- [6.48975605 -0.56724249 0.00000000]
- [6.55910078 -0.54998730 0.00000000]
- [6.62888375 -0.53481775 0.00000000]
- [6.69880013 -0.52047939 0.00000000]
- [6.76911672 -0.50789730 0.00000000]
- [6.83988427 -0.49664019 0.00000000]
- [6.91117515 -0.48893833 0.00000000]
- [6.98250332 -0.48302637 0.00000000]
- [7.05408505 -0.47963369 0.00000000]
- [7.11313638 -0.48400377 0.00000000]
- [4.21698109 -1.31346291 0.00000000]
- [4.22962096 -1.24376962 0.00000000]
- [4.24226082 -1.17407634 0.00000000]
- [4.25490069 -1.10438305 0.00000000]
- [4.26754055 -1.03468976 0.00000000]
- [4.28018042 -0.96499647 0.00000000]
- [4.29282028 -0.89530318 0.00000000]
- [4.30546015 -0.82560989 0.00000000]
- [4.31810001 -0.75591660 0.00000000]
- [4.33073988 -0.68622331 0.00000000]
- [4.34337975 -0.61653003 0.00000000]
- [4.35601961 -0.54683674 0.00000000]
- [4.36865948 -0.47714345 0.00000000]
- [4.38129934 -0.40745016 0.00000000]
- [4.39393921 -0.33775687 0.00000000]
- [4.40657907 -0.26806358 0.00000000]
- [4.41921894 -0.19837029 0.00000000]
- [4.43185880 -0.12867701 0.00000000]
- [4.44449867 -0.05898372 0.00000000]
- [4.45713853 0.01070957 0.00000000]
- [4.46977840 0.08040286 0.00000000]
- [4.48241826 0.15009615 0.00000000]
- [4.49505813 0.21978944 0.00000000]
- [4.50769799 0.28948273 0.00000000]
- [4.52033786 0.35917602 0.00000000]
- [4.53297772 0.42886930 0.00000000]
- [4.54561759 0.49856259 0.00000000]
- [4.55825745 0.56825588 0.00000000]
- [4.57089732 0.63794917 0.00000000]
- [4.58353718 0.70764246 0.00000000]
- [4.59617705 0.77733575 0.00000000]
- [4.60881692 0.84702904 0.00000000]
- [4.62145678 0.91672232 0.00000000]
- [4.63409665 0.98641561 0.00000000]
- [4.64673651 1.05610890 0.00000000]
- [4.65937638 1.12580219 0.00000000]
- [4.67201624 1.19549548 0.00000000]
- [4.68465611 1.26518877 0.00000000]
- [1.46486219 -1.38688558 0.00000000]
- [1.47852591 -1.31752468 0.00000000]
- [1.49218963 -1.24816377 0.00000000]
- [1.50585336 -1.17880286 0.00000000]
- [1.51951708 -1.10944196 0.00000000]
- [1.53318080 -1.04008105 0.00000000]
- [1.54684452 -0.97072015 0.00000000]
- [1.56050824 -0.90135924 0.00000000]
- [1.57417196 -0.83199834 0.00000000]
- [1.58783569 -0.76263743 0.00000000]
- [1.60149941 -0.69327653 0.00000000]
- [1.61516313 -0.62391562 0.00000000]
- [1.62882685 -0.55455471 0.00000000]
- [1.64249057 -0.48519381 0.00000000]
- [1.65615429 -0.41583290 0.00000000]
- [1.66981802 -0.34647200 0.00000000]
- [1.68348174 -0.27711109 0.00000000]
- [1.69714546 -0.20775019 0.00000000]
- [1.71080918 -0.13838928 0.00000000]
- [1.72447290 -0.06902838 0.00000000]
- [1.73813662 0.00033253 0.00000000]
- [1.75180035 0.06969344 0.00000000]
- [1.76546407 0.13905434 0.00000000]
- [1.77912779 0.20841525 0.00000000]
- [1.79279151 0.27777615 0.00000000]
- [1.80645523 0.34713706 0.00000000]
- [1.82011895 0.41649796 0.00000000]
- [1.83378268 0.48585887 0.00000000]
- [1.84744640 0.55521978 0.00000000]
- [1.86111012 0.62458068 0.00000000]
- [1.87477384 0.69394159 0.00000000]
- [1.88843756 0.76330249 0.00000000]
- [1.90210128 0.83266340 0.00000000]
- [1.91576501 0.90202430 0.00000000]
- [1.92942873 0.97138521 0.00000000]
- [1.94309245 1.04074611 0.00000000]
- [1.95675617 1.11010702 0.00000000]
- [1.97041989 1.17946793 0.00000000]
- [1.98408361 1.24882883 0.00000000]
- [1.99774734 1.31818974 0.00000000]
- [2.01141106 1.38755064 0.00000000]
- [2.02507478 1.45691155 0.00000000]
- [2.03873850 1.52627245 0.00000000]
- [2.19850819 -1.53167111 0.00000000]
- [2.21219458 -1.46147475 0.00000000]
- [2.22588097 -1.39127839 0.00000000]
- [2.23956736 -1.32108203 0.00000000]
- [2.25325374 -1.25088567 0.00000000]
- [2.26694013 -1.18068931 0.00000000]
- [2.28062652 -1.11049295 0.00000000]
- [2.29431291 -1.04029659 0.00000000]
- [2.30799930 -0.97010023 0.00000000]
- [2.32168568 -0.89990386 0.00000000]
- [2.33537207 -0.82970750 0.00000000]
- [2.34905846 -0.75951114 0.00000000]
- [2.36274485 -0.68931478 0.00000000]
- [2.37643124 -0.61911842 0.00000000]
- [2.39011763 -0.54892206 0.00000000]
- [2.40380401 -0.47872570 0.00000000]
- [2.41749040 -0.40852934 0.00000000]
- [2.43117679 -0.33833298 0.00000000]
- [2.44486318 -0.26813662 0.00000000]
- [2.45854957 -0.19794026 0.00000000]
- [2.47223595 -0.12774390 0.00000000]
- [2.48592234 -0.05754754 0.00000000]
- [2.49960873 0.01264882 0.00000000]
- [2.51329512 0.08284518 0.00000000]
- [2.52698151 0.15304155 0.00000000]
- [2.54066789 0.22323791 0.00000000]
- [2.55435428 0.29343427 0.00000000]
- [2.56804067 0.36363063 0.00000000]
- [2.58172706 0.43382699 0.00000000]
- [2.59541345 0.50402335 0.00000000]
- [2.60909984 0.57421971 0.00000000]
- [2.62278622 0.64441607 0.00000000]
- [2.63647261 0.71461243 0.00000000]
- [2.65015900 0.78480879 0.00000000]
- [2.66384539 0.85500515 0.00000000]
- [2.67753178 0.92520151 0.00000000]
- [2.69121816 0.99539787 0.00000000]
- [2.70490455 1.06559423 0.00000000]
- [2.71859094 1.13579059 0.00000000]
- [2.73227733 1.20598696 0.00000000]
- [2.74596372 1.27618332 0.00000000]
- [2.75965010 1.34637968 0.00000000]
- [2.77333649 1.41657604 0.00000000]
- [2.78702288 1.48677240 0.00000000]
- [2.80070927 1.55696876 0.00000000]
elements:
- [1 2]
- [2 3]
- [3 4]
- [4 5]
- [5 6]
- [6 7]
- [7 8]
- [8 9]
- [9 10]
- [10 11]
- [11 12]
- [12 13]
- [13 14]
- [14 15]
- [15 16]
- [16 17]
- [17 18]
- [18 19]
- [19 20]
- [20 21]
- [21 22]
- [22 23]
- [23 24]
- [24 25]
- [25 26]
- [26 27]
- [27 28]
- [28 29]
- [29 30]
- [30 31]
- [31 32]
- [32 33]
- [33 34]
- [34 35]
- [35 36]
- [36 37]
- [37 38]
- [38 39]
- [39 40]
- [40 41]
- [41 42]
- [42 43]
- [43 44]
- [44 45]
- [45 46]
- [46 47]
- [47 48]
- [48 49]
- [49 50]
- [50 51]
- [51 52]
- [52 53]
- [53 54]
- [54 55]
- [55 56]
- [56 57]
- [57 58]
- [58 59]
- [59 60]
- [60 61]
- [61 62]
- [62 63]
- [63 64]
- [64 65]
- [65 66]
- [66 67]
- [67 68]
- [68 69]
- [69 70]
- [70 71]
- [71 72]
- [72 73]
- [73 74]
- [74 75]
- [75 76]
- [76 77]
- [77 78]
- [78 79]
- [79 80]
- [80 81]
- [81 82]
- [82 83]
- [83 84]
- [84 85]
- [85 86]
- [86 87]
- [87 88]
- [88 89]
- [89 90]
- [90 91]
- [91 92]
- [92 93]
- [93 94]
- [94 95]
- [95 96]
- [96 97]
- [97 98]
- [98 99]
- [99 100]
- [100 101]
- [101 102]
- [102 103]
- [103 104]
- [104 105]
- [105 106]
- [106 107]
- [107 108]
- [108 109]
- [109 110]
- [110 111]
- [111 112]
- [112 113]
- [113 114]
- [114 115]
- [115 116]
- [116 117]
- [117 118]
- [118 119]
- [119 120]
- [120 121]
- [121 122]
- [122 123]
- [123 124]
- [124 125]
- [125 126]
- [126 127]
- [127 128]
- [128 129]
- [129 130]
- [130 131]
- [131 132]
- [132 133]
- [133 134]
- [134 135]
- [135 136]
- [136 137]
- [137 138]
- [138 139]
- [139 140]
- [140 141]
- [141 142]
- [142 143]
- [143 144]
- [144 145]
- [145 146]
- [146 147]
- [147 148]
- [148 149]
- [149 150]
- [150 151]
- [151 152]
- [152 153]
- [153 154]
- [154 155]
- [155 156]
- [156 157]
- [157 158]
- [158 159]
- [159 160]
- [160 161]
- [161 162]
- [162 163]
- [163 164]
- [164 165]
- [165 166]
- [166 167]
- [167 168]
- [168 169]
- [169 170]
- [170 171]
- [171 172]
- [172 173]
- [173 174]
- [174 175]
- [175 176]
- [176 177]
- [177 178]
- [178 179]
- [179 180]
- [180 181]
- [181 182]
- [182 183]
- [183 184]
- [184 185]
- [185 186]
- [186 187]
- [187 188]
- [188 189]
- [189 190]
- [190 191]
- [191 192]
- [192 193]
- [193 194]
- [194 195]
- [195 196]
- [196 197]
- [197 198]
- [198 199]
- [199 200]
- [200 201]
- [201 202]
- [202 203]
- [203 204]
- [204 205]
- [205 206]
- [206 207]
- [207 208]
- [208 209]
- [209 210]
- [210 211]
- [211 212]
- [212 213]
- [213 214]
- [214 215]
- [215 216]
- [216 217]
- [217 218]
- [218 219]
- [219 220]
- [220 221]
- [221 222]
- [222 223]
- [223 224]
- [224 225]
- [225 226]
- [226 227]
- [227 228]
- [228 229]
- [229 230]
- [230 1]
- [187 231]
- [231 232]
- [232 233]
- [233 234]
- [234 235]
- [235 236]
- [236 237]
- [237 238]
- [238 239]
- [239 240]
- [240 241]
- [241 242]
- [242 243]
- [243 244]
- [244 245]
- [245 246]
- [246 247]
- [247 248]
- [248 249]
- [249 250]
- [250 251]
- [251 252]
- [252 253]
- [253 254]
- [254 255]
- [255 256]
- [256 257]
- [257 258]
- [258 259]
- [259 260]
- [260 261]
- [261 262]
- [262 263]
- [263 264]
- [264 265]
- [265 266]
- [266 267]
- [267 268]
- [268 37]
- [147 269]
- [269 270]
- [270 271]
- [271 272]
- [272 273]
- [273 274]
- [274 275]
- [275 276]
- [276 277]
- [277 278]
- [278 279]
- [279 280]
- [280 281]
- [281 282]
- [282 283]
- [283 284]
- [284 285]
- [285 286]
- [286 287]
- [287 288]
- [288 289]
- [289 290]
- [290 291]
- [291 292]
- [292 293]
- [293 294]
- [294 295]
- [295 296]
- [296 297]
- [297 298]
- [298 299]
- [299 300]
- [300 301]
- [301 302]
- [302 303]
- [303 304]
- [304 305]
- [305 306]
- [306 307]
- [307 308]
- [308 309]
- [309 310]
- [310 311]
- [311 75]
- [158 312]
- [312 313]
- [313 314]
- [314 315]
- [315 316]
- [316 317]
- [317 318]
- [318 319]
- [319 320]
- [320 321]
- [321 322]
- [322 323]
- [323 324]
- [324 325]
- [325 326]
- [326 327]
- [327 328]
- [328 329]
- [329 330]
- [330 331]
- [331 332]
- [332 333]
- [333 334]
- [334 335]
- [335 336]
- [336 337]
- [337 338]
- [338 339]
- [339 340]
- [340 341]
- [341 342]
- [342 343]
- [343 344]
- [344 345]
- [345 346]
- [346 347]
- [347 348]
- [348 349]
- [349 350]
- [350 351]
- [351 352]
- [352 353]
- [353 354]
- [354 355]
- [355 356]
- [356 64]
sets:
  element:
  - name: layup_0
    labels:
    - 1
    - 2
    - 3
    - 4
    - 5
    - 6
    - 7
    - 8
    - 9
    - 10
    - 11
    - 12
    - 13
    - 14
    - 15
    - 16
    - 17
    - 213
    - 214
    - 215
    - 216
    - 217
    - 218
    - 219
    - 220
    - 221
    - 222
    - 223
    - 224
    - 225
    - 226
    - 227
    - 228
    - 229
    - 230
  - name: layup_1
    labels:
    - 18
    - 19
    - 20
    - 21
    - 22
    - 23
    - 24
    - 25
    - 26
    - 27
    - 28
    - 29
    - 30
    - 31
    - 32
    - 33
    - 34
    - 35
    - 36
    - 37
    - 38
    - 39
    - 40
    - 41
    - 42
    - 43
    - 44
    - 45
    - 46
    - 47
    - 48
    - 49
    - 50
    - 51
    - 52
    - 53
    - 54
    - 55
    - 56
    - 57
    - 58
    - 59
    - 60
    - 61
    - 62
    - 76
    - 77
    - 78
    - 79
    - 80
    - 81
    - 82
    - 83
    - 84
    - 85
    - 86
    - 87
    - 88
    - 89
    - 90
    - 91
    - 92
    - 93
    - 94
    - 95
    - 96
    - 97
    - 98
    - 99
    - 100
    - 101
    - 102
    - 103
    - 104
    - 105
    - 106
    - 107
    - 108
    - 109
    - 110
    - 111
    - 119
    - 120
    - 121
    - 122
    - 123
    - 124
    - 125
    - 126
    - 127
    - 128
    - 129
    - 130
    - 131
    - 132
    - 133
    - 134
    - 135
    - 136
    - 137
    - 138
    - 139
    - 140
    - 141
    - 142
    - 143
    - 144
    - 145
    - 160
    - 161
    - 162
    - 163
    - 164
    - 165
    - 166
    - 167
    - 168
    - 169
    - 170
    - 171
    - 172
    - 173
    - 174
    - 175
    - 176
    - 177
    - 178
    - 179
    - 180
    - 181
    - 182
    - 183
    - 184
    - 185
    - 186
    - 187
    - 188
    - 189
    - 190
    - 191
    - 192
    - 193
    - 194
    - 195
    - 196
    - 197
    - 198
    - 199
    - 200
    - 201
    - 202
    - 203
    - 204
    - 205
    - 206
    - 207
    - 208
    - 209
    - 210
    - 211
    - 212
  - name: layup_2
    labels:
    - 63
    - 64
    - 65
    - 66
    - 67
    - 68
    - 69
    - 70
    - 71
    - 72
    - 73
    - 74
    - 75
  - name: layup_3
    labels:
    - 112
    - 113
    - 114
    - 115
    - 116
    - 117
    - 118
  - name: layup_4
    labels:
    - 146
    - 147
    - 148
    - 149
    - 150
    - 151
    - 152
    - 153
    - 154
    - 155
    - 156
    - 157
    - 158
    - 159
  - name: layup_5
    labels:
    - 231
    - 232
    - 233
    - 234
    - 235
    - 236
    - 237
    - 238
    - 239
    - 240
    - 241
    - 242
    - 243
    - 244
    - 245
    - 246
    - 247
    - 248
    - 249
    - 250
    - 251
    - 252
    - 253
    - 254
    - 255
    - 256
    - 257
    - 258
    - 259
    - 260
    - 261
    - 262
    - 263
    - 264
    - 265
    - 266
    - 267
    - 268
    - 269
    - 270
    - 271
    - 272
    - 273
    - 274
    - 275
    - 276
    - 277
    - 278
    - 279
    - 280
    - 281
    - 282
    - 283
    - 284
    - 285
    - 286
    - 287
    - 288
    - 289
    - 290
    - 291
    - 292
    - 293
    - 294
    - 295
    - 296
    - 297
    - 298
    - 299
    - 300
    - 301
    - 302
    - 303
    - 304
    - 305
    - 306
    - 307
    - 308
    - 309
    - 310
    - 311
    - 312
    - 313
    - 314
    - 315
    - 316
    - 317
    - 318
    - 319
    - 320
    - 321
    - 322
    - 323
    - 324
    - 325
    - 326
    - 327
    - 328
    - 329
    - 330
    - 331
    - 332
    - 333
    - 334
    - 335
    - 336
    - 337
    - 338
    - 339
    - 340
    - 341
    - 342
    - 343
    - 344
    - 345
    - 346
    - 347
    - 348
    - 349
    - 350
    - 351
    - 352
    - 353
    - 354
    - 355
    - 356
    - 357
    - 358
    - 359
sections:
- type: shell
  elementSet: layup_0
  layup:
  - - gelcoat
    - 0.0005
    - 0.0
  - - glass_triax
    - 0.00300897
    - 0.0
  - - glass_uniax
    - 0.02865274
    - 0.0
  - - glass_triax
    - 0.00300897
    - 0.0
- type: shell
  elementSet: layup_1
  layup:
  - - gelcoat
    - 0.0005
    - 0.0
  - - glass_triax
    - 0.00300897
    - 0.0
  - - medium_density_foam
    - 0.07756809
    - 0.0
  - - glass_triax
    - 0.00300897
    - 0.0
- type: shell
  elementSet: layup_2
  layup:
  - - gelcoat
    - 0.0005
    - 0.0
  - - glass_triax
    - 0.00300897
    - 0.0
  - - carbon_uniax
    - 0.07714184
    - 0.0
  - - glass_triax
    - 0.00300897
    - 0.0
- type: shell
  elementSet: layup_3
  layup:
  - - gelcoat
    - 0.0005
    - 0.0
  - - glass_triax
    - 0.00300897
    - 0.0
  - - glass_uniax
    - 0.02382115
    - 0.0
  - - glass_triax
    - 0.00300897
    - 0.0
- type: shell
  elementSet: layup_4
  layup:
  - - gelcoat
    - 0.0005
    - 0.0
  - - glass_triax
    - 0.00300897
    - 0.0
  - - carbon_uniax
    - 0.07156331
    - 0.0
  - - glass_triax
    - 0.00300897
    - 0.0
- type: shell
  elementSet: layup_5
  layup:
  - - glass_biax
    - 0.002
    - 0.0
  - - medium_density_foam
    - 0.04465278
    - 0.0
  - - glass_biax
    - 0.002
    - 0.0
elementOrientations:
- [0.0, 0.0, 1.0, -0.9056518664531266, 0.42402204752815426, 0.0, -0.42402204752815426,
  -0.9056518664531266, 0.0]
- [0.0, 0.0, 1.0, -0.8931507058550346, 0.44975750869846903, 0.0, -0.44975750869846903,
  -0.8931507058550346, 0.0]
- [0.0, 0.0, 1.0, -0.9055726578463866, 0.4241911849166967, 0.0, -0.4241911849166967,
  -0.9055726578463866, 0.0]
- [0.0, 0.0, 1.0, -0.9167375885914258, 0.3994899168484452, 0.0, -0.3994899168484452,
  -0.9167375885914258, 0.0]
- [0.0, 0.0, 1.0, -0.9192404156722078, 0.3936966575865061, 0.0, -0.3936966575865061,
  -0.9192404156722078, 0.0]
- [0.0, 0.0, 1.0, -0.9203531431349969, 0.39108834286070404, 0.0, -0.39108834286070404,
  -0.9203531431349969, 0.0]
- [0.0, 0.0, 1.0, -0.9237453362631005, 0.3830072502344719, 0.0, -0.3830072502344719,
  -0.9237453362631005, 0.0]
- [0.0, 0.0, 1.0, -0.9266382112198963, 0.37595428645939244, 0.0, -0.37595428645939244,
  -0.9266382112198963, 0.0]
- [0.0, 0.0, 1.0, -0.924664615252094, 0.38078254857687116, 0.0, -0.38078254857687116,
  -0.924664615252094, 0.0]
- [0.0, 0.0, 1.0, -0.9282215294277378, 0.37202794559929403, 0.0, -0.37202794559929403,
  -0.9282215294277378, 0.0]
- [0.0, 0.0, 1.0, -0.92806527503662, 0.37241756842448104, 0.0, -0.37241756842448104,
  -0.92806527503662, 0.0]
- [0.0, 0.0, 1.0, -0.9321525681212425, 0.3620657257252785, 0.0, -0.3620657257252785,
  -0.9321525681212425, 0.0]
- [0.0, 0.0, 1.0, -0.93241684070988, 0.36138460836151604, 0.0, -0.36138460836151604,
  -0.93241684070988, 0.0]
- [0.0, 0.0, 1.0, -0.9324178403553843, 0.36138202914229306, 0.0, -0.36138202914229306,
  -0.9324178403553843, 0.0]
- [0.0, 0.0, 1.0, -0.9346773526843939, 0.35549718195633173, 0.0, -0.35549718195633173,
  -0.9346773526843939, 0.0]
- [0.0, 0.0, 1.0, -0.9364803801675692, 0.3507199702914066, 0.0, -0.3507199702914066,
  -0.9364803801675692, 0.0]
- [0.0, 0.0, 1.0, -0.9817094961001153, 0.19038504475629825, 0.0, -0.19038504475629825,
  -0.9817094961001153, 0.0]
- [0.0, 0.0, 1.0, -0.9842746100349885, 0.17664510194305227, 0.0, -0.17664510194305227,
  -0.9842746100349885, 0.0]
- [0.0, 0.0, 1.0, -0.9413974425947721, 0.3372993552855128, 0.0, -0.3372993552855128,
  -0.9413974425947721, 0.0]
- [0.0, 0.0, 1.0, -0.9437064863876303, 0.3307840194899283, 0.0, -0.3307840194899283,
  -0.9437064863876303, 0.0]
- [0.0, 0.0, 1.0, -0.9441293842379365, 0.3295750382211838, 0.0, -0.3295750382211838,
  -0.9441293842379365, 0.0]
- [0.0, 0.0, 1.0, -0.9455483327654661, 0.3254817205381086, 0.0, -0.3254817205381086,
  -0.9455483327654661, 0.0]
- [0.0, 0.0, 1.0, -0.9485151494301762, 0.3167317655389978, 0.0, -0.3167317655389978,
  -0.9485151494301762, 0.0]
- [0.0, 0.0, 1.0, -0.9469328989156129, 0.3214313067379614, 0.0, -0.3214313067379614,
  -0.9469328989156129, 0.0]
- [0.0, 0.0, 1.0, -0.9525123555891664, 0.30449993834149996, 0.0, -0.30449993834149996,
  -0.9525123555891664, 0.0]
- [0.0, 0.0, 1.0, -0.9515198697192411, 0.307587284407985, 0.0, -0.307587284407985,
  -0.9515198697192411, 0.0]
- [0.0, 0.0, 1.0, -0.9527903832983712, 0.30362886143142426, 0.0, -0.30362886143142426,
  -0.9527903832983712, 0.0]
- [0.0, 0.0, 1.0, -0.9560108467656208, 0.2933313158639575, 0.0, -0.2933313158639575,
  -0.9560108467656208, 0.0]
- [0.0, 0.0, 1.0, -0.957765883356071, 0.28754914828454103, 0.0, -0.28754914828454103,
  -0.957765883356071, 0.0]
- [0.0, 0.0, 1.0, -0.9587041801605357, 0.284405159838416, 0.0, -0.284405159838416,
  -0.9587041801605357, 0.0]
- [0.0, 0.0, 1.0, -0.9602843451917212, 0.27902325419166635, 0.0, -0.27902325419166635,
  -0.9602843451917212, 0.0]
- [0.0, 0.0, 1.0, -0.9608309027449919, 0.27713530329108854, 0.0, -0.27713530329108854,
  -0.9608309027449919, 0.0]
- [0.0, 0.0, 1.0, -0.9621359790860913, 0.2725699135048636, 0.0, -0.2725699135048636,
  -0.9621359790860913, 0.0]
- [0.0, 0.0, 1.0, -0.9644091961648799, 0.2644142627632073, 0.0, -0.2644142627632073,
  -0.9644091961648799, 0.0]
- [0.0, 0.0, 1.0, -0.9666287911975061, 0.2561811469020471, 0.0, -0.2561811469020471,
  -0.9666287911975061, 0.0]
- [0.0, 0.0, 1.0, -0.9673767130126636, 0.25334224898507346, 0.0, -0.25334224898507346,
  -0.9673767130126636, 0.0]
- [0.0, 0.0, 1.0, -0.9698664495502013, 0.24363716883285058, 0.0, -0.24363716883285058,
  -0.9698664495502013, 0.0]
- [0.0, 0.0, 1.0, -0.9698308842583747, 0.24377870279952465, 0.0, -0.24377870279952465,
  -0.9698308842583747, 0.0]
- [0.0, 0.0, 1.0, -0.971412207419881, 0.237399080191213, 0.0, -0.237399080191213,
  -0.971412207419881, 0.0]
- [0.0, 0.0, 1.0, -0.9740022019580591, 0.22653854104953558, 0.0, -0.22653854104953558,
  -0.9740022019580591, 0.0]
- [0.0, 0.0, 1.0, -0.9751852671210479, 0.22139036742832907, 0.0, -0.22139036742832907,
  -0.9751852671210479, 0.0]
- [0.0, 0.0, 1.0, -0.9763670926709567, 0.216118718183464, 0.0, -0.216118718183464,
  -0.9763670926709567, 0.0]
- [0.0, 0.0, 1.0, -0.9784174206438617, 0.20663821277927397, 0.0, -0.20663821277927397,
  -0.9784174206438617, 0.0]
- [0.0, 0.0, 1.0, -0.9783268514599702, 0.20706658762924848, 0.0, -0.20706658762924848,
  -0.9783268514599702, 0.0]
- [0.0, 0.0, 1.0, -0.9793646044598578, 0.2021013892361611, 0.0, -0.2021013892361611,
  -0.9793646044598578, 0.0]
- [0.0, 0.0, 1.0, -0.9823833543313201, 0.1868768180720772, 0.0, -0.1868768180720772,
  -0.9823833543313201, 0.0]
- [0.0, 0.0, 1.0, -0.9834473487042283, 0.1811941288414831, 0.0, -0.1811941288414831,
  -0.9834473487042283, 0.0]
- [0.0, 0.0, 1.0, -0.9831886700278918, 0.18259254948870524, 0.0, -0.18259254948870524,
  -0.9831886700278918, 0.0]
- [0.0, 0.0, 1.0, -0.9861099317643454, 0.16609395677061223, 0.0, -0.16609395677061223,
  -0.9861099317643454, 0.0]
- [0.0, 0.0, 1.0, -0.9865951531641841, 0.16318702078578454, 0.0, -0.16318702078578454,
  -0.9865951531641841, 0.0]
- [0.0, 0.0, 1.0, -0.9872162459873097, 0.15938658556705296, 0.0, -0.15938658556705296,
  -0.9872162459873097, 0.0]
- [0.0, 0.0, 1.0, -0.9894984094602667, 0.1445437569582385, 0.0, -0.1445437569582385,
  -0.9894984094602667, 0.0]
- [0.0, 0.0, 1.0, -0.9907371969700671, 0.13579324924271563, 0.0, -0.13579324924271563,
  -0.9907371969700671, 0.0]
- [0.0, 0.0, 1.0, -0.9916550459282076, 0.1289196256786539, 0.0, -0.1289196256786539,
  -0.9916550459282076, 0.0]
- [0.0, 0.0, 1.0, -0.9936089839201829, 0.11287686686430354, 0.0, -0.11287686686430354,
  -0.9936089839201829, 0.0]
- [0.0, 0.0, 1.0, -0.993811476315878, 0.11107992412157659, 0.0, -0.11107992412157659,
  -0.993811476315878, 0.0]
- [0.0, 0.0, 1.0, -0.9950708988691005, 0.09916605378777751, 0.0, -0.09916605378777751,
  -0.9950708988691005, 0.0]
- [0.0, 0.0, 1.0, -0.9958429421596976, 0.09108696147483014, 0.0, -0.09108696147483014,
  -0.9958429421596976, 0.0]
- [0.0, 0.0, 1.0, -0.996655711763331, 0.08171531196494389, 0.0, -0.08171531196494389,
  -0.996655711763331, 0.0]
- [0.0, 0.0, 1.0, -0.997390451414914, 0.07219617321128795, 0.0, -0.07219617321128795,
  -0.997390451414914, 0.0]
- [0.0, 0.0, 1.0, -0.998305980219625, 0.058182212554471376, 0.0, -0.058182212554471376,
  -0.998305980219625, 0.0]
- [0.0, 0.0, 1.0, -0.9989113832317381, 0.04664813447562554, 0.0, -0.04664813447562554,
  -0.9989113832317381, 0.0]
- [0.0, 0.0, 1.0, -0.9993343685134591, 0.036480404435886446, 0.0, -0.036480404435886446,
  -0.9993343685134591, 0.0]
- [0.0, 0.0, 1.0, -0.9996491409093082, 0.02648764012293442, 0.0, -0.02648764012293442,
  -0.9996491409093082, 0.0]
- [0.0, 0.0, 1.0, -0.9999942069142411, 0.0034038416470429803, 0.0, -0.0034038416470429803,
  -0.9999942069142411, 0.0]
- [0.0, 0.0, 1.0, -0.9999852106057965, 0.005438618361359815, 0.0, -0.005438618361359815,
  -0.9999852106057965, 0.0]
- [0.0, 0.0, 1.0, -0.9998886177805306, -0.01492487966250601, 0.0, 0.01492487966250601,
  -0.9998886177805306, 0.0]
- [0.0, 0.0, 1.0, -0.999456623587401, -0.032961455782054117, 0.0, 0.032961455782054117,
  -0.999456623587401, 0.0]
- [0.0, 0.0, 1.0, -0.9994169575183237, -0.034143008432433154, 0.0, 0.034143008432433154,
  -0.9994169575183237, 0.0]
- [0.0, 0.0, 1.0, -0.9987286484046126, -0.050409194160344596, 0.0, 0.050409194160344596,
  -0.9987286484046126, 0.0]
- [0.0, 0.0, 1.0, -0.9979342218407463, -0.06424397932183355, 0.0, 0.06424397932183355,
  -0.9979342218407463, 0.0]
- [0.0, 0.0, 1.0, -0.9964062732065643, -0.08470264880513242, 0.0, 0.08470264880513242,
  -0.9964062732065643, 0.0]
- [0.0, 0.0, 1.0, -0.9956707764097708, -0.09295001346726268, 0.0, 0.09295001346726268,
  -0.9956707764097708, 0.0]
- [0.0, 0.0, 1.0, -0.9932798880073253, -0.11573704713770507, 0.0, 0.11573704713770507,
  -0.9932798880073253, 0.0]
- [0.0, 0.0, 1.0, -0.9917390825427503, -0.12827155630639145, 0.0, 0.12827155630639145,
  -0.9917390825427503, 0.0]
- [0.0, 0.0, 1.0, -0.9895184027896963, -0.14440682304007757, 0.0, 0.14440682304007757,
  -0.9895184027896963, 0.0]
- [0.0, 0.0, 1.0, -0.9860479585857848, -0.16646147713151674, 0.0, 0.16646147713151674,
  -0.9860479585857848, 0.0]
- [0.0, 0.0, 1.0, -0.9839763013447994, -0.17829929442319356, 0.0, 0.17829929442319356,
  -0.9839763013447994, 0.0]
- [0.0, 0.0, 1.0, -0.9792641995753393, -0.20258733284702196, 0.0, 0.20258733284702196,
  -0.9792641995753393, 0.0]
- [0.0, 0.0, 1.0, -0.9763540125303526, -0.21617780231994244, 0.0, 0.21617780231994244,
  -0.9763540125303526, 0.0]
- [0.0, 0.0, 1.0, -0.9721565658514015, -0.23433226724463202, 0.0, 0.23433226724463202,
  -0.9721565658514015, 0.0]
- [0.0, 0.0, 1.0, -0.967204981270777, -0.2539970948751103, 0.0, 0.2539970948751103,
  -0.967204981270777, 0.0]
- [0.0, 0.0, 1.0, -0.9603579707396367, -0.2787697401743007, 0.0, 0.2787697401743007,
  -0.9603579707396367, 0.0]
- [0.0, 0.0, 1.0, -0.9541571931158602, -0.29930594852969916, 0.0, 0.29930594852969916,
  -0.9541571931158602, 0.0]
- [0.0, 0.0, 1.0, -0.9484323971152465, -0.3169794758375174, 0.0, 0.3169794758375174,
  -0.9484323971152465, 0.0]
- [0.0, 0.0, 1.0, -0.9394424026040195, -0.34270683125608586, 0.0, 0.34270683125608586,
  -0.9394424026040195, 0.0]
- [0.0, 0.0, 1.0, -0.9301337979107533, -0.36722080276601676, 0.0, 0.36722080276601676,
  -0.9301337979107533, 0.0]
- [0.0, 0.0, 1.0, -0.9214076040264301, -0.3885975131704696, 0.0, 0.3885975131704696,
  -0.9214076040264301, 0.0]
- [0.0, 0.0, 1.0, -0.9107243346330924, -0.4130147531349345, 0.0, 0.4130147531349345,
  -0.9107243346330924, 0.0]
- [0.0, 0.0, 1.0, -0.8992148429518884, -0.4375073327557047, 0.0, 0.4375073327557047,
  -0.8992148429518884, 0.0]
- [0.0, 0.0, 1.0, -0.8888353060295714, -0.45822679838189095, 0.0, 0.45822679838189095,
  -0.8888353060295714, 0.0]
- [0.0, 0.0, 1.0, -0.8714540275428045, -0.49047719404619067, 0.0, 0.49047719404619067,
  -0.8714540275428045, 0.0]
- [0.0, 0.0, 1.0, -0.8588822912979427, -0.5121730271058753, 0.0, 0.5121730271058753,
  -0.8588822912979427, 0.0]
- [0.0, 0.0, 1.0, -0.8411645408516841, -0.540779266627129, 0.0, 0.540779266627129,
  -0.8411645408516841, 0.0]
- [0.0, 0.0, 1.0, -0.8236751828506979, -0.5670618953481795, 0.0, 0.5670618953481795,
  -0.8236751828506979, 0.0]
- [0.0, 0.0, 1.0, -0.805862938600963, -0.5921021231083541, 0.0, 0.5921021231083541,
  -0.805862938600963, 0.0]
- [0.0, 0.0, 1.0, -0.7780854782040552, -0.6281584104411615, 0.0, 0.6281584104411615,
  -0.7780854782040552, 0.0]
- [0.0, 0.0, 1.0, -0.7557099519623676, -0.6549064578281667, 0.0, 0.6549064578281667,
  -0.7557099519623676, 0.0]
- [0.0, 0.0, 1.0, -0.7268839275776914, -0.6867603336166334, 0.0, 0.6867603336166334,
  -0.7268839275776914, 0.0]
- [0.0, 0.0, 1.0, -0.6994951827368805, -0.7146373131371592, 0.0, 0.7146373131371592,
  -0.6994951827368805, 0.0]
- [0.0, 0.0, 1.0, -0.6730326585296679, -0.7396127639193955, 0.0, 0.7396127639193955,
  -0.6730326585296679, 0.0]
- [0.0, 0.0, 1.0, -0.637928434798481, -0.7700956512509081, 0.0, 0.7700956512509081,
  -0.637928434798481, 0.0]
- [0.0, 0.0, 1.0, -0.6023034255101728, -0.7982672382220829, 0.0, 0.7982672382220829,
  -0.6023034255101728, 0.0]
- [0.0, 0.0, 1.0, -0.565146437345544, -0.8249906086469343, 0.0, 0.8249906086469343,
  -0.565146437345544, 0.0]
- [0.0, 0.0, 1.0, -0.523479855793898, -0.8520380511326944, 0.0, 0.8520380511326944,
  -0.523479855793898, 0.0]
- [0.0, 0.0, 1.0, -0.47768735571014437, -0.8785299028460272, 0.0, 0.8785299028460272,
  -0.47768735571014437, 0.0]
- [0.0, 0.0, 1.0, -0.44331032143283317, -0.896368204986722, 0.0, 0.896368204986722,
  -0.44331032143283317, 0.0]
- [0.0, 0.0, 1.0, -0.3919216946076004, -0.9199985789640692, 0.0, 0.9199985789640692,
  -0.3919216946076004, 0.0]
- [0.0, 0.0, 1.0, -0.345950843001793, -0.9382526388059609, 0.0, 0.9382526388059609,
  -0.345950843001793, 0.0]
- [0.0, 0.0, 1.0, -0.271524107051419, -0.9624316387619067, 0.0, 0.9624316387619067,
  -0.271524107051419, 0.0]
- [0.0, 0.0, 1.0, -0.3861605558507276, -0.9224315828857211, 0.0, 0.9224315828857211,
  -0.3861605558507276, 0.0]
- [0.0, 0.0, 1.0, -0.3288261286872127, -0.9443904791412187, 0.0, 0.9443904791412187,
  -0.3288261286872127, 0.0]
- [0.0, 0.0, 1.0, -0.12881507841620154, -0.9916686319394336, 0.0, 0.9916686319394336,
  -0.12881507841620154, 0.0]
- [0.0, 0.0, 1.0, -0.0813417808946104, -0.9966862669270071, 0.0, 0.9966862669270071,
  -0.0813417808946104, 0.0]
- [0.0, 0.0, 1.0, 0.008016978932754975, -0.9999678635080188, 0.0, 0.9999678635080188,
  0.008016978932754975, 0.0]
- [0.0, 0.0, 1.0, 0.08699080837611323, -0.9962091142215425, 0.0, 0.9962091142215425,
  0.08699080837611323, 0.0]
- [0.0, 0.0, 1.0, 0.1335814066203195, -0.991037843780618, 0.0, 0.991037843780618,
  0.1335814066203195, 0.0]
- [0.0, 0.0, 1.0, 0.3523436589568139, -0.9358706887134165, 0.0, 0.9358706887134165,
  0.3523436589568139, 0.0]
- [0.0, 0.0, 1.0, 0.4223345852859913, -0.9064400134985823, 0.0, 0.9064400134985823,
  0.4223345852859913, 0.0]
- [0.0, 0.0, 1.0, 0.3057904130193216, -0.9520988516459163, 0.0, 0.9520988516459163,
  0.3057904130193216, 0.0]
- [0.0, 0.0, 1.0, 0.37366767247372046, -0.927562650470615, 0.0, 0.927562650470615,
  0.37366767247372046, 0.0]
- [0.0, 0.0, 1.0, 0.420585948246715, -0.9072526991623732, 0.0, 0.9072526991623732,
  0.420585948246715, 0.0]
- [0.0, 0.0, 1.0, 0.4672677482342029, -0.8841158586181663, 0.0, 0.8841158586181663,
  0.4672677482342029, 0.0]
- [0.0, 0.0, 1.0, 0.5054397876432012, -0.8628618783253759, 0.0, 0.8628618783253759,
  0.5054397876432012, 0.0]
- [0.0, 0.0, 1.0, 0.5555224414348783, -0.8315015436318999, 0.0, 0.8315015436318999,
  0.5555224414348783, 0.0]
- [0.0, 0.0, 1.0, 0.6009133824564504, -0.7993141477446447, 0.0, 0.7993141477446447,
  0.6009133824564504, 0.0]
- [0.0, 0.0, 1.0, 0.6301160656373797, -0.776500961896165, 0.0, 0.776500961896165,
  0.6301160656373797, 0.0]
- [0.0, 0.0, 1.0, 0.680179131658123, -0.7330459391175982, 0.0, 0.7330459391175982,
  0.680179131658123, 0.0]
- [0.0, 0.0, 1.0, 0.7045050597612834, -0.7096989648933909, 0.0, 0.7096989648933909,
  0.7045050597612834, 0.0]
- [0.0, 0.0, 1.0, 0.729229626228046, -0.6842690642074245, 0.0, 0.6842690642074245,
  0.729229626228046, 0.0]
- [0.0, 0.0, 1.0, 0.7551151846337615, -0.6555921429787885, 0.0, 0.6555921429787885,
  0.7551151846337615, 0.0]
- [0.0, 0.0, 1.0, 0.7827918441568623, -0.6222836400882629, 0.0, 0.6222836400882629,
  0.7827918441568623, 0.0]
- [0.0, 0.0, 1.0, 0.8028781705791406, -0.5961431398644896, 0.0, 0.5961431398644896,
  0.8028781705791406, 0.0]
- [0.0, 0.0, 1.0, 0.8260469024062915, -0.5636013795449498, 0.0, 0.5636013795449498,
  0.8260469024062915, 0.0]
- [0.0, 0.0, 1.0, 0.840915209981977, -0.541166896272275, 0.0, 0.541166896272275, 0.840915209981977,
  0.0]
- [0.0, 0.0, 1.0, 0.860932145942152, -0.5087198050827597, 0.0, 0.5087198050827597,
  0.860932145942152, 0.0]
- [0.0, 0.0, 1.0, 0.8730050315695903, -0.4877112002550064, 0.0, 0.4877112002550064,
  0.8730050315695903, 0.0]
- [0.0, 0.0, 1.0, 0.8844780605360067, -0.4665817832175452, 0.0, 0.4665817832175452,
  0.8844780605360067, 0.0]
- [0.0, 0.0, 1.0, 0.8999824991687991, -0.4359260271994351, 0.0, 0.4359260271994351,
  0.8999824991687991, 0.0]
- [0.0, 0.0, 1.0, 0.9094113919466467, -0.41589772805061437, 0.0, 0.41589772805061437,
  0.9094113919466467, 0.0]
- [0.0, 0.0, 1.0, 0.9184280436955617, -0.3955880793875661, 0.0, 0.3955880793875661,
  0.9184280436955617, 0.0]
- [0.0, 0.0, 1.0, 0.9273839155926376, -0.3741110438092781, 0.0, 0.3741110438092781,
  0.9273839155926376, 0.0]
- [0.0, 0.0, 1.0, 0.9374427790177134, -0.34813939172053854, 0.0, 0.34813939172053854,
  0.9374427790177134, 0.0]
- [0.0, 0.0, 1.0, 0.9407859713178208, -0.33900111529548765, 0.0, 0.33900111529548765,
  0.9407859713178208, 0.0]
- [0.0, 0.0, 1.0, 0.9436809639255168, -0.3308568245096467, 0.0, 0.3308568245096467,
  0.9436809639255168, 0.0]
- [0.0, 0.0, 1.0, 0.9467633532212532, -0.3219303542650937, 0.0, 0.3219303542650937,
  0.9467633532212532, 0.0]
- [0.0, 0.0, 1.0, 0.9613117888616661, -0.2754626010833109, 0.0, 0.2754626010833109,
  0.9613117888616661, 0.0]
- [0.0, 0.0, 1.0, 0.9636085877732313, -0.2673172077694938, 0.0, 0.2673172077694938,
  0.9636085877732313, 0.0]
- [0.0, 0.0, 1.0, 0.9707941437596788, -0.2399140063479247, 0.0, 0.2399140063479247,
  0.9707941437596788, 0.0]
- [0.0, 0.0, 1.0, 0.9739812398057649, -0.22662864890923506, 0.0, 0.22662864890923506,
  0.9739812398057649, 0.0]
- [0.0, 0.0, 1.0, 0.9766441163316549, -0.21486337527545424, 0.0, 0.21486337527545424,
  0.9766441163316549, 0.0]
- [0.0, 0.0, 1.0, 0.9817050507862779, -0.19040796532895268, 0.0, 0.19040796532895268,
  0.9817050507862779, 0.0]
- [0.0, 0.0, 1.0, 0.9846670098982968, -0.17444448864308587, 0.0, 0.17444448864308587,
  0.9846670098982968, 0.0]
- [0.0, 0.0, 1.0, 0.9854446179576503, -0.16999677919978634, 0.0, 0.16999677919978634,
  0.9854446179576503, 0.0]
- [0.0, 0.0, 1.0, 0.9906559892551726, -0.13638442342457915, 0.0, 0.13638442342457915,
  0.9906559892551726, 0.0]
