nodes:
- [6.15960987 0.98296440 0.00000000]
- [6.12056960 1.01719822 0.00000000]
- [6.07590235 1.05890061 0.00000000]
- [6.03009118 1.09894699 0.00000000]
- [5.98313293 1.13770810 0.00000000]
- [5.93480851 1.17528999 0.00000000]
- [5.88618539 1.21298127 0.00000000]
- [5.83748329 1.25040817 0.00000000]
- [5.78850655 1.28729280 0.00000000]
- [5.73889685 1.32363689 0.00000000]
- [5.68938061 1.36033638 0.00000000]
- [5.63998377 1.39678860 0.00000000]
- [5.58996088 1.43260061 0.00000000]
- [5.54032725 1.46878169 0.00000000]
- [5.48998130 1.50377991 0.00000000]
- [5.43935974 1.53894806 0.00000000]
- [5.38900232 1.57424565 0.00000000]
- [5.33970807 1.61107426 0.00000000]
- [5.29044617 1.64810055 0.00000000]
- [5.23923262 1.68235919 0.00000000]
- [5.18839975 1.71694116 0.00000000]
- [5.13676030 1.75014905 0.00000000]
- [5.08491274 1.78334105 0.00000000]
- [5.03277418 1.81611788 0.00000000]
- [4.98063188 1.84892695 0.00000000]
- [4.92841733 1.88132358 0.00000000]
- [4.87556897 1.91294634 0.00000000]
- [4.82297707 1.94502624 0.00000000]
- [4.77012786 1.97621171 0.00000000]
- [4.71659591 2.00664406 0.00000000]
- [4.66323763 2.03749423 0.00000000]
- [4.61030686 2.06738027 0.00000000]
- [4.55695790 2.09654033 0.00000000]
- [4.50326744 2.12526170 0.00000000]
- [4.44945605 2.15375955 0.00000000]
- [4.39540285 2.18177491 0.00000000]
- [4.34113465 2.20954807 0.00000000]
- [4.28691254 2.23726291 0.00000000]
- [4.23250832 2.26424337 0.00000000]
- [4.17754480 2.29027019 0.00000000]
- [4.12243217 2.31618746 0.00000000]
- [4.06720243 2.34154333 0.00000000]
- [4.01146368 2.36605257 0.00000000]
- [3.95576020 2.39073561 0.00000000]
- [3.89994200 2.41466377 0.00000000]
- [3.84366920 2.43762706 0.00000000]
- [3.78718410 2.46019452 0.00000000]
- [3.73046536 2.48204897 0.00000000]
- [3.67341731 2.50324695 0.00000000]
- [3.61618637 2.52423465 0.00000000]
- [3.55910727 2.54505136 0.00000000]
- [3.50169438 2.56436077 0.00000000]
- [3.44356614 2.58256281 0.00000000]
- [3.38562143 2.60136317 0.00000000]
- [3.32760316 2.61888807 0.00000000]
- [3.26898613 2.63518659 0.00000000]
- [3.21044362 2.65171308 0.00000000]
- [3.15175933 2.66681204 0.00000000]
- [3.09268209 2.68073285 0.00000000]
- [3.03341064 2.69388551 0.00000000]
- [2.97180067 2.69443134 0.00000000]
- [2.88321910 2.69844427 0.00000000]
- [2.82512738 2.70786686 0.00000000]
- [2.76677768 2.71615231 0.00000000]
- [2.70829258 2.72368775 0.00000000]
- [2.64986339 2.73014340 0.00000000]
- [2.59156665 2.73531270 0.00000000]
- [2.53289211 2.73873336 0.00000000]
- [2.47412632 2.74157260 0.00000000]
- [2.41539262 2.74280222 0.00000000]
- [2.35669962 2.74320768 0.00000000]
- [2.29783625 2.74194081 0.00000000]
- [2.23937953 2.74029071 0.00000000]
- [2.18123231 2.73590213 0.00000000]
- [2.09259071 2.73965046 0.00000000]
- [2.03015042 2.74406251 0.00000000]
- [1.96921424 2.73516704 0.00000000]
- [1.90853905 2.72408483 0.00000000]
- [1.84810560 2.71198758 0.00000000]
- [1.78824970 2.69742233 0.00000000]
- [1.72853304 2.68166504 0.00000000]
- [1.66938199 2.66445021 0.00000000]
- [1.61087679 2.64516122 0.00000000]
- [1.55287422 2.62442057 0.00000000]
- [1.49568399 2.60159388 0.00000000]
- [1.43902930 2.57724633 0.00000000]
- [1.38310010 2.55131873 0.00000000]
- [1.32799685 2.52386078 0.00000000]
- [1.27392815 2.49441777 0.00000000]
- [1.22065546 2.46348939 0.00000000]
- [1.16844644 2.43076579 0.00000000]
- [1.11710437 2.39674536 0.00000000]
- [1.06705791 2.36087042 0.00000000]
- [1.01796788 2.32362774 0.00000000]
- [0.97010458 2.28486758 0.00000000]
- [0.92339749 2.24459529 0.00000000]
- [0.87753686 2.20331624 0.00000000]
- [0.83293818 2.16079103 0.00000000]
- [0.78961657 2.11691705 0.00000000]
- [0.74742304 2.07198465 0.00000000]
- [0.70661479 2.02564908 0.00000000]
- [0.66651520 1.97878767 0.00000000]
- [0.62833017 1.93045657 0.00000000]
- [0.59109571 1.88108824 0.00000000]
- [0.55460440 1.83127455 0.00000000]
- [0.51978564 1.78051074 0.00000000]
- [0.48670189 1.72847942 0.00000000]
- [0.45458268 1.67572119 0.00000000]
- [0.42377260 1.62222889 0.00000000]
- [0.39416998 1.56800407 0.00000000]
- [0.36565603 1.51323700 0.00000000]
- [0.33855789 1.45766851 0.00000000]
- [0.31210254 1.40180453 0.00000000]
- [0.28724831 1.34533506 0.00000000]
- [0.26366750 1.28818006 0.00000000]
- [0.24089284 1.23070064 0.00000000]
- [0.21945556 1.17276266 0.00000000]
- [0.19916684 1.11437003 0.00000000]
- [0.17998307 1.05563813 0.00000000]
- [0.16216129 0.99648702 0.00000000]
- [0.14546496 0.93686894 0.00000000]
- [0.12930562 0.87707877 0.00000000]
- [0.11420166 0.81716287 0.00000000]
- [0.10054973 0.75682123 0.00000000]
- [0.08744850 0.69637235 0.00000000]
- [0.07593764 0.63571601 0.00000000]
- [0.06569517 0.57483192 0.00000000]
- [0.05701981 0.51369835 0.00000000]
- [0.04958281 0.45237469 0.00000000]
- [0.04353576 0.39076527 0.00000000]
- [0.03788808 0.32907290 0.00000000]
- [0.03336027 0.26720599 0.00000000]
- [0.02869903 0.20530812 0.00000000]
- [0.02491517 0.14349451 0.00000000]
- [0.02192523 0.08161866 0.00000000]
- [0.02185454 0.01980797 0.00000000]
- [0.02363406 -0.02715147 0.00000000]
- [0.02245956 -0.07428534 0.00000000]
- [0.02238149 -0.13569703 0.00000000]
- [0.02560024 -0.19701486 0.00000000]
- [0.02951982 -0.25834978 0.00000000]
- [0.03419679 -0.31967892 0.00000000]
- [0.03926292 -0.38089224 0.00000000]
- [0.04561337 -0.44192133 0.00000000]
- [0.05276122 -0.50283767 0.00000000]
- [0.06133252 -0.56351041 0.00000000]
- [0.07106854 -0.62399025 0.00000000]
- [0.08233390 -0.68417704 0.00000000]
- [0.09492642 -0.74416877 0.00000000]
- [0.10861823 -0.80396254 0.00000000]
- [0.12337976 -0.86352287 0.00000000]
- [0.13907271 -0.92279646 0.00000000]
- [0.15611490 -0.98172797 0.00000000]
- [0.17390899 -1.04043062 0.00000000]
- [0.19304168 -1.09870229 0.00000000]
- [0.21293329 -1.15657486 0.00000000]
- [0.23497755 -1.21364329 0.00000000]
- [0.25795777 -1.27050146 0.00000000]
- [0.28218641 -1.32682823 0.00000000]
- [0.30727376 -1.38260322 0.00000000]
- [0.33448294 -1.43741250 0.00000000]
- [0.36251099 -1.49200399 0.00000000]
- [0.39157572 -1.54596950 0.00000000]
- [0.42176243 -1.59929397 0.00000000]
- [0.45305273 -1.65186762 0.00000000]
- [0.48596327 -1.70347713 0.00000000]
- [0.51984855 -1.75447414 0.00000000]
- [0.55518511 -1.80445852 0.00000000]
- [0.59147639 -1.85364767 0.00000000]
- [0.62965903 -1.90149890 0.00000000]
- [0.66837168 -1.94892557 0.00000000]
- [0.70877893 -1.99480359 0.00000000]
- [0.75021494 -2.03998837 0.00000000]
- [0.79242717 -2.08427190 0.00000000]
- [0.83603134 -2.12705331 0.00000000]
- [0.88096041 -2.16867865 0.00000000]
- [0.92655203 -2.20949213 0.00000000]
- [0.97353162 -2.24870613 0.00000000]
- [1.02111279 -2.28710796 0.00000000]
- [1.07018733 -2.32357908 0.00000000]
- [1.12000086 -2.35934400 0.00000000]
- [1.17555120 -2.38612827 0.00000000]
- [1.22307949 -2.40520046 0.00000000]
- [1.27332297 -2.43589398 0.00000000]
- [1.32475205 -2.46478947 0.00000000]
- [1.37649465 -2.49316725 0.00000000]
- [1.42886282 -2.51952445 0.00000000]
- [1.48241482 -2.54448351 0.00000000]
- [1.53614573 -2.56875409 0.00000000]
- [1.59027779 -2.59085817 0.00000000]
- [1.64579797 -2.61112039 0.00000000]
- [1.70133951 -2.63119440 0.00000000]
- [1.75693918 -2.64880468 0.00000000]
- [1.81375485 -2.66420902 0.00000000]
- [1.87117815 -2.67907633 0.00000000]
- [1.92982158 -2.69314924 0.00000000]
- [1.98749559 -2.71360134 0.00000000]
- [2.04678748 -2.73362390 0.00000000]
- [2.10802520 -2.74151171 0.00000000]
- [2.16983544 -2.74748005 0.00000000]
- [2.23160167 -2.75275323 0.00000000]
- [2.29360304 -2.75535927 0.00000000]
- [2.35551184 -2.75780391 0.00000000]
- [2.41723099 -2.75701847 0.00000000]
- [2.47920754 -2.75435497 0.00000000]
- [2.54112355 -2.75049993 0.00000000]
- [2.60289149 -2.74476159 0.00000000]
- [2.66447764 -2.73785081 0.00000000]
- [2.72583318 -2.72864660 0.00000000]
- [2.78699553 -2.71875276 0.00000000]
- [2.84755947 -2.70604361 0.00000000]
- [2.90815437 -2.69216069 0.00000000]
- [2.96846440 -2.67721024 0.00000000]
- [3.02832111 -2.66100656 0.00000000]
- [3.08760493 -2.64300689 0.00000000]
- [3.14656539 -2.62332397 0.00000000]
- [3.20530072 -2.60313741 0.00000000]
- [3.26322983 -2.58104119 0.00000000]
- [3.32099883 -2.55781534 0.00000000]
- [3.37839153 -2.53421856 0.00000000]
- [3.43493485 -2.50842795 0.00000000]
- [3.49163433 -2.48255742 0.00000000]
- [3.54763806 -2.45567402 0.00000000]
- [3.60308658 -2.42760253 0.00000000]
- [3.65821384 -2.39860309 0.00000000]
- [3.71313043 -2.36918350 0.00000000]
- [3.76752083 -2.33902403 0.00000000]
- [3.82129767 -2.30787854 0.00000000]
- [3.87461687 -2.27558036 0.00000000]
- [3.92806255 -2.24335342 0.00000000]
- [3.98090999 -2.21057189 0.00000000]
- [4.03317892 -2.17662487 0.00000000]
- [4.08579073 -2.14256135 0.00000000]
- [4.13750739 -2.10731373 0.00000000]
- [4.18909205 -2.07156245 0.00000000]
- [4.24057501 -2.03546476 0.00000000]
- [4.29210804 -1.99965194 0.00000000]
- [4.34295615 -1.96293305 0.00000000]
- [4.39390051 -1.92617229 0.00000000]
- [4.44451726 -1.88907937 0.00000000]
- [4.49486421 -1.85164421 0.00000000]
- [4.54495145 -1.81371629 0.00000000]
- [4.59519551 -1.77584682 0.00000000]
- [4.64548612 -1.73799086 0.00000000]
- [4.69595238 -1.70042856 0.00000000]
- [4.74625660 -1.66273562 0.00000000]
- [4.79658538 -1.62502431 0.00000000]
- [4.84691663 -1.58731114 0.00000000]
- [4.89733353 -1.54955941 0.00000000]
- [4.94818158 -1.51224017 0.00000000]
- [4.99944551 -1.47537096 0.00000000]
- [5.05125413 -1.43943889 0.00000000]
- [5.10300465 -1.40351574 0.00000000]
- [5.15519362 -1.36817981 0.00000000]
- [5.20607657 -1.33078850 0.00000000]
- [5.25658727 -1.29485453 0.00000000]
- [5.30894247 -1.26183819 0.00000000]
- [5.36170631 -1.22939379 0.00000000]
- [5.41515987 -1.19779020 0.00000000]
- [5.46938522 -1.16750447 0.00000000]
- [5.52420748 -1.13816872 0.00000000]
- [5.57996935 -1.11047432 0.00000000]
- [5.63643897 -1.08415459 0.00000000]
- [5.69395764 -1.05967498 0.00000000]
- [5.75233175 -1.03771137 0.00000000]
- [5.81115314 -1.01701449 0.00000000]
- [5.87098610 -0.99872033 0.00000000]
- [5.93198100 -0.98269780 0.00000000]
- [5.99419368 -0.97171435 0.00000000]
- [6.05666189 -0.96379891 0.00000000]
- [6.11972880 -0.95996842 0.00000000]
- [6.16480926 -0.96741312 0.00000000]
- [4.04231020 -2.11555068 0.00000000]
- [4.05144149 -2.05447649 0.00000000]
- [4.06057278 -1.99340230 0.00000000]
- [4.06970406 -1.93232811 0.00000000]
- [4.07883535 -1.87125392 0.00000000]
- [4.08796663 -1.81017973 0.00000000]
- [4.09709792 -1.74910554 0.00000000]
- [4.10622920 -1.68803135 0.00000000]
- [4.11536049 -1.62695716 0.00000000]
- [4.12449177 -1.56588297 0.00000000]
- [4.13362306 -1.50480878 0.00000000]
- [4.14275435 -1.44373459 0.00000000]
- [4.15188563 -1.38266040 0.00000000]
- [4.16101692 -1.32158621 0.00000000]
- [4.17014820 -1.26051202 0.00000000]
- [4.17927949 -1.19943783 0.00000000]
- [4.18841077 -1.13836364 0.00000000]
- [4.19754206 -1.07728945 0.00000000]
- [4.20667335 -1.01621526 0.00000000]
- [4.21580463 -0.95514107 0.00000000]
- [4.22493592 -0.89406688 0.00000000]
- [4.23406720 -0.83299269 0.00000000]
- [4.24319849 -0.77191850 0.00000000]
- [4.25232977 -0.71084431 0.00000000]
- [4.26146106 -0.64977012 0.00000000]
- [4.27059234 -0.58869593 0.00000000]
- [4.27972363 -0.52762174 0.00000000]
- [4.28885492 -0.46654755 0.00000000]
- [4.29798620 -0.40547336 0.00000000]
- [4.30711749 -0.34439917 0.00000000]
- [4.31624877 -0.28332498 0.00000000]
- [4.32538006 -0.22225079 0.00000000]
- [4.33451134 -0.16117660 0.00000000]
- [4.34364263 -0.10010242 0.00000000]
- [4.35277391 -0.03902823 0.00000000]
- [4.36190520 0.02204596 0.00000000]
- [4.37103649 0.08312015 0.00000000]
- [4.38016777 0.14419434 0.00000000]
- [4.38929906 0.20526853 0.00000000]
- [4.39843034 0.26634272 0.00000000]
- [4.40756163 0.32741691 0.00000000]
- [4.41669291 0.38849110 0.00000000]
- [4.42582420 0.44956529 0.00000000]
- [4.43495549 0.51063948 0.00000000]
- [4.44408677 0.57171367 0.00000000]
- [4.45321806 0.63278786 0.00000000]
- [4.46234934 0.69386205 0.00000000]
- [4.47148063 0.75493624 0.00000000]
- [4.48061191 0.81601043 0.00000000]
- [4.48974320 0.87708462 0.00000000]
- [4.49887448 0.93815881 0.00000000]
- [4.50800577 0.99923300 0.00000000]
- [4.51713706 1.06030719 0.00000000]
- [4.52626834 1.12138138 0.00000000]
- [4.53539963 1.18245557 0.00000000]
- [4.54453091 1.24352976 0.00000000]
- [4.55366220 1.30460395 0.00000000]
- [4.56279348 1.36567814 0.00000000]
- [4.57192477 1.42675233 0.00000000]
- [4.58105605 1.48782652 0.00000000]
- [4.59018734 1.54890071 0.00000000]
- [4.59931863 1.60997490 0.00000000]
- [4.60844991 1.67104909 0.00000000]
- [4.61758120 1.73212328 0.00000000]
- [4.62671248 1.79319747 0.00000000]
- [4.63584377 1.85427166 0.00000000]
- [4.64497505 1.91534585 0.00000000]
- [4.65410634 1.97642004 0.00000000]
- [1.23435187 -2.34471690 0.00000000]
- [1.24562426 -2.28423334 0.00000000]
- [1.25689665 -2.22374978 0.00000000]
- [1.26816903 -2.16326622 0.00000000]
- [1.27944142 -2.10278266 0.00000000]
- [1.29071380 -2.04229910 0.00000000]
- [1.30198619 -1.98181554 0.00000000]
- [1.31325858 -1.92133198 0.00000000]
- [1.32453096 -1.86084842 0.00000000]
- [1.33580335 -1.80036486 0.00000000]
- [1.34707573 -1.73988130 0.00000000]
- [1.35834812 -1.67939774 0.00000000]
- [1.36962051 -1.61891418 0.00000000]
- [1.38089289 -1.55843062 0.00000000]
- [1.39216528 -1.49794706 0.00000000]
- [1.40343767 -1.43746350 0.00000000]
- [1.41471005 -1.37697994 0.00000000]
- [1.42598244 -1.31649638 0.00000000]
- [1.43725482 -1.25601282 0.00000000]
- [1.44852721 -1.19552926 0.00000000]
- [1.45979960 -1.13504570 0.00000000]
- [1.47107198 -1.07456214 0.00000000]
- [1.48234437 -1.01407858 0.00000000]
- [1.49361675 -0.95359502 0.00000000]
- [1.50488914 -0.89311146 0.00000000]
- [1.51616153 -0.83262790 0.00000000]
- [1.52743391 -0.77214434 0.00000000]
- [1.53870630 -0.71166078 0.00000000]
- [1.54997868 -0.65117722 0.00000000]
- [1.56125107 -0.59069366 0.00000000]
- [1.57252346 -0.53021010 0.00000000]
- [1.58379584 -0.46972654 0.00000000]
- [1.59506823 -0.40924298 0.00000000]
- [1.60634062 -0.34875942 0.00000000]
- [1.61761300 -0.28827586 0.00000000]
- [1.62888539 -0.22779230 0.00000000]
- [1.64015777 -0.16730874 0.00000000]
- [1.65143016 -0.10682518 0.00000000]
- [1.66270255 -0.04634162 0.00000000]
- [1.67397493 0.01414194 0.00000000]
- [1.68524732 0.07462550 0.00000000]
- [1.69651970 0.13510906 0.00000000]
- [1.70779209 0.19559261 0.00000000]
- [1.71906448 0.25607617 0.00000000]
- [1.73033686 0.31655973 0.00000000]
- [1.74160925 0.37704329 0.00000000]
- [1.75288163 0.43752685 0.00000000]
- [1.76415402 0.49801041 0.00000000]
- [1.77542641 0.55849397 0.00000000]
- [1.78669879 0.61897753 0.00000000]
- [1.79797118 0.67946109 0.00000000]
- [1.80924357 0.73994465 0.00000000]
- [1.82051595 0.80042821 0.00000000]
- [1.83178834 0.86091177 0.00000000]
- [1.84306072 0.92139533 0.00000000]
- [1.85433311 0.98187889 0.00000000]
- [1.86560550 1.04236245 0.00000000]
- [1.87687788 1.10284601 0.00000000]
- [1.88815027 1.16332957 0.00000000]
- [1.89942265 1.22381313 0.00000000]
- [1.91069504 1.28429669 0.00000000]
- [1.92196743 1.34478025 0.00000000]
- [1.93323981 1.40526381 0.00000000]
- [1.94451220 1.46574737 0.00000000]
- [1.95578458 1.52623093 0.00000000]
- [1.96705697 1.58671449 0.00000000]
- [1.97832936 1.64719805 0.00000000]
- [1.98960174 1.70768161 0.00000000]
- [2.00087413 1.76816517 0.00000000]
- [2.01214652 1.82864873 0.00000000]
- [2.02341890 1.88913229 0.00000000]
- [2.03469129 1.94961585 0.00000000]
- [2.04596367 2.01009941 0.00000000]
- [2.05723606 2.07058297 0.00000000]
- [2.06850845 2.13106653 0.00000000]
- [2.07978083 2.19155009 0.00000000]
- [2.09105322 2.25203365 0.00000000]
- [2.10232560 2.31251721 0.00000000]
- [2.11359799 2.37300077 0.00000000]
- [2.12487038 2.43348433 0.00000000]
- [2.13614276 2.49396789 0.00000000]
- [2.14741515 2.55445145 0.00000000]
- [2.15868753 2.61493501 0.00000000]
- [2.16995992 2.67541857 0.00000000]
- [1.88254940 -2.61865475 0.00000000]
- [1.89392065 -2.55823317 0.00000000]
- [1.90529189 -2.49781159 0.00000000]
- [1.91666314 -2.43739001 0.00000000]
- [1.92803438 -2.37696844 0.00000000]
- [1.93940563 -2.31654686 0.00000000]
- [1.95077688 -2.25612528 0.00000000]
- [1.96214812 -2.19570370 0.00000000]
- [1.97351937 -2.13528212 0.00000000]
- [1.98489062 -2.07486054 0.00000000]
- [1.99626186 -2.01443896 0.00000000]
- [2.00763311 -1.95401738 0.00000000]
- [2.01900436 -1.89359580 0.00000000]
- [2.03037560 -1.83317422 0.00000000]
- [2.04174685 -1.77275264 0.00000000]
- [2.05311810 -1.71233106 0.00000000]
- [2.06448934 -1.65190948 0.00000000]
- [2.07586059 -1.59148790 0.00000000]
- [2.08723184 -1.53106632 0.00000000]
- [2.09860308 -1.47064474 0.00000000]
- [2.10997433 -1.41022316 0.00000000]
- [2.12134558 -1.34980158 0.00000000]
- [2.13271682 -1.28938000 0.00000000]
- [2.14408807 -1.22895842 0.00000000]
- [2.15545932 -1.16853684 0.00000000]
- [2.16683056 -1.10811526 0.00000000]
- [2.17820181 -1.04769368 0.00000000]
- [2.18957306 -0.98727210 0.00000000]
- [2.20094430 -0.92685052 0.00000000]
- [2.21231555 -0.86642894 0.00000000]
- [2.22368680 -0.80600736 0.00000000]
- [2.23505804 -0.74558578 0.00000000]
- [2.24642929 -0.68516420 0.00000000]
- [2.25780054 -0.62474262 0.00000000]
- [2.26917178 -0.56432104 0.00000000]
- [2.28054303 -0.50389946 0.00000000]
- [2.29191427 -0.44347788 0.00000000]
- [2.30328552 -0.38305630 0.00000000]
- [2.31465677 -0.32263472 0.00000000]
- [2.32602801 -0.26221314 0.00000000]
- [2.33739926 -0.20179156 0.00000000]
- [2.34877051 -0.14136998 0.00000000]
- [2.36014175 -0.08094840 0.00000000]
- [2.37151300 -0.02052682 0.00000000]
- [2.38288425 0.03989476 0.00000000]
- [2.39425549 0.10031634 0.00000000]
- [2.40562674 0.16073792 0.00000000]
- [2.41699799 0.22115950 0.00000000]
- [2.42836923 0.28158108 0.00000000]
- [2.43974048 0.34200266 0.00000000]
- [2.45111173 0.40242424 0.00000000]
- [2.46248297 0.46284582 0.00000000]
- [2.47385422 0.52326739 0.00000000]
- [2.48522547 0.58368897 0.00000000]
- [2.49659671 0.64411055 0.00000000]
- [2.50796796 0.70453213 0.00000000]
- [2.51933921 0.76495371 0.00000000]
- [2.53071045 0.82537529 0.00000000]
- [2.54208170 0.88579687 0.00000000]
- [2.55345295 0.94621845 0.00000000]
- [2.56482419 1.00664003 0.00000000]
- [2.57619544 1.06706161 0.00000000]
- [2.58756669 1.12748319 0.00000000]
- [2.59893793 1.18790477 0.00000000]
- [2.61030918 1.24832635 0.00000000]
- [2.62168042 1.30874793 0.00000000]
- [2.63305167 1.36916951 0.00000000]
- [2.64442292 1.42959109 0.00000000]
- [2.65579416 1.49001267 0.00000000]
- [2.66716541 1.55043425 0.00000000]
- [2.67853666 1.61085583 0.00000000]
- [2.68990790 1.67127741 0.00000000]
- [2.70127915 1.73169899 0.00000000]
- [2.71265040 1.79212057 0.00000000]
- [2.72402164 1.85254215 0.00000000]
- [2.73539289 1.91296373 0.00000000]
- [2.74676414 1.97338531 0.00000000]
- [2.75813538 2.03380689 0.00000000]
- [2.76950663 2.09422847 0.00000000]
- [2.78087788 2.15465005 0.00000000]
- [2.79224912 2.21507163 0.00000000]
- [2.80362037 2.27549321 0.00000000]
- [2.81499162 2.33591479 0.00000000]
- [2.82636286 2.39633637 0.00000000]
- [2.83773411 2.45675795 0.00000000]
- [2.84910536 2.51717953 0.00000000]
- [2.86047660 2.57760111 0.00000000]
- [2.87184785 2.63802269 0.00000000]
elements:
- [1 2]
- [2 3]
- [3 4]
- [4 5]
- [5 6]
- [6 7]
- [7 8]
- [8 9]
- [9 10]
- [10 11]
- [11 12]
- [12 13]
- [13 14]
- [14 15]
- [15 16]
- [16 17]
- [17 18]
- [18 19]
- [19 20]
- [20 21]
- [21 22]
- [22 23]
- [23 24]
- [24 25]
- [25 26]
- [26 27]
- [27 28]
- [28 29]
- [29 30]
- [30 31]
- [31 32]
- [32 33]
- [33 34]
- [34 35]
- [35 36]
- [36 37]
- [37 38]
- [38 39]
- [39 40]
- [40 41]
- [41 42]
- [42 43]
- [43 44]
- [44 45]
- [45 46]
- [46 47]
- [47 48]
- [48 49]
- [49 50]
- [50 51]
- [51 52]
- [52 53]
- [53 54]
- [54 55]
- [55 56]
- [56 57]
- [57 58]
- [58 59]
- [59 60]
- [60 61]
- [61 62]
- [62 63]
- [63 64]
- [64 65]
- [65 66]
- [66 67]
- [67 68]
- [68 69]
- [69 70]
- [70 71]
- [71 72]
- [72 73]
- [73 74]
- [74 75]
- [75 76]
- [76 77]
- [77 78]
- [78 79]
- [79 80]
- [80 81]
- [81 82]
- [82 83]
- [83 84]
- [84 85]
- [85 86]
- [86 87]
- [87 88]
- [88 89]
- [89 90]
- [90 91]
- [91 92]
- [92 93]
- [93 94]
- [94 95]
- [95 96]
- [96 97]
- [97 98]
- [98 99]
- [99 100]
- [100 101]
- [101 102]
- [102 103]
- [103 104]
- [104 105]
- [105 106]
- [106 107]
- [107 108]
- [108 109]
- [109 110]
- [110 111]
- [111 112]
- [112 113]
- [113 114]
- [114 115]
- [115 116]
- [116 117]
- [117 118]
- [118 119]
- [119 120]
- [120 121]
- [121 122]
- [122 123]
- [123 124]
- [124 125]
- [125 126]
- [126 127]
- [127 128]
- [128 129]
- [129 130]
- [130 131]
- [131 132]
- [132 133]
- [133 134]
- [134 135]
- [135 136]
- [136 137]
- [137 138]
- [138 139]
- [139 140]
- [140 141]
- [141 142]
- [142 143]
- [143 144]
- [144 145]
- [145 146]
- [146 147]
- [147 148]
- [148 149]
- [149 150]
- [150 151]
- [151 152]
- [152 153]
- [153 154]
- [154 155]
- [155 156]
- [156 157]
- [157 158]
- [158 159]
- [159 160]
- [160 161]
- [161 162]
- [162 163]
- [163 164]
- [164 165]
- [165 166]
- [166 167]
- [167 168]
- [168 169]
- [169 170]
- [170 171]
- [171 172]
- [172 173]
- [173 174]
- [174 175]
- [175 176]
- [176 177]
- [177 178]
- [178 179]
- [179 180]
- [180 181]
- [181 182]
- [182 183]
- [183 184]
- [184 185]
- [185 186]
- [186 187]
- [187 188]
- [188 189]
- [189 190]
- [190 191]
- [191 192]
- [192 193]
- [193 194]
- [194 195]
- [195 196]
- [196 197]
- [197 198]
- [198 199]
- [199 200]
- [200 201]
- [201 202]
- [202 203]
- [203 204]
- [204 205]
- [205 206]
- [206 207]
- [207 208]
- [208 209]
- [209 210]
- [210 211]
- [211 212]
- [212 213]
- [213 214]
- [214 215]
- [215 216]
- [216 217]
- [217 218]
- [218 219]
- [219 220]
- [220 221]
- [221 222]
- [222 223]
- [223 224]
- [224 225]
- [225 226]
- [226 227]
- [227 228]
- [228 229]
- [229 230]
- [230 231]
- [231 232]
- [232 233]
- [233 234]
- [234 235]
- [235 236]
- [236 237]
- [237 238]
- [238 239]
- [239 240]
- [240 241]
- [241 242]
- [242 243]
- [243 244]
- [244 245]
- [245 246]
- [246 247]
- [247 248]
- [248 249]
- [249 250]
- [250 251]
- [251 252]
- [252 253]
- [253 254]
- [254 255]
- [255 256]
- [256 257]
- [257 258]
- [258 259]
- [259 260]
- [260 261]
- [261 262]
- [262 263]
- [263 264]
- [264 265]
- [265 266]
- [266 267]
- [267 268]
- [268 269]
- [269 270]
- [270 271]
- [271 272]
- [272 1]
- [232 273]
- [273 274]
- [274 275]
- [275 276]
- [276 277]
- [277 278]
- [278 279]
- [279 280]
- [280 281]
- [281 282]
- [282 283]
- [283 284]
- [284 285]
- [285 286]
- [286 287]
- [287 288]
- [288 289]
- [289 290]
- [290 291]
- [291 292]
- [292 293]
- [293 294]
- [294 295]
- [295 296]
- [296 297]
- [297 298]
- [298 299]
- [299 300]
- [300 301]
- [301 302]
- [302 303]
- [303 304]
- [304 305]
- [305 306]
- [306 307]
- [307 308]
- [308 309]
- [309 310]
- [310 311]
- [311 312]
- [312 313]
- [313 314]
- [314 315]
- [315 316]
- [316 317]
- [317 318]
- [318 319]
- [319 320]
- [320 321]
- [321 322]
- [322 323]
- [323 324]
- [324 325]
- [325 326]
- [326 327]
- [327 328]
- [328 329]
- [329 330]
- [330 331]
- [331 332]
- [332 333]
- [333 334]
- [334 335]
- [335 336]
- [336 337]
- [337 338]
- [338 339]
- [339 340]
- [340 31]
- [183 341]
- [341 342]
- [342 343]
- [343 344]
- [344 345]
- [345 346]
- [346 347]
- [347 348]
- [348 349]
- [349 350]
- [350 351]
- [351 352]
- [352 353]
- [353 354]
- [354 355]
- [355 356]
- [356 357]
- [357 358]
- [358 359]
- [359 360]
- [360 361]
- [361 362]
- [362 363]
- [363 364]
- [364 365]
- [365 366]
- [366 367]
- [367 368]
- [368 369]
- [369 370]
- [370 371]
- [371 372]
- [372 373]
- [373 374]
- [374 375]
- [375 376]
- [376 377]
- [377 378]
- [378 379]
- [379 380]
- [380 381]
- [381 382]
- [382 383]
- [383 384]
- [384 385]
- [385 386]
- [386 387]
- [387 388]
- [388 389]
- [389 390]
- [390 391]
- [391 392]
- [392 393]
- [393 394]
- [394 395]
- [395 396]
- [396 397]
- [397 398]
- [398 399]
- [399 400]
- [400 401]
- [401 402]
- [402 403]
- [403 404]
- [404 405]
- [405 406]
- [406 407]
- [407 408]
- [408 409]
- [409 410]
- [410 411]
- [411 412]
- [412 413]
- [413 414]
- [414 415]
- [415 416]
- [416 417]
- [417 418]
- [418 419]
- [419 420]
- [420 421]
- [421 422]
- [422 423]
- [423 424]
- [424 74]
- [195 425]
- [425 426]
- [426 427]
- [427 428]
- [428 429]
- [429 430]
- [430 431]
- [431 432]
- [432 433]
- [433 434]
- [434 435]
- [435 436]
- [436 437]
- [437 438]
- [438 439]
- [439 440]
- [440 441]
- [441 442]
- [442 443]
- [443 444]
- [444 445]
- [445 446]
- [446 447]
- [447 448]
- [448 449]
- [449 450]
- [450 451]
- [451 452]
- [452 453]
- [453 454]
- [454 455]
- [455 456]
- [456 457]
- [457 458]
- [458 459]
- [459 460]
- [460 461]
- [461 462]
- [462 463]
- [463 464]
- [464 465]
- [465 466]
- [466 467]
- [467 468]
- [468 469]
- [469 470]
- [470 471]
- [471 472]
- [472 473]
- [473 474]
- [474 475]
- [475 476]
- [476 477]
- [477 478]
- [478 479]
- [479 480]
- [480 481]
- [481 482]
- [482 483]
- [483 484]
- [484 485]
- [485 486]
- [486 487]
- [487 488]
- [488 489]
- [489 490]
- [490 491]
- [491 492]
- [492 493]
- [493 494]
- [494 495]
- [495 496]
- [496 497]
- [497 498]
- [498 499]
- [499 500]
- [500 501]
- [501 502]
- [502 503]
- [503 504]
- [504 505]
- [505 506]
- [506 507]
- [507 508]
- [508 509]
- [509 510]
- [510 511]
- [511 512]
- [512 62]
sets:
  element:
  - name: layup_0
    labels:
    - 1
    - 2
    - 3
    - 4
    - 5
    - 6
    - 7
    - 8
    - 9
    - 10
    - 11
    - 12
    - 13
    - 14
    - 15
    - 16
    - 17
    - 255
    - 256
    - 257
    - 258
    - 259
    - 260
    - 261
    - 262
    - 263
    - 264
    - 265
    - 266
    - 267
    - 268
    - 269
    - 270
    - 271
    - 272
  - name: layup_1
    labels:
    - 18
    - 19
    - 20
    - 21
    - 22
    - 23
    - 24
    - 25
    - 26
    - 27
    - 28
    - 29
    - 30
    - 31
    - 32
    - 33
    - 34
    - 35
    - 36
    - 37
    - 38
    - 39
    - 40
    - 41
    - 42
    - 43
    - 44
    - 45
    - 46
    - 47
    - 48
    - 49
    - 50
    - 51
    - 52
    - 53
    - 54
    - 55
    - 56
    - 57
    - 58
    - 59
    - 60
    - 75
    - 76
    - 77
    - 78
    - 79
    - 80
    - 81
    - 82
    - 83
    - 84
    - 85
    - 86
    - 87
    - 88
    - 89
    - 90
    - 91
    - 92
    - 93
    - 94
    - 95
    - 96
    - 97
    - 98
    - 99
    - 100
    - 101
    - 102
    - 103
    - 104
    - 105
    - 106
    - 107
    - 108
    - 109
    - 110
    - 111
    - 112
    - 113
    - 114
    - 115
    - 116
    - 117
    - 118
    - 119
    - 120
    - 121
    - 122
    - 123
    - 124
    - 125
    - 126
    - 127
    - 128
    - 129
    - 130
    - 131
    - 132
    - 133
    - 134
    - 135
    - 138
    - 139
    - 140
    - 141
    - 142
    - 143
    - 144
    - 145
    - 146
    - 147
    - 148
    - 149
    - 150
    - 151
    - 152
    - 153
    - 154
    - 155
    - 156
    - 157
    - 158
    - 159
    - 160
    - 161
    - 162
    - 163
    - 164
    - 165
    - 166
    - 167
    - 168
    - 169
    - 170
    - 171
    - 172
    - 173
    - 174
    - 175
    - 176
    - 177
    - 178
    - 179
    - 180
    - 181
    - 197
    - 198
    - 199
    - 200
    - 201
    - 202
    - 203
    - 204
    - 205
    - 206
    - 207
    - 208
    - 209
    - 210
    - 211
    - 212
    - 213
    - 214
    - 215
    - 216
    - 217
    - 218
    - 219
    - 220
    - 221
    - 222
    - 223
    - 224
    - 225
    - 226
    - 227
    - 228
    - 229
    - 230
    - 231
    - 232
    - 233
    - 234
    - 235
    - 236
    - 237
    - 238
    - 239
    - 240
    - 241
    - 242
    - 243
    - 244
    - 245
    - 246
    - 247
    - 248
    - 249
    - 250
    - 251
    - 252
    - 253
    - 254
  - name: layup_2
    labels:
    - 61
    - 62
    - 63
    - 64
    - 65
    - 66
    - 67
    - 68
    - 69
    - 70
    - 71
    - 72
    - 73
    - 74
  - name: layup_3
    labels:
    - 136
    - 137
  - name: layup_4
    labels:
    - 182
    - 183
    - 184
    - 185
    - 186
    - 187
    - 188
    - 189
    - 190
    - 191
    - 192
    - 193
    - 194
    - 195
    - 196
  - name: layup_5
    labels:
    - 273
    - 274
    - 275
    - 276
    - 277
    - 278
    - 279
    - 280
    - 281
    - 282
    - 283
    - 284
    - 285
    - 286
    - 287
    - 288
    - 289
    - 290
    - 291
    - 292
    - 293
    - 294
    - 295
    - 296
    - 297
    - 298
    - 299
    - 300
    - 301
    - 302
    - 303
    - 304
    - 305
    - 306
    - 307
    - 308
    - 309
    - 310
    - 311
    - 312
    - 313
    - 314
    - 315
    - 316
    - 317
    - 318
    - 319
    - 320
    - 321
    - 322
    - 323
    - 324
    - 325
    - 326
    - 327
    - 328
    - 329
    - 330
    - 331
    - 332
    - 333
    - 334
    - 335
    - 336
    - 337
    - 338
    - 339
    - 340
    - 341
    - 342
    - 343
    - 344
    - 345
    - 346
    - 347
    - 348
    - 349
    - 350
    - 351
    - 352
    - 353
    - 354
    - 355
    - 356
    - 357
    - 358
    - 359
    - 360
    - 361
    - 362
    - 363
    - 364
    - 365
    - 366
    - 367
    - 368
    - 369
    - 370
    - 371
    - 372
    - 373
    - 374
    - 375
    - 376
    - 377
    - 378
    - 379
    - 380
    - 381
    - 382
    - 383
    - 384
    - 385
    - 386
    - 387
    - 388
    - 389
    - 390
    - 391
    - 392
    - 393
    - 394
    - 395
    - 396
    - 397
    - 398
    - 399
    - 400
    - 401
    - 402
    - 403
    - 404
    - 405
    - 406
    - 407
    - 408
    - 409
    - 410
    - 411
    - 412
    - 413
    - 414
    - 415
    - 416
    - 417
    - 418
    - 419
    - 420
    - 421
    - 422
    - 423
    - 424
    - 425
    - 426
    - 427
    - 428
    - 429
    - 430
    - 431
    - 432
    - 433
    - 434
    - 435
    - 436
    - 437
    - 438
    - 439
    - 440
    - 441
    - 442
    - 443
    - 444
    - 445
    - 446
    - 447
    - 448
    - 449
    - 450
    - 451
    - 452
    - 453
    - 454
    - 455
    - 456
    - 457
    - 458
    - 459
    - 460
    - 461
    - 462
    - 463
    - 464
    - 465
    - 466
    - 467
    - 468
    - 469
    - 470
    - 471
    - 472
    - 473
    - 474
    - 475
    - 476
    - 477
    - 478
    - 479
    - 480
    - 481
    - 482
    - 483
    - 484
    - 485
    - 486
    - 487
    - 488
    - 489
    - 490
    - 491
    - 492
    - 493
    - 494
    - 495
    - 496
    - 497
    - 498
    - 499
    - 500
    - 501
    - 502
    - 503
    - 504
    - 505
    - 506
    - 507
    - 508
    - 509
    - 510
    - 511
    - 512
    - 513
    - 514
    - 515
sections:
- type: shell
  elementSet: layup_0
  layup:
  - - gelcoat
    - 0.0005
    - 0.0
  - - glass_triax
    - 0.01888509
    - 0.0
  - - glass_uniax
    - 0.0104058
    - 0.0
  - - glass_triax
    - 0.01888509
    - 0.0
- type: shell
  elementSet: layup_1
  layup:
  - - gelcoat
    - 0.0005
    - 0.0
  - - glass_triax
    - 0.01888509
    - 0.0
  - - glass_triax
    - 0.01888509
    - 0.0
- type: shell
  elementSet: layup_2
  layup:
  - - gelcoat
    - 0.0005
    - 0.0
  - - glass_triax
    - 0.01888509
    - 0.0
  - - carbon_uniax
    - 0.04677916
    - 0.0
  - - glass_triax
    - 0.01888509
    - 0.0
- type: shell
  elementSet: layup_3
  layup:
  - - gelcoat
    - 0.0005
    - 0.0
  - - glass_triax
    - 0.01888509
    - 0.0
  - - glass_uniax
    - 0.00869429
    - 0.0
  - - glass_triax
    - 0.01888509
    - 0.0
- type: shell
  elementSet: layup_4
  layup:
  - - gelcoat
    - 0.0005
    - 0.0
  - - glass_triax
    - 0.01888509
    - 0.0
  - - carbon_uniax
    - 0.03734392
    - 0.0
  - - glass_triax
    - 0.01888509
    - 0.0
- type: shell
  elementSet: layup_5
  layup:
  - - glass_biax
    - 0.002
    - 0.0
  - - medium_density_foam
    - 0.046
    - 0.0
  - - glass_biax
    - 0.002
    - 0.0
elementOrientations:
- [0.0, 0.0, 1.0, -0.7518739386980376, 0.6593068938716625, 0.0, -0.6593068938716625,
  -0.7518739386980376, 0.0]
- [0.0, 0.0, 1.0, -0.7309495266039789, 0.6824315273764974, 0.0, -0.6824315273764974,
  -0.7309495266039789, 0.0]
- [0.0, 0.0, 1.0, -0.7528893572858866, 0.6581471079368538, 0.0, -0.6581471079368538,
  -0.7528893572858866, 0.0]
- [0.0, 0.0, 1.0, -0.7712074706865137, 0.6365838806923328, 0.0, -0.6365838806923328,
  -0.7712074706865137, 0.0]
- [0.0, 0.0, 1.0, -0.7893820425440119, 0.6139022649486185, 0.0, -0.6139022649486185,
  -0.7893820425440119, 0.0]
- [0.0, 0.0, 1.0, -0.7903492592896995, 0.6126565500671837, 0.0, -0.6126565500671837,
  -0.7903492592896995, 0.0]
- [0.0, 0.0, 1.0, -0.7929091550827634, 0.6093398655807267, 0.0, -0.6093398655807267,
  -0.7929091550827634, 0.0]
- [0.0, 0.0, 1.0, -0.7988079488801353, 0.6015861208554526, 0.0, -0.6015861208554526,
  -0.7988079488801353, 0.0]
- [0.0, 0.0, 1.0, -0.806686795114167, 0.5909791997933888, 0.0, -0.5909791997933888,
  -0.806686795114167, 0.0]
- [0.0, 0.0, 1.0, -0.803395758302787, 0.595445426165228, 0.0, -0.595445426165228,
  -0.803395758302787, 0.0]
- [0.0, 0.0, 1.0, -0.8046312625465486, 0.5937748153405863, 0.0, -0.5937748153405863,
  -0.8046312625465486, 0.0]
- [0.0, 0.0, 1.0, -0.8131074609426546, 0.5821136117283201, 0.0, -0.5821136117283201,
  -0.8131074609426546, 0.0]
- [0.0, 0.0, 1.0, -0.808085808595487, 0.5890647892605515, 0.0, -0.5890647892605515,
  -0.808085808595487, 0.0]
- [0.0, 0.0, 1.0, -0.8210966877864281, 0.570789128580912, 0.0, -0.570789128580912,
  -0.8210966877864281, 0.0]
- [0.0, 0.0, 1.0, -0.8212613942604827, 0.5705521205791176, 0.0, -0.5705521205791176,
  -0.8212613942604827, 0.0]
- [0.0, 0.0, 1.0, -0.8188696922157606, 0.5739794658090702, 0.0, -0.5739794658090702,
  -0.8188696922157606, 0.0]
- [0.0, 0.0, 1.0, -0.8011069077339829, 0.5985212798062369, 0.0, -0.5985212798062369,
  -0.8011069077339829, 0.0]
- [0.0, 0.0, 1.0, -0.7993775091943061, 0.6008290920006347, 0.0, -0.6008290920006347,
  -0.7993775091943061, 0.0]
- [0.0, 0.0, 1.0, -0.8311782887128977, 0.5560059823170063, 0.0, -0.5560059823170063,
  -0.8311782887128977, 0.0]
- [0.0, 0.0, 1.0, -0.8268083921074988, 0.5624836733102683, 0.0, -0.5624836733102683,
  -0.8268083921074988, 0.0]
- [0.0, 0.0, 1.0, -0.8410961870741639, 0.5408855739334365, 0.0, -0.5408855739334365,
  -0.8410961870741639, 0.0]
- [0.0, 0.0, 1.0, -0.8422009071890365, 0.5391638266148462, 0.0, -0.5391638266148462,
  -0.8422009071890365, 0.0]
- [0.0, 0.0, 1.0, -0.8466071188680901, 0.5322183633452264, 0.0, -0.5322183633452264,
  -0.8466071188680901, 0.0]
- [0.0, 0.0, 1.0, -0.8463884368569862, 0.5325660653428714, 0.0, -0.5325660653428714,
  -0.8463884368569862, 0.0]
- [0.0, 0.0, 1.0, -0.8497305791677315, 0.527217168562701, 0.0, -0.527217168562701,
  -0.8497305791677315, 0.0]
- [0.0, 0.0, 1.0, -0.8581102059577598, 0.513465553305313, 0.0, -0.513465553305313,
  -0.8581102059577598, 0.0]
- [0.0, 0.0, 1.0, -0.8537119827114459, 0.520745475808376, 0.0, -0.520745475808376,
  -0.8537119827114459, 0.0]
- [0.0, 0.0, 1.0, -0.8612376582494491, 0.5082024163785577, 0.0, -0.5082024163785577,
  -0.8612376582494491, 0.0]
- [0.0, 0.0, 1.0, -0.8693415862375506, 0.49421170204476056, 0.0, -0.49421170204476056,
  -0.8693415862375506, 0.0]
- [0.0, 0.0, 1.0, -0.8657179181436927, 0.5005322029649546, 0.0, -0.5005322029649546,
  -0.8657179181436927, 0.0]
- [0.0, 0.0, 1.0, -0.8707836604118485, 0.4916663673262006, 0.0, -0.4916663673262006,
  -0.8707836604118485, 0.0]
- [0.0, 0.0, 1.0, -0.8774760493475526, 0.47962045705058415, 0.0, -0.47962045705058415,
  -0.8774760493475526, 0.0]
- [0.0, 0.0, 1.0, -0.8817626722718384, 0.47169332175474643, 0.0, -0.47169332175474643,
  -0.8817626722718384, 0.0]
- [0.0, 0.0, 1.0, -0.8837236182605601, 0.46800915218451006, 0.0, -0.46800915218451006,
  -0.8837236182605601, 0.0]
- [0.0, 0.0, 1.0, -0.887836514401101, 0.46015902000950015, 0.0, -0.46015902000950015,
  -0.887836514401101, 0.0]
- [0.0, 0.0, 1.0, -0.8901947290950125, 0.4555802281612508, 0.0, -0.4555802281612508,
  -0.8901947290950125, 0.0]
- [0.0, 0.0, 1.0, -0.8904259380747646, 0.45512816744701234, 0.0, -0.45512816744701234,
  -0.8904259380747646, 0.0]
- [0.0, 0.0, 1.0, -0.8958824276292521, 0.4442912061532594, 0.0, -0.4442912061532594,
  -0.8958824276292521, 0.0]
- [0.0, 0.0, 1.0, -0.9037921259203145, 0.4279717200054676, 0.0, -0.4279717200054676,
  -0.9037921259203145, 0.0]
- [0.0, 0.0, 1.0, -0.9049330170041461, 0.4255540326865365, 0.0, -0.4255540326865365,
  -0.9049330170041461, 0.0]
- [0.0, 0.0, 1.0, -0.9088014448982152, 0.4172288745411997, 0.0, -0.4172288745411997,
  -0.9088014448982152, 0.0]
- [0.0, 0.0, 1.0, -0.9154106890376426, 0.40252114279330536, 0.0, -0.40252114279330536,
  -0.9154106890376426, 0.0]
- [0.0, 0.0, 1.0, -0.9142621121630056, 0.40512317912363377, 0.0, -0.40512317912363377,
  -0.9142621121630056, 0.0]
- [0.0, 0.0, 1.0, -0.9191088484622915, 0.39400371150323, 0.0, -0.39400371150323, -0.9191088484622915,
  0.0]
- [0.0, 0.0, 1.0, -0.925877562440114, 0.3778236882064873, 0.0, -0.3778236882064873,
  -0.925877562440114, 0.0]
- [0.0, 0.0, 1.0, -0.9286272892979173, 0.3710139587282427, 0.0, -0.3710139587282427,
  -0.9286272892979173, 0.0]
- [0.0, 0.0, 1.0, -0.9331274126717225, 0.35954586872967526, 0.0, -0.35954586872967526,
  -0.9331274126717225, 0.0]
- [0.0, 0.0, 1.0, -0.9373786253795428, 0.3483120909207129, 0.0, -0.3483120909207129,
  -0.9373786253795428, 0.0]
- [0.0, 0.0, 1.0, -0.9388602601195744, 0.34429843445506003, 0.0, -0.34429843445506003,
  -0.9388602601195744, 0.0]
- [0.0, 0.0, 1.0, -0.9394722565268546, 0.3426249833510977, 0.0, -0.3426249833510977,
  -0.9394722565268546, 0.0]
- [0.0, 0.0, 1.0, -0.9478291021098901, 0.31877890958085603, 0.0, -0.31877890958085603,
  -0.9478291021098901, 0.0]
- [0.0, 0.0, 1.0, -0.9543070392478094, 0.2988278347846466, 0.0, -0.2988278347846466,
  -0.9543070392478094, 0.0]
- [0.0, 0.0, 1.0, -0.9511868132490879, 0.30861569354302876, 0.0, -0.30861569354302876,
  -0.9511868132490879, 0.0]
- [0.0, 0.0, 1.0, -0.9572822802688329, 0.28915503779686047, 0.0, -0.28915503779686047,
  -0.9572822802688329, 0.0]
- [0.0, 0.0, 1.0, -0.9634499779965037, 0.26788829742737286, 0.0, -0.26788829742737286,
  -0.9634499779965037, 0.0]
- [0.0, 0.0, 1.0, -0.9623873680762353, 0.27168097792686347, 0.0, -0.27168097792686347,
  -0.9623873680762353, 0.0]
- [0.0, 0.0, 1.0, -0.968458248858918, 0.24917588209358874, 0.0, -0.24917588209358874,
  -0.968458248858918, 0.0]
- [0.0, 0.0, 1.0, -0.9733425944517393, 0.2293560416164286, 0.0, -0.2293560416164286,
  -0.9733425944517393, 0.0]
- [0.0, 0.0, 1.0, -0.9762524983187605, 0.21663577619215776, 0.0, -0.21663577619215776,
  -0.9762524983187605, 0.0]
- [0.0, 0.0, 1.0, -0.999960758506309, 0.008858975532582167, 0.0, -0.008858975532582167,
  -0.999960758506309, 0.0]
- [0.0, 0.0, 1.0, -0.9989754372385428, 0.04525567140218361, 0.0, -0.04525567140218361,
  -0.9989754372385428, 0.0]
- [0.0, 0.0, 1.0, -0.987099253448844, 0.16010953700743433, 0.0, -0.16010953700743433,
  -0.987099253448844, 0.0]
- [0.0, 0.0, 1.0, -0.9900684499898494, 0.14058614560011548, 0.0, -0.14058614560011548,
  -0.9900684499898494, 0.0]
- [0.0, 0.0, 1.0, -0.9918015695514726, 0.1277875057868941, 0.0, -0.1277875057868941,
  -0.9918015695514726, 0.0]
- [0.0, 0.0, 1.0, -0.9939516696697788, 0.10981838808077166, 0.0, -0.10981838808077166,
  -0.9939516696697788, 0.0]
- [0.0, 0.0, 1.0, -0.9960916485445326, 0.08832569105212525, 0.0, -0.08832569105212525,
  -0.9960916485445326, 0.0]
- [0.0, 0.0, 1.0, -0.9983049385499279, 0.05820008304826363, 0.0, -0.05820008304826363,
  -0.9983049385499279, 0.0]
- [0.0, 0.0, 1.0, -0.9988348958995613, 0.04825816752957478, 0.0, -0.04825816752957478,
  -0.9988348958995613, 0.0]
- [0.0, 0.0, 1.0, -0.9997809255878086, 0.020930858338457297, 0.0, -0.020930858338457297,
  -0.9997809255878086, 0.0]
- [0.0, 0.0, 1.0, -0.9999761387872086, 0.006908100768334487, 0.0, -0.006908100768334487,
  -0.9999761387872086, 0.0]
- [0.0, 0.0, 1.0, -0.9997684754394868, -0.02151733062915271, 0.0, 0.02151733062915271,
  -0.9997684754394868, 0.0]
- [0.0, 0.0, 1.0, -0.9996018382695043, -0.028216394670963083, 0.0, 0.028216394670963083,
  -0.9996018382695043, 0.0]
- [0.0, 0.0, 1.0, -0.9971639693774493, -0.0752596716403235, 0.0, 0.0752596716403235,
  -0.9971639693774493, 0.0]
