nodes:
- [1.24843384 0.00018773 0.00000000]
- [1.23776107 0.00147930 0.00000000]
- [1.22574332 0.00350100 0.00000000]
- [1.21371741 0.00551376 0.00000000]
- [1.20169211 0.00756080 0.00000000]
- [1.18967274 0.00965304 0.00000000]
- [1.17766470 0.01179751 0.00000000]
- [1.16566155 0.01396453 0.00000000]
- [1.15366661 0.01617503 0.00000000]
- [1.14170799 0.01857459 0.00000000]
- [1.12928568 0.02109708 0.00000000]
- [1.11683739 0.02347416 0.00000000]
- [1.10439206 0.02587144 0.00000000]
- [1.09195392 0.02830469 0.00000000]
- [1.07951935 0.03075531 0.00000000]
- [1.06709187 0.03323962 0.00000000]
- [1.05466779 0.03573613 0.00000000]
- [1.04224832 0.03825407 0.00000000]
- [1.02982966 0.04078099 0.00000000]
- [1.01741774 0.04334228 0.00000000]
- [1.00500843 0.04591625 0.00000000]
- [0.99260624 0.04852478 0.00000000]
- [0.98020797 0.05114694 0.00000000]
- [0.96781402 0.05379045 0.00000000]
- [0.95542401 0.05645028 0.00000000]
- [0.94303765 0.05912574 0.00000000]
- [0.93065463 0.06181377 0.00000000]
- [0.91827382 0.06450954 0.00000000]
- [0.90589473 0.06721127 0.00000000]
- [0.89351647 0.06991537 0.00000000]
- [0.88113885 0.07262157 0.00000000]
- [0.86900823 0.07527375 0.00000000]
- [0.85687670 0.07792086 0.00000000]
- [0.84474514 0.08056526 0.00000000]
- [0.83261097 0.08319764 0.00000000]
- [0.82047731 0.08582722 0.00000000]
- [0.80833819 0.08843078 0.00000000]
- [0.79619786 0.09102993 0.00000000]
- [0.78405357 0.09360627 0.00000000]
- [0.77190732 0.09616657 0.00000000]
- [0.75975313 0.09868650 0.00000000]
- [0.74759458 0.10118421 0.00000000]
- [0.73542833 0.10363881 0.00000000]
- [0.72325518 0.10605732 0.00000000]
- [0.71107322 0.10842913 0.00000000]
- [0.69888219 0.11076001 0.00000000]
- [0.68668618 0.11305938 0.00000000]
- [0.67447931 0.11530441 0.00000000]
- [0.66226992 0.11752738 0.00000000]
- [0.65029976 0.11963208 0.00000000]
- [0.63832551 0.12171189 0.00000000]
- [0.62633857 0.12371570 0.00000000]
- [0.61434817 0.12569130 0.00000000]
- [0.60234359 0.12757569 0.00000000]
- [0.59033261 0.12942563 0.00000000]
- [0.57831218 0.13119753 0.00000000]
- [0.56628226 0.13290534 0.00000000]
- [0.55424425 0.13453937 0.00000000]
- [0.54199519 0.13450019 0.00000000]
- [0.52951040 0.13442723 0.00000000]
- [0.51720784 0.13581534 0.00000000]
- [0.50490380 0.13714846 0.00000000]
- [0.49259148 0.13833899 0.00000000]
- [0.48026547 0.13944468 0.00000000]
- [0.46794378 0.14043686 0.00000000]
- [0.45560641 0.14127449 0.00000000]
- [0.44326369 0.14202088 0.00000000]
- [0.43091938 0.14260915 0.00000000]
- [0.41857082 0.14307216 0.00000000]
- [0.40623156 0.14337298 0.00000000]
- [0.39388138 0.14347779 0.00000000]
- [0.38153636 0.14345992 0.00000000]
- [0.36920383 0.14321787 0.00000000]
- [0.35686117 0.14280289 0.00000000]
- [0.34453849 0.14223857 0.00000000]
- [0.33223239 0.14143172 0.00000000]
- [0.31992900 0.14046060 0.00000000]
- [0.30765648 0.13929457 0.00000000]
- [0.29540199 0.13789528 0.00000000]
- [0.28316359 0.13633222 0.00000000]
- [0.27096607 0.13455693 0.00000000]
- [0.25879131 0.13255905 0.00000000]
- [0.24664332 0.13040507 0.00000000]
- [0.23455394 0.12803394 0.00000000]
- [0.22250427 0.12542000 0.00000000]
- [0.21048741 0.12263604 0.00000000]
- [0.19854025 0.11964340 0.00000000]
- [0.18665433 0.11639055 0.00000000]
- [0.17435899 0.11448691 0.00000000]
- [0.16120108 0.11202569 0.00000000]
- [0.14859328 0.10776960 0.00000000]
- [0.13609294 0.10321180 0.00000000]
- [0.12369774 0.09837675 0.00000000]
- [0.11143177 0.09323877 0.00000000]
- [0.09932051 0.08775534 0.00000000]
- [0.08737814 0.08192108 0.00000000]
- [0.07676677 0.07631038 0.00000000]
- [0.06633602 0.07038161 0.00000000]
- [0.05614322 0.06407379 0.00000000]
- [0.04623781 0.05734350 0.00000000]
- [0.03668251 0.05015279 0.00000000]
- [0.02760162 0.04241432 0.00000000]
- [0.01916739 0.03403837 0.00000000]
- [0.01169690 0.02489089 0.00000000]
- [0.00589524 0.01484156 0.00000000]
- [0.00239412 0.00087770 0.00000000]
- [0.00629849 -0.01268039 0.00000000]
- [0.01430445 -0.02182495 0.00000000]
- [0.02413514 -0.02960297 0.00000000]
- [0.03472366 -0.03651399 0.00000000]
- [0.04575902 -0.04277030 0.00000000]
- [0.05711383 -0.04848637 0.00000000]
- [0.06867550 -0.05381232 0.00000000]
- [0.08040896 -0.05876904 0.00000000]
- [0.09227833 -0.06341631 0.00000000]
- [0.10425090 -0.06779963 0.00000000]
- [0.11619764 -0.07185859 0.00000000]
- [0.12822686 -0.07568842 0.00000000]
- [0.14031879 -0.07932029 0.00000000]
- [0.15247199 -0.08273673 0.00000000]
- [0.16468713 -0.08593281 0.00000000]
- [0.17695574 -0.08893911 0.00000000]
- [0.18925780 -0.09179386 0.00000000]
- [0.20160971 -0.09441924 0.00000000]
- [0.21400324 -0.09687597 0.00000000]
- [0.22641577 -0.09920016 0.00000000]
- [0.23912626 -0.09968766 0.00000000]
- [0.25159184 -0.10000064 0.00000000]
- [0.26380766 -0.10174033 0.00000000]
- [0.27606175 -0.10325105 0.00000000]
- [0.28833931 -0.10465813 0.00000000]
- [0.30062175 -0.10588771 0.00000000]
- [0.31293220 -0.10694232 0.00000000]
- [0.32524694 -0.10787906 0.00000000]
- [0.33757326 -0.10861279 0.00000000]
- [0.34991835 -0.10921785 0.00000000]
- [0.36225308 -0.10967811 0.00000000]
- [0.37460041 -0.10992655 0.00000000]
- [0.38695454 -0.11006304 0.00000000]
- [0.39929688 -0.11001269 0.00000000]
- [0.41164574 -0.10978880 0.00000000]
- [0.42398856 -0.10942082 0.00000000]
- [0.43632690 -0.10886555 0.00000000]
- [0.44865966 -0.10817879 0.00000000]
- [0.46097262 -0.10731139 0.00000000]
- [0.47328722 -0.10626945 0.00000000]
- [0.48557971 -0.10512279 0.00000000]
- [0.49784533 -0.10374025 0.00000000]
- [0.51011893 -0.10223693 0.00000000]
- [0.52235597 -0.10060952 0.00000000]
- [0.53456742 -0.09876196 0.00000000]
- [0.54677211 -0.09681581 0.00000000]
- [0.55893803 -0.09469328 0.00000000]
- [0.57108894 -0.09242599 0.00000000]
- [0.58321026 -0.09003675 0.00000000]
- [0.59530521 -0.08747297 0.00000000]
- [0.60773681 -0.08638335 0.00000000]
- [0.62074955 -0.08499280 0.00000000]
- [0.63339606 -0.08195541 0.00000000]
- [0.64602296 -0.07883918 0.00000000]
- [0.65862824 -0.07562173 0.00000000]
- [0.67122729 -0.07237413 0.00000000]
- [0.68380576 -0.06904527 0.00000000]
- [0.69587949 -0.06582796 0.00000000]
- [0.70794376 -0.06257399 0.00000000]
- [0.72000510 -0.05930325 0.00000000]
- [0.73206303 -0.05601533 0.00000000]
- [0.74412193 -0.05272604 0.00000000]
- [0.75618265 -0.04943575 0.00000000]
- [0.76825115 -0.04616980 0.00000000]
- [0.78032509 -0.04291730 0.00000000]
- [0.79241190 -0.03971155 0.00000000]
- [0.80450678 -0.03652341 0.00000000]
- [0.81662574 -0.03342416 0.00000000]
- [0.82875206 -0.03035548 0.00000000]
- [0.84090254 -0.02737070 0.00000000]
- [0.85306967 -0.02445637 0.00000000]
- [0.86525925 -0.02162309 0.00000000]
- [0.87747249 -0.01889972 0.00000000]
- [0.88982847 -0.01621499 0.00000000]
- [0.90221236 -0.01365879 0.00000000]
- [0.91461213 -0.01117892 0.00000000]
- [0.92704110 -0.00883411 0.00000000]
- [0.93948699 -0.00660174 0.00000000]
- [0.95195301 -0.00445989 0.00000000]
- [0.96444598 -0.00248227 0.00000000]
- [0.97695236 -0.00059393 0.00000000]
- [0.98948702 0.00113440 0.00000000]
- [1.00203775 0.00270700 0.00000000]
- [1.01460645 0.00417254 0.00000000]
- [1.02719856 0.00542079 0.00000000]
- [1.03979532 0.00655943 0.00000000]
- [1.05241229 0.00755095 0.00000000]
- [1.06504097 0.00833744 0.00000000]
- [1.07767531 0.00900724 0.00000000]
- [1.09032304 0.00948585 0.00000000]
- [1.10297196 0.00978991 0.00000000]
- [1.11562713 0.00995307 0.00000000]
- [1.12828590 0.00989523 0.00000000]
- [1.14094151 0.00983633 0.00000000]
- [1.15316772 0.00963421 0.00000000]
- [1.16537863 0.00901075 0.00000000]
- [1.17757453 0.00824743 0.00000000]
- [1.18976345 0.00730390 0.00000000]
- [1.20192974 0.00616800 0.00000000]
- [1.21407806 0.00491755 0.00000000]
- [1.22621095 0.00354838 0.00000000]
- [1.23832734 0.00209460 0.00000000]
- [1.24866396 0.00004778 0.00000000]
- [0.87799626 -0.00582525 0.00000000]
- [0.87852002 0.00724922 0.00000000]
- [0.87904379 0.02032369 0.00000000]
- [0.87956756 0.03339816 0.00000000]
- [0.88009132 0.04647263 0.00000000]
- [0.88061509 0.05954710 0.00000000]
- [0.10284484 -0.05532290 0.00000000]
- [0.10143877 -0.04284618 0.00000000]
- [0.10003271 -0.03036945 0.00000000]
- [0.09862665 -0.01789272 0.00000000]
- [0.09722058 -0.00541600 0.00000000]
- [0.09581452 0.00706073 0.00000000]
- [0.09440846 0.01953745 0.00000000]
- [0.09300239 0.03201418 0.00000000]
- [0.09159633 0.04449090 0.00000000]
- [0.09019026 0.05696763 0.00000000]
- [0.08878420 0.06944436 0.00000000]
- [0.68237004 -0.05660710 0.00000000]
- [0.68093431 -0.04416892 0.00000000]
- [0.67949859 -0.03173074 0.00000000]
- [0.67806287 -0.01929257 0.00000000]
- [0.67662715 -0.00685439 0.00000000]
- [0.67519142 0.00558379 0.00000000]
- [0.67375570 0.01802196 0.00000000]
- [0.67231998 0.03046014 0.00000000]
- [0.67088426 0.04289832 0.00000000]
- [0.66944853 0.05533650 0.00000000]
- [0.66801281 0.06777467 0.00000000]
- [0.66657709 0.08021285 0.00000000]
- [0.66514137 0.09265103 0.00000000]
- [0.66370564 0.10508920 0.00000000]
elements:
- [1 2]
- [2 3]
- [3 4]
- [4 5]
- [5 6]
- [6 7]
- [7 8]
- [8 9]
- [9 10]
- [10 11]
- [11 12]
- [12 13]
- [13 14]
- [14 15]
- [15 16]
- [16 17]
- [17 18]
- [18 19]
- [19 20]
- [20 21]
- [21 22]
- [22 23]
- [23 24]
- [24 25]
- [25 26]
- [26 27]
- [27 28]
- [28 29]
- [29 30]
- [30 31]
- [31 32]
- [32 33]
- [33 34]
- [34 35]
- [35 36]
- [36 37]
- [37 38]
- [38 39]
- [39 40]
- [40 41]
- [41 42]
- [42 43]
- [43 44]
- [44 45]
- [45 46]
- [46 47]
- [47 48]
- [48 49]
- [49 50]
- [50 51]
- [51 52]
- [52 53]
- [53 54]
- [54 55]
- [55 56]
- [56 57]
- [57 58]
- [58 59]
- [59 60]
- [60 61]
- [61 62]
- [62 63]
- [63 64]
- [64 65]
- [65 66]
- [66 67]
- [67 68]
- [68 69]
- [69 70]
- [70 71]
- [71 72]
- [72 73]
- [73 74]
- [74 75]
- [75 76]
- [76 77]
- [77 78]
- [78 79]
- [79 80]
- [80 81]
- [81 82]
- [82 83]
- [83 84]
- [84 85]
- [85 86]
- [86 87]
- [87 88]
- [88 89]
- [89 90]
- [90 91]
- [91 92]
- [92 93]
- [93 94]
- [94 95]
- [95 96]
- [96 97]
- [97 98]
- [98 99]
- [99 100]
- [100 101]
- [101 102]
- [102 103]
- [103 104]
- [104 105]
- [105 106]
- [106 107]
- [107 108]
- [108 109]
- [109 110]
- [110 111]
- [111 112]
- [112 113]
- [113 114]
- [114 115]
- [115 116]
- [116 117]
- [117 118]
- [118 119]
- [119 120]
- [120 121]
- [121 122]
- [122 123]
- [123 124]
- [124 125]
- [125 126]
- [126 127]
- [127 128]
- [128 129]
- [129 130]
- [130 131]
- [131 132]
- [132 133]
- [133 134]
- [134 135]
- [135 136]
- [136 137]
- [137 138]
- [138 139]
- [139 140]
- [140 141]
- [141 142]
- [142 143]
- [143 144]
- [144 145]
- [145 146]
- [146 147]
- [147 148]
- [148 149]
- [149 150]
- [150 151]
- [151 152]
- [152 153]
- [153 154]
- [154 155]
- [155 156]
- [156 157]
- [157 158]
- [158 159]
- [159 160]
- [160 161]
- [161 162]
- [162 163]
- [163 164]
- [164 165]
- [165 166]
- [166 167]
- [167 168]
- [168 169]
- [169 170]
- [170 171]
- [171 172]
- [172 173]
- [173 174]
- [174 175]
- [175 176]
- [176 177]
- [177 178]
- [178 179]
- [179 180]
- [180 181]
- [181 182]
- [182 183]
- [183 184]
- [184 185]
- [185 186]
- [186 187]
- [187 188]
- [188 189]
- [189 190]
- [190 191]
- [191 192]
- [192 193]
- [193 194]
- [194 195]
- [195 196]
- [196 197]
- [197 198]
- [198 199]
- [199 200]
- [200 201]
- [201 202]
- [202 203]
- [203 204]
- [204 205]
- [205 206]
- [206 207]
- [207 208]
- [208 209]
- [209 1]
- [179 210]
- [210 211]
- [211 212]
- [212 213]
- [213 214]
- [214 215]
- [215 31]
- [116 216]
- [216 217]
- [217 218]
- [218 219]
- [219 220]
- [220 221]
- [221 222]
- [222 223]
- [223 224]
- [224 225]
- [225 226]
- [226 96]
- [163 227]
- [227 228]
- [228 229]
- [229 230]
- [230 231]
- [231 232]
- [232 233]
- [233 234]
- [234 235]
- [235 236]
- [236 237]
- [237 238]
- [238 239]
- [239 240]
- [240 49]
sets:
  element:
  - name: layup_0
    labels:
    - 1
    - 2
    - 3
    - 4
    - 5
    - 6
    - 7
    - 8
    - 9
    - 200
    - 201
    - 202
    - 203
    - 204
    - 205
    - 206
    - 207
    - 208
    - 209
  - name: layup_1
    labels:
    - 10
    - 11
    - 12
    - 13
    - 14
    - 15
    - 16
    - 17
    - 18
    - 19
    - 20
    - 21
    - 22
    - 23
    - 24
    - 25
    - 26
    - 27
    - 28
    - 29
    - 30
    - 31
    - 32
    - 33
    - 34
    - 35
    - 36
    - 37
    - 38
    - 39
    - 40
    - 41
    - 42
    - 43
    - 44
    - 45
    - 46
    - 47
    - 48
    - 49
    - 50
    - 51
    - 52
    - 53
    - 54
    - 55
    - 56
    - 57
    - 58
    - 89
    - 90
    - 91
    - 92
    - 93
    - 94
    - 95
    - 96
    - 97
    - 98
    - 99
    - 100
    - 101
    - 102
    - 103
    - 104
    - 107
    - 108
    - 109
    - 110
    - 111
    - 112
    - 113
    - 114
    - 115
    - 116
    - 117
    - 118
    - 119
    - 120
    - 121
    - 122
    - 123
    - 124
    - 125
    - 126
    - 157
    - 158
    - 159
    - 160
    - 161
    - 162
    - 163
    - 164
    - 165
    - 166
    - 167
    - 168
    - 169
    - 170
    - 171
    - 172
    - 173
    - 174
    - 175
    - 176
    - 177
    - 178
    - 179
    - 180
    - 181
    - 182
    - 183
    - 184
    - 185
    - 186
    - 187
    - 188
    - 189
    - 190
    - 191
    - 192
    - 193
    - 194
    - 195
    - 196
    - 197
    - 198
    - 199
  - name: layup_2
    labels:
    - 59
    - 60
    - 61
    - 62
    - 63
    - 64
    - 65
    - 66
    - 67
    - 68
    - 69
    - 70
    - 71
    - 72
    - 73
    - 74
    - 75
    - 76
    - 77
    - 78
    - 79
    - 80
    - 81
    - 82
    - 83
    - 84
    - 85
    - 86
    - 87
    - 88
    - 127
    - 128
    - 129
    - 130
    - 131
    - 132
    - 133
    - 134
    - 135
    - 136
    - 137
    - 138
    - 139
    - 140
    - 141
    - 142
    - 143
    - 144
    - 145
    - 146
    - 147
    - 148
    - 149
    - 150
    - 151
    - 152
    - 153
    - 154
    - 155
    - 156
  - name: layup_3
    labels:
    - 105
    - 106
  - name: layup_4
    labels:
    - 210
    - 211
    - 212
    - 213
    - 214
    - 215
    - 216
  - name: layup_5
    labels:
    - 217
    - 218
    - 219
    - 220
    - 221
    - 222
    - 223
    - 224
    - 225
    - 226
    - 227
    - 228
    - 229
    - 230
    - 231
    - 232
    - 233
    - 234
    - 235
    - 236
    - 237
    - 238
    - 239
    - 240
    - 241
    - 242
    - 243
sections:
- type: shell
  elementSet: layup_0
  layup:
  - - gelcoat
    - 0.0005
    - 0.0
  - - glass_triax
    - 0.00165431
    - 0.0
  - - glass_uniax
    - 0.00069
    - 0.0
  - - glass_triax
    - 0.00165431
    - 0.0
- type: shell
  elementSet: layup_1
  layup:
  - - gelcoat
    - 0.0005
    - 0.0
  - - glass_triax
    - 0.00165431
    - 0.0
  - - glass_triax
    - 0.00165431
    - 0.0
- type: shell
  elementSet: layup_2
  layup:
  - - gelcoat
    - 0.0005
    - 0.0
  - - glass_triax
    - 0.00165431
    - 0.0
  - - carbon_uniax
    - 0.0063712
    - 0.0
  - - glass_triax
    - 0.00165431
    - 0.0
- type: shell
  elementSet: layup_3
  layup:
  - - gelcoat
    - 0.0005
    - 0.0
  - - glass_triax
    - 0.00165431
    - 0.0
  - - glass_uniax
    - 0.000565
    - 0.0
  - - glass_triax
    - 0.00165431
    - 0.0
- type: shell
  elementSet: layup_4
  layup:
  - - glass_biax
    - 0.002
    - 0.0
  - - medium_density_foam
    - 0.03
    - 0.0
  - - glass_biax
    - 0.002
    - 0.0
- type: shell
  elementSet: layup_5
  layup:
  - - glass_biax
    - 0.002
    - 0.0
  - - medium_density_foam
    - 0.014
    - 0.0
  - - glass_biax
    - 0.002
    - 0.0
elementOrientations:
- [0.0, 0.0, 1.0, -0.99275707689274, 0.12013902895971196, 0.0, -0.12013902895971196,
  -0.99275707689274, 0.0]
- [0.0, 0.0, 1.0, -0.9861434320328584, 0.16589494102731223, 0.0, -0.16589494102731223,
  -0.9861434320328584, 0.0]
- [0.0, 0.0, 1.0, -0.9862814707716683, 0.16507228844501676, 0.0, -0.16507228844501676,
  -0.9862814707716683, 0.0]
- [0.0, 0.0, 1.0, -0.9858186607080396, 0.16781408820420055, 0.0, -0.16781408820420055,
  -0.9858186607080396, 0.0]
- [0.0, 0.0, 1.0, -0.9851852612665839, 0.17149344297404756, 0.0, -0.17149344297404756,
  -0.9851852612665839, 0.0]
- [0.0, 0.0, 1.0, -0.9844251491533075, 0.1758042255308112, 0.0, -0.1758042255308112,
  -0.9844251491533075, 0.0]
- [0.0, 0.0, 1.0, -0.9840908625836989, 0.17766590606886662, 0.0, -0.17766590606886662,
  -0.9840908625836989, 0.0]
- [0.0, 0.0, 1.0, -0.9834399110715805, 0.18123449260977245, 0.0, -0.18123449260977245,
  -0.9834399110715805, 0.0]
- [0.0, 0.0, 1.0, -0.9804570055945401, 0.1967334749873235, 0.0, -0.1967334749873235,
  -0.9804570055945401, 0.0]
- [0.0, 0.0, 1.0, -0.9799995605680317, 0.19899965147322413, 0.0, -0.19899965147322413,
  -0.9799995605680317, 0.0]
- [0.0, 0.0, 1.0, -0.9822517773322211, 0.1875671771064775, 0.0, -0.1875671771064775,
  -0.9822517773322211, 0.0]
- [0.0, 0.0, 1.0, -0.9819485605429616, 0.18914815475601562, 0.0, -0.18914815475601562,
  -0.9819485605429616, 0.0]
- [0.0, 0.0, 1.0, -0.9813971169767131, 0.19198879860501208, 0.0, -0.19198879860501208,
  -0.9813971169767131, 0.0]
- [0.0, 0.0, 1.0, -0.9811275671258225, 0.1933615707056718, 0.0, -0.1933615707056718,
  -0.9811275671258225, 0.0]
- [0.0, 0.0, 1.0, -0.9805986835044839, 0.19602607456477059, 0.0, -0.19602607456477059,
  -0.9805986835044839, 0.0]
- [0.0, 0.0, 1.0, -0.9804027365379246, 0.19700374156078493, 0.0, -0.19700374156078493,
  -0.9804027365379246, 0.0]
- [0.0, 0.0, 1.0, -0.9800605871857637, 0.19869888133831104, 0.0, -0.19869888133831104,
  -0.9800605871857637, 0.0]
- [0.0, 0.0, 1.0, -0.9799199101056779, 0.19939149876180806, 0.0, -0.19939149876180806,
  -0.9799199101056779, 0.0]
- [0.0, 0.0, 1.0, -0.9793650064894674, 0.20209944102813715, 0.0, -0.20209944102813715,
  -0.9793650064894674, 0.0]
- [0.0, 0.0, 1.0, -0.9791581479620216, 0.20309928921486659, 0.0, -0.20309928921486659,
  -0.9791581479620216, 0.0]
- [0.0, 0.0, 1.0, -0.9785888889890978, 0.20582464951283888, 0.0, -0.20582464951283888,
  -0.9785888889890978, 0.0]
- [0.0, 0.0, 1.0, -0.9783584385681635, 0.2069172918884864, 0.0, -0.2069172918884864,
  -0.9783584385681635, 0.0]
- [0.0, 0.0, 1.0, -0.9780013958545806, 0.20859834540688998, 0.0, -0.20859834540688998,
  -0.9780013958545806, 0.0]
- [0.0, 0.0, 1.0, -0.9777243326877779, 0.209893137739754, 0.0, -0.209893137739754,
  -0.9777243326877779, 0.0]
- [0.0, 0.0, 1.0, -0.9774578015459744, 0.21113087457051508, 0.0, -0.21113087457051508,
  -0.9774578015459744, 0.0]
- [0.0, 0.0, 1.0, -0.9772405942150105, 0.2121339695058131, 0.0, -0.2121339695058131,
  -0.9772405942150105, 0.0]
- [0.0, 0.0, 1.0, -0.9771060616962616, 0.2127527771767539, 0.0, -0.2127527771767539,
  -0.9771060616962616, 0.0]
- [0.0, 0.0, 1.0, -0.9770019734279447, 0.21323026032414247, 0.0, -0.21323026032414247,
  -0.9770019734279447, 0.0]
- [0.0, 0.0, 1.0, -0.9769601431966398, 0.2134218325410994, 0.0, -0.2134218325410994,
  -0.9769601431966398, 0.0]
- [0.0, 0.0, 1.0, -0.9769230951410472, 0.2135913532426733, 0.0, -0.2135913532426733,
  -0.9769230951410472, 0.0]
- [0.0, 0.0, 1.0, -0.9769233514151522, 0.21359018109404482, 0.0, -0.21359018109404482,
  -0.9769233514151522, 0.0]
- [0.0, 0.0, 1.0, -0.9770118958564225, 0.21318479156600043, 0.0, -0.21318479156600043,
  -0.9770118958564225, 0.0]
- [0.0, 0.0, 1.0, -0.9770574770678385, 0.2129757885437457, 0.0, -0.2129757885437457,
  -0.9770574770678385, 0.0]
- [0.0, 0.0, 1.0, -0.9772680000975084, 0.2120076790718124, 0.0, -0.2120076790718124,
  -0.9772680000975084, 0.0]
- [0.0, 0.0, 1.0, -0.9773127436908952, 0.21180132440420338, 0.0, -0.21180132440420338,
  -0.9773127436908952, 0.0]
- [0.0, 0.0, 1.0, -0.9777640543409223, 0.20970802092147542, 0.0, -0.20970802092147542,
  -0.9777640543409223, 0.0]
- [0.0, 0.0, 1.0, -0.9778411575473259, 0.20934820421132255, 0.0, -0.20934820421132255,
  -0.9778411575473259, 0.0]
- [0.0, 0.0, 1.0, -0.9782295831889958, 0.2075256190784249, 0.0, -0.2075256190784249,
  -0.9782295831889958, 0.0]
- [0.0, 0.0, 1.0, -0.9784980072804962, 0.2062562720212362, 0.0, -0.2062562720212362,
  -0.9784980072804962, 0.0]
- [0.0, 0.0, 1.0, -0.9791759824385785, 0.20301328876564875, 0.0, -0.20301328876564875,
  -0.9791759824385785, 0.0]
- [0.0, 0.0, 1.0, -0.9795448295473491, 0.20122605921464207, 0.0, -0.20122605921464207,
  -0.9795448295473491, 0.0]
- [0.0, 0.0, 1.0, -0.9802485772648794, 0.19776937773624045, 0.0, -0.19776937773624045,
  -0.9802485772648794, 0.0]
- [0.0, 0.0, 1.0, -0.9808295590863145, 0.19486758586934308, 0.0, -0.19486758586934308,
  -0.9808295590863145, 0.0]
- [0.0, 0.0, 1.0, -0.9815686023116469, 0.19111012258894075, 0.0, -0.19111012258894075,
  -0.9815686023116469, 0.0]
- [0.0, 0.0, 1.0, -0.982208278749908, 0.18779482728537295, 0.0, -0.18779482728537295,
  -0.982208278749908, 0.0]
- [0.0, 0.0, 1.0, -0.9826876680303135, 0.1852699303749646, 0.0, -0.1852699303749646,
  -0.9826876680303135, 0.0]
- [0.0, 0.0, 1.0, -0.9835048034816881, 0.18088200996352893, 0.0, -0.18088200996352893,
  -0.9835048034816881, 0.0]
- [0.0, 0.0, 1.0, -0.9838262100511356, 0.17912562188703982, 0.0, -0.17912562188703982,
  -0.9838262100511356, 0.0]
- [0.0, 0.0, 1.0, -0.9848915521621587, 0.1731722566683636, 0.0, -0.1731722566683636,
  -0.9848915521621587, 0.0]
- [0.0, 0.0, 1.0, -0.9852488297099988, 0.1711278573321066, 0.0, -0.1711278573321066,
  -0.9852488297099988, 0.0]
- [0.0, 0.0, 1.0, -0.986313842136549, 0.16487875790967937, 0.0, -0.16487875790967937,
  -0.986313842136549, 0.0]
- [0.0, 0.0, 1.0, -0.9866965417138451, 0.16257285926604817, 0.0, -0.16257285926604817,
  -0.9866965417138451, 0.0]
- [0.0, 0.0, 1.0, -0.9879029254074687, 0.15507356309624537, 0.0, -0.15507356309624537,
  -0.9879029254074687, 0.0]
- [0.0, 0.0, 1.0, -0.9883457397800106, 0.15222581469219845, 0.0, -0.15222581469219845,
  -0.9883457397800106, 0.0]
- [0.0, 0.0, 1.0, -0.9893094206361004, 0.1458316503392298, 0.0, -0.1458316503392298,
  -0.9893094206361004, 0.0]
- [0.0, 0.0, 1.0, -0.9900730187279523, 0.14055396681317764, 0.0, -0.14055396681317764,
  -0.9900730187279523, 0.0]
- [0.0, 0.0, 1.0, -0.9909128084047741, 0.134505784780296, 0.0, -0.134505784780296,
  -0.9909128084047741, 0.0]
- [0.0, 0.0, 1.0, -0.9999948846925263, -0.003198529159001174, 0.0, 0.003198529159001174,
  -0.9999948846925263, 0.0]
- [0.0, 0.0, 1.0, -0.999982926312327, -0.00584355061888231, 0.0, 0.00584355061888231,
  -0.999982926312327, 0.0]
- [0.0, 0.0, 1.0, -0.9936947476191385, 0.11211934959736776, 0.0, -0.11211934959736776,
  -0.9936947476191385, 0.0]
- [0.0, 0.0, 1.0, -0.9941814883073753, 0.10771800363417432, 0.0, -0.10771800363417432,
  -0.9941814883073753, 0.0]
- [0.0, 0.0, 1.0, -0.9953576903953639, 0.09624483451493382, 0.0, -0.09624483451493382,
  -0.9953576903953639, 0.0]
- [0.0, 0.0, 1.0, -0.9960006847860398, 0.08934559813297811, 0.0, -0.08934559813297811,
  -0.9960006847860398, 0.0]
- [0.0, 0.0, 1.0, -0.9967737134761395, 0.0802630931561145, 0.0, -0.0802630931561145,
  -0.9967737134761395, 0.0]
- [0.0, 0.0, 1.0, -0.9977031845890376, 0.06773740075388818, 0.0, -0.06773740075388818,
  -0.9977031845890376, 0.0]
- [0.0, 0.0, 1.0, -0.9981765495712213, 0.060362040108758556, 0.0, -0.060362040108758556,
  -0.9981765495712213, 0.0]
- [0.0, 0.0, 1.0, -0.9988664054810186, 0.04760151259602317, 0.0, -0.04760151259602317,
  -0.9988664054810186, 0.0]
- [0.0, 0.0, 1.0, -0.9992978127767529, 0.03746840508478688, 0.0, -0.03746840508478688,
  -0.9992978127767529, 0.0]
- [0.0, 0.0, 1.0, -0.9997029671660603, 0.024371652372678104, 0.0, -0.024371652372678104,
  -0.9997029671660603, 0.0]
- [0.0, 0.0, 1.0, -0.9999639909475462, 0.008486271752393032, 0.0, -0.008486271752393032,
  -0.9999639909475462, 0.0]
- [0.0, 0.0, 1.0, -0.9999989522485756, -0.0014475847992661442, 0.0, 0.0014475847992661442,
  -0.9999989522485756, 0.0]
- [0.0, 0.0, 1.0, -0.9998074427294548, -0.01962339070568564, 0.0, 0.01962339070568564,
  -0.9998074427294548, 0.0]
- [0.0, 0.0, 1.0, -0.9994352870472618, -0.033602187499588564, 0.0, 0.033602187499588564,
  -0.9994352870472618, 0.0]
- [0.0, 0.0, 1.0, -0.9989530588564887, -0.04574698024202886, 0.0, 0.04574698024202886,
  -0.9989530588564887, 0.0]
- [0.0, 0.0, 1.0, -0.9978574990902164, -0.06542485391209449, 0.0, 0.06542485391209449,
  -0.9978574990902164, 0.0]
- [0.0, 0.0, 1.0, -0.996899421396309, -0.07868636234891305, 0.0, 0.07868636234891305,
  -0.996899421396309, 0.0]
- [0.0, 0.0, 1.0, -0.9955167039694135, -0.09458589809202553, 0.0, 0.09458589809202553,
  -0.9955167039694135, 0.0]
- [0.0, 0.0, 1.0, -0.9935439070652927, -0.11344824693856168, 0.0, 0.11344824693856168,
  -0.9935439070652927, 0.0]
- [0.0, 0.0, 1.0, -0.9919424998588865, -0.1266888983838089, 0.0, 0.1266888983838089,
  -0.9919424998588865, 0.0]
- [0.0, 0.0, 1.0, -0.9895736609920744, -0.1440276691151494, 0.0, 0.1440276691151494,
  -0.9895736609920744, 0.0]
- [0.0, 0.0, 1.0, -0.9868015511717763, -0.16193424160743913, 0.0, 0.16193424160743913,
  -0.9868015511717763, 0.0]
- [0.0, 0.0, 1.0, -0.9846414959406095, -0.17458844312221422, 0.0, 0.17458844312221422,
  -0.9846414959406095, 0.0]
- [0.0, 0.0, 1.0, -0.9813036305968682, -0.1924660608455562, 0.0, 0.1924660608455562,
  -0.9813036305968682, 0.0]
- [0.0, 0.0, 1.0, -0.9772696738786908, -0.21199996348357564, 0.0, 0.21199996348357564,
  -0.9772696738786908, 0.0]
- [0.0, 0.0, 1.0, -0.9741984546166288, -0.22569309032970505, 0.0, 0.22569309032970505,
  -0.9741984546166288, 0.0]
- [0.0, 0.0, 1.0, -0.9700305574107991, -0.24298295761080516, 0.0, 0.24298295761080516,
  -0.9700305574107991, 0.0]
- [0.0, 0.0, 1.0, -0.9645320372991292, -0.2639658103307914, 0.0, 0.2639658103307914,
  -0.9645320372991292, 0.0]
- [0.0, 0.0, 1.0, -0.9882256622381864, -0.1530034002690719, 0.0, 0.1530034002690719,
  -0.9882256622381864, 0.0]
- [0.0, 0.0, 1.0, -0.9829518409099497, -0.18386320581274807, 0.0, 0.18386320581274807,
  -0.9829518409099497, 0.0]
- [0.0, 0.0, 1.0, -0.947470399886006, -0.31984346380667483, 0.0, 0.31984346380667483,
  -0.947470399886006, 0.0]
- [0.0, 0.0, 1.0, -0.9394981412033306, -0.3425539996489406, 0.0, 0.3425539996489406,
  -0.9394981412033306, 0.0]
- [0.0, 0.0, 1.0, -0.9316308875880066, -0.3634059565994797, 0.0, 0.3634059565994797,
  -0.9316308875880066, 0.0]
- [0.0, 0.0, 1.0, -0.9223505139348771, -0.3863541502871012, 0.0, 0.3863541502871012,
  -0.9223505139348771, 0.0]
- [0.0, 0.0, 1.0, -0.9109800123947503, -0.4124505025057678, 0.0, 0.4124505025057678,
  -0.9109800123947503, 0.0]
- [0.0, 0.0, 1.0, -0.8985099023826897, -0.4389532495838819, 0.0, 0.4389532495838819,
  -0.8985099023826897, 0.0]
- [0.0, 0.0, 1.0, -0.8840316425540506, -0.467427058441408, 0.0, 0.467427058441408,
  -0.8840316425540506, 0.0]
- [0.0, 0.0, 1.0, -0.8693777565140018, -0.4941480714104638, 0.0, 0.4941480714104638,
  -0.8693777565140018, 0.0]
- [0.0, 0.0, 1.0, -0.8503400289452049, -0.5262336317392381, 0.0, 0.5262336317392381,
  -0.8503400289452049, 0.0]
- [0.0, 0.0, 1.0, -0.8271355752905404, -0.5620024377961247, 0.0, 0.5620024377961247,
  -0.8271355752905404, 0.0]
- [0.0, 0.0, 1.0, -0.7990262916549039, -0.6012960878337829, 0.0, 0.6012960878337829,
  -0.7990262916549039, 0.0]
- [0.0, 0.0, 1.0, -0.761123394089845, -0.6486071067828001, 0.0, 0.6486071067828001,
  -0.761123394089845, 0.0]
- [0.0, 0.0, 1.0, -0.7095539136029311, -0.7046511503508415, 0.0, 0.7046511503508415,
  -0.7095539136029311, 0.0]
- [0.0, 0.0, 1.0, -0.6325368083789236, -0.7745303002761124, 0.0, 0.7745303002761124,
  -0.6325368083789236, 0.0]
- [0.0, 0.0, 1.0, -0.49997944235015207, -0.866037272423786, 0.0, 0.866037272423786,
  -0.49997944235015207, 0.0]
- [0.0, 0.0, 1.0, -0.24319904983905913, -0.969976402886884, 0.0, 0.969976402886884,
  -0.24319904983905913, 0.0]
- [0.0, 0.0, 1.0, 0.2767275923954337, -0.9609484063190005, 0.0, 0.9609484063190005,
  0.2767275923954337, 0.0]
- [0.0, 0.0, 1.0, 0.6587127141323479, -0.752394550910887, 0.0, 0.752394550910887,
  0.6587127141323479, 0.0]
- [0.0, 0.0, 1.0, 0.7842249787938287, -0.6204765770243217, 0.0, 0.6204765770243217,
  0.7842249787938287, 0.0]
- [0.0, 0.0, 1.0, 0.8374125991918979, -0.5465712567585947, 0.0, 0.5465712567585947,
  0.8374125991918979, 0.0]
- [0.0, 0.0, 1.0, 0.8699228189262583, -0.4931878841895779, 0.0, 0.4931878841895779,
  0.8699228189262583, 0.0]
- [0.0, 0.0, 1.0, 0.8932072944012481, -0.44964511476096575, 0.0, 0.44964511476096575,
  0.8932072944012481, 0.0]
- [0.0, 0.0, 1.0, 0.9082643164832387, -0.4183968587396842, 0.0, 0.4183968587396842,
  0.9082643164832387, 0.0]
- [0.0, 0.0, 1.0, 0.9211764504460439, -0.3891451491970923, 0.0, 0.3891451491970923,
  0.9211764504460439, 0.0]
- [0.0, 0.0, 1.0, 0.9311701131783181, -0.3645849973922106, 0.0, 0.3645849973922106,
  0.9311701131783181, 0.0]
- [0.0, 0.0, 1.0, 0.9390440320886901, -0.34379689614453335, 0.0, 0.34379689614453335,
  0.9390440320886901, 0.0]
- [0.0, 0.0, 1.0, 0.9468434794454638, -0.3216946151734714, 0.0, 0.3216946151734714,
  0.9468434794454638, 0.0]
- [0.0, 0.0, 1.0, 0.9528719218642014, -0.30337287374256616, 0.0, 0.30337287374256616,
  0.9528719218642014, 0.0]
- [0.0, 0.0, 1.0, 0.9577326570298691, -0.28765979499837535, 0.0, 0.28765979499837535,
  0.9577326570298691, 0.0]
- [0.0, 0.0, 1.0, 0.9626848956661743, -0.2706248171476647, 0.0, 0.2706248171476647,
  0.9626848956661743, 0.0]
- [0.0, 0.0, 1.0, 0.9674329322222006, -0.25312748102873955, 0.0, 0.25312748102873955,
  0.9674329322222006, 0.0]
- [0.0, 0.0, 1.0, 0.9712654727345411, -0.23799870057155437, 0.0, 0.23799870057155437,
  0.9712654727345411, 0.0]
- [0.0, 0.0, 1.0, 0.97411602745746, -0.2260485900210332, 0.0, 0.2260485900210332,
  0.97411602745746, 0.0]
- [0.0, 0.0, 1.0, 0.9781492482631671, -0.2079039396505058, 0.0, 0.2079039396505058,
  0.9781492482631671, 0.0]
- [0.0, 0.0, 1.0, 0.9809137579604911, -0.19444330650301891, 0.0, 0.19444330650301891,
  0.9809137579604911, 0.0]
- [0.0, 0.0, 1.0, 0.9829174842022649, -0.18404678549078302, 0.0, 0.18404678549078302,
  0.9829174842022649, 0.0]
- [0.0, 0.0, 1.0, 0.9992652828794768, -0.038326158583913424, 0.0, 0.038326158583913424,
  0.9992652828794768, 0.0]
- [0.0, 0.0, 1.0, 0.9996849498662785, -0.025099820932750986, 0.0, 0.025099820932750986,
  0.9996849498662785, 0.0]
- [0.0, 0.0, 1.0, 0.9900110534779699, -0.1409897655556605, 0.0, 0.1409897655556605,
  0.9900110534779699, 0.0]
- [0.0, 0.0, 1.0, 0.9924861807526154, -0.12235677756089658, 0.0, 0.12235677756089658,
  0.9924861807526154, 0.0]
- [0.0, 0.0, 1.0, 0.9934967489850602, -0.11386048373389498, 0.0, 0.11386048373389498,
  0.9934967489850602, 0.0]
- [0.0, 0.0, 1.0, 0.9950264557274036, -0.09961100542892558, 0.0, 0.09961100542892558,
  0.9950264557274036, 0.0]
- [0.0, 0.0, 1.0, 0.9963505540833293, -0.08535557028011014, 0.0, 0.08535557028011014,
  0.9963505540833293, 0.0]
- [0.0, 0.0, 1.0, 0.9971194516425185, -0.07584720928368657, 0.0, 0.07584720928368657,
  0.9971194516425185, 0.0]
- [0.0, 0.0, 1.0, 0.9982330659184493, -0.05942008168164059, 0.0, 0.05942008168164059,
  0.9982330659184493, 0.0]
- [0.0, 0.0, 1.0, 0.9988010481278768, -0.04895371547344341, 0.0, 0.04895371547344341,
  0.9988010481278768, 0.0]
- [0.0, 0.0, 1.0, 0.9993045454902316, -0.03728840788451408, 0.0, 0.03728840788451408,
  0.9993045454902316, 0.0]
- [0.0, 0.0, 1.0, 0.9997976459871822, -0.020116338595502478, 0.0, 0.020116338595502478,
  0.9997976459871822, 0.0]
- [0.0, 0.0, 1.0, 0.9999389712006646, -0.011047799516484012, 0.0, 0.011047799516484012,
  0.9999389712006646, 0.0]
- [0.0, 0.0, 1.0, 0.9999916800118668, 0.004079204217061736, 0.0, -0.004079204217061736,
  0.9999916800118668, 0.0]
- [0.0, 0.0, 1.0, 0.999835680680463, 0.01812764844747215, 0.0, -0.01812764844747215,
  0.999835680680463, 0.0]
- [0.0, 0.0, 1.0, 0.9995558793634634, 0.029800067616261302, 0.0, -0.029800067616261302,
  0.9995558793634634, 0.0]
- [0.0, 0.0, 1.0, 0.9989888659026089, 0.04495826734449899, 0.0, -0.04495826734449899,
  0.9989888659026089, 0.0]
- [0.0, 0.0, 1.0, 0.9984531518733651, 0.05559949203133854, 0.0, -0.05559949203133854,
  0.9984531518733651, 0.0]
- [0.0, 0.0, 1.0, 0.9975278619947362, 0.07027207513807045, 0.0, -0.07027207513807045,
  0.9975278619947362, 0.0]
- [0.0, 0.0, 1.0, 0.9964396625718137, 0.08430894883563737, 0.0, -0.08430894883563737,
  0.9964396625718137, 0.0]
- [0.0, 0.0, 1.0, 0.9956775248493016, 0.09287769651519243, 0.0, -0.09287769651519243,
  0.9956775248493016, 0.0]
- [0.0, 0.0, 1.0, 0.9937073650518004, 0.11200746690202412, 0.0, -0.11200746690202412,
  0.9937073650518004, 0.0]
- [0.0, 0.0, 1.0, 0.9925821142449442, 0.12157609337791866, 0.0, -0.12157609337791866,
  0.9925821142449442, 0.0]
- [0.0, 0.0, 1.0, 0.9912723470448046, 0.13182994342820775, 0.0, -0.13182994342820775,
  0.9912723470448046, 0.0]
- [0.0, 0.0, 1.0, 0.9887474754585961, 0.14959421704816314, 0.0, -0.14959421704816314,
  0.9887474754585961, 0.0]
- [0.0, 0.0, 1.0, 0.9875237961366663, 0.1574698449349208, 0.0, -0.1574698449349208,
  0.9875237961366663, 0.0]
- [0.0, 0.0, 1.0, 0.9851197458618125, 0.1718693873648184, 0.0, -0.1718693873648184,
  0.9851197458618125, 0.0]
- [0.0, 0.0, 1.0, 0.9830330737209699, 0.18342839466860633, 0.0, -0.18342839466860633,
  0.9830330737209699, 0.0]
- [0.0, 0.0, 1.0, 0.9811221570395989, 0.19338901976576792, 0.0, -0.19338901976576792,
  0.9811221570395989, 0.0]
- [0.0, 0.0, 1.0, 0.9782638597973533, 0.20736398099569764, 0.0, -0.20736398099569764,
  0.9782638597973533, 0.0]
- [0.0, 0.0, 1.0, 0.9961808124765639, 0.08731431070296078, 0.0, -0.08731431070296078,
  0.9961808124765639, 0.0]
- [0.0, 0.0, 1.0, 0.9943388126426228, 0.10625594417471071, 0.0, -0.10625594417471071,
  0.9943388126426228, 0.0]
- [0.0, 0.0, 1.0, 0.9723483777499851, 0.23353507720891165, 0.0, -0.23353507720891165,
  0.9723483777499851, 0.0]
- [0.0, 0.0, 1.0, 0.9708708392166943, 0.23960345064016084, 0.0, -0.23960345064016084,
  0.9708708392166943, 0.0]
- [0.0, 0.0, 1.0, 0.9689345264767298, 0.24731737383636287, 0.0, -0.24731737383636287,
  0.9689345264767298, 0.0]
- [0.0, 0.0, 1.0, 0.9683473530507515, 0.24960649799154522, 0.0, -0.24960649799154522,
  0.9683473530507515, 0.0]
- [0.0, 0.0, 1.0, 0.9667193185243769, 0.25583932299739326, 0.0, -0.25583932299739326,
  0.9667193185243769, 0.0]
- [0.0, 0.0, 1.0, 0.9662817329380164, 0.25748711150328263, 0.0, -0.25748711150328263,
  0.9662817329380164, 0.0]
- [0.0, 0.0, 1.0, 0.9654970788601673, 0.2604138834864299, 0.0, -0.2604138834864299,
  0.9654970788601673, 0.0]
- [0.0, 0.0, 1.0, 0.965143081152339, 0.26172281693381133, 0.0, -0.26172281693381133,
  0.965143081152339, 0.0]
- [0.0, 0.0, 1.0, 0.9647761246139409, 0.26307228925697485, 0.0, -0.26307228925697485,
  0.9647761246139409, 0.0]
- [0.0, 0.0, 1.0, 0.9647537399594667, 0.26315436768980627, 0.0, -0.26315436768980627,
  0.9647537399594667, 0.0]
- [0.0, 0.0, 1.0, 0.9647433543900634, 0.2631924394054825, 0.0, -0.2631924394054825,
  0.9647433543900634, 0.0]
- [0.0, 0.0, 1.0, 0.9652789504221029, 0.2612212622892775, 0.0, -0.2612212622892775,
  0.9652789504221029, 0.0]
- [0.0, 0.0, 1.0, 0.9655790859883472, 0.26010964746027393, 0.0, -0.26010964746027393,
  0.9655790859883472, 0.0]
- [0.0, 0.0, 1.0, 0.9665804939650149, 0.2563633138464784, 0.0, -0.2563633138464784,
  0.9665804939650149, 0.0]
- [0.0, 0.0, 1.0, 0.9669706126278206, 0.2548878857736815, 0.0, -0.2548878857736815,
  0.9669706126278206, 0.0]
- [0.0, 0.0, 1.0, 0.9688208566552091, 0.24776228064390016, 0.0, -0.24776228064390016,
  0.9688208566552091, 0.0]
- [0.0, 0.0, 1.0, 0.9694406668277292, 0.24532589243821673, 0.0, -0.24532589243821673,
  0.9694406668277292, 0.0]
- [0.0, 0.0, 1.0, 0.9711280999017046, 0.23855861665700745, 0.0, -0.23855861665700745,
  0.9711280999017046, 0.0]
- [0.0, 0.0, 1.0, 0.9724920455354663, 0.2329360885956581, 0.0, -0.2329360885956581,
  0.9724920455354663, 0.0]
- [0.0, 0.0, 1.0, 0.9740345079720791, 0.2263995964651652, 0.0, -0.2263995964651652,
  0.9740345079720791, 0.0]
- [0.0, 0.0, 1.0, 0.9760291728329199, 0.2176397339161354, 0.0, -0.2176397339161354,
  0.9760291728329199, 0.0]
- [0.0, 0.0, 1.0, 0.9771985212047143, 0.21232769521501363, 0.0, -0.21232769521501363,
  0.9771985212047143, 0.0]
- [0.0, 0.0, 1.0, 0.9793542884739665, 0.20215137310355044, 0.0, -0.20215137310355044,
  0.9793542884739665, 0.0]
- [0.0, 0.0, 1.0, 0.9805819792897539, 0.19610961703136595, 0.0, -0.19610961703136595,
  0.9805819792897539, 0.0]
- [0.0, 0.0, 1.0, 0.982665552330859, 0.18538719551869776, 0.0, -0.18538719551869776,
  0.982665552330859, 0.0]
- [0.0, 0.0, 1.0, 0.9842920138055958, 0.17654809984399328, 0.0, -0.17654809984399328,
  0.9842920138055958, 0.0]
- [0.0, 0.0, 1.0, 0.9855587455553878, 0.16933386861254393, 0.0, -0.16933386861254393,
  0.9855587455553878, 0.0]
- [0.0, 0.0, 1.0, 0.9877014604396958, 0.15635160710812077, 0.0, -0.15635160710812077,
  0.9877014604396958, 0.0]
- [0.0, 0.0, 1.0, 0.9887922308400167, 0.14929810524726433, 0.0, -0.14929810524726433,
  0.9887922308400167, 0.0]
- [0.0, 0.0, 1.0, 0.99062747752693, 0.13659136418028625, 0.0, -0.13659136418028625,
  0.99062747752693, 0.0]
- [0.0, 0.0, 1.0, 0.9922411660268322, 0.12432806779529869, 0.0, -0.12432806779529869,
  0.9922411660268322, 0.0]
- [0.0, 0.0, 1.0, 0.9932705574341432, 0.11581709603709774, 0.0, -0.11581709603709774,
  0.9932705574341432, 0.0]
- [0.0, 0.0, 1.0, 0.9951225837035473, 0.09864605112814431, 0.0, -0.09864605112814431,
  0.9951225837035473, 0.0]
- [0.0, 0.0, 1.0, 0.9959395574619535, 0.09002442936496839, 0.0, -0.09002442936496839,
  0.9959395574619535, 0.0]
- [0.0, 0.0, 1.0, 0.9969262934452051, 0.0783451685658069, 0.0, -0.0783451685658069,
  0.9969262934452051, 0.0]
- [0.0, 0.0, 1.0, 0.9980663456059048, 0.062157620360454344, 0.0, -0.062157620360454344,
  0.9980663456059048, 0.0]
- [0.0, 0.0, 1.0, 0.9985976949748666, 0.052939999913894434, 0.0, -0.052939999913894434,
  0.9985976949748666, 0.0]
- [0.0, 0.0, 1.0, 0.9992847732683827, 0.03781457277236852, 0.0, -0.03781457277236852,
  0.9992847732683827, 0.0]
- [0.0, 0.0, 1.0, 0.9997112151979376, 0.02403094270857386, 0.0, -0.02403094270857386,
  0.9997112151979376, 0.0]
- [0.0, 0.0, 1.0, 0.9999168961438369, 0.01289188915850162, 0.0, -0.01289188915850162,
  0.9999168961438369, 0.0]
- [0.0, 0.0, 1.0, 0.9999895599122656, -0.004569471137162155, 0.0, 0.004569471137162155,
  0.9999895599122656, 0.0]
- [0.0, 0.0, 1.0, 0.9999891701481771, -0.004653986072193166, 0.0, 0.004653986072193166,
  0.9999891701481771, 0.0]
- [0.0, 0.0, 1.0, 0.9998633877797879, -0.016528937580063654, 0.0, 0.016528937580063654,
  0.9998633877797879, 0.0]
- [0.0, 0.0, 1.0, 0.9986991120401617, -0.050991014994727996, 0.0, 0.050991014994727996,
  0.9986991120401617, 0.0]
- [0.0, 0.0, 1.0, 0.9980470767713457, -0.06246625127355968, 0.0, 0.06246625127355968,
  0.9980470767713457, 0.0]
- [0.0, 0.0, 1.0, 0.9970173035495561, -0.0771783416689707, 0.0, 0.0771783416689707,
  0.9970173035495561, 0.0]
- [0.0, 0.0, 1.0, 0.9956698554823404, -0.0929598778171285, 0.0, 0.0929598778171285,
  0.9956698554823404, 0.0]
- [0.0, 0.0, 1.0, 0.99474426154345, -0.10239069355354735, 0.0, 0.10239069355354735,
  0.99474426154345, 0.0]
- [0.0, 0.0, 1.0, 0.9936928150724534, -0.11213647610560533, 0.0, 0.11213647610560533,
  0.9936928150724534, 0.0]
- [0.0, 0.0, 1.0, 0.9928786442127573, -0.11913017193908937, 0.0, 0.11913017193908937,
  0.9928786442127573, 0.0]
- [0.0, 0.0, 1.0, 0.9809531613361372, -0.1942444214504972, 0.0, 0.1942444214504972,
  0.9809531613361372, 0.0]
- [0.0, 0.0, 1.0, -0.8543979005945568, 0.5196193101296506, 0.0, -0.5196193101296506,
  -0.8543979005945568, 0.0]
- [0.0, 0.0, 1.0, 0.04002810918818316, 0.9991985540796278, 0.0, -0.9991985540796278,
  0.04002810918818316, 0.0]
- [0.0, 0.0, 1.0, 0.04002810918819164, 0.9991985540796275, 0.0, -0.9991985540796275,
  0.04002810918819164, 0.0]
- [0.0, 0.0, 1.0, 0.04002810918818318, 0.9991985540796278, 0.0, -0.9991985540796278,
  0.04002810918818318, 0.0]
- [0.0, 0.0, 1.0, 0.04002810918819163, 0.9991985540796275, 0.0, -0.9991985540796275,
  0.04002810918819163, 0.0]
- [0.0, 0.0, 1.0, 0.04002810918818318, 0.9991985540796278, 0.0, -0.9991985540796278,
  0.04002810918818318, 0.0]
- [0.0, 0.0, 1.0, 0.04002810918819165, 0.9991985540796275, 0.0, -0.9991985540796275,
  0.04002810918819165, 0.0]
- [0.0, 0.0, 1.0, 0.040028109188183135, 0.9991985540796278, 0.0, -0.9991985540796278,
  0.040028109188183135, 0.0]
- [0.0, 0.0, 1.0, -0.11198606427702068, 0.9937097772527665, 0.0, -0.9937097772527665,
  -0.11198606427702068, 0.0]
