nodes:
- [7.19227734 0.09849286 0.00000000]
- [7.12882101 0.11397459 0.00000000]
- [7.05689311 0.13518010 0.00000000]
- [6.98487786 0.15607828 0.00000000]
- [6.91279771 0.17678507 0.00000000]
- [6.84063805 0.19727191 0.00000000]
- [6.76844878 0.21770869 0.00000000]
- [6.69622486 0.23805423 0.00000000]
- [6.62398078 0.25842831 0.00000000]
- [6.55177954 0.27894797 0.00000000]
- [6.47958697 0.29947311 0.00000000]
- [6.40741339 0.32008530 0.00000000]
- [6.33218868 0.33001302 0.00000000]
- [6.25908968 0.33933538 0.00000000]
- [6.18907846 0.35944145 0.00000000]
- [6.11908019 0.37955276 0.00000000]
- [6.04907868 0.39967017 0.00000000]
- [5.97908457 0.41981317 0.00000000]
- [5.90909859 0.43995887 0.00000000]
- [5.83912278 0.46010169 0.00000000]
- [5.76913794 0.48021077 0.00000000]
- [5.69914412 0.50031994 0.00000000]
- [5.62916744 0.52042176 0.00000000]
- [5.55917814 0.54045226 0.00000000]
- [5.48916202 0.56045862 0.00000000]
- [5.41915516 0.58046231 0.00000000]
- [5.34915560 0.60039443 0.00000000]
- [5.27911155 0.62023507 0.00000000]
- [5.20904398 0.64008238 0.00000000]
- [5.13903318 0.65990513 0.00000000]
- [5.06896237 0.67950529 0.00000000]
- [4.99882777 0.69910486 0.00000000]
- [4.92872430 0.71869567 0.00000000]
- [4.85863008 0.73813924 0.00000000]
- [4.78845170 0.75741744 0.00000000]
- [4.71822673 0.77670840 0.00000000]
- [4.64809372 0.79597404 0.00000000]
- [4.57788509 0.81488851 0.00000000]
- [4.50801444 0.83363815 0.00000000]
- [4.43815443 0.85238488 0.00000000]
- [4.36838188 0.87099194 0.00000000]
- [4.29847024 0.88917023 0.00000000]
- [4.22843745 0.90736146 0.00000000]
- [4.15848688 0.92553125 0.00000000]
- [4.08855884 0.94334916 0.00000000]
- [4.01844390 0.96079443 0.00000000]
- [3.94822531 0.97826537 0.00000000]
- [3.87818054 0.99568479 0.00000000]
- [3.80804427 1.01243064 0.00000000]
- [3.73766904 1.02895868 0.00000000]
- [3.66726607 1.04549314 0.00000000]
- [3.59706700 1.06181526 0.00000000]
- [3.52666280 1.07724076 0.00000000]
- [3.45598528 1.09257302 0.00000000]
- [3.38540437 1.10788431 0.00000000]
- [3.31497046 1.12263491 0.00000000]
- [3.24421660 1.13646679 0.00000000]
- [3.17321313 1.15031099 0.00000000]
- [3.10249596 1.16405744 0.00000000]
- [3.03173212 1.17664031 0.00000000]
- [2.96054889 1.18863705 0.00000000]
- [2.88929365 1.20064597 0.00000000]
- [2.81841583 1.21221165 0.00000000]
- [2.74689274 1.21966961 0.00000000]
- [2.64970793 1.23046495 0.00000000]
- [2.57880404 1.23991837 0.00000000]
- [2.50773393 1.24757362 0.00000000]
- [2.43606907 1.25485553 0.00000000]
- [2.36473697 1.26210563 0.00000000]
- [2.29370502 1.26779211 0.00000000]
- [2.22210051 1.27209794 0.00000000]
- [2.15028879 1.27641822 0.00000000]
- [2.07921379 1.27996553 0.00000000]
- [2.00784189 1.28098209 0.00000000]
- [1.93584881 1.28197403 0.00000000]
- [1.86476916 1.28245942 0.00000000]
- [1.77060589 1.28161933 0.00000000]
- [1.70000785 1.28130630 0.00000000]
- [1.63037076 1.27748598 0.00000000]
- [1.56068846 1.27040453 0.00000000]
- [1.49048532 1.26328122 0.00000000]
- [1.42144319 1.25494298 0.00000000]
- [1.35254001 1.24300697 0.00000000]
- [1.28329232 1.23095938 0.00000000]
- [1.21536998 1.21685578 0.00000000]
- [1.14756490 1.19947952 0.00000000]
- [1.07995581 1.18199034 0.00000000]
- [1.01394825 1.16101180 0.00000000]
- [0.94785598 1.13782328 0.00000000]
- [0.88278790 1.11381536 0.00000000]
- [0.81930512 1.08559500 0.00000000]
- [0.75598252 1.05666452 0.00000000]
- [0.69501871 1.02444798 0.00000000]
- [0.63484195 0.98933522 0.00000000]
- [0.57621999 0.95332209 0.00000000]
- [0.52043079 0.91218306 0.00000000]
- [0.46496800 0.87138922 0.00000000]
- [0.41445503 0.82493756 0.00000000]
- [0.36396648 0.77764125 0.00000000]
- [0.31781985 0.72680783 0.00000000]
- [0.27325105 0.67435385 0.00000000]
- [0.23296039 0.61892192 0.00000000]
- [0.19517220 0.56156024 0.00000000]
- [0.16158942 0.50188578 0.00000000]
- [0.13120967 0.44046838 0.00000000]
- [0.10533972 0.37713335 0.00000000]
- [0.07132813 0.31652902 0.00000000]
- [0.04360531 0.24906910 0.00000000]
- [0.03213937 0.17651589 0.00000000]
- [0.02164355 0.10385827 0.00000000]
- [0.01624834 0.03150118 0.00000000]
- [0.02018553 -0.04124961 0.00000000]
- [0.02637238 -0.11415090 0.00000000]
- [0.03842065 -0.18641350 0.00000000]
- [0.06392087 -0.25464275 0.00000000]
- [0.09855662 -0.31616414 0.00000000]
- [0.12463080 -0.38077995 0.00000000]
- [0.15647156 -0.44276023 0.00000000]
- [0.19122146 -0.50307573 0.00000000]
- [0.23131260 -0.56001961 0.00000000]
- [0.27436435 -0.61496760 0.00000000]
- [0.32169645 -0.66654130 0.00000000]
- [0.37139936 -0.71600739 0.00000000]
- [0.42454632 -0.76220703 0.00000000]
- [0.47909947 -0.80647202 0.00000000]
- [0.53706047 -0.84673826 0.00000000]
- [0.59578109 -0.88590390 0.00000000]
- [0.65733142 -0.92074503 0.00000000]
- [0.71949900 -0.95495776 0.00000000]
- [0.78347995 -0.98522562 0.00000000]
- [0.84860495 -1.01442106 0.00000000]
- [0.91412740 -1.04133651 0.00000000]
- [0.98133679 -1.06540074 0.00000000]
- [1.04856082 -1.08905837 0.00000000]
- [1.11671266 -1.10911620 0.00000000]
- [1.18588072 -1.12824190 0.00000000]
- [1.25474015 -1.14615311 0.00000000]
- [1.32459614 -1.16078969 0.00000000]
- [1.39538035 -1.17377575 0.00000000]
- [1.45116370 -1.18269137 0.00000000]
- [1.52189817 -1.19277925 0.00000000]
- [1.59329404 -1.20266072 0.00000000]
- [1.66385697 -1.21148253 0.00000000]
- [1.73506124 -1.21676093 0.00000000]
- [1.80702270 -1.22210837 0.00000000]
- [1.87812362 -1.22643049 0.00000000]
- [1.94955227 -1.22762189 0.00000000]
- [2.02189313 -1.22852656 0.00000000]
- [2.09313448 -1.22941093 0.00000000]
- [2.16427088 -1.22620010 0.00000000]
- [2.23658227 -1.22281131 0.00000000]
- [2.30200235 -1.21971360 0.00000000]
- [2.36688468 -1.21616985 0.00000000]
- [2.43944579 -1.21013293 0.00000000]
- [2.51221585 -1.20256677 0.00000000]
- [2.58402778 -1.19452661 0.00000000]
- [2.65554485 -1.18315395 0.00000000]
- [2.72793306 -1.17160141 0.00000000]
- [2.79965609 -1.16016023 0.00000000]
- [2.87057847 -1.14623508 0.00000000]
- [2.94192577 -1.13091066 0.00000000]
- [3.01351034 -1.11553608 0.00000000]
- [3.08414113 -1.09999146 0.00000000]
- [3.15407081 -1.08115232 0.00000000]
- [3.22486690 -1.06208974 0.00000000]
- [3.29531160 -1.04312275 0.00000000]
- [3.36493857 -1.02296200 0.00000000]
- [3.43442069 -1.00103940 0.00000000]
- [3.50434128 -0.97898064 0.00000000]
- [3.57380385 -0.95706873 0.00000000]
- [3.64250767 -0.93349726 0.00000000]
- [3.71142536 -0.90906526 0.00000000]
- [3.78052335 -0.88456927 0.00000000]
- [3.84913779 -0.86022305 0.00000000]
- [3.91704721 -0.83410319 0.00000000]
- [3.98535806 -0.80761880 0.00000000]
- [4.05366302 -0.78113636 0.00000000]
- [4.12157913 -0.75456816 0.00000000]
- [4.18906853 -0.72682964 0.00000000]
- [4.25683324 -0.69889391 0.00000000]
- [4.32455668 -0.67097505 0.00000000]
- [4.39091609 -0.64335575 0.00000000]
- [4.45708899 -0.61513955 0.00000000]
- [4.52340644 -0.58683562 0.00000000]
- [4.58972614 -0.55853073 0.00000000]
- [4.65603373 -0.53021440 0.00000000]
- [4.72233535 -0.50187372 0.00000000]
- [4.78864438 -0.47352977 0.00000000]
- [4.85507952 -0.44513807 0.00000000]
- [4.92180955 -0.41716768 0.00000000]
- [4.98857380 -0.38962736 0.00000000]
- [5.05526726 -0.36211692 0.00000000]
- [5.12234985 -0.33458166 0.00000000]
- [5.19001842 -0.30830275 0.00000000]
- [5.25749451 -0.28254908 0.00000000]
- [5.32505603 -0.25676424 0.00000000]
- [5.39338961 -0.23150590 0.00000000]
- [5.46222145 -0.20824010 0.00000000]
- [5.53053795 -0.18515354 0.00000000]
- [5.59957202 -0.16183323 0.00000000]
- [5.66957142 -0.14117549 0.00000000]
- [5.73900167 -0.12118412 0.00000000]
- [5.80888301 -0.10111999 0.00000000]
- [5.87968105 -0.08306350 0.00000000]
- [5.95027709 -0.06655870 0.00000000]
- [6.02113460 -0.05000156 0.00000000]
- [6.09299007 -0.03574681 0.00000000]
- [6.16456669 -0.02348638 0.00000000]
- [6.23653337 -0.01117456 0.00000000]
- [6.31062521 -0.01325748 0.00000000]
- [6.38678476 -0.01661467 0.00000000]
- [6.46201094 -0.00969330 0.00000000]
- [6.53746615 -0.00670236 0.00000000]
- [6.61287273 -0.00413643 0.00000000]
- [6.68842127 -0.00491462 0.00000000]
- [6.76389347 -0.00718877 0.00000000]
- [6.83932401 -0.01224666 0.00000000]
- [6.91464365 -0.01991773 0.00000000]
- [6.98959429 -0.03111976 0.00000000]
- [7.06397038 -0.04593423 0.00000000]
- [7.13732861 -0.06430374 0.00000000]
- [7.19550606 -0.08731397 0.00000000]
- [4.33661994 -0.60021965 0.00000000]
- [4.34868319 -0.52946424 0.00000000]
- [4.36074645 -0.45870883 0.00000000]
- [4.37280971 -0.38795342 0.00000000]
- [4.38487297 -0.31719802 0.00000000]
- [4.39693622 -0.24644261 0.00000000]
- [4.40899948 -0.17568720 0.00000000]
- [4.42106274 -0.10493179 0.00000000]
- [4.43312600 -0.03417639 0.00000000]
- [4.44518925 0.03657902 0.00000000]
- [4.45725251 0.10733443 0.00000000]
- [4.46931577 0.17808984 0.00000000]
- [4.48137903 0.24884524 0.00000000]
- [4.49344228 0.31960065 0.00000000]
- [4.50550554 0.39035606 0.00000000]
- [4.51756880 0.46111147 0.00000000]
- [4.52963206 0.53186687 0.00000000]
- [4.54169531 0.60262228 0.00000000]
- [4.55375857 0.67337769 0.00000000]
- [4.56582183 0.74413310 0.00000000]
- [1.46298100 -1.11225849 0.00000000]
- [1.47479830 -1.04182561 0.00000000]
- [1.48661560 -0.97139274 0.00000000]
- [1.49843290 -0.90095986 0.00000000]
- [1.51025020 -0.83052698 0.00000000]
- [1.52206750 -0.76009410 0.00000000]
- [1.53388479 -0.68966122 0.00000000]
- [1.54570209 -0.61922834 0.00000000]
- [1.55751939 -0.54879546 0.00000000]
- [1.56933669 -0.47836258 0.00000000]
- [1.58115399 -0.40792970 0.00000000]
- [1.59297129 -0.33749682 0.00000000]
- [1.60478859 -0.26706394 0.00000000]
- [1.61660589 -0.19663106 0.00000000]
- [1.62842318 -0.12619818 0.00000000]
- [1.64024048 -0.05576530 0.00000000]
- [1.65205778 0.01466758 0.00000000]
- [1.66387508 0.08510046 0.00000000]
- [1.67569238 0.15553334 0.00000000]
- [1.68750968 0.22596622 0.00000000]
- [1.69932698 0.29639910 0.00000000]
- [1.71114427 0.36683198 0.00000000]
- [1.72296157 0.43726486 0.00000000]
- [1.73477887 0.50769774 0.00000000]
- [1.74659617 0.57813062 0.00000000]
- [1.75841347 0.64856350 0.00000000]
- [1.77023077 0.71899638 0.00000000]
- [1.78204807 0.78942926 0.00000000]
- [1.79386536 0.85986214 0.00000000]
- [1.80568266 0.93029502 0.00000000]
- [1.81749996 1.00072790 0.00000000]
- [1.82931726 1.07116078 0.00000000]
- [1.84113456 1.14159366 0.00000000]
- [1.85295186 1.21202654 0.00000000]
- [2.24838586 -1.15271771 0.00000000]
- [2.26018945 -1.08262410 0.00000000]
- [2.27199304 -1.01253049 0.00000000]
- [2.28379663 -0.94243688 0.00000000]
- [2.29560022 -0.87234328 0.00000000]
- [2.30740381 -0.80224967 0.00000000]
- [2.31920740 -0.73215606 0.00000000]
- [2.33101099 -0.66206245 0.00000000]
- [2.34281458 -0.59196885 0.00000000]
- [2.35461817 -0.52187524 0.00000000]
- [2.36642176 -0.45178163 0.00000000]
- [2.37822535 -0.38168802 0.00000000]
- [2.39002894 -0.31159442 0.00000000]
- [2.40183253 -0.24150081 0.00000000]
- [2.41363612 -0.17140720 0.00000000]
- [2.42543971 -0.10131359 0.00000000]
- [2.43724330 -0.03121998 0.00000000]
- [2.44904689 0.03887362 0.00000000]
- [2.46085049 0.10896723 0.00000000]
- [2.47265408 0.17906084 0.00000000]
- [2.48445767 0.24915445 0.00000000]
- [2.49626126 0.31924805 0.00000000]
- [2.50806485 0.38934166 0.00000000]
- [2.51986844 0.45943527 0.00000000]
- [2.53167203 0.52952888 0.00000000]
- [2.54347562 0.59962248 0.00000000]
- [2.55527921 0.66971609 0.00000000]
- [2.56708280 0.73980970 0.00000000]
- [2.57888639 0.80990331 0.00000000]
- [2.59068998 0.87999691 0.00000000]
- [2.60249357 0.95009052 0.00000000]
- [2.61429716 1.02018413 0.00000000]
- [2.62610075 1.09027774 0.00000000]
- [2.63790434 1.16037135 0.00000000]
elements:
- [1 2]
- [2 3]
- [3 4]
- [4 5]
- [5 6]
- [6 7]
- [7 8]
- [8 9]
- [9 10]
- [10 11]
- [11 12]
- [12 13]
- [13 14]
- [14 15]
- [15 16]
- [16 17]
- [17 18]
- [18 19]
- [19 20]
- [20 21]
- [21 22]
- [22 23]
- [23 24]
- [24 25]
- [25 26]
- [26 27]
- [27 28]
- [28 29]
- [29 30]
- [30 31]
- [31 32]
- [32 33]
- [33 34]
- [34 35]
- [35 36]
- [36 37]
- [37 38]
- [38 39]
- [39 40]
- [40 41]
- [41 42]
- [42 43]
- [43 44]
- [44 45]
- [45 46]
- [46 47]
- [47 48]
- [48 49]
- [49 50]
- [50 51]
- [51 52]
- [52 53]
- [53 54]
- [54 55]
- [55 56]
- [56 57]
- [57 58]
- [58 59]
- [59 60]
- [60 61]
- [61 62]
- [62 63]
- [63 64]
- [64 65]
- [65 66]
- [66 67]
- [67 68]
- [68 69]
- [69 70]
- [70 71]
- [71 72]
- [72 73]
- [73 74]
- [74 75]
- [75 76]
- [76 77]
- [77 78]
- [78 79]
- [79 80]
- [80 81]
- [81 82]
- [82 83]
- [83 84]
- [84 85]
- [85 86]
- [86 87]
- [87 88]
- [88 89]
- [89 90]
- [90 91]
- [91 92]
- [92 93]
- [93 94]
- [94 95]
- [95 96]
- [96 97]
- [97 98]
- [98 99]
- [99 100]
- [100 101]
- [101 102]
- [102 103]
- [103 104]
- [104 105]
- [105 106]
- [106 107]
- [107 108]
- [108 109]
- [109 110]
- [110 111]
- [111 112]
- [112 113]
- [113 114]
- [114 115]
- [115 116]
- [116 117]
- [117 118]
- [118 119]
- [119 120]
- [120 121]
- [121 122]
- [122 123]
- [123 124]
- [124 125]
- [125 126]
- [126 127]
- [127 128]
- [128 129]
- [129 130]
- [130 131]
- [131 132]
- [132 133]
- [133 134]
- [134 135]
- [135 136]
- [136 137]
- [137 138]
- [138 139]
- [139 140]
- [140 141]
- [141 142]
- [142 143]
- [143 144]
- [144 145]
- [145 146]
- [146 147]
- [147 148]
- [148 149]
- [149 150]
- [150 151]
- [151 152]
- [152 153]
- [153 154]
- [154 155]
- [155 156]
- [156 157]
- [157 158]
- [158 159]
- [159 160]
- [160 161]
- [161 162]
- [162 163]
- [163 164]
- [164 165]
- [165 166]
- [166 167]
- [167 168]
- [168 169]
- [169 170]
- [170 171]
- [171 172]
- [172 173]
- [173 174]
- [174 175]
- [175 176]
- [176 177]
- [177 178]
- [178 179]
- [179 180]
- [180 181]
- [181 182]
- [182 183]
- [183 184]
- [184 185]
- [185 186]
- [186 187]
- [187 188]
- [188 189]
- [189 190]
- [190 191]
- [191 192]
- [192 193]
- [193 194]
- [194 195]
- [195 196]
- [196 197]
- [197 198]
- [198 199]
- [199 200]
- [200 201]
- [201 202]
- [202 203]
- [203 204]
- [204 205]
- [205 206]
- [206 207]
- [207 208]
- [208 209]
- [209 210]
- [210 211]
- [211 212]
- [212 213]
- [213 214]
- [214 215]
- [215 216]
- [216 217]
- [217 218]
- [218 219]
- [219 220]
- [220 221]
- [221 222]
- [222 1]
- [181 223]
- [223 224]
- [224 225]
- [225 226]
- [226 227]
- [227 228]
- [228 229]
- [229 230]
- [230 231]
- [231 232]
- [232 233]
- [233 234]
- [234 235]
- [235 236]
- [236 237]
- [237 238]
- [238 239]
- [239 240]
- [240 241]
- [241 242]
- [242 38]
- [140 243]
- [243 244]
- [244 245]
- [245 246]
- [246 247]
- [247 248]
- [248 249]
- [249 250]
- [250 251]
- [251 252]
- [252 253]
- [253 254]
- [254 255]
- [255 256]
- [256 257]
- [257 258]
- [258 259]
- [259 260]
- [260 261]
- [261 262]
- [262 263]
- [263 264]
- [264 265]
- [265 266]
- [266 267]
- [267 268]
- [268 269]
- [269 270]
- [270 271]
- [271 272]
- [272 273]
- [273 274]
- [274 275]
- [275 276]
- [276 76]
- [151 277]
- [277 278]
- [278 279]
- [279 280]
- [280 281]
- [281 282]
- [282 283]
- [283 284]
- [284 285]
- [285 286]
- [286 287]
- [287 288]
- [288 289]
- [289 290]
- [290 291]
- [291 292]
- [292 293]
- [293 294]
- [294 295]
- [295 296]
- [296 297]
- [297 298]
- [298 299]
- [299 300]
- [300 301]
- [301 302]
- [302 303]
- [303 304]
- [304 305]
- [305 306]
- [306 307]
- [307 308]
- [308 309]
- [309 310]
- [310 65]
sets:
  element:
  - name: layup_0
    labels:
    - 1
    - 2
    - 3
    - 4
    - 5
    - 6
    - 7
    - 8
    - 9
    - 10
    - 11
    - 12
    - 210
    - 211
    - 212
    - 213
    - 214
    - 215
    - 216
    - 217
    - 218
    - 219
    - 220
    - 221
    - 222
  - name: layup_1
    labels:
    - 13
    - 14
    - 15
    - 16
    - 17
    - 18
    - 19
    - 20
    - 21
    - 22
    - 23
    - 24
    - 25
    - 26
    - 27
    - 28
    - 29
    - 30
    - 31
    - 32
    - 33
    - 34
    - 35
    - 36
    - 37
    - 38
    - 39
    - 40
    - 41
    - 42
    - 43
    - 44
    - 45
    - 46
    - 47
    - 48
    - 49
    - 50
    - 51
    - 52
    - 53
    - 54
    - 55
    - 56
    - 57
    - 58
    - 59
    - 60
    - 61
    - 62
    - 63
    - 77
    - 78
    - 79
    - 80
    - 81
    - 82
    - 83
    - 84
    - 85
    - 86
    - 87
    - 88
    - 89
    - 90
    - 91
    - 92
    - 93
    - 94
    - 95
    - 96
    - 97
    - 98
    - 99
    - 100
    - 101
    - 102
    - 103
    - 104
    - 105
    - 106
    - 115
    - 116
    - 117
    - 118
    - 119
    - 120
    - 121
    - 122
    - 123
    - 124
    - 125
    - 126
    - 127
    - 128
    - 129
    - 130
    - 131
    - 132
    - 133
    - 134
    - 135
    - 136
    - 137
    - 138
    - 153
    - 154
    - 155
    - 156
    - 157
    - 158
    - 159
    - 160
    - 161
    - 162
    - 163
    - 164
    - 165
    - 166
    - 167
    - 168
    - 169
    - 170
    - 171
    - 172
    - 173
    - 174
    - 175
    - 176
    - 177
    - 178
    - 179
    - 180
    - 181
    - 182
    - 183
    - 184
    - 185
    - 186
    - 187
    - 188
    - 189
    - 190
    - 191
    - 192
    - 193
    - 194
    - 195
    - 196
    - 197
    - 198
    - 199
    - 200
    - 201
    - 202
    - 203
    - 204
    - 205
    - 206
    - 207
    - 208
    - 209
  - name: layup_2
    labels:
    - 64
    - 65
    - 66
    - 67
    - 68
    - 69
    - 70
    - 71
    - 72
    - 73
    - 74
    - 75
    - 76
  - name: layup_3
    labels:
    - 107
    - 108
    - 109
    - 110
    - 111
    - 112
    - 113
    - 114
  - name: layup_4
    labels:
    - 139
    - 140
    - 141
    - 142
    - 143
    - 144
    - 145
    - 146
    - 147
    - 148
    - 149
    - 150
    - 151
    - 152
  - name: layup_5
    labels:
    - 223
    - 224
    - 225
    - 226
    - 227
    - 228
    - 229
    - 230
    - 231
    - 232
    - 233
    - 234
    - 235
    - 236
    - 237
    - 238
    - 239
    - 240
    - 241
    - 242
    - 243
    - 244
    - 245
    - 246
    - 247
    - 248
    - 249
    - 250
    - 251
    - 252
    - 253
    - 254
    - 255
    - 256
    - 257
    - 258
    - 259
    - 260
    - 261
    - 262
    - 263
    - 264
    - 265
    - 266
    - 267
    - 268
    - 269
    - 270
    - 271
    - 272
    - 273
    - 274
    - 275
    - 276
    - 277
    - 278
    - 279
    - 280
    - 281
    - 282
    - 283
    - 284
    - 285
    - 286
    - 287
    - 288
    - 289
    - 290
    - 291
    - 292
    - 293
    - 294
    - 295
    - 296
    - 297
    - 298
    - 299
    - 300
    - 301
    - 302
    - 303
    - 304
    - 305
    - 306
    - 307
    - 308
    - 309
    - 310
    - 311
    - 312
    - 313
sections:
- type: shell
  elementSet: layup_0
  layup:
  - - gelcoat
    - 0.0005
    - 0.0
  - - glass_triax
    - 0.0030054
    - 0.0
  - - glass_uniax
    - 0.02622746
    - 0.0
  - - glass_triax
    - 0.0030054
    - 0.0
- type: shell
  elementSet: layup_1
  layup:
  - - gelcoat
    - 0.0005
    - 0.0
  - - glass_triax
    - 0.0030054
    - 0.0
  - - medium_density_foam
    - 0.07091028
    - 0.0
  - - glass_triax
    - 0.0030054
    - 0.0
- type: shell
  elementSet: layup_2
  layup:
  - - gelcoat
    - 0.0005
    - 0.0
  - - glass_triax
    - 0.0030054
    - 0.0
  - - carbon_uniax
    - 0.08096633
    - 0.0
  - - glass_triax
    - 0.0030054
    - 0.0
- type: shell
  elementSet: layup_3
  layup:
  - - gelcoat
    - 0.0005
    - 0.0
  - - glass_triax
    - 0.0030054
    - 0.0
  - - glass_uniax
    - 0.02169902
    - 0.0
  - - glass_triax
    - 0.0030054
    - 0.0
- type: shell
  elementSet: layup_4
  layup:
  - - gelcoat
    - 0.0005
    - 0.0
  - - glass_triax
    - 0.0030054
    - 0.0
  - - carbon_uniax
    - 0.07691843
    - 0.0
  - - glass_triax
    - 0.0030054
    - 0.0
- type: shell
  elementSet: layup_5
  layup:
  - - glass_biax
    - 0.002
    - 0.0
  - - medium_density_foam
    - 0.042132
    - 0.0
  - - glass_biax
    - 0.002
    - 0.0
elementOrientations:
- [0.0, 0.0, 1.0, -0.971504188936776, 0.23702238476206616, 0.0, -0.23702238476206616,
  -0.971504188936776, 0.0]
- [0.0, 0.0, 1.0, -0.9591839207027667, 0.2827829667170012, 0.0, -0.2827829667170012,
  -0.9591839207027667, 0.0]
- [0.0, 0.0, 1.0, -0.9603800756545766, 0.27869357776186704, 0.0, -0.27869357776186704,
  -0.9603800756545766, 0.0]
- [0.0, 0.0, 1.0, -0.9611268052417413, 0.27610734189043934, 0.0, -0.27610734189043934,
  -0.9611268052417413, 0.0]
- [0.0, 0.0, 1.0, -0.9619811380134395, 0.27311589134718595, 0.0, -0.27311589134718595,
  -0.9619811380134395, 0.0]
- [0.0, 0.0, 1.0, -0.962185593246138, 0.27239472122193836, 0.0, -0.27239472122193836,
  -0.962185593246138, 0.0]
- [0.0, 0.0, 1.0, -0.9625377434423312, 0.271147731779089, 0.0, -0.271147731779089,
  -0.9625377434423312, 0.0]
- [0.0, 0.0, 1.0, -0.9624582295657389, 0.27142983686614774, 0.0, -0.27142983686614774,
  -0.9624582295657389, 0.0]
- [0.0, 0.0, 1.0, -0.9619075354767396, 0.27337500469696385, 0.0, -0.27337500469696385,
  -0.9619075354767396, 0.0]
- [0.0, 0.0, 1.0, -0.9618796881745475, 0.27347297028634326, 0.0, -0.27347297028634326,
  -0.9618796881745475, 0.0]
- [0.0, 0.0, 1.0, -0.9615550380804936, 0.2746122880390104, 0.0, -0.2746122880390104,
  -0.9615550380804936, 0.0]
- [0.0, 0.0, 1.0, -0.9914035405922584, 0.13083967174039446, 0.0, -0.13083967174039446,
  -0.9914035405922584, 0.0]
- [0.0, 0.0, 1.0, -0.9919658400193824, 0.12650601659463148, 0.0, -0.12650601659463148,
  -0.9919658400193824, 0.0]
- [0.0, 0.0, 1.0, -0.9611500212179976, 0.2760265145101878, 0.0, -0.2760265145101878,
  -0.9611500212179976, 0.0]
- [0.0, 0.0, 1.0, -0.9611173942070491, 0.2761400995014157, 0.0, -0.2761400995014157,
  -0.9611173942070491, 0.0]
- [0.0, 0.0, 1.0, -0.9610985640575815, 0.2762056302222218, 0.0, -0.2762056302222218,
  -0.9610985640575815, 0.0]
- [0.0, 0.0, 1.0, -0.9609974752066262, 0.27655714173835766, 0.0, -0.27655714173835766,
  -0.9609974752066262, 0.0]
- [0.0, 0.0, 1.0, -0.9609790668368653, 0.2766211002460725, 0.0, -0.2766211002460725,
  -0.9609790668368653, 0.0]
- [0.0, 0.0, 1.0, -0.9609788925586698, 0.2766217056861458, 0.0, -0.2766217056861458,
  -0.9609788925586698, 0.0]
- [0.0, 0.0, 1.0, -0.9611114462180473, 0.2761608008908094, 0.0, -0.2761608008908094,
  -0.9611114462180473, 0.0]
- [0.0, 0.0, 1.0, -0.9611205481377558, 0.2761291218748574, 0.0, -0.2761291218748574,
  -0.9611205481377558, 0.0]
- [0.0, 0.0, 1.0, -0.961129383286865, 0.2760983675841103, 0.0, -0.2760983675841103,
  -0.961129383286865, 0.0]
- [0.0, 0.0, 1.0, -0.9614020970658009, 0.2751472474103282, 0.0, -0.2751472474103282,
  -0.9614020970658009, 0.0]
- [0.0, 0.0, 1.0, -0.9615175623872401, 0.2747434753017806, 0.0, -0.2747434753017806,
  -0.9615175623872401, 0.0]
- [0.0, 0.0, 1.0, -0.9615176964392408, 0.2747430061606232, 0.0, -0.2747430061606232,
  -0.9615176964392408, 0.0]
- [0.0, 0.0, 1.0, -0.9617694594220318, 0.27386037851988126, 0.0, -0.27386037851988126,
  -0.9617694594220318, 0.0]
- [0.0, 0.0, 1.0, -0.9621453404791628, 0.2725368668533413, 0.0, -0.2725368668533413,
  -0.9621453404791628, 0.0]
- [0.0, 0.0, 1.0, -0.9621453640558015, 0.27253678361998984, 0.0, -0.27253678361998984,
  -0.9621453640558015, 0.0]
- [0.0, 0.0, 1.0, -0.9621758527751119, 0.2724291253454495, 0.0, -0.2724291253454495,
  -0.9621758527751119, 0.0]
- [0.0, 0.0, 1.0, -0.9630341943226084, 0.26937917619111706, 0.0, -0.26937917619111706,
  -0.9630341943226084, 0.0]
- [0.0, 0.0, 1.0, -0.9630997860380281, 0.2691445747799949, 0.0, -0.2691445747799949,
  -0.9630997860380281, 0.0]
- [0.0, 0.0, 1.0, -0.9631000289672195, 0.26914370548712635, 0.0, -0.26914370548712635,
  -0.9631000289672195, 0.0]
- [0.0, 0.0, 1.0, -0.9636137367591943, 0.2672986463283763, 0.0, -0.2672986463283763,
  -0.9636137367591943, 0.0]
- [0.0, 0.0, 1.0, -0.9642786234257743, 0.2648900458758194, 0.0, -0.2648900458758194,
  -0.9642786234257743, 0.0]
- [0.0, 0.0, 1.0, -0.9642787451964938, 0.2648896025937514, 0.0, -0.2648896025937514,
  -0.9642787451964938, 0.0]
- [0.0, 0.0, 1.0, -0.9642789695464203, 0.26488878589040665, 0.0, -0.26488878589040665,
  -0.9642789695464203, 0.0]
- [0.0, 0.0, 1.0, -0.9655738202750737, 0.26012919405441515, 0.0, -0.26012919405441515,
  -0.9655738202750737, 0.0]
- [0.0, 0.0, 1.0, -0.9658294678024771, 0.2591783924720268, 0.0, -0.2591783924720268,
  -0.9658294678024771, 0.0]
- [0.0, 0.0, 1.0, -0.9658296896617622, 0.2591775657109704, 0.0, -0.2591775657109704,
  -0.9658296896617622, 0.0]
- [0.0, 0.0, 1.0, -0.9662313520253588, 0.2576761035937311, 0.0, -0.2576761035937311,
  -0.9662313520253588, 0.0]
- [0.0, 0.0, 1.0, -0.9678182232541458, 0.2516503263204486, 0.0, -0.2516503263204486,
  -0.9678182232541458, 0.0]
- [0.0, 0.0, 1.0, -0.9678807096248604, 0.2514098883021046, 0.0, -0.2514098883021046,
  -0.9678807096248604, 0.0]
- [0.0, 0.0, 1.0, -0.9678809655532257, 0.2514089030240487, 0.0, -0.2514089030240487,
  -0.9678809655532257, 0.0]
- [0.0, 0.0, 1.0, -0.969037374472668, 0.2469140880450488, 0.0, -0.2469140880450488,
  -0.969037374472668, 0.0]
- [0.0, 0.0, 1.0, -0.9704137007558924, 0.24144823334465096, 0.0, -0.24144823334465096,
  -0.9704137007558924, 0.0]
- [0.0, 0.0, 1.0, -0.970414064940753, 0.2414467696308317, 0.0, -0.2414467696308317,
  -0.970414064940753, 0.0]
- [0.0, 0.0, 1.0, -0.9704409310025847, 0.24133876488213948, 0.0, -0.24133876488213948,
  -0.9704409310025847, 0.0]
- [0.0, 0.0, 1.0, -0.9726599936187941, 0.23223379774160263, 0.0, -0.23223379774160263,
  -0.9726599936187941, 0.0]
- [0.0, 0.0, 1.0, -0.9735121711956362, 0.2286351953089427, 0.0, -0.2286351953089427,
  -0.9735121711956362, 0.0]
- [0.0, 0.0, 1.0, -0.9735124860404148, 0.22863385471843695, 0.0, -0.22863385471843695,
  -0.9735124860404148, 0.0]
- [0.0, 0.0, 1.0, -0.9740179725334394, 0.22647072477882899, 0.0, -0.22647072477882899,
  -0.9740179725334394, 0.0]
- [0.0, 0.0, 1.0, -0.976828769026575, 0.21402232594294024, 0.0, -0.21402232594294024,
  -0.976828769026575, 0.0]
- [0.0, 0.0, 1.0, -0.9772693132670472, 0.21200162581110982, 0.0, -0.21200162581110982,
  -0.9772693132670472, 0.0]
- [0.0, 0.0, 1.0, -0.9772693514629178, 0.21200144973855226, 0.0, -0.21200144973855226,
  -0.9772693514629178, 0.0]
- [0.0, 0.0, 1.0, -0.9787666051806793, 0.20497788315593518, 0.0, -0.20497788315593518,
  -0.9787666051806793, 0.0]
- [0.0, 0.0, 1.0, -0.9814220765413597, 0.1918611677157352, 0.0, -0.1918611677157352,
  -0.9814220765413597, 0.0]
- [0.0, 0.0, 1.0, -0.9815169313570432, 0.19137532092580053, 0.0, -0.19137532092580053,
  -0.9815169313570432, 0.0]
- [0.0, 0.0, 1.0, -0.9816260781217372, 0.1908146816975496, 0.0, -0.1908146816975496,
  -0.9816260781217372, 0.0]
- [0.0, 0.0, 1.0, -0.98455619082559, 0.1750688638993358, 0.0, -0.1750688638993358,
  -0.98455619082559, 0.0]
- [0.0, 0.0, 1.0, -0.9860938344359484, 0.16618949932955562, 0.0, -0.16618949932955562,
  -0.9860938344359484, 0.0]
- [0.0, 0.0, 1.0, -0.9860937061233307, 0.16619026067719603, 0.0, -0.16619026067719603,
  -0.9860937061233307, 0.0]
- [0.0, 0.0, 1.0, -0.986946632119677, 0.16104764930798215, 0.0, -0.16104764930798215,
  -0.986946632119677, 0.0]
- [0.0, 0.0, 1.0, -0.9946074513544847, 0.10371122268171533, 0.0, -0.10371122268171533,
  -0.9946074513544847, 0.0]
- [0.0, 0.0, 1.0, -0.9938870720579497, 0.11040148547947963, 0.0, -0.11040148547947963,
  -0.9938870720579497, 0.0]
- [0.0, 0.0, 1.0, -0.9912287031507838, 0.13215770144042102, 0.0, -0.13215770144042102,
  -0.9912287031507838, 0.0]
- [0.0, 0.0, 1.0, -0.9942488317493019, 0.10709463368978155, 0.0, -0.10709463368978155,
  -0.9942488317493019, 0.0]
- [0.0, 0.0, 1.0, -0.9948772839201803, 0.10109000909884756, 0.0, -0.10109000909884756,
  -0.9948772839201803, 0.0]
- [0.0, 0.0, 1.0, -0.9948744637166476, 0.10111776028232108, 0.0, -0.10111776028232108,
  -0.9948744637166476, 0.0]
- [0.0, 0.0, 1.0, -0.9968109005092534, 0.07979992873387252, 0.0, -0.07979992873387252,
  -0.9968109005092534, 0.0]
- [0.0, 0.0, 1.0, -0.9981968641065233, 0.060025165455024745, 0.0, -0.060025165455024745,
  -0.9981968641065233, 0.0]
- [0.0, 0.0, 1.0, -0.9981952153168513, 0.060052577950866014, 0.0, -0.060052577950866014,
  -0.9981952153168513, 0.0]
- [0.0, 0.0, 1.0, -0.9987568486226881, 0.049847340242752405, 0.0, -0.049847340242752405,
  -0.9987568486226881, 0.0]
- [0.0, 0.0, 1.0, -0.9998985824982094, 0.014241654330576909, 0.0, -0.014241654330576909,
  -0.9998985824982094, 0.0]
- [0.0, 0.0, 1.0, -0.9999050918821097, 0.013777054410492756, 0.0, -0.013777054410492756,
  -0.9999050918821097, 0.0]
- [0.0, 0.0, 1.0, -0.9999766847456012, 0.006828613709715111, 0.0, -0.006828613709715111,
  -0.9999766847456012, 0.0]
- [0.0, 0.0, 1.0, -0.9999602042686913, -0.008921315985726016, 0.0, 0.008921315985726016,
  -0.9999602042686913, 0.0]
- [0.0, 0.0, 1.0, -0.9999901705595804, -0.004433822754842561, 0.0, 0.004433822754842561,
  -0.9999901705595804, 0.0]
- [0.0, 0.0, 1.0, -0.9984985515973425, -0.05477812024895583, 0.0, 0.05477812024895583,
  -0.9984985515973425, 0.0]
- [0.0, 0.0, 1.0, -0.994875862221835, -0.10110399976440373, 0.0, 0.10110399976440373,
  -0.994875862221835, 0.0]
- [0.0, 0.0, 1.0, -0.9948916122527557, -0.10094889731499024, 0.0, 0.10094889731499024,
  -0.9948916122527557, 0.0]
- [0.0, 0.0, 1.0, -0.9927860849609584, -0.11989908051312499, 0.0, 0.11989908051312499,
  -0.9927860849609584, 0.0]
- [0.0, 0.0, 1.0, -0.985325359122074, -0.1706866622526663, 0.0, 0.1706866622526663,
  -0.985325359122074, 0.0]
- [0.0, 0.0, 1.0, -0.98520091266575, -0.1714035054559071, 0.0, 0.1714035054559071,
  -0.98520091266575, 0.0]
- [0.0, 0.0, 1.0, -0.9791151558636411, -0.20330644740912227, 0.0, 0.20330644740912227,
  -0.9791151558636411, 0.0]
- [0.0, 0.0, 1.0, -0.9686970720001504, -0.2482458110388475, 0.0, 0.2482458110388475,
  -0.9686970720001504, 0.0]
- [0.0, 0.0, 1.0, -0.9681327881858997, -0.25043742619543924, 0.0, 0.25043742619543924,
  -0.9681327881858997, 0.0]
- [0.0, 0.0, 1.0, -0.9530252715774304, -0.3028907917629144, 0.0, 0.3028907917629144,
  -0.9530252715774304, 0.0]
- [0.0, 0.0, 1.0, -0.9436078155779233, -0.331065386865284, 0.0, 0.331065386865284,
  -0.9436078155779233, 0.0]
- [0.0, 0.0, 1.0, -0.9381770840531021, -0.3461556860108164, 0.0, 0.3461556860108164,
  -0.9381770840531021, 0.0]
- [0.0, 0.0, 1.0, -0.9137806002532919, -0.40620809273171016, 0.0, 0.40620809273171016,
  -0.9137806002532919, 0.0]
- [0.0, 0.0, 1.0, -0.9095667657898983, -0.4155578161585996, 0.0, 0.4155578161585996,
  -0.9095667657898983, 0.0]
- [0.0, 0.0, 1.0, -0.8841380317059228, -0.4672257921938564, 0.0, 0.4672257921938564,
  -0.8841380317059228, 0.0]
- [0.0, 0.0, 1.0, -0.8637185755199907, -0.5039744262377986, 0.0, 0.5039744262377986,
  -0.8637185755199907, 0.0]
- [0.0, 0.0, 1.0, -0.8520598072095381, -0.5234444430291, 0.0, 0.5234444430291, -0.8520598072095381,
  0.0]
- [0.0, 0.0, 1.0, -0.8048408507160847, -0.5934906949722204, 0.0, 0.5934906949722204,
  -0.8048408507160847, 0.0]
- [0.0, 0.0, 1.0, -0.8055651929844689, -0.5925071475112308, 0.0, 0.5925071475112308,
  -0.8055651929844689, 0.0]
- [0.0, 0.0, 1.0, -0.7360782677748074, -0.6768964349955161, 0.0, 0.6768964349955161,
  -0.7360782677748074, 0.0]
- [0.0, 0.0, 1.0, -0.7298018069917867, -0.6836587763727773, 0.0, 0.6836587763727773,
  -0.7298018069917867, 0.0]
- [0.0, 0.0, 1.0, -0.6721497752516089, -0.7404152075891011, 0.0, 0.7404152075891011,
  -0.6721497752516089, 0.0]
- [0.0, 0.0, 1.0, -0.6475042216309544, -0.7620618629547681, 0.0, 0.7620618629547681,
  -0.6475042216309544, 0.0]
- [0.0, 0.0, 1.0, -0.587947763073822, -0.8088988984394088, 0.0, 0.8088988984394088,
  -0.587947763073822, 0.0]
- [0.0, 0.0, 1.0, -0.5501268837962084, -0.8350810809284767, 0.0, 0.8350810809284767,
  -0.5501268837962084, 0.0]
- [0.0, 0.0, 1.0, -0.4904375659778723, -0.8714763300731123, 0.0, 0.8714763300731123,
  -0.4904375659778723, 0.0]
- [0.0, 0.0, 1.0, -0.44336876372389455, -0.8963392992354767, 0.0, 0.8963392992354767,
  -0.44336876372389455, 0.0]
- [0.0, 0.0, 1.0, -0.37813403751161906, -0.9257508572370653, 0.0, 0.9257508572370653,
  -0.37813403751161906, 0.0]
- [0.0, 0.0, 1.0, -0.4894046742131686, -0.8720568013944402, 0.0, 0.8720568013944402,
  -0.4894046742131686, 0.0]
- [0.0, 0.0, 1.0, -0.38010735856506395, -0.9249423744021517, 0.0, 0.9249423744021517,
  -0.38010735856506395, 0.0]
- [0.0, 0.0, 1.0, -0.1560976503576569, -0.9877416279335496, 0.0, 0.9877416279335496,
  -0.1560976503576569, 0.0]
- [0.0, 0.0, 1.0, -0.14297177497302432, -0.989726766113286, 0.0, 0.989726766113286,
  -0.14297177497302432, 0.0]
- [0.0, 0.0, 1.0, -0.0743572438607196, -0.9972316683125528, 0.0, 0.9972316683125528,
  -0.0743572438607196, 0.0]
- [0.0, 0.0, 1.0, 0.0540397355995769, -0.9985387859148627, 0.0, 0.9985387859148627,
  0.0540397355995769, 0.0]
- [0.0, 0.0, 1.0, 0.08456218447053893, -0.9964182038469442, 0.0, 0.9964182038469442,
  0.08456218447053893, 0.0]
- [0.0, 0.0, 1.0, 0.1644588307873768, -0.9863839480527088, 0.0, 0.9863839480527088,
  0.1644588307873768, 0.0]
- [0.0, 0.0, 1.0, 0.35009109406500866, -0.9367156590216508, 0.0, 0.9367156590216508,
  0.35009109406500866, 0.0]
- [0.0, 0.0, 1.0, 0.49058365014370386, -0.8713941026950321, 0.0, 0.8713941026950321,
  0.49058365014370386, 0.0]
- [0.0, 0.0, 1.0, 0.37420801575203316, -0.9273447907585001, 0.0, 0.9273447907585001,
  0.37420801575203316, 0.0]
- [0.0, 0.0, 1.0, 0.4569528381335734, -0.8894909239119151, 0.0, 0.8894909239119151,
  0.4569528381335734, 0.0]
- [0.0, 0.0, 1.0, 0.4992103155801474, -0.8664808485006288, 0.0, 0.8664808485006288,
  0.4992103155801474, 0.0]
- [0.0, 0.0, 1.0, 0.5756809032719189, -0.8176744447566082, 0.0, 0.8176744447566082,
  0.5756809032719189, 0.0]
- [0.0, 0.0, 1.0, 0.6167433553417706, -0.7871642990137284, 0.0, 0.7871642990137284,
  0.6167433553417706, 0.0]
- [0.0, 0.0, 1.0, 0.6761608033440867, -0.7367540756732053, 0.0, 0.7367540756732053,
  0.6761608033440867, 0.0]
- [0.0, 0.0, 1.0, 0.7087932895701441, -0.7054162407120591, 0.0, 0.7054162407120591,
  0.7087932895701441, 0.0]
- [0.0, 0.0, 1.0, 0.7547117813122154, -0.6560564969181716, 0.0, 0.6560564969181716,
  0.7547117813122154, 0.0]
- [0.0, 0.0, 1.0, 0.7765279705015943, -0.6300827810920366, 0.0, 0.6300827810920366,
  0.7765279705015943, 0.0]
- [0.0, 0.0, 1.0, 0.8212667411332298, -0.5705444241322534, 0.0, 0.5705444241322534,
  0.8212667411332298, 0.0]
- [0.0, 0.0, 1.0, 0.8319288769704959, -0.5548822791030631, 0.0, 0.5548822791030631,
  0.8319288769704959, 0.0]
- [0.0, 0.0, 1.0, 0.8702488969742126, -0.49261227889199705, 0.0, 0.49261227889199705,
  0.8702488969742126, 0.0]
- [0.0, 0.0, 1.0, 0.8760935165859807, -0.48214121395708337, 0.0, 0.48214121395708337,
  0.8760935165859807, 0.0]
- [0.0, 0.0, 1.0, 0.903950386813457, -0.4276373442296657, 0.0, 0.4276373442296657,
  0.903950386813457, 0.0]
- [0.0, 0.0, 1.0, 0.9125016388960142, -0.40907304850367265, 0.0, 0.40907304850367265,
  0.9125016388960142, 0.0]
- [0.0, 0.0, 1.0, 0.9249977450052161, -0.3799725934001885, 0.0, 0.3799725934001885,
  0.9249977450052161, 0.0]
- [0.0, 0.0, 1.0, 0.9414715016685796, -0.33709258601445047, 0.0, 0.33709258601445047,
  0.9414715016685796, 0.0]
- [0.0, 0.0, 1.0, 0.9432916243792869, -0.3319652261546176, 0.0, 0.3319652261546176,
  0.9432916243792869, 0.0]
- [0.0, 0.0, 1.0, 0.9593152918553338, -0.2823369809509823, 0.0, 0.2823369809509823,
  0.9593152918553338, 0.0]
- [0.0, 0.0, 1.0, 0.9638322107940236, -0.2665097923827656, 0.0, 0.2665097923827656,
  0.9638322107940236, 0.0]
- [0.0, 0.0, 1.0, 0.9677959313570563, -0.25173604280819173, 0.0, 0.25173604280819173,
  0.9677959313570563, 0.0]
- [0.0, 0.0, 1.0, 0.9787469113116167, -0.2050718986062461, 0.0, 0.2050718986062461,
  0.9787469113116167, 0.0]
- [0.0, 0.0, 1.0, 0.9835844585118687, -0.18044836650386684, 0.0, 0.18044836650386684,
  0.9835844585118687, 0.0]
- [0.0, 0.0, 1.0, 0.9874674474772671, -0.15782281258655406, 0.0, 0.15782281258655406,
  0.9874674474772671, 0.0]
- [0.0, 0.0, 1.0, 0.9899828783024017, -0.14118746639872787, 0.0, 0.14118746639872787,
  0.9899828783024017, 0.0]
- [0.0, 0.0, 1.0, 0.9905576181433128, -0.13709706465948507, 0.0, 0.13709706465948507,
  0.9905576181433128, 0.0]
- [0.0, 0.0, 1.0, 0.9922753731049125, -0.12405476181713668, 0.0, 0.12405476181713668,
  0.9922753731049125, 0.0]
- [0.0, 0.0, 1.0, 0.9972636144028748, -0.0739275549988918, 0.0, 0.0739275549988918,
  0.9972636144028748, 0.0]
- [0.0, 0.0, 1.0, 0.9972504071114526, -0.07410550260299145, 0.0, 0.07410550260299145,
  0.9972504071114526, 0.0]
- [0.0, 0.0, 1.0, 0.9981574808237362, -0.06067654798694873, 0.0, 0.06067654798694873,
  0.9981574808237362, 0.0]
- [0.0, 0.0, 1.0, 0.9998609246010136, -0.016677273638281098, 0.0, 0.016677273638281098,
  0.9998609246010136, 0.0]
- [0.0, 0.0, 1.0, 0.9999218140452683, -0.012504630998945275, 0.0, 0.012504630998945275,
  0.9999218140452683, 0.0]
- [0.0, 0.0, 1.0, 0.9999229586067382, -0.012412769680746364, 0.0, 0.012412769680746364,
  0.9999229586067382, 0.0]
- [0.0, 0.0, 1.0, 0.9989829145732123, 0.045090313713809956, 0.0, -0.045090313713809956,
  0.9989829145732123, 0.0]
- [0.0, 0.0, 1.0, 0.998903695894867, 0.04681245910625638, 0.0, -0.04681245910625638,
  0.998903695894867, 0.0]
- [0.0, 0.0, 1.0, 0.9988808179655972, 0.047298113074197894, 0.0, -0.047298113074197894,
  0.9988808179655972, 0.0]
- [0.0, 0.0, 1.0, 0.9985117567234478, 0.054536883712347814, 0.0, -0.054536883712347814,
  0.9985117567234478, 0.0]
- [0.0, 0.0, 1.0, 0.9965569396086728, 0.08291119416457658, 0.0, -0.08291119416457658,
  0.9965569396086728, 0.0]
- [0.0, 0.0, 1.0, 0.9946381788390061, 0.10341611671217184, 0.0, -0.10341611671217184,
  0.9946381788390061, 0.0]
- [0.0, 0.0, 1.0, 0.9937906528910627, 0.11126606951966692, 0.0, -0.11126606951966692,
  0.9937906528910627, 0.0]
- [0.0, 0.0, 1.0, 0.9875911206793263, 0.15704705777362452, 0.0, -0.15704705777362452,
  0.9875911206793263, 0.0]
- [0.0, 0.0, 1.0, 0.9875034928695464, 0.15759711790018777, 0.0, -0.15759711790018777,
  0.9875034928695464, 0.0]
- [0.0, 0.0, 1.0, 0.9875146486615327, 0.1575271998065403, 0.0, -0.1575271998065403,
  0.9875146486615327, 0.0]
- [0.0, 0.0, 1.0, 0.9812646054324238, 0.19266492707690674, 0.0, -0.19266492707690674,
  0.9812646054324238, 0.0]
- [0.0, 0.0, 1.0, 0.9777020452497558, 0.20999693025005087, 0.0, -0.20999693025005087,
  0.9777020452497558, 0.0]
- [0.0, 0.0, 1.0, 0.9777042670775389, 0.20998658561530223, 0.0, -0.20998658561530223,
  0.9777042670775389, 0.0]
- [0.0, 0.0, 1.0, 0.9766274942291894, 0.2149389157775174, 0.0, -0.2149389157775174,
  0.9766274942291894, 0.0]
- [0.0, 0.0, 1.0, 0.9655744652346486, 0.2601268000164966, 0.0, -0.2601268000164966,
  0.9655744652346486, 0.0]
- [0.0, 0.0, 1.0, 0.9656085861734933, 0.260000112130798, 0.0, -0.260000112130798,
  0.9656085861734933, 0.0]
- [0.0, 0.0, 1.0, 0.9656119303671018, 0.25998769188698, 0.0, -0.25998769188698, 0.9656119303671018,
  0.0]
- [0.0, 0.0, 1.0, 0.9605437321355123, 0.2781289964300404, 0.0, -0.2781289964300404,
  0.9605437321355123, 0.0]
- [0.0, 0.0, 1.0, 0.9536579699166684, 0.30089279887431447, 0.0, -0.30089279887431447,
  0.9536579699166684, 0.0]
- [0.0, 0.0, 1.0, 0.9536665563618171, 0.3008655834039398, 0.0, -0.3008655834039398,
  0.9536665563618171, 0.0]
- [0.0, 0.0, 1.0, 0.9536758185359223, 0.3008362231178929, 0.0, -0.3008362231178929,
  0.9536758185359223, 0.0]
- [0.0, 0.0, 1.0, 0.9458788713980174, 0.32451989252249674, 0.0, -0.32451989252249674,
  0.9458788713980174, 0.0]
- [0.0, 0.0, 1.0, 0.9425253751645563, 0.33413457943007374, 0.0, -0.33413457943007374,
  0.9425253751645563, 0.0]
- [0.0, 0.0, 1.0, 0.942525092049497, 0.334135378038733, 0.0, -0.334135378038733, 0.942525092049497,
  0.0]
- [0.0, 0.0, 1.0, 0.9424313808127587, 0.3343995999688952, 0.0, -0.3343995999688952,
  0.9424313808127587, 0.0]
- [0.0, 0.0, 1.0, 0.9333417006090935, 0.35898923368831714, 0.0, -0.35898923368831714,
  0.9333417006090935, 0.0]
- [0.0, 0.0, 1.0, 0.9323773454015793, 0.3614864946051289, 0.0, -0.3614864946051289,
  0.9323773454015793, 0.0]
- [0.0, 0.0, 1.0, 0.9323758286071371, 0.361490406828666, 0.0, -0.361490406828666,
  0.9323758286071371, 0.0]
- [0.0, 0.0, 1.0, 0.9312784932937854, 0.36430806733924653, 0.0, -0.36430806733924653,
  0.9312784932937854, 0.0]
- [0.0, 0.0, 1.0, 0.9249250782731548, 0.3801494437473219, 0.0, -0.3801494437473219,
  0.9249250782731548, 0.0]
- [0.0, 0.0, 1.0, 0.9245213594810747, 0.38113023477974745, 0.0, -0.38113023477974745,
  0.9245213594810747, 0.0]
