nodes:
- [6.43826871 1.25389744 0.00000000]
- [6.38806537 1.27359065 0.00000000]
- [6.32924560 1.30005236 0.00000000]
- [6.27019338 1.32538438 0.00000000]
- [6.21037607 1.34868309 0.00000000]
- [6.14984105 1.37063762 0.00000000]
- [6.08870020 1.39186237 0.00000000]
- [6.02766025 1.41362414 0.00000000]
- [5.96663688 1.43499715 0.00000000]
- [5.90549360 1.45599684 0.00000000]
- [5.84403587 1.47665857 0.00000000]
- [5.78276877 1.49812707 0.00000000]
- [5.72177010 1.51963174 0.00000000]
- [5.66046526 1.54046148 0.00000000]
- [5.59924259 1.56185063 0.00000000]
- [5.53814298 1.58312907 0.00000000]
- [5.47679627 1.60404143 0.00000000]
- [5.41555921 1.62562532 0.00000000]
- [5.35452678 1.64748267 0.00000000]
- [5.29362110 1.66931179 0.00000000]
- [5.23250150 1.69068397 0.00000000]
- [5.17141336 1.71239408 0.00000000]
- [5.10791382 1.72709691 0.00000000]
- [5.04692492 1.74077807 0.00000000]
- [4.98830079 1.76131397 0.00000000]
- [4.92966537 1.78196679 0.00000000]
- [4.87107603 1.80258818 0.00000000]
- [4.81216763 1.82323292 0.00000000]
- [4.75378753 1.84484078 0.00000000]
- [4.69569547 1.86561844 0.00000000]
- [4.63677100 1.88576046 0.00000000]
- [4.57814474 1.90722675 0.00000000]
- [4.51986715 1.92824311 0.00000000]
- [4.46144577 1.94892504 0.00000000]
- [4.40062116 1.97020992 0.00000000]
- [4.33982352 1.99171725 0.00000000]
- [4.27897936 2.01318227 0.00000000]
- [4.21813484 2.03499659 0.00000000]
- [4.15755691 2.05711813 0.00000000]
- [4.09715336 2.07895136 0.00000000]
- [4.03656566 2.10022884 0.00000000]
- [3.97576739 2.12130707 0.00000000]
- [3.91486643 2.14231679 0.00000000]
- [3.85386165 2.16337994 0.00000000]
- [3.79306820 2.18471624 0.00000000]
- [3.73240211 2.20559939 0.00000000]
- [3.67155089 2.22584815 0.00000000]
- [3.61035426 2.24569647 0.00000000]
- [3.54885048 2.26573318 0.00000000]
- [3.48788927 2.28643586 0.00000000]
- [3.42697505 2.30603267 0.00000000]
- [3.36563168 2.32510030 0.00000000]
- [3.30413059 2.34408752 0.00000000]
- [3.24284741 2.36283153 0.00000000]
- [3.18111691 2.38050923 0.00000000]
- [3.11933474 2.39850820 0.00000000]
- [3.05784245 2.41576392 0.00000000]
- [2.99569759 2.43169186 0.00000000]
- [2.93393772 2.44792396 0.00000000]
- [2.87176455 2.46164625 0.00000000]
- [2.80840092 2.47262202 0.00000000]
- [2.72350698 2.48771053 0.00000000]
- [2.66173868 2.49919740 0.00000000]
- [2.59941945 2.50953597 0.00000000]
- [2.53722096 2.51946741 0.00000000]
- [2.47510953 2.52756566 0.00000000]
- [2.41259614 2.53425905 0.00000000]
- [2.34990532 2.53987584 0.00000000]
- [2.28700371 2.54426968 0.00000000]
- [2.22432190 2.54791360 0.00000000]
- [2.16185443 2.54948749 0.00000000]
- [2.09899283 2.54942763 0.00000000]
- [2.03632796 2.54844848 0.00000000]
- [1.95021663 2.54670708 0.00000000]
- [1.88708856 2.54456632 0.00000000]
- [1.82454784 2.53751409 0.00000000]
- [1.76208470 2.52814372 0.00000000]
- [1.69960313 2.51727541 0.00000000]
- [1.63774487 2.50511105 0.00000000]
- [1.57670920 2.49026094 0.00000000]
- [1.51593437 2.47317953 0.00000000]
- [1.45561185 2.45448304 0.00000000]
- [1.39609218 2.43380796 0.00000000]
- [1.33720018 2.41103988 0.00000000]
- [1.27906388 2.38676301 0.00000000]
- [1.22219204 2.36010966 0.00000000]
- [1.16622592 2.33131312 0.00000000]
- [1.11144449 2.30066038 0.00000000]
- [1.05809740 2.26744113 0.00000000]
- [1.00557315 2.23238331 0.00000000]
- [0.95410411 2.19583551 0.00000000]
- [0.90393333 2.15766953 0.00000000]
- [0.85515622 2.11787309 0.00000000]
- [0.80780135 2.07613038 0.00000000]
- [0.76145388 2.03326714 0.00000000]
- [0.71686766 1.98877623 0.00000000]
- [0.67366814 1.94282058 0.00000000]
- [0.63197810 1.89541657 0.00000000]
- [0.59158779 1.84673883 0.00000000]
- [0.55246296 1.79700156 0.00000000]
- [0.51479165 1.74633539 0.00000000]
- [0.47896107 1.69453634 0.00000000]
- [0.44492401 1.64138943 0.00000000]
- [0.41231643 1.58728108 0.00000000]
- [0.38145777 1.53213221 0.00000000]
- [0.35194488 1.47603427 0.00000000]
- [0.32352437 1.41914211 0.00000000]
- [0.29616940 1.36240335 0.00000000]
- [0.27203774 1.30419418 0.00000000]
- [0.24837585 1.24507097 0.00000000]
- [0.22584758 1.18573181 0.00000000]
- [0.20479021 1.12594439 0.00000000]
- [0.18515140 1.06578913 0.00000000]
- [0.16732727 1.00498488 0.00000000]
- [0.15050679 0.94357056 0.00000000]
- [0.13449130 0.88199956 0.00000000]
- [0.11983189 0.82033878 0.00000000]
- [0.10680505 0.75820908 0.00000000]
- [0.09468620 0.69574927 0.00000000]
- [0.08376118 0.63324914 0.00000000]
- [0.07442690 0.57063371 0.00000000]
- [0.06678796 0.50791972 0.00000000]
- [0.06116880 0.44481773 0.00000000]
- [0.05656481 0.38117004 0.00000000]
- [0.05234576 0.31728204 0.00000000]
- [0.04839713 0.25313850 0.00000000]
- [0.04398362 0.18908245 0.00000000]
- [0.04008546 0.12533521 0.00000000]
- [0.02884598 0.06223686 0.00000000]
- [0.01936886 -0.01654116 0.00000000]
- [0.02931896 -0.09563537 0.00000000]
- [0.03927182 -0.15964094 0.00000000]
- [0.04198084 -0.22374718 0.00000000]
- [0.04532585 -0.28789503 0.00000000]
- [0.04930447 -0.35199750 0.00000000]
- [0.05393973 -0.41598332 0.00000000]
- [0.05942029 -0.47938260 0.00000000]
- [0.06739869 -0.54233878 0.00000000]
- [0.07694890 -0.60536147 0.00000000]
- [0.08797959 -0.66822730 0.00000000]
- [0.10025821 -0.73100169 0.00000000]
- [0.11349252 -0.79345034 0.00000000]
- [0.12839755 -0.85550084 0.00000000]
- [0.14435277 -0.91734738 0.00000000]
- [0.16172727 -0.97866076 0.00000000]
- [0.18057634 -1.03937162 0.00000000]
- [0.20139243 -1.09939556 0.00000000]
- [0.22386761 -1.15893820 0.00000000]
- [0.24794511 -1.21798570 0.00000000]
- [0.27320179 -1.27653309 0.00000000]
- [0.29989071 -1.33415087 0.00000000]
- [0.32858266 -1.39081687 0.00000000]
- [0.35879751 -1.44686689 0.00000000]
- [0.39043623 -1.50207830 0.00000000]
- [0.42358908 -1.55634699 0.00000000]
- [0.45830914 -1.60977745 0.00000000]
- [0.49392410 -1.66215854 0.00000000]
- [0.53206631 -1.71263396 0.00000000]
- [0.57176341 -1.76249405 0.00000000]
- [0.61253607 -1.81139485 0.00000000]
- [0.65446221 -1.85879137 0.00000000]
- [0.69863281 -1.90443077 0.00000000]
- [0.74368565 -1.94949994 0.00000000]
- [0.78996720 -1.99289195 0.00000000]
- [0.83763722 -2.03476343 0.00000000]
- [0.88663911 -2.07509462 0.00000000]
- [0.93719247 -2.11411028 0.00000000]
- [0.98764076 -2.15227987 0.00000000]
- [1.04055529 -2.18707110 0.00000000]
- [1.09423715 -2.22193952 0.00000000]
- [1.14845622 -2.25452071 0.00000000]
- [1.19289074 -2.27836082 0.00000000]
- [1.24912161 -2.30784623 0.00000000]
- [1.30556773 -2.33602978 0.00000000]
- [1.36286965 -2.36165972 0.00000000]
- [1.42161853 -2.38537441 0.00000000]
- [1.48057185 -2.40842984 0.00000000]
- [1.54001021 -2.42899768 0.00000000]
- [1.60036257 -2.44764552 0.00000000]
- [1.66108189 -2.46477748 0.00000000]
- [1.72205409 -2.47952615 0.00000000]
- [1.78413889 -2.49169120 0.00000000]
- [1.84621091 -2.50328702 0.00000000]
- [1.90266370 -2.51089421 0.00000000]
- [1.95981929 -2.51784569 0.00000000]
- [2.02318912 -2.52437199 0.00000000]
- [2.08703771 -2.52629429 0.00000000]
- [2.15138370 -2.52772062 0.00000000]
- [2.21531687 -2.52683869 0.00000000]
- [2.27930025 -2.52392228 0.00000000]
- [2.34291092 -2.51910088 0.00000000]
- [2.40672564 -2.51127942 0.00000000]
- [2.47057147 -2.50335009 0.00000000]
- [2.53338988 -2.49272657 0.00000000]
- [2.59617283 -2.47968493 0.00000000]
- [2.65926456 -2.46524237 0.00000000]
- [2.72165995 -2.45076059 0.00000000]
- [2.78267382 -2.43278910 0.00000000]
- [2.84397463 -2.41276452 0.00000000]
- [2.90532706 -2.39222866 0.00000000]
- [2.96565156 -2.37085141 0.00000000]
- [3.02544077 -2.34650339 0.00000000]
- [3.08537465 -2.32301105 0.00000000]
- [3.14359381 -2.29629330 0.00000000]
- [3.20262825 -2.26897026 0.00000000]
- [3.26104883 -2.24186225 0.00000000]
- [3.31832996 -2.21240540 0.00000000]
- [3.37608858 -2.18263288 0.00000000]
- [3.43332542 -2.15256402 0.00000000]
- [3.48993464 -2.12138397 0.00000000]
- [3.54653448 -2.08952951 0.00000000]
- [3.60292044 -2.05768380 0.00000000]
- [3.65852364 -2.02479852 0.00000000]
- [3.71417338 -1.99108185 0.00000000]
- [3.77012348 -1.95769548 0.00000000]
- [3.82559044 -1.92417370 0.00000000]
- [3.88084534 -1.88980890 0.00000000]
- [3.93620019 -1.85607370 0.00000000]
- [3.98896374 -1.82193968 0.00000000]
- [4.04259269 -1.78792626 0.00000000]
- [4.09651010 -1.75456398 0.00000000]
- [4.15027286 -1.72152101 0.00000000]
- [4.20391846 -1.68810605 0.00000000]
- [4.25801369 -1.65504575 0.00000000]
- [4.31217730 -1.62233458 0.00000000]
- [4.36636034 -1.58971833 0.00000000]
- [4.42082111 -1.55718887 0.00000000]
- [4.47593754 -1.52519835 0.00000000]
- [4.53169473 -1.49431417 0.00000000]
- [4.58767126 -1.46427080 0.00000000]
- [4.64382573 -1.43470993 0.00000000]
- [4.70033821 -1.40562849 0.00000000]
- [4.75736510 -1.37724977 0.00000000]
- [4.81507389 -1.34977549 0.00000000]
- [4.87355738 -1.32377546 0.00000000]
- [4.93254995 -1.29911632 0.00000000]
- [4.99198257 -1.27581930 0.00000000]
- [5.05429391 -1.26051380 0.00000000]
- [5.11833744 -1.24600244 0.00000000]
- [5.18026384 -1.22561156 0.00000000]
- [5.24268715 -1.20669684 0.00000000]
- [5.30553571 -1.18912825 0.00000000]
- [5.36894582 -1.17320861 0.00000000]
- [5.43283787 -1.15940922 0.00000000]
- [5.49701735 -1.14730078 0.00000000]
- [5.56158236 -1.13694462 0.00000000]
- [5.62646755 -1.12878221 0.00000000]
- [5.69158178 -1.12250442 0.00000000]
- [5.75701505 -1.11856486 0.00000000]
- [5.82243376 -1.11732379 0.00000000]
- [5.88781355 -1.11770982 0.00000000]
- [5.95312340 -1.12041774 0.00000000]
- [6.01840116 -1.12464263 0.00000000]
- [6.08381845 -1.13160441 0.00000000]
- [6.14863164 -1.14239909 0.00000000]
- [6.21297714 -1.15553603 0.00000000]
- [6.27629752 -1.17199007 0.00000000]
- [6.33968898 -1.18934676 0.00000000]
- [6.40138012 -1.21175815 0.00000000]
- [6.44371728 -1.23658917 0.00000000]
- [3.94495428 -1.79265705 0.00000000]
- [3.95370837 -1.72924041 0.00000000]
- [3.96246247 -1.66582376 0.00000000]
- [3.97121656 -1.60240711 0.00000000]
- [3.97997065 -1.53899047 0.00000000]
- [3.98872475 -1.47557382 0.00000000]
- [3.99747884 -1.41215718 0.00000000]
- [4.00623293 -1.34874053 0.00000000]
- [4.01498702 -1.28532389 0.00000000]
- [4.02374112 -1.22190724 0.00000000]
- [4.03249521 -1.15849059 0.00000000]
- [4.04124930 -1.09507395 0.00000000]
- [4.05000340 -1.03165730 0.00000000]
- [4.05875749 -0.96824066 0.00000000]
- [4.06751158 -0.90482401 0.00000000]
- [4.07626568 -0.84140737 0.00000000]
- [4.08501977 -0.77799072 0.00000000]
- [4.09377386 -0.71457408 0.00000000]
- [4.10252796 -0.65115743 0.00000000]
- [4.11128205 -0.58774078 0.00000000]
- [4.12003614 -0.52432414 0.00000000]
- [4.12879024 -0.46090749 0.00000000]
- [4.13754433 -0.39749085 0.00000000]
- [4.14629842 -0.33407420 0.00000000]
- [4.15505251 -0.27065756 0.00000000]
- [4.16380661 -0.20724091 0.00000000]
- [4.17256070 -0.14382427 0.00000000]
- [4.18131479 -0.08040762 0.00000000]
- [4.19006889 -0.01699097 0.00000000]
- [4.19882298 0.04642567 0.00000000]
- [4.20757707 0.10984232 0.00000000]
- [4.21633117 0.17325896 0.00000000]
- [4.22508526 0.23667561 0.00000000]
- [4.23383935 0.30009225 0.00000000]
- [4.24259345 0.36350890 0.00000000]
- [4.25134754 0.42692555 0.00000000]
- [4.26010163 0.49034219 0.00000000]
- [4.26885573 0.55375884 0.00000000]
- [4.27760982 0.61717548 0.00000000]
- [4.28636391 0.68059213 0.00000000]
- [4.29511800 0.74400877 0.00000000]
- [4.30387210 0.80742542 0.00000000]
- [4.31262619 0.87084206 0.00000000]
- [4.32138028 0.93425871 0.00000000]
- [4.33013438 0.99767536 0.00000000]
- [4.33888847 1.06109200 0.00000000]
- [4.34764256 1.12450865 0.00000000]
- [4.35639666 1.18792529 0.00000000]
- [4.36515075 1.25134194 0.00000000]
- [4.37390484 1.31475858 0.00000000]
- [4.38265894 1.37817523 0.00000000]
- [4.39141303 1.44159187 0.00000000]
- [4.40016712 1.50500852 0.00000000]
- [4.40892122 1.56842517 0.00000000]
- [4.41767531 1.63184181 0.00000000]
- [4.42642940 1.69525846 0.00000000]
- [4.43518349 1.75867510 0.00000000]
- [4.44393759 1.82209175 0.00000000]
- [4.45269168 1.88550839 0.00000000]
- [1.20398860 -2.21485017 0.00000000]
- [1.21508646 -2.15133952 0.00000000]
- [1.22618432 -2.08782887 0.00000000]
- [1.23728218 -2.02431822 0.00000000]
- [1.24838003 -1.96080757 0.00000000]
- [1.25947789 -1.89729693 0.00000000]
- [1.27057575 -1.83378628 0.00000000]
- [1.28167361 -1.77027563 0.00000000]
- [1.29277147 -1.70676498 0.00000000]
- [1.30386932 -1.64325433 0.00000000]
- [1.31496718 -1.57974368 0.00000000]
- [1.32606504 -1.51623303 0.00000000]
- [1.33716290 -1.45272239 0.00000000]
- [1.34826076 -1.38921174 0.00000000]
- [1.35935861 -1.32570109 0.00000000]
- [1.37045647 -1.26219044 0.00000000]
- [1.38155433 -1.19867979 0.00000000]
- [1.39265219 -1.13516914 0.00000000]
- [1.40375005 -1.07165849 0.00000000]
- [1.41484790 -1.00814784 0.00000000]
- [1.42594576 -0.94463720 0.00000000]
- [1.43704362 -0.88112655 0.00000000]
- [1.44814148 -0.81761590 0.00000000]
- [1.45923934 -0.75410525 0.00000000]
- [1.47033720 -0.69059460 0.00000000]
- [1.48143505 -0.62708395 0.00000000]
- [1.49253291 -0.56357330 0.00000000]
- [1.50363077 -0.50006266 0.00000000]
- [1.51472863 -0.43655201 0.00000000]
- [1.52582649 -0.37304136 0.00000000]
- [1.53692434 -0.30953071 0.00000000]
- [1.54802220 -0.24602006 0.00000000]
- [1.55912006 -0.18250941 0.00000000]
- [1.57021792 -0.11899876 0.00000000]
- [1.58131578 -0.05548812 0.00000000]
- [1.59241363 0.00802253 0.00000000]
- [1.60351149 0.07153318 0.00000000]
- [1.61460935 0.13504383 0.00000000]
- [1.62570721 0.19855448 0.00000000]
- [1.63680507 0.26206513 0.00000000]
- [1.64790292 0.32557578 0.00000000]
- [1.65900078 0.38908642 0.00000000]
- [1.67009864 0.45259707 0.00000000]
- [1.68119650 0.51610772 0.00000000]
- [1.69229436 0.57961837 0.00000000]
- [1.70339221 0.64312902 0.00000000]
- [1.71449007 0.70663967 0.00000000]
- [1.72558793 0.77015032 0.00000000]
- [1.73668579 0.83366097 0.00000000]
- [1.74778365 0.89717161 0.00000000]
- [1.75888151 0.96068226 0.00000000]
- [1.76997936 1.02419291 0.00000000]
- [1.78107722 1.08770356 0.00000000]
- [1.79217508 1.15121421 0.00000000]
- [1.80327294 1.21472486 0.00000000]
- [1.81437080 1.27823551 0.00000000]
- [1.82546865 1.34174615 0.00000000]
- [1.83656651 1.40525680 0.00000000]
- [1.84766437 1.46876745 0.00000000]
- [1.85876223 1.53227810 0.00000000]
- [1.86986009 1.59578875 0.00000000]
- [1.88095794 1.65929940 0.00000000]
- [1.89205580 1.72281005 0.00000000]
- [1.90315366 1.78632069 0.00000000]
- [1.91425152 1.84983134 0.00000000]
- [1.92534938 1.91334199 0.00000000]
- [1.93644723 1.97685264 0.00000000]
- [1.94754509 2.04036329 0.00000000]
- [1.95864295 2.10387394 0.00000000]
- [1.96974081 2.16738459 0.00000000]
- [1.98083867 2.23089523 0.00000000]
- [1.99193652 2.29440588 0.00000000]
- [2.00303438 2.35791653 0.00000000]
- [2.01413224 2.42142718 0.00000000]
- [2.02523010 2.48493783 0.00000000]
- [1.85731592 -2.44010984 0.00000000]
- [1.86842094 -2.37693265 0.00000000]
- [1.87952595 -2.31375547 0.00000000]
- [1.89063096 -2.25057829 0.00000000]
- [1.90173598 -2.18740110 0.00000000]
- [1.91284099 -2.12422392 0.00000000]
- [1.92394600 -2.06104673 0.00000000]
- [1.93505102 -1.99786955 0.00000000]
- [1.94615603 -1.93469237 0.00000000]
- [1.95726105 -1.87151518 0.00000000]
- [1.96836606 -1.80833800 0.00000000]
- [1.97947107 -1.74516081 0.00000000]
- [1.99057609 -1.68198363 0.00000000]
- [2.00168110 -1.61880644 0.00000000]
- [2.01278611 -1.55562926 0.00000000]
- [2.02389113 -1.49245208 0.00000000]
- [2.03499614 -1.42927489 0.00000000]
- [2.04610115 -1.36609771 0.00000000]
- [2.05720617 -1.30292052 0.00000000]
- [2.06831118 -1.23974334 0.00000000]
- [2.07941619 -1.17656616 0.00000000]
- [2.09052121 -1.11338897 0.00000000]
- [2.10162622 -1.05021179 0.00000000]
- [2.11273124 -0.98703460 0.00000000]
- [2.12383625 -0.92385742 0.00000000]
- [2.13494126 -0.86068023 0.00000000]
- [2.14604628 -0.79750305 0.00000000]
- [2.15715129 -0.73432587 0.00000000]
- [2.16825630 -0.67114868 0.00000000]
- [2.17936132 -0.60797150 0.00000000]
- [2.19046633 -0.54479431 0.00000000]
- [2.20157134 -0.48161713 0.00000000]
- [2.21267636 -0.41843995 0.00000000]
- [2.22378137 -0.35526276 0.00000000]
- [2.23488639 -0.29208558 0.00000000]
- [2.24599140 -0.22890839 0.00000000]
- [2.25709641 -0.16573121 0.00000000]
- [2.26820143 -0.10255402 0.00000000]
- [2.27930644 -0.03937684 0.00000000]
- [2.29041145 0.02380034 0.00000000]
- [2.30151647 0.08697753 0.00000000]
- [2.31262148 0.15015471 0.00000000]
- [2.32372649 0.21333190 0.00000000]
- [2.33483151 0.27650908 0.00000000]
- [2.34593652 0.33968626 0.00000000]
- [2.35704153 0.40286345 0.00000000]
- [2.36814655 0.46604063 0.00000000]
- [2.37925156 0.52921782 0.00000000]
- [2.39035658 0.59239500 0.00000000]
- [2.40146159 0.65557219 0.00000000]
- [2.41256660 0.71874937 0.00000000]
- [2.42367162 0.78192655 0.00000000]
- [2.43477663 0.84510374 0.00000000]
- [2.44588164 0.90828092 0.00000000]
- [2.45698666 0.97145811 0.00000000]
- [2.46809167 1.03463529 0.00000000]
- [2.47919668 1.09781247 0.00000000]
- [2.49030170 1.16098966 0.00000000]
- [2.50140671 1.22416684 0.00000000]
- [2.51251172 1.28734403 0.00000000]
- [2.52361674 1.35052121 0.00000000]
- [2.53472175 1.41369840 0.00000000]
- [2.54582677 1.47687558 0.00000000]
- [2.55693178 1.54005276 0.00000000]
- [2.56803679 1.60322995 0.00000000]
- [2.57914181 1.66640713 0.00000000]
- [2.59024682 1.72958432 0.00000000]
- [2.60135183 1.79276150 0.00000000]
- [2.61245685 1.85593868 0.00000000]
- [2.62356186 1.91911587 0.00000000]
- [2.63466687 1.98229305 0.00000000]
- [2.64577189 2.04547024 0.00000000]
- [2.65687690 2.10864742 0.00000000]
- [2.66798191 2.17182461 0.00000000]
- [2.67908693 2.23500179 0.00000000]
- [2.69019194 2.29817897 0.00000000]
- [2.70129696 2.36135616 0.00000000]
- [2.71240197 2.42453334 0.00000000]
elements:
- [1 2]
- [2 3]
- [3 4]
- [4 5]
- [5 6]
- [6 7]
- [7 8]
- [8 9]
- [9 10]
- [10 11]
- [11 12]
- [12 13]
- [13 14]
- [14 15]
- [15 16]
- [16 17]
- [17 18]
- [18 19]
- [19 20]
- [20 21]
- [21 22]
- [22 23]
- [23 24]
- [24 25]
- [25 26]
- [26 27]
- [27 28]
- [28 29]
- [29 30]
- [30 31]
- [31 32]
- [32 33]
- [33 34]
- [34 35]
- [35 36]
- [36 37]
- [37 38]
- [38 39]
- [39 40]
- [40 41]
- [41 42]
- [42 43]
- [43 44]
- [44 45]
- [45 46]
- [46 47]
- [47 48]
- [48 49]
- [49 50]
- [50 51]
- [51 52]
- [52 53]
- [53 54]
- [54 55]
- [55 56]
- [56 57]
- [57 58]
- [58 59]
- [59 60]
- [60 61]
- [61 62]
- [62 63]
- [63 64]
- [64 65]
- [65 66]
- [66 67]
- [67 68]
- [68 69]
- [69 70]
- [70 71]
- [71 72]
- [72 73]
- [73 74]
- [74 75]
- [75 76]
- [76 77]
- [77 78]
- [78 79]
- [79 80]
- [80 81]
- [81 82]
- [82 83]
- [83 84]
- [84 85]
- [85 86]
- [86 87]
- [87 88]
- [88 89]
- [89 90]
- [90 91]
- [91 92]
- [92 93]
- [93 94]
- [94 95]
- [95 96]
- [96 97]
- [97 98]
- [98 99]
- [99 100]
- [100 101]
- [101 102]
- [102 103]
- [103 104]
- [104 105]
- [105 106]
- [106 107]
- [107 108]
- [108 109]
- [109 110]
- [110 111]
- [111 112]
- [112 113]
- [113 114]
- [114 115]
- [115 116]
- [116 117]
- [117 118]
- [118 119]
- [119 120]
- [120 121]
- [121 122]
- [122 123]
- [123 124]
- [124 125]
- [125 126]
- [126 127]
- [127 128]
- [128 129]
- [129 130]
- [130 131]
- [131 132]
- [132 133]
- [133 134]
- [134 135]
- [135 136]
- [136 137]
- [137 138]
- [138 139]
- [139 140]
- [140 141]
- [141 142]
- [142 143]
- [143 144]
- [144 145]
- [145 146]
- [146 147]
- [147 148]
- [148 149]
- [149 150]
- [150 151]
- [151 152]
- [152 153]
- [153 154]
- [154 155]
- [155 156]
- [156 157]
- [157 158]
- [158 159]
- [159 160]
- [160 161]
- [161 162]
- [162 163]
- [163 164]
- [164 165]
- [165 166]
- [166 167]
- [167 168]
- [168 169]
- [169 170]
- [170 171]
- [171 172]
- [172 173]
- [173 174]
- [174 175]
- [175 176]
- [176 177]
- [177 178]
- [178 179]
- [179 180]
- [180 181]
- [181 182]
- [182 183]
- [183 184]
- [184 185]
- [185 186]
- [186 187]
- [187 188]
- [188 189]
- [189 190]
- [190 191]
- [191 192]
- [192 193]
- [193 194]
- [194 195]
- [195 196]
- [196 197]
- [197 198]
- [198 199]
- [199 200]
- [200 201]
- [201 202]
- [202 203]
- [203 204]
- [204 205]
- [205 206]
- [206 207]
- [207 208]
- [208 209]
- [209 210]
- [210 211]
- [211 212]
- [212 213]
- [213 214]
- [214 215]
- [215 216]
- [216 217]
- [217 218]
- [218 219]
- [219 220]
- [220 221]
- [221 222]
- [222 223]
- [223 224]
- [224 225]
- [225 226]
- [226 227]
- [227 228]
- [228 229]
- [229 230]
- [230 231]
- [231 232]
- [232 233]
- [233 234]
- [234 235]
- [235 236]
- [236 237]
- [237 238]
- [238 239]
- [239 240]
- [240 241]
- [241 242]
- [242 243]
- [243 244]
- [244 245]
- [245 246]
- [246 247]
- [247 248]
- [248 249]
- [249 250]
- [250 251]
- [251 252]
- [252 253]
- [253 254]
- [254 255]
- [255 256]
- [256 257]
- [257 258]
- [258 259]
- [259 260]
- [260 1]
- [218 261]
- [261 262]
- [262 263]
- [263 264]
- [264 265]
- [265 266]
- [266 267]
- [267 268]
- [268 269]
- [269 270]
- [270 271]
- [271 272]
- [272 273]
- [273 274]
- [274 275]
- [275 276]
- [276 277]
- [277 278]
- [278 279]
- [279 280]
- [280 281]
- [281 282]
- [282 283]
- [283 284]
- [284 285]
- [285 286]
- [286 287]
- [287 288]
- [288 289]
- [289 290]
- [290 291]
- [291 292]
- [292 293]
- [293 294]
- [294 295]
- [295 296]
- [296 297]
- [297 298]
- [298 299]
- [299 300]
- [300 301]
- [301 302]
- [302 303]
- [303 304]
- [304 305]
- [305 306]
- [306 307]
- [307 308]
- [308 309]
- [309 310]
- [310 311]
- [311 312]
- [312 313]
- [313 314]
- [314 315]
- [315 316]
- [316 317]
- [317 318]
- [318 319]
- [319 34]
- [172 320]
- [320 321]
- [321 322]
- [322 323]
- [323 324]
- [324 325]
- [325 326]
- [326 327]
- [327 328]
- [328 329]
- [329 330]
- [330 331]
- [331 332]
- [332 333]
- [333 334]
- [334 335]
- [335 336]
- [336 337]
- [337 338]
- [338 339]
- [339 340]
- [340 341]
- [341 342]
- [342 343]
- [343 344]
- [344 345]
- [345 346]
- [346 347]
- [347 348]
- [348 349]
- [349 350]
- [350 351]
- [351 352]
- [352 353]
- [353 354]
- [354 355]
- [355 356]
- [356 357]
- [357 358]
- [358 359]
- [359 360]
- [360 361]
- [361 362]
- [362 363]
- [363 364]
- [364 365]
- [365 366]
- [366 367]
- [367 368]
- [368 369]
- [369 370]
- [370 371]
- [371 372]
- [372 373]
- [373 374]
- [374 375]
- [375 376]
- [376 377]
- [377 378]
- [378 379]
- [379 380]
- [380 381]
- [381 382]
- [382 383]
- [383 384]
- [384 385]
- [385 386]
- [386 387]
- [387 388]
- [388 389]
- [389 390]
- [390 391]
- [391 392]
- [392 393]
- [393 394]
- [394 73]
- [183 395]
- [395 396]
- [396 397]
- [397 398]
- [398 399]
- [399 400]
- [400 401]
- [401 402]
- [402 403]
- [403 404]
- [404 405]
- [405 406]
- [406 407]
- [407 408]
- [408 409]
- [409 410]
- [410 411]
- [411 412]
- [412 413]
- [413 414]
- [414 415]
- [415 416]
- [416 417]
- [417 418]
- [418 419]
- [419 420]
- [420 421]
- [421 422]
- [422 423]
- [423 424]
- [424 425]
- [425 426]
- [426 427]
- [427 428]
- [428 429]
- [429 430]
- [430 431]
- [431 432]
- [432 433]
- [433 434]
- [434 435]
- [435 436]
- [436 437]
- [437 438]
- [438 439]
- [439 440]
- [440 441]
- [441 442]
- [442 443]
- [443 444]
- [444 445]
- [445 446]
- [446 447]
- [447 448]
- [448 449]
- [449 450]
- [450 451]
- [451 452]
- [452 453]
- [453 454]
- [454 455]
- [455 456]
- [456 457]
- [457 458]
- [458 459]
- [459 460]
- [460 461]
- [461 462]
- [462 463]
- [463 464]
- [464 465]
- [465 466]
- [466 467]
- [467 468]
- [468 469]
- [469 470]
- [470 471]
- [471 472]
- [472 62]
sets:
  element:
  - name: layup_0
    labels:
    - 1
    - 2
    - 3
    - 4
    - 5
    - 6
    - 7
    - 8
    - 9
    - 10
    - 11
    - 12
    - 13
    - 14
    - 15
    - 16
    - 17
    - 18
    - 19
    - 20
    - 21
    - 22
    - 238
    - 239
    - 240
    - 241
    - 242
    - 243
    - 244
    - 245
    - 246
    - 247
    - 248
    - 249
    - 250
    - 251
    - 252
    - 253
    - 254
    - 255
    - 256
    - 257
    - 258
    - 259
    - 260
  - name: layup_1
    labels:
    - 23
    - 24
    - 25
    - 26
    - 27
    - 28
    - 29
    - 30
    - 31
    - 32
    - 33
    - 34
    - 35
    - 36
    - 37
    - 38
    - 39
    - 40
    - 41
    - 42
    - 43
    - 44
    - 45
    - 46
    - 47
    - 48
    - 49
    - 50
    - 51
    - 52
    - 53
    - 54
    - 55
    - 56
    - 57
    - 58
    - 59
    - 60
    - 74
    - 75
    - 76
    - 77
    - 78
    - 79
    - 80
    - 81
    - 82
    - 83
    - 84
    - 85
    - 86
    - 87
    - 88
    - 89
    - 90
    - 91
    - 92
    - 93
    - 94
    - 95
    - 96
    - 97
    - 98
    - 99
    - 100
    - 101
    - 102
    - 103
    - 104
    - 105
    - 106
    - 107
    - 108
    - 109
    - 110
    - 111
    - 112
    - 113
    - 114
    - 115
    - 116
    - 117
    - 118
    - 119
    - 120
    - 121
    - 122
    - 123
    - 124
    - 125
    - 126
    - 127
    - 128
    - 131
    - 132
    - 133
    - 134
    - 135
    - 136
    - 137
    - 138
    - 139
    - 140
    - 141
    - 142
    - 143
    - 144
    - 145
    - 146
    - 147
    - 148
    - 149
    - 150
    - 151
    - 152
    - 153
    - 154
    - 155
    - 156
    - 157
    - 158
    - 159
    - 160
    - 161
    - 162
    - 163
    - 164
    - 165
    - 166
    - 167
    - 168
    - 169
    - 170
    - 185
    - 186
    - 187
    - 188
    - 189
    - 190
    - 191
    - 192
    - 193
    - 194
    - 195
    - 196
    - 197
    - 198
    - 199
    - 200
    - 201
    - 202
    - 203
    - 204
    - 205
    - 206
    - 207
    - 208
    - 209
    - 210
    - 211
    - 212
    - 213
    - 214
    - 215
    - 216
    - 217
    - 218
    - 219
    - 220
    - 221
    - 222
    - 223
    - 224
    - 225
    - 226
    - 227
    - 228
    - 229
    - 230
    - 231
    - 232
    - 233
    - 234
    - 235
    - 236
    - 237
  - name: layup_2
    labels:
    - 61
    - 62
    - 63
    - 64
    - 65
    - 66
    - 67
    - 68
    - 69
    - 70
    - 71
    - 72
    - 73
  - name: layup_3
    labels:
    - 129
    - 130
  - name: layup_4
    labels:
    - 171
    - 172
    - 173
    - 174
    - 175
    - 176
    - 177
    - 178
    - 179
    - 180
    - 181
    - 182
    - 183
    - 184
  - name: layup_5
    labels:
    - 261
    - 262
    - 263
    - 264
    - 265
    - 266
    - 267
    - 268
    - 269
    - 270
    - 271
    - 272
    - 273
    - 274
    - 275
    - 276
    - 277
    - 278
    - 279
    - 280
    - 281
    - 282
    - 283
    - 284
    - 285
    - 286
    - 287
    - 288
    - 289
    - 290
    - 291
    - 292
    - 293
    - 294
    - 295
    - 296
    - 297
    - 298
    - 299
    - 300
    - 301
    - 302
    - 303
    - 304
    - 305
    - 306
    - 307
    - 308
    - 309
    - 310
    - 311
    - 312
    - 313
    - 314
    - 315
    - 316
    - 317
    - 318
    - 319
    - 320
    - 321
    - 322
    - 323
    - 324
    - 325
    - 326
    - 327
    - 328
    - 329
    - 330
    - 331
    - 332
    - 333
    - 334
    - 335
    - 336
    - 337
    - 338
    - 339
    - 340
    - 341
    - 342
    - 343
    - 344
    - 345
    - 346
    - 347
    - 348
    - 349
    - 350
    - 351
    - 352
    - 353
    - 354
    - 355
    - 356
    - 357
    - 358
    - 359
    - 360
    - 361
    - 362
    - 363
    - 364
    - 365
    - 366
    - 367
    - 368
    - 369
    - 370
    - 371
    - 372
    - 373
    - 374
    - 375
    - 376
    - 377
    - 378
    - 379
    - 380
    - 381
    - 382
    - 383
    - 384
    - 385
    - 386
    - 387
    - 388
    - 389
    - 390
    - 391
    - 392
    - 393
    - 394
    - 395
    - 396
    - 397
    - 398
    - 399
    - 400
    - 401
    - 402
    - 403
    - 404
    - 405
    - 406
    - 407
    - 408
    - 409
    - 410
    - 411
    - 412
    - 413
    - 414
    - 415
    - 416
    - 417
    - 418
    - 419
    - 420
    - 421
    - 422
    - 423
    - 424
    - 425
    - 426
    - 427
    - 428
    - 429
    - 430
    - 431
    - 432
    - 433
    - 434
    - 435
    - 436
    - 437
    - 438
    - 439
    - 440
    - 441
    - 442
    - 443
    - 444
    - 445
    - 446
    - 447
    - 448
    - 449
    - 450
    - 451
    - 452
    - 453
    - 454
    - 455
    - 456
    - 457
    - 458
    - 459
    - 460
    - 461
    - 462
    - 463
    - 464
    - 465
    - 466
    - 467
    - 468
    - 469
    - 470
    - 471
    - 472
    - 473
    - 474
    - 475
sections:
- type: shell
  elementSet: layup_0
  layup:
  - - gelcoat
    - 0.0005
    - 0.0
  - - glass_triax
    - 0.01141717
    - 0.0
  - - glass_uniax
    - 0.01690454
    - 0.0
  - - glass_triax
    - 0.01141717
    - 0.0
- type: shell
  elementSet: layup_1
  layup:
  - - gelcoat
    - 0.0005
    - 0.0
  - - glass_triax
    - 0.01141717
    - 0.0
  - - medium_density_foam
    - 0.0466675
    - 0.0
  - - glass_triax
    - 0.01141717
    - 0.0
- type: shell
  elementSet: layup_2
  layup:
  - - gelcoat
    - 0.0005
    - 0.0
  - - glass_triax
    - 0.01141717
    - 0.0
  - - carbon_uniax
    - 0.05733327
    - 0.0
  - - glass_triax
    - 0.01141717
    - 0.0
- type: shell
  elementSet: layup_3
  layup:
  - - gelcoat
    - 0.0005
    - 0.0
  - - glass_triax
    - 0.01141717
    - 0.0
  - - glass_uniax
    - 0.01410176
    - 0.0
  - - glass_triax
    - 0.01141717
    - 0.0
- type: shell
  elementSet: layup_4
  layup:
  - - gelcoat
    - 0.0005
    - 0.0
  - - glass_triax
    - 0.01141717
    - 0.0
  - - carbon_uniax
    - 0.04880411
    - 0.0
  - - glass_triax
    - 0.01141717
    - 0.0
- type: shell
  elementSet: layup_5
  layup:
  - - glass_biax
    - 0.002
    - 0.0
  - - medium_density_foam
    - 0.046
    - 0.0
  - - glass_biax
    - 0.002
    - 0.0
elementOrientations:
- [0.0, 0.0, 1.0, -0.9309377691937328, 0.3651778606221854, 0.0, -0.3651778606221854,
  -0.9309377691937328, 0.0]
- [0.0, 0.0, 1.0, -0.9119631862284744, 0.41027204019285657, 0.0, -0.41027204019285657,
  -0.9119631862284744, 0.0]
- [0.0, 0.0, 1.0, -0.919010194135469, 0.39423376704068347, 0.0, -0.39423376704068347,
  -0.919010194135469, 0.0]
- [0.0, 0.0, 1.0, -0.9318128553396591, 0.3629391169655753, 0.0, -0.3629391169655753,
  -0.9318128553396591, 0.0]
- [0.0, 0.0, 1.0, -0.9400833728688189, 0.34094464661523105, 0.0, -0.34094464661523105,
  -0.9400833728688189, 0.0]
- [0.0, 0.0, 1.0, -0.9446962392022178, 0.3279466658424602, 0.0, -0.3279466658424602,
  -0.9446962392022178, 0.0]
- [0.0, 0.0, 1.0, -0.941928535547603, 0.3358133915155085, 0.0, -0.3358133915155085,
  -0.941928535547603, 0.0]
- [0.0, 0.0, 1.0, -0.9437868253614444, 0.33055472810741365, 0.0, -0.33055472810741365,
  -0.9437868253614444, 0.0]
- [0.0, 0.0, 1.0, -0.9457736499062418, 0.3248264200200249, 0.0, -0.3248264200200249,
  -0.9457736499062418, 0.0]
- [0.0, 0.0, 1.0, -0.9478666422385902, 0.3186672693129001, 0.0, -0.3186672693129001,
  -0.9478666422385902, 0.0]
- [0.0, 0.0, 1.0, -0.9437381309925792, 0.33069372553865256, 0.0, -0.33069372553865256,
  -0.9437381309925792, 0.0]
- [0.0, 0.0, 1.0, -0.9431080798429642, 0.3324863151092344, 0.0, -0.3324863151092344,
  -0.9431080798429642, 0.0]
- [0.0, 0.0, 1.0, -0.9468381808439826, 0.3217102101209373, 0.0, -0.3217102101209373,
  -0.9468381808439826, 0.0]
- [0.0, 0.0, 1.0, -0.94404465987193, 0.3298176468403294, 0.0, -0.3298176468403294,
  -0.94404465987193, 0.0]
- [0.0, 0.0, 1.0, -0.9443701112590891, 0.32888461952559556, 0.0, -0.32888461952559556,
  -0.9443701112590891, 0.0]
- [0.0, 0.0, 1.0, -0.9465162573435335, 0.3226561243559309, 0.0, -0.3226561243559309,
  -0.9465162573435335, 0.0]
- [0.0, 0.0, 1.0, -0.9431313481896494, 0.33242030633217123, 0.0, -0.33242030633217123,
  -0.9431313481896494, 0.0]
- [0.0, 0.0, 1.0, -0.9414481356349386, 0.33715783827385415, 0.0, -0.33715783827385415,
  -0.9414481356349386, 0.0]
- [0.0, 0.0, 1.0, -0.941363929762132, 0.33739287446950567, 0.0, -0.33739287446950567,
  -0.941363929762132, 0.0]
- [0.0, 0.0, 1.0, -0.9439531038538225, 0.3300795930146771, 0.0, -0.3300795930146771,
  -0.9439531038538225, 0.0]
- [0.0, 0.0, 1.0, -0.9422639112573988, 0.33487120142214183, 0.0, -0.33487120142214183,
  -0.9422639112573988, 0.0]
- [0.0, 0.0, 1.0, -0.9742259161209103, 0.22557452063203642, 0.0, -0.22557452063203642,
  -0.9742259161209103, 0.0]
- [0.0, 0.0, 1.0, -0.9757512149647041, 0.21888254040673044, 0.0, -0.21888254040673044,
  -0.9757512149647041, 0.0]
- [0.0, 0.0, 1.0, -0.9437706970482899, 0.33060077343071226, 0.0, -0.33060077343071226,
  -0.9437706970482899, 0.0]
- [0.0, 0.0, 1.0, -0.9432023582377999, 0.33221877041289116, 0.0, -0.33221877041289116,
  -0.9432023582377999, 0.0]
- [0.0, 0.0, 1.0, -0.943279022613039, 0.332001032375187, 0.0, -0.332001032375187,
  -0.943279022613039, 0.0]
- [0.0, 0.0, 1.0, -0.9437244150836989, 0.33073286558026027, 0.0, -0.33073286558026027,
  -0.9437244150836989, 0.0]
- [0.0, 0.0, 1.0, -0.9378240517069731, 0.3471110024760328, 0.0, -0.3471110024760328,
  -0.9378240517069731, 0.0]
- [0.0, 0.0, 1.0, -0.9415852623985246, 0.33677469268622545, 0.0, -0.33677469268622545,
  -0.9415852623985246, 0.0]
- [0.0, 0.0, 1.0, -0.9462443688552415, 0.3234526154009976, 0.0, -0.3234526154009976,
  -0.9462443688552415, 0.0]
- [0.0, 0.0, 1.0, -0.939031562217333, 0.3438309543361027, 0.0, -0.3438309543361027,
  -0.939031562217333, 0.0]
- [0.0, 0.0, 1.0, -0.9406998493960944, 0.33924002320800156, 0.0, -0.33924002320800156,
  -0.9406998493960944, 0.0]
- [0.0, 0.0, 1.0, -0.942672800496222, 0.33371843102323545, 0.0, -0.33371843102323545,
  -0.942672800496222, 0.0]
- [0.0, 0.0, 1.0, -0.9438764140279193, 0.33029882688528583, 0.0, -0.33029882688528583,
  -0.9438764140279193, 0.0]
- [0.0, 0.0, 1.0, -0.9427499805889169, 0.33350033598123546, 0.0, -0.33350033598123546,
  -0.9427499805889169, 0.0]
- [0.0, 0.0, 1.0, -0.9430359913907, 0.33269072566237784, 0.0, -0.33269072566237784,
  -0.9430359913907, 0.0]
- [0.0, 0.0, 1.0, -0.9413289122441485, 0.33749056130986566, 0.0, -0.33749056130986566,
  -0.9413289122441485, 0.0]
- [0.0, 0.0, 1.0, -0.9393284224571459, 0.34301911719927497, 0.0, -0.34301911719927497,
  -0.9393284224571459, 0.0]
- [0.0, 0.0, 1.0, -0.9404502348856661, 0.33993139852548954, 0.0, -0.33993139852548954,
  -0.9404502348856661, 0.0]
- [0.0, 0.0, 1.0, -0.943509275136923, 0.33134611470575354, 0.0, -0.33134611470575354,
  -0.943509275136923, 0.0]
- [0.0, 0.0, 1.0, -0.9448289808961432, 0.3275640347455066, 0.0, -0.3275640347455066,
  -0.9448289808961432, 0.0]
- [0.0, 0.0, 1.0, -0.9453280647740862, 0.32612091308360014, 0.0, -0.32612091308360014,
  -0.9453280647740862, 0.0]
- [0.0, 0.0, 1.0, -0.9452438832593103, 0.32636482831466296, 0.0, -0.32636482831466296,
  -0.9452438832593103, 0.0]
- [0.0, 0.0, 1.0, -0.9435744344966385, 0.33116051480263886, 0.0, -0.33116051480263886,
  -0.9435744344966385, 0.0]
- [0.0, 0.0, 1.0, -0.9455466989320361, 0.3254864669056601, 0.0, -0.3254864669056601,
  -0.9455466989320361, 0.0]
- [0.0, 0.0, 1.0, -0.9488468276927895, 0.3157367536054835, 0.0, -0.3157367536054835,
  -0.9488468276927895, 0.0]
- [0.0, 0.0, 1.0, -0.9512193092844058, 0.308515519292787, 0.0, -0.308515519292787,
  -0.9512193092844058, 0.0]
- [0.0, 0.0, 1.0, -0.9508158000605673, 0.3097568632898762, 0.0, -0.3097568632898762,
  -0.9508158000605673, 0.0]
- [0.0, 0.0, 1.0, -0.9468869189862521, 0.3215667312591945, 0.0, -0.3215667312591945,
  -0.9468869189862521, 0.0]
- [0.0, 0.0, 1.0, -0.9519500122392311, 0.3062534476503529, 0.0, -0.3062534476503529,
  -0.9519500122392311, 0.0]
- [0.0, 0.0, 1.0, -0.954931724961864, 0.29682553909891085, 0.0, -0.29682553909891085,
  -0.954931724961864, 0.0]
- [0.0, 0.0, 1.0, -0.9554999098244328, 0.29499139364649457, 0.0, -0.29499139364649457,
  -0.9554999098244328, 0.0]
- [0.0, 0.0, 1.0, -0.9562704634498905, 0.2924838469613863, 0.0, -0.2924838469613863,
  -0.9562704634498905, 0.0]
- [0.0, 0.0, 1.0, -0.9613575324903186, 0.2753029144853463, 0.0, -0.2753029144853463,
  -0.9613575324903186, 0.0]
- [0.0, 0.0, 1.0, -0.9600869427245001, 0.2797017383033619, 0.0, -0.2797017383033619,
  -0.9600869427245001, 0.0]
- [0.0, 0.0, 1.0, -0.9628098853823114, 0.2701798005219868, 0.0, -0.2701798005219868,
  -0.9628098853823114, 0.0]
- [0.0, 0.0, 1.0, -0.968688759037729, 0.24827824736360712, 0.0, -0.24827824736360712,
  -0.968688759037729, 0.0]
- [0.0, 0.0, 1.0, -0.9671534911586472, 0.2541930851530789, 0.0, -0.2541930851530789,
  -0.9671534911586472, 0.0]
- [0.0, 0.0, 1.0, -0.9764985758921527, 0.21552385315922098, 0.0, -0.21552385315922098,
  -0.9764985758921527, 0.0]
- [0.0, 0.0, 1.0, -0.9853270247710657, 0.17067704665771496, 0.0, -0.17067704665771496,
  -0.9853270247710657, 0.0]
- [0.0, 0.0, 1.0, -0.9845699957227231, 0.1749912098436868, 0.0, -0.1749912098436868,
  -0.9845699957227231, 0.0]
- [0.0, 0.0, 1.0, -0.9831440900899223, 0.1828324318091805, 0.0, -0.1828324318091805,
  -0.9831440900899223, 0.0]
- [0.0, 0.0, 1.0, -0.9865167794696965, 0.16366014733201864, 0.0, -0.16366014733201864,
  -0.9865167794696965, 0.0]
- [0.0, 0.0, 1.0, -0.9874908984224349, 0.1576760144500502, 0.0, -0.1576760144500502,
  -0.9874908984224349, 0.0]
- [0.0, 0.0, 1.0, -0.9916070419261751, 0.1292883382305646, 0.0, -0.1292883382305646,
  -0.9916070419261751, 0.0]
- [0.0, 0.0, 1.0, -0.9943166915112669, 0.10646274926981744, 0.0, -0.10646274926981744,
  -0.9943166915112669, 0.0]
- [0.0, 0.0, 1.0, -0.9960103674339982, 0.08923759277340454, 0.0, -0.08923759277340454,
  -0.9960103674339982, 0.0]
- [0.0, 0.0, 1.0, -0.9975691934949232, 0.06968288304805087, 0.0, -0.06968288304805087,
  -0.9975691934949232, 0.0]
- [0.0, 0.0, 1.0, -0.9983145162164716, 0.05803556419534453, 0.0, -0.05803556419534453,
  -0.9983145162164716, 0.0]
- [0.0, 0.0, 1.0, -0.9996827489190462, 0.02518732843433716, 0.0, -0.02518732843433716,
  -0.9996827489190462, 0.0]
- [0.0, 0.0, 1.0, -0.9999995465878405, -0.0009522731295840462, 0.0, 0.0009522731295840462,
  -0.9999995465878405, 0.0]
- [0.0, 0.0, 1.0, -0.9998779494216166, -0.015623260236693266, 0.0, 0.015623260236693266,
  -0.9998779494216166, 0.0]
- [0.0, 0.0, 1.0, -0.999795585025207, -0.020218510432372792, 0.0, 0.020218510432372792,
  -0.999795585025207, 0.0]
- [0.0, 0.0, 1.0, -0.9994255044195469, -0.03389190339497395, 0.0, 0.03389190339497395,
  -0.9994255044195469, 0.0]
- [0.0, 0.0, 1.0, -0.9937023455597622, -0.11205198984858296, 0.0, 0.11205198984858296,
  -0.9937023455597622, 0.0]
- [0.0, 0.0, 1.0, -0.9889342551011541, -0.14835443737052667, 0.0, 0.14835443737052667,
  -0.9889342551011541, 0.0]
- [0.0, 0.0, 1.0, -0.9852065682504801, -0.17137099485068125, 0.0, 0.17137099485068125,
  -0.9852065682504801, 0.0]
- [0.0, 0.0, 1.0, -0.9812079003729791, -0.19295350799000707, 0.0, 0.19295350799000707,
  -0.9812079003729791, 0.0]
- [0.0, 0.0, 1.0, -0.971654449837856, -0.23640564737394393, 0.0, 0.23640564737394393,
  -0.971654449837856, 0.0]
- [0.0, 0.0, 1.0, -0.9626984637923272, -0.27057654704702955, 0.0, 0.27057654704702955,
  -0.9626984637923272, 0.0]
- [0.0, 0.0, 1.0, -0.9551729757142173, -0.29604828400996847, 0.0, 0.29604828400996847,
  -0.9551729757142173, 0.0]
- [0.0, 0.0, 1.0, -0.9446316689852783, -0.3281326103118795, 0.0, 0.3281326103118795,
  -0.9446316689852783, 0.0]
- [0.0, 0.0, 1.0, -0.932721734690256, -0.36059695733103403, 0.0, 0.36059695733103403,
  -0.932721734690256, 0.0]
- [0.0, 0.0, 1.0, -0.9227756395859982, -0.38533766878758713, 0.0, 0.38533766878758713,
  -0.9227756395859982, 0.0]
- [0.0, 0.0, 1.0, -0.9054914927457397, -0.4243644148194946, 0.0, 0.4243644148194946,
  -0.9054914927457397, 0.0]
- [0.0, 0.0, 1.0, -0.8891975555200712, -0.4575234499532562, 0.0, 0.4575234499532562,
  -0.8891975555200712, 0.0]
- [0.0, 0.0, 1.0, -0.8726747733393068, -0.4883018943002266, 0.0, 0.4883018943002266,
  -0.8726747733393068, 0.0]
- [0.0, 0.0, 1.0, -0.8488745790622728, -0.528594314216346, 0.0, 0.528594314216346,
  -0.8488745790622728, 0.0]
- [0.0, 0.0, 1.0, -0.8317457354491576, -0.5551567630517887, 0.0, 0.5551567630517887,
  -0.8317457354491576, 0.0]
- [0.0, 0.0, 1.0, -0.8153472189321925, -0.5789722899928281, 0.0, 0.5789722899928281,
  -0.8153472189321925, 0.0]
- [0.0, 0.0, 1.0, -0.7958855842500248, -0.6054470553095431, 0.0, 0.6054470553095431,
  -0.7958855842500248, 0.0]
- [0.0, 0.0, 1.0, -0.7748293249028011, -0.6321704811762962, 0.0, 0.6321704811762962,
  -0.7748293249028011, 0.0]
- [0.0, 0.0, 1.0, -0.7501599917943612, -0.6612563698831823, 0.0, 0.6612563698831823,
  -0.7501599917943612, 0.0]
- [0.0, 0.0, 1.0, -0.7341639087229781, -0.6789722786157023, 0.0, 0.6789722786157023,
