nodes:
- [7.02449685 0.07820401 0.00000000]
- [6.96212461 0.09103860 0.00000000]
- [6.89145873 0.10926856 0.00000000]
- [6.82076690 0.12735606 0.00000000]
- [6.75002421 0.14528509 0.00000000]
- [6.67925130 0.16317275 0.00000000]
- [6.60847386 0.18107774 0.00000000]
- [6.53769055 0.19901997 0.00000000]
- [6.46693370 0.21711728 0.00000000]
- [6.39621752 0.23536457 0.00000000]
- [6.32554137 0.25374249 0.00000000]
- [6.25489679 0.27221380 0.00000000]
- [6.18161003 0.28059147 0.00000000]
- [6.11107569 0.28826465 0.00000000]
- [6.04321112 0.30617307 0.00000000]
- [5.97539232 0.32415827 0.00000000]
- [5.90756377 0.34212411 0.00000000]
- [5.83976729 0.36018820 0.00000000]
- [5.77197097 0.37820727 0.00000000]
- [5.70418280 0.39628402 0.00000000]
- [5.63642546 0.41433550 0.00000000]
- [5.56863371 0.43231097 0.00000000]
- [5.50084143 0.45032433 0.00000000]
- [5.43304770 0.46829379 0.00000000]
- [5.36525462 0.48626145 0.00000000]
- [5.29745460 0.50418234 0.00000000]
- [5.22965984 0.52207926 0.00000000]
- [5.16183958 0.53988958 0.00000000]
- [5.09401501 0.55768886 0.00000000]
- [5.02619257 0.57539980 0.00000000]
- [4.95834359 0.59300813 0.00000000]
- [4.89047010 0.61053447 0.00000000]
- [4.82257992 0.62796827 0.00000000]
- [4.75465424 0.64529539 0.00000000]
- [4.68670960 0.66256218 0.00000000]
- [4.61876633 0.67972678 0.00000000]
- [4.55078518 0.69673094 0.00000000]
- [4.48277041 0.71363213 0.00000000]
- [4.41472069 0.73040282 0.00000000]
- [4.34666517 0.74707391 0.00000000]
- [4.27711840 0.76389496 0.00000000]
- [4.20750872 0.78056919 0.00000000]
- [4.13789525 0.79713784 0.00000000]
- [4.06824206 0.81346971 0.00000000]
- [3.99854423 0.82964198 0.00000000]
- [3.92881574 0.84560470 0.00000000]
- [3.85903450 0.86134055 0.00000000]
- [3.78919130 0.87687832 0.00000000]
- [3.71935349 0.89224604 0.00000000]
- [3.64944316 0.90724844 0.00000000]
- [3.57947664 0.92206721 0.00000000]
- [3.50947324 0.93658100 0.00000000]
- [3.43939680 0.95080757 0.00000000]
- [3.36929624 0.96478279 0.00000000]
- [3.29914453 0.97836257 0.00000000]
- [3.22893899 0.99159263 0.00000000]
- [3.15865610 1.00438192 0.00000000]
- [3.08833195 1.01680285 0.00000000]
- [3.01792445 1.02868649 0.00000000]
- [2.94744470 1.04017142 0.00000000]
- [2.87692051 1.05113668 0.00000000]
- [2.80630789 1.06155518 0.00000000]
- [2.73564943 1.07147759 0.00000000]
- [2.66492607 1.08074893 0.00000000]
- [2.59412545 1.08943704 0.00000000]
- [2.52292689 1.09389517 0.00000000]
- [2.42531360 1.10019755 0.00000000]
- [2.35375576 1.10656009 0.00000000]
- [2.28213317 1.11220487 0.00000000]
- [2.21049350 1.11695329 0.00000000]
- [2.13876918 1.12082604 0.00000000]
- [2.06707065 1.12390900 0.00000000]
- [1.99541082 1.12590089 0.00000000]
- [1.92371222 1.12685026 0.00000000]
- [1.85209772 1.12677291 0.00000000]
- [1.78053493 1.12535287 0.00000000]
- [1.70899558 1.12278583 0.00000000]
- [1.63764662 1.11891717 0.00000000]
- [1.54334963 1.11533062 0.00000000]
- [1.47504243 1.11193620 0.00000000]
- [1.40716590 1.10356958 0.00000000]
- [1.33959591 1.09362166 0.00000000]
- [1.27231424 1.08196736 0.00000000]
- [1.20541191 1.06870412 0.00000000]
- [1.13899531 1.05346190 0.00000000]
- [1.07301735 1.03639873 0.00000000]
- [1.00763952 1.01742413 0.00000000]
- [0.94292753 0.99639896 0.00000000]
- [0.87894522 0.97338069 0.00000000]
- [0.81589436 0.94823838 0.00000000]
- [0.75383064 0.92072954 0.00000000]
- [0.69283443 0.89122793 0.00000000]
- [0.63332877 0.85904826 0.00000000]
- [0.57510911 0.82453816 0.00000000]
- [0.51854004 0.78762927 0.00000000]
- [0.46379767 0.74812311 0.00000000]
- [0.41093513 0.70625242 0.00000000]
- [0.36041682 0.66185889 0.00000000]
- [0.31241070 0.61471849 0.00000000]
- [0.26684012 0.56538048 0.00000000]
- [0.22451280 0.51347985 0.00000000]
- [0.18537724 0.45914892 0.00000000]
- [0.14974842 0.40267686 0.00000000]
- [0.11831525 0.34399839 0.00000000]
- [0.08060366 0.28790459 0.00000000]
- [0.04692070 0.22291087 0.00000000]
- [0.03069991 0.15159987 0.00000000]
- [0.01890217 0.07935590 0.00000000]
- [0.01335186 0.00694223 0.00000000]
- [0.01871258 -0.06543627 0.00000000]
- [0.03068252 -0.13745913 0.00000000]
- [0.04856258 -0.20813447 0.00000000]
- [0.08454831 -0.27187731 0.00000000]
- [0.12417608 -0.32744573 0.00000000]
- [0.15772922 -0.38559982 0.00000000]
- [0.19549491 -0.44134545 0.00000000]
- [0.23683978 -0.49467570 0.00000000]
- [0.28150989 -0.54534924 0.00000000]
- [0.32935008 -0.59335665 0.00000000]
- [0.37970737 -0.63904029 0.00000000]
- [0.43225732 -0.68219526 0.00000000]
- [0.48704557 -0.72271795 0.00000000]
- [0.54355302 -0.76103081 0.00000000]
- [0.60167835 -0.79686740 0.00000000]
- [0.66134282 -0.83037438 0.00000000]
- [0.72219597 -0.86179378 0.00000000]
- [0.78421825 -0.89089140 0.00000000]
- [0.84734845 -0.91792662 0.00000000]
- [0.91127699 -0.94317168 0.00000000]
- [0.97595827 -0.96643315 0.00000000]
- [1.04134235 -0.98786304 0.00000000]
- [1.10730953 -1.00753426 0.00000000]
- [1.17378425 -1.02542622 0.00000000]
- [1.24080922 -1.04155190 0.00000000]
- [1.30877768 -1.05351608 0.00000000]
- [1.36635890 -1.06178910 0.00000000]
- [1.43668418 -1.07386916 0.00000000]
- [1.50720912 -1.08441016 0.00000000]
- [1.57795817 -1.09333310 0.00000000]
- [1.64895015 -1.10072531 0.00000000]
- [1.72007235 -1.10671874 0.00000000]
- [1.79128714 -1.11115435 0.00000000]
- [1.86264585 -1.11411391 0.00000000]
- [1.93408441 -1.11574765 0.00000000]
- [2.00552654 -1.11602699 0.00000000]
- [2.07699457 -1.11492314 0.00000000]
- [2.14848603 -1.11258423 0.00000000]
- [2.21542898 -1.10926416 0.00000000]
- [2.28256254 -1.10748851 0.00000000]
- [2.35258893 -1.10451523 0.00000000]
- [2.42226633 -1.09758486 0.00000000]
- [2.49186885 -1.08952880 0.00000000]
- [2.56133337 -1.08048155 0.00000000]
- [2.63062779 -1.07025439 0.00000000]
- [2.69981548 -1.05900482 0.00000000]
- [2.76882734 -1.04677952 0.00000000]
- [2.83764816 -1.03350737 0.00000000]
- [2.90630678 -1.01926265 0.00000000]
- [2.97476542 -1.00410045 0.00000000]
- [3.04300390 -0.98796283 0.00000000]
- [3.11104698 -0.97091703 0.00000000]
- [3.17888254 -0.95299387 0.00000000]
- [3.24651252 -0.93423441 0.00000000]
- [3.31394250 -0.91467288 0.00000000]
- [3.38118580 -0.89437562 0.00000000]
- [3.44822590 -0.87339613 0.00000000]
- [3.51506678 -0.85170766 0.00000000]
- [3.58174017 -0.82942968 0.00000000]
- [3.64821370 -0.80654488 0.00000000]
- [3.71451370 -0.78309349 0.00000000]
- [3.78065138 -0.75911581 0.00000000]
- [3.84662255 -0.73466957 0.00000000]
- [3.91242489 -0.70971851 0.00000000]
- [3.97811420 -0.68435803 0.00000000]
- [4.04369103 -0.65863887 0.00000000]
- [4.10915963 -0.63261213 0.00000000]
- [4.17453440 -0.60627030 0.00000000]
- [4.23879227 -0.58015581 0.00000000]
- [4.30303269 -0.55391043 0.00000000]
- [4.36725328 -0.52758687 0.00000000]
- [4.43145718 -0.50117836 0.00000000]
- [4.49568769 -0.47474196 0.00000000]
- [4.55995926 -0.44834238 0.00000000]
- [4.62429218 -0.42199967 0.00000000]
- [4.68873177 -0.39581261 0.00000000]
- [4.75328444 -0.36982684 0.00000000]
- [4.81796955 -0.34410798 0.00000000]
- [4.88281205 -0.31867156 0.00000000]
- [4.94788174 -0.29364186 0.00000000]
- [5.01317733 -0.26913432 0.00000000]
- [5.07867557 -0.24514864 0.00000000]
- [5.14440820 -0.22171935 0.00000000]
- [5.21040434 -0.19891895 0.00000000]
- [5.27666361 -0.17683021 0.00000000]
- [5.34323362 -0.15544202 0.00000000]
- [5.41014710 -0.13505067 0.00000000]
- [5.47731141 -0.11550266 0.00000000]
- [5.54482587 -0.09695441 0.00000000]
- [5.61262959 -0.07949651 0.00000000]
- [5.68067376 -0.06306467 0.00000000]
- [5.74902755 -0.04766328 0.00000000]
- [5.81766840 -0.03353951 0.00000000]
- [5.88651412 -0.02052105 0.00000000]
- [5.95568555 -0.00872455 0.00000000]
- [6.02512903 0.00157310 0.00000000]
- [6.09476814 0.01049316 0.00000000]
- [6.16563966 0.00742326 0.00000000]
- [6.23973892 0.00294415 0.00000000]
- [6.31299005 0.00717946 0.00000000]
- [6.38635278 0.00958492 0.00000000]
- [6.45974995 0.00998475 0.00000000]
- [6.53311718 0.00858174 0.00000000]
- [6.60645969 0.00532505 0.00000000]
- [6.67970953 -0.00004226 0.00000000]
- [6.75283977 -0.00758570 0.00000000]
- [6.82574084 -0.01796719 0.00000000]
- [6.89812717 -0.03162048 0.00000000]
- [6.96975956 -0.04828029 0.00000000]
- [7.02727042 -0.06966792 0.00000000]
- [4.18359391 -0.53504166 0.00000000]
- [4.19265343 -0.46381301 0.00000000]
- [4.20171294 -0.39258437 0.00000000]
- [4.21077246 -0.32135573 0.00000000]
- [4.21983197 -0.25012709 0.00000000]
- [4.22889148 -0.17889844 0.00000000]
- [4.23795100 -0.10766980 0.00000000]
- [4.24701051 -0.03644116 0.00000000]
- [4.25607003 0.03478748 0.00000000]
- [4.26512954 0.10601613 0.00000000]
- [4.27418906 0.17724477 0.00000000]
- [4.28324857 0.24847341 0.00000000]
- [4.29230808 0.31970205 0.00000000]
- [4.30136760 0.39093070 0.00000000]
- [4.31042711 0.46215934 0.00000000]
- [4.31948663 0.53338798 0.00000000]
- [4.32854614 0.60461662 0.00000000]
- [4.33760565 0.67584527 0.00000000]
- [1.37511012 -0.99144374 0.00000000]
- [1.38386134 -0.92109837 0.00000000]
- [1.39261255 -0.85075301 0.00000000]
- [1.40136377 -0.78040765 0.00000000]
- [1.41011499 -0.71006228 0.00000000]
- [1.41886620 -0.63971692 0.00000000]
- [1.42761742 -0.56937156 0.00000000]
- [1.43636864 -0.49902619 0.00000000]
- [1.44511985 -0.42868083 0.00000000]
- [1.45387107 -0.35833547 0.00000000]
- [1.46262229 -0.28799010 0.00000000]
- [1.47137350 -0.21764474 0.00000000]
- [1.48012472 -0.14729937 0.00000000]
- [1.48887594 -0.07695401 0.00000000]
- [1.49762715 -0.00660865 0.00000000]
- [1.50637837 0.06373672 0.00000000]
- [1.51512959 0.13408208 0.00000000]
- [1.52388081 0.20442744 0.00000000]
- [1.53263202 0.27477281 0.00000000]
- [1.54138324 0.34511817 0.00000000]
- [1.55013446 0.41546353 0.00000000]
- [1.55888567 0.48580890 0.00000000]
- [1.56763689 0.55615426 0.00000000]
- [1.57638811 0.62649963 0.00000000]
- [1.58513932 0.69684499 0.00000000]
- [1.59389054 0.76719035 0.00000000]
- [1.60264176 0.83753572 0.00000000]
- [1.61139297 0.90788108 0.00000000]
- [1.62014419 0.97822644 0.00000000]
- [1.62889541 1.04857181 0.00000000]
- [2.15713689 -1.04343480 0.00000000]
- [2.16578775 -0.97428537 0.00000000]
- [2.17443861 -0.90513594 0.00000000]
- [2.18308948 -0.83598651 0.00000000]
- [2.19174034 -0.76683708 0.00000000]
- [2.20039120 -0.69768765 0.00000000]
- [2.20904206 -0.62853822 0.00000000]
- [2.21769292 -0.55938879 0.00000000]
- [2.22634378 -0.49023936 0.00000000]
- [2.23499465 -0.42108993 0.00000000]
- [2.24364551 -0.35194049 0.00000000]
- [2.25229637 -0.28279106 0.00000000]
- [2.26094723 -0.21364163 0.00000000]
- [2.26959809 -0.14449220 0.00000000]
- [2.27824895 -0.07534277 0.00000000]
- [2.28689981 -0.00619334 0.00000000]
- [2.29555068 0.06295609 0.00000000]
- [2.30420154 0.13210552 0.00000000]
- [2.31285240 0.20125495 0.00000000]
- [2.32150326 0.27040438 0.00000000]
- [2.33015412 0.33955381 0.00000000]
- [2.33880498 0.40870324 0.00000000]
- [2.34745585 0.47785267 0.00000000]
- [2.35610671 0.54700210 0.00000000]
- [2.36475757 0.61615154 0.00000000]
- [2.37340843 0.68530097 0.00000000]
- [2.38205929 0.75445040 0.00000000]
- [2.39071015 0.82359983 0.00000000]
- [2.39936102 0.89274926 0.00000000]
- [2.40801188 0.96189869 0.00000000]
- [2.41666274 1.03104812 0.00000000]
elements:
- [1 2]
- [2 3]
- [3 4]
- [4 5]
- [5 6]
- [6 7]
- [7 8]
- [8 9]
- [9 10]
- [10 11]
- [11 12]
- [12 13]
- [13 14]
- [14 15]
- [15 16]
- [16 17]
- [17 18]
- [18 19]
- [19 20]
- [20 21]
- [21 22]
- [22 23]
- [23 24]
- [24 25]
- [25 26]
- [26 27]
- [27 28]
- [28 29]
- [29 30]
- [30 31]
- [31 32]
- [32 33]
- [33 34]
- [34 35]
- [35 36]
- [36 37]
- [37 38]
- [38 39]
- [39 40]
- [40 41]
- [41 42]
- [42 43]
- [43 44]
- [44 45]
- [45 46]
- [46 47]
- [47 48]
- [48 49]
- [49 50]
- [50 51]
- [51 52]
- [52 53]
- [53 54]
- [54 55]
- [55 56]
- [56 57]
- [57 58]
- [58 59]
- [59 60]
- [60 61]
- [61 62]
- [62 63]
- [63 64]
- [64 65]
- [65 66]
- [66 67]
- [67 68]
- [68 69]
- [69 70]
- [70 71]
- [71 72]
- [72 73]
- [73 74]
- [74 75]
- [75 76]
- [76 77]
- [77 78]
- [78 79]
- [79 80]
- [80 81]
- [81 82]
- [82 83]
- [83 84]
- [84 85]
- [85 86]
- [86 87]
- [87 88]
- [88 89]
- [89 90]
- [90 91]
- [91 92]
- [92 93]
- [93 94]
- [94 95]
- [95 96]
- [96 97]
- [97 98]
- [98 99]
- [99 100]
- [100 101]
- [101 102]
- [102 103]
- [103 104]
- [104 105]
- [105 106]
- [106 107]
- [107 108]
- [108 109]
- [109 110]
- [110 111]
- [111 112]
- [112 113]
- [113 114]
- [114 115]
- [115 116]
- [116 117]
- [117 118]
- [118 119]
- [119 120]
- [120 121]
- [121 122]
- [122 123]
- [123 124]
- [124 125]
- [125 126]
- [126 127]
- [127 128]
- [128 129]
- [129 130]
- [130 131]
- [131 132]
- [132 133]
- [133 134]
- [134 135]
- [135 136]
- [136 137]
- [137 138]
- [138 139]
- [139 140]
- [140 141]
- [141 142]
- [142 143]
- [143 144]
- [144 145]
- [145 146]
- [146 147]
- [147 148]
- [148 149]
- [149 150]
- [150 151]
- [151 152]
- [152 153]
- [153 154]
- [154 155]
- [155 156]
- [156 157]
- [157 158]
- [158 159]
- [159 160]
- [160 161]
- [161 162]
- [162 163]
- [163 164]
- [164 165]
- [165 166]
- [166 167]
- [167 168]
- [168 169]
- [169 170]
- [170 171]
- [171 172]
- [172 173]
- [173 174]
- [174 175]
- [175 176]
- [176 177]
- [177 178]
- [178 179]
- [179 180]
- [180 181]
- [181 182]
- [182 183]
- [183 184]
- [184 185]
- [185 186]
- [186 187]
- [187 188]
- [188 189]
- [189 190]
- [190 191]
- [191 192]
- [192 193]
- [193 194]
- [194 195]
- [195 196]
- [196 197]
- [197 198]
- [198 199]
- [199 200]
- [200 201]
- [201 202]
- [202 203]
- [203 204]
- [204 205]
- [205 206]
- [206 207]
- [207 208]
- [208 209]
- [209 210]
- [210 211]
- [211 212]
- [212 213]
- [213 214]
- [214 215]
- [215 216]
- [216 217]
- [217 218]
- [218 219]
- [219 1]
- [177 220]
- [220 221]
- [221 222]
- [222 223]
- [223 224]
- [224 225]
- [225 226]
- [226 227]
- [227 228]
- [228 229]
- [229 230]
- [230 231]
- [231 232]
- [232 233]
- [233 234]
- [234 235]
- [235 236]
- [236 237]
- [237 40]
- [136 238]
- [238 239]
- [239 240]
- [240 241]
- [241 242]
- [242 243]
- [243 244]
- [244 245]
- [245 246]
- [246 247]
- [247 248]
- [248 249]
- [249 250]
- [250 251]
- [251 252]
- [252 253]
- [253 254]
- [254 255]
- [255 256]
- [256 257]
- [257 258]
- [258 259]
- [259 260]
- [260 261]
- [261 262]
- [262 263]
- [263 264]
- [264 265]
- [265 266]
- [266 267]
- [267 78]
- [147 268]
- [268 269]
- [269 270]
- [270 271]
- [271 272]
- [272 273]
- [273 274]
- [274 275]
- [275 276]
- [276 277]
- [277 278]
- [278 279]
- [279 280]
- [280 281]
- [281 282]
- [282 283]
- [283 284]
- [284 285]
- [285 286]
- [286 287]
- [287 288]
- [288 289]
- [289 290]
- [290 291]
- [291 292]
- [292 293]
- [293 294]
- [294 295]
- [295 296]
- [296 297]
- [297 298]
- [298 67]
sets:
  element:
  - name: layup_0
    labels:
    - 1
    - 2
    - 3
    - 4
    - 5
    - 6
    - 7
    - 8
    - 9
    - 10
    - 11
    - 12
    - 207
    - 208
    - 209
    - 210
    - 211
    - 212
    - 213
    - 214
    - 215
    - 216
    - 217
    - 218
    - 219
  - name: layup_1
    labels:
    - 13
    - 14
    - 15
    - 16
    - 17
    - 18
    - 19
    - 20
    - 21
    - 22
    - 23
    - 24
    - 25
    - 26
    - 27
    - 28
    - 29
    - 30
    - 31
    - 32
    - 33
    - 34
    - 35
    - 36
    - 37
    - 38
    - 39
    - 40
    - 41
    - 42
    - 43
    - 44
    - 45
    - 46
    - 47
    - 48
    - 49
    - 50
    - 51
    - 52
    - 53
    - 54
    - 55
    - 56
    - 57
    - 58
    - 59
    - 60
    - 61
    - 62
    - 63
    - 64
    - 65
    - 79
    - 80
    - 81
    - 82
    - 83
    - 84
    - 85
    - 86
    - 87
    - 88
    - 89
    - 90
    - 91
    - 92
    - 93
    - 94
    - 95
    - 96
    - 97
    - 98
    - 99
    - 100
    - 101
    - 102
    - 103
    - 104
    - 113
    - 114
    - 115
    - 116
    - 117
    - 118
    - 119
    - 120
    - 121
    - 122
    - 123
    - 124
    - 125
    - 126
    - 127
    - 128
    - 129
    - 130
    - 131
    - 132
    - 133
    - 134
    - 149
    - 150
    - 151
    - 152
    - 153
    - 154
    - 155
    - 156
    - 157
    - 158
    - 159
    - 160
    - 161
    - 162
    - 163
    - 164
    - 165
    - 166
    - 167
    - 168
    - 169
    - 170
    - 171
    - 172
    - 173
    - 174
    - 175
    - 176
    - 177
    - 178
    - 179
    - 180
    - 181
    - 182
    - 183
    - 184
    - 185
    - 186
    - 187
    - 188
    - 189
    - 190
    - 191
    - 192
    - 193
    - 194
    - 195
    - 196
    - 197
    - 198
    - 199
    - 200
    - 201
    - 202
    - 203
    - 204
    - 205
    - 206
  - name: layup_2
    labels:
    - 66
    - 67
    - 68
    - 69
    - 70
    - 71
    - 72
    - 73
    - 74
    - 75
    - 76
    - 77
    - 78
  - name: layup_3
    labels:
    - 105
    - 106
    - 107
    - 108
    - 109
    - 110
    - 111
    - 112
  - name: layup_4
    labels:
    - 135
    - 136
    - 137
    - 138
    - 139
    - 140
    - 141
    - 142
    - 143
    - 144
    - 145
    - 146
    - 147
    - 148
  - name: layup_5
    labels:
    - 220
    - 221
    - 222
    - 223
    - 224
    - 225
    - 226
    - 227
    - 228
    - 229
    - 230
    - 231
    - 232
    - 233
    - 234
    - 235
    - 236
    - 237
    - 238
    - 239
    - 240
    - 241
    - 242
    - 243
    - 244
    - 245
    - 246
    - 247
    - 248
    - 249
    - 250
    - 251
    - 252
    - 253
    - 254
    - 255
    - 256
    - 257
    - 258
    - 259
    - 260
    - 261
    - 262
    - 263
    - 264
    - 265
    - 266
    - 267
    - 268
    - 269
    - 270
    - 271
    - 272
    - 273
    - 274
    - 275
    - 276
    - 277
    - 278
    - 279
    - 280
    - 281
    - 282
    - 283
    - 284
    - 285
    - 286
    - 287
    - 288
    - 289
    - 290
    - 291
    - 292
    - 293
    - 294
    - 295
    - 296
    - 297
    - 298
    - 299
    - 300
    - 301
sections:
- type: shell
  elementSet: layup_0
  layup:
  - - gelcoat
    - 0.0005
    - 0.0
  - - glass_triax
    - 0.003
    - 0.0
  - - glass_uniax
    - 0.02420355
    - 0.0
  - - glass_triax
    - 0.003
    - 0.0
- type: shell
  elementSet: layup_1
  layup:
  - - gelcoat
    - 0.0005
    - 0.0
  - - glass_triax
    - 0.003
    - 0.0
  - - medium_density_foam
    - 0.06621875
    - 0.0
  - - glass_triax
    - 0.003
    - 0.0
- type: shell
  elementSet: layup_2
  layup:
  - - gelcoat
    - 0.0005
    - 0.0
  - - glass_triax
    - 0.003
    - 0.0
  - - carbon_uniax
    - 0.08065128
    - 0.0
  - - glass_triax
    - 0.003
    - 0.0
- type: shell
  elementSet: layup_3
  layup:
  - - gelcoat
    - 0.0005
    - 0.0
  - - glass_triax
    - 0.003
    - 0.0
  - - glass_uniax
    - 0.01992811
    - 0.0
  - - glass_triax
    - 0.003
    - 0.0
- type: shell
  elementSet: layup_4
  layup:
  - - gelcoat
    - 0.0005
    - 0.0
  - - glass_triax
    - 0.003
    - 0.0
  - - carbon_uniax
    - 0.07738741
    - 0.0
  - - glass_triax
    - 0.003
    - 0.0
- type: shell
  elementSet: layup_5
  layup:
  - - glass_biax
    - 0.002
    - 0.0
  - - medium_density_foam
    - 0.04012
    - 0.0
  - - glass_biax
    - 0.002
    - 0.0
elementOrientations:
- [0.0, 0.0, 1.0, -0.9794779810359591, 0.20155119614063657, 0.0, -0.20155119614063657,
  -0.9794779810359591, 0.0]
- [0.0, 0.0, 1.0, -0.9682985169927248, 0.24979588064996147, 0.0, -0.24979588064996147,
  -0.9682985169927248, 0.0]
- [0.0, 0.0, 1.0, -0.9687910472723957, 0.24787881459466152, 0.0, -0.24787881459466152,
  -0.9687910472723957, 0.0]
- [0.0, 0.0, 1.0, -0.9693528260757189, 0.2456727469195903, 0.0, -0.2456727469195903,
  -0.9693528260757189, 0.0]
- [0.0, 0.0, 1.0, -0.9695125444067594, 0.24504168265405651, 0.0, -0.24504168265405651,
  -0.9695125444067594, 0.0]
- [0.0, 0.0, 1.0, -0.9694598449721934, 0.24525009477366352, 0.0, -0.24525009477366352,
  -0.9694598449721934, 0.0]
- [0.0, 0.0, 1.0, -0.9693433472358843, 0.24571014462071325, 0.0, -0.24571014462071325,
  -0.9693433472358843, 0.0]
- [0.0, 0.0, 1.0, -0.9688134880647353, 0.24779109213981249, 0.0, -0.24779109213981249,
  -0.9688134880647353, 0.0]
- [0.0, 0.0, 1.0, -0.9682841135868964, 0.24985170676871227, 0.0, -0.24985170676871227,
  -0.9682841135868964, 0.0]
- [0.0, 0.0, 1.0, -0.9678154363471464, 0.25166104420069174, 0.0, -0.25166104420069174,
  -0.9678154363471464, 0.0]
- [0.0, 0.0, 1.0, -0.9674756519663356, 0.25296415329511346, 0.0, -0.25296415329511346,
  -0.9674756519663356, 0.0]
- [0.0, 0.0, 1.0, -0.9935295519540085, 0.1135738939812627, 0.0, -0.1135738939812627,
  -0.9935295519540085, 0.0]
- [0.0, 0.0, 1.0, -0.9941347570471792, 0.10814843887336371, 0.0, -0.10814843887336371,
  -0.9941347570471792, 0.0]
- [0.0, 0.0, 1.0, -0.9669013646944745, 0.25515044768129036, 0.0, -0.25515044768129036,
  -0.9669013646944745, 0.0]
- [0.0, 0.0, 1.0, -0.9665882039543026, 0.2563342426918331, 0.0, -0.2563342426918331,
  -0.9665882039543026, 0.0]
- [0.0, 0.0, 1.0, -0.9666656696238767, 0.2560419558795437, 0.0, -0.2560419558795437,
  -0.9666656696238767, 0.0]
- [0.0, 0.0, 1.0, -0.9662880329386704, 0.25746346808725157, 0.0, -0.25746346808725157,
  -0.9662880329386704, 0.0]
- [0.0, 0.0, 1.0, -0.9664473446252208, 0.2568648089304174, 0.0, -0.2568648089304174,
  -0.9664473446252208, 0.0]
- [0.0, 0.0, 1.0, -0.9662352843231731, 0.25766135784963323, 0.0, -0.25766135784963323,
  -0.9662352843231731, 0.0]
- [0.0, 0.0, 1.0, -0.9662958118454855, 0.2574342712419506, 0.0, -0.2574342712419506,
  -0.9662958118454855, 0.0]
- [0.0, 0.0, 1.0, -0.9665972306310301, 0.25630020237296547, 0.0, -0.25630020237296547,
  -0.9665972306310301, 0.0]
- [0.0, 0.0, 1.0, -0.9664637620846368, 0.25680303070098415, 0.0, -0.25680303070098415,
  -0.9664637620846368, 0.0]
- [0.0, 0.0, 1.0, -0.966620306738635, 0.256213158523342, 0.0, -0.256213158523342,
  -0.966620306738635, 0.0]
- [0.0, 0.0, 1.0, -0.9666260608316494, 0.2561914489616863, 0.0, -0.2561914489616863,
  -0.9666260608316494, 0.0]
- [0.0, 0.0, 1.0, -0.9667974666156596, 0.2555438485769961, 0.0, -0.2555438485769961,
  -0.9667974666156596, 0.0]
- [0.0, 0.0, 1.0, -0.9668770339423342, 0.255242632087342, 0.0, -0.255242632087342,
  -0.9668770339423342, 0.0]
- [0.0, 0.0, 1.0, -0.9672046646166029, 0.25399830067125434, 0.0, -0.25399830067125434,
  -0.9672046646166029, 0.0]
- [0.0, 0.0, 1.0, -0.9672473250777601, 0.2538357975737817, 0.0, -0.2538357975737817,
  -0.9672473250777601, 0.0]
- [0.0, 0.0, 1.0, -0.9675540632370833, 0.25266407483734327, 0.0, -0.25266407483734327,
  -0.9675540632370833, 0.0]
- [0.0, 0.0, 1.0, -0.9679350238543063, 0.25120069585127297, 0.0, -0.25120069585127297,
  -0.9679350238543063, 0.0]
- [0.0, 0.0, 1.0, -0.9682406932828159, 0.25001991894889464, 0.0, -0.25001991894889464,
  -0.9682406932828159, 0.0]
- [0.0, 0.0, 1.0, -0.9685743773659845, 0.24872409515383753, 0.0, -0.24872409515383753,
  -0.9685743773659845, 0.0]
- [0.0, 0.0, 1.0, -0.9689710328363668, 0.24717430595437, 0.0, -0.24717430595437, -0.9689710328363668,
  0.0]
- [0.0, 0.0, 1.0, -0.969193305535456, 0.24630131243104725, 0.0, -0.24630131243104725,
  -0.969193305535456, 0.0]
- [0.0, 0.0, 1.0, -0.9695392335104196, 0.24493606244085056, 0.0, -0.24493606244085056,
  -0.9695392335104196, 0.0]
- [0.0, 0.0, 1.0, -0.9701126949897515, 0.2426548145405761, 0.0, -0.2426548145405761,
  -0.9701126949897515, 0.0]
- [0.0, 0.0, 1.0, -0.9704856761278305, 0.24115877017166057, 0.0, -0.24115877017166057,
  -0.9704856761278305, 0.0]
- [0.0, 0.0, 1.0, -0.9709486560020851, 0.23928791738770377, 0.0, -0.23928791738770377,
  -0.9709486560020851, 0.0]
- [0.0, 0.0, 1.0, -0.9712826826190795, 0.23792845656685271, 0.0, -0.23792845656685271,
  -0.9712826826190795, 0.0]
- [0.0, 0.0, 1.0, -0.9719740364979438, 0.2350882225333586, 0.0, -0.2350882225333586,
  -0.9719740364979438, 0.0]
- [0.0, 0.0, 1.0, -0.9724889655648821, 0.23294894688438866, 0.0, -0.23294894688438866,
  -0.9724889655648821, 0.0]
- [0.0, 0.0, 1.0, -0.9728250503363898, 0.23154140329107592, 0.0, -0.23154140329107592,
  -0.9728250503363898, 0.0]
- [0.0, 0.0, 1.0, -0.9735948691616767, 0.22828278678441327, 0.0, -0.22828278678441327,
  -0.9735948691616767, 0.0]
- [0.0, 0.0, 1.0, -0.9741205475521406, 0.2260291105957768, 0.0, -0.2260291105957768,
  -0.9741205475521406, 0.0]
- [0.0, 0.0, 1.0, -0.9747832124778198, 0.22315395732861498, 0.0, -0.22315395732861498,
  -0.9747832124778198, 0.0]
- [0.0, 0.0, 1.0, -0.9755046322760684, 0.21997889082348904, 0.0, -0.21997889082348904,
  -0.9755046322760684, 0.0]
- [0.0, 0.0, 1.0, -0.9761365487606372, 0.2171576343895654, 0.0, -0.2171576343895654,
  -0.9761365487606372, 0.0]
- [0.0, 0.0, 1.0, -0.9766344976410576, 0.21490709159401644, 0.0, -0.21490709159401644,
  -0.9766344976410576, 0.0]
- [0.0, 0.0, 1.0, -0.9777404224247913, 0.20981817451448395, 0.0, -0.20981817451448395,
  -0.9777404224247913, 0.0]
- [0.0, 0.0, 1.0, -0.9782982724306837, 0.20720156891090286, 0.0, -0.20720156891090286,
  -0.9782982724306837, 0.0]
- [0.0, 0.0, 1.0, -0.9791761639470928, 0.20301241330976796, 0.0, -0.20301241330976796,
  -0.9791761639470928, 0.0]
- [0.0, 0.0, 1.0, -0.9800083318655322, 0.1989564512000987, 0.0, -0.1989564512000987,
  -0.9800083318655322, 0.0]
- [0.0, 0.0, 1.0, -0.9807012728265745, 0.19551218242436147, 0.0, -0.19551218242436147,
  -0.9807012728265745, 0.0]
- [0.0, 0.0, 1.0, -0.9817745422400451, 0.1900493309889558, 0.0, -0.1900493309889558,
  -0.9817745422400451, 0.0]
- [0.0, 0.0, 1.0, -0.9827031282831369, 0.18518790906140964, 0.0, -0.18518790906140964,
  -0.9827031282831369, 0.0]
- [0.0, 0.0, 1.0, -0.9838438106354678, 0.1790289258032952, 0.0, -0.1790289258032952,
  -0.9838438106354678, 0.0]
- [0.0, 0.0, 1.0, -0.9847577035903163, 0.17393178323563172, 0.0, -0.17393178323563172,
  -0.9847577035903163, 0.0]
- [0.0, 0.0, 1.0, -0.9860533262534366, 0.16642967819633017, 0.0, -0.16642967819633017,
  -0.9860533262534366, 0.0]
- [0.0, 0.0, 1.0, -0.9869817447890084, 0.16083232092227276, 0.0, -0.16083232092227276,
  -0.9869817447890084, 0.0]
- [0.0, 0.0, 1.0, -0.9881274740493802, 0.15363624256272163, 0.0, -0.15363624256272163,
  -0.9881274740493802, 0.0]
- [0.0, 0.0, 1.0, -0.9892898638606235, 0.14596426022362172, 0.0, -0.14596426022362172,
  -0.9892898638606235, 0.0]
- [0.0, 0.0, 1.0, -0.9902834934425812, 0.13906330434430644, 0.0, -0.13906330434430644,
  -0.9902834934425812, 0.0]
- [0.0, 0.0, 1.0, -0.9915165017416849, 0.12998087080002013, 0.0, -0.12998087080002013,
  -0.9915165017416849, 0.0]
- [0.0, 0.0, 1.0, -0.9925548193063395, 0.12179873017301918, 0.0, -0.12179873017301918,
  -0.9925548193063395, 0.0]
- [0.0, 0.0, 1.0, -0.9980453939708187, 0.062493132211733124, 0.0, -0.062493132211733124,
  -0.9980453939708187, 0.0]
- [0.0, 0.0, 1.0, -0.9979221909068219, 0.06443058975151993, 0.0, -0.06443058975151993,
  -0.9979221909068219, 0.0]
- [0.0, 0.0, 1.0, -0.9960703765176806, 0.08856525856071264, 0.0, -0.08856525856071264,
  -0.9960703765176806, 0.0]
- [0.0, 0.0, 1.0, -0.9969086622395233, 0.07856919976558137, 0.0, -0.07856919976558137,
  -0.9969086622395233, 0.0]
- [0.0, 0.0, 1.0, -0.9978105637186632, 0.066136819786287, 0.0, -0.066136819786287,
  -0.9978105637186632, 0.0]
- [0.0, 0.0, 1.0, -0.9985454540278802, 0.053916381928449594, 0.0, -0.053916381928449594,
  -0.9985454540278802, 0.0]
- [0.0, 0.0, 1.0, -0.9990768252232232, 0.042959251644849254, 0.0, -0.042959251644849254,
  -0.9990768252232232, 0.0]
- [0.0, 0.0, 1.0, -0.9996139014083574, 0.02778575374472587, 0.0, -0.02778575374472587,
  -0.9996139014083574, 0.0]
- [0.0, 0.0, 1.0, -0.9999123473923545, 0.013239997443776241, 0.0, -0.013239997443776241,
  -0.9999123473923545, 0.0]
- [0.0, 0.0, 1.0, -0.9999994166133526, -0.0010801726503607203, 0.0, 0.0010801726503607203,
  -0.9999994166133526, 0.0]
- [0.0, 0.0, 1.0, -0.9998031818896497, -0.019839291401966785, 0.0, 0.019839291401966785,
  -0.9998031818896497, 0.0]
- [0.0, 0.0, 1.0, -0.9993568292014297, -0.03585983726210344, 0.0, 0.03585983726210344,
  -0.9993568292014297, 0.0]
- [0.0, 0.0, 1.0, -0.9985332383752736, -0.0541421449500229, 0.0, 0.0541421449500229,
  -0.9985332383752736, 0.0]
- [0.0, 0.0, 1.0, -0.9992774693909997, -0.03800709364736541, 0.0, 0.03800709364736541,
  -0.9992774693909997, 0.0]
- [0.0, 0.0, 1.0, -0.9987675568497296, -0.049632321972905125, 0.0, 0.049632321972905125,
  -0.9987675568497296, 0.0]
- [0.0, 0.0, 1.0, -0.9924886842845777, -0.12233646867172489, 0.0, 0.12233646867172489,
  -0.9924886842845777, 0.0]
- [0.0, 0.0, 1.0, -0.9893356234947223, -0.1456537815654274, 0.0, 0.1456537815654274,
  -0.9893356234947223, 0.0]
- [0.0, 0.0, 1.0, -0.9853273568057811, -0.17067512979380653, 0.0, 0.17067512979380653,
  -0.9853273568057811, 0.0]
- [0.0, 0.0, 1.0, -0.9809098066841625, -0.19446323855896006, 0.0, 0.19446323855896006,
  -0.9809098066841625, 0.0]
- [0.0, 0.0, 1.0, -0.9746627781134085, -0.2236793887694003, 0.0, 0.2236793887694003,
  -0.9746627781134085, 0.0]
- [0.0, 0.0, 1.0, -0.968147270722133, -0.2503814334036866, 0.0, 0.2503814334036866,
  -0.968147270722133, 0.0]
- [0.0, 0.0, 1.0, -0.9603700352904504, -0.27872817460066573, 0.0, 0.27872817460066573,
  -0.9603700352904504, 0.0]
- [0.0, 0.0, 1.0, -0.9510609773691027, -0.3090032642638701, 0.0, 0.3090032642638701,
  -0.9510609773691027, 0.0]
- [0.0, 0.0, 1.0, -0.9409594092377038, -0.33851940884834236, 0.0, 0.33851940884834236,
  -0.9409594092377038, 0.0]
- [0.0, 0.0, 1.0, -0.928872585295392, -0.37039940643399394, 0.0, 0.37039940643399394,
  -0.928872585295392, 0.0]
- [0.0, 0.0, 1.0, -0.914221269977415, -0.4052153372231639, 0.0, 0.4052153372231639,
  -0.914221269977415, 0.0]
- [0.0, 0.0, 1.0, -0.9002326802850436, -0.4354091424703968, 0.0, 0.4354091424703968,
  -0.9002326802850436, 0.0]
- [0.0, 0.0, 1.0, -0.8796171363206859, -0.4756823451537758, 0.0, 0.4756823451537758,
  -0.8796171363206859, 0.0]
- [0.0, 0.0, 1.0, -0.8602295735550587, -0.5099069334508817, 0.0, 0.5099069334508817,
  -0.8602295735550587, 0.0]
- [0.0, 0.0, 1.0, -0.8375020457388629, -0.5464341894347569, 0.0, 0.5464341894347569,
  -0.8375020457388629, 0.0]
- [0.0, 0.0, 1.0, -0.8108900783803884, -0.5851984969087393, 0.0, 0.5851984969087393,
  -0.8108900783803884, 0.0]
- [0.0, 0.0, 1.0, -0.783892953273769, -0.6208959959668998, 0.0, 0.6208959959668998,
  -0.783892953273769, 0.0]
- [0.0, 0.0, 1.0, -0.7511748077354589, -0.6601033314743961, 0.0, 0.6601033314743961,
  -0.7511748077354589, 0.0]
- [0.0, 0.0, 1.0, -0.7135110935256395, -0.700643931976754, 0.0, 0.700643931976754,
  -0.7135110935256395, 0.0]
- [0.0, 0.0, 1.0, -0.6785036160407163, -0.7345970616737263, 0.0, 0.7345970616737263,
  -0.6785036160407163, 0.0]
- [0.0, 0.0, 1.0, -0.6320131040997437, -0.7749576996496045, 0.0, 0.7749576996496045,
  -0.6320131040997437, 0.0]
- [0.0, 0.0, 1.0, -0.5844748228779886, -0.8114118445165465, 0.0, 0.8114118445165465,
  -0.5844748228779886, 0.0]
- [0.0, 0.0, 1.0, -0.5335887759940886, -0.8457440618373447, 0.0, 0.8457440618373447,
  -0.5335887759940886, 0.0]
- [0.0, 0.0, 1.0, -0.4722013719038568, -0.8814907057775002, 0.0, 0.8814907057775002,
  -0.4722013719038568, 0.0]
- [0.0, 0.0, 1.0, -0.5579298020410498, -0.8298881466766681, 0.0, 0.8298881466766681,
  -0.5579298020410498, 0.0]
- [0.0, 0.0, 1.0, -0.46012882524702736, -0.8878521634691164, 0.0, 0.8878521634691164,
  -0.46012882524702736, 0.0]
- [0.0, 0.0, 1.0, -0.22179984303608533, -0.9750922159617355, 0.0, 0.9750922159617355,
  -0.22179984303608533, 0.0]
- [0.0, 0.0, 1.0, -0.16116918280477088, -0.9869267928848837, 0.0, 0.9869267928848837,
  -0.16116918280477088, 0.0]
- [0.0, 0.0, 1.0, -0.07642319618656473, -0.9970754711076938, 0.0, 0.9970754711076938,
  -0.07642319618656473, 0.0]
- [0.0, 0.0, 1.0, 0.07386283345578808, -0.9972684101253195, 0.0, 0.9972684101253195,
  0.07386283345578808, 0.0]
- [0.0, 0.0, 1.0, 0.16394753830066666, -0.9864690591626032, 0.0, 0.9864690591626032,
  0.16394753830066666, 0.0]
- [0.0, 0.0, 1.0, 0.24526159677821305, -0.969456935168242, 0.0, 0.969456935168242,
  0.24526159677821305, 0.0]
- [0.0, 0.0, 1.0, 0.4916137466099325, -0.870813369295709, 0.0, 0.870813369295709,
  0.4916137466099325, 0.0]
- [0.0, 0.0, 1.0, 0.580617524974671, -0.8141764487457784, 0.0, 0.8141764487457784,
  0.580617524974671, 0.0]
- [0.0, 0.0, 1.0, 0.49975270349997436, -0.8661681334154858, 0.0, 0.8661681334154858,
  0.49975270349997436, 0.0]
- [0.0, 0.0, 1.0, 0.560873774882521, -0.827901327845916, 0.0, 0.827901327845916, 0.560873774882521,
  0.0]
- [0.0, 0.0, 1.0, 0.612700612431061, -0.790315101416266, 0.0, 0.790315101416266, 0.612700612431061,
  0.0]
- [0.0, 0.0, 1.0, 0.6612733493944151, -0.7501450242324424, 0.0, 0.7501450242324424,
  0.6612733493944151, 0.0]
- [0.0, 0.0, 1.0, 0.7058720077619467, -0.7083394021640461, 0.0, 0.7083394021640461,
  0.7058720077619467, 0.0]
- [0.0, 0.0, 1.0, 0.7406403508105834, -0.671901682354774, 0.0, 0.671901682354774,
  0.7406403508105834, 0.0]
- [0.0, 0.0, 1.0, 0.7728060396424717, -0.6346422812042375, 0.0, 0.6346422812042375,
  0.7728060396424717, 0.0]
- [0.0, 0.0, 1.0, 0.8039865151479073, -0.594647528759957, 0.0, 0.594647528759957,
  0.8039865151479073, 0.0]
- [0.0, 0.0, 1.0, 0.8276900147052552, -0.5611855660627904, 0.0, 0.5611855660627904,
  0.8276900147052552, 0.0]
- [0.0, 0.0, 1.0, 0.8512190409431719, -0.524810579481575, 0.0, 0.524810579481575,
  0.8512190409431719, 0.0]
- [0.0, 0.0, 1.0, 0.871914309545928, -0.48965848997954453, 0.0, 0.48965848997954453,
  0.871914309545928, 0.0]
- [0.0, 0.0, 1.0, 0.8885532569436742, -0.45877348394909323, 0.0, 0.45877348394909323,
  0.8885532569436742, 0.0]
- [0.0, 0.0, 1.0, 0.9053204621618689, -0.4247291616913303, 0.0, 0.4247291616913303,
  0.9053204621618689, 0.0]
- [0.0, 0.0, 1.0, 0.9192534878711089, -0.39366613397243205, 0.0, 0.39366613397243205,
  0.9192534878711089, 0.0]
- [0.0, 0.0, 1.0, 0.9301049582907431, -0.3672938422611724, 0.0, 0.3672938422611724,
  0.9301049582907431, 0.0]
- [0.0, 0.0, 1.0, 0.9409976729430459, -0.33841303094853276, 0.0, 0.33841303094853276,
  0.9409976729430459, 0.0]
- [0.0, 0.0, 1.0, 0.9502618558943434, -0.31145209139165886, 0.0, 0.31145209139165886,
  0.9502618558943434, 0.0]
- [0.0, 0.0, 1.0, 0.9583005191060044, -0.28576234020801683, 0.0, 0.28576234020801683,
  0.9583005191060044, 0.0]
- [0.0, 0.0, 1.0, 0.9656342713137768, -0.2599047018895798, 0.0, 0.2599047018895798,
  0.9656342713137768, 0.0]
- [0.0, 0.0, 1.0, 0.9722565077136942, -0.23391725718375575, 0.0, 0.23391725718375575,
  0.9722565077136942, 0.0]
- [0.0, 0.0, 1.0, 0.984858483008807, -0.17336022740407211, 0.0, 0.17336022740407211,
  0.984858483008807, 0.0]
- [0.0, 0.0, 1.0, 0.9898357516720123, -0.14221527594426142, 0.0, 0.14221527594426142,
  0.9898357516720123, 0.0]
- [0.0, 0.0, 1.0, 0.9855655020870704, -0.1692945394744345, 0.0, 0.1692945394744345,
  0.9855655020870704, 0.0]
- [0.0, 0.0, 1.0, 0.9890138604578453, -0.14782281225260763, 0.0, 0.14782281225260763,
  0.9890138604578453, 0.0]
- [0.0, 0.0, 1.0, 0.992140386861369, -0.1251297437005814, 0.0, 0.1251297437005814,
  0.992140386861369, 0.0]
- [0.0, 0.0, 1.0, 0.9946224249202237, -0.10356752312290864, 0.0, 0.10356752312290864,
  0.9946224249202237, 0.0]
- [0.0, 0.0, 1.0, 0.9964681318848991, -0.08397179370371584, 0.0, 0.08397179370371584,
  0.9964681318848991, 0.0]
- [0.0, 0.0, 1.0, 0.9980659153845081, -0.06216452805003802, 0.0, 0.06216452805003802,
  0.9980659153845081, 0.0]
- [0.0, 0.0, 1.0, 0.9991410464226504, -0.041438742179886134, 0.0, 0.041438742179886134,
  0.9991410464226504, 0.0]
- [0.0, 0.0, 1.0, 0.9997386048063402, -0.022863115707885653, 0.0, 0.022863115707885653,
  0.9997386048063402, 0.0]
- [0.0, 0.0, 1.0, 0.9999923559023695, -0.003910004709567766, 0.0, 0.003910004709567766,
  0.9999923559023695, 0.0]
- [0.0, 0.0, 1.0, 0.9998807418158018, 0.01544351468681193, 0.0, -0.01544351468681193,
  0.9998807418158018, 0.0]
- [0.0, 0.0, 1.0, 0.9994652654530491, 0.03269836621095779, 0.0, -0.03269836621095779,
  0.9994652654530491, 0.0]
- [0.0, 0.0, 1.0, 0.9987724012167326, 0.04953474101841949, 0.0, -0.04953474101841949,
  0.9987724012167326, 0.0]
- [0.0, 0.0, 1.0, 0.9996503955086511, 0.02644024885279221, 0.0, -0.02644024885279221,
  0.9996503955086511, 0.0]
- [0.0, 0.0, 1.0, 0.9990998187344523, 0.04242112922571005, 0.0, -0.04242112922571005,
  0.9990998187344523, 0.0]
- [0.0, 0.0, 1.0, 0.9950898835296473, 0.09897536914279652, 0.0, -0.09897536914279652,
  0.9950898835296473, 0.0]
- [0.0, 0.0, 1.0, 0.9933682525411466, 0.11497614901947562, 0.0, -0.11497614901947562,
  0.9933682525411466, 0.0]
- [0.0, 0.0, 1.0, 0.99162482346164, 0.12915188537017694, 0.0, -0.12915188537017694,
  0.99162482346164, 0.0]
- [0.0, 0.0, 1.0, 0.9892833472209899, 0.14600842068604936, 0.0, -0.14600842068604936,
  0.9892833472209899, 0.0]
- [0.0, 0.0, 1.0, 0.9870379000112433, 0.16048733265088183, 0.0, -0.16048733265088183,
  0.9870379000112433, 0.0]
- [0.0, 0.0, 1.0, 0.984669216318093, 0.17443203385706554, 0.0, -0.17443203385706554,
  0.984669216318093, 0.0]
- [0.0, 0.0, 1.0, 0.981907430342304, 0.1893615542779827, 0.0, -0.1893615542779827,
  0.981907430342304, 0.0]
- [0.0, 0.0, 1.0, 0.9791485403885556, 0.20314560259813969, 0.0, -0.20314560259813969,
  0.9791485403885556, 0.0]
- [0.0, 0.0, 1.0, 0.9763403366221312, 0.21623955948110793, 0.0, -0.21623955948110793,
  0.9763403366221312, 0.0]
- [0.0, 0.0, 1.0, 0.9731573755831073, 0.23014065774695033, 0.0, -0.23014065774695033,
  0.9731573755831073, 0.0]
- [0.0, 0.0, 1.0, 0.9700248839258675, 0.24300560603534951, 0.0, -0.24300560603534951,
  0.9700248839258675, 0.0]
- [0.0, 0.0, 1.0, 0.966822587880975, 0.2554487885333075, 0.0, -0.2554487885333075,
  0.966822587880975, 0.0]
- [0.0, 0.0, 1.0, 0.9636157542732047, 0.2672913730678246, 0.0, -0.2672913730678246,
  0.9636157542732047, 0.0]
- [0.0, 0.0, 1.0, 0.960403070443174, 0.27861432533759584, 0.0, -0.27861432533759584,
  0.960403070443174, 0.0]
- [0.0, 0.0, 1.0, 0.9573379813555072, 0.28897056849126107, 0.0, -0.28897056849126107,
  0.9573379813555072, 0.0]
- [0.0, 0.0, 1.0, 0.9543604925611471, 0.29865707799823654, 0.0, -0.29865707799823654,
  0.9543604925611471, 0.0]
- [0.0, 0.0, 1.0, 0.9511796196174401, 0.3086378642105045, 0.0, -0.3086378642105045,
  0.9511796196174401, 0.0]
- [0.0, 0.0, 1.0, 0.9484546264855878, 0.31691295571195005, 0.0, -0.31691295571195005,
  0.9484546264855878, 0.0]
- [0.0, 0.0, 1.0, 0.9455355435510033, 0.32551887177506134, 0.0, -0.32551887177506134,
  0.9455355435510033, 0.0]
- [0.0, 0.0, 1.0, 0.9427607734848886, 0.33346982468909314, 0.0, -0.33346982468909314,
  0.9427607734848886, 0.0]
- [0.0, 0.0, 1.0, 0.9401234530000357, 0.3408341137845355, 0.0, -0.3408341137845355,
  0.9401234530000357, 0.0]
- [0.0, 0.0, 1.0, 0.9376910140387789, 0.34747023209323474, 0.0, -0.34747023209323474,
  0.9376910140387789, 0.0]
- [0.0, 0.0, 1.0, 0.9350373126697035, 0.3545493250810378, 0.0, -0.3545493250810378,
  0.9350373126697035, 0.0]
- [0.0, 0.0, 1.0, 0.932891134201976, 0.36015848140416024, 0.0, -0.36015848140416024,
  0.932891134201976, 0.0]
- [0.0, 0.0, 1.0, 0.9309598576270496, 0.3651215461829438, 0.0, -0.3651215461829438,
  0.9309598576270496, 0.0]
- [0.0, 0.0, 1.0, 0.9292611520884385, 0.36942348493195193, 0.0, -0.36942348493195193,
  0.9292611520884385, 0.0]
- [0.0, 0.0, 1.0, 0.9275347727661682, 0.3737368664041755, 0.0, -0.3737368664041755,
  0.9275347727661682, 0.0]
- [0.0, 0.0, 1.0, 0.9264176826963402, 0.37649738005402283, 0.0, -0.37649738005402283,
  0.9264176826963402, 0.0]
- [0.0, 0.0, 1.0, 0.9257225194240067, 0.37820340695354576, 0.0, -0.37820340695354576,
  0.9257225194240067, 0.0]
- [0.0, 0.0, 1.0, 0.9252867330919072, 0.3792683239661672, 0.0, -0.3792683239661672,
  0.9252867330919072, 0.0]
- [0.0, 0.0, 1.0, 0.9248220084008298, 0.3804001219472144, 0.0, -0.3804001219472144,
  0.9248220084008298, 0.0]
- [0.0, 0.0, 1.0, 0.9247361412381934, 0.38060881372860517, 0.0, -0.38060881372860517,
  0.9247361412381934, 0.0]
- [0.0, 0.0, 1.0, 0.9250080531668258, 0.37994749844750747, 0.0, -0.37994749844750747,
  0.9250080531668258, 0.0]
- [0.0, 0.0, 1.0, 0.9254224071159255, 0.378937156277616, 0.0, -0.378937156277616,
  0.9254224071159255, 0.0]
- [0.0, 0.0, 1.0, 0.9264240930020616, 0.3764816063306512, 0.0, -0.3764816063306512,
  0.9264240930020616, 0.0]
- [0.0, 0.0, 1.0, 0.9276582868072071, 0.3734301847975303, 0.0, -0.3734301847975303,
  0.9276582868072071, 0.0]
- [0.0, 0.0, 1.0, 0.9292434042338307, 0.3694681254018016, 0.0, -0.3694681254018016,
  0.9292434042338307, 0.0]
