nodes:
- [5.74771066 0.01071945 0.00000000]
- [5.74585584 0.06558183 0.00000000]
- [5.74403696 0.12109767 0.00000000]
- [5.74171625 0.17721260 0.00000000]
- [5.73701820 0.23312650 0.00000000]
- [5.73166142 0.28990370 0.00000000]
- [5.72602019 0.34593124 0.00000000]
- [5.71829273 0.40136727 0.00000000]
- [5.70937996 0.45754676 0.00000000]
- [5.70033148 0.51334516 0.00000000]
- [5.68958584 0.56821768 0.00000000]
- [5.67720160 0.62360931 0.00000000]
- [5.66479597 0.67896377 0.00000000]
- [5.65107612 0.73309122 0.00000000]
- [5.63529362 0.78741964 0.00000000]
- [5.61940575 0.84214650 0.00000000]
- [5.60286196 0.89545705 0.00000000]
- [5.58377419 0.94843049 0.00000000]
- [5.56441515 1.00219844 0.00000000]
- [5.54482518 1.05460025 0.00000000]
- [5.52274298 1.10622017 0.00000000]
- [5.50005732 1.15862733 0.00000000]
- [5.47727854 1.20995037 0.00000000]
- [5.45243156 1.26021091 0.00000000]
- [5.42656310 1.31098479 0.00000000]
- [5.40067429 1.36102883 0.00000000]
- [5.37313591 1.40976333 0.00000000]
- [5.34418107 1.45870453 0.00000000]
- [5.31524016 1.50728493 0.00000000]
- [5.28509484 1.55436847 0.00000000]
- [5.25319587 1.60131366 0.00000000]
- [5.22131607 1.64824841 0.00000000]
- [5.18866981 1.69352344 0.00000000]
- [5.15400105 1.73821066 0.00000000]
- [5.11906015 1.78326496 0.00000000]
- [5.08409790 1.82677763 0.00000000]
- [5.04619454 1.86973118 0.00000000]
- [5.00774693 1.91332421 0.00000000]
- [4.96951574 1.95552231 0.00000000]
- [4.92921838 1.99610854 0.00000000]
- [4.88814853 2.03717945 0.00000000]
- [4.84734241 2.07708099 0.00000000]
- [4.80482300 2.11524245 0.00000000]
- [4.76131948 2.15361276 0.00000000]
- [4.71808616 2.19105415 0.00000000]
- [4.67348355 2.22664239 0.00000000]
- [4.62770310 2.26214777 0.00000000]
- [4.58216956 2.29697375 0.00000000]
- [4.53562593 2.32988345 0.00000000]
- [4.48775613 2.36240206 0.00000000]
- [4.44008825 2.39448359 0.00000000]
- [4.39176566 2.42462162 0.00000000]
- [4.34200719 2.45405282 0.00000000]
- [4.29239575 2.48327113 0.00000000]
- [4.24247111 2.51052055 0.00000000]
- [4.19102418 2.53672516 0.00000000]
- [4.13959927 2.56293074 0.00000000]
- [4.08822741 2.58724330 0.00000000]
- [4.03535984 2.61012077 0.00000000]
- [3.98222255 2.63312643 0.00000000]
- [3.92958667 2.65455502 0.00000000]
- [3.87556580 2.67399460 0.00000000]
- [3.82094948 2.69366205 0.00000000]
- [3.76713409 2.71205677 0.00000000]
- [3.71216573 2.72809847 0.00000000]
- [3.65639501 2.74429306 0.00000000]
- [3.60143821 2.75943539 0.00000000]
- [3.54569457 2.77225504 0.00000000]
- [3.48907617 2.78490934 0.00000000]
- [3.43092041 2.78526948 0.00000000]
- [3.38321049 2.78161731 0.00000000]
- [3.33623088 2.78906691 0.00000000]
- [3.27847126 2.79816891 0.00000000]
- [3.22146920 2.80518473 0.00000000]
- [3.16301597 2.81069150 0.00000000]
- [3.10472186 2.81620072 0.00000000]
- [3.04741456 2.81972309 0.00000000]
- [2.98878567 2.82156312 0.00000000]
- [2.93015852 2.82342003 0.00000000]
- [2.87276203 2.82351311 0.00000000]
- [2.81425500 2.82165810 0.00000000]
- [2.75550682 2.81981261 0.00000000]
- [2.69818793 2.81647496 0.00000000]
- [2.64001290 2.81097458 0.00000000]
- [2.58123591 2.80543332 0.00000000]
- [2.53556414 2.80021832 0.00000000]
- [2.48778119 2.80471210 0.00000000]
- [2.42877395 2.80719442 0.00000000]
- [2.37249506 2.79775511 0.00000000]
- [2.31679397 2.78621574 0.00000000]
- [2.26045866 2.77362389 0.00000000]
- [2.20472235 2.76082605 0.00000000]
- [2.14986315 2.74610348 0.00000000]
- [2.09446794 2.73001642 0.00000000]
- [2.03947801 2.71389071 0.00000000]
- [1.98565297 2.69603178 0.00000000]
- [1.93143110 2.67650379 0.00000000]
- [1.87738451 2.65705073 0.00000000]
- [1.82474569 2.63613371 0.00000000]
- [1.77197920 2.61328549 0.00000000]
- [1.71907236 2.59038736 0.00000000]
- [1.66765136 2.56661467 0.00000000]
- [1.61660091 2.54059550 0.00000000]
- [1.56510142 2.51436082 0.00000000]
- [1.51507477 2.48767656 0.00000000]
- [1.46583938 2.45867786 0.00000000]
- [1.41606808 2.42923674 0.00000000]
- [1.36761120 2.39954509 0.00000000]
- [1.32020089 2.36778882 0.00000000]
- [1.27239927 2.33531477 0.00000000]
- [1.22569926 2.30273637 0.00000000]
- [1.18029501 2.26832974 0.00000000]
- [1.13465773 2.23293382 0.00000000]
- [1.08989140 2.19756029 0.00000000]
- [1.04664800 2.16061665 0.00000000]
- [1.00335533 2.12243045 0.00000000]
- [0.96068182 2.08436829 0.00000000]
- [0.91972015 2.04502247 0.00000000]
- [0.87891763 2.00421621 0.00000000]
- [0.83848683 1.96361737 0.00000000]
- [0.79994659 1.92201910 0.00000000]
- [0.76181483 1.87878003 0.00000000]
- [0.72381538 1.83570747 0.00000000]
- [0.68775989 1.79202859 0.00000000]
- [0.65252649 1.74659052 0.00000000]
- [0.61719423 1.70104136 0.00000000]
- [0.58359275 1.65544020 0.00000000]
- [0.55140356 1.60804222 0.00000000]
- [0.51893422 1.56025337 0.00000000]
- [0.48798136 1.51270918 0.00000000]
- [0.45873365 1.46358389 0.00000000]
- [0.42931099 1.41385025 0.00000000]
- [0.40117456 1.36447057 0.00000000]
- [0.37490277 1.31380680 0.00000000]
- [0.34867861 1.26233470 0.00000000]
- [0.32346621 1.21126762 0.00000000]
- [0.30023465 1.15923731 0.00000000]
- [0.27729219 1.10623719 0.00000000]
- [0.25509497 1.05367512 0.00000000]
- [0.23498940 1.00046812 0.00000000]
- [0.21543002 0.94614248 0.00000000]
- [0.19634442 0.89225958 0.00000000]
- [0.17943481 0.83805732 0.00000000]
- [0.16333929 0.78261404 0.00000000]
- [0.14744225 0.72758726 0.00000000]
- [0.13376594 0.67257369 0.00000000]
- [0.12119142 0.61629254 0.00000000]
- [0.10865545 0.56023248 0.00000000]
- [0.09810099 0.50457239 0.00000000]
- [0.08909860 0.44777563 0.00000000]
- [0.08006509 0.39084636 0.00000000]
- [0.07258417 0.33470661 0.00000000]
- [0.06721272 0.27766722 0.00000000]
- [0.06178547 0.22016780 0.00000000]
- [0.05761206 0.16357117 0.00000000]
- [0.05560592 0.10641301 0.00000000]
- [0.05383260 0.04862174 0.00000000]
- [0.05304352 -0.00001802 0.00000000]
- [0.05383376 -0.04865837 0.00000000]
- [0.05558385 -0.10571201 0.00000000]
- [0.05752139 -0.16214210 0.00000000]
- [0.06157758 -0.21796727 0.00000000]
- [0.06693126 -0.27468373 0.00000000]
- [0.07224448 -0.33108359 0.00000000]
- [0.07937468 -0.38650350 0.00000000]
- [0.08827271 -0.44256847 0.00000000]
- [0.09718216 -0.49876607 0.00000000]
- [0.10727653 -0.55377189 0.00000000]
- [0.11955177 -0.60895605 0.00000000]
- [0.13198306 -0.66459008 0.00000000]
- [0.14524200 -0.71905182 0.00000000]
- [0.16063461 -0.77329983 0.00000000]
- [0.17653106 -0.82805169 0.00000000]
- [0.19292408 -0.88178294 0.00000000]
- [0.21138354 -0.93490627 0.00000000]
- [0.23070274 -0.98855944 0.00000000]
- [0.25020010 -1.04138473 0.00000000]
- [0.27165468 -1.09321695 0.00000000]
- [0.29431811 -1.14556744 0.00000000]
- [0.31685937 -1.19731381 0.00000000]
- [0.34121641 -1.24769165 0.00000000]
- [0.36708780 -1.29846654 0.00000000]
- [0.39279645 -1.34894488 0.00000000]
- [0.41984026 -1.39784801 0.00000000]
- [0.44875156 -1.44670973 0.00000000]
- [0.47770904 -1.49566838 0.00000000]
- [0.50737961 -1.54308833 0.00000000]
- [0.53908791 -1.58991418 0.00000000]
- [0.57110660 -1.63704862 0.00000000]
- [0.60349732 -1.68279330 0.00000000]
- [0.63777740 -1.72757422 0.00000000]
- [0.67271263 -1.77261956 0.00000000]
- [0.70773875 -1.81653133 0.00000000]
- [0.74447187 -1.85911812 0.00000000]
- [0.78220056 -1.90189362 0.00000000]
- [0.81976551 -1.94383243 0.00000000]
- [0.85881085 -1.98411166 0.00000000]
- [0.89916958 -2.02446815 0.00000000]
- [0.93913489 -2.06429763 0.00000000]
- [0.98034184 -2.10213573 0.00000000]
- [1.02309711 -2.13984249 0.00000000]
- [1.06557118 -2.17731493 0.00000000]
- [1.10871921 -2.21282253 0.00000000]
- [1.15358834 -2.24761540 0.00000000]
- [1.19851713 -2.28246694 0.00000000]
- [1.24358457 -2.31560290 0.00000000]
- [1.29030754 -2.34747989 0.00000000]
- [1.33742580 -2.37949358 0.00000000]
- [1.38440611 -2.41008497 0.00000000]
- [1.43277215 -2.43911674 0.00000000]
- [1.48655296 -2.46008553 0.00000000]
- [1.53786770 -2.47880012 0.00000000]
- [1.58948015 -2.50582410 0.00000000]
- [1.64228238 -2.53272496 0.00000000]
- [1.69444761 -2.55862224 0.00000000]
- [1.74756851 -2.58237362 0.00000000]
- [1.80196819 -2.60592171 0.00000000]
- [1.85564476 -2.62858023 0.00000000]
- [1.91008489 -2.64897383 0.00000000]
- [1.96587214 -2.66906002 0.00000000]
- [2.02086512 -2.68838073 0.00000000]
- [2.07641936 -2.70533453 0.00000000]
- [2.13338171 -2.72187245 0.00000000]
- [2.18949666 -2.73778090 0.00000000]
- [2.24595711 -2.75125201 0.00000000]
- [2.31026748 -2.76562428 0.00000000]
- [2.37211328 -2.78819314 0.00000000]
- [2.42623446 -2.80679176 0.00000000]
- [2.48299350 -2.81579402 0.00000000]
- [2.53902949 -2.82418006 0.00000000]
- [2.59524476 -2.83024581 0.00000000]
- [2.65251504 -2.83564753 0.00000000]
- [2.70904523 -2.84080797 0.00000000]
- [2.76539183 -2.84352055 0.00000000]
- [2.82288952 -2.84533154 0.00000000]
- [2.87977054 -2.84713557 0.00000000]
- [2.93608099 -2.84662939 0.00000000]
- [2.99342463 -2.84481807 0.00000000]
- [3.05054809 -2.84302336 0.00000000]
- [3.10676101 -2.83949848 0.00000000]
- [3.16365090 -2.83412503 0.00000000]
- [3.22068954 -2.82874838 0.00000000]
- [3.27667423 -2.82201172 0.00000000]
- [3.33298205 -2.81326421 0.00000000]
- [3.38963346 -2.80428141 0.00000000]
- [3.44523987 -2.79433263 0.00000000]
- [3.50079466 -2.78228978 0.00000000]
- [3.55683570 -2.76976617 0.00000000]
- [3.61186587 -2.75665595 0.00000000]
- [3.66645879 -2.74137032 0.00000000]
- [3.72167025 -2.72533924 0.00000000]
- [3.77594109 -2.70910106 0.00000000]
- [3.82937043 -2.69062922 0.00000000]
- [3.88353029 -2.67112689 0.00000000]
- [3.93686830 -2.65179230 0.00000000]
- [3.98895460 -2.63021059 0.00000000]
- [4.04176636 -2.60734751 0.00000000]
- [4.09400104 -2.58474753 0.00000000]
- [4.14474359 -2.56030732 0.00000000]
- [4.19586694 -2.53425793 0.00000000]
- [4.24677573 -2.50832900 0.00000000]
- [4.29611945 -2.48117479 0.00000000]
- [4.34531841 -2.45209399 0.00000000]
- [4.39461875 -2.42293468 0.00000000]
- [4.44241427 -2.39297314 0.00000000]
- [4.48967290 -2.36109981 0.00000000]
- [4.53711362 -2.32887311 0.00000000]
- [4.58319137 -2.29621423 0.00000000]
- [4.62812438 -2.26182099 0.00000000]
- [4.67331598 -2.22677223 0.00000000]
- [4.71734670 -2.19168038 0.00000000]
- [4.76000497 -2.15477224 0.00000000]
- [4.80296754 -2.11687866 0.00000000]
- [4.84502909 -2.07930571 0.00000000]
- [4.88529223 -2.04003605 0.00000000]
- [4.92586419 -1.99946260 0.00000000]
- [4.96581991 -1.95952697 0.00000000]
- [5.00356774 -1.91806321 0.00000000]
- [5.04146436 -1.87509417 0.00000000]
- [5.07900361 -1.83254643 0.00000000]
- [5.11449251 -1.78915821 0.00000000]
- [5.14944116 -1.74408995 0.00000000]
- [5.18434279 -1.69909874 0.00000000]
- [5.21741361 -1.65376616 0.00000000]
- [5.24945258 -1.60682367 0.00000000]
- [5.28152321 -1.55962294 0.00000000]
- [5.31205768 -1.51244323 0.00000000]
- [5.34115280 -1.46382383 0.00000000]
- [5.37025998 -1.41462292 0.00000000]
- [5.39815383 -1.36576084 0.00000000]
- [5.42418689 -1.31564925 0.00000000]
- [5.45018767 -1.26461416 0.00000000]
- [5.47535040 -1.21419695 0.00000000]
- [5.49826110 -1.16277726 0.00000000]
- [5.52105986 -1.11010804 0.00000000]
- [5.54341753 -1.05830689 0.00000000]
- [5.56312510 -1.00578184 0.00000000]
- [5.58255454 -0.95181777 0.00000000]
- [5.60175351 -0.89852959 0.00000000]
- [5.61856281 -0.84505307 0.00000000]
- [5.63449053 -0.79018554 0.00000000]
- [5.65035392 -0.73557536 0.00000000]
- [5.66424898 -0.68122696 0.00000000]
- [5.67673453 -0.62569924 0.00000000]
- [5.68917479 -0.57005468 0.00000000]
- [5.70004925 -0.51495054 0.00000000]
- [5.70915635 -0.45895680 0.00000000]
- [5.71810803 -0.40253046 0.00000000]
- [5.72591755 -0.34685678 0.00000000]
- [5.73159443 -0.29061404 0.00000000]
- [5.73697365 -0.23359842 0.00000000]
- [5.74170486 -0.17744559 0.00000000]
- [5.74403699 -0.12109693 0.00000000]
- [5.74585584 -0.06558183 0.00000000]
- [5.74771066 -0.01071945 0.00000000]
- [4.59014840 -2.23895046 0.00000000]
- [4.59710544 -2.18168668 0.00000000]
- [4.60406247 -2.12442291 0.00000000]
- [4.61101951 -2.06715913 0.00000000]
- [4.61797655 -2.00989535 0.00000000]
- [4.62493358 -1.95263158 0.00000000]
- [4.63189062 -1.89536780 0.00000000]
- [4.63884765 -1.83810403 0.00000000]
- [4.64580469 -1.78084025 0.00000000]
- [4.65276172 -1.72357648 0.00000000]
- [4.65971876 -1.66631270 0.00000000]
- [4.66667579 -1.60904892 0.00000000]
- [4.67363283 -1.55178515 0.00000000]
- [4.68058986 -1.49452137 0.00000000]
- [4.68754690 -1.43725760 0.00000000]
- [4.69450393 -1.37999382 0.00000000]
- [4.70146097 -1.32273004 0.00000000]
- [4.70841800 -1.26546627 0.00000000]
- [4.71537504 -1.20820249 0.00000000]
- [4.72233207 -1.15093872 0.00000000]
- [4.72928911 -1.09367494 0.00000000]
- [4.73624614 -1.03641116 0.00000000]
- [4.74320318 -0.97914739 0.00000000]
- [4.75016021 -0.92188361 0.00000000]
- [4.75711725 -0.86461984 0.00000000]
- [4.76407428 -0.80735606 0.00000000]
- [4.77103132 -0.75009229 0.00000000]
- [4.77798835 -0.69282851 0.00000000]
- [4.78494539 -0.63556473 0.00000000]
- [4.79190242 -0.57830096 0.00000000]
- [4.79885946 -0.52103718 0.00000000]
- [4.80581649 -0.46377341 0.00000000]
- [4.81277353 -0.40650963 0.00000000]
- [4.81973056 -0.34924585 0.00000000]
- [4.82668760 -0.29198208 0.00000000]
- [4.83364463 -0.23471830 0.00000000]
- [4.84060167 -0.17745453 0.00000000]
- [4.84755870 -0.12019075 0.00000000]
- [4.85451574 -0.06292697 0.00000000]
- [4.86147277 -0.00566320 0.00000000]
- [4.86842981 0.05160058 0.00000000]
- [4.87538685 0.10886435 0.00000000]
- [4.88234388 0.16612813 0.00000000]
- [4.88930092 0.22339191 0.00000000]
- [4.89625795 0.28065568 0.00000000]
- [4.90321499 0.33791946 0.00000000]
- [4.91017202 0.39518323 0.00000000]
- [4.91712906 0.45244701 0.00000000]
- [4.92408609 0.50971078 0.00000000]
- [4.93104313 0.56697456 0.00000000]
- [4.93800016 0.62423834 0.00000000]
- [4.94495720 0.68150211 0.00000000]
- [4.95191423 0.73876589 0.00000000]
- [4.95887127 0.79602966 0.00000000]
- [4.96582830 0.85329344 0.00000000]
- [4.97278534 0.91055722 0.00000000]
- [4.97974237 0.96782099 0.00000000]
- [4.98669941 1.02508477 0.00000000]
- [4.99365644 1.08234854 0.00000000]
- [5.00061348 1.13961232 0.00000000]
- [5.00757051 1.19687610 0.00000000]
- [5.01452755 1.25413987 0.00000000]
- [5.02148458 1.31140365 0.00000000]
- [5.02844162 1.36866742 0.00000000]
- [5.03539865 1.42593120 0.00000000]
- [5.04235569 1.48319497 0.00000000]
- [5.04931272 1.54045875 0.00000000]
- [5.05626976 1.59772253 0.00000000]
- [5.06322679 1.65498630 0.00000000]
- [5.07018383 1.71225008 0.00000000]
- [5.07714086 1.76951385 0.00000000]
- [1.54908671 -2.42198041 0.00000000]
- [1.56030572 -2.36516069 0.00000000]
- [1.57152474 -2.30834098 0.00000000]
- [1.58274375 -2.25152126 0.00000000]
- [1.59396276 -2.19470155 0.00000000]
- [1.60518177 -2.13788183 0.00000000]
- [1.61640079 -2.08106212 0.00000000]
- [1.62761980 -2.02424240 0.00000000]
- [1.63883881 -1.96742269 0.00000000]
- [1.65005783 -1.91060298 0.00000000]
- [1.66127684 -1.85378326 0.00000000]
- [1.67249585 -1.79696355 0.00000000]
- [1.68371487 -1.74014383 0.00000000]
- [1.69493388 -1.68332412 0.00000000]
- [1.70615289 -1.62650440 0.00000000]
- [1.71737191 -1.56968469 0.00000000]
- [1.72859092 -1.51286498 0.00000000]
- [1.73980993 -1.45604526 0.00000000]
- [1.75102894 -1.39922555 0.00000000]
- [1.76224796 -1.34240583 0.00000000]
- [1.77346697 -1.28558612 0.00000000]
- [1.78468598 -1.22876640 0.00000000]
- [1.79590500 -1.17194669 0.00000000]
- [1.80712401 -1.11512697 0.00000000]
- [1.81834302 -1.05830726 0.00000000]
- [1.82956204 -1.00148755 0.00000000]
- [1.84078105 -0.94466783 0.00000000]
- [1.85200006 -0.88784812 0.00000000]
- [1.86321908 -0.83102840 0.00000000]
- [1.87443809 -0.77420869 0.00000000]
- [1.88565710 -0.71738897 0.00000000]
- [1.89687612 -0.66056926 0.00000000]
- [1.90809513 -0.60374954 0.00000000]
- [1.91931414 -0.54692983 0.00000000]
- [1.93053315 -0.49011012 0.00000000]
- [1.94175217 -0.43329040 0.00000000]
- [1.95297118 -0.37647069 0.00000000]
- [1.96419019 -0.31965097 0.00000000]
- [1.97540921 -0.26283126 0.00000000]
- [1.98662822 -0.20601154 0.00000000]
- [1.99784723 -0.14919183 0.00000000]
- [2.00906625 -0.09237212 0.00000000]
- [2.02028526 -0.03555240 0.00000000]
- [2.03150427 0.02126731 0.00000000]
- [2.04272329 0.07808703 0.00000000]
- [2.05394230 0.13490674 0.00000000]
- [2.06516131 0.19172646 0.00000000]
- [2.07638032 0.24854617 0.00000000]
- [2.08759934 0.30536589 0.00000000]
- [2.09881835 0.36218560 0.00000000]
- [2.11003736 0.41900531 0.00000000]
- [2.12125638 0.47582503 0.00000000]
- [2.13247539 0.53264474 0.00000000]
- [2.14369440 0.58946446 0.00000000]
- [2.15491342 0.64628417 0.00000000]
- [2.16613243 0.70310389 0.00000000]
- [2.17735144 0.75992360 0.00000000]
- [2.18857046 0.81674332 0.00000000]
- [2.19978947 0.87356303 0.00000000]
- [2.21100848 0.93038274 0.00000000]
- [2.22222749 0.98720246 0.00000000]
- [2.23344651 1.04402217 0.00000000]
- [2.24466552 1.10084189 0.00000000]
- [2.25588453 1.15766160 0.00000000]
- [2.26710355 1.21448132 0.00000000]
- [2.27832256 1.27130103 0.00000000]
- [2.28954157 1.32812074 0.00000000]
- [2.30076059 1.38494046 0.00000000]
- [2.31197960 1.44176017 0.00000000]
- [2.32319861 1.49857989 0.00000000]
- [2.33441763 1.55539960 0.00000000]
- [2.34563664 1.61221932 0.00000000]
- [2.35685565 1.66903903 0.00000000]
- [2.36807467 1.72585875 0.00000000]
- [2.37929368 1.78267846 0.00000000]
- [2.39051269 1.83949817 0.00000000]
- [2.40173170 1.89631789 0.00000000]
- [2.41295072 1.95313760 0.00000000]
- [2.42416973 2.00995732 0.00000000]
- [2.43538874 2.06677703 0.00000000]
- [2.44660776 2.12359675 0.00000000]
- [2.45782677 2.18041646 0.00000000]
- [2.46904578 2.23723618 0.00000000]
- [2.48026480 2.29405589 0.00000000]
- [2.49148381 2.35087560 0.00000000]
- [2.50270282 2.40769532 0.00000000]
- [2.51392184 2.46451503 0.00000000]
- [2.52514085 2.52133475 0.00000000]
- [2.53635986 2.57815446 0.00000000]
- [2.54757887 2.63497418 0.00000000]
- [2.55879789 2.69179389 0.00000000]
- [2.57001690 2.74861360 0.00000000]
- [2.25719704 -2.69413532 0.00000000]
- [2.26843698 -2.63701863 0.00000000]
- [2.27967691 -2.57990194 0.00000000]
- [2.29091685 -2.52278525 0.00000000]
- [2.30215678 -2.46566856 0.00000000]
- [2.31339672 -2.40855187 0.00000000]
- [2.32463666 -2.35143518 0.00000000]
- [2.33587659 -2.29431849 0.00000000]
- [2.34711653 -2.23720180 0.00000000]
- [2.35835646 -2.18008511 0.00000000]
- [2.36959640 -2.12296843 0.00000000]
- [2.38083634 -2.06585174 0.00000000]
- [2.39207627 -2.00873505 0.00000000]
- [2.40331621 -1.95161836 0.00000000]
- [2.41455614 -1.89450167 0.00000000]
- [2.42579608 -1.83738498 0.00000000]
- [2.43703601 -1.78026829 0.00000000]
- [2.44827595 -1.72315160 0.00000000]
- [2.45951589 -1.66603491 0.00000000]
- [2.47075582 -1.60891822 0.00000000]
- [2.48199576 -1.55180153 0.00000000]
- [2.49323569 -1.49468484 0.00000000]
- [2.50447563 -1.43756815 0.00000000]
- [2.51571557 -1.38045146 0.00000000]
- [2.52695550 -1.32333477 0.00000000]
- [2.53819544 -1.26621808 0.00000000]
- [2.54943537 -1.20910139 0.00000000]
- [2.56067531 -1.15198470 0.00000000]
- [2.57191524 -1.09486801 0.00000000]
- [2.58315518 -1.03775132 0.00000000]
- [2.59439512 -0.98063463 0.00000000]
- [2.60563505 -0.92351794 0.00000000]
- [2.61687499 -0.86640125 0.00000000]
- [2.62811492 -0.80928456 0.00000000]
- [2.63935486 -0.75216787 0.00000000]
- [2.65059480 -0.69505118 0.00000000]
- [2.66183473 -0.63793449 0.00000000]
- [2.67307467 -0.58081780 0.00000000]
- [2.68431460 -0.52370111 0.00000000]
- [2.69555454 -0.46658442 0.00000000]
- [2.70679448 -0.40946773 0.00000000]
- [2.71803441 -0.35235104 0.00000000]
- [2.72927435 -0.29523435 0.00000000]
- [2.74051428 -0.23811766 0.00000000]
- [2.75175422 -0.18100097 0.00000000]
- [2.76299415 -0.12388428 0.00000000]
- [2.77423409 -0.06676759 0.00000000]
- [2.78547403 -0.00965090 0.00000000]
- [2.79671396 0.04746579 0.00000000]
- [2.80795390 0.10458248 0.00000000]
- [2.81919383 0.16169917 0.00000000]
- [2.83043377 0.21881586 0.00000000]
- [2.84167371 0.27593255 0.00000000]
- [2.85291364 0.33304924 0.00000000]
- [2.86415358 0.39016593 0.00000000]
- [2.87539351 0.44728262 0.00000000]
- [2.88663345 0.50439931 0.00000000]
- [2.89787338 0.56151600 0.00000000]
- [2.90911332 0.61863269 0.00000000]
- [2.92035326 0.67574938 0.00000000]
- [2.93159319 0.73286607 0.00000000]
- [2.94283313 0.78998276 0.00000000]
- [2.95407306 0.84709945 0.00000000]
- [2.96531300 0.90421614 0.00000000]
- [2.97655294 0.96133283 0.00000000]
- [2.98779287 1.01844952 0.00000000]
- [2.99903281 1.07556621 0.00000000]
- [3.01027274 1.13268290 0.00000000]
- [3.02151268 1.18979959 0.00000000]
- [3.03275261 1.24691628 0.00000000]
- [3.04399255 1.30403297 0.00000000]
- [3.05523249 1.36114966 0.00000000]
- [3.06647242 1.41826635 0.00000000]
- [3.07771236 1.47538304 0.00000000]
- [3.08895229 1.53249973 0.00000000]
- [3.10019223 1.58961642 0.00000000]
- [3.11143217 1.64673311 0.00000000]
- [3.12267210 1.70384980 0.00000000]
- [3.13391204 1.76096649 0.00000000]
- [3.14515197 1.81808318 0.00000000]
- [3.15639191 1.87519987 0.00000000]
- [3.16763184 1.93231656 0.00000000]
- [3.17887178 1.98943325 0.00000000]
- [3.19011172 2.04654994 0.00000000]
- [3.20135165 2.10366663 0.00000000]
- [3.21259159 2.16078332 0.00000000]
- [3.22383152 2.21790001 0.00000000]
- [3.23507146 2.27501670 0.00000000]
- [3.24631140 2.33213339 0.00000000]
- [3.25755133 2.38925008 0.00000000]
- [3.26879127 2.44636677 0.00000000]
- [3.28003120 2.50348346 0.00000000]
- [3.29127114 2.56060015 0.00000000]
- [3.30251107 2.61771684 0.00000000]
- [3.31375101 2.67483353 0.00000000]
- [3.32499095 2.73195022 0.00000000]
elements:
- [1 2]
- [2 3]
- [3 4]
- [4 5]
- [5 6]
- [6 7]
- [7 8]
- [8 9]
- [9 10]
- [10 11]
- [11 12]
- [12 13]
- [13 14]
- [14 15]
- [15 16]
- [16 17]
- [17 18]
- [18 19]
- [19 20]
- [20 21]
- [21 22]
- [22 23]
- [23 24]
- [24 25]
- [25 26]
- [26 27]
- [27 28]
- [28 29]
- [29 30]
- [30 31]
- [31 32]
- [32 33]
- [33 34]
- [34 35]
- [35 36]
- [36 37]
- [37 38]
- [38 39]
- [39 40]
- [40 41]
- [41 42]
- [42 43]
- [43 44]
- [44 45]
- [45 46]
- [46 47]
- [47 48]
- [48 49]
- [49 50]
- [50 51]
- [51 52]
- [52 53]
- [53 54]
- [54 55]
- [55 56]
- [56 57]
- [57 58]
- [58 59]
- [59 60]
- [60 61]
- [61 62]
- [62 63]
- [63 64]
- [64 65]
- [65 66]
- [66 67]
- [67 68]
- [68 69]
- [69 70]
- [70 71]
- [71 72]
- [72 73]
- [73 74]
- [74 75]
- [75 76]
- [76 77]
- [77 78]
- [78 79]
- [79 80]
- [80 81]
- [81 82]
- [82 83]
- [83 84]
- [84 85]
- [85 86]
- [86 87]
- [87 88]
- [88 89]
- [89 90]
- [90 91]
- [91 92]
- [92 93]
- [93 94]
- [94 95]
- [95 96]
- [96 97]
- [97 98]
- [98 99]
- [99 100]
- [100 101]
- [101 102]
- [102 103]
- [103 104]
- [104 105]
- [105 106]
- [106 107]
- [107 108]
- [108 109]
- [109 110]
- [110 111]
- [111 112]
- [112 113]
- [113 114]
- [114 115]
- [115 116]
- [116 117]
- [117 118]
- [118 119]
- [119 120]
- [120 121]
- [121 122]
- [122 123]
- [123 124]
- [124 125]
- [125 126]
- [126 127]
- [127 128]
- [128 129]
- [129 130]
- [130 131]
- [131 132]
- [132 133]
- [133 134]
- [134 135]
- [135 136]
- [136 137]
- [137 138]
- [138 139]
- [139 140]
- [140 141]
- [141 142]
- [142 143]
- [143 144]
- [144 145]
- [145 146]
- [146 147]
- [147 148]
- [148 149]
- [149 150]
- [150 151]
- [151 152]
- [152 153]
- [153 154]
- [154 155]
- [155 156]
- [156 157]
- [157 158]
- [158 159]
- [159 160]
- [160 161]
- [161 162]
- [162 163]
- [163 164]
- [164 165]
- [165 166]
- [166 167]
- [167 168]
- [168 169]
- [169 170]
- [170 171]
- [171 172]
- [172 173]
- [173 174]
- [174 175]
- [175 176]
- [176 177]
- [177 178]
- [178 179]
- [179 180]
- [180 181]
- [181 182]
- [182 183]
- [183 184]
- [184 185]
- [185 186]
- [186 187]
- [187 188]
- [188 189]
- [189 190]
- [190 191]
- [191 192]
- [192 193]
- [193 194]
- [194 195]
- [195 196]
- [196 197]
- [197 198]
- [198 199]
- [199 200]
- [200 201]
- [201 202]
- [202 203]
- [203 204]
- [204 205]
- [205 206]
- [206 207]
- [207 208]
- [208 209]
- [209 210]
- [210 211]
- [211 212]
- [212 213]
- [213 214]
- [214 215]
- [215 216]
- [216 217]
- [217 218]
- [218 219]
- [219 220]
- [220 221]
- [221 222]
- [222 223]
- [223 224]
- [224 225]
- [225 226]
- [226 227]
- [227 228]
- [228 229]
- [229 230]
- [230 231]
- [231 232]
- [232 233]
- [233 234]
- [234 235]
- [235 236]
- [236 237]
- [237 238]
- [238 239]
- [239 240]
- [240 241]
- [241 242]
- [242 243]
- [243 244]
- [244 245]
- [245 246]
- [246 247]
- [247 248]
- [248 249]
- [249 250]
- [250 251]
- [251 252]
- [252 253]
- [253 254]
- [254 255]
- [255 256]
- [256 257]
- [257 258]
- [258 259]
- [259 260]
- [260 261]
- [261 262]
- [262 263]
- [263 264]
- [264 265]
- [265 266]
- [266 267]
- [267 268]
- [268 269]
- [269 270]
- [270 271]
- [271 272]
- [272 273]
- [273 274]
- [274 275]
- [275 276]
- [276 277]
- [277 278]
- [278 279]
- [279 280]
- [280 281]
- [281 282]
- [282 283]
- [283 284]
- [284 285]
- [285 286]
- [286 287]
- [287 288]
- [288 289]
- [289 290]
- [290 291]
- [291 292]
- [292 293]
- [293 294]
- [294 295]
- [295 296]
- [296 297]
- [297 298]
- [298 299]
- [299 300]
- [300 301]
- [301 302]
- [302 303]
- [303 304]
- [304 305]
- [305 306]
- [306 307]
- [307 308]
- [308 309]
- [309 310]
- [310 311]
- [311 312]
- [312 313]
- [313 314]
- [314 315]
- [315 1]
- [268 316]
- [316 317]
- [317 318]
- [318 319]
- [319 320]
- [320 321]
- [321 322]
- [322 323]
- [323 324]
- [324 325]
- [325 326]
- [326 327]
- [327 328]
- [328 329]
- [329 330]
- [330 331]
- [331 332]
- [332 333]
- [333 334]
- [334 335]
- [335 336]
- [336 337]
- [337 338]
- [338 339]
- [339 340]
- [340 341]
- [341 342]
- [342 343]
- [343 344]
- [344 345]
- [345 346]
- [346 347]
- [347 348]
- [348 349]
- [349 350]
- [350 351]
- [351 352]
- [352 353]
- [353 354]
- [354 355]
- [355 356]
- [356 357]
- [357 358]
- [358 359]
- [359 360]
- [360 361]
- [361 362]
- [362 363]
- [363 364]
- [364 365]
- [365 366]
- [366 367]
- [367 368]
- [368 369]
- [369 370]
- [370 371]
- [371 372]
- [372 373]
- [373 374]
- [374 375]
- [375 376]
- [376 377]
- [377 378]
- [378 379]
- [379 380]
- [380 381]
- [381 382]
- [382 383]
- [383 384]
- [384 385]
- [385 386]
- [386 36]
- [212 387]
- [387 388]
- [388 389]
- [389 390]
- [390 391]
- [391 392]
- [392 393]
- [393 394]
- [394 395]
- [395 396]
- [396 397]
- [397 398]
- [398 399]
- [399 400]
- [400 401]
- [401 402]
- [402 403]
- [403 404]
- [404 405]
- [405 406]
- [406 407]
- [407 408]
- [408 409]
- [409 410]
- [410 411]
- [411 412]
- [412 413]
- [413 414]
- [414 415]
- [415 416]
- [416 417]
- [417 418]
- [418 419]
- [419 420]
- [420 421]
- [421 422]
- [422 423]
- [423 424]
- [424 425]
- [425 426]
- [426 427]
- [427 428]
- [428 429]
- [429 430]
- [430 431]
- [431 432]
- [432 433]
- [433 434]
- [434 435]
- [435 436]
- [436 437]
- [437 438]
- [438 439]
- [439 440]
- [440 441]
- [441 442]
- [442 443]
- [443 444]
- [444 445]
- [445 446]
- [446 447]
- [447 448]
- [448 449]
- [449 450]
- [450 451]
- [451 452]
- [452 453]
- [453 454]
- [454 455]
- [455 456]
- [456 457]
- [457 458]
- [458 459]
- [459 460]
- [460 461]
- [461 462]
- [462 463]
- [463 464]
- [464 465]
- [465 466]
- [466 467]
- [467 468]
- [468 469]
- [469 470]
- [470 471]
- [471 472]
- [472 473]
- [473 474]
- [474 475]
- [475 476]
- [476 477]
- [477 478]
- [478 85]
- [225 479]
- [479 480]
- [480 481]
- [481 482]
- [482 483]
- [483 484]
- [484 485]
- [485 486]
- [486 487]
- [487 488]
- [488 489]
- [489 490]
- [490 491]
- [491 492]
- [492 493]
- [493 494]
- [494 495]
- [495 496]
- [496 497]
- [497 498]
- [498 499]
- [499 500]
- [500 501]
- [501 502]
- [502 503]
- [503 504]
- [504 505]
- [505 506]
- [506 507]
- [507 508]
- [508 509]
- [509 510]
- [510 511]
- [511 512]
- [512 513]
- [513 514]
- [514 515]
- [515 516]
- [516 517]
- [517 518]
- [518 519]
- [519 520]
- [520 521]
- [521 522]
- [522 523]
- [523 524]
- [524 525]
- [525 526]
- [526 527]
- [527 528]
- [528 529]
- [529 530]
- [530 531]
- [531 532]
- [532 533]
- [533 534]
- [534 535]
- [535 536]
- [536 537]
- [537 538]
- [538 539]
- [539 540]
- [540 541]
- [541 542]
- [542 543]
- [543 544]
- [544 545]
- [545 546]
- [546 547]
- [547 548]
- [548 549]
- [549 550]
- [550 551]
- [551 552]
- [552 553]
- [553 554]
- [554 555]
- [555 556]
- [556 557]
- [557 558]
- [558 559]
- [559 560]
- [560 561]
- [561 562]
- [562 563]
- [563 564]
- [564 565]
- [565 566]
- [566 567]
- [567 568]
- [568 569]
- [569 570]
- [570 571]
- [571 572]
- [572 573]
- [573 574]
- [574 72]
sets:
  element:
  - name: layup_0
    labels:
    - 1
    - 2
    - 157
    - 158
    - 313
    - 314
    - 315
  - name: layup_1
    labels:
    - 3
    - 4
    - 5
    - 6
    - 7
    - 8
    - 9
    - 10
    - 11
    - 12
    - 13
    - 14
    - 15
    - 16
    - 17
    - 18
    - 19
    - 20
    - 21
    - 22
    - 23
    - 24
    - 25
    - 26
    - 27
    - 28
    - 29
    - 30
    - 31
    - 32
    - 33
    - 34
    - 35
    - 36
    - 37
    - 38
    - 39
    - 40
    - 41
    - 42
    - 43
    - 44
    - 45
    - 46
    - 47
    - 48
    - 49
    - 50
    - 51
    - 52
    - 53
    - 54
    - 55
    - 56
    - 57
    - 58
    - 59
    - 60
    - 61
    - 62
    - 63
    - 64
    - 65
    - 66
    - 67
    - 68
    - 69
    - 87
    - 88
    - 89
    - 90
    - 91
    - 92
    - 93
    - 94
    - 95
    - 96
    - 97
    - 98
    - 99
    - 100
    - 101
    - 102
    - 103
    - 104
    - 105
    - 106
    - 107
    - 108
    - 109
    - 110
    - 111
    - 112
    - 113
    - 114
    - 115
    - 116
    - 117
    - 118
    - 119
    - 120
    - 121
    - 122
    - 123
    - 124
    - 125
    - 126
    - 127
    - 128
    - 129
    - 130
    - 131
    - 132
    - 133
    - 134
    - 135
    - 136
    - 137
    - 138
    - 139
    - 140
    - 141
    - 142
    - 143
    - 144
    - 145
    - 146
    - 147
    - 148
    - 149
    - 150
    - 151
    - 152
    - 153
    - 154
    - 155
    - 156
    - 159
    - 160
    - 161
    - 162
    - 163
    - 164
    - 165
    - 166
    - 167
    - 168
    - 169
    - 170
    - 171
    - 172
    - 173
    - 174
    - 175
    - 176
    - 177
    - 178
    - 179
    - 180
    - 181
    - 182
    - 183
    - 184
    - 185
    - 186
    - 187
    - 188
    - 189
    - 190
    - 191
    - 192
    - 193
    - 194
    - 195
    - 196
    - 197
    - 198
    - 199
    - 200
    - 201
    - 202
    - 203
    - 204
    - 205
    - 206
    - 207
    - 208
    - 209
    - 210
    - 227
    - 228
    - 229
    - 230
    - 231
    - 232
    - 233
    - 234
    - 235
    - 236
    - 237
    - 238
    - 239
    - 240
    - 241
    - 242
    - 243
    - 244
    - 245
    - 246
    - 247
    - 248
    - 249
    - 250
    - 251
    - 252
    - 253
    - 254
    - 255
    - 256
    - 257
    - 258
    - 259
    - 260
    - 261
    - 262
    - 263
    - 264
    - 265
    - 266
    - 267
    - 268
    - 269
    - 270
    - 271
    - 272
    - 273
    - 274
    - 275
    - 276
    - 277
    - 278
    - 279
    - 280
    - 281
    - 282
    - 283
    - 284
    - 285
    - 286
    - 287
    - 288
    - 289
    - 290
    - 291
    - 292
    - 293
    - 294
    - 295
    - 296
    - 297
    - 298
    - 299
    - 300
    - 301
    - 302
    - 303
    - 304
    - 305
    - 306
    - 307
    - 308
    - 309
    - 310
    - 311
    - 312
  - name: layup_2
    labels:
    - 70
    - 71
    - 72
    - 73
    - 74
    - 75
    - 76
    - 77
    - 78
    - 79
    - 80
    - 81
    - 82
    - 83
    - 84
    - 85
    - 86
  - name: layup_3
    labels:
    - 211
    - 212
    - 213
    - 214
    - 215
    - 216
    - 217
    - 218
    - 219
    - 220
    - 221
    - 222
    - 223
    - 224
    - 225
    - 226
  - name: layup_4
    labels:
    - 316
    - 317
    - 318
    - 319
    - 320
    - 321
    - 322
    - 323
    - 324
    - 325
    - 326
    - 327
    - 328
    - 329
    - 330
    - 331
    - 332
    - 333
    - 334
    - 335
    - 336
    - 337
    - 338
    - 339
    - 340
    - 341
    - 342
    - 343
    - 344
    - 345
    - 346
    - 347
    - 348
    - 349
    - 350
    - 351
    - 352
    - 353
    - 354
    - 355
    - 356
    - 357
    - 358
    - 359
    - 360
    - 361
    - 362
    - 363
    - 364
    - 365
    - 366
    - 367
    - 368
    - 369
    - 370
    - 371
    - 372
    - 373
    - 374
    - 375
    - 376
    - 377
    - 378
    - 379
    - 380
    - 381
    - 382
    - 383
    - 384
    - 385
    - 386
    - 387
    - 388
    - 389
    - 390
    - 391
    - 392
    - 393
    - 394
    - 395
    - 396
    - 397
    - 398
    - 399
    - 400
    - 401
    - 402
    - 403
    - 404
    - 405
    - 406
    - 407
    - 408
    - 409
    - 410
    - 411
    - 412
    - 413
    - 414
    - 415
    - 416
    - 417
    - 418
    - 419
    - 420
    - 421
    - 422
    - 423
    - 424
    - 425
    - 426
    - 427
    - 428
    - 429
    - 430
    - 431
    - 432
    - 433
    - 434
    - 435
    - 436
    - 437
    - 438
    - 439
    - 440
    - 441
    - 442
    - 443
    - 444
    - 445
    - 446
    - 447
    - 448
    - 449
    - 450
    - 451
    - 452
    - 453
    - 454
    - 455
    - 456
    - 457
    - 458
    - 459
    - 460
    - 461
    - 462
    - 463
    - 464
    - 465
    - 466
    - 467
    - 468
    - 469
    - 470
    - 471
    - 472
    - 473
    - 474
    - 475
    - 476
    - 477
    - 478
    - 479
    - 480
    - 481
    - 482
    - 483
    - 484
    - 485
    - 486
    - 487
    - 488
    - 489
    - 490
    - 491
    - 492
    - 493
    - 494
    - 495
    - 496
    - 497
    - 498
    - 499
    - 500
    - 501
    - 502
    - 503
    - 504
    - 505
    - 506
    - 507
    - 508
    - 509
    - 510
    - 511
    - 512
    - 513
    - 514
    - 515
    - 516
    - 517
    - 518
    - 519
    - 520
    - 521
    - 522
    - 523
    - 524
    - 525
    - 526
    - 527
    - 528
    - 529
    - 530
    - 531
    - 532
    - 533
    - 534
    - 535
    - 536
    - 537
    - 538
    - 539
    - 540
    - 541
    - 542
    - 543
    - 544
    - 545
    - 546
    - 547
    - 548
    - 549
    - 550
    - 551
    - 552
    - 553
    - 554
    - 555
    - 556
    - 557
    - 558
    - 559
    - 560
    - 561
    - 562
    - 563
    - 564
    - 565
    - 566
    - 567
    - 568
    - 569
    - 570
    - 571
    - 572
    - 573
    - 574
    - 575
    - 576
    - 577
sections:
- type: shell
  elementSet: layup_0
  layup:
  - - gelcoat
    - 0.0005
    - 0.0
  - - glass_triax
    - 0.051975
    - 0.0
  - - glass_uniax
    - 0.0002
    - 0.0
  - - glass_triax
    - 0.051975
    - 0.0
- type: shell
  elementSet: layup_1
  layup:
  - - gelcoat
    - 0.0005
    - 0.0
  - - glass_triax
    - 0.051975
    - 0.0
  - - glass_triax
    - 0.051975
    - 0.0
- type: shell
  elementSet: layup_2
  layup:
  - - gelcoat
    - 0.0005
    - 0.0
  - - glass_triax
    - 0.051975
    - 0.0
  - - carbon_uniax
    - 0.04677916
    - 0.0
  - - glass_triax
    - 0.051975
    - 0.0
- type: shell
  elementSet: layup_3
  layup:
  - - gelcoat
    - 0.0005
    - 0.0
  - - glass_triax
    - 0.051975
    - 0.0
  - - carbon_uniax
    - 0.03734392
    - 0.0
  - - glass_triax
    - 0.051975
    - 0.0
- type: shell
  elementSet: layup_4
  layup:
  - - glass_biax
    - 0.002
    - 0.0
  - - medium_density_foam
    - 0.046
    - 0.0
  - - glass_biax
    - 0.002
    - 0.0
elementOrientations:
- [0.0, 0.0, 1.0, -0.03378931764153616, 0.9994289779735823, 0.0, -0.9994289779735823,
  -0.03378931764153616, 0.0]
- [0.0, 0.0, 1.0, -0.0327457260189035, 0.9994637149129001, 0.0, -0.9994637149129001,
  -0.0327457260189035, 0.0]
- [0.0, 0.0, 1.0, -0.04132097291609194, 0.9991459238756207, 0.0, -0.9991459238756207,
  -0.04132097291609194, 0.0]
- [0.0, 0.0, 1.0, -0.08372795984366765, 0.9964886495793203, 0.0, -0.9964886495793203,
  -0.08372795984366765, 0.0]
- [0.0, 0.0, 1.0, -0.09393022975368565, 0.9955787823866175, 0.0, -0.9955787823866175,
  -0.09393022975368565, 0.0]
- [0.0, 0.0, 1.0, -0.10018015932083876, 0.994969313938099, 0.0, -0.994969313938099,
  -0.10018015932083876, 0.0]
- [0.0, 0.0, 1.0, -0.1380594735846633, 0.9904239404182058, 0.0, -0.9904239404182058,
  -0.1380594735846633, 0.0]
- [0.0, 0.0, 1.0, -0.15668835033052778, 0.9876480956649983, 0.0, -0.9876480956649983,
  -0.15668835033052778, 0.0]
- [0.0, 0.0, 1.0, -0.16007289069430702, 0.9871051968583534, 0.0, -0.9871051968583534,
  -0.16007289069430702, 0.0]
- [0.0, 0.0, 1.0, -0.19217880794273653, 0.9813599267229678, 0.0, -0.9813599267229678,
  -0.19217880794273653, 0.0]
- [0.0, 0.0, 1.0, -0.21818927487373788, 0.9759064710975496, 0.0, -0.9759064710975496,
  -0.21818927487373788, 0.0]
- [0.0, 0.0, 1.0, -0.21868783404736053, 0.9757948714969115, 0.0, -0.9757948714969115,
  -0.21868783404736053, 0.0]
- [0.0, 0.0, 1.0, -0.24570287070057795, 0.9693451910075663, 0.0, -0.9693451910075663,
  -0.24570287070057795, 0.0]
- [0.0, 0.0, 1.0, -0.2789689105650871, 0.9603001337801264, 0.0, -0.9603001337801264,
  -0.2789689105650871, 0.0]
- [0.0, 0.0, 1.0, -0.2788009014254202, 0.9603489247999256, 0.0, -0.9603489247999256,
  -0.2788009014254202, 0.0]
- [0.0, 0.0, 1.0, -0.2963850600493375, 0.9550685295723813, 0.0, -0.9550685295723813,
  -0.2963850600493375, 0.0]
- [0.0, 0.0, 1.0, -0.33899201053254535, 0.940789252061854, 0.0, -0.940789252061854,
  -0.33899201053254535, 0.0]
- [0.0, 0.0, 1.0, -0.33875940004315186, 0.9408730354741833, 0.0, -0.9408730354741833,
  -0.33875940004315186, 0.0]
- [0.0, 0.0, 1.0, -0.3501719011328732, 0.9366854539582588, 0.0, -0.9366854539582588,
  -0.3501719011328732, 0.0]
- [0.0, 0.0, 1.0, -0.39330786829955044, 0.919406830915272, 0.0, -0.919406830915272,
  -0.39330786829955044, 0.0]
- [0.0, 0.0, 1.0, -0.39725197422243386, 0.9177095776858705, 0.0, -0.9177095776858705,
  -0.39725197422243386, 0.0]
- [0.0, 0.0, 1.0, -0.4056706386614345, 0.9140193285308708, 0.0, -0.9140193285308708,
  -0.4056706386614345, 0.0]
- [0.0, 0.0, 1.0, -0.44316690588703356, 0.8964391186949134, 0.0, -0.8964391186949134,
  -0.44316690588703356, 0.0]
- [0.0, 0.0, 1.0, -0.45396078969096965, 0.8910216615903068, 0.0, -0.8910216615903068,
  -0.45396078969096965, 0.0]
- [0.0, 0.0, 1.0, -0.45947848349860876, 0.8881889006297133, 0.0, -0.8881889006297133,
  -0.45947848349860876, 0.0]
- [0.0, 0.0, 1.0, -0.4919595516382232, 0.8706180560681696, 0.0, -0.8706180560681696,
  -0.4919595516382232, 0.0]
- [0.0, 0.0, 1.0, -0.5091860045188824, 0.8606565010514338, 0.0, -0.8606565010514338,
  -0.5091860045188824, 0.0]
- [0.0, 0.0, 1.0, -0.5117973501457642, 0.8591062055321065, 0.0, -0.8591062055321065,
  -0.5117973501457642, 0.0]
- [0.0, 0.0, 1.0, -0.5392040775986648, 0.8421751377836876, 0.0, -0.8421751377836876,
  -0.5392040775986648, 0.0]
- [0.0, 0.0, 1.0, -0.5620237477655651, 0.827121095697328, 0.0, -0.827121095697328,
  -0.5620237477655651, 0.0]
- [0.0, 0.0, 1.0, -0.561878139861658, 0.8272200166495025, 0.0, -0.8272200166495025,
  -0.561878139861658, 0.0]
- [0.0, 0.0, 1.0, -0.5848736842905781, 0.811124388379714, 0.0, -0.811124388379714,
  -0.5848736842905781, 0.0]
- [0.0, 0.0, 1.0, -0.6129711149310602, 0.7901053171952287, 0.0, -0.7901053171952287,
  -0.6129711149310602, 0.0]
- [0.0, 0.0, 1.0, -0.6128326324961143, 0.7902127337292676, 0.0, -0.7902127337292676,
  -0.6128326324961143, 0.0]
- [0.0, 0.0, 1.0, -0.6263552795457196, 0.7795377244144145, 0.0, -0.7795377244144145,
  -0.6263552795457196, 0.0]
- [0.0, 0.0, 1.0, -0.661652733372084, 0.7498104163195187, 0.0, -0.7498104163195187,
  -0.661652733372084, 0.0]
- [0.0, 0.0, 1.0, -0.6614587704704294, 0.749981529751065, 0.0, -0.749981529751065,
  -0.6614587704704294, 0.0]
- [0.0, 0.0, 1.0, -0.6714150211532801, 0.7410815537913088, 0.0, -0.7410815537913088,
  -0.6714150211532801, 0.0]
- [0.0, 0.0, 1.0, -0.7045768469713892, 0.7096276958461075, 0.0, -0.7096276958461075,
  -0.7045768469713892, 0.0]
- [0.0, 0.0, 1.0, -0.707097605791919, 0.707115956462118, 0.0, -0.707115956462118,
  -0.707097605791919, 0.0]
- [0.0, 0.0, 1.0, -0.7149872463498204, 0.6991374954592988, 0.0, -0.6991374954592988,
  -0.7149872463498204, 0.0]
- [0.0, 0.0, 1.0, -0.7442160703925195, 0.6679389497323215, 0.0, -0.6679389497323215,
  -0.7442160703925195, 0.0]
- [0.0, 0.0, 1.0, -0.7499673856395852, 0.6614748071369957, 0.0, -0.6614748071369957,
  -0.7499673856395852, 0.0]
