nodes:
- [6.87135619 0.80633748 0.00000000]
- [6.81892118 0.83054216 0.00000000]
- [6.75845996 0.86110675 0.00000000]
- [6.69740245 0.89010774 0.00000000]
- [6.63546432 0.91736260 0.00000000]
- [6.57276461 0.94363400 0.00000000]
- [6.51002094 0.97008385 0.00000000]
- [6.44718907 0.99607020 0.00000000]
- [6.38413068 1.02159265 0.00000000]
- [6.32084563 1.04695818 0.00000000]
- [6.25783027 1.07277611 0.00000000]
- [6.19458613 1.09784838 0.00000000]
- [6.13128104 1.12302180 0.00000000]
- [6.06801792 1.14802879 0.00000000]
- [6.00444249 1.17250469 0.00000000]
- [5.94099569 1.19749098 0.00000000]
- [5.87763071 1.22227060 0.00000000]
- [5.81407142 1.24657356 0.00000000]
- [5.75038445 1.27082573 0.00000000]
- [5.68682867 1.29521389 0.00000000]
- [5.61917769 1.30810789 0.00000000]
- [5.55066905 1.32055515 0.00000000]
- [5.48599931 1.34407716 0.00000000]
- [5.42141180 1.36754580 0.00000000]
- [5.35679915 1.39082411 0.00000000]
- [5.29225810 1.41391441 0.00000000]
- [5.22752677 1.43643258 0.00000000]
- [5.16254763 1.45883751 0.00000000]
- [5.09760103 1.48125662 0.00000000]
- [5.03276809 1.50335008 0.00000000]
- [4.96772449 1.52482572 0.00000000]
- [4.90243026 1.54610782 0.00000000]
- [4.83710481 1.56730833 0.00000000]
- [4.77169495 1.58827466 0.00000000]
- [4.70622696 1.60919634 0.00000000]
- [4.64087627 1.62995950 0.00000000]
- [4.57582143 1.65003657 0.00000000]
- [4.51044029 1.66944593 0.00000000]
- [4.44487489 1.68871308 0.00000000]
- [4.37918042 1.70770129 0.00000000]
- [4.31344969 1.72665462 0.00000000]
- [4.24800559 1.74529458 0.00000000]
- [4.18220204 1.76280247 0.00000000]
- [4.11603893 1.78032388 0.00000000]
- [4.05007242 1.79771551 0.00000000]
- [3.98395510 1.81433225 0.00000000]
- [3.91749943 1.83080599 0.00000000]
- [3.85142027 1.84733176 0.00000000]
- [3.78523935 1.86250743 0.00000000]
- [3.71847146 1.87725948 0.00000000]
- [3.65191157 1.89215256 0.00000000]
- [3.58534046 1.90593239 0.00000000]
- [3.51820581 1.91930400 0.00000000]
- [3.45161796 1.93296806 0.00000000]
- [3.38488208 1.94459904 0.00000000]
- [3.31760277 1.95597472 0.00000000]
- [3.25054539 1.96684021 0.00000000]
- [3.18341477 1.97640063 0.00000000]
- [3.11570718 1.98518564 0.00000000]
- [3.04823998 1.99410316 0.00000000]
- [2.98085964 2.00145276 0.00000000]
- [2.91329277 2.00933159 0.00000000]
- [2.82544680 2.01813247 0.00000000]
- [2.75935820 2.02214670 0.00000000]
- [2.69287886 2.02547312 0.00000000]
- [2.62656756 2.02823539 0.00000000]
- [2.56050359 2.02965625 0.00000000]
- [2.49395418 2.02957191 0.00000000]
- [2.42751501 2.02969503 0.00000000]
- [2.36170337 2.02795873 0.00000000]
- [2.29547160 2.02449518 0.00000000]
- [2.22899401 2.02068498 0.00000000]
- [2.16302510 2.01605555 0.00000000]
- [2.09750977 2.00964425 0.00000000]
- [2.01460364 1.99800616 0.00000000]
- [1.94735297 1.98720894 0.00000000]
- [1.88034260 1.97611446 0.00000000]
- [1.81336871 1.96337461 0.00000000]
- [1.74687578 1.94995299 0.00000000]
- [1.68103847 1.93390727 0.00000000]
- [1.61526628 1.91686765 0.00000000]
- [1.55025796 1.89783094 0.00000000]
- [1.48544064 1.87717747 0.00000000]
- [1.42107386 1.85536403 0.00000000]
- [1.35775679 1.83201918 0.00000000]
- [1.29537233 1.80607816 0.00000000]
- [1.23322281 1.77855308 0.00000000]
- [1.17175614 1.74973100 0.00000000]
- [1.11131086 1.71939102 0.00000000]
- [1.05208079 1.68714771 0.00000000]
- [0.99389667 1.65272896 0.00000000]
- [0.93654159 1.61675003 0.00000000]
- [0.88032887 1.57902119 0.00000000]
- [0.82519872 1.53989106 0.00000000]
- [0.77156801 1.49890798 0.00000000]
- [0.71909637 1.45617797 0.00000000]
- [0.66808066 1.41224911 0.00000000]
- [0.61916514 1.36594136 0.00000000]
- [0.57124021 1.31814321 0.00000000]
- [0.52512780 1.26916280 0.00000000]
- [0.48139466 1.21827209 0.00000000]
- [0.43946530 1.16544107 0.00000000]
- [0.39905867 1.11131549 0.00000000]
- [0.36060004 1.05588995 0.00000000]
- [0.32412570 0.99936256 0.00000000]
- [0.29011789 0.94128520 0.00000000]
- [0.25785204 0.88192415 0.00000000]
- [0.22751320 0.82167112 0.00000000]
- [0.19949019 0.76055885 0.00000000]
- [0.17404895 0.69825571 0.00000000]
- [0.15064723 0.63493451 0.00000000]
- [0.12929601 0.57087034 0.00000000]
- [0.11010852 0.50638727 0.00000000]
- [0.09386088 0.44145939 0.00000000]
- [0.08075780 0.37580831 0.00000000]
- [0.07048230 0.30928777 0.00000000]
- [0.06224572 0.24191128 0.00000000]
- [0.04234840 0.17528972 0.00000000]
- [0.02289867 0.10218861 0.00000000]
- [0.01875726 0.02805778 0.00000000]
- [0.01903613 -0.04602733 0.00000000]
- [0.02301842 -0.12030659 0.00000000]
- [0.04187426 -0.19342313 0.00000000]
- [0.06188815 -0.25845705 0.00000000]
- [0.07150172 -0.32427229 0.00000000]
- [0.08329703 -0.38970122 0.00000000]
- [0.09746288 -0.45432168 0.00000000]
- [0.11472974 -0.51807012 0.00000000]
- [0.13475431 -0.58127084 0.00000000]
- [0.15715102 -0.64378606 0.00000000]
- [0.18191252 -0.70551668 0.00000000]
- [0.20861429 -0.76634710 0.00000000]
- [0.23771634 -0.82587785 0.00000000]
- [0.26923204 -0.88428478 0.00000000]
- [0.30282710 -0.94149932 0.00000000]
- [0.33867840 -0.99719149 0.00000000]
- [0.37697252 -1.05157898 0.00000000]
- [0.41684178 -1.10498165 0.00000000]
- [0.45849161 -1.15680175 0.00000000]
- [0.50194915 -1.20711270 0.00000000]
- [0.54713174 -1.25580709 0.00000000]
- [0.59417613 -1.30280359 0.00000000]
- [0.64283084 -1.34836036 0.00000000]
- [0.69274127 -1.39230735 0.00000000]
- [0.74450556 -1.43434825 0.00000000]
- [0.79730257 -1.47534122 0.00000000]
- [0.85117951 -1.51444280 0.00000000]
- [0.90656601 -1.55182473 0.00000000]
- [0.96286794 -1.58811139 0.00000000]
- [1.01975561 -1.62267290 0.00000000]
- [1.07819162 -1.65496907 0.00000000]
- [1.13752480 -1.68646909 0.00000000]
- [1.19736799 -1.71657294 0.00000000]
- [1.25787863 -1.74510649 0.00000000]
- [1.31779898 -1.77465816 0.00000000]
- [1.36637356 -1.79716407 0.00000000]
- [1.42748094 -1.82145832 0.00000000]
- [1.48895034 -1.84352195 0.00000000]
- [1.55149026 -1.86426091 0.00000000]
- [1.61380327 -1.88469587 0.00000000]
- [1.67665365 -1.90247711 0.00000000]
- [1.74030227 -1.91930004 0.00000000]
- [1.80396357 -1.93522405 0.00000000]
- [1.86776922 -1.94924225 0.00000000]
- [1.93228412 -1.96147812 0.00000000]
- [1.99709318 -1.97302980 0.00000000]
- [2.06200979 -1.98327575 0.00000000]
- [2.12343545 -1.99190226 0.00000000]
- [2.18509742 -1.99633817 0.00000000]
- [2.25174844 -1.99939509 0.00000000]
- [2.31887906 -2.00356214 0.00000000]
- [2.38580473 -2.00774175 0.00000000]
- [2.45256625 -2.00942995 0.00000000]
- [2.51968725 -2.01029407 0.00000000]
- [2.58656433 -2.00975022 0.00000000]
- [2.65349385 -2.00761693 0.00000000]
- [2.72038358 -2.00432908 0.00000000]
- [2.78738116 -1.99946610 0.00000000]
- [2.85403747 -1.99409811 0.00000000]
- [2.92049156 -1.98622929 0.00000000]
- [2.98739973 -1.97795485 0.00000000]
- [3.05346068 -1.96880612 0.00000000]
- [3.11925661 -1.95712096 0.00000000]
- [3.18565611 -1.94468186 0.00000000]
- [3.25170105 -1.93202869 0.00000000]
- [3.31688278 -1.91792153 0.00000000]
- [3.38191473 -1.90181126 0.00000000]
- [3.44741908 -1.88492774 0.00000000]
- [3.51211946 -1.86827017 0.00000000]
- [3.57630361 -1.84839494 0.00000000]
- [3.64107580 -1.82958551 0.00000000]
- [3.70460576 -1.80862156 0.00000000]
- [3.76870095 -1.78694662 0.00000000]
- [3.83258429 -1.76525577 0.00000000]
- [3.89570314 -1.74265489 0.00000000]
- [3.95863449 -1.71862625 0.00000000]
- [4.02167900 -1.69443313 0.00000000]
- [4.08425934 -1.66946318 0.00000000]
- [4.14868381 -1.64311281 0.00000000]
- [4.21282138 -1.61616659 0.00000000]
- [4.27674387 -1.58853342 0.00000000]
- [4.34057480 -1.56046856 0.00000000]
- [4.40418770 -1.53202972 0.00000000]
- [4.46748864 -1.50308888 0.00000000]
- [4.53049129 -1.47353662 0.00000000]
- [4.59345741 -1.44330249 0.00000000]
- [4.65670311 -1.41311073 0.00000000]
- [4.71983250 -1.38311413 0.00000000]
- [4.78269151 -1.35274317 0.00000000]
- [4.84551989 -1.32223032 0.00000000]
- [4.90829094 -1.29136360 0.00000000]
- [4.97125269 -1.26062084 0.00000000]
- [5.03428173 -1.22988493 0.00000000]
- [5.09760024 -1.19943399 0.00000000]
- [5.16109181 -1.16943383 0.00000000]
- [5.22462655 -1.13969878 0.00000000]
- [5.28824970 -1.11018840 0.00000000]
- [5.35214839 -1.08078306 0.00000000]
- [5.41670114 -1.05208683 0.00000000]
- [5.48171113 -1.02450717 0.00000000]
- [5.55124209 -1.00852306 0.00000000]
- [5.61906498 -0.99391101 0.00000000]
- [5.68286124 -0.96932373 0.00000000]
- [5.74698538 -0.94542597 0.00000000]
- [5.81155559 -0.92271665 0.00000000]
- [5.87639739 -0.90083203 0.00000000]
- [5.94172139 -0.88004138 0.00000000]
- [6.00755146 -0.86086802 0.00000000]
- [6.07373013 -0.84291308 0.00000000]
- [6.14040807 -0.82662125 0.00000000]
- [6.20748418 -0.81202453 0.00000000]
- [6.27500350 -0.79916812 0.00000000]
- [6.34291852 -0.78861788 0.00000000]
- [6.41104456 -0.77980551 0.00000000]
- [6.47944631 -0.77308465 0.00000000]
- [6.54808045 -0.76842645 0.00000000]
- [6.61707540 -0.76628995 0.00000000]
- [6.68614635 -0.76790297 0.00000000]
- [6.75493950 -0.77238763 0.00000000]
- [6.82350162 -0.77957484 0.00000000]
- [6.87538779 -0.79425643 0.00000000]
- [4.09561887 -1.60212802 0.00000000]
- [4.10697840 -1.53479287 0.00000000]
- [4.11833793 -1.46745771 0.00000000]
- [4.12969745 -1.40012255 0.00000000]
- [4.14105698 -1.33278740 0.00000000]
- [4.15241651 -1.26545224 0.00000000]
- [4.16377604 -1.19811708 0.00000000]
- [4.17513557 -1.13078193 0.00000000]
- [4.18649510 -1.06344677 0.00000000]
- [4.19785463 -0.99611161 0.00000000]
- [4.20921416 -0.92877646 0.00000000]
- [4.22057369 -0.86144130 0.00000000]
- [4.23193322 -0.79410614 0.00000000]
- [4.24329275 -0.72677099 0.00000000]
- [4.25465228 -0.65943583 0.00000000]
- [4.26601180 -0.59210067 0.00000000]
- [4.27737133 -0.52476552 0.00000000]
- [4.28873086 -0.45743036 0.00000000]
- [4.30009039 -0.39009520 0.00000000]
- [4.31144992 -0.32276005 0.00000000]
- [4.32280945 -0.25542489 0.00000000]
- [4.33416898 -0.18808973 0.00000000]
- [4.34552851 -0.12075458 0.00000000]
- [4.35688804 -0.05341942 0.00000000]
- [4.36824757 0.01391574 0.00000000]
- [4.37960710 0.08125089 0.00000000]
- [4.39096663 0.14858605 0.00000000]
- [4.40232615 0.21592121 0.00000000]
- [4.41368568 0.28325636 0.00000000]
- [4.42504521 0.35059152 0.00000000]
- [4.43640474 0.41792668 0.00000000]
- [4.44776427 0.48526183 0.00000000]
- [4.45912380 0.55259699 0.00000000]
- [4.47048333 0.61993215 0.00000000]
- [4.48184286 0.68726730 0.00000000]
- [4.49320239 0.75460246 0.00000000]
- [4.50456192 0.82193762 0.00000000]
- [4.51592145 0.88927277 0.00000000]
- [4.52728098 0.95660793 0.00000000]
- [4.53864050 1.02394309 0.00000000]
- [4.55000003 1.09127824 0.00000000]
- [4.56135956 1.15861340 0.00000000]
- [4.57271909 1.22594856 0.00000000]
- [4.58407862 1.29328371 0.00000000]
- [4.59543815 1.36061887 0.00000000]
- [4.60679768 1.42795403 0.00000000]
- [4.61815721 1.49528918 0.00000000]
- [4.62951674 1.56262434 0.00000000]
- [1.37942957 -1.72918535 0.00000000]
- [1.39248557 -1.66120663 0.00000000]
- [1.40554157 -1.59322791 0.00000000]
- [1.41859758 -1.52524919 0.00000000]
- [1.43165358 -1.45727047 0.00000000]
- [1.44470958 -1.38929175 0.00000000]
- [1.45776559 -1.32131303 0.00000000]
- [1.47082159 -1.25333431 0.00000000]
- [1.48387760 -1.18535559 0.00000000]
- [1.49693360 -1.11737687 0.00000000]
- [1.50998960 -1.04939815 0.00000000]
- [1.52304561 -0.98141943 0.00000000]
- [1.53610161 -0.91344071 0.00000000]
- [1.54915761 -0.84546199 0.00000000]
- [1.56221362 -0.77748327 0.00000000]
- [1.57526962 -0.70950455 0.00000000]
- [1.58832562 -0.64152583 0.00000000]
- [1.60138163 -0.57354711 0.00000000]
- [1.61443763 -0.50556839 0.00000000]
- [1.62749364 -0.43758967 0.00000000]
- [1.64054964 -0.36961095 0.00000000]
- [1.65360564 -0.30163223 0.00000000]
- [1.66666165 -0.23365351 0.00000000]
- [1.67971765 -0.16567479 0.00000000]
- [1.69277365 -0.09769607 0.00000000]
- [1.70582966 -0.02971735 0.00000000]
- [1.71888566 0.03826137 0.00000000]
- [1.73194166 0.10624009 0.00000000]
- [1.74499767 0.17421881 0.00000000]
- [1.75805367 0.24219753 0.00000000]
- [1.77110967 0.31017625 0.00000000]
- [1.78416568 0.37815497 0.00000000]
- [1.79722168 0.44613369 0.00000000]
- [1.81027769 0.51411241 0.00000000]
- [1.82333369 0.58209113 0.00000000]
- [1.83638969 0.65006985 0.00000000]
- [1.84944570 0.71804857 0.00000000]
- [1.86250170 0.78602729 0.00000000]
- [1.87555770 0.85400601 0.00000000]
- [1.88861371 0.92198473 0.00000000]
- [1.90166971 0.98996345 0.00000000]
- [1.91472571 1.05794217 0.00000000]
- [1.92778172 1.12592089 0.00000000]
- [1.94083772 1.19389961 0.00000000]
- [1.95389373 1.26187833 0.00000000]
- [1.96694973 1.32985705 0.00000000]
- [1.98000573 1.39783577 0.00000000]
- [1.99306174 1.46581449 0.00000000]
- [2.00611774 1.53379321 0.00000000]
- [2.01917374 1.60177193 0.00000000]
- [2.03222975 1.66975065 0.00000000]
- [2.04528575 1.73772937 0.00000000]
- [2.05834175 1.80570809 0.00000000]
- [2.07139776 1.87368681 0.00000000]
- [2.08445376 1.94166553 0.00000000]
- [2.07494940 -1.91545527 0.00000000]
- [2.08788901 -1.84763479 0.00000000]
- [2.10082862 -1.77981431 0.00000000]
- [2.11376823 -1.71199383 0.00000000]
- [2.12670784 -1.64417336 0.00000000]
- [2.13964745 -1.57635288 0.00000000]
- [2.15258706 -1.50853240 0.00000000]
- [2.16552667 -1.44071192 0.00000000]
- [2.17846628 -1.37289144 0.00000000]
- [2.19140589 -1.30507096 0.00000000]
- [2.20434551 -1.23725049 0.00000000]
- [2.21728512 -1.16943001 0.00000000]
- [2.23022473 -1.10160953 0.00000000]
- [2.24316434 -1.03378905 0.00000000]
- [2.25610395 -0.96596857 0.00000000]
- [2.26904356 -0.89814809 0.00000000]
- [2.28198317 -0.83032762 0.00000000]
- [2.29492278 -0.76250714 0.00000000]
- [2.30786239 -0.69468666 0.00000000]
- [2.32080200 -0.62686618 0.00000000]
- [2.33374161 -0.55904570 0.00000000]
- [2.34668122 -0.49122522 0.00000000]
- [2.35962083 -0.42340475 0.00000000]
- [2.37256044 -0.35558427 0.00000000]
- [2.38550005 -0.28776379 0.00000000]
- [2.39843966 -0.21994331 0.00000000]
- [2.41137927 -0.15212283 0.00000000]
- [2.42431888 -0.08430235 0.00000000]
- [2.43725849 -0.01648188 0.00000000]
- [2.45019810 0.05133860 0.00000000]
- [2.46313771 0.11915908 0.00000000]
- [2.47607732 0.18697956 0.00000000]
- [2.48901693 0.25480004 0.00000000]
- [2.50195654 0.32262052 0.00000000]
- [2.51489615 0.39044099 0.00000000]
- [2.52783576 0.45826147 0.00000000]
- [2.54077538 0.52608195 0.00000000]
- [2.55371499 0.59390243 0.00000000]
- [2.56665460 0.66172291 0.00000000]
- [2.57959421 0.72954339 0.00000000]
- [2.59253382 0.79736386 0.00000000]
- [2.60547343 0.86518434 0.00000000]
- [2.61841304 0.93300482 0.00000000]
- [2.63135265 1.00082530 0.00000000]
- [2.64429226 1.06864578 0.00000000]
- [2.65723187 1.13646626 0.00000000]
- [2.67017148 1.20428673 0.00000000]
- [2.68311109 1.27210721 0.00000000]
- [2.69605070 1.33992769 0.00000000]
- [2.70899031 1.40774817 0.00000000]
- [2.72192992 1.47556865 0.00000000]
- [2.73486953 1.54338913 0.00000000]
- [2.74780914 1.61120960 0.00000000]
- [2.76074875 1.67903008 0.00000000]
- [2.77368836 1.74685056 0.00000000]
- [2.78662797 1.81467104 0.00000000]
- [2.79956758 1.88249152 0.00000000]
- [2.81250719 1.95031200 0.00000000]
elements:
- [1 2]
- [2 3]
- [3 4]
- [4 5]
- [5 6]
- [6 7]
- [7 8]
- [8 9]
- [9 10]
- [10 11]
- [11 12]
- [12 13]
- [13 14]
- [14 15]
- [15 16]
- [16 17]
- [17 18]
- [18 19]
- [19 20]
- [20 21]
- [21 22]
- [22 23]
- [23 24]
- [24 25]
- [25 26]
- [26 27]
- [27 28]
- [28 29]
- [29 30]
- [30 31]
- [31 32]
- [32 33]
- [33 34]
- [34 35]
- [35 36]
- [36 37]
- [37 38]
- [38 39]
- [39 40]
- [40 41]
- [41 42]
- [42 43]
- [43 44]
- [44 45]
- [45 46]
- [46 47]
- [47 48]
- [48 49]
- [49 50]
- [50 51]
- [51 52]
- [52 53]
- [53 54]
- [54 55]
- [55 56]
- [56 57]
- [57 58]
- [58 59]
- [59 60]
- [60 61]
- [61 62]
- [62 63]
- [63 64]
- [64 65]
- [65 66]
- [66 67]
- [67 68]
- [68 69]
- [69 70]
- [70 71]
- [71 72]
- [72 73]
- [73 74]
- [74 75]
- [75 76]
- [76 77]
- [77 78]
- [78 79]
- [79 80]
- [80 81]
- [81 82]
- [82 83]
- [83 84]
- [84 85]
- [85 86]
- [86 87]
- [87 88]
- [88 89]
- [89 90]
- [90 91]
- [91 92]
- [92 93]
- [93 94]
- [94 95]
- [95 96]
- [96 97]
- [97 98]
- [98 99]
- [99 100]
- [100 101]
- [101 102]
- [102 103]
- [103 104]
- [104 105]
- [105 106]
- [106 107]
- [107 108]
- [108 109]
- [109 110]
- [110 111]
- [111 112]
- [112 113]
- [113 114]
- [114 115]
- [115 116]
- [116 117]
- [117 118]
- [118 119]
- [119 120]
- [120 121]
- [121 122]
- [122 123]
- [123 124]
- [124 125]
- [125 126]
- [126 127]
- [127 128]
- [128 129]
- [129 130]
- [130 131]
- [131 132]
- [132 133]
- [133 134]
- [134 135]
- [135 136]
- [136 137]
- [137 138]
- [138 139]
- [139 140]
- [140 141]
- [141 142]
- [142 143]
- [143 144]
- [144 145]
- [145 146]
- [146 147]
- [147 148]
- [148 149]
- [149 150]
- [150 151]
- [151 152]
- [152 153]
- [153 154]
- [154 155]
- [155 156]
- [156 157]
- [157 158]
- [158 159]
- [159 160]
- [160 161]
- [161 162]
- [162 163]
- [163 164]
- [164 165]
- [165 166]
- [166 167]
- [167 168]
- [168 169]
- [169 170]
- [170 171]
- [171 172]
- [172 173]
- [173 174]
- [174 175]
- [175 176]
- [176 177]
- [177 178]
- [178 179]
- [179 180]
- [180 181]
- [181 182]
- [182 183]
- [183 184]
- [184 185]
- [185 186]
- [186 187]
- [187 188]
- [188 189]
- [189 190]
- [190 191]
- [191 192]
- [192 193]
- [193 194]
- [194 195]
- [195 196]
- [196 197]
- [197 198]
- [198 199]
- [199 200]
- [200 201]
- [201 202]
- [202 203]
- [203 204]
- [204 205]
- [205 206]
- [206 207]
- [207 208]
- [208 209]
- [209 210]
- [210 211]
- [211 212]
- [212 213]
- [213 214]
- [214 215]
- [215 216]
- [216 217]
- [217 218]
- [218 219]
- [219 220]
- [220 221]
- [221 222]
- [222 223]
- [223 224]
- [224 225]
- [225 226]
- [226 227]
- [227 228]
- [228 229]
- [229 230]
- [230 231]
- [231 232]
- [232 233]
- [233 234]
- [234 235]
- [235 236]
- [236 237]
- [237 238]
- [238 239]
- [239 240]
- [240 241]
- [241 1]
- [198 242]
- [242 243]
- [243 244]
- [244 245]
- [245 246]
- [246 247]
- [247 248]
- [248 249]
- [249 250]
- [250 251]
- [251 252]
- [252 253]
- [253 254]
- [254 255]
- [255 256]
- [256 257]
- [257 258]
- [258 259]
- [259 260]
- [260 261]
- [261 262]
- [262 263]
- [263 264]
- [264 265]
- [265 266]
- [266 267]
- [267 268]
- [268 269]
- [269 270]
- [270 271]
- [271 272]
- [272 273]
- [273 274]
- [274 275]
- [275 276]
- [276 277]
- [277 278]
- [278 279]
- [279 280]
- [280 281]
- [281 282]
- [282 283]
- [283 284]
- [284 285]
- [285 286]
- [286 287]
- [287 288]
- [288 289]
- [289 36]
- [156 290]
- [290 291]
- [291 292]
- [292 293]
- [293 294]
- [294 295]
- [295 296]
- [296 297]
- [297 298]
- [298 299]
- [299 300]
- [300 301]
- [301 302]
- [302 303]
- [303 304]
- [304 305]
- [305 306]
- [306 307]
- [307 308]
- [308 309]
- [309 310]
- [310 311]
- [311 312]
- [312 313]
- [313 314]
- [314 315]
- [315 316]
- [316 317]
- [317 318]
- [318 319]
- [319 320]
- [320 321]
- [321 322]
- [322 323]
- [323 324]
- [324 325]
- [325 326]
- [326 327]
- [327 328]
- [328 329]
- [329 330]
- [330 331]
- [331 332]
- [332 333]
- [333 334]
- [334 335]
- [335 336]
- [336 337]
- [337 338]
- [338 339]
- [339 340]
- [340 341]
- [341 342]
- [342 343]
- [343 344]
- [344 74]
- [167 345]
- [345 346]
- [346 347]
- [347 348]
- [348 349]
- [349 350]
- [350 351]
- [351 352]
- [352 353]
- [353 354]
- [354 355]
- [355 356]
- [356 357]
- [357 358]
- [358 359]
- [359 360]
- [360 361]
- [361 362]
- [362 363]
- [363 364]
- [364 365]
- [365 366]
- [366 367]
- [367 368]
- [368 369]
- [369 370]
- [370 371]
- [371 372]
- [372 373]
- [373 374]
- [374 375]
- [375 376]
- [376 377]
- [377 378]
- [378 379]
- [379 380]
- [380 381]
- [381 382]
- [382 383]
- [383 384]
- [384 385]
- [385 386]
- [386 387]
- [387 388]
- [388 389]
- [389 390]
- [390 391]
- [391 392]
- [392 393]
- [393 394]
- [394 395]
- [395 396]
- [396 397]
- [397 398]
- [398 399]
- [399 400]
- [400 401]
- [401 402]
- [402 63]
sets:
  element:
  - name: layup_0
    labels:
    - 1
    - 2
    - 3
    - 4
    - 5
    - 6
    - 7
    - 8
    - 9
    - 10
    - 11
    - 12
    - 13
    - 14
    - 15
    - 16
    - 17
    - 18
    - 19
    - 20
    - 221
    - 222
    - 223
    - 224
    - 225
    - 226
    - 227
    - 228
    - 229
    - 230
    - 231
    - 232
    - 233
    - 234
    - 235
    - 236
    - 237
    - 238
    - 239
    - 240
    - 241
  - name: layup_1
    labels:
    - 21
    - 22
    - 23
    - 24
    - 25
    - 26
    - 27
    - 28
    - 29
    - 30
    - 31
    - 32
    - 33
    - 34
    - 35
    - 36
    - 37
    - 38
    - 39
    - 40
    - 41
    - 42
    - 43
    - 44
    - 45
    - 46
    - 47
    - 48
    - 49
    - 50
    - 51
    - 52
    - 53
    - 54
    - 55
    - 56
    - 57
    - 58
    - 59
    - 60
    - 61
    - 75
    - 76
    - 77
    - 78
    - 79
    - 80
    - 81
    - 82
    - 83
    - 84
    - 85
    - 86
    - 87
    - 88
    - 89
    - 90
    - 91
    - 92
    - 93
    - 94
    - 95
    - 96
    - 97
    - 98
    - 99
    - 100
    - 101
    - 102
    - 103
    - 104
    - 105
    - 106
    - 107
    - 108
    - 109
    - 110
    - 111
    - 112
    - 113
    - 114
    - 115
    - 116
    - 117
    - 123
    - 124
    - 125
    - 126
    - 127
    - 128
    - 129
    - 130
    - 131
    - 132
    - 133
    - 134
    - 135
    - 136
    - 137
    - 138
    - 139
    - 140
    - 141
    - 142
    - 143
    - 144
    - 145
    - 146
    - 147
    - 148
    - 149
    - 150
    - 151
    - 152
    - 153
    - 154
    - 169
    - 170
    - 171
    - 172
    - 173
    - 174
    - 175
    - 176
    - 177
    - 178
    - 179
    - 180
    - 181
    - 182
    - 183
    - 184
    - 185
    - 186
    - 187
    - 188
    - 189
    - 190
    - 191
    - 192
    - 193
    - 194
    - 195
    - 196
    - 197
    - 198
    - 199
    - 200
    - 201
    - 202
    - 203
    - 204
    - 205
    - 206
    - 207
    - 208
    - 209
    - 210
    - 211
    - 212
    - 213
    - 214
    - 215
    - 216
    - 217
    - 218
    - 219
    - 220
  - name: layup_2
    labels:
    - 62
    - 63
    - 64
    - 65
    - 66
    - 67
    - 68
    - 69
    - 70
    - 71
    - 72
    - 73
    - 74
  - name: layup_3
    labels:
    - 118
    - 119
    - 120
    - 121
    - 122
  - name: layup_4
    labels:
    - 155
    - 156
    - 157
    - 158
    - 159
    - 160
    - 161
    - 162
    - 163
    - 164
    - 165
    - 166
    - 167
    - 168
  - name: layup_5
    labels:
    - 242
    - 243
    - 244
    - 245
    - 246
    - 247
    - 248
    - 249
    - 250
    - 251
    - 252
    - 253
    - 254
    - 255
    - 256
    - 257
    - 258
    - 259
    - 260
    - 261
    - 262
    - 263
    - 264
    - 265
    - 266
    - 267
    - 268
    - 269
    - 270
    - 271
    - 272
    - 273
    - 274
    - 275
    - 276
    - 277
    - 278
    - 279
    - 280
    - 281
    - 282
    - 283
    - 284
    - 285
    - 286
    - 287
    - 288
    - 289
    - 290
    - 291
    - 292
    - 293
    - 294
    - 295
    - 296
    - 297
    - 298
    - 299
    - 300
    - 301
    - 302
    - 303
    - 304
    - 305
    - 306
    - 307
    - 308
    - 309
    - 310
    - 311
    - 312
    - 313
    - 314
    - 315
    - 316
    - 317
    - 318
    - 319
    - 320
    - 321
    - 322
    - 323
    - 324
    - 325
    - 326
    - 327
    - 328
    - 329
    - 330
    - 331
    - 332
    - 333
    - 334
    - 335
    - 336
    - 337
    - 338
    - 339
    - 340
    - 341
    - 342
    - 343
    - 344
    - 345
    - 346
    - 347
    - 348
    - 349
    - 350
    - 351
    - 352
    - 353
    - 354
    - 355
    - 356
    - 357
    - 358
    - 359
    - 360
    - 361
    - 362
    - 363
    - 364
    - 365
    - 366
    - 367
    - 368
    - 369
    - 370
    - 371
    - 372
    - 373
    - 374
    - 375
    - 376
    - 377
    - 378
    - 379
    - 380
    - 381
    - 382
    - 383
    - 384
    - 385
    - 386
    - 387
    - 388
    - 389
    - 390
    - 391
    - 392
    - 393
    - 394
    - 395
    - 396
    - 397
    - 398
    - 399
    - 400
    - 401
    - 402
    - 403
    - 404
    - 405
sections:
- type: shell
  elementSet: layup_0
  layup:
  - - gelcoat
    - 0.0005
    - 0.0
  - - glass_triax
    - 0.00477201
    - 0.0
  - - glass_uniax
    - 0.02979821
    - 0.0
  - - glass_triax
    - 0.00477201
    - 0.0
- type: shell
  elementSet: layup_1
  layup:
  - - gelcoat
    - 0.0005
    - 0.0
  - - glass_triax
    - 0.00477201
    - 0.0
  - - medium_density_foam
    - 0.0762091
    - 0.0
  - - glass_triax
    - 0.00477201
    - 0.0
- type: shell
  elementSet: layup_2
  layup:
  - - gelcoat
    - 0.0005
    - 0.0
  - - glass_triax
    - 0.00477201
    - 0.0
  - - carbon_uniax
    - 0.07137678
    - 0.0
  - - glass_triax
    - 0.00477201
    - 0.0
- type: shell
  elementSet: layup_3
  layup:
  - - gelcoat
    - 0.0005
    - 0.0
  - - glass_triax
    - 0.00477201
    - 0.0
  - - glass_uniax
    - 0.02483082
    - 0.0
  - - glass_triax
    - 0.00477201
    - 0.0
- type: shell
  elementSet: layup_4
  layup:
  - - gelcoat
    - 0.0005
    - 0.0
  - - glass_triax
    - 0.00477201
    - 0.0
  - - carbon_uniax
    - 0.06453912
    - 0.0
  - - glass_triax
    - 0.00477201
    - 0.0
- type: shell
  elementSet: layup_5
  layup:
  - - glass_biax
    - 0.002
    - 0.0
  - - medium_density_foam
    - 0.04596819
    - 0.0
  - - glass_biax
    - 0.002
    - 0.0
elementOrientations:
- [0.0, 0.0, 1.0, -0.90793360733475, 0.41911402347345533, 0.0, -0.41911402347345533,
  -0.90793360733475, 0.0]
- [0.0, 0.0, 1.0, -0.8924465893897457, 0.451153061705903, 0.0, -0.451153061705903,
  -0.8924465893897457, 0.0]
- [0.0, 0.0, 1.0, -0.903285105854485, 0.42904081104418484, 0.0, -0.42904081104418484,
  -0.903285105854485, 0.0]
- [0.0, 0.0, 1.0, -0.9153036963450162, 0.40276437709553, 0.0, -0.40276437709553, -0.9153036963450162,
  0.0]
- [0.0, 0.0, 1.0, -0.9223098957822629, 0.3864511044648618, 0.0, -0.3864511044648618,
  -0.9223098957822629, 0.0]
- [0.0, 0.0, 1.0, -0.9214700560811696, 0.388449399208914, 0.0, -0.388449399208914,
  -0.9214700560811696, 0.0]
- [0.0, 0.0, 1.0, -0.9240845912991236, 0.3821880010198273, 0.0, -0.3821880010198273,
  -0.9240845912991236, 0.0]
- [0.0, 0.0, 1.0, -0.9269528214637017, 0.3751779135030238, 0.0, -0.3751779135030238,
  -0.9269528214637017, 0.0]
- [0.0, 0.0, 1.0, -0.9282159664591735, 0.3720418250818885, 0.0, -0.3720418250818885,
  -0.9282159664591735, 0.0]
- [0.0, 0.0, 1.0, -0.925346582525621, 0.37912227870194387, 0.0, -0.37912227870194387,
  -0.925346582525621, 0.0]
- [0.0, 0.0, 1.0, -0.9296146263233505, 0.3685331009905318, 0.0, -0.3685331009905318,
  -0.9296146263233505, 0.0]
- [0.0, 0.0, 1.0, -0.9292270576606498, 0.36950923575917743, 0.0, -0.36950923575917743,
  -0.9292270576606498, 0.0]
- [0.0, 0.0, 1.0, -0.9299808902699696, 0.3676078667992226, 0.0, -0.3676078667992226,
  -0.9299808902699696, 0.0]
- [0.0, 0.0, 1.0, -0.9332284198737147, 0.3592836154627842, 0.0, -0.3592836154627842,
  -0.9332284198737147, 0.0]
- [0.0, 0.0, 1.0, -0.9304479082565048, 0.36642419409899096, 0.0, -0.36642419409899096,
  -0.9304479082565048, 0.0]
- [0.0, 0.0, 1.0, -0.9313194242863433, 0.3642034183625327, 0.0, -0.3642034183625327,
  -0.9313194242863433, 0.0]
- [0.0, 0.0, 1.0, -0.9340475406348866, 0.35714869709116887, 0.0, -0.35714869709116887,
  -0.9340475406348866, 0.0]
- [0.0, 0.0, 1.0, -0.9345342410355423, 0.3558732250846121, 0.0, -0.3558732250846121,
  -0.9345342410355423, 0.0]
- [0.0, 0.0, 1.0, -0.9336228092648796, 0.35825751914000925, 0.0, -0.35825751914000925,
  -0.9336228092648796, 0.0]
- [0.0, 0.0, 1.0, -0.9823169461800422, 0.18722557850762847, 0.0, -0.18722557850762847,
  -0.9823169461800422, 0.0]
- [0.0, 0.0, 1.0, -0.9838922712546427, 0.1787624081438286, 0.0, -0.1787624081438286,
  -0.9838922712546427, 0.0]
- [0.0, 0.0, 1.0, -0.9397666259368004, 0.34181674735940293, 0.0, -0.34181674735940293,
  -0.9397666259368004, 0.0]
- [0.0, 0.0, 1.0, -0.9398762833701443, 0.34151511234251986, 0.0, -0.34151511234251986,
  -0.9398762833701443, 0.0]
- [0.0, 0.0, 1.0, -0.9408049792745885, 0.33894836033257525, 0.0, -0.33894836033257525,
  -0.9408049792745885, 0.0]
- [0.0, 0.0, 1.0, -0.9415572639708638, 0.3368529629730175, 0.0, -0.3368529629730175,
  -0.9415572639708638, 0.0]
- [0.0, 0.0, 1.0, -0.9444835626125025, 0.3285586704909721, 0.0, -0.3285586704909721,
  -0.9444835626125025, 0.0]
- [0.0, 0.0, 1.0, -0.9453804845707453, 0.3259689239678882, 0.0, -0.3259689239678882,
  -0.9453804845707453, 0.0]
- [0.0, 0.0, 1.0, -0.9452664721091549, 0.3262993973428581, 0.0, -0.3262993973428581,
  -0.9452664721091549, 0.0]
- [0.0, 0.0, 1.0, -0.9465489014575071, 0.32256034652385046, 0.0, -0.32256034652385046,
  -0.9465489014575071, 0.0]
- [0.0, 0.0, 1.0, -0.9495797133973565, 0.3135257053324248, 0.0, -0.3135257053324248,
  -0.9495797133973565, 0.0]
- [0.0, 0.0, 1.0, -0.9507706209876611, 0.3098955086262748, 0.0, -0.3098955086262748,
  -0.9507706209876611, 0.0]
- [0.0, 0.0, 1.0, -0.9511634739140089, 0.30868761862412714, 0.0, -0.30868761862412714,
  -0.9511634739140089, 0.0]
- [0.0, 0.0, 1.0, -0.9522754180485821, 0.3052401156145735, 0.0, -0.3052401156145735,
  -0.9522754180485821, 0.0]
- [0.0, 0.0, 1.0, -0.9525426389730617, 0.30440519203560834, 0.0, -0.30440519203560834,
  -0.9525426389730617, 0.0]
- [0.0, 0.0, 1.0, -0.953053140769819, 0.30280308926558774, 0.0, -0.30280308926558774,
  -0.953053140769819, 0.0]
- [0.0, 0.0, 1.0, -0.9555301389927853, 0.29489346123037147, 0.0, -0.29489346123037147,
  -0.9555301389927853, 0.0]
- [0.0, 0.0, 1.0, -0.9586495268938575, 0.2845893261986175, 0.0, -0.2845893261986175,
  -0.9586495268938575, 0.0]
- [0.0, 0.0, 1.0, -0.959431992076143, 0.28194015780091325, 0.0, -0.28194015780091325,
  -0.959431992076143, 0.0]
- [0.0, 0.0, 1.0, -0.9606759202773865, 0.27767206593245297, 0.0, -0.27767206593245297,
  -0.9606759202773865, 0.0]
- [0.0, 0.0, 1.0, -0.9608526094572539, 0.2770600348285294, 0.0, -0.2770600348285294,
  -0.9608526094572539, 0.0]
- [0.0, 0.0, 1.0, -0.9617501554884491, 0.2739281628784154, 0.0, -0.2739281628784154,
  -0.9617501554884491, 0.0]
- [0.0, 0.0, 1.0, -0.966380041293393, 0.25711790250735095, 0.0, -0.25711790250735095,
  -0.966380041293393, 0.0]
- [0.0, 0.0, 1.0, -0.9666775710759655, 0.2559970186909833, 0.0, -0.2559970186909833,
  -0.9666775710759655, 0.0]
- [0.0, 0.0, 1.0, -0.9669589358999858, 0.2549321797717333, 0.0, -0.2549321797717333,
  -0.9669589358999858, 0.0]
- [0.0, 0.0, 1.0, -0.9698400402422951, 0.24374227442695146, 0.0, -0.24374227442695146,
  -0.9698400402422951, 0.0]
- [0.0, 0.0, 1.0, -0.9706223376739147, 0.24060814119315513, 0.0, -0.24060814119315513,
  -0.9706223376739147, 0.0]
- [0.0, 0.0, 1.0, -0.9701218411169613, 0.24261824619726563, 0.0, -0.24261824619726563,
  -0.9701218411169613, 0.0]
- [0.0, 0.0, 1.0, -0.9747027560851311, 0.22350511689903046, 0.0, -0.22350511689903046,
  -0.9747027560851311, 0.0]
- [0.0, 0.0, 1.0, -0.9764503737353468, 0.21574213226002434, 0.0, -0.21574213226002434,
  -0.9764503737353468, 0.0]
- [0.0, 0.0, 1.0, -0.9758693790485267, 0.21835511222648968, 0.0, -0.21835511222648968,
  -0.9758693790485267, 0.0]
- [0.0, 0.0, 1.0, -0.9792414483187436, 0.20269727648542643, 0.0, -0.20269727648542643,
  -0.9792414483187436, 0.0]
- [0.0, 0.0, 1.0, -0.9807357841378392, 0.19533899178489136, 0.0, -0.19533899178489136,
  -0.9807357841378392, 0.0]
- [0.0, 0.0, 1.0, -0.9795881813968451, 0.20101491205286603, 0.0, -0.20101491205286603,
  -0.9795881813968451, 0.0]
- [0.0, 0.0, 1.0, -0.985150034374867, 0.17169568943685962, 0.0, -0.17169568943685962,
  -0.985150034374867, 0.0]
- [0.0, 0.0, 1.0, -0.9860051126830767, 0.16671507959039936, 0.0, -0.16671507959039936,
  -0.9860051126830767, 0.0]
- [0.0, 0.0, 1.0, -0.9871256416769213, 0.15994676471853506, 0.0, -0.15994676471853506,
  -0.9871256416769213, 0.0]
- [0.0, 0.0, 1.0, -0.9900106550993606, 0.1409925628880292, 0.0, -0.1409925628880292,
  -0.9900106550993606, 0.0]
- [0.0, 0.0, 1.0, -0.9916873744155569, 0.1286707092728536, 0.0, -0.1286707092728536,
  -0.9916873744155569, 0.0]
- [0.0, 0.0, 1.0, -0.9913776253964383, 0.13103588769233876, 0.0, -0.13103588769233876,
  -0.9913776253964383, 0.0]
- [0.0, 0.0, 1.0, -0.9941037289775996, 0.10843327917586504, 0.0, -0.10843327917586504,
  -0.9941037289775996, 0.0]
- [0.0, 0.0, 1.0, -0.9932698621614228, 0.1158230586792994, 0.0, -0.1158230586792994,
  -0.9932698621614228, 0.0]
- [0.0, 0.0, 1.0, -0.9950189103384399, 0.09968634845807059, 0.0, -0.09968634845807059,
  -0.9950189103384399, 0.0]
- [0.0, 0.0, 1.0, -0.9981604125461662, 0.06062830053421708, 0.0, -0.06062830053421708,
  -0.9981604125461662, 0.0]
- [0.0, 0.0, 1.0, -0.9987505017537267, 0.04997434588545732, 0.0, -0.04997434588545732,
  -0.9987505017537267, 0.0]
- [0.0, 0.0, 1.0, -0.9991335085649079, 0.04162009205632456, 0.0, -0.04162009205632456,
  -0.9991335085649079, 0.0]
- [0.0, 0.0, 1.0, -0.9997687981523643, 0.02150233105914486, 0.0, -0.02150233105914486,
  -0.9997687981523643, 0.0]
- [0.0, 0.0, 1.0, -0.9999991970009188, -0.0012672795735856229, 0.0, 0.0012672795735856229,
  -0.9999991970009188, 0.0]
- [0.0, 0.0, 1.0, -0.9999982830745119, 0.0018530644965768053, 0.0, -0.0018530644965768053,
  -0.9999982830745119, 0.0]
- [0.0, 0.0, 1.0, -0.9996521526183249, -0.0263737324918015, 0.0, 0.0263737324918015,
  -0.9996521526183249, 0.0]
- [0.0, 0.0, 1.0, -0.9986354455352265, -0.05222304970661095, 0.0, 0.05222304970661095,
  -0.9986354455352265, 0.0]
- [0.0, 0.0, 1.0, -0.9983615001574024, -0.05722163055577037, 0.0, 0.05722163055577037,
  -0.9983615001574024, 0.0]
- [0.0, 0.0, 1.0, -0.9975467293649306, -0.07000373370992538, 0.0, 0.07000373370992538,
  -0.9975467293649306, 0.0]
- [0.0, 0.0, 1.0, -0.9952458700776812, -0.09739434323059895, 0.0, 0.09739434323059895,
  -0.9952458700776812, 0.0]
- [0.0, 0.0, 1.0, -0.9902904600171498, -0.13901368565368624, 0.0, 0.13901368565368624,
  -0.9902904600171498, 0.0]
- [0.0, 0.0, 1.0, -0.9873554927359369, -0.15852170502544766, 0.0, 0.15852170502544766,
  -0.9873554927359369, 0.0]
- [0.0, 0.0, 1.0, -0.9865698134925099, -0.1633401454185538, 0.0, 0.1633401454185538,
  -0.9865698134925099, 0.0]
- [0.0, 0.0, 1.0, -0.9823845992439183, -0.18687027363485656, 0.0, 0.18687027363485656,
  -0.9823845992439183, 0.0]
- [0.0, 0.0, 1.0, -0.9802303104214862, -0.19785989621698613, 0.0, 0.19785989621698613,
  -0.9802303104214862, 0.0]
- [0.0, 0.0, 1.0, -0.9715616398417857, -0.23678678170020417, 0.0, 0.23678678170020417,
  -0.9715616398417857, 0.0]
- [0.0, 0.0, 1.0, -0.9680413394287863, -0.25079067996423027, 0.0, 0.25079067996423027,
  -0.9680413394287863, 0.0]
- [0.0, 0.0, 1.0, -0.9596980483057027, -0.28103319390816695, 0.0, 0.28103319390816695,
  -0.9596980483057027, 0.0]
- [0.0, 0.0, 1.0, -0.9527992449004207, -0.30360105223333456, 0.0, 0.30360105223333456,
  -0.9527992449004207, 0.0]
- [0.0, 0.0, 1.0, -0.9470918438107099, -0.3209626760033473, 0.0, 0.3209626760033473,
  -0.9470918438107099, 0.0]
- [0.0, 0.0, 1.0, -0.9382589503562668, -0.3459337249768464, 0.0, 0.3459337249768464,
  -0.9382589503562668, 0.0]
- [0.0, 0.0, 1.0, -0.9233525355310532, -0.3839532460188026, 0.0, 0.3839532460188026,
  -0.9233525355310532, 0.0]
- [0.0, 0.0, 1.0, -0.9143400604935498, -0.40494722344603334, 0.0, 0.40494722344603334,
  -0.9143400604935498, 0.0]
- [0.0, 0.0, 1.0, -0.9054046857931715, -0.4245495906767176, 0.0, 0.4245495906767176,
  -0.9054046857931715, 0.0]
- [0.0, 0.0, 1.0, -0.8937321242280533, -0.4486010366938664, 0.0, 0.4486010366938664,
  -0.8937321242280533, 0.0]
- [0.0, 0.0, 1.0, -0.8782942333078004, -0.47812052846354863, 0.0, 0.47812052846354863,
  -0.8782942333078004, 0.0]
- [0.0, 0.0, 1.0, -0.8606852515615823, -0.5091374055639359, 0.0, 0.5091374055639359,
  -0.8606852515615823, 0.0]
- [0.0, 0.0, 1.0, -0.8471208735535417, -0.5314002498963323, 0.0, 0.5314002498963323,
  -0.8471208735535417, 0.0]
- [0.0, 0.0, 1.0, -0.8303167216443378, -0.5572917922935876, 0.0, 0.5572917922935876,
  -0.8303167216443378, 0.0]
- [0.0, 0.0, 1.0, -0.8154687035537479, -0.5788011692493111, 0.0, 0.5788011692493111,
  -0.8154687035537479, 0.0]
- [0.0, 0.0, 1.0, -0.7945625573914541, -0.6071822974952021, 0.0, 0.6071822974952021,
  -0.7945625573914541, 0.0]
- [0.0, 0.0, 1.0, -0.7754134492937628, -0.6314538642326526, 0.0, 0.6314538642326526,
  -0.7754134492937628, 0.0]
- [0.0, 0.0, 1.0, -0.7577785416297504, -0.6525118250618056, 0.0, 0.6525118250618056,
  -0.7577785416297504, 0.0]
- [0.0, 0.0, 1.0, -0.7261992715627086, -0.6874842674431114, 0.0, 0.6874842674431114,
  -0.7261992715627086, 0.0]
- [0.0, 0.0, 1.0, -0.7080426387081312, -0.706169683412724, 0.0, 0.706169683412724,
  -0.7080426387081312, 0.0]
- [0.0, 0.0, 1.0, -0.6854687990013411, -0.7281020021917665, 0.0, 0.7281020021917665,
  -0.6854687990013411, 0.0]
- [0.0, 0.0, 1.0, -0.6517575348381811, -0.758427396513112, 0.0, 0.758427396513112,
  -0.6517575348381811, 0.0]
- [0.0, 0.0, 1.0, -0.6216577275545592, -0.7832890078200393, 0.0, 0.7832890078200393,
  -0.6216577275545592, 0.0]
- [0.0, 0.0, 1.0, -0.5982213669534742, -0.8013308905316935, 0.0, 0.8013308905316935,
  -0.5982213669534742, 0.0]
- [0.0, 0.0, 1.0, -0.5700824437837877, -0.8215874921695829, 0.0, 0.8215874921695829,
  -0.5700824437837877, 0.0]
- [0.0, 0.0, 1.0, -0.5421800267388541, -0.8402623510579631, 0.0, 0.8402623510579631,
  -0.5421800267388541, 0.0]
- [0.0, 0.0, 1.0, -0.5053042605184248, -0.8629412519412477, 0.0, 0.8629412519412477,
  -0.5053042605184248, 0.0]
- [0.0, 0.0, 1.0, -0.47756373242091715, -0.8785971098724389, 0.0, 0.8785971098724389,
  -0.47756373242091715, 0.0]
- [0.0, 0.0, 1.0, -0.44972976054534064, -0.8931646782535854, 0.0, 0.8931646782535854,
  -0.44972976054534064, 0.0]
- [0.0, 0.0, 1.0, -0.416817193068188, -0.9089903341415446, 0.0, 0.9089903341415446,
  -0.416817193068188, 0.0]
- [0.0, 0.0, 1.0, -0.378042033263461, -0.9257884321409662, 0.0, 0.9257884321409662,
  -0.378042033263461, 0.0]
- [0.0, 0.0, 1.0, -0.3466554048661083, -0.9379925534230614, 0.0, 0.9379925534230614,
  -0.3466554048661083, 0.0]
- [0.0, 0.0, 1.0, -0.31618112138932497, -0.9486988449855882, 0.0, 0.9486988449855882,
  -0.31618112138932497, 0.0]
- [0.0, 0.0, 1.0, -0.2852003310150253, -0.9584679291394783, 0.0, 0.9584679291394783,
  -0.2852003310150253, 0.0]
- [0.0, 0.0, 1.0, -0.24275589771434275, -0.9700874054047415, 0.0, 0.9700874054047415,
  -0.24275589771434275, 0.0]
- [0.0, 0.0, 1.0, -0.19572635767548252, -0.9806585506235539, 0.0, 0.9806585506235539,
  -0.19572635767548252, 0.0]
- [0.0, 0.0, 1.0, -0.15266060953043575, -0.9882786744121295, 0.0, 0.9882786744121295,
  -0.15266060953043575, 0.0]
- [0.0, 0.0, 1.0, -0.1213436360153852, -0.992610559080733, 0.0, 0.992610559080733,
  -0.1213436360153852, 0.0]
- [0.0, 0.0, 1.0, -0.28617136728280385, -0.958178453393464, 0.0, 0.958178453393464,
  -0.28617136728280385, 0.0]
- [0.0, 0.0, 1.0, -0.25712089028838025, -0.9663792463506813, 0.0, 0.9663792463506813,
  -0.25712089028838025, 0.0]
- [0.0, 0.0, 1.0, -0.055779167655540085, -0.9984431303062059, 0.0, 0.9984431303062059,
  -0.055779167655540085, 0.0]
- [0.0, 0.0, 1.0, 0.00376414899808402, -0.9999929155660654, 0.0, 0.9999929155660654,
  0.00376414899808402, 0.0]
- [0.0, 0.0, 1.0, 0.05353543715468091, -0.9985659502349643, 0.0, 0.9985659502349643,
  0.05353543715468091, 0.0]
- [0.0, 0.0, 1.0, 0.2497173354129419, -0.9683187762272609, 0.0, 0.9683187762272609,
  0.2497173354129419, 0.0]
- [0.0, 0.0, 1.0, 0.2941322506474925, -0.9557647300089288, 0.0, 0.9557647300089288,
  0.2941322506474925, 0.0]
- [0.0, 0.0, 1.0, 0.1445352759414116, -0.9894996483114786, 0.0, 0.9894996483114786,
  0.1445352759414116, 0.0]
- [0.0, 0.0, 1.0, 0.17741673059951013, -0.9841358156796148, 0.0, 0.9841358156796148,
  0.17741673059951013, 0.0]
- [0.0, 0.0, 1.0, 0.2141313987679847, -0.9768048648843157, 0.0, 0.9768048648843157,
  0.2141313987679847, 0.0]
- [0.0, 0.0, 1.0, 0.261438850834426, -0.9652200408582359, 0.0, 0.9652200408582359,
  0.261438850834426, 0.0]
- [0.0, 0.0, 1.0, 0.3020426376235913, -0.9532944167765716, 0.0, 0.9532944167765716,
  0.3020426376235913, 0.0]
- [0.0, 0.0, 1.0, 0.3372690734359215, -0.9414082919242186, 0.0, 0.9414082919242186,
  0.3372690734359215, 0.0]
- [0.0, 0.0, 1.0, 0.3722880749675201, -0.9281172281759336, 0.0, 0.9281172281759336,
  0.3722880749675201, 0.0]
