nodes:
- [1.42500000 0.00000000 0.00000000]
- [1.41553755 0.00049216 0.00000000]
- [1.40608827 0.00120371 0.00000000]
- [1.39663940 0.00191977 0.00000000]
- [1.38721597 0.00291683 0.00000000]
- [1.37779254 0.00391388 0.00000000]
- [1.36836910 0.00491094 0.00000000]
- [1.35895050 0.00595166 0.00000000]
- [1.34953702 0.00703867 0.00000000]
- [1.34012355 0.00812567 0.00000000]
- [1.33071007 0.00921268 0.00000000]
- [1.32129659 0.01029969 0.00000000]
- [1.31188729 0.01142216 0.00000000]
- [1.30247934 0.01255603 0.00000000]
- [1.29307139 0.01368990 0.00000000]
- [1.28366344 0.01482376 0.00000000]
- [1.27425549 0.01595763 0.00000000]
- [1.26484754 0.01709150 0.00000000]
- [1.25545042 0.01831146 0.00000000]
- [1.24605480 0.01954328 0.00000000]
- [1.23665917 0.02077510 0.00000000]
- [1.22726354 0.02200692 0.00000000]
- [1.21786792 0.02323874 0.00000000]
- [1.20847229 0.02447056 0.00000000]
- [1.19907667 0.02570238 0.00000000]
- [1.18969571 0.02704103 0.00000000]
- [1.18031588 0.02838785 0.00000000]
- [1.17093605 0.02973468 0.00000000]
- [1.16155622 0.03108150 0.00000000]
- [1.15217638 0.03242832 0.00000000]
- [1.14279655 0.03377514 0.00000000]
- [1.13341672 0.03512197 0.00000000]
- [1.12403745 0.03647259 0.00000000]
- [1.11467302 0.03792263 0.00000000]
- [1.10530859 0.03937267 0.00000000]
- [1.09594416 0.04082271 0.00000000]
- [1.08657973 0.04227276 0.00000000]
- [1.07721530 0.04372280 0.00000000]
- [1.06785087 0.04517284 0.00000000]
- [1.05848644 0.04662288 0.00000000]
- [1.04912201 0.04807292 0.00000000]
- [1.03976220 0.04955196 0.00000000]
- [1.03041118 0.05108605 0.00000000]
- [1.02106015 0.05262014 0.00000000]
- [1.01170912 0.05415423 0.00000000]
- [1.00235809 0.05568831 0.00000000]
- [0.99300706 0.05722240 0.00000000]
- [0.98365603 0.05875649 0.00000000]
- [0.97430500 0.06029058 0.00000000]
- [0.96495397 0.06182467 0.00000000]
- [0.95560298 0.06335901 0.00000000]
- [0.94626171 0.06495143 0.00000000]
- [0.93692044 0.06654384 0.00000000]
- [0.92757916 0.06813626 0.00000000]
- [0.91823789 0.06972867 0.00000000]
- [0.90889662 0.07132109 0.00000000]
- [0.89955534 0.07291350 0.00000000]
- [0.89021407 0.07450592 0.00000000]
- [0.88087279 0.07609833 0.00000000]
- [0.87153152 0.07769075 0.00000000]
- [0.86219106 0.07928788 0.00000000]
- [0.85285457 0.08090814 0.00000000]
- [0.84351809 0.08252840 0.00000000]
- [0.83418161 0.08414866 0.00000000]
- [0.82484512 0.08576891 0.00000000]
- [0.81550864 0.08738917 0.00000000]
- [0.80617215 0.08900943 0.00000000]
- [0.79683567 0.09062968 0.00000000]
- [0.78749918 0.09224994 0.00000000]
- [0.77816270 0.09387020 0.00000000]
- [0.76882621 0.09549046 0.00000000]
- [0.75948857 0.09710403 0.00000000]
- [0.75015092 0.09871756 0.00000000]
- [0.74081327 0.10033109 0.00000000]
- [0.73147562 0.10194463 0.00000000]
- [0.72213797 0.10355816 0.00000000]
- [0.71280033 0.10517169 0.00000000]
- [0.70346268 0.10678522 0.00000000]
- [0.69412503 0.10839876 0.00000000]
- [0.68478738 0.11001229 0.00000000]
- [0.67544973 0.11162582 0.00000000]
- [0.66610721 0.11321075 0.00000000]
- [0.65676179 0.11477863 0.00000000]
- [0.64741636 0.11634651 0.00000000]
- [0.63807094 0.11791438 0.00000000]
- [0.62872552 0.11948226 0.00000000]
- [0.61938009 0.12105014 0.00000000]
- [0.61003467 0.12261802 0.00000000]
- [0.60068925 0.12418590 0.00000000]
- [0.59134382 0.12575378 0.00000000]
- [0.58199840 0.12732166 0.00000000]
- [0.57264996 0.12887099 0.00000000]
- [0.56329007 0.13035010 0.00000000]
- [0.55393019 0.13182920 0.00000000]
- [0.54457030 0.13330830 0.00000000]
- [0.53483624 0.13484654 0.00000000]
- [0.52510218 0.13638477 0.00000000]
- [0.51536812 0.13792300 0.00000000]
- [0.50563406 0.13946123 0.00000000]
- [0.49590000 0.14099947 0.00000000]
- [0.48646405 0.14249059 0.00000000]
- [0.47702629 0.14396972 0.00000000]
- [0.46756957 0.14532294 0.00000000]
- [0.45811286 0.14667617 0.00000000]
- [0.44865615 0.14802939 0.00000000]
- [0.43919943 0.14938261 0.00000000]
- [0.42974272 0.15073584 0.00000000]
- [0.42028601 0.15208906 0.00000000]
- [0.41082929 0.15344229 0.00000000]
- [0.40137258 0.15479551 0.00000000]
- [0.39191586 0.15614874 0.00000000]
- [0.38245837 0.15749610 0.00000000]
- [0.37297601 0.15865602 0.00000000]
- [0.36349365 0.15981595 0.00000000]
- [0.35401128 0.16097588 0.00000000]
- [0.34452892 0.16213580 0.00000000]
- [0.33504655 0.16329573 0.00000000]
- [0.32556419 0.16445566 0.00000000]
- [0.31608183 0.16561559 0.00000000]
- [0.30659946 0.16677551 0.00000000]
- [0.29711710 0.16793544 0.00000000]
- [0.28762712 0.16902540 0.00000000]
- [0.27811713 0.16993131 0.00000000]
- [0.26860714 0.17083723 0.00000000]
- [0.25909715 0.17174315 0.00000000]
- [0.24958715 0.17264907 0.00000000]
- [0.24007716 0.17355499 0.00000000]
- [0.23056717 0.17446091 0.00000000]
- [0.22105718 0.17536683 0.00000000]
- [0.21154718 0.17627274 0.00000000]
- [0.20203719 0.17717866 0.00000000]
- [0.19250310 0.17777221 0.00000000]
- [0.18296669 0.17833584 0.00000000]
- [0.17343029 0.17889948 0.00000000]
- [0.16389389 0.17946312 0.00000000]
- [0.15435749 0.18002675 0.00000000]
- [0.14482108 0.18059039 0.00000000]
- [0.13528468 0.18115403 0.00000000]
- [0.12574828 0.18171766 0.00000000]
- [0.11621139 0.18226672 0.00000000]
- [0.10665865 0.18234356 0.00000000]
- [0.09710592 0.18242040 0.00000000]
- [0.08755318 0.18249724 0.00000000]
- [0.07800045 0.18257408 0.00000000]
- [0.06844771 0.18265092 0.00000000]
- [0.05889498 0.18272776 0.00000000]
- [0.04934224 0.18280461 0.00000000]
- [0.03978951 0.18288145 0.00000000]
- [0.03024452 0.18259496 0.00000000]
- [0.02070374 0.18211108 0.00000000]
- [0.01116296 0.18162720 0.00000000]
- [0.00162217 0.18114332 0.00000000]
- [-0.00791861 0.18065944 0.00000000]
- [-0.01745939 0.18017556 0.00000000]
- [-0.02700017 0.17969168 0.00000000]
- [-0.03654095 0.17920781 0.00000000]
- [-0.04605256 0.17835280 0.00000000]
- [-0.05555178 0.17734012 0.00000000]
- [-0.06505100 0.17632745 0.00000000]
- [-0.07455022 0.17531477 0.00000000]
- [-0.08404943 0.17430209 0.00000000]
- [-0.09354865 0.17328941 0.00000000]
- [-0.10304787 0.17227673 0.00000000]
- [-0.11253409 0.17116777 0.00000000]
- [-0.12196174 0.16962504 0.00000000]
- [-0.13138939 0.16808231 0.00000000]
- [-0.14081704 0.16653958 0.00000000]
- [-0.15024470 0.16499684 0.00000000]
- [-0.15967235 0.16345411 0.00000000]
- [-0.16910000 0.16191138 0.00000000]
- [-0.17800679 0.16040523 0.00000000]
- [-0.18681905 0.15841339 0.00000000]
- [-0.19563130 0.15642155 0.00000000]
- [-0.20444355 0.15442971 0.00000000]
- [-0.21325580 0.15243786 0.00000000]
- [-0.22206805 0.15044602 0.00000000]
- [-0.23088030 0.14845418 0.00000000]
- [-0.23966545 0.14635826 0.00000000]
- [-0.24832979 0.14379849 0.00000000]
- [-0.25699413 0.14123873 0.00000000]
- [-0.26611416 0.13854434 0.00000000]
- [-0.27523419 0.13584994 0.00000000]
- [-0.28435421 0.13315555 0.00000000]
- [-0.29345954 0.13041737 0.00000000]
- [-0.30235830 0.12706377 0.00000000]
- [-0.31125707 0.12371017 0.00000000]
- [-0.32015583 0.12035657 0.00000000]
- [-0.32905459 0.11700297 0.00000000]
- [-0.33795336 0.11364937 0.00000000]
- [-0.34664592 0.10981239 0.00000000]
- [-0.35522526 0.10571002 0.00000000]
- [-0.36380460 0.10160764 0.00000000]
- [-0.37238395 0.09750526 0.00000000]
- [-0.38096329 0.09340288 0.00000000]
- [-0.38915911 0.08859308 0.00000000]
- [-0.39727858 0.08364245 0.00000000]
- [-0.40539806 0.07869181 0.00000000]
- [-0.41351753 0.07374118 0.00000000]
- [-0.42120979 0.06817809 0.00000000]
- [-0.42866009 0.06226813 0.00000000]
- [-0.43611040 0.05635817 0.00000000]
- [-0.44349095 0.05037331 0.00000000]
- [-0.44991616 0.04336251 0.00000000]
- [-0.45634137 0.03635171 0.00000000]
- [-0.46254802 0.02918075 0.00000000]
- [-0.46729751 0.02094201 0.00000000]
- [-0.47282764 0.01060278 0.00000000]
- [-0.47497627 -0.00089074 0.00000000]
- [-0.47231664 -0.00807710 0.00000000]
- [-0.46729751 -0.01398847 0.00000000]
- [-0.46000898 -0.01981568 0.00000000]
- [-0.45220656 -0.02499551 0.00000000]
- [-0.44440413 -0.03017535 0.00000000]
- [-0.43624264 -0.03471239 0.00000000]
- [-0.42774079 -0.03864012 0.00000000]
- [-0.41923894 -0.04256785 0.00000000]
- [-0.41073709 -0.04649558 0.00000000]
- [-0.40196174 -0.04974668 0.00000000]
- [-0.39311858 -0.05283001 0.00000000]
- [-0.38427541 -0.05591334 0.00000000]
- [-0.37543224 -0.05899666 0.00000000]
- [-0.36653829 -0.06191504 0.00000000]
- [-0.35749231 -0.06433965 0.00000000]
- [-0.34844632 -0.06676425 0.00000000]
- [-0.33940034 -0.06918886 0.00000000]
- [-0.33035436 -0.07161347 0.00000000]
- [-0.32130838 -0.07403808 0.00000000]
- [-0.31214147 -0.07594808 0.00000000]
- [-0.30296234 -0.07780604 0.00000000]
- [-0.29378321 -0.07966401 0.00000000]
- [-0.28460407 -0.08152197 0.00000000]
- [-0.27542494 -0.08337994 0.00000000]
- [-0.26624581 -0.08523790 0.00000000]
- [-0.25699413 -0.08667865 0.00000000]
- [-0.24724950 -0.08809756 0.00000000]
- [-0.23750486 -0.08951647 0.00000000]
- [-0.22776023 -0.09093538 0.00000000]
- [-0.21801559 -0.09235430 0.00000000]
- [-0.20827095 -0.09377321 0.00000000]
- [-0.19850821 -0.09504186 0.00000000]
- [-0.18870547 -0.09597866 0.00000000]
- [-0.17890274 -0.09691546 0.00000000]
- [-0.16910000 -0.09785227 0.00000000]
- [-0.15963240 -0.09875704 0.00000000]
- [-0.15016480 -0.09966182 0.00000000]
- [-0.14069720 -0.10056659 0.00000000]
- [-0.13122808 -0.10145099 0.00000000]
- [-0.12173068 -0.10195446 0.00000000]
- [-0.11223328 -0.10245793 0.00000000]
- [-0.10273588 -0.10296140 0.00000000]
- [-0.09323848 -0.10346487 0.00000000]
- [-0.08374108 -0.10396834 0.00000000]
- [-0.07424368 -0.10447181 0.00000000]
- [-0.06474628 -0.10497528 0.00000000]
- [-0.05524883 -0.10547730 0.00000000]
- [-0.04573992 -0.10566379 0.00000000]
- [-0.03623102 -0.10585028 0.00000000]
- [-0.02672211 -0.10603678 0.00000000]
- [-0.01721320 -0.10622327 0.00000000]
- [-0.00770430 -0.10640976 0.00000000]
- [0.00180461 -0.10659625 0.00000000]
- [0.01131352 -0.10678274 0.00000000]
- [0.02082242 -0.10696923 0.00000000]
- [0.03033186 -0.10707457 0.00000000]
- [0.03984238 -0.10701134 0.00000000]
- [0.04935291 -0.10694812 0.00000000]
- [0.05886343 -0.10688490 0.00000000]
- [0.06837396 -0.10682167 0.00000000]
- [0.07788448 -0.10675845 0.00000000]
- [0.08739501 -0.10669522 0.00000000]
- [0.09690553 -0.10663200 0.00000000]
- [0.10641606 -0.10656878 0.00000000]
- [0.11592632 -0.10649011 0.00000000]
- [0.12543349 -0.10622974 0.00000000]
- [0.13494066 -0.10596938 0.00000000]
- [0.14444783 -0.10570902 0.00000000]
- [0.15395500 -0.10544865 0.00000000]
- [0.16346217 -0.10518829 0.00000000]
- [0.17296935 -0.10492792 0.00000000]
- [0.18247652 -0.10466756 0.00000000]
- [0.19198369 -0.10440719 0.00000000]
- [0.20149086 -0.10414683 0.00000000]
- [0.21099624 -0.10383562 0.00000000]
- [0.22049818 -0.10342671 0.00000000]
- [0.23000012 -0.10301780 0.00000000]
- [0.23950206 -0.10260889 0.00000000]
- [0.24900400 -0.10219998 0.00000000]
- [0.25850594 -0.10179107 0.00000000]
- [0.26800788 -0.10138216 0.00000000]
- [0.27750982 -0.10097326 0.00000000]
- [0.28701177 -0.10056435 0.00000000]
- [0.29651371 -0.10015544 0.00000000]
- [0.30601451 -0.09972319 0.00000000]
- [0.31551107 -0.09920425 0.00000000]
- [0.32500764 -0.09868532 0.00000000]
- [0.33450421 -0.09816638 0.00000000]
- [0.34400078 -0.09764745 0.00000000]
- [0.35349734 -0.09712852 0.00000000]
- [0.36299391 -0.09660958 0.00000000]
- [0.37249048 -0.09609065 0.00000000]
- [0.38198705 -0.09557171 0.00000000]
- [0.39148361 -0.09505278 0.00000000]
- [0.40098018 -0.09453385 0.00000000]
- [0.41047301 -0.09395133 0.00000000]
- [0.41996490 -0.09335288 0.00000000]
- [0.42945678 -0.09275442 0.00000000]
- [0.43894867 -0.09215596 0.00000000]
- [0.44844056 -0.09155751 0.00000000]
- [0.45793245 -0.09095905 0.00000000]
- [0.46742434 -0.09036059 0.00000000]
- [0.47691622 -0.08976214 0.00000000]
- [0.48640811 -0.08916368 0.00000000]
- [0.49590000 -0.08856522 0.00000000]
- [0.50563692 -0.08793314 0.00000000]
- [0.51537027 -0.08724749 0.00000000]
- [0.52510361 -0.08656184 0.00000000]
- [0.53483696 -0.08587618 0.00000000]
- [0.54457030 -0.08519053 0.00000000]
- [0.55408784 -0.08452008 0.00000000]
- [0.56360537 -0.08384964 0.00000000]
- [0.57312290 -0.08317919 0.00000000]
- [0.58264044 -0.08250874 0.00000000]
- [0.59215797 -0.08183829 0.00000000]
- [0.60167550 -0.08116784 0.00000000]
- [0.61118910 -0.08044421 0.00000000]
- [0.62070171 -0.07970719 0.00000000]
- [0.63021432 -0.07897016 0.00000000]
- [0.63972693 -0.07823314 0.00000000]
- [0.64923953 -0.07749612 0.00000000]
- [0.65875214 -0.07675909 0.00000000]
- [0.66826475 -0.07602207 0.00000000]
- [0.67777736 -0.07528505 0.00000000]
- [0.68728997 -0.07454802 0.00000000]
- [0.69680258 -0.07381100 0.00000000]
- [0.70631361 -0.07305441 0.00000000]
- [0.71582175 -0.07226179 0.00000000]
- [0.72532989 -0.07146918 0.00000000]
- [0.73483803 -0.07067657 0.00000000]
- [0.74434617 -0.06988395 0.00000000]
- [0.75385430 -0.06909134 0.00000000]
- [0.76336244 -0.06829872 0.00000000]
- [0.77287058 -0.06750611 0.00000000]
- [0.78237872 -0.06671350 0.00000000]
- [0.79188686 -0.06592088 0.00000000]
- [0.80139448 -0.06512230 0.00000000]
- [0.81089862 -0.06428312 0.00000000]
- [0.82040277 -0.06344394 0.00000000]
- [0.82990691 -0.06260476 0.00000000]
- [0.83941105 -0.06176559 0.00000000]
- [0.84891519 -0.06092641 0.00000000]
- [0.85841933 -0.06008723 0.00000000]
- [0.86792347 -0.05924805 0.00000000]
- [0.87742762 -0.05840887 0.00000000]
- [0.88693176 -0.05756970 0.00000000]
- [0.89643495 -0.05672006 0.00000000]
- [0.90593534 -0.05583937 0.00000000]
- [0.91543572 -0.05495869 0.00000000]
- [0.92493611 -0.05407800 0.00000000]
- [0.93443649 -0.05319731 0.00000000]
- [0.94393688 -0.05231662 0.00000000]
- [0.95343726 -0.05143594 0.00000000]
- [0.96293765 -0.05055525 0.00000000]
- [0.97243803 -0.04967456 0.00000000]
- [0.98193842 -0.04879388 0.00000000]
- [0.99143577 -0.04788119 0.00000000]
- [1.00093257 -0.04696261 0.00000000]
- [1.01042937 -0.04604403 0.00000000]
- [1.01992616 -0.04512545 0.00000000]
- [1.02942296 -0.04420687 0.00000000]
- [1.03891976 -0.04328830 0.00000000]
- [1.04841655 -0.04236972 0.00000000]
- [1.05791335 -0.04145114 0.00000000]
- [1.06741006 -0.04053173 0.00000000]
- [1.07690327 -0.03957672 0.00000000]
- [1.08639647 -0.03862171 0.00000000]
- [1.09588967 -0.03766671 0.00000000]
- [1.10538287 -0.03671170 0.00000000]
- [1.11487607 -0.03575669 0.00000000]
- [1.12436928 -0.03480168 0.00000000]
- [1.13386248 -0.03384667 0.00000000]
- [1.14335568 -0.03289167 0.00000000]
- [1.15284542 -0.03190288 0.00000000]
- [1.16233476 -0.03091029 0.00000000]
- [1.17182411 -0.02991770 0.00000000]
- [1.18131346 -0.02892511 0.00000000]
- [1.19080280 -0.02793252 0.00000000]
- [1.20029215 -0.02693993 0.00000000]
- [1.20978150 -0.02594734 0.00000000]
- [1.21926823 -0.02493032 0.00000000]
- [1.22875306 -0.02389542 0.00000000]
- [1.23823788 -0.02286051 0.00000000]
- [1.24772271 -0.02182561 0.00000000]
- [1.25720753 -0.02079070 0.00000000]
- [1.26669236 -0.01975580 0.00000000]
- [1.27617606 -0.01871091 0.00000000]
- [1.28565372 -0.01761231 0.00000000]
- [1.29513137 -0.01651372 0.00000000]
- [1.30460903 -0.01541512 0.00000000]
- [1.31408669 -0.01431653 0.00000000]
- [1.32356435 -0.01321793 0.00000000]
- [1.33303259 -0.01204187 0.00000000]
- [1.34249730 -0.01083677 0.00000000]
- [1.35196200 -0.00963168 0.00000000]
- [1.36142671 -0.00842658 0.00000000]
- [1.37088753 -0.00719202 0.00000000]
- [1.38034116 -0.00590292 0.00000000]
- [1.38979479 -0.00461381 0.00000000]
- [1.39924890 -0.00332830 0.00000000]
- [1.40870888 -0.00208660 0.00000000]
- [1.41816885 -0.00084491 0.00000000]
- [-0.16910000 0.15229050 0.00000000]
- [-0.16910000 0.14266963 0.00000000]
- [-0.16910000 0.13304875 0.00000000]
- [-0.16910000 0.12342788 0.00000000]
- [-0.16910000 0.11380700 0.00000000]
- [-0.16910000 0.10418612 0.00000000]
- [-0.16910000 0.09456525 0.00000000]
- [-0.16910000 0.08494437 0.00000000]
- [-0.16910000 0.07532350 0.00000000]
- [-0.16910000 0.06570262 0.00000000]
- [-0.16910000 0.05608174 0.00000000]
- [-0.16910000 0.04646087 0.00000000]
- [-0.16910000 0.03683999 0.00000000]
- [-0.16910000 0.02721912 0.00000000]
- [-0.16910000 0.01759824 0.00000000]
- [-0.16910000 0.00797737 0.00000000]
- [-0.16910000 -0.00164351 0.00000000]
- [-0.16910000 -0.01126439 0.00000000]
- [-0.16910000 -0.02088526 0.00000000]
- [-0.16910000 -0.03050614 0.00000000]
- [-0.16910000 -0.04012701 0.00000000]
- [-0.16910000 -0.04974789 0.00000000]
- [-0.16910000 -0.05936876 0.00000000]
- [-0.16910000 -0.06898964 0.00000000]
- [-0.16910000 -0.07861052 0.00000000]
- [-0.16910000 -0.08823139 0.00000000]
- [0.49590000 0.13143427 0.00000000]
- [0.49590000 0.12186908 0.00000000]
- [0.49590000 0.11230388 0.00000000]
- [0.49590000 0.10273869 0.00000000]
- [0.49590000 0.09317349 0.00000000]
- [0.49590000 0.08360830 0.00000000]
- [0.49590000 0.07404310 0.00000000]
- [0.49590000 0.06447790 0.00000000]
- [0.49590000 0.05491271 0.00000000]
- [0.49590000 0.04534751 0.00000000]
- [0.49590000 0.03578232 0.00000000]
- [0.49590000 0.02621712 0.00000000]
- [0.49590000 0.01665193 0.00000000]
- [0.49590000 0.00708673 0.00000000]
- [0.49590000 -0.00247846 0.00000000]
- [0.49590000 -0.01204366 0.00000000]
- [0.49590000 -0.02160885 0.00000000]
- [0.49590000 -0.03117405 0.00000000]
- [0.49590000 -0.04073925 0.00000000]
- [0.49590000 -0.05030444 0.00000000]
- [0.49590000 -0.05986964 0.00000000]
- [0.49590000 -0.06943483 0.00000000]
- [0.49590000 -0.07900003 0.00000000]
elements:
- [1 2]
- [2 3]
- [3 4]
- [4 5]
- [5 6]
- [6 7]
- [7 8]
- [8 9]
- [9 10]
- [10 11]
- [11 12]
- [12 13]
- [13 14]
- [14 15]
- [15 16]
- [16 17]
- [17 18]
- [18 19]
- [19 20]
- [20 21]
- [21 22]
- [22 23]
- [23 24]
- [24 25]
- [25 26]
- [26 27]
- [27 28]
- [28 29]
- [29 30]
- [30 31]
- [31 32]
- [32 33]
- [33 34]
- [34 35]
- [35 36]
- [36 37]
- [37 38]
- [38 39]
- [39 40]
- [40 41]
- [41 42]
- [42 43]
- [43 44]
- [44 45]
- [45 46]
- [46 47]
- [47 48]
- [48 49]
- [49 50]
- [50 51]
- [51 52]
- [52 53]
- [53 54]
- [54 55]
- [55 56]
- [56 57]
- [57 58]
- [58 59]
- [59 60]
- [60 61]
- [61 62]
- [62 63]
- [63 64]
- [64 65]
- [65 66]
- [66 67]
- [67 68]
- [68 69]
- [69 70]
- [70 71]
- [71 72]
- [72 73]
- [73 74]
- [74 75]
- [75 76]
- [76 77]
- [77 78]
- [78 79]
- [79 80]
- [80 81]
- [81 82]
- [82 83]
- [83 84]
- [84 85]
- [85 86]
- [86 87]
- [87 88]
- [88 89]
- [89 90]
- [90 91]
- [91 92]
- [92 93]
- [93 94]
- [94 95]
- [95 96]
- [96 97]
- [97 98]
- [98 99]
- [99 100]
- [100 101]
- [101 102]
- [102 103]
- [103 104]
- [104 105]
- [105 106]
- [106 107]
- [107 108]
- [108 109]
- [109 110]
- [110 111]
- [111 112]
- [112 113]
- [113 114]
- [114 115]
- [115 116]
- [116 117]
- [117 118]
- [118 119]
- [119 120]
- [120 121]
- [121 122]
- [122 123]
- [123 124]
- [124 125]
- [125 126]
- [126 127]
- [127 128]
- [128 129]
- [129 130]
- [130 131]
- [131 132]
- [132 133]
- [133 134]
- [134 135]
- [135 136]
- [136 137]
- [137 138]
- [138 139]
- [139 140]
- [140 141]
- [141 142]
- [142 143]
- [143 144]
- [144 145]
- [145 146]
- [146 147]
- [147 148]
- [148 149]
- [149 150]
- [150 151]
- [151 152]
- [152 153]
- [153 154]
- [154 155]
- [155 156]
- [156 157]
- [157 158]
- [158 159]
- [159 160]
- [160 161]
- [161 162]
- [162 163]
- [163 164]
- [164 165]
- [165 166]
- [166 167]
- [167 168]
- [168 169]
- [169 170]
- [170 171]
- [171 172]
- [172 173]
- [173 174]
- [174 175]
- [175 176]
- [176 177]
- [177 178]
- [178 179]
- [179 180]
- [180 181]
- [181 182]
- [182 183]
- [183 184]
- [184 185]
- [185 186]
- [186 187]
- [187 188]
- [188 189]
- [189 190]
- [190 191]
- [191 192]
- [192 193]
- [193 194]
- [194 195]
- [195 196]
- [196 197]
- [197 198]
- [198 199]
- [199 200]
- [200 201]
- [201 202]
- [202 203]
- [203 204]
- [204 205]
- [205 206]
- [206 207]
- [207 208]
- [208 209]
- [209 210]
- [210 211]
- [211 212]
- [212 213]
- [213 214]
- [214 215]
- [215 216]
- [216 217]
- [217 218]
- [218 219]
- [219 220]
- [220 221]
- [221 222]
- [222 223]
- [223 224]
- [224 225]
- [225 226]
- [226 227]
- [227 228]
- [228 229]
- [229 230]
- [230 231]
- [231 232]
- [232 233]
- [233 234]
- [234 235]
- [235 236]
- [236 237]
- [237 238]
- [238 239]
- [239 240]
- [240 241]
- [241 242]
- [242 243]
- [243 244]
- [244 245]
- [245 246]
- [246 247]
- [247 248]
- [248 249]
- [249 250]
- [250 251]
- [251 252]
- [252 253]
- [253 254]
- [254 255]
- [255 256]
- [256 257]
- [257 258]
- [258 259]
- [259 260]
- [260 261]
- [261 262]
- [262 263]
- [263 264]
- [264 265]
- [265 266]
- [266 267]
- [267 268]
- [268 269]
- [269 270]
- [270 271]
- [271 272]
- [272 273]
- [273 274]
- [274 275]
- [275 276]
- [276 277]
- [277 278]
- [278 279]
- [279 280]
- [280 281]
- [281 282]
- [282 283]
- [283 284]
- [284 285]
- [285 286]
- [286 287]
- [287 288]
- [288 289]
- [289 290]
- [290 291]
- [291 292]
- [292 293]
- [293 294]
- [294 295]
- [295 296]
- [296 297]
- [297 298]
- [298 299]
- [299 300]
- [300 301]
- [301 302]
- [302 303]
- [303 304]
- [304 305]
- [305 306]
- [306 307]
- [307 308]
- [308 309]
- [309 310]
- [310 311]
- [311 312]
- [312 313]
- [313 314]
- [314 315]
- [315 316]
- [316 317]
- [317 318]
- [318 319]
- [319 320]
- [320 321]
- [321 322]
- [322 323]
- [323 324]
- [324 325]
- [325 326]
- [326 327]
- [327 328]
- [328 329]
- [329 330]
- [330 331]
- [331 332]
- [332 333]
- [333 334]
- [334 335]
- [335 336]
- [336 337]
- [337 338]
- [338 339]
- [339 340]
- [340 341]
- [341 342]
- [342 343]
- [343 344]
- [344 345]
- [345 346]
- [346 347]
- [347 348]
- [348 349]
- [349 350]
- [350 351]
- [351 352]
- [352 353]
- [353 354]
- [354 355]
- [355 356]
- [356 357]
- [357 358]
- [358 359]
- [359 360]
- [360 361]
- [361 362]
- [362 363]
- [363 364]
- [364 365]
- [365 366]
- [366 367]
- [367 368]
- [368 369]
- [369 370]
- [370 371]
- [371 372]
- [372 373]
- [373 374]
- [374 375]
- [375 376]
- [376 377]
- [377 378]
- [378 379]
- [379 380]
- [380 381]
- [381 382]
- [382 383]
- [383 384]
- [384 385]
- [385 386]
- [386 387]
- [387 388]
- [388 389]
- [389 390]
- [390 391]
- [391 392]
- [392 393]
- [393 394]
- [394 395]
- [395 396]
- [396 397]
- [397 398]
- [398 399]
- [399 400]
- [400 401]
- [401 402]
- [402 403]
- [403 404]
- [404 405]
- [405 406]
- [406 407]
- [407 408]
- [408 409]
- [409 410]
- [410 1]
- [170 411]
- [411 412]
- [412 413]
- [413 414]
- [414 415]
- [415 416]
- [416 417]
- [417 418]
- [418 419]
- [419 420]
- [420 421]
- [421 422]
- [422 423]
- [423 424]
- [424 425]
- [425 426]
- [426 427]
- [427 428]
- [428 429]
- [429 430]
- [430 431]
- [431 432]
- [432 433]
- [433 434]
- [434 435]
- [435 436]
- [436 243]
- [100 437]
- [437 438]
- [438 439]
- [439 440]
- [440 441]
- [441 442]
- [442 443]
- [443 444]
- [444 445]
- [445 446]
- [446 447]
- [447 448]
- [448 449]
- [449 450]
- [450 451]
- [451 452]
- [452 453]
- [453 454]
- [454 455]
- [455 456]
- [456 457]
- [457 458]
- [458 459]
- [459 313]
sets:
  element:
  - name: layup_0
    labels:
    - 1
    - 2
    - 3
    - 4
    - 5
    - 6
    - 7
    - 8
    - 9
    - 10
    - 11
    - 12
    - 13
    - 14
    - 15
    - 16
    - 17
    - 18
    - 19
    - 20
    - 21
    - 22
    - 23
    - 24
    - 25
    - 26
    - 27
    - 28
    - 29
    - 30
    - 31
    - 32
    - 33
    - 34
    - 35
    - 36
    - 37
    - 38
    - 39
    - 40
    - 41
    - 42
    - 43
    - 44
    - 45
    - 46
    - 47
    - 48
    - 49
    - 50
    - 51
    - 52
    - 53
    - 54
    - 55
    - 56
    - 57
    - 58
    - 59
    - 60
    - 61
    - 62
    - 63
    - 64
    - 65
    - 66
    - 67
    - 68
    - 69
    - 70
    - 71
    - 72
    - 73
    - 74
    - 75
    - 76
    - 77
    - 78
    - 79
    - 80
    - 81
    - 82
    - 83
    - 84
    - 85
    - 86
    - 87
    - 88
    - 89
    - 90
    - 91
    - 92
    - 93
    - 94
    - 318
    - 319
    - 320
    - 321
    - 322
    - 323
    - 324
    - 325
    - 326
    - 327
    - 328
    - 329
    - 330
    - 331
    - 332
    - 333
    - 334
    - 335
    - 336
    - 337
    - 338
    - 339
    - 340
    - 341
    - 342
    - 343
    - 344
    - 345
    - 346
    - 347
    - 348
    - 349
    - 350
    - 351
    - 352
    - 353
    - 354
    - 355
    - 356
    - 357
    - 358
    - 359
    - 360
    - 361
    - 362
    - 363
    - 364
    - 365
    - 366
    - 367
    - 368
    - 369
    - 370
    - 371
    - 372
    - 373
    - 374
    - 375
    - 376
    - 377
    - 378
    - 379
    - 380
    - 381
    - 382
    - 383
    - 384
    - 385
    - 386
    - 387
    - 388
    - 389
    - 390
    - 391
    - 392
    - 393
    - 394
    - 395
    - 396
    - 397
    - 398
    - 399
    - 400
    - 401
    - 402
    - 403
    - 404
    - 405
    - 406
    - 407
    - 408
    - 409
    - 410
  - name: layup_1
    labels:
    - 95
    - 96
    - 97
    - 98
    - 99
    - 100
    - 101
    - 102
    - 103
    - 104
    - 105
    - 106
    - 107
    - 108
    - 109
    - 110
    - 111
    - 112
    - 113
    - 114
    - 115
    - 116
    - 117
    - 118
    - 119
    - 120
    - 121
    - 122
    - 123
    - 124
    - 125
    - 126
    - 127
    - 128
    - 129
    - 130
    - 131
    - 132
    - 133
    - 134
    - 135
    - 136
    - 137
    - 138
    - 139
    - 140
    - 141
    - 142
    - 143
    - 144
    - 145
    - 146
    - 147
    - 148
    - 149
    - 150
    - 151
    - 152
    - 153
    - 154
    - 155
    - 156
    - 157
    - 158
    - 159
    - 160
    - 161
    - 162
    - 163
    - 164
    - 165
    - 166
    - 167
    - 168
    - 169
    - 170
    - 171
    - 172
    - 173
    - 174
    - 175
    - 176
    - 177
    - 178
    - 179
    - 234
    - 235
    - 236
    - 237
    - 238
    - 239
    - 240
    - 241
    - 242
    - 243
    - 244
    - 245
    - 246
    - 247
    - 248
    - 249
    - 250
    - 251
    - 252
    - 253
    - 254
    - 255
    - 256
    - 257
    - 258
    - 259
    - 260
    - 261
    - 262
    - 263
    - 264
    - 265
    - 266
    - 267
    - 268
    - 269
    - 270
    - 271
    - 272
    - 273
    - 274
    - 275
    - 276
    - 277
    - 278
    - 279
    - 280
    - 281
    - 282
    - 283
    - 284
    - 285
    - 286
    - 287
    - 288
    - 289
    - 290
    - 291
    - 292
    - 293
    - 294
    - 295
    - 296
    - 297
    - 298
    - 299
    - 300
    - 301
    - 302
    - 303
    - 304
    - 305
    - 306
    - 307
    - 308
    - 309
    - 310
    - 311
    - 312
    - 313
    - 314
    - 315
    - 316
    - 317
  - name: layup_2
    labels:
    - 180
    - 181
    - 182
    - 183
    - 184
    - 185
    - 186
    - 187
    - 188
    - 189
    - 190
    - 191
    - 192
    - 193
    - 194
    - 195
    - 196
    - 197
    - 198
    - 199
    - 200
    - 201
    - 202
    - 203
    - 204
    - 205
    - 210
    - 211
    - 212
    - 213
    - 214
    - 215
    - 216
    - 217
    - 218
    - 219
    - 220
    - 221
    - 222
    - 223
    - 224
    - 225
    - 226
    - 227
    - 228
    - 229
    - 230
    - 231
    - 232
    - 233
  - name: layup_3
    labels:
    - 206
    - 207
    - 208
    - 209
  - name: layup_4
    labels:
    - 411
    - 412
    - 413
    - 414
    - 415
    - 416
    - 417
    - 418
    - 419
    - 420
    - 421
    - 422
    - 423
    - 424
    - 425
    - 426
    - 427
    - 428
    - 429
    - 430
    - 431
    - 432
    - 433
    - 434
    - 435
    - 436
    - 437
    - 438
    - 439
    - 440
    - 441
    - 442
    - 443
    - 444
    - 445
    - 446
    - 447
    - 448
    - 449
    - 450
    - 451
    - 452
    - 453
    - 454
    - 455
    - 456
    - 457
    - 458
    - 459
    - 460
    - 461
sections:
- type: shell
  elementSet: layup_0
  layup:
  - - gelcoat
    - 0.0002286
    - 0.0
  - - nexus
    - 0.000306
    - 0.0
  - - db_frp
    - 0.005406
    - 20.0
  - - balsa
    - 0.001875
    - 0.0
  - - db_frp
    - 0.005088
    - 0.0
- type: shell
  elementSet: layup_1
  layup:
  - - gelcoat
    - 0.0002286
    - 0.0
  - - nexus
    - 0.000306
    - 0.0
  - - db_frp
    - 0.005406
    - 20.0
  - - ud_frp
    - 0.012084
    - 30.0
  - - balsa
    - 0.001875
    - 0.0
  - - ud_frp
    - 0.011766
    - 30.0
  - - db_frp
    - 0.005088
    - 20.0
- type: shell
  elementSet: layup_2
  layup:
  - - gelcoat
    - 0.0002286
    - 0.0
  - - nexus
    - 0.000306
    - 0.0
  - - db_frp
    - 0.010494
    - 20.0
- type: shell
  elementSet: layup_3
  layup:
  - - gelcoat
    - 0.0002286
    - 0.0
  - - nexus
    - 0.000306
    - 0.0
  - - db_frp
    - 0.005724
    - 20.0
- type: shell
  elementSet: layup_4
  layup:
  - - ud_frp
    - 0.012084
    - 0.0
  - - balsa
    - 0.001875
    - 0.0
  - - ud_frp
    - 0.012084
    - 0.0
elementOrientations:
- [0.0, 0.0, 1.0, -0.998650134066449, 0.051941406691226516, 0.0, -0.051941406691226516,
  -0.998650134066449, 0.0]
- [0.0, 0.0, 1.0, -0.9971767603172677, 0.07509000388306254, 0.0, -0.07509000388306254,
  -0.9971767603172677, 0.0]
- [0.0, 0.0, 1.0, -0.9971408282178845, 0.07556565821159392, 0.0, -0.07556565821159392,
  -0.9971408282178845, 0.0]
- [0.0, 0.0, 1.0, -0.9944491028882183, 0.10521873295577036, 0.0, -0.10521873295577036,
  -0.9944491028882183, 0.0]
- [0.0, 0.0, 1.0, -0.9944491028882183, 0.1052187329557704, 0.0, -0.1052187329557704,
  -0.9944491028882183, 0.0]
- [0.0, 0.0, 1.0, -0.9944491028882183, 0.10521873295577028, 0.0, -0.10521873295577028,
  -0.9944491028882183, 0.0]
- [0.0, 0.0, 1.0, -0.9939506264591856, 0.10982782963071067, 0.0, -0.10982782963071067,
  -0.9939506264591856, 0.0]
- [0.0, 0.0, 1.0, -0.9933988742042796, 0.11471127551234875, 0.0, -0.11471127551234875,
  -0.9933988742042796, 0.0]
- [0.0, 0.0, 1.0, -0.9933988742042796, 0.11471127551234857, 0.0, -0.11471127551234857,
  -0.9933988742042796, 0.0]
- [0.0, 0.0, 1.0, -0.9933988742042796, 0.11471127551234875, 0.0, -0.11471127551234875,
  -0.9933988742042796, 0.0]
- [0.0, 0.0, 1.0, -0.9933988742042793, 0.11471127551235105, 0.0, -0.11471127551235105,
  -0.9933988742042793, 0.0]
- [0.0, 0.0, 1.0, -0.9929595264422664, 0.11845412127718577, 0.0, -0.11845412127718577,
  -0.9929595264422664, 0.0]
- [0.0, 0.0, 1.0, -0.9928153687940289, 0.11965635581270417, 0.0, -0.11965635581270417,
  -0.9928153687940289, 0.0]
- [0.0, 0.0, 1.0, -0.9928153687940285, 0.11965635581270695, 0.0, -0.11965635581270695,
  -0.9928153687940285, 0.0]
- [0.0, 0.0, 1.0, -0.9928153687940289, 0.11965635581270453, 0.0, -0.11965635581270453,
  -0.9928153687940289, 0.0]
- [0.0, 0.0, 1.0, -0.9928153687940289, 0.1196563558127038, 0.0, -0.1196563558127038,
  -0.9928153687940289, 0.0]
- [0.0, 0.0, 1.0, -0.9928153687940283, 0.1196563558127073, 0.0, -0.1196563558127073,
  -0.9928153687940283, 0.0]
- [0.0, 0.0, 1.0, -0.9916780807402203, 0.1287423169722885, 0.0, -0.1287423169722885,
  -0.9916780807402203, 0.0]
- [0.0, 0.0, 1.0, -0.9915148732066605, 0.12999329294229037, 0.0, -0.12999329294229037,
  -0.9915148732066605, 0.0]
- [0.0, 0.0, 1.0, -0.9915148732066603, 0.1299932929422907, 0.0, -0.1299932929422907,
  -0.9915148732066603, 0.0]
- [0.0, 0.0, 1.0, -0.9915148732066603, 0.1299932929422907, 0.0, -0.1299932929422907,
  -0.9915148732066603, 0.0]
- [0.0, 0.0, 1.0, -0.9915148732066601, 0.1299932929422934, 0.0, -0.1299932929422934,
  -0.9915148732066601, 0.0]
- [0.0, 0.0, 1.0, -0.9915148732066603, 0.1299932929422907, 0.0, -0.1299932929422907,
  -0.9915148732066603, 0.0]
- [0.0, 0.0, 1.0, -0.9915148732066605, 0.12999329294229037, 0.0, -0.12999329294229037,
  -0.9915148732066605, 0.0]
- [0.0, 0.0, 1.0, -0.989971436735858, 0.14126766950417666, 0.0, -0.14126766950417666,
  -0.989971436735858, 0.0]
- [0.0, 0.0, 1.0, -0.989848090026892, 0.14212937300260658, 0.0, -0.14212937300260658,
  -0.989848090026892, 0.0]
- [0.0, 0.0, 1.0, -0.989848090026892, 0.14212937300260622, 0.0, -0.14212937300260622,
  -0.989848090026892, 0.0]
- [0.0, 0.0, 1.0, -0.989848090026892, 0.14212937300260586, 0.0, -0.14212937300260586,
  -0.989848090026892, 0.0]
- [0.0, 0.0, 1.0, -0.9898480900268913, 0.14212937300260986, 0.0, -0.14212937300260986,
  -0.9898480900268913, 0.0]
- [0.0, 0.0, 1.0, -0.989848090026892, 0.14212937300260622, 0.0, -0.14212937300260622,
  -0.989848090026892, 0.0]
- [0.0, 0.0, 1.0, -0.989848090026892, 0.14212937300260622, 0.0, -0.14212937300260622,
  -0.989848090026892, 0.0]
- [0.0, 0.0, 1.0, -0.9897904200326065, 0.14253043328242734, 0.0, -0.14253043328242734,
  -0.9897904200326065, 0.0]
- [0.0, 0.0, 1.0, -0.9882227677046759, 0.153022094450802, 0.0, -0.153022094450802,
  -0.9882227677046759, 0.0]
- [0.0, 0.0, 1.0, -0.9882227677046754, 0.15302209445080484, 0.0, -0.15302209445080484,
  -0.9882227677046754, 0.0]
- [0.0, 0.0, 1.0, -0.9882227677046757, 0.15302209445080273, 0.0, -0.15302209445080273,
  -0.9882227677046757, 0.0]
- [0.0, 0.0, 1.0, -0.9882227677046761, 0.1530220944508013, 0.0, -0.1530220944508013,
  -0.9882227677046761, 0.0]
- [0.0, 0.0, 1.0, -0.9882227677046759, 0.153022094450802, 0.0, -0.153022094450802,
  -0.9882227677046759, 0.0]
- [0.0, 0.0, 1.0, -0.9882227677046761, 0.1530220944508013, 0.0, -0.1530220944508013,
  -0.9882227677046761, 0.0]
- [0.0, 0.0, 1.0, -0.9882227677046754, 0.15302209445080484, 0.0, -0.15302209445080484,
  -0.9882227677046754, 0.0]
- [0.0, 0.0, 1.0, -0.9882227677046757, 0.15302209445080273, 0.0, -0.15302209445080273,
  -0.9882227677046757, 0.0]
- [0.0, 0.0, 1.0, -0.9877439065038801, 0.15608323152873907, 0.0, -0.15608323152873907,
  -0.9877439065038801, 0.0]
- [0.0, 0.0, 1.0, -0.9868085746122746, 0.16189143606655268, 0.0, -0.16189143606655268,
  -0.9868085746122746, 0.0]
- [0.0, 0.0, 1.0, -0.9868085746122748, 0.16189143606655196, 0.0, -0.16189143606655196,
  -0.9868085746122748, 0.0]
- [0.0, 0.0, 1.0, -0.9868085746122748, 0.16189143606655196, 0.0, -0.16189143606655196,
  -0.9868085746122748, 0.0]
- [0.0, 0.0, 1.0, -0.9868085746122748, 0.16189143606655196, 0.0, -0.16189143606655196,
  -0.9868085746122748, 0.0]
- [0.0, 0.0, 1.0, -0.9868085746122749, 0.16189143606655154, 0.0, -0.16189143606655154,
  -0.9868085746122749, 0.0]
- [0.0, 0.0, 1.0, -0.9868085746122748, 0.16189143606655196, 0.0, -0.16189143606655196,
  -0.9868085746122748, 0.0]
- [0.0, 0.0, 1.0, -0.9868085746122748, 0.16189143606655196, 0.0, -0.16189143606655196,
  -0.9868085746122748, 0.0]
- [0.0, 0.0, 1.0, -0.9868085746122749, 0.16189143606655082, 0.0, -0.16189143606655082,
  -0.9868085746122749, 0.0]
- [0.0, 0.0, 1.0, -0.9868040900444217, 0.16191876936167945, 0.0, -0.16191876936167945,
  -0.9868040900444217, 0.0]
- [0.0, 0.0, 1.0, -0.9857790508032466, 0.16804660959820067, 0.0, -0.16804660959820067,
  -0.9857790508032466, 0.0]
- [0.0, 0.0, 1.0, -0.9857790508032471, 0.16804660959819784, 0.0, -0.16804660959819784,
  -0.9857790508032471, 0.0]
- [0.0, 0.0, 1.0, -0.9857790508032465, 0.16804660959820117, 0.0, -0.16804660959820117,
  -0.9857790508032465, 0.0]
- [0.0, 0.0, 1.0, -0.9857790508032468, 0.16804660959819925, 0.0, -0.16804660959819925,
  -0.9857790508032468, 0.0]
- [0.0, 0.0, 1.0, -0.9857790508032468, 0.16804660959819978, 0.0, -0.16804660959819978,
  -0.9857790508032468, 0.0]
- [0.0, 0.0, 1.0, -0.9857790508032468, 0.16804660959819925, 0.0, -0.16804660959819925,
  -0.9857790508032468, 0.0]
- [0.0, 0.0, 1.0, -0.9857790508032465, 0.16804660959820117, 0.0, -0.16804660959820117,
  -0.9857790508032465, 0.0]
- [0.0, 0.0, 1.0, -0.9857790508032465, 0.16804660959820117, 0.0, -0.16804660959820117,
  -0.9857790508032465, 0.0]
- [0.0, 0.0, 1.0, -0.985779050803247, 0.16804660959819873, 0.0, -0.16804660959819873,
  -0.985779050803247, 0.0]
- [0.0, 0.0, 1.0, -0.9856940106268873, 0.16854470449789136, 0.0, -0.16854470449789136,
  -0.9856940106268873, 0.0]
- [0.0, 0.0, 1.0, -0.9852736702212522, 0.17098477934817227, 0.0, -0.17098477934817227,
  -0.9852736702212522, 0.0]
- [0.0, 0.0, 1.0, -0.9852736702212519, 0.17098477934817366, 0.0, -0.17098477934817366,
  -0.9852736702212519, 0.0]
- [0.0, 0.0, 1.0, -0.9852736702212519, 0.17098477934817366, 0.0, -0.17098477934817366,
  -0.9852736702212519, 0.0]
- [0.0, 0.0, 1.0, -0.9852736702212526, 0.1709847793481703, 0.0, -0.1709847793481703,
  -0.9852736702212526, 0.0]
- [0.0, 0.0, 1.0, -0.9852736702212519, 0.17098477934817366, 0.0, -0.17098477934817366,
  -0.9852736702212519, 0.0]
- [0.0, 0.0, 1.0, -0.9852736702212522, 0.17098477934817227, 0.0, -0.17098477934817227,
  -0.9852736702212522, 0.0]
- [0.0, 0.0, 1.0, -0.9852736702212522, 0.1709847793481717, 0.0, -0.1709847793481717,
  -0.9852736702212522, 0.0]
- [0.0, 0.0, 1.0, -0.9852736702212519, 0.17098477934817366, 0.0, -0.17098477934817366,
  -0.9852736702212519, 0.0]
- [0.0, 0.0, 1.0, -0.9852736702212522, 0.17098477934817227, 0.0, -0.17098477934817227,
  -0.9852736702212522, 0.0]
- [0.0, 0.0, 1.0, -0.9852736702212521, 0.17098477934817313, 0.0, -0.17098477934817313,
  -0.9852736702212521, 0.0]
- [0.0, 0.0, 1.0, -0.9853958092170294, 0.1702794737410114, 0.0, -0.1702794737410114,
  -0.9853958092170294, 0.0]
- [0.0, 0.0, 1.0, -0.9853965635669417, 0.17027510831140916, 0.0, -0.17027510831140916,
  -0.9853965635669417, 0.0]
- [0.0, 0.0, 1.0, -0.9853965635669417, 0.17027510831140916, 0.0, -0.17027510831140916,
  -0.9853965635669417, 0.0]
- [0.0, 0.0, 1.0, -0.9853965635669416, 0.17027510831140968, 0.0, -0.17027510831140968,
  -0.9853965635669416, 0.0]
- [0.0, 0.0, 1.0, -0.9853965635669417, 0.17027510831140916, 0.0, -0.17027510831140916,
  -0.9853965635669417, 0.0]
- [0.0, 0.0, 1.0, -0.9853965635669417, 0.17027510831140916, 0.0, -0.17027510831140916,
  -0.9853965635669417, 0.0]
- [0.0, 0.0, 1.0, -0.9853965635669414, 0.17027510831141113, 0.0, -0.17027510831141113,
  -0.9853965635669414, 0.0]
- [0.0, 0.0, 1.0, -0.985396563566942, 0.17027510831140774, 0.0, -0.17027510831140774,
  -0.985396563566942, 0.0]
- [0.0, 0.0, 1.0, -0.9853965635669417, 0.17027510831140916, 0.0, -0.17027510831140916,
  -0.9853965635669417, 0.0]
- [0.0, 0.0, 1.0, -0.9853965635669416, 0.17027510831141057, 0.0, -0.17027510831141057,
  -0.9853965635669416, 0.0]
- [0.0, 0.0, 1.0, -0.9859133487955963, 0.16725689422756995, 0.0, -0.16725689422756995,
  -0.9859133487955963, 0.0]
- [0.0, 0.0, 1.0, -0.9862169530215604, 0.16545731042437878, 0.0, -0.16545731042437878,
  -0.9862169530215604, 0.0]
- [0.0, 0.0, 1.0, -0.9862169530215601, 0.1654573104243807, 0.0, -0.1654573104243807,
  -0.9862169530215601, 0.0]
- [0.0, 0.0, 1.0, -0.9862169530215604, 0.16545731042437878, 0.0, -0.16545731042437878,
  -0.9862169530215604, 0.0]
- [0.0, 0.0, 1.0, -0.9862169530215604, 0.16545731042437878, 0.0, -0.16545731042437878,
  -0.9862169530215604, 0.0]
- [0.0, 0.0, 1.0, -0.9862169530215604, 0.16545731042437878, 0.0, -0.16545731042437878,
  -0.9862169530215604, 0.0]
- [0.0, 0.0, 1.0, -0.9862169530215604, 0.16545731042437878, 0.0, -0.16545731042437878,
  -0.9862169530215604, 0.0]
- [0.0, 0.0, 1.0, -0.9862169530215604, 0.16545731042437878, 0.0, -0.16545731042437878,
  -0.9862169530215604, 0.0]
- [0.0, 0.0, 1.0, -0.9862169530215602, 0.16545731042438022, 0.0, -0.16545731042438022,
  -0.9862169530215602, 0.0]
- [0.0, 0.0, 1.0, -0.9862169530215608, 0.1654573104243774, 0.0, -0.1654573104243774,
  -0.9862169530215608, 0.0]
- [0.0, 0.0, 1.0, -0.9865430041304688, 0.16350199081732866, 0.0, -0.16350199081732866,
  -0.9865430041304688, 0.0]
- [0.0, 0.0, 1.0, -0.9877430156554821, 0.1560888689939619, 0.0, -0.1560888689939619,
  -0.9877430156554821, 0.0]
- [0.0, 0.0, 1.0, -0.9877430156554825, 0.15608886899395905, 0.0, -0.15608886899395905,
  -0.9877430156554825, 0.0]
- [0.0, 0.0, 1.0, -0.9877430156554821, 0.1560888689939619, 0.0, -0.1560888689939619,
  -0.9877430156554821, 0.0]
- [0.0, 0.0, 1.0, -0.9877430156554818, 0.1560888689939623, 0.0, -0.1560888689939623,
  -0.9877430156554818, 0.0]
- [0.0, 0.0, 1.0, -0.9877430156554824, 0.15608886899395955, 0.0, -0.15608886899395955,
  -0.9877430156554824, 0.0]
- [0.0, 0.0, 1.0, -0.9877430156554822, 0.15608886899396054, 0.0, -0.15608886899396054,
  -0.9877430156554822, 0.0]
- [0.0, 0.0, 1.0, -0.9877430156554824, 0.15608886899395955, 0.0, -0.15608886899395955,
  -0.9877430156554824, 0.0]
- [0.0, 0.0, 1.0, -0.9877430156554818, 0.1560888689939623, 0.0, -0.1560888689939623,
  -0.9877430156554818, 0.0]
- [0.0, 0.0, 1.0, -0.9877430156554821, 0.1560888689939613, 0.0, -0.1560888689939613,
  -0.9877430156554821, 0.0]
- [0.0, 0.0, 1.0, -0.9879404564179682, 0.154834280999579, 0.0, -0.154834280999579,
  -0.9879404564179682, 0.0]
