nodes:
- [7.18728658 0.09721716 0.00000000]
- [7.05305678 0.13324872 0.00000000]
- [6.91013651 0.17420864 0.00000000]
- [6.76698598 0.21451221 0.00000000]
- [6.62372489 0.25463250 0.00000000]
- [6.48053275 0.29509036 0.00000000]
- [6.33437258 0.32508339 0.00000000]
- [6.19550779 0.35312116 0.00000000]
- [6.05971972 0.39193779 0.00000000]
- [5.92396186 0.43081509 0.00000000]
- [5.78821723 0.46967869 0.00000000]
- [5.65247354 0.50848567 0.00000000]
- [5.51669688 0.54716672 0.00000000]
- [5.38092068 0.58576979 0.00000000]
- [5.24507173 0.62409219 0.00000000]
- [5.10920390 0.66229300 0.00000000]
- [4.97324456 0.70010664 0.00000000]
- [4.83722024 0.73768825 0.00000000]
- [4.70111738 0.77488560 0.00000000]
- [4.56490422 0.81166386 0.00000000]
- [4.42519374 0.84894885 0.00000000]
- [4.28528600 0.88549418 0.00000000]
- [4.14532949 0.92163596 0.00000000]
- [4.00507475 0.95663876 0.00000000]
- [3.86481116 0.99130242 0.00000000]
- [3.72415022 1.02428147 0.00000000]
- [3.58345599 1.05687135 0.00000000]
- [3.44234723 1.08735137 0.00000000]
- [3.30108267 1.11703508 0.00000000]
- [3.15947994 1.14452265 0.00000000]
- [3.01756737 1.17042367 0.00000000]
- [2.87544767 1.19426163 0.00000000]
- [2.73246666 1.21273581 0.00000000]
- [2.63558720 1.22332801 0.00000000]
- [2.50486836 1.23870410 0.00000000]
- [2.37409447 1.25193388 0.00000000]
- [2.24298943 1.26157691 0.00000000]
- [2.11196370 1.26927998 0.00000000]
- [1.98078012 1.27205435 0.00000000]
- [1.84968076 1.27271537 0.00000000]
- [1.75550964 1.27180732 0.00000000]
- [1.61651501 1.26687841 0.00000000]
- [1.47876080 1.25305342 0.00000000]
- [1.34189801 1.23214301 0.00000000]
- [1.20617133 1.20548355 0.00000000]
- [1.07271615 1.17120496 0.00000000]
- [0.94230708 1.12719675 0.00000000]
- [0.81493848 1.07501288 0.00000000]
- [0.69191116 1.01412053 0.00000000]
- [0.57452694 0.94364333 0.00000000]
- [0.46443823 0.86316940 0.00000000]
- [0.36441964 0.77075667 0.00000000]
- [0.27421768 0.66884078 0.00000000]
- [0.19641038 0.55758895 0.00000000]
- [0.13241043 0.43815024 0.00000000]
- [0.07237992 0.31601708 0.00000000]
- [0.03223001 0.17608910 0.00000000]
- [0.01609749 0.03083645 0.00000000]
- [0.02648824 -0.11479247 0.00000000]
- [0.06494084 -0.25499501 0.00000000]
- [0.12618801 -0.38009093 0.00000000]
- [0.19312967 -0.50125187 0.00000000]
- [0.27646764 -0.61212400 0.00000000]
- [0.37333856 -0.71230974 0.00000000]
- [0.48065360 -0.80200272 0.00000000]
- [0.59680264 -0.88062439 0.00000000]
- [0.71972679 -0.94912464 0.00000000]
- [0.84794339 -1.00813674 0.00000000]
- [0.98002757 -1.05899436 0.00000000]
- [1.11492252 -1.10269687 0.00000000]
- [1.25188091 -1.13940166 0.00000000]
- [1.39167021 -1.16675335 0.00000000]
- [1.44753131 -1.17567377 0.00000000]
- [1.57750963 -1.19407581 0.00000000]
- [1.70817113 -1.20837253 0.00000000]
- [1.83900727 -1.21791541 0.00000000]
- [1.97050414 -1.22138921 0.00000000]
- [2.10186766 -1.22256136 0.00000000]
- [2.23315930 -1.21639256 0.00000000]
- [2.36435428 -1.20993088 0.00000000]
- [2.50880651 -1.19648571 0.00000000]
- [2.65289120 -1.17716225 0.00000000]
- [2.79624140 -1.15417946 0.00000000]
- [2.93870957 -1.12515249 0.00000000]
- [3.08069791 -1.09421969 0.00000000]
- [3.22113878 -1.05664375 0.00000000]
- [3.36142848 -1.01757014 0.00000000]
- [3.50030596 -0.97381863 0.00000000]
- [3.63882302 -0.92834128 0.00000000]
- [3.77624736 -0.87966429 0.00000000]
- [3.91314828 -0.82918838 0.00000000]
- [4.04924765 -0.77645928 0.00000000]
- [4.18486709 -0.72219321 0.00000000]
- [4.32001393 -0.66654278 0.00000000]
- [4.44872611 -0.61247884 0.00000000]
- [4.57729510 -0.55773444 0.00000000]
- [4.70593919 -0.50292157 0.00000000]
- [4.83473414 -0.44805843 0.00000000]
- [4.96405199 -0.39418710 0.00000000]
- [5.09384593 -0.34091277 0.00000000]
- [5.22467763 -0.29007088 0.00000000]
- [5.35619671 -0.24028297 0.00000000]
- [5.48929815 -0.19473938 0.00000000]
- [5.62305437 -0.15074324 0.00000000]
- [5.75865890 -0.11193855 0.00000000]
- [5.89490511 -0.07641388 0.00000000]
- [6.03265945 -0.04461140 0.00000000]
- [6.17198460 -0.01994515 0.00000000]
- [6.31325569 -0.01119983 0.00000000]
- [6.46350840 -0.00830988 0.00000000]
- [6.61312264 -0.00316825 0.00000000]
- [6.76281163 -0.00649073 0.00000000]
- [6.91221060 -0.01937787 0.00000000]
- [7.06006118 -0.04524930 0.00000000]
- [7.19039211 -0.08628308 0.00000000]
- [4.33167537 -0.59615199 0.00000000]
- [4.34333681 -0.52576119 0.00000000]
- [4.35499825 -0.45537040 0.00000000]
- [4.36665970 -0.38497961 0.00000000]
- [4.37832114 -0.31458882 0.00000000]
- [4.38998258 -0.24419803 0.00000000]
- [4.40164402 -0.17380723 0.00000000]
- [4.41330547 -0.10341644 0.00000000]
- [4.42496691 -0.03302565 0.00000000]
- [4.43662835 0.03736514 0.00000000]
- [4.44828979 0.10775594 0.00000000]
- [4.45995124 0.17814673 0.00000000]
- [4.47161268 0.24853752 0.00000000]
- [4.48327412 0.31892831 0.00000000]
- [4.49493556 0.38931910 0.00000000]
- [4.50659701 0.45970990 0.00000000]
- [4.51825845 0.53010069 0.00000000]
- [4.52991989 0.60049148 0.00000000]
- [4.54158133 0.67088227 0.00000000]
- [4.55324278 0.74127306 0.00000000]
- [1.45935924 -1.10366232 0.00000000]
- [1.47118716 -1.03165088 0.00000000]
- [1.48301509 -0.95963943 0.00000000]
- [1.49484301 -0.88762799 0.00000000]
- [1.50667094 -0.81561654 0.00000000]
- [1.51849886 -0.74360510 0.00000000]
- [1.53032679 -0.67159365 0.00000000]
- [1.54215471 -0.59958221 0.00000000]
- [1.55398264 -0.52757076 0.00000000]
- [1.56581056 -0.45555932 0.00000000]
- [1.57763849 -0.38354787 0.00000000]
- [1.58946641 -0.31153642 0.00000000]
- [1.60129434 -0.23952498 0.00000000]
- [1.61312226 -0.16751353 0.00000000]
- [1.62495019 -0.09550209 0.00000000]
- [1.63677811 -0.02349064 0.00000000]
- [1.64860604 0.04852080 0.00000000]
- [1.66043396 0.12053225 0.00000000]
- [1.67226189 0.19254369 0.00000000]
- [1.68408981 0.26455514 0.00000000]
- [1.69591774 0.33656658 0.00000000]
- [1.70774566 0.40857803 0.00000000]
- [1.71957359 0.48058947 0.00000000]
- [1.73140151 0.55260092 0.00000000]
- [1.74322944 0.62461237 0.00000000]
- [1.75505736 0.69662381 0.00000000]
- [1.76688529 0.76863526 0.00000000]
- [1.77871321 0.84064670 0.00000000]
- [1.79054114 0.91265815 0.00000000]
- [1.80236906 0.98466959 0.00000000]
- [1.81419699 1.05668104 0.00000000]
- [1.82602491 1.12869248 0.00000000]
- [1.83785284 1.20070393 0.00000000]
- [2.24499542 -1.14463608 0.00000000]
- [2.25683153 -1.07287959 0.00000000]
- [2.26866765 -1.00112310 0.00000000]
- [2.28050376 -0.92936661 0.00000000]
- [2.29233988 -0.85761013 0.00000000]
- [2.30417599 -0.78585364 0.00000000]
- [2.31601211 -0.71409715 0.00000000]
- [2.32784822 -0.64234066 0.00000000]
- [2.33968434 -0.57058418 0.00000000]
- [2.35152045 -0.49882769 0.00000000]
- [2.36335657 -0.42707120 0.00000000]
- [2.37519268 -0.35531471 0.00000000]
- [2.38702879 -0.28355823 0.00000000]
- [2.39886491 -0.21180174 0.00000000]
- [2.41070102 -0.14004525 0.00000000]
- [2.42253714 -0.06828876 0.00000000]
- [2.43437325 0.00346772 0.00000000]
- [2.44620937 0.07522421 0.00000000]
- [2.45804548 0.14698070 0.00000000]
- [2.46988160 0.21873719 0.00000000]
- [2.48171771 0.29049367 0.00000000]
- [2.49355383 0.36225016 0.00000000]
- [2.50538994 0.43400665 0.00000000]
- [2.51722606 0.50576314 0.00000000]
- [2.52906217 0.57751962 0.00000000]
- [2.54089829 0.64927611 0.00000000]
- [2.55273440 0.72103260 0.00000000]
- [2.56457051 0.79278909 0.00000000]
- [2.57640663 0.86454558 0.00000000]
- [2.58824274 0.93630206 0.00000000]
- [2.60007886 1.00805855 0.00000000]
- [2.61191497 1.07981504 0.00000000]
- [2.62375109 1.15157153 0.00000000]
elements:
- [1 2]
- [2 3]
- [3 4]
- [4 5]
- [5 6]
- [6 7]
- [7 8]
- [8 9]
- [9 10]
- [10 11]
- [11 12]
- [12 13]
- [13 14]
- [14 15]
- [15 16]
- [16 17]
- [17 18]
- [18 19]
- [19 20]
- [20 21]
- [21 22]
- [22 23]
- [23 24]
- [24 25]
- [25 26]
- [26 27]
- [27 28]
- [28 29]
- [29 30]
- [30 31]
- [31 32]
- [32 33]
- [33 34]
- [34 35]
- [35 36]
- [36 37]
- [37 38]
- [38 39]
- [39 40]
- [40 41]
- [41 42]
- [42 43]
- [43 44]
- [44 45]
- [45 46]
- [46 47]
- [47 48]
- [48 49]
- [49 50]
- [50 51]
- [51 52]
- [52 53]
- [53 54]
- [54 55]
- [55 56]
- [56 57]
- [57 58]
- [58 59]
- [59 60]
- [60 61]
- [61 62]
- [62 63]
- [63 64]
- [64 65]
- [65 66]
- [66 67]
- [67 68]
- [68 69]
- [69 70]
- [70 71]
- [71 72]
- [72 73]
- [73 74]
- [74 75]
- [75 76]
- [76 77]
- [77 78]
- [78 79]
- [79 80]
- [80 81]
- [81 82]
- [82 83]
- [83 84]
- [84 85]
- [85 86]
- [86 87]
- [87 88]
- [88 89]
- [89 90]
- [90 91]
- [91 92]
- [92 93]
- [93 94]
- [94 95]
- [95 96]
- [96 97]
- [97 98]
- [98 99]
- [99 100]
- [100 101]
- [101 102]
- [102 103]
- [103 104]
- [104 105]
- [105 106]
- [106 107]
- [107 108]
- [108 109]
- [109 110]
- [110 111]
- [111 112]
- [112 113]
- [113 114]
- [114 115]
- [115 1]
- [94 116]
- [116 117]
- [117 118]
- [118 119]
- [119 120]
- [120 121]
- [121 122]
- [122 123]
- [123 124]
- [124 125]
- [125 126]
- [126 127]
- [127 128]
- [128 129]
- [129 130]
- [130 131]
- [131 132]
- [132 133]
- [133 134]
- [134 135]
- [135 20]
- [73 136]
- [136 137]
- [137 138]
- [138 139]
- [139 140]
- [140 141]
- [141 142]
- [142 143]
- [143 144]
- [144 145]
- [145 146]
- [146 147]
- [147 148]
- [148 149]
- [149 150]
- [150 151]
- [151 152]
- [152 153]
- [153 154]
- [154 155]
- [155 156]
- [156 157]
- [157 158]
- [158 159]
- [159 160]
- [160 161]
- [161 162]
- [162 163]
- [163 164]
- [164 165]
- [165 166]
- [166 167]
- [167 168]
- [168 40]
- [79 169]
- [169 170]
- [170 171]
- [171 172]
- [172 173]
- [173 174]
- [174 175]
- [175 176]
- [176 177]
- [177 178]
- [178 179]
- [179 180]
- [180 181]
- [181 182]
- [182 183]
- [183 184]
- [184 185]
- [185 186]
- [186 187]
- [187 188]
- [188 189]
- [189 190]
- [190 191]
- [191 192]
- [192 193]
- [193 194]
- [194 195]
- [195 196]
- [196 197]
- [197 198]
- [198 199]
- [199 200]
- [200 201]
- [201 34]
sets:
  element:
  - name: layup_0
    labels:
    - 1
    - 2
    - 3
    - 4
    - 5
    - 6
    - 109
    - 110
    - 111
    - 112
    - 113
    - 114
    - 115
  - name: layup_1
    labels:
    - 7
    - 8
    - 9
    - 10
    - 11
    - 12
    - 13
    - 14
    - 15
    - 16
    - 17
    - 18
    - 19
    - 20
    - 21
    - 22
    - 23
    - 24
    - 25
    - 26
    - 27
    - 28
    - 29
    - 30
    - 31
    - 32
    - 41
    - 42
    - 43
    - 44
    - 45
    - 46
    - 47
    - 48
    - 49
    - 50
    - 51
    - 52
    - 53
    - 54
    - 55
    - 60
    - 61
    - 62
    - 63
    - 64
    - 65
    - 66
    - 67
    - 68
    - 69
    - 70
    - 71
    - 80
    - 81
    - 82
    - 83
    - 84
    - 85
    - 86
    - 87
    - 88
    - 89
    - 90
    - 91
    - 92
    - 93
    - 94
    - 95
    - 96
    - 97
    - 98
    - 99
    - 100
    - 101
    - 102
    - 103
    - 104
    - 105
    - 106
    - 107
    - 108
  - name: layup_2
    labels:
    - 33
    - 34
    - 35
    - 36
    - 37
    - 38
    - 39
    - 40
  - name: layup_3
    labels:
    - 56
    - 57
    - 58
    - 59
  - name: layup_4
    labels:
    - 72
    - 73
    - 74
    - 75
    - 76
    - 77
    - 78
    - 79
  - name: layup_5
    labels:
    - 116
    - 117
    - 118
    - 119
    - 120
    - 121
    - 122
    - 123
    - 124
    - 125
    - 126
    - 127
    - 128
    - 129
    - 130
    - 131
    - 132
    - 133
    - 134
    - 135
    - 136
    - 137
    - 138
    - 139
    - 140
    - 141
    - 142
    - 143
    - 144
    - 145
    - 146
    - 147
    - 148
    - 149
    - 150
    - 151
    - 152
    - 153
    - 154
    - 155
    - 156
    - 157
    - 158
    - 159
    - 160
    - 161
    - 162
    - 163
    - 164
    - 165
    - 166
    - 167
    - 168
    - 169
    - 170
    - 171
    - 172
    - 173
    - 174
    - 175
    - 176
    - 177
    - 178
    - 179
    - 180
    - 181
    - 182
    - 183
    - 184
    - 185
    - 186
    - 187
    - 188
    - 189
    - 190
    - 191
    - 192
    - 193
    - 194
    - 195
    - 196
    - 197
    - 198
    - 199
    - 200
    - 201
    - 202
    - 203
    - 204
sections:
- type: shell
  elementSet: layup_0
  layup:
  - - gelcoat
    - 0.0005
    - 0.0
  - - glass_triax
    - 0.00300294
    - 0.0
  - - glass_uniax
    - 0.02609467
    - 0.0
  - - glass_triax
    - 0.00300294
    - 0.0
- type: shell
  elementSet: layup_1
  layup:
  - - gelcoat
    - 0.0005
    - 0.0
  - - glass_triax
    - 0.00300294
    - 0.0
  - - medium_density_foam
    - 0.07060815
    - 0.0
  - - glass_triax
    - 0.00300294
    - 0.0
- type: shell
  elementSet: layup_2
  layup:
  - - gelcoat
    - 0.0005
    - 0.0
  - - glass_triax
    - 0.00300294
    - 0.0
  - - carbon_uniax
    - 0.08105991
    - 0.0
  - - glass_triax
    - 0.00300294
    - 0.0
- type: shell
  elementSet: layup_3
  layup:
  - - gelcoat
    - 0.0005
    - 0.0
  - - glass_triax
    - 0.00300294
    - 0.0
  - - glass_uniax
    - 0.02158284
    - 0.0
  - - glass_triax
    - 0.00300294
    - 0.0
- type: shell
  elementSet: layup_4
  layup:
  - - gelcoat
    - 0.0005
    - 0.0
  - - glass_triax
    - 0.00300294
    - 0.0
  - - carbon_uniax
    - 0.07707452
    - 0.0
  - - glass_triax
    - 0.00300294
    - 0.0
- type: shell
  elementSet: layup_5
  layup:
  - - glass_biax
    - 0.002
    - 0.0
  - - medium_density_foam
    - 0.042
    - 0.0
  - - glass_biax
    - 0.002
    - 0.0
elementOrientations:
- [0.0, 0.0, 1.0, -0.965809177429488, 0.2592539928197358, 0.0, -0.2592539928197358,
  -0.965809177429488, 0.0]
- [0.0, 0.0, 1.0, -0.9613005415041388, 0.2755018491840841, 0.0, -0.2755018491840841,
  -0.9613005415041388, 0.0]
- [0.0, 0.0, 1.0, -0.9625764592544644, 0.2710102582728895, 0.0, -0.2710102582728895,
  -0.9625764592544644, 0.0]
- [0.0, 0.0, 1.0, -0.9629514765601139, 0.2696747184863582, 0.0, -0.2696747184863582,
  -0.9629514765601139, 0.0]
- [0.0, 0.0, 1.0, -0.962326079388679, 0.2718979899308084, 0.0, -0.2718979899308084,
  -0.962326079388679, 0.0]
- [0.0, 0.0, 1.0, -0.9795875869168796, 0.20101780905771705, 0.0, -0.20101780905771705,
  -0.9795875869168796, 0.0]
- [0.0, 0.0, 1.0, -0.9802195551529509, 0.19791317211280082, 0.0, -0.19791317211280082,
  -0.9802195551529509, 0.0]
- [0.0, 0.0, 1.0, -0.9614864629185148, 0.2748522905570251, 0.0, -0.2748522905570251,
  -0.9614864629185148, 0.0]
- [0.0, 0.0, 1.0, -0.9613566502926931, 0.2753059951000209, 0.0, -0.2753059951000209,
  -0.9613566502926931, 0.0]
- [0.0, 0.0, 1.0, -0.9613752346509654, 0.27524109104528965, 0.0, -0.27524109104528965,
  -0.9613752346509654, 0.0]
- [0.0, 0.0, 1.0, -0.9614807628617771, 0.27487222967541686, 0.0, -0.27487222967541686,
  -0.9614807628617771, 0.0]
- [0.0, 0.0, 1.0, -0.9617337461053224, 0.27398576897755733, 0.0, -0.27398576897755733,
  -0.9617337461053224, 0.0]
- [0.0, 0.0, 1.0, -0.9618789429970512, 0.2734755912670734, 0.0, -0.2734755912670734,
  -0.9618789429970512, 0.0]
- [0.0, 0.0, 1.0, -0.9624385105055476, 0.2714997486110494, 0.0, -0.2714997486110494,
  -0.9624385105055476, 0.0]
- [0.0, 0.0, 1.0, -0.9626731405889102, 0.2706666296178463, 0.0, -0.2706666296178463,
  -0.9626731405889102, 0.0]
- [0.0, 0.0, 1.0, -0.9634316795045831, 0.2679540985448409, 0.0, -0.2679540985448409,
  -0.9634316795045831, 0.0]
- [0.0, 0.0, 1.0, -0.9638878003892271, 0.2663086710207111, 0.0, -0.2663086710207111,
  -0.9638878003892271, 0.0]
- [0.0, 0.0, 1.0, -0.9646226428777321, 0.263634513763997, 0.0, -0.263634513763997,
  -0.9646226428777321, 0.0]
- [0.0, 0.0, 1.0, -0.9654278403328033, 0.26067045308269815, 0.0, -0.26067045308269815,
  -0.9654278403328033, 0.0]
- [0.0, 0.0, 1.0, -0.966185230805692, 0.25784898637177495, 0.0, -0.25784898637177495,
  -0.966185230805692, 0.0]
- [0.0, 0.0, 1.0, -0.9675367174822742, 0.2527304895014168, 0.0, -0.2527304895014168,
  -0.9675367174822742, 0.0]
- [0.0, 0.0, 1.0, -0.9682371782325959, 0.25003353112768784, 0.0, -0.25003353112768784,
  -0.9682371782325959, 0.0]
- [0.0, 0.0, 1.0, -0.9702415347324725, 0.2421391423953928, 0.0, -0.2421391423953928,
  -0.9702415347324725, 0.0]
- [0.0, 0.0, 1.0, -0.9707940024681121, 0.23991457807299443, 0.0, -0.23991457807299443,
  -0.9707940024681121, 0.0]
- [0.0, 0.0, 1.0, -0.9735984043657684, 0.22826770909708133, 0.0, -0.22826770909708133,
  -0.9735984043657684, 0.0]
- [0.0, 0.0, 1.0, -0.9742058027995234, 0.22566136973734832, 0.0, -0.22566136973734832,
  -0.9742058027995234, 0.0]
- [0.0, 0.0, 1.0, -0.977457049865015, 0.21113435454511298, 0.0, -0.21113435454511298,
  -0.977457049865015, 0.0]
- [0.0, 0.0, 1.0, -0.9786281936565427, 0.20563768764633683, 0.0, -0.20563768764633683,
  -0.9786281936565427, 0.0]
- [0.0, 0.0, 1.0, -0.9816754771549095, 0.1905603777092201, 0.0, -0.1905603777092201,
  -0.9816754771549095, 0.0]
- [0.0, 0.0, 1.0, -0.9837492272032717, 0.17954792668523326, 0.0, -0.17954792668523326,
  -0.9837492272032717, 0.0]
- [0.0, 0.0, 1.0, -0.9862230843413953, 0.16542076022115595, 0.0, -0.16542076022115595,
  -0.9862230843413953, 0.0]
- [0.0, 0.0, 1.0, -0.9917558260881462, 0.1281420361170325, 0.0, -0.1281420361170325,
  -0.9917558260881462, 0.0]
- [0.0, 0.0, 1.0, -0.9940761173812239, 0.10868612078950589, 0.0, -0.10868612078950589,
  -0.9940761173812239, 0.0]
- [0.0, 0.0, 1.0, -0.9931528953747113, 0.11682177198119999, 0.0, -0.11682177198119999,
  -0.9931528953747113, 0.0]
- [0.0, 0.0, 1.0, -0.9949217370450621, 0.10065156310379143, 0.0, -0.10065156310379143,
  -0.9949217370450621, 0.0]
- [0.0, 0.0, 1.0, -0.9973059843614636, 0.07335375625564369, 0.0, -0.07335375625564369,
  -0.9973059843614636, 0.0]
- [0.0, 0.0, 1.0, -0.9982763021784357, 0.05868921969960719, 0.0, -0.05868921969960719,
  -0.9982763021784357, 0.0]
- [0.0, 0.0, 1.0, -0.9997764412278439, 0.02114397232753347, 0.0, -0.02114397232753347,
  -0.9997764412278439, 0.0]
- [0.0, 0.0, 1.0, -0.9999872883709937, 0.005042132131045506, 0.0, -0.005042132131045506,
  -0.9999872883709937, 0.0]
- [0.0, 0.0, 1.0, -0.9999535129448998, -0.009642196282704183, 0.0, 0.009642196282704183,
  -0.9999535129448998, 0.0]
- [0.0, 0.0, 1.0, -0.9993718477629209, -0.03543881909608953, 0.0, 0.03543881909608953,
  -0.9993718477629209, 0.0]
- [0.0, 0.0, 1.0, -0.9950016716279927, -0.09985826684606575, 0.0, 0.09985826684606575,
  -0.9950016716279927, 0.0]
- [0.0, 0.0, 1.0, -0.9885290050770328, -0.15103114288586927, 0.0, 0.15103114288586927,
  -0.9885290050770328, 0.0]
- [0.0, 0.0, 1.0, -0.9812503752654114, -0.19273738880012184, 0.0, 0.19273738880012184,
  -0.9812503752654114, 0.0]
- [0.0, 0.0, 1.0, -0.9685602112627323, -0.24877925387518066, 0.0, 0.24877925387518066,
  -0.9685602112627323, 0.0]
- [0.0, 0.0, 1.0, -0.9475029541642243, -0.3197470122613621, 0.0, 0.3197470122613621,
  -0.9475029541642243, 0.0]
- [0.0, 0.0, 1.0, -0.9253468883043162, -0.3791215323686055, 0.0, 0.3791215323686055,
  -0.9253468883043162, 0.0]
- [0.0, 0.0, 1.0, -0.8962303270114841, -0.4435890000269262, 0.0, 0.4435890000269262,
  -0.8962303270114841, 0.0]
- [0.0, 0.0, 1.0, -0.8573424965191231, -0.5147463877118104, 0.0, 0.5147463877118104,
  -0.8573424965191231, 0.0]
- [0.0, 0.0, 1.0, -0.8073055915241678, -0.590133613594255, 0.0, 0.590133613594255,
  -0.8073055915241678, 0.0]
- [0.0, 0.0, 1.0, -0.734481696479879, -0.6786284974387966, 0.0, 0.6786284974387966,
  -0.734481696479879, 0.0]
- [0.0, 0.0, 1.0, -0.6627618174157894, -0.7488302700717432, 0.0, 0.7488302700717432,
  -0.6627618174157894, 0.0]
- [0.0, 0.0, 1.0, -0.5731213061080683, -0.8194705415602087, 0.0, 0.8194705415602087,
  -0.5731213061080683, 0.0]
- [0.0, 0.0, 1.0, -0.472306993389794, -0.881434117784814, 0.0, 0.881434117784814,
  -0.472306993389794, 0.0]
- [0.0, 0.0, 1.0, -0.44111266998922033, -0.8974517326157331, 0.0, 0.8974517326157331,
  -0.44111266998922033, 0.0]
- [0.0, 0.0, 1.0, -0.27580370344966276, -0.961213980944644, 0.0, 0.961213980944644,
  -0.27580370344966276, 0.0]
- [0.0, 0.0, 1.0, -0.11038647849306968, -0.9938887389269982, 0.0, 0.9938887389269982,
  -0.11038647849306968, 0.0]
- [0.0, 0.0, 1.0, 0.07116992660822573, -0.997464205646789, 0.0, 0.997464205646789,
  0.07116992660822573, 0.0]
- [0.0, 0.0, 1.0, 0.2644971274092367, -0.9643864731487382, 0.0, 0.9643864731487382,
  0.2644971274092367, 0.0]
- [0.0, 0.0, 1.0, 0.43972672861344014, -0.8981316184963772, 0.0, 0.8981316184963772,
  0.43972672861344014, 0.0]
- [0.0, 0.0, 1.0, 0.48359921269183054, -0.8752895529388213, 0.0, 0.8752895529388213,
  0.48359921269183054, 0.0]
- [0.0, 0.0, 1.0, 0.6008481095297663, -0.7993632148619964, 0.0, 0.7993632148619964,
  0.6008481095297663, 0.0]
- [0.0, 0.0, 1.0, 0.6951136917040143, -0.7188998230668975, 0.0, 0.7188998230668975,
  0.6951136917040143, 0.0]
- [0.0, 0.0, 1.0, 0.7672929638451123, -0.6412967391417043, 0.0, 0.6412967391417043,
  0.7672929638451123, 0.0]
- [0.0, 0.0, 1.0, 0.8281170609036865, -0.5605552010643018, 0.0, 0.5605552010643018,
  0.8281170609036865, 0.0]
- [0.0, 0.0, 1.0, 0.8735258672203722, -0.4867777308966553, 0.0, 0.4867777308966553,
  0.8735258672203722, 0.0]
- [0.0, 0.0, 1.0, 0.9084031217081961, -0.4180954059431939, 0.0, 0.4180954059431939,
  0.9084031217081961, 0.0]
- [0.0, 0.0, 1.0, 0.9332129347698555, -0.35932383497095394, 0.0, 0.35932383497095394,
  0.9332129347698555, 0.0]
- [0.0, 0.0, 1.0, 0.9513204653524803, -0.3082034591005435, 0.0, 0.3082034591005435,
  0.9513204653524803, 0.0]
- [0.0, 0.0, 1.0, 0.9659136521019412, -0.25886447551390646, 0.0, 0.25886447551390646,
  0.9659136521019412, 0.0]
- [0.0, 0.0, 1.0, 0.9813905330402067, -0.1920224509245185, 0.0, 0.1920224509245185,
  0.9813905330402067, 0.0]
- [0.0, 0.0, 1.0, 0.9874884436363691, -0.1576913874776341, 0.0, 0.1576913874776341,
  0.9874884436363691, 0.0]
- [0.0, 0.0, 1.0, 0.9901260575302936, -0.14017984947744042, 0.0, 0.14017984947744042,
  0.9901260575302936, 0.0]
- [0.0, 0.0, 1.0, 0.9940670756036595, -0.10876878780600759, 0.0, 0.10876878780600759,
  0.9940670756036595, 0.0]
- [0.0, 0.0, 1.0, 0.9973506114012265, -0.072744470151342, 0.0, 0.072744470151342,
  0.9973506114012265, 0.0]
- [0.0, 0.0, 1.0, 0.9996512439913993, -0.026408150000483695, 0.0, 0.026408150000483695,
  0.9996512439913993, 0.0]
- [0.0, 0.0, 1.0, 0.9999601934631661, -0.008922527058362618, 0.0, 0.008922527058362618,
  0.9999601934631661, 0.0]
- [0.0, 0.0, 1.0, 0.9988980093306998, 0.04693364417094758, 0.0, -0.04693364417094758,
  0.9988980093306998, 0.0]
- [0.0, 0.0, 1.0, 0.9987892959973121, 0.04919290803757815, 0.0, -0.04919290803757815,
  0.9987892959973121, 0.0]
- [0.0, 0.0, 1.0, 0.9956962873066497, 0.09267633702166686, 0.0, -0.09267633702166686,
  0.9956962873066497, 0.0]
- [0.0, 0.0, 1.0, 0.9911265329260408, 0.13292176544872522, 0.0, -0.13292176544872522,
  0.9911265329260408, 0.0]
- [0.0, 0.0, 1.0, 0.9873903306459795, 0.15830456388501046, 0.0, -0.15830456388501046,
  0.9873903306459795, 0.0]
- [0.0, 0.0, 1.0, 0.9798689162392172, 0.19964194696551626, 0.0, -0.19964194696551626,
  0.9798689162392172, 0.0]
- [0.0, 0.0, 1.0, 0.9770823200888406, 0.21286178560232066, 0.0, -0.21286178560232066,
  0.9770823200888406, 0.0]
- [0.0, 0.0, 1.0, 0.9660204799107883, 0.25846553424572966, 0.0, -0.25846553424572966,
  0.9660204799107883, 0.0]
- [0.0, 0.0, 1.0, 0.9633330818724717, 0.2683083550135661, 0.0, -0.2683083550135661,
  0.9633330818724717, 0.0]
- [0.0, 0.0, 1.0, 0.9537885789653576, 0.3004785294080821, 0.0, -0.3004785294080821,
  0.9537885789653576, 0.0]
- [0.0, 0.0, 1.0, 0.9501037464621948, 0.3119340811108998, 0.0, -0.3119340811108998,
  0.9501037464621948, 0.0]
- [0.0, 0.0, 1.0, 0.9426145513777772, 0.3338829248866614, 0.0, -0.3338829248866614,
  0.9426145513777772, 0.0]
- [0.0, 0.0, 1.0, 0.9382569811794601, 0.34593906583097306, 0.0, -0.34593906583097306,
  0.9382569811794601, 0.0]
- [0.0, 0.0, 1.0, 0.9324631690125531, 0.3612650528837059, 0.0, -0.3612650528837059,
  0.9324631690125531, 0.0]
- [0.0, 0.0, 1.0, 0.9284335128186411, 0.3714986033287855, 0.0, -0.3714986033287855,
  0.9284335128186411, 0.0]
- [0.0, 0.0, 1.0, 0.9246739121951245, 0.380759971774559, 0.0, -0.380759971774559,
  0.9246739121951245, 0.0]
- [0.0, 0.0, 1.0, 0.9219697684859363, 0.38726185714318545, 0.0, -0.38726185714318545,
  0.9219697684859363, 0.0]
- [0.0, 0.0, 1.0, 0.9200664680790487, 0.3917622931275353, 0.0, -0.3917622931275353,
  0.9200664680790487, 0.0]
- [0.0, 0.0, 1.0, 0.9199723583795139, 0.39198323920498845, 0.0, -0.39198323920498845,
  0.9199723583795139, 0.0]
- [0.0, 0.0, 1.0, 0.9200084379663784, 0.3918985507381525, 0.0, -0.3918985507381525,
  0.9200084379663784, 0.0]
- [0.0, 0.0, 1.0, 0.9231050676834269, 0.384547830597412, 0.0, -0.384547830597412,
  0.9231050676834269, 0.0]
- [0.0, 0.0, 1.0, 0.9251047111425269, 0.379712092804406, 0.0, -0.379712092804406,
  0.9251047111425269, 0.0]
- [0.0, 0.0, 1.0, 0.9320939336316039, 0.36221664634188633, 0.0, -0.36221664634188633,
  0.9320939336316039, 0.0]
- [0.0, 0.0, 1.0, 0.9352299121521664, 0.3540409742047535, 0.0, -0.3540409742047535,
  0.9352299121521664, 0.0]
- [0.0, 0.0, 1.0, 0.9461446293318989, 0.3237442515109783, 0.0, -0.3237442515109783,
  0.9461446293318989, 0.0]
- [0.0, 0.0, 1.0, 0.9499313172802778, 0.31245878520239434, 0.0, -0.31245878520239434,
  0.9499313172802778, 0.0]
- [0.0, 0.0, 1.0, 0.9614104822533275, 0.2751179467308959, 0.0, -0.2751179467308959,
  0.9614104822533275, 0.0]
- [0.0, 0.0, 1.0, 0.9676481764114717, 0.25230340205307034, 0.0, -0.25230340205307034,
  0.9676481764114717, 0.0]
- [0.0, 0.0, 1.0, 0.9743710199194711, 0.22494691716289394, 0.0, -0.22494691716289394,
  0.9743710199194711, 0.0]
- [0.0, 0.0, 1.0, 0.9846873059873589, 0.17432988678754333, 0.0, -0.17432988678754333,
  0.9846873059873589, 0.0]
- [0.0, 0.0, 1.0, 0.9980894024870994, 0.06178628199644945, 0.0, -0.06178628199644945,
  0.9980894024870994, 0.0]
- [0.0, 0.0, 1.0, 0.9998150798974973, 0.019230340859201216, 0.0, -0.019230340859201216,
  0.9998150798974973, 0.0]
- [0.0, 0.0, 1.0, 0.9994100148796836, 0.03434562793414293, 0.0, -0.03434562793414293,
  0.9994100148796836, 0.0]
- [0.0, 0.0, 1.0, 0.9997537631673239, -0.022190381537383088, 0.0, 0.022190381537383088,
  0.9997537631673239, 0.0]
- [0.0, 0.0, 1.0, 0.9963002481010768, -0.0859407681704848, 0.0, 0.0859407681704848,
  0.9963002481010768, 0.0]
- [0.0, 0.0, 1.0, 0.9850332126048547, -0.17236464273556593, 0.0, 0.17236464273556593,
  0.9850332126048547, 0.0]
- [0.0, 0.0, 1.0, 0.9538415473987253, -0.300310343571455, 0.0, 0.300310343571455,
  0.9538415473987253, 0.0]
- [0.0, 0.0, 1.0, -0.01692142461294047, 0.9998568224446281, 0.0, -0.9998568224446281,
  -0.01692142461294047, 0.0]
- [0.0, 0.0, 1.0, 0.1634394904516589, 0.9865533604224873, 0.0, -0.9865533604224873,
  0.1634394904516589, 0.0]
- [0.0, 0.0, 1.0, 0.1634394904516589, 0.9865533604224873, 0.0, -0.9865533604224873,
  0.1634394904516589, 0.0]
- [0.0, 0.0, 1.0, 0.163439490451659, 0.9865533604224873, 0.0, -0.9865533604224873,
  0.163439490451659, 0.0]
- [0.0, 0.0, 1.0, 0.1634394904516589, 0.9865533604224873, 0.0, -0.9865533604224873,
  0.1634394904516589, 0.0]
- [0.0, 0.0, 1.0, 0.1634394904516589, 0.9865533604224873, 0.0, -0.9865533604224873,
  0.1634394904516589, 0.0]
- [0.0, 0.0, 1.0, 0.163439490451659, 0.9865533604224873, 0.0, -0.9865533604224873,
  0.163439490451659, 0.0]
- [0.0, 0.0, 1.0, 0.1634394904516589, 0.9865533604224873, 0.0, -0.9865533604224873,
  0.1634394904516589, 0.0]
- [0.0, 0.0, 1.0, 0.1634394904516589, 0.9865533604224873, 0.0, -0.9865533604224873,
  0.1634394904516589, 0.0]
- [0.0, 0.0, 1.0, 0.1634394904516589, 0.9865533604224873, 0.0, -0.9865533604224873,
  0.1634394904516589, 0.0]
- [0.0, 0.0, 1.0, 0.1634394904516589, 0.9865533604224873, 0.0, -0.9865533604224873,
  0.1634394904516589, 0.0]
- [0.0, 0.0, 1.0, 0.16343949045165915, 0.9865533604224873, 0.0, -0.9865533604224873,
  0.16343949045165915, 0.0]
- [0.0, 0.0, 1.0, 0.1634394904516589, 0.9865533604224873, 0.0, -0.9865533604224873,
  0.1634394904516589, 0.0]
- [0.0, 0.0, 1.0, 0.16343949045165865, 0.9865533604224873, 0.0, -0.9865533604224873,
  0.16343949045165865, 0.0]
- [0.0, 0.0, 1.0, 0.16343949045165915, 0.9865533604224873, 0.0, -0.9865533604224873,
  0.16343949045165915, 0.0]
- [0.0, 0.0, 1.0, 0.1634394904516589, 0.9865533604224873, 0.0, -0.9865533604224873,
  0.1634394904516589, 0.0]
- [0.0, 0.0, 1.0, 0.1634394904516589, 0.9865533604224873, 0.0, -0.9865533604224873,
  0.1634394904516589, 0.0]
- [0.0, 0.0, 1.0, 0.1634394904516589, 0.9865533604224873, 0.0, -0.9865533604224873,
  0.1634394904516589, 0.0]
- [0.0, 0.0, 1.0, 0.1634394904516589, 0.9865533604224873, 0.0, -0.9865533604224873,
  0.1634394904516589, 0.0]
- [0.0, 0.0, 1.0, 0.1634394904516594, 0.9865533604224872, 0.0, -0.9865533604224872,
  0.1634394904516594, 0.0]
- [0.0, 0.0, 1.0, 0.16343949045165837, 0.9865533604224873, 0.0, -0.9865533604224873,
  0.16343949045165837, 0.0]
- [0.0, 0.0, 1.0, 0.16343949045165915, 0.9865533604224873, 0.0, -0.9865533604224873,
  0.16343949045165915, 0.0]
- [0.0, 0.0, 1.0, 0.16207887173852537, 0.9867778064670722, 0.0, -0.9867778064670722,
  0.16207887173852537, 0.0]
- [0.0, 0.0, 1.0, 0.16207887173852487, 0.9867778064670722, 0.0, -0.9867778064670722,
  0.16207887173852487, 0.0]
- [0.0, 0.0, 1.0, 0.16207887173852537, 0.9867778064670722, 0.0, -0.9867778064670722,
  0.16207887173852537, 0.0]
- [0.0, 0.0, 1.0, 0.16207887173852512, 0.9867778064670722, 0.0, -0.9867778064670722,
  0.16207887173852512, 0.0]
- [0.0, 0.0, 1.0, 0.16207887173852512, 0.9867778064670722, 0.0, -0.9867778064670722,
  0.16207887173852512, 0.0]
- [0.0, 0.0, 1.0, 0.16207887173852537, 0.9867778064670722, 0.0, -0.9867778064670722,
  0.16207887173852537, 0.0]
- [0.0, 0.0, 1.0, 0.16207887173852512, 0.9867778064670722, 0.0, -0.9867778064670722,
  0.16207887173852512, 0.0]
- [0.0, 0.0, 1.0, 0.16207887173852512, 0.9867778064670722, 0.0, -0.9867778064670722,
  0.16207887173852512, 0.0]
- [0.0, 0.0, 1.0, 0.1620788717385283, 0.9867778064670717, 0.0, -0.9867778064670717,
  0.1620788717385283, 0.0]
- [0.0, 0.0, 1.0, 0.16207887173852512, 0.9867778064670722, 0.0, -0.9867778064670722,
  0.16207887173852512, 0.0]
- [0.0, 0.0, 1.0, 0.16207887173852512, 0.9867778064670722, 0.0, -0.9867778064670722,
  0.16207887173852512, 0.0]
- [0.0, 0.0, 1.0, 0.16207887173852537, 0.9867778064670722, 0.0, -0.9867778064670722,
  0.16207887173852537, 0.0]
- [0.0, 0.0, 1.0, 0.16207887173852512, 0.9867778064670722, 0.0, -0.9867778064670722,
  0.16207887173852512, 0.0]
- [0.0, 0.0, 1.0, 0.16207887173852512, 0.9867778064670722, 0.0, -0.9867778064670722,
  0.16207887173852512, 0.0]
- [0.0, 0.0, 1.0, 0.16207887173852537, 0.9867778064670722, 0.0, -0.9867778064670722,
  0.16207887173852537, 0.0]
- [0.0, 0.0, 1.0, 0.16207887173852487, 0.9867778064670722, 0.0, -0.9867778064670722,
  0.16207887173852487, 0.0]
- [0.0, 0.0, 1.0, 0.16207887173852537, 0.9867778064670722, 0.0, -0.9867778064670722,
  0.16207887173852537, 0.0]
- [0.0, 0.0, 1.0, 0.16207887173852537, 0.9867778064670722, 0.0, -0.9867778064670722,
  0.16207887173852537, 0.0]
- [0.0, 0.0, 1.0, 0.16207887173852487, 0.9867778064670722, 0.0, -0.9867778064670722,
  0.16207887173852487, 0.0]
- [0.0, 0.0, 1.0, 0.16207887173852537, 0.9867778064670722, 0.0, -0.9867778064670722,
  0.16207887173852537, 0.0]
- [0.0, 0.0, 1.0, 0.16207887173852487, 0.9867778064670722, 0.0, -0.9867778064670722,
  0.16207887173852487, 0.0]
- [0.0, 0.0, 1.0, 0.16207887173852537, 0.9867778064670722, 0.0, -0.9867778064670722,
  0.16207887173852537, 0.0]
- [0.0, 0.0, 1.0, 0.1620788717385278, 0.9867778064670717, 0.0, -0.9867778064670717,
  0.1620788717385278, 0.0]
- [0.0, 0.0, 1.0, 0.16207887173852287, 0.9867778064670726, 0.0, -0.9867778064670726,
  0.16207887173852287, 0.0]
- [0.0, 0.0, 1.0, 0.16207887173852537, 0.9867778064670722, 0.0, -0.9867778064670722,
  0.16207887173852537, 0.0]
- [0.0, 0.0, 1.0, 0.1620788717385278, 0.9867778064670717, 0.0, -0.9867778064670717,
  0.1620788717385278, 0.0]
- [0.0, 0.0, 1.0, 0.16207887173852537, 0.9867778064670722, 0.0, -0.9867778064670722,
  0.16207887173852537, 0.0]
- [0.0, 0.0, 1.0, 0.16207887173852487, 0.9867778064670722, 0.0, -0.9867778064670722,
  0.16207887173852487, 0.0]
- [0.0, 0.0, 1.0, 0.16207887173852586, 0.9867778064670722, 0.0, -0.9867778064670722,
  0.16207887173852586, 0.0]
- [0.0, 0.0, 1.0, 0.16207887173852487, 0.9867778064670722, 0.0, -0.9867778064670722,
  0.16207887173852487, 0.0]
- [0.0, 0.0, 1.0, 0.16207887173852487, 0.9867778064670722, 0.0, -0.9867778064670722,
  0.16207887173852487, 0.0]
- [0.0, 0.0, 1.0, 0.16207887173852487, 0.9867778064670722, 0.0, -0.9867778064670722,
  0.16207887173852487, 0.0]
- [0.0, 0.0, 1.0, 0.16207887173852586, 0.9867778064670722, 0.0, -0.9867778064670722,
  0.16207887173852586, 0.0]
- [0.0, 0.0, 1.0, 0.16207887173852487, 0.9867778064670722, 0.0, -0.9867778064670722,
  0.16207887173852487, 0.0]
- [0.0, 0.0, 1.0, 0.16274917793480215, 0.986667474421624, 0.0, -0.986667474421624,
  0.16274917793480215, 0.0]
- [0.0, 0.0, 1.0, 0.1627491779348081, 0.9866674744216231, 0.0, -0.9866674744216231,
  0.1627491779348081, 0.0]
- [0.0, 0.0, 1.0, 0.16274917793480165, 0.9866674744216241, 0.0, -0.9866674744216241,
  0.16274917793480165, 0.0]
- [0.0, 0.0, 1.0, 0.1627491779348081, 0.9866674744216231, 0.0, -0.9866674744216231,
  0.1627491779348081, 0.0]
- [0.0, 0.0, 1.0, 0.16274917793480215, 0.986667474421624, 0.0, -0.986667474421624,
  0.16274917793480215, 0.0]
- [0.0, 0.0, 1.0, 0.1627491779348081, 0.9866674744216231, 0.0, -0.9866674744216231,
  0.1627491779348081, 0.0]
- [0.0, 0.0, 1.0, 0.1627491779348019, 0.9866674744216241, 0.0, -0.9866674744216241,
  0.1627491779348019, 0.0]
- [0.0, 0.0, 1.0, 0.16274917793480784, 0.9866674744216231, 0.0, -0.9866674744216231,
  0.16274917793480784, 0.0]
- [0.0, 0.0, 1.0, 0.16274917793480215, 0.986667474421624, 0.0, -0.986667474421624,
  0.16274917793480215, 0.0]
- [0.0, 0.0, 1.0, 0.16274917793480784, 0.9866674744216231, 0.0, -0.9866674744216231,
  0.16274917793480784, 0.0]
- [0.0, 0.0, 1.0, 0.1627491779348019, 0.9866674744216241, 0.0, -0.9866674744216241,
  0.1627491779348019, 0.0]
- [0.0, 0.0, 1.0, 0.16274917793480834, 0.9866674744216231, 0.0, -0.9866674744216231,
  0.16274917793480834, 0.0]
- [0.0, 0.0, 1.0, 0.1627491779348019, 0.9866674744216241, 0.0, -0.9866674744216241,
  0.1627491779348019, 0.0]
- [0.0, 0.0, 1.0, 0.1627491779348081, 0.9866674744216231, 0.0, -0.9866674744216231,
  0.1627491779348081, 0.0]
- [0.0, 0.0, 1.0, 0.16274917793480215, 0.986667474421624, 0.0, -0.986667474421624,
  0.16274917793480215, 0.0]
- [0.0, 0.0, 1.0, 0.1627491779348076, 0.9866674744216231, 0.0, -0.9866674744216231,
  0.1627491779348076, 0.0]
- [0.0, 0.0, 1.0, 0.16274917793480215, 0.986667474421624, 0.0, -0.986667474421624,
  0.16274917793480215, 0.0]
- [0.0, 0.0, 1.0, 0.16274917793480215, 0.986667474421624, 0.0, -0.986667474421624,
  0.16274917793480215, 0.0]
- [0.0, 0.0, 1.0, 0.1627491779348076, 0.9866674744216231, 0.0, -0.9866674744216231,
  0.1627491779348076, 0.0]
- [0.0, 0.0, 1.0, 0.16274917793480215, 0.986667474421624, 0.0, -0.986667474421624,
  0.16274917793480215, 0.0]
- [0.0, 0.0, 1.0, 0.1627491779348081, 0.9866674744216231, 0.0, -0.9866674744216231,
  0.1627491779348081, 0.0]
- [0.0, 0.0, 1.0, 0.16274917793480165, 0.9866674744216241, 0.0, -0.9866674744216241,
  0.16274917793480165, 0.0]
- [0.0, 0.0, 1.0, 0.1627491779348081, 0.9866674744216231, 0.0, -0.9866674744216231,
  0.1627491779348081, 0.0]
- [0.0, 0.0, 1.0, 0.16274917793480265, 0.986667474421624, 0.0, -0.986667474421624,
  0.16274917793480265, 0.0]
- [0.0, 0.0, 1.0, 0.1627491779348081, 0.9866674744216231, 0.0, -0.9866674744216231,
  0.1627491779348081, 0.0]
- [0.0, 0.0, 1.0, 0.16274917793480165, 0.9866674744216241, 0.0, -0.9866674744216241,
  0.16274917793480165, 0.0]
- [0.0, 0.0, 1.0, 0.1627491779348081, 0.9866674744216231, 0.0, -0.9866674744216231,
  0.1627491779348081, 0.0]
- [0.0, 0.0, 1.0, 0.16274917793480215, 0.986667474421624, 0.0, -0.986667474421624,
  0.16274917793480215, 0.0]
- [0.0, 0.0, 1.0, 0.1627491779348081, 0.9866674744216231, 0.0, -0.9866674744216231,
  0.1627491779348081, 0.0]
- [0.0, 0.0, 1.0, 0.16274917793480215, 0.986667474421624, 0.0, -0.986667474421624,
  0.16274917793480215, 0.0]
- [0.0, 0.0, 1.0, 0.16274917793480714, 0.9866674744216233, 0.0, -0.9866674744216233,
  0.16274917793480714, 0.0]
- [0.0, 0.0, 1.0, 0.16274917793480215, 0.986667474421624, 0.0, -0.986667474421624,
  0.16274917793480215, 0.0]
- [0.0, 0.0, 1.0, 0.1627491779348081, 0.9866674744216231, 0.0, -0.9866674744216231,
  0.1627491779348081, 0.0]
- [0.0, 0.0, 1.0, 0.16274917793480265, 0.986667474421624, 0.0, -0.986667474421624,
  0.16274917793480265, 0.0]
materials:
- name: gelcoat
  density: 1235.0
  elastic:
    E:
    - 3440000000.0
    - 3440000000.0
    - 3440000000.0
    G:
    - 1323000000.0
    - 1323000000.0
    - 1323000000.0
    nu:
    - 0.3
    - 0.3
    - 0.3
- name: glass_triax
  density: 1940.0
  elastic:
    E:
    - 28211400000.0
    - 16238800000.0
    - 15835500000.0
    G:
    - 8248220000.0
    - 3491240000.0
    - 3491240000.0
    nu:
    - 0.497511
    - 0.18091
    - 0.27481
- name: glass_uniax
  density: 1940.0
  elastic:
    E:
    - 43700000000.0
    - 16500000000.0
    - 15450000000.0
    G:
    - 3265000000.0
    - 3495000000.0
    - 3480000000.0
    nu:
    - 0.262
    - 0.264
    - 0.35
- name: medium_density_foam
  density: 130.0
  elastic:
    E:
    - 142500000.0
    - 142500000.0
    - 142500000.0
    G:
    - 54000000.0
    - 54000000.0
    - 54000000.0
    nu:
    - 0.3194
    - 0.3194
    - 0.3194
- name: carbon_uniax
  density: 1600.0
  elastic:
    E:
    - 140000000000.0
    - 9100000000.0
    - 9100000000.0
    G:
    - 4131000000.0
    - 4131000000.0
    - 2689000000.0
    nu:
    - 0.3133
    - 0.3133
    - 0.47066
- name: glass_biax
  density: 1940.0
  elastic:
    E:
    - 11023100000.0
    - 11023100000.0
    - 16047700000.0
    G:
    - 13231400000.0
    - 3487480000.0
    - 3487480000.0
    nu:
    - 0.688074
    - 0.117173
    - 0.117173
