nodes:
- [7.18729516 0.09720571 0.00000000]
- [6.98162011 0.15381997 0.00000000]
- [6.76697144 0.21451630 0.00000000]
- [6.55212653 0.27485021 0.00000000]
- [6.33437641 0.32508230 0.00000000]
- [6.11064141 0.37738116 0.00000000]
- [5.89003074 0.44053350 0.00000000]
- [5.66944274 0.50363384 0.00000000]
- [5.44881431 0.56647140 0.00000000]
- [5.22809685 0.62887786 0.00000000]
- [5.00723582 0.69065589 0.00000000]
- [4.78618404 0.75163948 0.00000000]
- [4.56489424 0.81166654 0.00000000]
- [4.36306034 0.86539373 0.00000000]
- [4.16089958 0.91761809 0.00000000]
- [3.95834978 0.96819467 0.00000000]
- [3.75540743 1.01698180 0.00000000]
- [3.55205637 1.06366147 0.00000000]
- [3.34828058 1.10762385 0.00000000]
- [3.14378655 1.14756391 0.00000000]
- [2.93863442 1.18367763 0.00000000]
- [2.73234560 1.21275320 0.00000000]
- [2.63570278 1.22331348 0.00000000]
- [2.43952354 1.24533402 0.00000000]
- [2.24301675 1.26157511 0.00000000]
- [2.04630643 1.27110807 0.00000000]
- [1.84961126 1.27271431 0.00000000]
- [1.75581905 1.27182266 0.00000000]
- [1.54765330 1.25999854 0.00000000]
- [1.34192312 1.23214740 0.00000000]
- [1.13945435 1.18851372 0.00000000]
- [0.94211537 1.12712579 0.00000000]
- [0.75247147 1.04651202 0.00000000]
- [0.57485088 0.94386076 0.00000000]
- [0.41425094 0.81708834 0.00000000]
- [0.27419889 0.66881696 0.00000000]
- [0.16287560 0.49875699 0.00000000]
- [0.07229882 0.31574186 0.00000000]
- [0.02489840 0.12799460 0.00000000]
- [0.02160393 -0.06645294 0.00000000]
- [0.06487880 -0.25477903 0.00000000]
- [0.15823599 -0.44148772 0.00000000]
- [0.27657068 -0.61224525 0.00000000]
- [0.42633807 -0.75798916 0.00000000]
- [0.59691671 -0.88069488 0.00000000]
- [0.78350080 -0.97942610 0.00000000]
- [0.98006659 -1.05900821 0.00000000]
- [1.18327314 -1.12147767 0.00000000]
- [1.39200314 -1.16682082 0.00000000]
- [1.44746161 -1.17566231 0.00000000]
- [1.64267610 -1.20264218 0.00000000]
- [1.83900337 -1.21791522 0.00000000]
- [2.03605517 -1.22213441 0.00000000]
- [2.23352899 -1.21637414 0.00000000]
- [2.36427916 -1.20993718 0.00000000]
- [2.58908292 -1.18726596 0.00000000]
- [2.81216537 -1.15157216 0.00000000]
- [3.03331581 -1.10477272 0.00000000]
- [3.25239855 -1.04821490 0.00000000]
- [3.46949011 -0.98354065 0.00000000]
- [3.68468179 -0.91211488 0.00000000]
- [3.89808371 -0.83501573 0.00000000]
- [4.10976963 -0.75296947 0.00000000]
- [4.31999574 -0.66655035 0.00000000]
- [4.51302454 -0.58510126 0.00000000]
- [4.70596103 -0.50291227 0.00000000]
- [4.89926297 -0.42083436 0.00000000]
- [5.09388912 -0.34089555 0.00000000]
- [5.29048820 -0.26509777 0.00000000]
- [5.48934142 -0.19472489 0.00000000]
- [5.69079659 -0.13131269 0.00000000]
- [5.89503836 -0.07638138 0.00000000]
- [6.10217248 -0.03177248 0.00000000]
- [6.31338307 -0.01118516 0.00000000]
- [6.53830304 -0.00545876 0.00000000]
- [6.76284264 -0.00649244 0.00000000]
- [6.98641269 -0.03061541 0.00000000]
- [7.19025826 -0.08638724 0.00000000]
- [4.33165757 -0.59615907 0.00000000]
- [4.34331940 -0.52576779 0.00000000]
- [4.35498124 -0.45537651 0.00000000]
- [4.36664307 -0.38498523 0.00000000]
- [4.37830491 -0.31459395 0.00000000]
- [4.38996674 -0.24420267 0.00000000]
- [4.40162857 -0.17381139 0.00000000]
- [4.41329041 -0.10342011 0.00000000]
- [4.42495224 -0.03302883 0.00000000]
- [4.43661407 0.03736245 0.00000000]
- [4.44827591 0.10775373 0.00000000]
- [4.45993774 0.17814501 0.00000000]
- [4.47159957 0.24853629 0.00000000]
- [4.48326141 0.31892757 0.00000000]
- [4.49492324 0.38931885 0.00000000]
- [4.50658507 0.45971013 0.00000000]
- [4.51824691 0.53010141 0.00000000]
- [4.52990874 0.60049270 0.00000000]
- [4.54157058 0.67088398 0.00000000]
- [4.55323241 0.74127526 0.00000000]
- [1.45928954 -1.10365124 0.00000000]
- [1.47111747 -1.03164016 0.00000000]
- [1.48294540 -0.95962908 0.00000000]
- [1.49477333 -0.88761801 0.00000000]
- [1.50660126 -0.81560693 0.00000000]
- [1.51842919 -0.74359585 0.00000000]
- [1.53025712 -0.67158477 0.00000000]
- [1.54208505 -0.59957370 0.00000000]
- [1.55391299 -0.52756262 0.00000000]
- [1.56574092 -0.45555154 0.00000000]
- [1.57756885 -0.38354047 0.00000000]
- [1.58939678 -0.31152939 0.00000000]
- [1.60122471 -0.23951831 0.00000000]
- [1.61305264 -0.16750724 0.00000000]
- [1.62488057 -0.09549616 0.00000000]
- [1.63670850 -0.02348508 0.00000000]
- [1.64853643 0.04852600 0.00000000]
- [1.66036436 0.12053707 0.00000000]
- [1.67219230 0.19254815 0.00000000]
- [1.68402023 0.26455923 0.00000000]
- [1.69584816 0.33657030 0.00000000]
- [1.70767609 0.40858138 0.00000000]
- [1.71950402 0.48059246 0.00000000]
- [1.73133195 0.55260354 0.00000000]
- [1.74315988 0.62461461 0.00000000]
- [1.75498781 0.69662569 0.00000000]
- [1.76681574 0.76863677 0.00000000]
- [1.77864368 0.84064784 0.00000000]
- [1.79047161 0.91265892 0.00000000]
- [1.80229954 0.98467000 0.00000000]
- [1.81412747 1.05668107 0.00000000]
- [1.82595540 1.12869215 0.00000000]
- [1.83778333 1.20070323 0.00000000]
- [2.24535764 -1.14461863 0.00000000]
- [2.25718628 -1.07286311 0.00000000]
- [2.26901492 -1.00110759 0.00000000]
- [2.28084356 -0.92935207 0.00000000]
- [2.29267220 -0.85759655 0.00000000]
- [2.30450084 -0.78584103 0.00000000]
- [2.31632948 -0.71408552 0.00000000]
- [2.32815812 -0.64233000 0.00000000]
- [2.33998676 -0.57057448 0.00000000]
- [2.35181540 -0.49881896 0.00000000]
- [2.36364404 -0.42706344 0.00000000]
- [2.37547268 -0.35530792 0.00000000]
- [2.38730133 -0.28355241 0.00000000]
- [2.39912997 -0.21179689 0.00000000]
- [2.41095861 -0.14004137 0.00000000]
- [2.42278725 -0.06828585 0.00000000]
- [2.43461589 0.00346967 0.00000000]
- [2.44644453 0.07522519 0.00000000]
- [2.45827317 0.14698071 0.00000000]
- [2.47010181 0.21873622 0.00000000]
- [2.48193045 0.29049174 0.00000000]
- [2.49375909 0.36224726 0.00000000]
- [2.50558773 0.43400278 0.00000000]
- [2.51741638 0.50575830 0.00000000]
- [2.52924502 0.57751382 0.00000000]
- [2.54107366 0.64926933 0.00000000]
- [2.55290230 0.72102485 0.00000000]
- [2.56473094 0.79278037 0.00000000]
- [2.57655958 0.86453589 0.00000000]
- [2.58838822 0.93629141 0.00000000]
- [2.60021686 1.00804693 0.00000000]
- [2.61204550 1.07980244 0.00000000]
- [2.62387414 1.15155796 0.00000000]
elements:
- [1 2]
- [2 3]
- [3 4]
- [4 5]
- [5 6]
- [6 7]
- [7 8]
- [8 9]
- [9 10]
- [10 11]
- [11 12]
- [12 13]
- [13 14]
- [14 15]
- [15 16]
- [16 17]
- [17 18]
- [18 19]
- [19 20]
- [20 21]
- [21 22]
- [22 23]
- [23 24]
- [24 25]
- [25 26]
- [26 27]
- [27 28]
- [28 29]
- [29 30]
- [30 31]
- [31 32]
- [32 33]
- [33 34]
- [34 35]
- [35 36]
- [36 37]
- [37 38]
- [38 39]
- [39 40]
- [40 41]
- [41 42]
- [42 43]
- [43 44]
- [44 45]
- [45 46]
- [46 47]
- [47 48]
- [48 49]
- [49 50]
- [50 51]
- [51 52]
- [52 53]
- [53 54]
- [54 55]
- [55 56]
- [56 57]
- [57 58]
- [58 59]
- [59 60]
- [60 61]
- [61 62]
- [62 63]
- [63 64]
- [64 65]
- [65 66]
- [66 67]
- [67 68]
- [68 69]
- [69 70]
- [70 71]
- [71 72]
- [72 73]
- [73 74]
- [74 75]
- [75 76]
- [76 77]
- [77 78]
- [78 1]
- [64 79]
- [79 80]
- [80 81]
- [81 82]
- [82 83]
- [83 84]
- [84 85]
- [85 86]
- [86 87]
- [87 88]
- [88 89]
- [89 90]
- [90 91]
- [91 92]
- [92 93]
- [93 94]
- [94 95]
- [95 96]
- [96 97]
- [97 98]
- [98 13]
- [50 99]
- [99 100]
- [100 101]
- [101 102]
- [102 103]
- [103 104]
- [104 105]
- [105 106]
- [106 107]
- [107 108]
- [108 109]
- [109 110]
- [110 111]
- [111 112]
- [112 113]
- [113 114]
- [114 115]
- [115 116]
- [116 117]
- [117 118]
- [118 119]
- [119 120]
- [120 121]
- [121 122]
- [122 123]
- [123 124]
- [124 125]
- [125 126]
- [126 127]
- [127 128]
- [128 129]
- [129 130]
- [130 131]
- [131 27]
- [54 132]
- [132 133]
- [133 134]
- [134 135]
- [135 136]
- [136 137]
- [137 138]
- [138 139]
- [139 140]
- [140 141]
- [141 142]
- [142 143]
- [143 144]
- [144 145]
- [145 146]
- [146 147]
- [147 148]
- [148 149]
- [149 150]
- [150 151]
- [151 152]
- [152 153]
- [153 154]
- [154 155]
- [155 156]
- [156 157]
- [157 158]
- [158 159]
- [159 160]
- [160 161]
- [161 162]
- [162 163]
- [163 164]
- [164 23]
sets:
  element:
  - name: layup_0
    labels:
    - 1
    - 2
    - 3
    - 4
    - 74
    - 75
    - 76
    - 77
    - 78
  - name: layup_1
    labels:
    - 5
    - 6
    - 7
    - 8
    - 9
    - 10
    - 11
    - 12
    - 13
    - 14
    - 15
    - 16
    - 17
    - 18
    - 19
    - 20
    - 21
    - 28
    - 29
    - 30
    - 31
    - 32
    - 33
    - 34
    - 35
    - 36
    - 37
    - 41
    - 42
    - 43
    - 44
    - 45
    - 46
    - 47
    - 48
    - 55
    - 56
    - 57
    - 58
    - 59
    - 60
    - 61
    - 62
    - 63
    - 64
    - 65
    - 66
    - 67
    - 68
    - 69
    - 70
    - 71
    - 72
    - 73
  - name: layup_2
    labels:
    - 22
    - 23
    - 24
    - 25
    - 26
    - 27
  - name: layup_3
    labels:
    - 38
    - 39
    - 40
  - name: layup_4
    labels:
    - 49
    - 50
    - 51
    - 52
    - 53
    - 54
  - name: layup_5
    labels:
    - 79
    - 80
    - 81
    - 82
    - 83
    - 84
    - 85
    - 86
    - 87
    - 88
    - 89
    - 90
    - 91
    - 92
    - 93
    - 94
    - 95
    - 96
    - 97
    - 98
    - 99
    - 100
    - 101
    - 102
    - 103
    - 104
    - 105
    - 106
    - 107
    - 108
    - 109
    - 110
    - 111
    - 112
    - 113
    - 114
    - 115
    - 116
    - 117
    - 118
    - 119
    - 120
    - 121
    - 122
    - 123
    - 124
    - 125
    - 126
    - 127
    - 128
    - 129
    - 130
    - 131
    - 132
    - 133
    - 134
    - 135
    - 136
    - 137
    - 138
    - 139
    - 140
    - 141
    - 142
    - 143
    - 144
    - 145
    - 146
    - 147
    - 148
    - 149
    - 150
    - 151
    - 152
    - 153
    - 154
    - 155
    - 156
    - 157
    - 158
    - 159
    - 160
    - 161
    - 162
    - 163
    - 164
    - 165
    - 166
    - 167
sections:
- type: shell
  elementSet: layup_0
  layup:
  - - gelcoat
    - 0.0005
    - 0.0
  - - glass_triax
    - 0.00300294
    - 0.0
  - - glass_uniax
    - 0.02609467
    - 0.0
  - - glass_triax
    - 0.00300294
    - 0.0
- type: shell
  elementSet: layup_1
  layup:
  - - gelcoat
    - 0.0005
    - 0.0
  - - glass_triax
    - 0.00300294
    - 0.0
  - - medium_density_foam
    - 0.07060815
    - 0.0
  - - glass_triax
    - 0.00300294
    - 0.0
- type: shell
  elementSet: layup_2
  layup:
  - - gelcoat
    - 0.0005
    - 0.0
  - - glass_triax
    - 0.00300294
    - 0.0
  - - carbon_uniax
    - 0.08105991
    - 0.0
  - - glass_triax
    - 0.00300294
    - 0.0
- type: shell
  elementSet: layup_3
  layup:
  - - gelcoat
    - 0.0005
    - 0.0
  - - glass_triax
    - 0.00300294
    - 0.0
  - - glass_uniax
    - 0.02158284
    - 0.0
  - - glass_triax
    - 0.00300294
    - 0.0
- type: shell
  elementSet: layup_4
  layup:
  - - gelcoat
    - 0.0005
    - 0.0
  - - glass_triax
    - 0.00300294
    - 0.0
  - - carbon_uniax
    - 0.07707452
    - 0.0
  - - glass_triax
    - 0.00300294
    - 0.0
- type: shell
  elementSet: layup_5
  layup:
  - - glass_biax
    - 0.002
    - 0.0
  - - medium_density_foam
    - 0.042
    - 0.0
  - - glass_biax
    - 0.002
    - 0.0
elementOrientations:
- [0.0, 0.0, 1.0, -0.9641411093069923, 0.2653901304575631, 0.0, -0.2653901304575631,
  -0.9641411093069923, 0.0]
- [0.0, 0.0, 1.0, -0.9622686202345933, 0.2721012725288365, 0.0, -0.2721012725288365,
  -0.9622686202345933, 0.0]
- [0.0, 0.0, 1.0, -0.9627574068952435, 0.2703667425338158, 0.0, -0.2703667425338158,
  -0.9627574068952435, 0.0]
- [0.0, 0.0, 1.0, -0.9744087794565002, 0.22478329679514364, 0.0, -0.22478329679514364,
  -0.9744087794565002, 0.0]
- [0.0, 0.0, 1.0, -0.9737505781415795, 0.22761768729371523, 0.0, -0.22761768729371523,
  -0.9737505781415795, 0.0]
- [0.0, 0.0, 1.0, -0.9613848574151572, 0.27520747797405126, 0.0, -0.27520747797405126,
  -0.9613848574151572, 0.0]
- [0.0, 0.0, 1.0, -0.9614373200704013, 0.2750241436235097, 0.0, -0.2750241436235097,
  -0.9614373200704013, 0.0]
- [0.0, 0.0, 1.0, -0.9617529109338007, 0.27391848844201977, 0.0, -0.27391848844201977,
  -0.9617529109338007, 0.0]
- [0.0, 0.0, 1.0, -0.9622754089624976, 0.2720772634860507, 0.0, -0.2720772634860507,
  -0.9622754089624976, 0.0]
- [0.0, 0.0, 1.0, -0.9630353856107435, 0.2693749172836376, 0.0, -0.2693749172836376,
  -0.9630353856107435, 0.0]
- [0.0, 0.0, 1.0, -0.9639883815588007, 0.2659443554949869, 0.0, -0.2659443554949869,
  -0.9639883815588007, 0.0]
- [0.0, 0.0, 1.0, -0.9651224051591127, 0.26179905091479894, 0.0, -0.26179905091479894,
  -0.9651224051591127, 0.0]
- [0.0, 0.0, 1.0, -0.9663483031027014, 0.25723716117724793, 0.0, -0.25723716117724793,
  -0.9663483031027014, 0.0]
- [0.0, 0.0, 1.0, -0.9682149042757171, 0.25011976958721993, 0.0, -0.25011976958721993,
  -0.9682149042757171, 0.0]
- [0.0, 0.0, 1.0, -0.970211066520063, 0.24226119458551773, 0.0, -0.24226119458551773,
  -0.970211066520063, 0.0]
- [0.0, 0.0, 1.0, -0.9722991962498173, 0.23373975479571113, 0.0, -0.23373975479571113,
  -0.9722991962498173, 0.0]
- [0.0, 0.0, 1.0, -0.9746504500015499, 0.2237331006171781, 0.0, -0.2237331006171781,
  -0.9746504500015499, 0.0]
- [0.0, 0.0, 1.0, -0.9775104344595205, 0.21088705631868318, 0.0, -0.21088705631868318,
  -0.9775104344595205, 0.0]
- [0.0, 0.0, 1.0, -0.9814555842297601, 0.19168968721404925, 0.0, -0.19168968721404925,
  -0.9814555842297601, 0.0]
- [0.0, 0.0, 1.0, -0.9848570803484814, 0.17336819572074041, 0.0, -0.17336819572074041,
  -0.9848570803484814, 0.0]
- [0.0, 0.0, 1.0, -0.9902127062034397, 0.13956645898374173, 0.0, -0.13956645898374173,
  -0.9902127062034397, 0.0]
- [0.0, 0.0, 1.0, -0.9940828343850727, 0.10862466746066435, 0.0, -0.10862466746066435,
  -0.9940828343850727, 0.0]
- [0.0, 0.0, 1.0, -0.9937592138820257, 0.11154651417493285, 0.0, -0.11154651417493285,
  -0.9937592138820257, 0.0]
- [0.0, 0.0, 1.0, -0.9966019695999785, 0.08236816247460971, 0.0, -0.08236816247460971,
  -0.9966019695999785, 0.0]
- [0.0, 0.0, 1.0, -0.9988277861843249, 0.048405098348421355, 0.0, -0.048405098348421355,
  -0.9988277861843249, 0.0]
- [0.0, 0.0, 1.0, -0.9999666587627385, 0.008165865715586548, 0.0, -0.008165865715586548,
  -0.9999666587627385, 0.0]
- [0.0, 0.0, 1.0, -0.9999548155861785, -0.009506144644996396, 0.0, 0.009506144644996396,
  -0.9999548155861785, 0.0]
- [0.0, 0.0, 1.0, -0.9983906892642149, -0.056710066042332925, 0.0, 0.056710066042332925,
  -0.9983906892642149, 0.0]
- [0.0, 0.0, 1.0, -0.9909605898972803, -0.13415330510440043, 0.0, 0.13415330510440043,
  -0.9909605898972803, 0.0]
- [0.0, 0.0, 1.0, -0.9775569048340202, -0.21067154010765302, 0.0, 0.21067154010765302,
  -0.9775569048340202, 0.0]
- [0.0, 0.0, 1.0, -0.9548655858783759, -0.29703823475294544, 0.0, 0.29703823475294544,
  -0.9548655858783759, 0.0]
- [0.0, 0.0, 1.0, -0.9203045124939516, -0.3912027662009435, 0.0, 0.3912027662009435,
  -0.9203045124939516, 0.0]
- [0.0, 0.0, 1.0, -0.8658101163983225, -0.5003727034344732, 0.0, 0.5003727034344732,
  -0.8658101163983225, 0.0]
- [0.0, 0.0, 1.0, -0.7849231789538836, -0.6195930948137894, 0.0, 0.6195930948137894,
  -0.7849231789538836, 0.0]
- [0.0, 0.0, 1.0, -0.6866700855003289, -0.7269691834451931, 0.0, 0.7269691834451931,
  -0.6866700855003289, 0.0]
- [0.0, 0.0, 1.0, -0.5476981727380361, -0.8366759896037512, 0.0, 0.8366759896037512,
  -0.5476981727380361, 0.0]
- [0.0, 0.0, 1.0, -0.44356334266454517, -0.8962430256600356, 0.0, 0.8962430256600356,
  -0.44356334266454517, 0.0]
- [0.0, 0.0, 1.0, -0.24478830075367897, -0.9695765507757118, 0.0, 0.9695765507757118,
  -0.24478830075367897, 0.0]
- [0.0, 0.0, 1.0, -0.01694031643678841, -0.9998565025437508, 0.0, 0.9998565025437508,
  -0.01694031643678841, 0.0]
- [0.0, 0.0, 1.0, 0.22395044007824036, -0.9746005337515276, 0.0, 0.9746005337515276,
  0.22395044007824036, 0.0]
- [0.0, 0.0, 1.0, 0.44722451934581536, -0.8944217289936021, 0.0, 0.8944217289936021,
  0.44722451934581536, 0.0]
- [0.0, 0.0, 1.0, 0.5695936576619521, -0.8219264353646736, 0.0, 0.8219264353646736,
  0.5695936576619521, 0.0]
- [0.0, 0.0, 1.0, 0.7166678416882343, -0.6974146576391465, 0.0, 0.6974146576391465,
  0.7166678416882343, 0.0]
- [0.0, 0.0, 1.0, 0.8117845241967048, -0.5839570928370762, 0.0, 0.5839570928370762,
  0.8117845241967048, 0.0]
- [0.0, 0.0, 1.0, 0.8838831030965699, -0.4677078789804363, 0.0, 0.4677078789804363,
  0.8838831030965699, 0.0]
- [0.0, 0.0, 1.0, 0.9269143916940695, -0.3752728480324859, 0.0, 0.3752728480324859,
  0.9269143916940695, 0.0]
- [0.0, 0.0, 1.0, 0.9558525306145735, -0.29384679633733557, 0.0, 0.29384679633733557,
  0.9558525306145735, 0.0]
- [0.0, 0.0, 1.0, 0.977208364261189, -0.2122823893260378, 0.0, 0.2122823893260378,
  0.977208364261189, 0.0]
- [0.0, 0.0, 1.0, 0.9875289723928149, -0.15743738020175185, 0.0, 0.15743738020175185,
  0.9875289723928149, 0.0]
- [0.0, 0.0, 1.0, 0.9905841927140177, -0.1369049200909808, 0.0, 0.1369049200909808,
  0.9905841927140177, 0.0]
- [0.0, 0.0, 1.0, 0.996987727776127, -0.07755946533979935, 0.0, 0.07755946533979935,
  0.996987727776127, 0.0]
- [0.0, 0.0, 1.0, 0.9997708511277064, -0.02140666334069309, 0.0, 0.02140666334069309,
  0.9997708511277064, 0.0]
- [0.0, 0.0, 1.0, 0.9995748338000785, 0.029157359852107562, 0.0, -0.029157359852107562,
  0.9995748338000785, 0.0]
- [0.0, 0.0, 1.0, 0.9987903510002584, 0.0491714830850204, 0.0, -0.0491714830850204,
  0.9987903510002584, 0.0]
- [0.0, 0.0, 1.0, 0.9949532111946587, 0.10033995980384217, 0.0, -0.10033995980384217,
  0.9949532111946587, 0.0]
- [0.0, 0.0, 1.0, 0.9874402099622557, 0.15799313829940959, 0.0, -0.15799313829940959,
  0.9874402099622557, 0.0]
- [0.0, 0.0, 1.0, 0.9783339217082295, 0.20703318003401247, 0.0, -0.20703318003401247,
  0.9783339217082295, 0.0]
- [0.0, 0.0, 1.0, 0.9682555685527635, 0.2499623050913171, 0.0, -0.2499623050913171,
  0.9682555685527635, 0.0]
- [0.0, 0.0, 1.0, 0.9583752008928617, 0.28551177613816037, 0.0, -0.28551177613816037,
  0.9583752008928617, 0.0]
- [0.0, 0.0, 1.0, 0.9490858055387833, 0.3150176720833277, 0.0, -0.3150176720833277,
  0.9490858055387833, 0.0]
- [0.0, 0.0, 1.0, 0.9405013088338928, 0.3397900647189887, 0.0, -0.3397900647189887,
  0.9405013088338928, 0.0]
- [0.0, 0.0, 1.0, 0.9324148054316117, 0.3613898595864716, 0.0, -0.3613898595864716,
  0.9324148054316117, 0.0]
- [0.0, 0.0, 1.0, 0.9249018681773016, 0.3802059103198387, 0.0, -0.3802059103198387,
  0.9249018681773016, 0.0]
- [0.0, 0.0, 1.0, 0.9213384022690149, 0.3887615573901037, 0.0, -0.3887615573901037,
  0.9213384022690149, 0.0]
- [0.0, 0.0, 1.0, 0.9200027840842224, 0.39191182334458785, 0.0, -0.39191182334458785,
  0.9200027840842224, 0.0]
- [0.0, 0.0, 1.0, 0.9204601336148095, 0.39083646506666575, 0.0, -0.39083646506666575,
  0.9204601336148095, 0.0]
- [0.0, 0.0, 1.0, 0.9250146869598651, 0.3799313476255189, 0.0, -0.3799313476255189,
  0.9250146869598651, 0.0]
- [0.0, 0.0, 1.0, 0.933054713434476, 0.3597344878347192, 0.0, -0.3597344878347192,
  0.933054713434476, 0.0]
- [0.0, 0.0, 1.0, 0.9427081942334614, 0.3336184355294029, 0.0, -0.3336184355294029,
  0.9427081942334614, 0.0]
- [0.0, 0.0, 1.0, 0.9538612918294352, 0.3002476243860741, 0.0, -0.3002476243860741,
  0.9538612918294352, 0.0]
- [0.0, 0.0, 1.0, 0.9656832068105172, 0.25972282164676247, 0.0, -0.25972282164676247,
  0.9656832068105172, 0.0]
- [0.0, 0.0, 1.0, 0.9775862527340928, 0.21053531405755732, 0.0, -0.21053531405755732,
  0.9775862527340928, 0.0]
- [0.0, 0.0, 1.0, 0.9952831004385237, 0.09701314334397936, 0.0, -0.09701314334397936,
  0.9952831004385237, 0.0]
- [0.0, 0.0, 1.0, 0.9996760585406432, 0.025451482877123382, 0.0, -0.025451482877123382,
  0.9996760585406432, 0.0]
- [0.0, 0.0, 1.0, 0.999989403933219, -0.00460347925869586, 0.0, 0.00460347925869586,
  0.999989403933219, 0.0]
- [0.0, 0.0, 1.0, 0.9942292458034269, -0.1072763104750951, 0.0, 0.1072763104750951,
  0.9942292458034269, 0.0]
- [0.0, 0.0, 1.0, 0.9645502011554695, -0.26389943056199183, 0.0, 0.26389943056199183,
  0.9645502011554695, 0.0]
- [0.0, 0.0, 1.0, -0.01613741107715711, 0.9998697835036954, 0.0, -0.9998697835036954,
  -0.01613741107715711, 0.0]
- [0.0, 0.0, 1.0, 0.16344372309156985, 0.9865526592037377, 0.0, -0.9865526592037377,
  0.16344372309156985, 0.0]
- [0.0, 0.0, 1.0, 0.1634437230915696, 0.9865526592037377, 0.0, -0.9865526592037377,
  0.1634437230915696, 0.0]
- [0.0, 0.0, 1.0, 0.16344372309156985, 0.9865526592037377, 0.0, -0.9865526592037377,
  0.16344372309156985, 0.0]
- [0.0, 0.0, 1.0, 0.16344372309158187, 0.9865526592037358, 0.0, -0.9865526592037358,
  0.16344372309158187, 0.0]
- [0.0, 0.0, 1.0, 0.16344372309156985, 0.9865526592037377, 0.0, -0.9865526592037377,
  0.16344372309156985, 0.0]
- [0.0, 0.0, 1.0, 0.1634437230915697, 0.9865526592037377, 0.0, -0.9865526592037377,
  0.1634437230915697, 0.0]
- [0.0, 0.0, 1.0, 0.1634437230915697, 0.9865526592037377, 0.0, -0.9865526592037377,
  0.1634437230915697, 0.0]
- [0.0, 0.0, 1.0, 0.1634437230915697, 0.9865526592037377, 0.0, -0.9865526592037377,
  0.1634437230915697, 0.0]
- [0.0, 0.0, 1.0, 0.16344372309156985, 0.9865526592037377, 0.0, -0.9865526592037377,
  0.16344372309156985, 0.0]
- [0.0, 0.0, 1.0, 0.16344372309156985, 0.9865526592037377, 0.0, -0.9865526592037377,
  0.16344372309156985, 0.0]
- [0.0, 0.0, 1.0, 0.16344372309158198, 0.9865526592037358, 0.0, -0.9865526592037358,
  0.16344372309158198, 0.0]
- [0.0, 0.0, 1.0, 0.1634437230915696, 0.9865526592037377, 0.0, -0.9865526592037377,
  0.1634437230915696, 0.0]
- [0.0, 0.0, 1.0, 0.1634437230915696, 0.9865526592037377, 0.0, -0.9865526592037377,
  0.1634437230915696, 0.0]
- [0.0, 0.0, 1.0, 0.16344372309156985, 0.9865526592037377, 0.0, -0.9865526592037377,
  0.16344372309156985, 0.0]
- [0.0, 0.0, 1.0, 0.1634437230915701, 0.9865526592037377, 0.0, -0.9865526592037377,
  0.1634437230915701, 0.0]
- [0.0, 0.0, 1.0, 0.16344372309156938, 0.9865526592037379, 0.0, -0.9865526592037379,
  0.16344372309156938, 0.0]
- [0.0, 0.0, 1.0, 0.16344372309156985, 0.9865526592037377, 0.0, -0.9865526592037377,
  0.16344372309156985, 0.0]
- [0.0, 0.0, 1.0, 0.16344372309158198, 0.9865526592037358, 0.0, -0.9865526592037358,
  0.16344372309158198, 0.0]
- [0.0, 0.0, 1.0, 0.16344372309156985, 0.9865526592037377, 0.0, -0.9865526592037377,
  0.16344372309156985, 0.0]
- [0.0, 0.0, 1.0, 0.16344372309156985, 0.9865526592037377, 0.0, -0.9865526592037377,
  0.16344372309156985, 0.0]
- [0.0, 0.0, 1.0, 0.16344372309156938, 0.9865526592037379, 0.0, -0.9865526592037379,
  0.16344372309156938, 0.0]
- [0.0, 0.0, 1.0, 0.16207976075481825, 0.9867776604451789, 0.0, -0.9867776604451789,
  0.16207976075481825, 0.0]
- [0.0, 0.0, 1.0, 0.1620797607548217, 0.9867776604451783, 0.0, -0.9867776604451783,
  0.1620797607548217, 0.0]
- [0.0, 0.0, 1.0, 0.1620797607548185, 0.9867776604451789, 0.0, -0.9867776604451789,
  0.1620797607548185, 0.0]
- [0.0, 0.0, 1.0, 0.16207976075482144, 0.9867776604451783, 0.0, -0.9867776604451783,
  0.16207976075482144, 0.0]
- [0.0, 0.0, 1.0, 0.16207976075481825, 0.9867776604451789, 0.0, -0.9867776604451789,
  0.16207976075481825, 0.0]
- [0.0, 0.0, 1.0, 0.1620797607548217, 0.9867776604451783, 0.0, -0.9867776604451783,
  0.1620797607548217, 0.0]
- [0.0, 0.0, 1.0, 0.1620797607548185, 0.9867776604451789, 0.0, -0.9867776604451789,
  0.1620797607548185, 0.0]
- [0.0, 0.0, 1.0, 0.16207976075482144, 0.9867776604451783, 0.0, -0.9867776604451783,
  0.16207976075482144, 0.0]
- [0.0, 0.0, 1.0, 0.16207976075481825, 0.9867776604451789, 0.0, -0.9867776604451789,
  0.16207976075481825, 0.0]
- [0.0, 0.0, 1.0, 0.1620797607548185, 0.9867776604451789, 0.0, -0.9867776604451789,
  0.1620797607548185, 0.0]
- [0.0, 0.0, 1.0, 0.16207976075482144, 0.9867776604451783, 0.0, -0.9867776604451783,
  0.16207976075482144, 0.0]
- [0.0, 0.0, 1.0, 0.16207976075481875, 0.9867776604451789, 0.0, -0.9867776604451789,
  0.16207976075481875, 0.0]
- [0.0, 0.0, 1.0, 0.16207976075482144, 0.9867776604451783, 0.0, -0.9867776604451783,
  0.16207976075482144, 0.0]
- [0.0, 0.0, 1.0, 0.1620797607548185, 0.9867776604451789, 0.0, -0.9867776604451789,
  0.1620797607548185, 0.0]
- [0.0, 0.0, 1.0, 0.16207976075482125, 0.9867776604451786, 0.0, -0.9867776604451786,
  0.16207976075482125, 0.0]
- [0.0, 0.0, 1.0, 0.16207976075481875, 0.9867776604451789, 0.0, -0.9867776604451789,
  0.16207976075481875, 0.0]
- [0.0, 0.0, 1.0, 0.16207976075481825, 0.9867776604451789, 0.0, -0.9867776604451789,
  0.16207976075481825, 0.0]
- [0.0, 0.0, 1.0, 0.16207976075482125, 0.9867776604451786, 0.0, -0.9867776604451786,
  0.16207976075482125, 0.0]
- [0.0, 0.0, 1.0, 0.16207976075481875, 0.9867776604451789, 0.0, -0.9867776604451789,
  0.16207976075481875, 0.0]
- [0.0, 0.0, 1.0, 0.16207976075482125, 0.9867776604451786, 0.0, -0.9867776604451786,
  0.16207976075482125, 0.0]
- [0.0, 0.0, 1.0, 0.16207976075481875, 0.9867776604451789, 0.0, -0.9867776604451789,
  0.16207976075481875, 0.0]
- [0.0, 0.0, 1.0, 0.16207976075482125, 0.9867776604451786, 0.0, -0.9867776604451786,
  0.16207976075482125, 0.0]
- [0.0, 0.0, 1.0, 0.16207976075481825, 0.9867776604451789, 0.0, -0.9867776604451789,
  0.16207976075481825, 0.0]
- [0.0, 0.0, 1.0, 0.16207976075481922, 0.9867776604451787, 0.0, -0.9867776604451787,
  0.16207976075481922, 0.0]
- [0.0, 0.0, 1.0, 0.16207976075482125, 0.9867776604451786, 0.0, -0.9867776604451786,
  0.16207976075482125, 0.0]
- [0.0, 0.0, 1.0, 0.1620797607548217, 0.9867776604451783, 0.0, -0.9867776604451783,
  0.1620797607548217, 0.0]
- [0.0, 0.0, 1.0, 0.16207976075481825, 0.9867776604451789, 0.0, -0.9867776604451789,
  0.16207976075481825, 0.0]
- [0.0, 0.0, 1.0, 0.16207976075481875, 0.9867776604451789, 0.0, -0.9867776604451789,
  0.16207976075481875, 0.0]
- [0.0, 0.0, 1.0, 0.1620797607548217, 0.9867776604451783, 0.0, -0.9867776604451783,
  0.1620797607548217, 0.0]
- [0.0, 0.0, 1.0, 0.16207976075481775, 0.986777660445179, 0.0, -0.986777660445179,
  0.16207976075481775, 0.0]
- [0.0, 0.0, 1.0, 0.1620797607548217, 0.9867776604451783, 0.0, -0.9867776604451783,
  0.1620797607548217, 0.0]
- [0.0, 0.0, 1.0, 0.16207976075481875, 0.9867776604451789, 0.0, -0.9867776604451789,
  0.16207976075481875, 0.0]
- [0.0, 0.0, 1.0, 0.16207976075482075, 0.9867776604451786, 0.0, -0.9867776604451786,
  0.16207976075482075, 0.0]
- [0.0, 0.0, 1.0, 0.16207976075481875, 0.9867776604451789, 0.0, -0.9867776604451789,
  0.16207976075481875, 0.0]
- [0.0, 0.0, 1.0, 0.16265126980309144, 0.986683619217144, 0.0, -0.986683619217144,
  0.16265126980309144, 0.0]
- [0.0, 0.0, 1.0, 0.16265126980309144, 0.986683619217144, 0.0, -0.986683619217144,
  0.16265126980309144, 0.0]
- [0.0, 0.0, 1.0, 0.1626512698030974, 0.986683619217143, 0.0, -0.986683619217143,
  0.1626512698030974, 0.0]
- [0.0, 0.0, 1.0, 0.16265126980309144, 0.986683619217144, 0.0, -0.986683619217144,
  0.16265126980309144, 0.0]
- [0.0, 0.0, 1.0, 0.16265126980309144, 0.986683619217144, 0.0, -0.986683619217144,
  0.16265126980309144, 0.0]
- [0.0, 0.0, 1.0, 0.16265126980309144, 0.986683619217144, 0.0, -0.986683619217144,
  0.16265126980309144, 0.0]
- [0.0, 0.0, 1.0, 0.16265126980309144, 0.986683619217144, 0.0, -0.986683619217144,
  0.16265126980309144, 0.0]
- [0.0, 0.0, 1.0, 0.1626512698030974, 0.986683619217143, 0.0, -0.986683619217143,
  0.1626512698030974, 0.0]
- [0.0, 0.0, 1.0, 0.16265126980309144, 0.986683619217144, 0.0, -0.986683619217144,
  0.16265126980309144, 0.0]
- [0.0, 0.0, 1.0, 0.16265126980309144, 0.986683619217144, 0.0, -0.986683619217144,
  0.16265126980309144, 0.0]
- [0.0, 0.0, 1.0, 0.16265126980309144, 0.986683619217144, 0.0, -0.986683619217144,
  0.16265126980309144, 0.0]
- [0.0, 0.0, 1.0, 0.1626512698030917, 0.9866836192171439, 0.0, -0.9866836192171439,
  0.1626512698030917, 0.0]
- [0.0, 0.0, 1.0, 0.1626512698030974, 0.986683619217143, 0.0, -0.986683619217143,
  0.1626512698030974, 0.0]
- [0.0, 0.0, 1.0, 0.1626512698030912, 0.986683619217144, 0.0, -0.986683619217144,
  0.1626512698030912, 0.0]
- [0.0, 0.0, 1.0, 0.16265126980309144, 0.986683619217144, 0.0, -0.986683619217144,
  0.16265126980309144, 0.0]
- [0.0, 0.0, 1.0, 0.16265126980309144, 0.986683619217144, 0.0, -0.986683619217144,
  0.16265126980309144, 0.0]
- [0.0, 0.0, 1.0, 0.1626512698030974, 0.986683619217143, 0.0, -0.986683619217143,
  0.1626512698030974, 0.0]
- [0.0, 0.0, 1.0, 0.16265126980309144, 0.986683619217144, 0.0, -0.986683619217144,
  0.16265126980309144, 0.0]
- [0.0, 0.0, 1.0, 0.16265126980309144, 0.986683619217144, 0.0, -0.986683619217144,
  0.16265126980309144, 0.0]
- [0.0, 0.0, 1.0, 0.16265126980309144, 0.986683619217144, 0.0, -0.986683619217144,
  0.16265126980309144, 0.0]
- [0.0, 0.0, 1.0, 0.16265126980309144, 0.986683619217144, 0.0, -0.986683619217144,
  0.16265126980309144, 0.0]
- [0.0, 0.0, 1.0, 0.1626512698030974, 0.986683619217143, 0.0, -0.986683619217143,
  0.1626512698030974, 0.0]
- [0.0, 0.0, 1.0, 0.16265126980309144, 0.986683619217144, 0.0, -0.986683619217144,
  0.16265126980309144, 0.0]
- [0.0, 0.0, 1.0, 0.16265126980309194, 0.9866836192171439, 0.0, -0.9866836192171439,
  0.16265126980309194, 0.0]
- [0.0, 0.0, 1.0, 0.16265126980309144, 0.986683619217144, 0.0, -0.986683619217144,
  0.16265126980309144, 0.0]
- [0.0, 0.0, 1.0, 0.16265126980309144, 0.986683619217144, 0.0, -0.986683619217144,
  0.16265126980309144, 0.0]
- [0.0, 0.0, 1.0, 0.1626512698030974, 0.986683619217143, 0.0, -0.986683619217143,
  0.1626512698030974, 0.0]
- [0.0, 0.0, 1.0, 0.16265126980309097, 0.986683619217144, 0.0, -0.986683619217144,
  0.16265126980309097, 0.0]
- [0.0, 0.0, 1.0, 0.16265126980309144, 0.986683619217144, 0.0, -0.986683619217144,
  0.16265126980309144, 0.0]
- [0.0, 0.0, 1.0, 0.16265126980309144, 0.986683619217144, 0.0, -0.986683619217144,
  0.16265126980309144, 0.0]
- [0.0, 0.0, 1.0, 0.16265126980309144, 0.986683619217144, 0.0, -0.986683619217144,
  0.16265126980309144, 0.0]
- [0.0, 0.0, 1.0, 0.1626512698030974, 0.986683619217143, 0.0, -0.986683619217143,
  0.1626512698030974, 0.0]
- [0.0, 0.0, 1.0, 0.16265126980309144, 0.986683619217144, 0.0, -0.986683619217144,
  0.16265126980309144, 0.0]
- [0.0, 0.0, 1.0, 0.16265126980309144, 0.986683619217144, 0.0, -0.986683619217144,
  0.16265126980309144, 0.0]
materials:
- name: gelcoat
  density: 1235.0
  elastic:
    E:
    - 3440000000.0
    - 3440000000.0
    - 3440000000.0
    G:
    - 1323000000.0
    - 1323000000.0
    - 1323000000.0
    nu:
    - 0.3
    - 0.3
    - 0.3
- name: glass_triax
  density: 1940.0
  elastic:
    E:
    - 28211400000.0
    - 16238800000.0
    - 15835500000.0
    G:
    - 8248220000.0
    - 3491240000.0
    - 3491240000.0
    nu:
    - 0.497511
    - 0.18091
    - 0.27481
- name: glass_uniax
  density: 1940.0
  elastic:
    E:
    - 43700000000.0
    - 16500000000.0
    - 15450000000.0
    G:
    - 3265000000.0
    - 3495000000.0
    - 3480000000.0
    nu:
    - 0.262
    - 0.264
    - 0.35
- name: medium_density_foam
  density: 130.0
  elastic:
    E:
    - 142500000.0
    - 142500000.0
    - 142500000.0
    G:
    - 54000000.0
    - 54000000.0
    - 54000000.0
    nu:
    - 0.3194
    - 0.3194
    - 0.3194
- name: carbon_uniax
  density: 1600.0
  elastic:
    E:
    - 140000000000.0
    - 9100000000.0
    - 9100000000.0
    G:
    - 4131000000.0
    - 4131000000.0
    - 2689000000.0
    nu:
    - 0.3133
    - 0.3133
    - 0.47066
- name: glass_biax
  density: 1940.0
  elastic:
    E:
    - 11023100000.0
    - 11023100000.0
    - 16047700000.0
    G:
    - 13231400000.0
    - 3487480000.0
    - 3487480000.0
    nu:
    - 0.688074
    - 0.117173
    - 0.117173
