nodes:
- [7.18728125 0.09722428 0.00000000]
- [7.08875153 0.12289300 0.00000000]
- [6.98163273 0.15381635 0.00000000]
- [6.87435888 0.18429340 0.00000000]
- [6.76698807 0.21451162 0.00000000]
- [6.65954021 0.24458322 0.00000000]
- [6.55212608 0.27485034 0.00000000]
- [6.44474483 0.30523057 0.00000000]
- [6.33437035 0.32508402 0.00000000]
- [6.22745760 0.34399135 0.00000000]
- [6.12361782 0.37367141 0.00000000]
- [6.01978790 0.40336651 0.00000000]
- [5.91597441 0.43310282 0.00000000]
- [5.81217416 0.46282725 0.00000000]
- [5.70836134 0.49250794 0.00000000]
- [5.60456309 0.52217677 0.00000000]
- [5.50072589 0.55170872 0.00000000]
- [5.39689364 0.58123122 0.00000000]
- [5.29302021 0.61057471 0.00000000]
- [5.18912992 0.63986170 0.00000000]
- [5.08521622 0.66896962 0.00000000]
- [4.98123005 0.69788670 0.00000000]
- [4.87725344 0.72672244 0.00000000]
- [4.77317017 0.75519711 0.00000000]
- [4.66908423 0.78363412 0.00000000]
- [4.56492023 0.81165956 0.00000000]
- [4.45804353 0.84018535 0.00000000]
- [4.35117788 0.86846512 0.00000000]
- [4.24411367 0.89613163 0.00000000]
- [4.13708853 0.92376256 0.00000000]
- [4.02987146 0.95050185 0.00000000]
- [3.92254606 0.97704795 0.00000000]
- [3.81519373 1.00300667 0.00000000]
- [3.70757312 1.02815243 0.00000000]
- [3.60002430 1.05310831 0.00000000]
- [3.49215556 1.07659986 0.00000000]
- [3.38420348 1.09988635 0.00000000]
- [3.27612640 1.12188670 0.00000000]
- [3.16772409 1.14292433 0.00000000]
- [3.05942940 1.16337954 0.00000000]
- [2.95065956 1.18166175 0.00000000]
- [2.84196960 1.19985399 0.00000000]
- [2.73258489 1.21271919 0.00000000]
- [2.63553047 1.22333526 0.00000000]
- [2.52362272 1.23679607 0.00000000]
- [2.41139155 1.24817500 0.00000000]
- [2.29925390 1.25816274 0.00000000]
- [2.18680482 1.26495686 0.00000000]
- [2.07447859 1.27068967 0.00000000]
- [1.96204688 1.27232064 0.00000000]
- [1.84971435 1.27271593 0.00000000]
- [1.75530235 1.27179834 0.00000000]
- [1.64568539 1.26957723 0.00000000]
- [1.53670970 1.25890097 0.00000000]
- [1.42800894 1.24685298 0.00000000]
- [1.32042577 1.22843895 0.00000000]
- [1.21331259 1.20727063 0.00000000]
- [1.10785588 1.18044670 0.00000000]
- [1.00365213 1.14853281 0.00000000]
- [0.90123632 1.11251324 0.00000000]
- [0.80181409 1.06908297 0.00000000]
- [0.70437299 1.02130811 0.00000000]
- [0.61101158 0.96730742 0.00000000]
- [0.52244695 0.90567816 0.00000000]
- [0.43778848 0.83874414 0.00000000]
- [0.35914020 0.76573407 0.00000000]
- [0.28830047 0.68525048 0.00000000]
- [0.22409899 0.59909250 0.00000000]
- [0.16758946 0.50805595 0.00000000]
- [0.12040974 0.41226076 0.00000000]
- [0.07241201 0.31612914 0.00000000]
- [0.03689722 0.20504556 0.00000000]
- [0.02001746 0.08913632 0.00000000]
- [0.01909092 -0.02738582 0.00000000]
- [0.03109105 -0.14378988 0.00000000]
- [0.06498239 -0.25514365 0.00000000]
- [0.11193504 -0.34837487 0.00000000]
- [0.15815031 -0.44133372 0.00000000]
- [0.21331635 -0.52955886 0.00000000]
- [0.27657343 -0.61224851 0.00000000]
- [0.34770327 -0.68839517 0.00000000]
- [0.42610823 -0.75779791 0.00000000]
- [0.50955769 -0.82196365 0.00000000]
- [0.59681404 -0.88063141 0.00000000]
- [0.68867701 -0.93229285 0.00000000]
- [0.78364328 -0.97949280 0.00000000]
- [0.88030522 -1.02250094 0.00000000]
- [0.97999183 -1.05898172 0.00000000]
- [1.08064161 -1.09323926 0.00000000]
- [1.18310511 -1.12143339 0.00000000]
- [1.28657941 -1.14700265 0.00000000]
- [1.39159712 -1.16673893 0.00000000]
- [1.44754718 -1.17567639 0.00000000]
- [1.55904677 -1.19154548 0.00000000]
- [1.67065512 -1.20558386 0.00000000]
- [1.78287563 -1.21385432 0.00000000]
- [1.89530582 -1.22041703 0.00000000]
- [2.00797414 -1.22182511 0.00000000]
- [2.12062096 -1.22169271 0.00000000]
- [2.23315643 -1.21639272 0.00000000]
- [2.36436003 -1.20993040 0.00000000]
- [2.47099060 -1.20045674 0.00000000]
- [2.57728826 -1.18911882 0.00000000]
- [2.68288734 -1.17237107 0.00000000]
- [2.78876849 -1.15538326 0.00000000]
- [2.89367465 -1.13482001 0.00000000]
- [2.99861096 -1.11226127 0.00000000]
- [3.10286484 -1.08843179 0.00000000]
- [3.20638137 -1.06062117 0.00000000]
- [3.30998196 -1.03266504 0.00000000]
- [3.41247229 -1.00150951 0.00000000]
- [3.51505651 -0.96915962 0.00000000]
- [3.61706880 -0.93599374 0.00000000]
- [3.71835157 -0.90019093 0.00000000]
- [3.81971732 -0.86423504 0.00000000]
- [3.92022566 -0.82645046 0.00000000]
- [4.02064943 -0.78754886 0.00000000]
- [4.12083894 -0.74845188 0.00000000]
- [4.22035271 -0.70758785 0.00000000]
- [4.32003572 -0.66653372 0.00000000]
- [4.42166228 -0.62400062 0.00000000]
- [4.52312749 -0.58079921 0.00000000]
- [4.62469460 -0.53755398 0.00000000]
- [4.72624899 -0.49426625 0.00000000]
- [4.82792621 -0.45095655 0.00000000]
- [4.92997418 -0.40819945 0.00000000]
- [5.03227469 -0.36616345 0.00000000]
- [5.13497996 -0.32439351 0.00000000]
- [5.23853190 -0.28481054 0.00000000]
- [5.34229529 -0.24548485 0.00000000]
- [5.44721997 -0.20887774 0.00000000]
- [5.55250327 -0.17354672 0.00000000]
- [5.65872959 -0.14049272 0.00000000]
- [5.76567243 -0.10993988 0.00000000]
- [5.87331419 -0.08142823 0.00000000]
- [5.98189240 -0.05628676 0.00000000]
- [6.09109493 -0.03366025 0.00000000]
- [6.20129166 -0.01500586 0.00000000]
- [6.31324967 -0.01120054 0.00000000]
- [6.42624309 -0.01095136 0.00000000]
- [6.53830066 -0.00545885 0.00000000]
- [6.65048373 -0.00302877 0.00000000]
- [6.76283728 -0.00649214 0.00000000]
- [6.87485518 -0.01553114 0.00000000]
- [6.98635669 -0.03060575 0.00000000]
- [7.09669311 -0.05341807 0.00000000]
- [7.19047677 -0.08621834 0.00000000]
- [4.33169689 -0.59614356 0.00000000]
- [4.34335806 -0.52575341 0.00000000]
- [4.35501922 -0.45536325 0.00000000]
- [4.36668039 -0.38497310 0.00000000]
- [4.37834156 -0.31458294 0.00000000]
- [4.39000273 -0.24419278 0.00000000]
- [4.40166389 -0.17380263 0.00000000]
- [4.41332506 -0.10341247 0.00000000]
- [4.42498623 -0.03302231 0.00000000]
- [4.43664739 0.03736784 0.00000000]
- [4.44830856 0.10775800 0.00000000]
- [4.45996973 0.17814816 0.00000000]
- [4.47163089 0.24853831 0.00000000]
- [4.48329206 0.31892847 0.00000000]
- [4.49495323 0.38931862 0.00000000]
- [4.50661439 0.45970878 0.00000000]
- [4.51827556 0.53009894 0.00000000]
- [4.52993673 0.60048909 0.00000000]
- [4.54159789 0.67087925 0.00000000]
- [4.55325906 0.74126941 0.00000000]
- [1.45937563 -1.10366486 0.00000000]
- [1.47120407 -1.03165332 0.00000000]
- [1.48303252 -0.95964178 0.00000000]
- [1.49486097 -0.88763024 0.00000000]
- [1.50668941 -0.81561870 0.00000000]
- [1.51851786 -0.74360716 0.00000000]
- [1.53034630 -0.67159562 0.00000000]
- [1.54217475 -0.59958408 0.00000000]
- [1.55400320 -0.52757254 0.00000000]
- [1.56583164 -0.45556101 0.00000000]
- [1.57766009 -0.38354947 0.00000000]
- [1.58948853 -0.31153793 0.00000000]
- [1.60131698 -0.23952639 0.00000000]
- [1.61314543 -0.16751485 0.00000000]
- [1.62497387 -0.09550331 0.00000000]
- [1.63680232 -0.02349177 0.00000000]
- [1.64863076 0.04851977 0.00000000]
- [1.66045921 0.12053131 0.00000000]
- [1.67228766 0.19254285 0.00000000]
- [1.68411610 0.26455438 0.00000000]
- [1.69594455 0.33656592 0.00000000]
- [1.70777299 0.40857746 0.00000000]
- [1.71960144 0.48058900 0.00000000]
- [1.73142989 0.55260054 0.00000000]
- [1.74325833 0.62461208 0.00000000]
- [1.75508678 0.69662362 0.00000000]
- [1.76691522 0.76863516 0.00000000]
- [1.77874367 0.84064670 0.00000000]
- [1.79057212 0.91265823 0.00000000]
- [1.80240056 0.98466977 0.00000000]
- [1.81422901 1.05668131 0.00000000]
- [1.82605745 1.12869285 0.00000000]
- [1.83788590 1.20070439 0.00000000]
- [2.24499096 -1.14463601 0.00000000]
- [2.25682549 -1.07287931 0.00000000]
- [2.26866002 -1.00112260 0.00000000]
- [2.28049455 -0.92936590 0.00000000]
- [2.29232908 -0.85760919 0.00000000]
- [2.30416361 -0.78585249 0.00000000]
- [2.31599814 -0.71409578 0.00000000]
- [2.32783267 -0.64233908 0.00000000]
- [2.33966720 -0.57058237 0.00000000]
- [2.35150173 -0.49882567 0.00000000]
- [2.36333626 -0.42706896 0.00000000]
- [2.37517079 -0.35531226 0.00000000]
- [2.38700532 -0.28355555 0.00000000]
- [2.39883985 -0.21179885 0.00000000]
- [2.41067438 -0.14004214 0.00000000]
- [2.42250892 -0.06828543 0.00000000]
- [2.43434345 0.00347127 0.00000000]
- [2.44617798 0.07522798 0.00000000]
- [2.45801251 0.14698468 0.00000000]
- [2.46984704 0.21874139 0.00000000]
- [2.48168157 0.29049809 0.00000000]
- [2.49351610 0.36225480 0.00000000]
- [2.50535063 0.43401150 0.00000000]
- [2.51718516 0.50576821 0.00000000]
- [2.52901969 0.57752491 0.00000000]
- [2.54085422 0.64928162 0.00000000]
- [2.55268875 0.72103832 0.00000000]
- [2.56452328 0.79279503 0.00000000]
- [2.57635781 0.86455173 0.00000000]
- [2.58819234 0.93630844 0.00000000]
- [2.60002687 1.00806514 0.00000000]
- [2.61186140 1.07982185 0.00000000]
- [2.62369594 1.15157855 0.00000000]
elements:
- [1 2]
- [2 3]
- [3 4]
- [4 5]
- [5 6]
- [6 7]
- [7 8]
- [8 9]
- [9 10]
- [10 11]
- [11 12]
- [12 13]
- [13 14]
- [14 15]
- [15 16]
- [16 17]
- [17 18]
- [18 19]
- [19 20]
- [20 21]
- [21 22]
- [22 23]
- [23 24]
- [24 25]
- [25 26]
- [26 27]
- [27 28]
- [28 29]
- [29 30]
- [30 31]
- [31 32]
- [32 33]
- [33 34]
- [34 35]
- [35 36]
- [36 37]
- [37 38]
- [38 39]
- [39 40]
- [40 41]
- [41 42]
- [42 43]
- [43 44]
- [44 45]
- [45 46]
- [46 47]
- [47 48]
- [48 49]
- [49 50]
- [50 51]
- [51 52]
- [52 53]
- [53 54]
- [54 55]
- [55 56]
- [56 57]
- [57 58]
- [58 59]
- [59 60]
- [60 61]
- [61 62]
- [62 63]
- [63 64]
- [64 65]
- [65 66]
- [66 67]
- [67 68]
- [68 69]
- [69 70]
- [70 71]
- [71 72]
- [72 73]
- [73 74]
- [74 75]
- [75 76]
- [76 77]
- [77 78]
- [78 79]
- [79 80]
- [80 81]
- [81 82]
- [82 83]
- [83 84]
- [84 85]
- [85 86]
- [86 87]
- [87 88]
- [88 89]
- [89 90]
- [90 91]
- [91 92]
- [92 93]
- [93 94]
- [94 95]
- [95 96]
- [96 97]
- [97 98]
- [98 99]
- [99 100]
- [100 101]
- [101 102]
- [102 103]
- [103 104]
- [104 105]
- [105 106]
- [106 107]
- [107 108]
- [108 109]
- [109 110]
- [110 111]
- [111 112]
- [112 113]
- [113 114]
- [114 115]
- [115 116]
- [116 117]
- [117 118]
- [118 119]
- [119 120]
- [120 121]
- [121 122]
- [122 123]
- [123 124]
- [124 125]
- [125 126]
- [126 127]
- [127 128]
- [128 129]
- [129 130]
- [130 131]
- [131 132]
- [132 133]
- [133 134]
- [134 135]
- [135 136]
- [136 137]
- [137 138]
- [138 139]
- [139 140]
- [140 141]
- [141 142]
- [142 143]
- [143 144]
- [144 145]
- [145 146]
- [146 147]
- [147 1]
- [120 148]
- [148 149]
- [149 150]
- [150 151]
- [151 152]
- [152 153]
- [153 154]
- [154 155]
- [155 156]
- [156 157]
- [157 158]
- [158 159]
- [159 160]
- [160 161]
- [161 162]
- [162 163]
- [163 164]
- [164 165]
- [165 166]
- [166 167]
- [167 26]
- [93 168]
- [168 169]
- [169 170]
- [170 171]
- [171 172]
- [172 173]
- [173 174]
- [174 175]
- [175 176]
- [176 177]
- [177 178]
- [178 179]
- [179 180]
- [180 181]
- [181 182]
- [182 183]
- [183 184]
- [184 185]
- [185 186]
- [186 187]
- [187 188]
- [188 189]
- [189 190]
- [190 191]
- [191 192]
- [192 193]
- [193 194]
- [194 195]
- [195 196]
- [196 197]
- [197 198]
- [198 199]
- [199 200]
- [200 51]
- [100 201]
- [201 202]
- [202 203]
- [203 204]
- [204 205]
- [205 206]
- [206 207]
- [207 208]
- [208 209]
- [209 210]
- [210 211]
- [211 212]
- [212 213]
- [213 214]
- [214 215]
- [215 216]
- [216 217]
- [217 218]
- [218 219]
- [219 220]
- [220 221]
- [221 222]
- [222 223]
- [223 224]
- [224 225]
- [225 226]
- [226 227]
- [227 228]
- [228 229]
- [229 230]
- [230 231]
- [231 232]
- [232 233]
- [233 44]
sets:
  element:
  - name: layup_0
    labels:
    - 1
    - 2
    - 3
    - 4
    - 5
    - 6
    - 7
    - 8
    - 139
    - 140
    - 141
    - 142
    - 143
    - 144
    - 145
    - 146
    - 147
  - name: layup_1
    labels:
    - 9
    - 10
    - 11
    - 12
    - 13
    - 14
    - 15
    - 16
    - 17
    - 18
    - 19
    - 20
    - 21
    - 22
    - 23
    - 24
    - 25
    - 26
    - 27
    - 28
    - 29
    - 30
    - 31
    - 32
    - 33
    - 34
    - 35
    - 36
    - 37
    - 38
    - 39
    - 40
    - 41
    - 42
    - 52
    - 53
    - 54
    - 55
    - 56
    - 57
    - 58
    - 59
    - 60
    - 61
    - 62
    - 63
    - 64
    - 65
    - 66
    - 67
    - 68
    - 69
    - 70
    - 76
    - 77
    - 78
    - 79
    - 80
    - 81
    - 82
    - 83
    - 84
    - 85
    - 86
    - 87
    - 88
    - 89
    - 90
    - 91
    - 101
    - 102
    - 103
    - 104
    - 105
    - 106
    - 107
    - 108
    - 109
    - 110
    - 111
    - 112
    - 113
    - 114
    - 115
    - 116
    - 117
    - 118
    - 119
    - 120
    - 121
    - 122
    - 123
    - 124
    - 125
    - 126
    - 127
    - 128
    - 129
    - 130
    - 131
    - 132
    - 133
    - 134
    - 135
    - 136
    - 137
    - 138
  - name: layup_2
    labels:
    - 43
    - 44
    - 45
    - 46
    - 47
    - 48
    - 49
    - 50
    - 51
  - name: layup_3
    labels:
    - 71
    - 72
    - 73
    - 74
    - 75
  - name: layup_4
    labels:
    - 92
    - 93
    - 94
    - 95
    - 96
    - 97
    - 98
    - 99
    - 100
  - name: layup_5
    labels:
    - 148
    - 149
    - 150
    - 151
    - 152
    - 153
    - 154
    - 155
    - 156
    - 157
    - 158
    - 159
    - 160
    - 161
    - 162
    - 163
    - 164
    - 165
    - 166
    - 167
    - 168
    - 169
    - 170
    - 171
    - 172
    - 173
    - 174
    - 175
    - 176
    - 177
    - 178
    - 179
    - 180
    - 181
    - 182
    - 183
    - 184
    - 185
    - 186
    - 187
    - 188
    - 189
    - 190
    - 191
    - 192
    - 193
    - 194
    - 195
    - 196
    - 197
    - 198
    - 199
    - 200
    - 201
    - 202
    - 203
    - 204
    - 205
    - 206
    - 207
    - 208
    - 209
    - 210
    - 211
    - 212
    - 213
    - 214
    - 215
    - 216
    - 217
    - 218
    - 219
    - 220
    - 221
    - 222
    - 223
    - 224
    - 225
    - 226
    - 227
    - 228
    - 229
    - 230
    - 231
    - 232
    - 233
    - 234
    - 235
    - 236
sections:
- type: shell
  elementSet: layup_0
  layup:
  - - gelcoat
    - 0.0005
    - 0.0
  - - glass_triax
    - 0.00300294
    - 0.0
  - - glass_uniax
    - 0.02609467
    - 0.0
  - - glass_triax
    - 0.00300294
    - 0.0
- type: shell
  elementSet: layup_1
  layup:
  - - gelcoat
    - 0.0005
    - 0.0
  - - glass_triax
    - 0.00300294
    - 0.0
  - - medium_density_foam
    - 0.07060815
    - 0.0
  - - glass_triax
    - 0.00300294
    - 0.0
- type: shell
  elementSet: layup_2
  layup:
  - - gelcoat
    - 0.0005
    - 0.0
  - - glass_triax
    - 0.00300294
    - 0.0
  - - carbon_uniax
    - 0.08105991
    - 0.0
  - - glass_triax
    - 0.00300294
    - 0.0
- type: shell
  elementSet: layup_3
  layup:
  - - gelcoat
    - 0.0005
    - 0.0
  - - glass_triax
    - 0.00300294
    - 0.0
  - - glass_uniax
    - 0.02158284
    - 0.0
  - - glass_triax
    - 0.00300294
    - 0.0
- type: shell
  elementSet: layup_4
  layup:
  - - gelcoat
    - 0.0005
    - 0.0
  - - glass_triax
    - 0.00300294
    - 0.0
  - - carbon_uniax
    - 0.07707452
    - 0.0
  - - glass_triax
    - 0.00300294
    - 0.0
- type: shell
  elementSet: layup_5
  layup:
  - - glass_biax
    - 0.002
    - 0.0
  - - medium_density_foam
    - 0.042
    - 0.0
  - - glass_biax
    - 0.002
    - 0.0
elementOrientations:
- [0.0, 0.0, 1.0, -0.9677004355955691, 0.2521028896068943, 0.0, -0.2521028896068943,
  -0.9677004355955691, 0.0]
- [0.0, 0.0, 1.0, -0.96076697881334, 0.27735683229710995, 0.0, -0.27735683229710995,
  -0.96076697881334, 0.0]
- [0.0, 0.0, 1.0, -0.9619317441541594, 0.2732898087901135, 0.0, -0.2732898087901135,
  -0.9619317441541594, 0.0]
- [0.0, 0.0, 1.0, -0.9626037794119126, 0.27091320355771153, 0.0, -0.27091320355771153,
  -0.9626037794119126, 0.0]
- [0.0, 0.0, 1.0, -0.9629961320519149, 0.2695152122850413, 0.0, -0.2695152122850413,
  -0.9629961320519149, 0.0]
- [0.0, 0.0, 1.0, -0.9625179553829111, 0.271217966892867, 0.0, -0.271217966892867,
  -0.9625179553829111, 0.0]
- [0.0, 0.0, 1.0, -0.9622311383404659, 0.2722337899820872, 0.0, -0.2722337899820872,
  -0.9622311383404659, 0.0]
- [0.0, 0.0, 1.0, -0.9842050023411215, 0.17703252064723268, 0.0, -0.17703252064723268,
  -0.9842050023411215, 0.0]
- [0.0, 0.0, 1.0, -0.9847198611611236, 0.17414590157341506, 0.0, -0.17414590157341506,
  -0.9847198611611236, 0.0]
- [0.0, 0.0, 1.0, -0.961495686558879, 0.2748200224304445, 0.0, -0.2748200224304445,
  -0.961495686558879, 0.0]
- [0.0, 0.0, 1.0, -0.9614519840356873, 0.27497287574202733, 0.0, -0.27497287574202733,
  -0.9614519840356873, 0.0]
- [0.0, 0.0, 1.0, -0.9613394998896734, 0.2753658765204446, 0.0, -0.2753658765204446,
  -0.9613394998896734, 0.0]
- [0.0, 0.0, 1.0, -0.9613593453357943, 0.27529658395180445, 0.0, -0.27529658395180445,
  -0.9613593453357943, 0.0]
- [0.0, 0.0, 1.0, -0.9614752751942488, 0.27489142436631886, 0.0, -0.27489142436631886,
  -0.9614752751942488, 0.0]
- [0.0, 0.0, 1.0, -0.9614941303416586, 0.27482546701231586, 0.0, -0.27482546701231586,
  -0.9614941303416586, 0.0]
- [0.0, 0.0, 1.0, -0.961855584167464, 0.27355773651254434, 0.0, -0.27355773651254434,
  -0.961855584167464, 0.0]
- [0.0, 0.0, 1.0, -0.9618751643329295, 0.2734888813818576, 0.0, -0.2734888813818576,
  -0.9618751643329295, 0.0]
- [0.0, 0.0, 1.0, -0.9623385989767256, 0.27185367556741463, 0.0, -0.27185367556741463,
  -0.9623385989767256, 0.0]
- [0.0, 0.0, 1.0, -0.9624869369664046, 0.27132802319153854, 0.0, -0.27132802319153854,
  -0.9624869369664046, 0.0]
- [0.0, 0.0, 1.0, -0.9629349521857523, 0.26973371657807793, 0.0, -0.26973371657807793,
  -0.9629349521857523, 0.0]
- [0.0, 0.0, 1.0, -0.9634413215011827, 0.26791942823180026, 0.0, -0.26791942823180026,
  -0.9634413215011827, 0.0]
- [0.0, 0.0, 1.0, -0.9636293362457609, 0.2672424036835366, 0.0, -0.2672424036835366,
  -0.9636293362457609, 0.0]
- [0.0, 0.0, 1.0, -0.9645557334893494, 0.26387920909541746, 0.0, -0.26387920909541746,
  -0.9645557334893494, 0.0]
- [0.0, 0.0, 1.0, -0.9646462651978099, 0.2635480659005419, 0.0, -0.2635480659005419,
  -0.9646462651978099, 0.0]
- [0.0, 0.0, 1.0, -0.9656592841690184, 0.2598117528099509, 0.0, -0.2598117528099509,
  -0.9656592841690184, 0.0]
- [0.0, 0.0, 1.0, -0.9661778891506736, 0.2578764946953268, 0.0, -0.2578764946953268,
  -0.9661778891506736, 0.0]
- [0.0, 0.0, 1.0, -0.9667235734227253, 0.25582324481719143, 0.0, -0.25582324481719143,
  -0.9667235734227253, 0.0]
- [0.0, 0.0, 1.0, -0.9681962306463351, 0.2501920441625366, 0.0, -0.2501920441625366,
  -0.9681962306463351, 0.0]
- [0.0, 0.0, 1.0, -0.9682520666781635, 0.24997586958237591, 0.0, -0.24997586958237591,
  -0.9682520666781635, 0.0]
- [0.0, 0.0, 1.0, -0.9702807001133548, 0.24198215427493439, 0.0, -0.24198215427493439,
  -0.9702807001133548, 0.0]
- [0.0, 0.0, 1.0, -0.9707465417630465, 0.24010654229963396, 0.0, -0.24010654229963396,
  -0.9707465417630465, 0.0]
- [0.0, 0.0, 1.0, -0.9719869484651602, 0.23503483148968798, 0.0, -0.23503483148968798,
  -0.9719869484651602, 0.0]
- [0.0, 0.0, 1.0, -0.9737725114221182, 0.22752383611099006, 0.0, -0.22752383611099006,
  -0.9737725114221182, 0.0]
- [0.0, 0.0, 1.0, -0.974118760150521, 0.22603681364506084, 0.0, -0.22603681364506084,
  -0.974118760150521, 0.0]
- [0.0, 0.0, 1.0, -0.9770976662658198, 0.21279133106846357, 0.0, -0.21279133106846357,
  -0.9770976662658198, 0.0]
- [0.0, 0.0, 1.0, -0.9775159893651344, 0.2108613063971254, 0.0, -0.2108613063971254,
  -0.9775159893651344, 0.0]
- [0.0, 0.0, 1.0, -0.979903758897865, 0.1994708582671537, 0.0, -0.1994708582671537,
  -0.979903758897865, 0.0]
- [0.0, 0.0, 1.0, -0.9816841986561878, 0.19051544322904218, 0.0, -0.19051544322904218,
  -0.9816841986561878, 0.0]
- [0.0, 0.0, 1.0, -0.9826248628808472, 0.18560274472215157, 0.0, -0.18560274472215157,
  -0.9826248628808472, 0.0]
- [0.0, 0.0, 1.0, -0.9861667145105966, 0.1657564815968758, 0.0, -0.1657564815968758,
  -0.9861667145105966, 0.0]
- [0.0, 0.0, 1.0, -0.9862800100883724, 0.1650810155653276, 0.0, -0.1650810155653276,
  -0.9862800100883724, 0.0]
- [0.0, 0.0, 1.0, -0.99315439298484, 0.11680903944007917, 0.0, -0.11680903944007917,
  -0.99315439298484, 0.0]
- [0.0, 0.0, 1.0, -0.994070865642675, 0.108734144041432, 0.0, -0.108734144041432,
  -0.994070865642675, 0.0]
- [0.0, 0.0, 1.0, -0.9928433396608468, 0.11942404653626691, 0.0, -0.11942404653626691,
  -0.9928433396608468, 0.0]
- [0.0, 0.0, 1.0, -0.9948994931537304, 0.10087119768521821, 0.0, -0.10087119768521821,
  -0.9948994931537304, 0.0]
- [0.0, 0.0, 1.0, -0.9960570028736531, 0.08871553993723622, 0.0, -0.08871553993723622,
  -0.9960570028736531, 0.0]
- [0.0, 0.0, 1.0, -0.9981797183987274, 0.060309615961612814, 0.0, -0.060309615961612814,
  -0.9981797183987274, 0.0]
- [0.0, 0.0, 1.0, -0.9987001442396041, 0.050970794537598174, 0.0, -0.050970794537598174,
  -0.9987001442396041, 0.0]
- [0.0, 0.0, 1.0, -0.9998948008986732, 0.014504728049930637, 0.0, -0.014504728049930637,
  -0.9998948008986732, 0.0]
- [0.0, 0.0, 1.0, -0.9999938084921229, 0.003518945498212668, 0.0, -0.003518945498212668,
  -0.9999938084921229, 0.0]
- [0.0, 0.0, 1.0, -0.9999527737283954, -0.009718555082343826, 0.0, 0.009718555082343826,
  -0.9999527737283954, 0.0]
- [0.0, 0.0, 1.0, -0.9997947805907261, -0.020258250258646755, 0.0, 0.020258250258646755,
  -0.9997947805907261, 0.0]
- [0.0, 0.0, 1.0, -0.9952352903665882, -0.09750239386257488, 0.0, 0.09750239386257488,
  -0.9952352903665882, 0.0]
- [0.0, 0.0, 1.0, -0.993913672372275, -0.1101617532152518, 0.0, 0.1101617532152518,
  -0.993913672372275, 0.0]
- [0.0, 0.0, 1.0, -0.9856661610664655, -0.1687074951758114, 0.0, 0.1687074951758114,
  -0.9856661610664655, 0.0]
- [0.0, 0.0, 1.0, -0.9810260543331424, -0.19387594156972213, 0.0, 0.19387594156972213,
  -0.9810260543331424, 0.0]
- [0.0, 0.0, 1.0, -0.9691402075223414, -0.24651015833744697, 0.0, 0.24651015833744697,
  -0.9691402075223414, 0.0]
- [0.0, 0.0, 1.0, -0.9561619657515934, -0.29283834320329116, 0.0, 0.29283834320329116,
  -0.9561619657515934, 0.0]
- [0.0, 0.0, 1.0, -0.9433574533849508, -0.33177811130793466, 0.0, 0.33177811130793466,
  -0.9433574533849508, 0.0]
- [0.0, 0.0, 1.0, -0.9163837811389395, -0.40030084394802407, 0.0, 0.40030084394802407,
  -0.9163837811389395, 0.0]
- [0.0, 0.0, 1.0, -0.8978857209933715, -0.4402286133774286, 0.0, 0.4402286133774286,
  -0.8978857209933715, 0.0]
- [0.0, 0.0, 1.0, -0.8656298781080695, -0.5006844456607463, 0.0, 0.5006844456607463,
  -0.8656298781080695, 0.0]
- [0.0, 0.0, 1.0, -0.8208222337709453, -0.5711837362419167, 0.0, 0.5711837362419167,
  -0.8208222337709453, 0.0]
- [0.0, 0.0, 1.0, -0.7844392213412985, -0.6202056981530059, 0.0, 0.6202056981530059,
  -0.7844392213412985, 0.0]
- [0.0, 0.0, 1.0, -0.732888628079434, -0.6803486303593511, 0.0, 0.6803486303593511,
  -0.732888628079434, 0.0]
- [0.0, 0.0, 1.0, -0.6607023922933217, -0.7506479526501632, 0.0, 0.7506479526501632,
  -0.6607023922933217, 0.0]
- [0.0, 0.0, 1.0, -0.5975132673210367, -0.8018590246267352, 0.0, 0.8018590246267352,
  -0.5975132673210367, 0.0]
- [0.0, 0.0, 1.0, -0.5273903811454911, -0.8496230845941122, 0.0, 0.8496230845941122,
  -0.5273903811454911, 0.0]
- [0.0, 0.0, 1.0, -0.4418272993100376, -0.8971001268444891, 0.0, 0.8971001268444891,
  -0.4418272993100376, 0.0]
- [0.0, 0.0, 1.0, -0.4467066522487669, -0.8946804830981278, 0.0, 0.8946804830981278,
  -0.4467066522487669, 0.0]
- [0.0, 0.0, 1.0, -0.3045271776202957, -0.9525036472846794, 0.0, 0.9525036472846794,
  -0.3045271776202957, 0.0]
- [0.0, 0.0, 1.0, -0.14410901966087325, -0.9895618173981765, 0.0, 0.9895618173981765,
  -0.14410901966087325, 0.0]
- [0.0, 0.0, 1.0, -0.007951324354565598, -0.9999683877208362, 0.0, 0.9999683877208362,
  -0.007951324354565598, 0.0]
- [0.0, 0.0, 1.0, 0.10254681989434623, -0.9947281788154775, 0.0, 0.9947281788154775,
  0.10254681989434623, 0.0]
- [0.0, 0.0, 1.0, 0.2911699250753746, -0.9566713514742671, 0.0, 0.9566713514742671,
  0.2911699250753746, 0.0]
- [0.0, 0.0, 1.0, 0.44979482195367837, -0.8931319153090761, 0.0, 0.8931319153090761,
  0.44979482195367837, 0.0]
- [0.0, 0.0, 1.0, 0.4451767974673799, -0.8954426944236507, 0.0, 0.8954426944236507,
  0.4451767974673799, 0.0]
- [0.0, 0.0, 1.0, 0.5301739317161404, -0.847888909072792, 0.0, 0.847888909072792,
  0.5301739317161404, 0.0]
- [0.0, 0.0, 1.0, 0.6075945032236595, -0.7942473919707854, 0.0, 0.7942473919707854,
  0.6075945032236595, 0.0]
- [0.0, 0.0, 1.0, 0.6826239599150825, -0.730769819676382, 0.0, 0.730769819676382,
  0.6826239599150825, 0.0]
- [0.0, 0.0, 1.0, 0.7487856151752086, -0.6628122679210791, 0.0, 0.6628122679210791,
  0.7487856151752086, 0.0]
- [0.0, 0.0, 1.0, 0.7927440284002177, -0.6095546779705613, 0.0, 0.6095546779705613,
  0.7927440284002177, 0.0]
- [0.0, 0.0, 1.0, 0.8298628730671057, -0.5579673932272465, 0.0, 0.5579673932272465,
  0.8298628730671057, 0.0]
- [0.0, 0.0, 1.0, 0.8716220669203381, -0.4901785108075605, 0.0, 0.4901785108075605,
  0.8716220669203381, 0.0]
- [0.0, 0.0, 1.0, 0.8954927817043898, -0.4450760361054438, 0.0, 0.4450760361054438,
  0.8954927817043898, 0.0]
- [0.0, 0.0, 1.0, 0.9136456226872379, -0.4065115941082731, 0.0, 0.4065115941082731,
  0.9136456226872379, 0.0]
- [0.0, 0.0, 1.0, 0.9390922463922243, -0.34366517537569286, 0.0, 0.34366517537569286,
  0.9390922463922243, 0.0]
- [0.0, 0.0, 1.0, 0.9466677355661846, -0.3222114188510277, 0.0, 0.3222114188510277,
  0.9466677355661846, 0.0]
- [0.0, 0.0, 1.0, 0.9641652932282029, -0.2653022565568818, 0.0, 0.2653022565568818,
  0.9641652932282029, 0.0]
- [0.0, 0.0, 1.0, 0.9707996374208716, -0.23989177556453337, 0.0, 0.23989177556453337,
  0.9707996374208716, 0.0]
- [0.0, 0.0, 1.0, 0.9827950511980784, -0.18469945138133578, 0.0, 0.18469945138133578,
  0.9827950511980784, 0.0]
- [0.0, 0.0, 1.0, 0.9874806397949608, -0.15774024860553143, 0.0, 0.15774024860553143,
  0.9874806397949608, 0.0]
- [0.0, 0.0, 1.0, 0.9900232321075468, -0.14090422238998515, 0.0, 0.14090422238998515,
  0.9900232321075468, 0.0]
- [0.0, 0.0, 1.0, 0.9921820202602255, -0.12479919339618178, 0.0, 0.12479919339618178,
  0.9921820202602255, 0.0]
- [0.0, 0.0, 1.0, 0.9972952938391022, -0.07349895840335986, 0.0, 0.07349895840335986,
  0.9972952938391022, 0.0]
- [0.0, 0.0, 1.0, 0.9983007318810491, -0.058272195134230834, 0.0, 0.058272195134230834,
  0.9983007318810491, 0.0]
- [0.0, 0.0, 1.0, 0.9999219144891912, -0.012496596507470991, 0.0, 0.012496596507470991,
  0.9999219144891912, 0.0]
- [0.0, 0.0, 1.0, 0.9999993093041277, 0.0011753260260558983, 0.0, -0.0011753260260558983,
  0.9999993093041277, 0.0]
- [0.0, 0.0, 1.0, 0.9988928152655538, 0.04704406031430593, 0.0, -0.04704406031430593,
  0.9988928152655538, 0.0]
- [0.0, 0.0, 1.0, 0.9987892182681902, 0.0491944861871482, 0.0, -0.0491944861871482,
  0.9987892182681902, 0.0]
- [0.0, 0.0, 1.0, 0.9960764355137465, 0.0884970881680828, 0.0, -0.0884970881680828,
  0.9960764355137465, 0.0]
- [0.0, 0.0, 1.0, 0.9943596966976136, 0.10606032992325568, 0.0, -0.10606032992325568,
  0.9943596966976136, 0.0]
- [0.0, 0.0, 1.0, 0.9876558094099722, 0.15663972082052702, 0.0, -0.15663972082052702,
  0.9876558094099722, 0.0]
- [0.0, 0.0, 1.0, 0.9873724182480866, 0.15841624816579045, 0.0, -0.15841624816579045,
  0.9873724182480866, 0.0]
- [0.0, 0.0, 1.0, 0.9813253772008486, 0.1923551508580219, 0.0, -0.1923551508580219,
  0.9813253772008486, 0.0]
- [0.0, 0.0, 1.0, 0.9776640236127495, 0.21017387309874905, 0.0, -0.21017387309874905,
  0.9776640236127495, 0.0]
- [0.0, 0.0, 1.0, 0.9748584530302338, 0.22282503574665824, 0.0, -0.22282503574665824,
  0.9748584530302338, 0.0]
- [0.0, 0.0, 1.0, 0.9657543107991688, 0.2594583033414471, 0.0, -0.2594583033414471,
  0.9657543107991688, 0.0]
- [0.0, 0.0, 1.0, 0.9654666767433017, 0.26052657464881634, 0.0, -0.26052657464881634,
  0.9654666767433017, 0.0]
- [0.0, 0.0, 1.0, 0.9567704862348163, 0.29084400745071765, 0.0, -0.29084400745071765,
  0.9567704862348163, 0.0]
- [0.0, 0.0, 1.0, 0.9537030704592745, 0.30074981861432987, 0.0, -0.30074981861432987,
  0.9537030704592745, 0.0]
- [0.0, 0.0, 1.0, 0.9510014940039204, 0.3091862843049658, 0.0, -0.3091862843049658,
  0.9510014940039204, 0.0]
- [0.0, 0.0, 1.0, 0.9428267671024512, 0.3332831937484101, 0.0, -0.3332831937484101,
  0.9428267671024512, 0.0]
- [0.0, 0.0, 1.0, 0.9424646603893638, 0.3343057940227197, 0.0, -0.3343057940227197,
  0.9424646603893638, 0.0]
- [0.0, 0.0, 1.0, 0.9360412058561562, 0.3518904104111857, 0.0, -0.3518904104111857,
  0.9360412058561562, 0.0]
- [0.0, 0.0, 1.0, 0.932480903641718, 0.3612192746013494, 0.0, -0.3612192746013494,
  0.932480903641718, 0.0]
- [0.0, 0.0, 1.0, 0.9315819173959048, 0.3635314720639322, 0.0, -0.3635314720639322,
  0.9315819173959048, 0.0]
- [0.0, 0.0, 1.0, 0.9250449429908459, 0.37985767525095854, 0.0, -0.37985767525095854,
  0.9250449429908459, 0.0]
- [0.0, 0.0, 1.0, 0.9246513857489912, 0.3808146725540788, 0.0, -0.3808146725540788,
  0.9246513857489912, 0.0]
- [0.0, 0.0, 1.0, 0.922467670812732, 0.38607434038709876, 0.0, -0.38607434038709876,
  0.922467670812732, 0.0]
- [0.0, 0.0, 1.0, 0.9200738274288478, 0.39174500900513193, 0.0, -0.39174500900513193,
  0.9200738274288478, 0.0]
- [0.0, 0.0, 1.0, 0.9200724234367977, 0.39174830648151865, 0.0, -0.39174830648151865,
  0.9200724234367977, 0.0]
- [0.0, 0.0, 1.0, 0.9199158847109025, 0.3921157546650703, 0.0, -0.3921157546650703,
  0.9199158847109025, 0.0]
- [0.0, 0.0, 1.0, 0.9200150781406048, 0.39188296211233375, 0.0, -0.39188296211233375,
  0.9200150781406048, 0.0]
- [0.0, 0.0, 1.0, 0.9223142785009165, 0.3864406444375819, 0.0, -0.3864406444375819,
  0.9223142785009165, 0.0]
- [0.0, 0.0, 1.0, 0.9249571487752205, 0.3800714050407037, 0.0, -0.3800714050407037,
  0.9249571487752205, 0.0]
- [0.0, 0.0, 1.0, 0.9263220526022363, 0.37673260392854224, 0.0, -0.37673260392854224,
  0.9263220526022363, 0.0]
- [0.0, 0.0, 1.0, 0.9340831855765194, 0.3570554612706849, 0.0, -0.3570554612706849,
  0.9340831855765194, 0.0]
- [0.0, 0.0, 1.0, 0.9350956171700288, 0.35439552303803573, 0.0, -0.35439552303803573,
  0.9350956171700288, 0.0]
- [0.0, 0.0, 1.0, 0.944184871256797, 0.3294160422471646, 0.0, -0.3294160422471646,
  0.944184871256797, 0.0]
- [0.0, 0.0, 1.0, 0.9480422240537416, 0.3181445291235341, 0.0, -0.3181445291235341,
  0.9480422240537416, 0.0]
- [0.0, 0.0, 1.0, 0.9548419775022555, 0.29711411612305144, 0.0, -0.29711411612305144,
  0.9548419775022555, 0.0]
- [0.0, 0.0, 1.0, 0.9615292921987152, 0.2747024212558705, 0.0, -0.2747024212558705,
  0.9615292921987152, 0.0]
- [0.0, 0.0, 1.0, 0.9666646961185703, 0.2560456312417613, 0.0, -0.2560456312417613,
  0.9666646961185703, 0.0]
- [0.0, 0.0, 1.0, 0.9742239122696716, 0.22558317482023166, 0.0, -0.22558317482023166,
  0.9742239122696716, 0.0]
- [0.0, 0.0, 1.0, 0.9792018652422116, 0.20288841047771444, 0.0, -0.20288841047771444,
  0.9792018652422116, 0.0]
- [0.0, 0.0, 1.0, 0.985972477751594, 0.16690797798901783, 0.0, -0.16690797798901783,
  0.985972477751594, 0.0]
- [0.0, 0.0, 1.0, 0.9994228791470885, 0.033969230744073896, 0.0, -0.033969230744073896,
  0.9994228791470885, 0.0]
- [0.0, 0.0, 1.0, 0.9999975684398872, 0.0022052469959579356, 0.0, -0.0022052469959579356,
  0.9999975684398872, 0.0]
- [0.0, 0.0, 1.0, 0.998800921538339, 0.048956298207327, 0.0, -0.048956298207327, 0.998800921538339,
  0.0]
- [0.0, 0.0, 1.0, 0.9997654686769366, 0.02165658424556161, 0.0, -0.02165658424556161,
  0.9997654686769366, 0.0]
- [0.0, 0.0, 1.0, 0.9995252303364124, -0.030810938332709314, 0.0, 0.030810938332709314,
  0.9995252303364124, 0.0]
- [0.0, 0.0, 1.0, 0.9967601720992036, -0.08043108426949194, 0.0, 0.08043108426949194,
  0.9967601720992036, 0.0]
- [0.0, 0.0, 1.0, 0.9909843638393481, -0.13397757508599212, 0.0, 0.13397757508599212,
  0.9909843638393481, 0.0]
- [0.0, 0.0, 1.0, 0.9792884270293511, -0.20247018715450218, 0.0, 0.20247018715450218,
  0.9792884270293511, 0.0]
- [0.0, 0.0, 1.0, 0.943933670803221, -0.3301351619018436, 0.0, 0.3301351619018436,
  0.943933670803221, 0.0]
- [0.0, 0.0, 1.0, -0.017417065413620255, 0.999848311411475, 0.0, -0.999848311411475,
  -0.017417065413620255, 0.0]
- [0.0, 0.0, 1.0, 0.163437168261453, 0.9865537451303287, 0.0, -0.9865537451303287,
  0.163437168261453, 0.0]
- [0.0, 0.0, 1.0, 0.163437168261453, 0.9865537451303287, 0.0, -0.9865537451303287,
  0.163437168261453, 0.0]
- [0.0, 0.0, 1.0, 0.16343716826146507, 0.9865537451303266, 0.0, -0.9865537451303266,
  0.16343716826146507, 0.0]
- [0.0, 0.0, 1.0, 0.163437168261453, 0.9865537451303287, 0.0, -0.9865537451303287,
  0.163437168261453, 0.0]
- [0.0, 0.0, 1.0, 0.163437168261453, 0.9865537451303287, 0.0, -0.9865537451303287,
  0.163437168261453, 0.0]
- [0.0, 0.0, 1.0, 0.163437168261453, 0.9865537451303287, 0.0, -0.9865537451303287,
  0.163437168261453, 0.0]
- [0.0, 0.0, 1.0, 0.16343716826146507, 0.9865537451303266, 0.0, -0.9865537451303266,
  0.16343716826146507, 0.0]
- [0.0, 0.0, 1.0, 0.163437168261453, 0.9865537451303287, 0.0, -0.9865537451303287,
  0.163437168261453, 0.0]
- [0.0, 0.0, 1.0, 0.163437168261453, 0.9865537451303287, 0.0, -0.9865537451303287,
  0.163437168261453, 0.0]
- [0.0, 0.0, 1.0, 0.163437168261453, 0.9865537451303287, 0.0, -0.9865537451303287,
  0.163437168261453, 0.0]
- [0.0, 0.0, 1.0, 0.16343716826146534, 0.9865537451303266, 0.0, -0.9865537451303266,
  0.16343716826146534, 0.0]
- [0.0, 0.0, 1.0, 0.16343716826145271, 0.9865537451303288, 0.0, -0.9865537451303288,
  0.16343716826145271, 0.0]
- [0.0, 0.0, 1.0, 0.163437168261453, 0.9865537451303287, 0.0, -0.9865537451303287,
  0.163437168261453, 0.0]
- [0.0, 0.0, 1.0, 0.163437168261453, 0.9865537451303287, 0.0, -0.9865537451303287,
  0.163437168261453, 0.0]
- [0.0, 0.0, 1.0, 0.1634371682614656, 0.9865537451303266, 0.0, -0.9865537451303266,
  0.1634371682614656, 0.0]
- [0.0, 0.0, 1.0, 0.16343716826145246, 0.9865537451303288, 0.0, -0.9865537451303288,
  0.16343716826145246, 0.0]
- [0.0, 0.0, 1.0, 0.163437168261453, 0.9865537451303287, 0.0, -0.9865537451303287,
  0.163437168261453, 0.0]
- [0.0, 0.0, 1.0, 0.163437168261453, 0.9865537451303287, 0.0, -0.9865537451303287,
  0.163437168261453, 0.0]
- [0.0, 0.0, 1.0, 0.1634371682614656, 0.9865537451303266, 0.0, -0.9865537451303266,
  0.1634371682614656, 0.0]
- [0.0, 0.0, 1.0, 0.16343716826145246, 0.9865537451303288, 0.0, -0.9865537451303288,
  0.16343716826145246, 0.0]
- [0.0, 0.0, 1.0, 0.163437168261453, 0.9865537451303287, 0.0, -0.9865537451303287,
  0.163437168261453, 0.0]
- [0.0, 0.0, 1.0, 0.162085619026463, 0.9867766981971192, 0.0, -0.9867766981971192,
  0.162085619026463, 0.0]
- [0.0, 0.0, 1.0, 0.1620856190264625, 0.9867766981971192, 0.0, -0.9867766981971192,
  0.1620856190264625, 0.0]
- [0.0, 0.0, 1.0, 0.162085619026463, 0.9867766981971192, 0.0, -0.9867766981971192,
  0.162085619026463, 0.0]
- [0.0, 0.0, 1.0, 0.16208561902646274, 0.9867766981971191, 0.0, -0.9867766981971191,
  0.16208561902646274, 0.0]
- [0.0, 0.0, 1.0, 0.16208561902646274, 0.9867766981971191, 0.0, -0.9867766981971191,
  0.16208561902646274, 0.0]
- [0.0, 0.0, 1.0, 0.162085619026463, 0.9867766981971192, 0.0, -0.9867766981971192,
  0.162085619026463, 0.0]
- [0.0, 0.0, 1.0, 0.16208561902646274, 0.9867766981971191, 0.0, -0.9867766981971191,
  0.16208561902646274, 0.0]
- [0.0, 0.0, 1.0, 0.16208561902646274, 0.9867766981971191, 0.0, -0.9867766981971191,
  0.16208561902646274, 0.0]
- [0.0, 0.0, 1.0, 0.16208561902646595, 0.9867766981971187, 0.0, -0.9867766981971187,
  0.16208561902646595, 0.0]
- [0.0, 0.0, 1.0, 0.16208561902646274, 0.9867766981971191, 0.0, -0.9867766981971191,
  0.16208561902646274, 0.0]
- [0.0, 0.0, 1.0, 0.16208561902646274, 0.9867766981971191, 0.0, -0.9867766981971191,
  0.16208561902646274, 0.0]
- [0.0, 0.0, 1.0, 0.162085619026463, 0.9867766981971192, 0.0, -0.9867766981971192,
  0.162085619026463, 0.0]
- [0.0, 0.0, 1.0, 0.16208561902646274, 0.9867766981971191, 0.0, -0.9867766981971191,
  0.16208561902646274, 0.0]
- [0.0, 0.0, 1.0, 0.16208561902646274, 0.9867766981971191, 0.0, -0.9867766981971191,
  0.16208561902646274, 0.0]
- [0.0, 0.0, 1.0, 0.162085619026463, 0.9867766981971192, 0.0, -0.9867766981971192,
  0.162085619026463, 0.0]
- [0.0, 0.0, 1.0, 0.1620856190264625, 0.9867766981971192, 0.0, -0.9867766981971192,
  0.1620856190264625, 0.0]
- [0.0, 0.0, 1.0, 0.162085619026463, 0.9867766981971192, 0.0, -0.9867766981971192,
  0.162085619026463, 0.0]
- [0.0, 0.0, 1.0, 0.162085619026463, 0.9867766981971192, 0.0, -0.9867766981971192,
  0.162085619026463, 0.0]
- [0.0, 0.0, 1.0, 0.1620856190264625, 0.9867766981971192, 0.0, -0.9867766981971192,
  0.1620856190264625, 0.0]
- [0.0, 0.0, 1.0, 0.162085619026463, 0.9867766981971192, 0.0, -0.9867766981971192,
  0.162085619026463, 0.0]
- [0.0, 0.0, 1.0, 0.1620856190264625, 0.9867766981971192, 0.0, -0.9867766981971192,
  0.1620856190264625, 0.0]
- [0.0, 0.0, 1.0, 0.162085619026463, 0.9867766981971192, 0.0, -0.9867766981971192,
  0.162085619026463, 0.0]
- [0.0, 0.0, 1.0, 0.1620856190264625, 0.9867766981971192, 0.0, -0.9867766981971192,
  0.1620856190264625, 0.0]
- [0.0, 0.0, 1.0, 0.16208561902646348, 0.986776698197119, 0.0, -0.986776698197119,
  0.16208561902646348, 0.0]
- [0.0, 0.0, 1.0, 0.162085619026463, 0.9867766981971192, 0.0, -0.9867766981971192,
  0.162085619026463, 0.0]
- [0.0, 0.0, 1.0, 0.1620856190264625, 0.9867766981971192, 0.0, -0.9867766981971192,
  0.1620856190264625, 0.0]
- [0.0, 0.0, 1.0, 0.162085619026463, 0.9867766981971192, 0.0, -0.9867766981971192,
  0.162085619026463, 0.0]
- [0.0, 0.0, 1.0, 0.1620856190264625, 0.9867766981971192, 0.0, -0.9867766981971192,
  0.1620856190264625, 0.0]
- [0.0, 0.0, 1.0, 0.16208561902646643, 0.9867766981971184, 0.0, -0.9867766981971184,
  0.16208561902646643, 0.0]
- [0.0, 0.0, 1.0, 0.1620856190264625, 0.9867766981971192, 0.0, -0.9867766981971192,
  0.1620856190264625, 0.0]
- [0.0, 0.0, 1.0, 0.1620856190264625, 0.9867766981971192, 0.0, -0.9867766981971192,
  0.1620856190264625, 0.0]
- [0.0, 0.0, 1.0, 0.1620856190264625, 0.9867766981971192, 0.0, -0.9867766981971192,
  0.1620856190264625, 0.0]
- [0.0, 0.0, 1.0, 0.16208561902646348, 0.986776698197119, 0.0, -0.986776698197119,
  0.16208561902646348, 0.0]
- [0.0, 0.0, 1.0, 0.1620856190264625, 0.9867766981971192, 0.0, -0.9867766981971192,
  0.1620856190264625, 0.0]
- [0.0, 0.0, 1.0, 0.1627274928828184, 0.9866710510905203, 0.0, -0.9866710510905203,
  0.1627274928828184, 0.0]
- [0.0, 0.0, 1.0, 0.1627274928828189, 0.9866710510905202, 0.0, -0.9866710510905202,
  0.1627274928828189, 0.0]
- [0.0, 0.0, 1.0, 0.1627274928828184, 0.9866710510905203, 0.0, -0.9866710510905203,
  0.1627274928828184, 0.0]
- [0.0, 0.0, 1.0, 0.1627274928828184, 0.9866710510905203, 0.0, -0.9866710510905203,
  0.1627274928828184, 0.0]
- [0.0, 0.0, 1.0, 0.1627274928828184, 0.9866710510905203, 0.0, -0.9866710510905203,
  0.1627274928828184, 0.0]
- [0.0, 0.0, 1.0, 0.16272749288281865, 0.9866710510905203, 0.0, -0.9866710510905203,
  0.16272749288281865, 0.0]
- [0.0, 0.0, 1.0, 0.16272749288281865, 0.9866710510905203, 0.0, -0.9866710510905203,
  0.16272749288281865, 0.0]
- [0.0, 0.0, 1.0, 0.1627274928828184, 0.9866710510905203, 0.0, -0.9866710510905203,
  0.1627274928828184, 0.0]
- [0.0, 0.0, 1.0, 0.1627274928828184, 0.9866710510905203, 0.0, -0.9866710510905203,
  0.1627274928828184, 0.0]
- [0.0, 0.0, 1.0, 0.1627274928828184, 0.9866710510905203, 0.0, -0.9866710510905203,
  0.1627274928828184, 0.0]
- [0.0, 0.0, 1.0, 0.16272749288281865, 0.9866710510905203, 0.0, -0.9866710510905203,
  0.16272749288281865, 0.0]
- [0.0, 0.0, 1.0, 0.16272749288281865, 0.9866710510905203, 0.0, -0.9866710510905203,
  0.16272749288281865, 0.0]
- [0.0, 0.0, 1.0, 0.16272749288281865, 0.9866710510905203, 0.0, -0.9866710510905203,
  0.16272749288281865, 0.0]
- [0.0, 0.0, 1.0, 0.16272749288281865, 0.9866710510905203, 0.0, -0.9866710510905203,
  0.16272749288281865, 0.0]
- [0.0, 0.0, 1.0, 0.1627274928828184, 0.9866710510905203, 0.0, -0.9866710510905203,
  0.1627274928828184, 0.0]
- [0.0, 0.0, 1.0, 0.1627274928828125, 0.9866710510905214, 0.0, -0.9866710510905214,
  0.1627274928828125, 0.0]
- [0.0, 0.0, 1.0, 0.1627274928828184, 0.9866710510905203, 0.0, -0.9866710510905203,
  0.1627274928828184, 0.0]
- [0.0, 0.0, 1.0, 0.1627274928828184, 0.9866710510905203, 0.0, -0.9866710510905203,
  0.1627274928828184, 0.0]
- [0.0, 0.0, 1.0, 0.1627274928828184, 0.9866710510905203, 0.0, -0.9866710510905203,
  0.1627274928828184, 0.0]
