# IEA r030_040 0.2h THIN-WALL: SOLID mixed hex+tet (JAX taper) vs QUAD SHELL (RM 6-DOF, rings mitc4_g23, segment mitc4_both)
# MESH NOTE: 42 degenerate junction sliver hexes (min SJ -0.765, volume fraction 5.28e-04) -- energetically negligible, retained
# all ply thicknesses x 0.2 ; solid 6432 hex + 11016 tet (dof 33618, 26.9 s) ; shell 2220 quads (5.2 s)
# Cij in VABS order: [C11..C66] = [EA, GA2, GA3, GJ, EI2, EI3]

-- SOLID L boundary --
                  C_1          C_2          C_3          C_4          C_5          C_6
  C_1   5.02798e+09 -1.81722e+07  5.15036e+05  6.19165e+06  1.32960e+08 -1.09071e+10
  C_2  -1.81722e+07  1.40470e+08  5.04345e+06  7.82258e+05 -2.75810e+06  5.36959e+07
  C_3   5.15036e+05  5.04345e+06  5.19784e+07  1.01577e+08  9.61175e+05 -1.25392e+06
  C_4   6.19165e+06  7.82258e+05  1.01577e+08  5.31157e+08  3.12877e+07 -1.49186e+07
  C_5   1.32960e+08 -2.75810e+06  9.61175e+05  3.12877e+07  4.71289e+09 -7.90910e+08
  C_6  -1.09071e+10  5.36959e+07 -1.25392e+06 -1.49186e+07 -7.90910e+08  3.37518e+10

-- SOLID R boundary --
                  C_1          C_2          C_3          C_4          C_5          C_6
  C_1   4.62140e+09 -1.67789e+07  1.46787e+05  4.22007e+06  5.14153e+07 -8.19302e+09
  C_2  -1.67789e+07  1.10410e+08  2.73735e+06 -4.76002e+05 -2.12444e+06  4.08841e+07
  C_3   1.46787e+05  2.73735e+06  3.58255e+07  5.67677e+07 -3.68893e+05 -3.57618e+05
  C_4   4.22007e+06 -4.76002e+05  5.67677e+07  2.66059e+08  1.75841e+07 -7.70657e+06
  C_5   5.14153e+07 -2.12444e+06 -3.68893e+05  1.75841e+07  2.89724e+09 -3.04239e+08
  C_6  -8.19302e+09  4.08841e+07 -3.57618e+05 -7.70657e+06 -3.04239e+08  2.08424e+10

-- SOLID taper segment --   [26.9 s]
                  C_1          C_2          C_3          C_4          C_5          C_6
  C_1   4.89397e+09 -6.98678e+06  5.35935e+05  1.06691e+07  1.08487e+08 -9.63377e+09
  C_2  -6.98678e+06  1.23772e+08  3.41054e+06 -4.67639e+05 -5.27342e+05 -1.12012e+07
  C_3   5.35935e+05  3.41054e+06  4.43539e+07  7.83379e+07  1.16282e+07 -3.78931e+06
  C_4   1.06691e+07 -4.67639e+05  7.83379e+07  3.77419e+08  8.91104e+07 -1.66713e+07
  C_5   1.08487e+08 -5.27342e+05  1.16282e+07  8.91104e+07  3.81364e+09 -5.55933e+08
  C_6  -9.63377e+09 -1.12012e+07 -3.78931e+06 -1.66713e+07 -5.55933e+08  2.70662e+10

-- SHELL ring L --
                  C_1          C_2          C_3          C_4          C_5          C_6
  C_1   5.31983e+09 -9.52762e-07  4.44168e-07  1.64359e-06  1.63351e+08 -1.14408e+10
  C_2  -9.52762e-07  1.34433e+08  6.45154e+06  2.67763e+06 -1.28533e-06 -1.84294e-06
  C_3   4.44168e-07  6.45154e+06  7.24492e+07  1.28912e+08 -9.08760e-07  6.67549e-07
  C_4   1.64359e-06  2.67763e+06  1.28912e+08  5.66011e+08  1.44969e-07 -1.79938e-06
  C_5   1.63351e+08 -1.28533e-06 -9.08760e-07  1.44969e-07  5.12881e+09 -8.63621e+08
  C_6  -1.14408e+10 -1.84294e-06  6.67549e-07 -1.79938e-06 -8.63621e+08  3.47387e+10

-- SHELL ring R --
                  C_1          C_2          C_3          C_4          C_5          C_6
  C_1   4.96789e+09  2.75451e-07 -3.32145e-07 -4.38009e-07  7.25198e+07 -8.77872e+09
  C_2   2.75451e-07  1.20935e+08  3.56344e+06  1.76636e+04  8.61090e-07 -1.82787e-06
  C_3  -3.32145e-07  3.56344e+06  5.80189e+07  8.41339e+07 -2.46337e-07  2.78404e-07
  C_4  -4.38009e-07  1.76636e+04  8.41339e+07  3.25885e+08 -6.42024e-07  3.68236e-08
  C_5   7.25198e+07  8.61090e-07 -2.46337e-07 -6.42024e-07  3.19292e+09 -3.42043e+08
  C_6  -8.77872e+09 -1.82787e-06  2.78404e-07  3.68236e-08 -3.42043e+08  2.20635e+10

-- SHELL taper segment --   [5.2 s]
                  C_1          C_2          C_3          C_4          C_5          C_6
  C_1   5.07726e+09  9.83278e+06  3.64042e+05  2.41033e+06  1.00058e+08 -9.91109e+09
  C_2   9.83278e+06  1.21057e+08  6.01843e+06  3.50173e+06  2.50656e+06 -5.44296e+07
  C_3   3.64042e+05  6.01843e+06  6.53003e+07  1.05845e+08  1.58912e+07 -4.49727e+06
  C_4   2.41033e+06  3.50173e+06  1.05845e+08  4.28366e+08  6.05623e+07  8.00714e+05
  C_5   1.00058e+08  2.50656e+06  1.58912e+07  6.05623e+07  4.05477e+09 -5.45807e+08
  C_6  -9.91109e+09 -5.44296e+07 -4.49727e+06  8.00714e+05 -5.45807e+08  2.73575e+10

-- L boundary/ring : %err on every C_ij (shell vs solid; . = |solid| < max/1000) --
               C_1       C_2       C_3       C_4       C_5       C_6
  C_1      5.805         .         .         .    22.857     4.893
  C_2          .    -4.298         .         .         .  -100.000
  C_3          .         .    39.383    26.911         .         .
  C_4          .         .    26.911     6.562         .         .
  C_5     22.857         .         .         .     8.825     9.193
  C_6      4.893  -100.000         .         .     9.193     2.924
  max |err| (all Cij) = 100.000 %   diagonals: C11 +5.80%  C22 -4.30%  C33 +39.38%  C44 +6.56%  C55 +8.83%  C66 +2.92%

-- R boundary/ring : %err on every C_ij (shell vs solid; . = |solid| < max/1000) --
               C_1       C_2       C_3       C_4       C_5       C_6
  C_1      7.498         .         .         .    41.047     7.149
  C_2          .     9.532         .         .         .  -100.000
  C_3          .         .    61.949    48.207         .         .
  C_4          .         .    48.207    22.486         .         .
  C_5     41.047         .         .         .    10.205    12.426
  C_6      7.149  -100.000         .         .    12.426     5.859
  max |err| (all Cij) = 100.000 %   diagonals: C11 +7.50%  C22 +9.53%  C33 +61.95%  C44 +22.49%  C55 +10.21%  C66 +5.86%

-- TAPER segment : %err on every C_ij (shell vs solid; . = |solid| < max/1000) --
               C_1       C_2       C_3       C_4       C_5       C_6
  C_1      3.745         .         .         .    -7.770     2.879
  C_2          .    -2.194         .         .         .         .
  C_3          .         .    47.226    35.113         .         .
  C_4          .         .    35.113    13.499   -32.037         .
  C_5     -7.770         .         .   -32.037     6.323    -1.821
  C_6      2.879         .         .         .    -1.821     1.076
  max |err| (all Cij) = 47.226 %   diagonals: C11 +3.75%  C22 -2.19%  C33 +47.23%  C44 +13.50%  C55 +6.32%  C66 +1.08%

# THIN-WALL VERDICT (segment diagonals): C11(EA) +3.75% ok  C22(GA2) -2.19% ok  C33(GA3) +47.23% MISS  C44(GJ) +13.50% MISS  C55(EI2) +6.32% ok  C66(EI3) +1.08% ok
# NOTE: uniform ply scaling PRESERVES the sandwich ratio (walls stay ~90% foam),
# so the soft-core RM limitation on C33(GA3) is SCALE-INVARIANT and does not
# shrink with thickness (verified: all-hex vs mixed solid GA3 agree to 0.06%,
# so it is a model-class gap, not a mesh artifact).  All thickness-driven terms
# DID shrink vs full thickness (C44 16.7->13.5%, C55 8.0->6.3%).
