nodes:
- [2.12884460 0.00836587 0.00000000]
- [2.10296546 0.01207954 0.00000000]
- [2.07318921 0.01814557 0.00000000]
- [2.04341212 0.02420703 0.00000000]
- [2.01363474 0.03026555 0.00000000]
- [1.98385424 0.03631719 0.00000000]
- [1.95407059 0.04238194 0.00000000]
- [1.92429634 0.04848944 0.00000000]
- [1.89451934 0.05460397 0.00000000]
- [1.86475767 0.06079769 0.00000000]
- [1.83500414 0.06700550 0.00000000]
- [1.80525277 0.07324856 0.00000000]
- [1.77551745 0.07955107 0.00000000]
- [1.74578416 0.08585717 0.00000000]
- [1.71605820 0.09221313 0.00000000]
- [1.68634414 0.09860017 0.00000000]
- [1.65662976 0.10499166 0.00000000]
- [1.62692274 0.11142661 0.00000000]
- [1.59722486 0.11788222 0.00000000]
- [1.56752552 0.12434130 0.00000000]
- [1.53783280 0.13084149 0.00000000]
- [1.50814983 0.13736388 0.00000000]
- [1.47846760 0.14388477 0.00000000]
- [1.44878650 0.15042017 0.00000000]
- [1.41911049 0.15697163 0.00000000]
- [1.38943686 0.16352345 0.00000000]
- [1.35896486 0.16645507 0.00000000]
- [1.33109750 0.16880967 0.00000000]
- [1.30402718 0.17477826 0.00000000]
- [1.27696176 0.18074488 0.00000000]
- [1.24989999 0.18668685 0.00000000]
- [1.22282572 0.19259527 0.00000000]
- [1.19311455 0.19907507 0.00000000]
- [1.16341760 0.20554301 0.00000000]
- [1.13371130 0.21193693 0.00000000]
- [1.10398255 0.21829848 0.00000000]
- [1.07425051 0.22465098 0.00000000]
- [1.04454211 0.23096711 0.00000000]
- [1.01480165 0.23714593 0.00000000]
- [0.98502689 0.24331423 0.00000000]
- [0.95527512 0.24947137 0.00000000]
- [0.92553138 0.25550098 0.00000000]
- [0.89573248 0.26138961 0.00000000]
- [0.86589935 0.26727407 0.00000000]
- [0.83612027 0.27313913 0.00000000]
- [0.80631162 0.27875134 0.00000000]
- [0.77643066 0.28428697 0.00000000]
- [0.74654424 0.28981323 0.00000000]
- [0.71671070 0.29525576 0.00000000]
- [0.68682090 0.30040678 0.00000000]
- [0.65685595 0.30551603 0.00000000]
- [0.62691709 0.31061023 0.00000000]
- [0.59702056 0.31552026 0.00000000]
- [0.56703656 0.32012276 0.00000000]
- [0.53698110 0.32472300 0.00000000]
- [0.50701208 0.32929335 0.00000000]
- [0.47702945 0.33346362 0.00000000]
- [0.44693036 0.33744449 0.00000000]
- [0.41680375 0.34141320 0.00000000]
- [0.38679103 0.34527319 0.00000000]
- [0.35670711 0.34858172 0.00000000]
- [0.32599056 0.34715995 0.00000000]
- [0.29313986 0.34594371 0.00000000]
- [0.26087689 0.34889669 0.00000000]
- [0.22841027 0.35147268 0.00000000]
- [0.19768572 0.35388498 0.00000000]
- [0.16721764 0.35605026 0.00000000]
- [0.13663498 0.35748291 0.00000000]
- [0.10578012 0.35888498 0.00000000]
- [0.07526289 0.36024063 0.00000000]
- [0.04478829 0.36066686 0.00000000]
- [0.01396750 0.36089112 0.00000000]
- [-0.01665527 0.36107615 0.00000000]
- [-0.04707186 0.36053966 0.00000000]
- [-0.07773861 0.35944278 0.00000000]
- [-0.10839394 0.35830408 0.00000000]
- [-0.13872568 0.35660139 0.00000000]
- [-0.16920989 0.35408170 0.00000000]
- [-0.19977937 0.35150928 0.00000000]
- [-0.22997373 0.34839870 0.00000000]
- [-0.26026418 0.34439953 0.00000000]
- [-0.29059922 0.34032636 0.00000000]
- [-0.32052924 0.33557522 0.00000000]
- [-0.35057421 0.32995050 0.00000000]
- [-0.38051188 0.32428603 0.00000000]
- [-0.41003271 0.31758893 0.00000000]
- [-0.43977325 0.31027249 0.00000000]
- [-0.46911336 0.30286443 0.00000000]
- [-0.49807527 0.29400648 0.00000000]
- [-0.52719201 0.28497003 0.00000000]
- [-0.55573217 0.27509593 0.00000000]
- [-0.58484589 0.26410052 0.00000000]
- [-0.61356757 0.25263224 0.00000000]
- [-0.64375734 0.24415506 0.00000000]
- [-0.67316563 0.23550501 0.00000000]
- [-0.69989588 0.22123800 0.00000000]
- [-0.72629712 0.20645791 0.00000000]
- [-0.75178693 0.19025464 0.00000000]
- [-0.77916755 0.17675065 0.00000000]
- [-0.80576644 0.16126450 0.00000000]
- [-0.82891109 0.14117320 0.00000000]
- [-0.85078014 0.11993554 0.00000000]
- [-0.87000712 0.09644492 0.00000000]
- [-0.88666807 0.07122510 0.00000000]
- [-0.89930571 0.04411071 0.00000000]
- [-0.90691335 0.01555329 0.00000000]
- [-0.90652068 -0.01366764 0.00000000]
- [-0.89789478 -0.04154191 0.00000000]
- [-0.88191021 -0.06655641 0.00000000]
- [-0.86193938 -0.08922384 0.00000000]
- [-0.83966461 -0.11003314 0.00000000]
- [-0.81590998 -0.12931316 0.00000000]
- [-0.79089582 -0.14709987 0.00000000]
- [-0.76297488 -0.16045410 0.00000000]
- [-0.73411601 -0.17291627 0.00000000]
- [-0.70679277 -0.18792754 0.00000000]
- [-0.67909756 -0.20224684 0.00000000]
- [-0.65084628 -0.21550405 0.00000000]
- [-0.62227812 -0.22820841 0.00000000]
- [-0.59337221 -0.24000687 0.00000000]
- [-0.56238430 -0.24671484 0.00000000]
- [-0.53958147 -0.25009257 0.00000000]
- [-0.51815230 -0.25708708 0.00000000]
- [-0.48974395 -0.26604418 0.00000000]
- [-0.46154902 -0.27452656 0.00000000]
- [-0.43293033 -0.28192772 0.00000000]
- [-0.40412432 -0.28926416 0.00000000]
- [-0.37542395 -0.29581685 0.00000000]
- [-0.34628532 -0.30162358 0.00000000]
- [-0.31717170 -0.30736148 0.00000000]
- [-0.28811277 -0.31215708 0.00000000]
- [-0.25861958 -0.31639834 0.00000000]
- [-0.22922552 -0.32056913 0.00000000]
- [-0.19993667 -0.32383085 0.00000000]
- [-0.17025299 -0.32653713 0.00000000]
- [-0.14060336 -0.32918685 0.00000000]
- [-0.11117913 -0.33112517 0.00000000]
- [-0.08145366 -0.33233556 0.00000000]
- [-0.05157612 -0.33350434 0.00000000]
- [-0.02210216 -0.33429839 0.00000000]
- [0.00751253 -0.33400882 0.00000000]
- [0.03753950 -0.33367144 0.00000000]
- [0.06709981 -0.33330119 0.00000000]
- [0.09655260 -0.33170962 0.00000000]
- [0.12646122 -0.32988549 0.00000000]
- [0.15621642 -0.32802892 0.00000000]
- [0.18561428 -0.32560640 0.00000000]
- [0.21515391 -0.32233811 0.00000000]
- [0.24499412 -0.31899687 0.00000000]
- [0.27440896 -0.31565251 0.00000000]
- [0.30137589 -0.31155829 0.00000000]
- [0.32872658 -0.30716494 0.00000000]
- [0.35616056 -0.30272552 0.00000000]
- [0.38315280 -0.29833061 0.00000000]
- [0.41085022 -0.29749703 0.00000000]
- [0.44107897 -0.29599019 0.00000000]
- [0.47035277 -0.28984763 0.00000000]
- [0.49935539 -0.28359890 0.00000000]
- [0.52814719 -0.27632471 0.00000000]
- [0.55716119 -0.26894198 0.00000000]
- [0.58610746 -0.26154613 0.00000000]
- [0.61482748 -0.25388442 0.00000000]
- [0.64343604 -0.24557281 0.00000000]
- [0.67217704 -0.23717702 0.00000000]
- [0.70085256 -0.22877705 0.00000000]
- [0.72935606 -0.22011111 0.00000000]
- [0.75780906 -0.21105059 0.00000000]
- [0.78634175 -0.20194604 0.00000000]
- [0.81482609 -0.19284026 0.00000000]
- [0.84321076 -0.18354538 0.00000000]
- [0.87158737 -0.17407499 0.00000000]
- [0.89999690 -0.16458125 0.00000000]
- [0.92840586 -0.15508098 0.00000000]
- [0.95681481 -0.14557506 0.00000000]
- [0.98522510 -0.13606996 0.00000000]
- [1.01364073 -0.12656188 0.00000000]
- [1.04212338 -0.11705959 0.00000000]
- [1.07069957 -0.10780035 0.00000000]
- [1.09924542 -0.09863742 0.00000000]
- [1.12780299 -0.08948330 0.00000000]
- [1.15652753 -0.08040081 0.00000000]
- [1.18541007 -0.07189187 0.00000000]
- [1.21417759 -0.06346842 0.00000000]
- [1.24708672 -0.05386185 0.00000000]
- [1.28026807 -0.04493921 0.00000000]
- [1.31341756 -0.03645075 0.00000000]
- [1.34751517 -0.03158636 0.00000000]
- [1.37812030 -0.02826683 0.00000000]
- [1.40792297 -0.02196590 0.00000000]
- [1.43770669 -0.01570663 0.00000000]
- [1.46766872 -0.00979420 0.00000000]
- [1.49778712 -0.00489229 0.00000000]
- [1.52783148 -0.00011899 0.00000000]
- [1.55801130 0.00449365 0.00000000]
- [1.58833725 0.00800152 0.00000000]
- [1.61857109 0.01135474 0.00000000]
- [1.64892379 0.01458599 0.00000000]
- [1.67936936 0.01673410 0.00000000]
- [1.70973841 0.01876149 0.00000000]
- [1.74021401 0.02047630 0.00000000]
- [1.77070835 0.02126356 0.00000000]
- [1.80117916 0.02193296 0.00000000]
- [1.83171652 0.02191365 0.00000000]
- [1.86218485 0.02120712 0.00000000]
- [1.89270258 0.02039500 0.00000000]
- [1.92316548 0.01842886 0.00000000]
- [1.95357610 0.01637663 0.00000000]
- [1.98395505 0.01359295 0.00000000]
- [2.01426795 0.01047218 0.00000000]
- [2.04453059 0.00693607 0.00000000]
- [2.07472822 0.00309677 0.00000000]
- [2.10488000 -0.00089719 0.00000000]
- [2.12963406 -0.00658199 0.00000000]
- [1.21525861 -0.03146046 0.00000000]
- [1.21633962 0.00054750 0.00000000]
- [1.21742064 0.03255546 0.00000000]
- [1.21850165 0.06456342 0.00000000]
- [1.21958267 0.09657138 0.00000000]
- [1.22066369 0.12857935 0.00000000]
- [1.22174470 0.16058731 0.00000000]
- [-0.52036288 -0.22578220 0.00000000]
- [-0.52257346 -0.19447732 0.00000000]
- [-0.52478404 -0.16317243 0.00000000]
- [-0.52699462 -0.13186755 0.00000000]
- [-0.52920520 -0.10056267 0.00000000]
- [-0.53141578 -0.06925778 0.00000000]
- [-0.53362636 -0.03795290 0.00000000]
- [-0.53583694 -0.00664802 0.00000000]
- [-0.53804752 0.02465687 0.00000000]
- [-0.54025810 0.05596175 0.00000000]
- [-0.54246868 0.08726663 0.00000000]
- [-0.54467926 0.11857151 0.00000000]
- [-0.54688984 0.14987640 0.00000000]
- [-0.54910042 0.18118128 0.00000000]
- [-0.55131100 0.21248616 0.00000000]
- [-0.55352158 0.24379105 0.00000000]
- [0.27231811 -0.28532863 0.00000000]
- [0.27022726 -0.25500476 0.00000000]
- [0.26813641 -0.22468089 0.00000000]
- [0.26604556 -0.19435702 0.00000000]
- [0.26395471 -0.16403315 0.00000000]
- [0.26186386 -0.13370927 0.00000000]
- [0.25977301 -0.10338540 0.00000000]
- [0.25768217 -0.07306153 0.00000000]
- [0.25559132 -0.04273766 0.00000000]
- [0.25350047 -0.01241379 0.00000000]
- [0.25140962 0.01791008 0.00000000]
- [0.24931877 0.04823396 0.00000000]
- [0.24722792 0.07855783 0.00000000]
- [0.24513707 0.10888170 0.00000000]
- [0.24304622 0.13920557 0.00000000]
- [0.24095537 0.16952944 0.00000000]
- [0.23886452 0.19985332 0.00000000]
- [0.23677367 0.23017719 0.00000000]
- [0.23468282 0.26050106 0.00000000]
- [0.23259197 0.29082493 0.00000000]
- [0.23050112 0.32114880 0.00000000]
elements:
- [1 2]
- [2 3]
- [3 4]
- [4 5]
- [5 6]
- [6 7]
- [7 8]
- [8 9]
- [9 10]
- [10 11]
- [11 12]
- [12 13]
- [13 14]
- [14 15]
- [15 16]
- [16 17]
- [17 18]
- [18 19]
- [19 20]
- [20 21]
- [21 22]
- [22 23]
- [23 24]
- [24 25]
- [25 26]
- [26 27]
- [27 28]
- [28 29]
- [29 30]
- [30 31]
- [31 32]
- [32 33]
- [33 34]
- [34 35]
- [35 36]
- [36 37]
- [37 38]
- [38 39]
- [39 40]
- [40 41]
- [41 42]
- [42 43]
- [43 44]
- [44 45]
- [45 46]
- [46 47]
- [47 48]
- [48 49]
- [49 50]
- [50 51]
- [51 52]
- [52 53]
- [53 54]
- [54 55]
- [55 56]
- [56 57]
- [57 58]
- [58 59]
- [59 60]
- [60 61]
- [61 62]
- [62 63]
- [63 64]
- [64 65]
- [65 66]
- [66 67]
- [67 68]
- [68 69]
- [69 70]
- [70 71]
- [71 72]
- [72 73]
- [73 74]
- [74 75]
- [75 76]
- [76 77]
- [77 78]
- [78 79]
- [79 80]
- [80 81]
- [81 82]
- [82 83]
- [83 84]
- [84 85]
- [85 86]
- [86 87]
- [87 88]
- [88 89]
- [89 90]
- [90 91]
- [91 92]
- [92 93]
- [93 94]
- [94 95]
- [95 96]
- [96 97]
- [97 98]
- [98 99]
- [99 100]
- [100 101]
- [101 102]
- [102 103]
- [103 104]
- [104 105]
- [105 106]
- [106 107]
- [107 108]
- [108 109]
- [109 110]
- [110 111]
- [111 112]
- [112 113]
- [113 114]
- [114 115]
- [115 116]
- [116 117]
- [117 118]
- [118 119]
- [119 120]
- [120 121]
- [121 122]
- [122 123]
- [123 124]
- [124 125]
- [125 126]
- [126 127]
- [127 128]
- [128 129]
- [129 130]
- [130 131]
- [131 132]
- [132 133]
- [133 134]
- [134 135]
- [135 136]
- [136 137]
- [137 138]
- [138 139]
- [139 140]
- [140 141]
- [141 142]
- [142 143]
- [143 144]
- [144 145]
- [145 146]
- [146 147]
- [147 148]
- [148 149]
- [149 150]
- [150 151]
- [151 152]
- [152 153]
- [153 154]
- [154 155]
- [155 156]
- [156 157]
- [157 158]
- [158 159]
- [159 160]
- [160 161]
- [161 162]
- [162 163]
- [163 164]
- [164 165]
- [165 166]
- [166 167]
- [167 168]
- [168 169]
- [169 170]
- [170 171]
- [171 172]
- [172 173]
- [173 174]
- [174 175]
- [175 176]
- [176 177]
- [177 178]
- [178 179]
- [179 180]
- [180 181]
- [181 182]
- [182 183]
- [183 184]
- [184 185]
- [185 186]
- [186 187]
- [187 188]
- [188 189]
- [189 190]
- [190 191]
- [191 192]
- [192 193]
- [193 194]
- [194 195]
- [195 196]
- [196 197]
- [197 198]
- [198 199]
- [199 200]
- [200 201]
- [201 202]
- [202 203]
- [203 204]
- [204 205]
- [205 206]
- [206 207]
- [207 208]
- [208 209]
- [209 210]
- [210 211]
- [211 212]
- [212 213]
- [213 1]
- [183 214]
- [214 215]
- [215 216]
- [216 217]
- [217 218]
- [218 219]
- [219 220]
- [220 32]
- [123 221]
- [221 222]
- [222 223]
- [223 224]
- [224 225]
- [225 226]
- [226 227]
- [227 228]
- [228 229]
- [229 230]
- [230 231]
- [231 232]
- [232 233]
- [233 234]
- [234 235]
- [235 236]
- [236 91]
- [150 237]
- [237 238]
- [238 239]
- [239 240]
- [240 241]
- [241 242]
- [242 243]
- [243 244]
- [244 245]
- [245 246]
- [246 247]
- [247 248]
- [248 249]
- [249 250]
- [250 251]
- [251 252]
- [252 253]
- [253 254]
- [254 255]
- [255 256]
- [256 257]
- [257 65]
sets:
  element:
  - name: layup_0
    labels:
    - 1
    - 2
    - 3
    - 4
    - 5
    - 6
    - 7
    - 8
    - 9
    - 10
    - 11
    - 12
    - 13
    - 14
    - 15
    - 16
    - 17
    - 18
    - 19
    - 20
    - 21
    - 22
    - 23
    - 24
    - 25
    - 26
    - 187
    - 188
    - 189
    - 190
    - 191
    - 192
    - 193
    - 194
    - 195
    - 196
    - 197
    - 198
    - 199
    - 200
    - 201
    - 202
    - 203
    - 204
    - 205
    - 206
    - 207
    - 208
    - 209
    - 210
    - 211
    - 212
    - 213
  - name: layup_1
    labels:
    - 27
    - 28
    - 29
    - 30
    - 31
    - 32
    - 33
    - 34
    - 35
    - 36
    - 37
    - 38
    - 39
    - 40
    - 41
    - 42
    - 43
    - 44
    - 45
    - 46
    - 47
    - 48
    - 49
    - 50
    - 51
    - 52
    - 53
    - 54
    - 55
    - 56
    - 57
    - 58
    - 59
    - 60
    - 61
    - 94
    - 95
    - 96
    - 97
    - 98
    - 114
    - 115
    - 116
    - 117
    - 118
    - 119
    - 120
    - 155
    - 156
    - 157
    - 158
    - 159
    - 160
    - 161
    - 162
    - 163
    - 164
    - 165
    - 166
    - 167
    - 168
    - 169
    - 170
    - 171
    - 172
    - 173
    - 174
    - 175
    - 176
    - 177
    - 178
    - 179
    - 180
    - 181
    - 182
    - 183
    - 184
    - 185
    - 186
  - name: layup_2
    labels:
    - 62
    - 63
    - 64
    - 65
    - 66
    - 67
    - 68
    - 69
    - 70
    - 71
    - 72
    - 73
    - 74
    - 75
    - 76
    - 77
    - 78
    - 79
    - 80
    - 81
    - 82
    - 83
    - 84
    - 85
    - 86
    - 87
    - 88
    - 89
    - 90
    - 91
    - 92
    - 93
    - 121
    - 122
    - 123
    - 124
    - 125
    - 126
    - 127
    - 128
    - 129
    - 130
    - 131
    - 132
    - 133
    - 134
    - 135
    - 136
    - 137
    - 138
    - 139
    - 140
    - 141
    - 142
    - 143
    - 144
    - 145
    - 146
    - 147
    - 148
    - 149
    - 150
    - 151
    - 152
    - 153
    - 154
  - name: layup_3
    labels:
    - 99
    - 100
    - 101
    - 102
    - 103
    - 104
    - 105
    - 106
    - 107
    - 108
    - 109
    - 110
    - 111
    - 112
    - 113
  - name: layup_4
    labels:
    - 214
    - 215
    - 216
    - 217
    - 218
    - 219
    - 220
    - 221
  - name: layup_5
    labels:
    - 222
    - 223
    - 224
    - 225
    - 226
    - 227
    - 228
    - 229
    - 230
    - 231
    - 232
    - 233
    - 234
    - 235
    - 236
    - 237
    - 238
    - 239
    - 240
    - 241
    - 242
    - 243
    - 244
    - 245
    - 246
    - 247
    - 248
    - 249
    - 250
    - 251
    - 252
    - 253
    - 254
    - 255
    - 256
    - 257
    - 258
    - 259
    - 260
sections:
- type: shell
  elementSet: layup_0
  layup:
  - - gelcoat
    - 0.0005
    - 0.0
  - - glass_triax
    - 0.003
    - 0.0
  - - glass_uniax
    - 0.00706
    - 0.0
  - - glass_triax
    - 0.003
    - 0.0
- type: shell
  elementSet: layup_1
  layup:
  - - gelcoat
    - 0.0005
    - 0.0
  - - glass_triax
    - 0.003
    - 0.0
  - - medium_density_foam
    - 0.021875
    - 0.0
  - - glass_triax
    - 0.003
    - 0.0
- type: shell
  elementSet: layup_2
  layup:
  - - gelcoat
    - 0.0005
    - 0.0
  - - glass_triax
    - 0.003
    - 0.0
  - - carbon_uniax
    - 0.04066989
    - 0.0
  - - glass_triax
    - 0.003
    - 0.0
- type: shell
  elementSet: layup_3
  layup:
  - - gelcoat
    - 0.0005
    - 0.0
  - - glass_triax
    - 0.003
    - 0.0
  - - glass_uniax
    - 0.00531
    - 0.0
  - - glass_triax
    - 0.003
    - 0.0
- type: shell
  elementSet: layup_4
  layup:
  - - glass_biax
    - 0.002
    - 0.0
  - - medium_density_foam
    - 0.03
    - 0.0
  - - glass_biax
    - 0.002
    - 0.0
- type: shell
  elementSet: layup_5
  layup:
  - - glass_biax
    - 0.002
    - 0.0
  - - medium_density_foam
    - 0.0212
    - 0.0
  - - glass_biax
    - 0.002
    - 0.0
elementOrientations:
- [0.0, 0.0, 1.0, -0.9898601303089377, 0.14204549420792206, 0.0, -0.14204549420792206,
  -0.9898601303089377, 0.0]
- [0.0, 0.0, 1.0, -0.9798733406811952, 0.1996202299925393, 0.0, -0.1996202299925393,
  -0.9798733406811952, 0.0]
- [0.0, 0.0, 1.0, -0.979903880558626, 0.1994702606058013, 0.0, -0.1994702606058013,
  -0.979903880558626, 0.0]
- [0.0, 0.0, 1.0, -0.9799231363304037, 0.19937564265572946, 0.0, -0.19937564265572946,
  -0.9799231363304037, 0.0]
- [0.0, 0.0, 1.0, -0.9799714038377737, 0.19913826267250362, 0.0, -0.19913826267250362,
  -0.9799714038377737, 0.0]
- [0.0, 0.0, 1.0, -0.9798912869592976, 0.1995321170670311, 0.0, -0.1995321170670311,
  -0.9798912869592976, 0.0]
- [0.0, 0.0, 1.0, -0.9796029381385103, 0.20094298591988238, 0.0, -0.20094298591988238,
  -0.9796029381385103, 0.0]
- [0.0, 0.0, 1.0, -0.9795610492148602, 0.20114708762764166, 0.0, -0.20114708762764166,
  -0.9795610492148602, 0.0]
- [0.0, 0.0, 1.0, -0.9790239578110875, 0.20374515953002173, 0.0, -0.20374515953002173,
  -0.9790239578110875, 0.0]
- [0.0, 0.0, 1.0, -0.9789201951447026, 0.20424311870380724, 0.0, -0.20424311870380724,
  -0.9789201951447026, 0.0]
- [0.0, 0.0, 1.0, -0.9786847595197653, 0.20536830691160435, 0.0, -0.20536830691160435,
  -0.9786847595197653, 0.0]
- [0.0, 0.0, 1.0, -0.9782673909073114, 0.207347321871785, 0.0, -0.207347321871785,
  -0.9782673909073114, 0.0]
- [0.0, 0.0, 1.0, -0.9782405865514111, 0.20747374490173762, 0.0, -0.20747374490173762,
  -0.9782405865514111, 0.0]
- [0.0, 0.0, 1.0, -0.9778959032989644, 0.2090923296323957, 0.0, -0.2090923296323957,
  -0.9778959032989644, 0.0]
- [0.0, 0.0, 1.0, -0.9776691196774411, 0.21015016637903852, 0.0, -0.21015016637903852,
  -0.9776691196774411, 0.0]
- [0.0, 0.0, 1.0, -0.9776395431216897, 0.2102877165333582, 0.0, -0.2102877165333582,
  -0.9776395431216897, 0.0]
- [0.0, 0.0, 1.0, -0.9773338647749847, 0.21170384210966017, 0.0, -0.21170384210966017,
  -0.9773338647749847, 0.0]
- [0.0, 0.0, 1.0, -0.977179366460223, 0.2124158321886518, 0.0, -0.2124158321886518,
  -0.977179366460223, 0.0]
- [0.0, 0.0, 1.0, -0.9771579315105037, 0.2125144157136498, 0.0, -0.2125144157136498,
  -0.9771579315105037, 0.0]
- [0.0, 0.0, 1.0, -0.9768663171906666, 0.21385087874110742, 0.0, -0.21385087874110742,
  -0.9768663171906666, 0.0]
- [0.0, 0.0, 1.0, -0.9766987542213824, 0.21461487250980396, 0.0, -0.21461487250980396,
  -0.9766987542213824, 0.0]
- [0.0, 0.0, 1.0, -0.9767079000266253, 0.2145732462950117, 0.0, -0.2145732462950117,
  -0.9767079000266253, 0.0]
- [0.0, 0.0, 1.0, -0.9766061200990839, 0.21503601136789552, 0.0, -0.21503601136789552,
  -0.9766061200990839, 0.0]
- [0.0, 0.0, 1.0, -0.9764872160292112, 0.21557531614616895, 0.0, -0.21557531614616895,
  -0.9764872160292112, 0.0]
- [0.0, 0.0, 1.0, -0.9764810554416595, 0.21560321974298668, 0.0, -0.21560321974298668,
  -0.9764810554416595, 0.0]
- [0.0, 0.0, 1.0, -0.9954039896712127, 0.09576480223251277, 0.0, -0.09576480223251277,
  -0.9954039896712127, 0.0]
- [0.0, 0.0, 1.0, -0.9964494556936526, 0.08419312470637717, 0.0, -0.08419312470637717,
  -0.9964494556936526, 0.0]
- [0.0, 0.0, 1.0, -0.9765450268525666, 0.21531328460993734, 0.0, -0.21531328460993734,
  -0.9765450268525666, 0.0]
- [0.0, 0.0, 1.0, -0.9765517538837508, 0.21528277215460143, 0.0, -0.21528277215460143,
  -0.9765517538837508, 0.0]
- [0.0, 0.0, 1.0, -0.9767324460318423, 0.21446148574663548, 0.0, -0.21446148574663548,
  -0.9767324460318423, 0.0]
- [0.0, 0.0, 1.0, -0.9770059417416473, 0.21321207705361486, 0.0, -0.21321207705361486,
  -0.9770059417416473, 0.0]
- [0.0, 0.0, 1.0, -0.977033831632289, 0.21308423650267527, 0.0, -0.21308423650267527,
  -0.977033831632289, 0.0]
- [0.0, 0.0, 1.0, -0.9770937245768642, 0.21280942975467784, 0.0, -0.21280942975467784,
  -0.9770937245768642, 0.0]
- [0.0, 0.0, 1.0, -0.977611309507769, 0.21041893337460188, 0.0, -0.21041893337460188,
  -0.977611309507769, 0.0]
- [0.0, 0.0, 1.0, -0.9778623592562566, 0.20924914898223035, 0.0, -0.20924914898223035,
  -0.9778623592562566, 0.0]
- [0.0, 0.0, 1.0, -0.9779279368977865, 0.20894245675505718, 0.0, -0.20894245675505718,
  -0.9779279368977865, 0.0]
- [0.0, 0.0, 1.0, -0.9781381227473769, 0.2079562762415156, 0.0, -0.2079562762415156,
  -0.9781381227473769, 0.0]
- [0.0, 0.0, 1.0, -0.9790927082942777, 0.20341452397745943, 0.0, -0.20341452397745943,
  -0.9790927082942777, 0.0]
- [0.0, 0.0, 1.0, -0.9792081241792137, 0.2028582005772151, 0.0, -0.2028582005772151,
  -0.9792081241792137, 0.0]
- [0.0, 0.0, 1.0, -0.9792499858433559, 0.20265602686766365, 0.0, -0.20265602686766365,
  -0.9792499858433559, 0.0]
- [0.0, 0.0, 1.0, -0.9800649636220339, 0.1986772938222715, 0.0, -0.1986772938222715,
  -0.9800649636220339, 0.0]
- [0.0, 0.0, 1.0, -0.9810285198954325, 0.193863465232047, 0.0, -0.193863465232047,
  -0.9810285198954325, 0.0]
- [0.0, 0.0, 1.0, -0.9810969026245782, 0.19351709914232093, 0.0, -0.19351709914232093,
  -0.9810969026245782, 0.0]
- [0.0, 0.0, 1.0, -0.981151472614425, 0.1932402333535775, 0.0, -0.1932402333535775,
  -0.981151472614425, 0.0]
- [0.0, 0.0, 1.0, -0.9827340245988839, 0.18502388196035707, 0.0, -0.18502388196035707,
  -0.9827340245988839, 0.0]
- [0.0, 0.0, 1.0, -0.9832695163232955, 0.1821566860407614, 0.0, -0.1821566860407614,
  -0.9832695163232955, 0.0]
- [0.0, 0.0, 1.0, -0.9833306702487195, 0.18182627133669155, 0.0, -0.18182627133669155,
  -0.9833306702487195, 0.0]
- [0.0, 0.0, 1.0, -0.9837638243529705, 0.1794679299886692, 0.0, -0.1794679299886692,
  -0.9837638243529705, 0.0]
- [0.0, 0.0, 1.0, -0.9854733146714669, 0.16983034496353125, 0.0, -0.16983034496353125,
  -0.9854733146714669, 0.0]
- [0.0, 0.0, 1.0, -0.9857730427287749, 0.16808184979126428, 0.0, -0.16808184979126428,
  -0.9857730427287749, 0.0]
- [0.0, 0.0, 1.0, -0.9858308822960798, 0.16774227705421413, 0.0, -0.16774227705421413,
  -0.9858308822960798, 0.0]
- [0.0, 0.0, 1.0, -0.9867803814929189, 0.16206319354094317, 0.0, -0.16206319354094317,
  -0.9867803814929189, 0.0]
- [0.0, 0.0, 1.0, -0.9884233125614086, 0.15172130761739425, 0.0, -0.15172130761739425,
  -0.9884233125614086, 0.0]
- [0.0, 0.0, 1.0, -0.9884884324099348, 0.15129646060549404, 0.0, -0.15129646060549404,
  -0.9884884324099348, 0.0]
- [0.0, 0.0, 1.0, -0.9885704448554603, 0.1507596615752284, 0.0, -0.1507596615752284,
  -0.9885704448554603, 0.0]
- [0.0, 0.0, 1.0, -0.9904651942272364, 0.13776319909323703, 0.0, -0.13776319909323703,
  -0.9904651942272364, 0.0]
- [0.0, 0.0, 1.0, -0.9913668839247404, 0.13111712877176046, 0.0, -0.13111712877176046,
  -0.9913668839247404, 0.0]
- [0.0, 0.0, 1.0, -0.991434378889234, 0.13060578990427169, 0.0, -0.13060578990427169,
  -0.991434378889234, 0.0]
- [0.0, 0.0, 1.0, -0.9918307034361031, 0.1275611842271969, 0.0, -0.1275611842271969,
  -0.9918307034361031, 0.0]
- [0.0, 0.0, 1.0, -0.9940068727014606, 0.10931759703845569, 0.0, -0.10931759703845569,
  -0.9940068727014606, 0.0]
- [0.0, 0.0, 1.0, -0.9989304870007661, -0.04623723759495535, 0.0, 0.04623723759495535,
  -0.9989304870007661, 0.0]
- [0.0, 0.0, 1.0, -0.9993153382146369, -0.03699803790697622, 0.0, 0.03699803790697622,
  -0.9993153382146369, 0.0]
- [0.0, 0.0, 1.0, -0.9958374086376313, 0.09114743857008642, 0.0, -0.09114743857008642,
  -0.9958374086376313, 0.0]
- [0.0, 0.0, 1.0, -0.9968671477476249, 0.07909418272866221, 0.0, -0.07909418272866221,
  -0.9968671477476249, 0.0]
- [0.0, 0.0, 1.0, -0.9969319507335613, 0.07827314741708068, 0.0, -0.07827314741708068,
  -0.9969319507335613, 0.0]
- [0.0, 0.0, 1.0, -0.9974842658894941, 0.07088821695385682, 0.0, -0.07088821695385682,
  -0.9974842658894941, 0.0]
- [0.0, 0.0, 1.0, -0.9989045707560682, 0.04679378722261093, 0.0, -0.04679378722261093,
  -0.9989045707560682, 0.0]
- [0.0, 0.0, 1.0, -0.998969160280414, 0.045394017322158274, 0.0, -0.045394017322158274,
  -0.998969160280414, 0.0]
- [0.0, 0.0, 1.0, -0.9990147730346667, 0.0443788604911564, 0.0, -0.0443788604911564,
  -0.9990147730346667, 0.0]
- [0.0, 0.0, 1.0, -0.999902208797215, 0.013984736052236156, 0.0, -0.013984736052236156,
  -0.999902208797215, 0.0]
- [0.0, 0.0, 1.0, -0.9999735276215644, 0.007276266630930733, 0.0, -0.007276266630930733,
  -0.9999735276215644, 0.0]
- [0.0, 0.0, 1.0, -0.9999817470863218, 0.006041977671884993, 0.0, -0.006041977671884993,
  -0.9999817470863218, 0.0]
- [0.0, 0.0, 1.0, -0.9998444853263496, -0.017635338456831146, 0.0, 0.017635338456831146,
  -0.9998444853263496, 0.0]
- [0.0, 0.0, 1.0, -0.9993609571362927, -0.0357446129036651, 0.0, 0.0357446129036651,
  -0.9993609571362927, 0.0]
- [0.0, 0.0, 1.0, -0.9993108232302957, -0.037119786836519605, 0.0, 0.037119786836519605,
  -0.9993108232302957, 0.0]
- [0.0, 0.0, 1.0, -0.9984281171613006, -0.0560472556129201, 0.0, 0.0560472556129201,
  -0.9984281171613006, 0.0]
- [0.0, 0.0, 1.0, -0.996601422689922, -0.08237477946813263, 0.0, 0.08237477946813263,
  -0.996601422689922, 0.0]
- [0.0, 0.0, 1.0, -0.9964780820068648, -0.08385363486408877, 0.0, 0.08385363486408877,
  -0.9964780820068648, 0.0]
- [0.0, 0.0, 1.0, -0.9947354626764573, -0.10247614011980737, 0.0, 0.10247614011980737,
  -0.9947354626764573, 0.0]
- [0.0, 0.0, 1.0, -0.9913966874513648, -0.1308915891509494, 0.0, 0.1308915891509494,
  -0.9913966874513648, 0.0]
- [0.0, 0.0, 1.0, -0.9911054837440375, -0.1330786237248393, 0.0, 0.1330786237248393,
  -0.9911054837440375, 0.0]
- [0.0, 0.0, 1.0, -0.9876338077023102, -0.15677838461802057, 0.0, 0.15677838461802057,
  -0.9876338077023102, 0.0]
- [0.0, 0.0, 1.0, -0.982923768835524, -0.18401321870498724, 0.0, 0.18401321870498724,
  -0.982923768835524, 0.0]
- [0.0, 0.0, 1.0, -0.9825667431226093, -0.18591018075788188, 0.0, 0.18591018075788188,
  -0.9825667431226093, 0.0]
- [0.0, 0.0, 1.0, -0.9752196952753553, -0.2212386628666952, 0.0, 0.2212386628666952,
  -0.9752196952753553, 0.0]
- [0.0, 0.0, 1.0, -0.9710475527885105, -0.23888627047916508, 0.0, 0.23888627047916508,
  -0.9710475527885105, 0.0]
- [0.0, 0.0, 1.0, -0.9695719836577771, -0.24480638983883474, 0.0, 0.24480638983883474,
  -0.9695719836577771, 0.0]
- [0.0, 0.0, 1.0, -0.9562732546974055, -0.29247472087418247, 0.0, 0.29247472087418247,
  -0.9562732546974055, 0.0]
- [0.0, 0.0, 1.0, -0.9550620672110843, -0.29640588350181285, 0.0, 0.29640588350181285,
  -0.9550620672110843, 0.0]
- [0.0, 0.0, 1.0, -0.945039174745993, -0.3269571198114712, 0.0, 0.3269571198114712,
  -0.945039174745993, 0.0]
- [0.0, 0.0, 1.0, -0.9355050764700482, -0.3533132489714605, 0.0, 0.3533132489714605,
  -0.9355050764700482, 0.0]
- [0.0, 0.0, 1.0, -0.9287038726334392, -0.37082221745150684, 0.0, 0.37082221745150684,
  -0.9287038726334392, 0.0]
- [0.0, 0.0, 1.0, -0.9627646634054557, -0.27034090126686244, 0.0, 0.27034090126686244,
  -0.9627646634054557, 0.0]
- [0.0, 0.0, 1.0, -0.9593606668017152, -0.2821827616878259, 0.0, 0.2821827616878259,
  -0.9593606668017152, 0.0]
- [0.0, 0.0, 1.0, -0.8822038360131598, -0.4708677008711321, 0.0, 0.4708677008711321,
  -0.8822038360131598, 0.0]
- [0.0, 0.0, 1.0, -0.8725709211360864, -0.48848744875147176, 0.0, 0.48848744875147176,
  -0.8725709211360864, 0.0]
- [0.0, 0.0, 1.0, -0.8439239715371849, -0.5364627948561808, 0.0, 0.5364627948561808,
  -0.8439239715371849, 0.0]
- [0.0, 0.0, 1.0, -0.8968551000923111, -0.442324461722852, 0.0, 0.442324461722852,
  -0.8968551000923111, 0.0]
- [0.0, 0.0, 1.0, -0.8642008615028045, -0.5031469675729057, 0.0, 0.5031469675729057,
  -0.8642008615028045, 0.0]
- [0.0, 0.0, 1.0, -0.7551624577946165, -0.6555376894867251, 0.0, 0.6555376894867251,
  -0.7551624577946165, 0.0]
- [0.0, 0.0, 1.0, -0.7173870699537904, -0.6966748106994506, 0.0, 0.6966748106994506,
  -0.7173870699537904, 0.0]
- [0.0, 0.0, 1.0, -0.633383447280928, -0.7738381023899819, 0.0, 0.7738381023899819,
  -0.633383447280928, 0.0]
- [0.0, 0.0, 1.0, -0.5512076418612996, -0.8343681055467697, 0.0, 0.8343681055467697,
  -0.5512076418612996, 0.0]
- [0.0, 0.0, 1.0, -0.42245321466198277, -0.9063847314588638, 0.0, 0.9063847314588638,
  -0.42245321466198277, 0.0]
- [0.0, 0.0, 1.0, -0.25742041120134734, -0.9662995042412726, 0.0, 0.9662995042412726,
  -0.25742041120134734, 0.0]
- [0.0, 0.0, 1.0, 0.013436790089010728, -0.9999097222610168, 0.0, 0.9999097222610168,
  0.013436790089010728, 0.0]
- [0.0, 0.0, 1.0, 0.29562585714316025, -0.9553038012006294, 0.0, 0.9553038012006294,
  0.29562585714316025, 0.0]
- [0.0, 0.0, 1.0, 0.5384631799702214, -0.8426490395273449, 0.0, 0.8426490395273449,
  0.5384631799702214, 0.0]
- [0.0, 0.0, 1.0, 0.6610659678542138, -0.75032778580096, 0.0, 0.75032778580096, 0.6610659678542138,
  0.0]
- [0.0, 0.0, 1.0, 0.7307358302277344, -0.6826603448431611, 0.0, 0.6826603448431611,
  0.7307358302277344, 0.0]
- [0.0, 0.0, 1.0, 0.7764436319833047, -0.630186707534025, 0.0, 0.630186707534025,
  0.7764436319833047, 0.0]
- [0.0, 0.0, 1.0, 0.8149728793451552, -0.5794990991639825, 0.0, 0.5794990991639825,
  0.8149728793451552, 0.0]
- [0.0, 0.0, 1.0, 0.9021248456265774, -0.43147510113936355, 0.0, 0.43147510113936355,
  0.9021248456265774, 0.0]
- [0.0, 0.0, 1.0, 0.9180579440810338, -0.3964462275135249, 0.0, 0.3964462275135249,
  0.9180579440810338, 0.0]
- [0.0, 0.0, 1.0, 0.8764394252458354, -0.48151213263504544, 0.0, 0.48151213263504544,
  0.8764394252458354, 0.0]
- [0.0, 0.0, 1.0, 0.8882937603182449, -0.4592757291428239, 0.0, 0.4592757291428239,
  0.8882937603182449, 0.0]
- [0.0, 0.0, 1.0, 0.9052811956652931, -0.42481284911689915, 0.0, 0.42481284911689915,
  0.9052811956652931, 0.0]
- [0.0, 0.0, 1.0, 0.9137236424857024, -0.4063361972094787, 0.0, 0.4063361972094787,
  0.9137236424857024, 0.0]
- [0.0, 0.0, 1.0, 0.9258462579414956, -0.3779003925053923, 0.0, 0.3779003925053923,
  0.9258462579414956, 0.0]
- [0.0, 0.0, 1.0, 0.9773627601042179, -0.21157040237581648, 0.0, 0.21157040237581648,
  0.9773627601042179, 0.0]
- [0.0, 0.0, 1.0, 0.9892064363942032, -0.1465285849118898, 0.0, 0.1465285849118898,
  0.9892064363942032, 0.0]
- [0.0, 0.0, 1.0, 0.9506416742519307, -0.31029084288049213, 0.0, 0.31029084288049213,
  0.9506416742519307, 0.0]
- [0.0, 0.0, 1.0, 0.9537171039433501, -0.30070531363098524, 0.0, 0.30070531363098524,
  0.9537171039433501, 0.0]
- [0.0, 0.0, 1.0, 0.9576026423267475, -0.28809231056873275, 0.0, 0.28809231056873275,
  0.9576026423267475, 0.0]
- [0.0, 0.0, 1.0, 0.968148693948488, -0.250375930164696, 0.0, 0.250375930164696, 0.968148693948488,
  0.0]
- [0.0, 0.0, 1.0, 0.9690650177927196, -0.2468055738641165, 0.0, 0.2468055738641165,
  0.9690650177927196, 0.0]
- [0.0, 0.0, 1.0, 0.974913029885713, -0.22258612750811488, 0.0, 0.22258612750811488,
  0.974913029885713, 0.0]
- [0.0, 0.0, 1.0, 0.9807163480253867, -0.1954365490785917, 0.0, 0.1954365490785917,
  0.9807163480253867, 0.0]
- [0.0, 0.0, 1.0, 0.9811265289960139, -0.1933668381606165, 0.0, 0.1933668381606165,
  0.9811265289960139, 0.0]
- [0.0, 0.0, 1.0, 0.9866545112764538, -0.1628277475672442, 0.0, 0.1628277475672442,
  0.9866545112764538, 0.0]
- [0.0, 0.0, 1.0, 0.9898177783353205, -0.14234031646490908, 0.0, 0.14234031646490908,
  0.9898177783353205, 0.0]
- [0.0, 0.0, 1.0, 0.9900827775550975, -0.14048520772231946, 0.0, 0.14048520772231946,
  0.9900827775550975, 0.0]
- [0.0, 0.0, 1.0, 0.993856133436538, -0.11067965499844276, 0.0, 0.11067965499844276,
  0.993856133436538, 0.0]
- [0.0, 0.0, 1.0, 0.9958696952032822, -0.09079399856665628, 0.0, 0.09079399856665628,
  0.9958696952032822, 0.0]
- [0.0, 0.0, 1.0, 0.9960304667672423, -0.08901297248957239, 0.0, 0.08901297248957239,
  0.9960304667672423, 0.0]
- [0.0, 0.0, 1.0, 0.99783727594933, -0.06573256975062268, 0.0, 0.06573256975062268,
  0.99783727594933, 0.0]
- [0.0, 0.0, 1.0, 0.9991720211878372, -0.040685035030242525, 0.0, 0.040685035030242525,
  0.9991720211878372, 0.0]
- [0.0, 0.0, 1.0, 0.9992357265653325, -0.03908916416926655, 0.0, 0.03908916416926655,
  0.9992357265653325, 0.0]
- [0.0, 0.0, 1.0, 0.999637291888185, -0.026931109640259708, 0.0, 0.026931109640259708,
  0.999637291888185, 0.0]
- [0.0, 0.0, 1.0, 0.9999521984578277, 0.00977756612645794, 0.0, -0.00977756612645794,
  0.9999521984578277, 0.0]
- [0.0, 0.0, 1.0, 0.9999368844836577, 0.011235081179787346, 0.0, -0.011235081179787346,
  0.9999368844836577, 0.0]
- [0.0, 0.0, 1.0, 0.999921569736467, 0.012524151698214836, 0.0, -0.012524151698214836,
  0.999921569736467, 0.0]
- [0.0, 0.0, 1.0, 0.9985431246243828, 0.0539595057925307, 0.0, -0.0539595057925307,
  0.9985431246243828, 0.0]
- [0.0, 0.0, 1.0, 0.9981452889197405, 0.0608767788842997, 0.0, -0.0608767788842997,
  0.9981452889197405, 0.0]
- [0.0, 0.0, 1.0, 0.9980591036100365, 0.06227379626400278, 0.0, -0.06227379626400278,
  0.9980591036100365, 0.0]
- [0.0, 0.0, 1.0, 0.9966219219827424, 0.08212639419470931, 0.0, -0.08212639419470931,
  0.9966219219827424, 0.0]
- [0.0, 0.0, 1.0, 0.9939349326000677, 0.10996976746951304, 0.0, -0.10996976746951304,
  0.9939349326000677, 0.0]
- [0.0, 0.0, 1.0, 0.9937895628686683, 0.1112758047973652, 0.0, -0.1112758047973652,
  0.9937895628686683, 0.0]
- [0.0, 0.0, 1.0, 0.9935985721843625, 0.11296847946748684, 0.0, -0.11296847946748684,
  0.9935985721843625, 0.0]
- [0.0, 0.0, 1.0, 0.9886702812269162, 0.1501035476552449, 0.0, -0.1501035476552449,
  0.9886702812269162, 0.0]
- [0.0, 0.0, 1.0, 0.9873433871747993, 0.15859708636098707, 0.0, -0.15859708636098707,
  0.9873433871747993, 0.0]
- [0.0, 0.0, 1.0, 0.987158458966353, 0.1597440981419191, 0.0, -0.1597440981419191,
  0.987158458966353, 0.0]
- [0.0, 0.0, 1.0, 0.9870025164418625, 0.1607047993602901, 0.0, -0.1607047993602901,
  0.9870025164418625, 0.0]
- [0.0, 0.0, 1.0, 0.9995474164602097, 0.030082590442314962, 0.0, -0.030082590442314962,
  0.9995474164602097, 0.0]
- [0.0, 0.0, 1.0, 0.99875991575214, 0.04978584825809761, 0.0, -0.04978584825809761,
  0.99875991575214, 0.0]
- [0.0, 0.0, 1.0, 0.9786866836579083, 0.20535913719794724, 0.0, -0.20535913719794724,
  0.9786866836579083, 0.0]
- [0.0, 0.0, 1.0, 0.9775677921948693, 0.2106210142964105, 0.0, -0.2106210142964105,
  0.9775677921948693, 0.0]
- [0.0, 0.0, 1.0, 0.9695353936945335, 0.24495126122064784, 0.0, -0.24495126122064784,
  0.9695353936945335, 0.0]
- [0.0, 0.0, 1.0, 0.9691183460188395, 0.24659608960749732, 0.0, -0.24659608960749732,
  0.9691183460188395, 0.0]
- [0.0, 0.0, 1.0, 0.9688750769759762, 0.24755016706679098, 0.0, -0.24755016706679098,
  0.9688750769759762, 0.0]
- [0.0, 0.0, 1.0, 0.9662095375801293, 0.2577578892860363, 0.0, -0.2577578892860363,
  0.9662095375801293, 0.0]
- [0.0, 0.0, 1.0, 0.9602932118858836, 0.2789927368335842, 0.0, -0.2789927368335842,
  0.9602932118858836, 0.0]
- [0.0, 0.0, 1.0, 0.959883216634, 0.2804000899150453, 0.0, -0.2804000899150453, 0.959883216634,
  0.0]
- [0.0, 0.0, 1.0, 0.9596729512901527, 0.2811188833252724, 0.0, -0.2811188833252724,
  0.9596729512901527, 0.0]
- [0.0, 0.0, 1.0, 0.9567584119048709, 0.2908837246207998, 0.0, -0.2908837246207998,
  0.9567584119048709, 0.0]
- [0.0, 0.0, 1.0, 0.9528551579470679, 0.3034255229437173, 0.0, -0.3034255229437173,
  0.9528551579470679, 0.0]
- [0.0, 0.0, 1.0, 0.9526749370452081, 0.30399089513653016, 0.0, -0.30399089513653016,
  0.9526749370452081, 0.0]
- [0.0, 0.0, 1.0, 0.9525134627884947, 0.3044964748673963, 0.0, -0.3044964748673963,
  0.9525134627884947, 0.0]
- [0.0, 0.0, 1.0, 0.9503441684074011, 0.31120083800344306, 0.0, -0.31120083800344306,
  0.9503441684074011, 0.0]
- [0.0, 0.0, 1.0, 0.9485676664159309, 0.31657444974323967, 0.0, -0.31657444974323967,
  0.9485676664159309, 0.0]
- [0.0, 0.0, 1.0, 0.9484437784041224, 0.31694541991723424, 0.0, -0.31694541991723424,
  0.9484437784041224, 0.0]
- [0.0, 0.0, 1.0, 0.9483762209571266, 0.31714751066826846, 0.0, -0.31714751066826846,
  0.9483762209571266, 0.0]
- [0.0, 0.0, 1.0, 0.9483194000804077, 0.3173173733521938, 0.0, -0.3173173733521938,
  0.9483194000804077, 0.0]
- [0.0, 0.0, 1.0, 0.9483322350766138, 0.31727901272317716, 0.0, -0.31727901272317716,
  0.9483322350766138, 0.0]
- [0.0, 0.0, 1.0, 0.9483202003576442, 0.31731498167221406, 0.0, -0.31731498167221406,
  0.9483202003576442, 0.0]
- [0.0, 0.0, 1.0, 0.948602615962266, 0.31646970943448194, 0.0, -0.31646970943448194,
  0.948602615962266, 0.0]
- [0.0, 0.0, 1.0, 0.9513078871282452, 0.30824228114843977, 0.0, -0.30824228114843977,
  0.9513078871282452, 0.0]
- [0.0, 0.0, 1.0, 0.9521501227665461, 0.3056307309739173, 0.0, -0.3056307309739173,
  0.9521501227665461, 0.0]
- [0.0, 0.0, 1.0, 0.9522720874644397, 0.305250506037449, 0.0, -0.305250506037449,
  0.9522720874644397, 0.0]
- [0.0, 0.0, 1.0, 0.9534722071576311, 0.3014809283818055, 0.0, -0.3014809283818055,
  0.9534722071576311, 0.0]
- [0.0, 0.0, 1.0, 0.9592388484664199, 0.28259658807709725, 0.0, -0.28259658807709725,
  0.9592388484664199, 0.0]
- [0.0, 0.0, 1.0, 0.959704290056558, 0.28101187812446266, 0.0, -0.28101187812446266,
  0.959704290056558, 0.0]
- [0.0, 0.0, 1.0, 0.9599366415842828, 0.2802171374914245, 0.0, -0.2802171374914245,
  0.9599366415842828, 0.0]
- [0.0, 0.0, 1.0, 0.9656946172431524, 0.25968039245888647, 0.0, -0.25968039245888647,
  0.9656946172431524, 0.0]
- [0.0, 0.0, 1.0, 0.9687440649704507, 0.24806236430487985, 0.0, -0.24806236430487985,
  0.9687440649704507, 0.0]
- [0.0, 0.0, 1.0, 0.9899766760314951, 0.141230948851985, 0.0, -0.141230948851985,
  0.9899766760314951, 0.0]
- [0.0, 0.0, 1.0, 0.9941692863642482, 0.10783056176243203, 0.0, -0.10783056176243203,
  0.9941692863642482, 0.0]
- [0.0, 0.0, 1.0, 0.9783728470076215, 0.20684915334175588, 0.0, -0.20684915334175588,
  0.9783728470076215, 0.0]
- [0.0, 0.0, 1.0, 0.9786224734087755, 0.20566490838081844, 0.0, -0.20566490838081844,
  0.9786224734087755, 0.0]
- [0.0, 0.0, 1.0, 0.9810810316063934, 0.1935975449796172, 0.0, -0.1935975449796172,
  0.9810810316063934, 0.0]
- [0.0, 0.0, 1.0, 0.987012908615369, 0.16064096061288163, 0.0, -0.16064096061288163,
  0.987012908615369, 0.0]
- [0.0, 0.0, 1.0, 0.9876133542202453, 0.15690717818454372, 0.0, -0.15690717818454372,
  0.9876133542202453, 0.0]
- [0.0, 0.0, 1.0, 0.9885209526456239, 0.151083838250781, 0.0, -0.151083838250781,
  0.9885209526456239, 0.0]
- [0.0, 0.0, 1.0, 0.9933763626409305, 0.114906057918086, 0.0, -0.114906057918086,
  0.9933763626409305, 0.0]
- [0.0, 0.0, 1.0, 0.9939056877306687, 0.11023376931152554, 0.0, -0.11023376931152554,
  0.9939056877306687, 0.0]
- [0.0, 0.0, 1.0, 0.9943811936725357, 0.10585859280371669, 0.0, -0.10585859280371669,
  0.9943811936725357, 0.0]
- [0.0, 0.0, 1.0, 0.9975201983648027, 0.07038077759050879, 0.0, -0.07038077759050879,
  0.9975201983648027, 0.0]
- [0.0, 0.0, 1.0, 0.9977790719673445, 0.06661023603009417, 0.0, -0.06661023603009417,
  0.9977790719673445, 0.0]
- [0.0, 0.0, 1.0, 0.9984206856877074, 0.05617948371859729, 0.0, -0.05617948371859729,
  0.9984206856877074, 0.0]
- [0.0, 0.0, 1.0, 0.9996669224807049, 0.025807830167537446, 0.0, -0.025807830167537446,
  0.9996669224807049, 0.0]
- [0.0, 0.0, 1.0, 0.9997587774918928, 0.021963306397627586, 0.0, -0.021963306397627586,
  0.9997587774918928, 0.0]
- [0.0, 0.0, 1.0, 0.9999998000106205, -0.0006324387076226148, 0.0, 0.0006324387076226148,
  0.9999998000106205, 0.0]
- [0.0, 0.0, 1.0, 0.9997312419798978, -0.02318283436792919, 0.0, 0.02318283436792919,
  0.9997312419798978, 0.0]
- [0.0, 0.0, 1.0, 0.9996461040795827, -0.02660200365596953, 0.0, 0.02660200365596953,
  0.9996461040795827, 0.0]
- [0.0, 0.0, 1.0, 0.9979236617301517, -0.06440780510998498, 0.0, 0.06440780510998498,
  0.9979236617301517, 0.0]
- [0.0, 0.0, 1.0, 0.9977306921969836, -0.06733101698421017, 0.0, 0.06733101698421017,
  0.9977306921969836, 0.0]
- [0.0, 0.0, 1.0, 0.9958280544365223, -0.09124958080545119, 0.0, 0.09124958080545119,
  0.9958280544365223, 0.0]
