nodes:
- [1.38735100 0.00157199 0.00000000]
- [1.37016949 0.00361886 0.00000000]
- [1.35030287 0.00718539 0.00000000]
- [1.33042555 0.01074181 0.00000000]
- [1.31054792 0.01433513 0.00000000]
- [1.29067633 0.01797722 0.00000000]
- [1.27081730 0.02167888 0.00000000]
- [1.25096611 0.02541540 0.00000000]
- [1.23112377 0.02920041 0.00000000]
- [1.21128941 0.03302330 0.00000000]
- [1.19146436 0.03688831 0.00000000]
- [1.17164501 0.04078132 0.00000000]
- [1.15183334 0.04471491 0.00000000]
- [1.13202873 0.04867912 0.00000000]
- [1.11222959 0.05267595 0.00000000]
- [1.09244023 0.05671243 0.00000000]
- [1.07265560 0.06076630 0.00000000]
- [1.05287726 0.06485001 0.00000000]
- [1.03299290 0.06842558 0.00000000]
- [1.01332746 0.07198857 0.00000000]
- [0.99377354 0.07609551 0.00000000]
- [0.97422968 0.08024548 0.00000000]
- [0.95469006 0.08440773 0.00000000]
- [0.93515722 0.08860194 0.00000000]
- [0.91562794 0.09280910 0.00000000]
- [0.89610515 0.09704264 0.00000000]
- [0.87658568 0.10128374 0.00000000]
- [0.85706995 0.10553975 0.00000000]
- [0.83755627 0.10980011 0.00000000]
- [0.81804525 0.11406775 0.00000000]
- [0.79853572 0.11833230 0.00000000]
- [0.77902434 0.12258973 0.00000000]
- [0.75891028 0.12697801 0.00000000]
- [0.73879756 0.13135954 0.00000000]
- [0.71868252 0.13572036 0.00000000]
- [0.69856042 0.14006027 0.00000000]
- [0.67843982 0.14439718 0.00000000]
- [0.65831630 0.14869666 0.00000000]
- [0.63818320 0.15295800 0.00000000]
- [0.61804168 0.15719387 0.00000000]
- [0.59790366 0.16141122 0.00000000]
- [0.57775454 0.16554963 0.00000000]
- [0.55759033 0.16963484 0.00000000]
- [0.53741493 0.17367212 0.00000000]
- [0.51723968 0.17766438 0.00000000]
- [0.49704478 0.18154395 0.00000000]
- [0.47682801 0.18536562 0.00000000]
- [0.45660743 0.18915107 0.00000000]
- [0.43637984 0.19285353 0.00000000]
- [0.41573337 0.19417602 0.00000000]
- [0.39291315 0.19578800 0.00000000]
- [0.37051042 0.19963873 0.00000000]
- [0.34808899 0.20329204 0.00000000]
- [0.32562009 0.20684536 0.00000000]
- [0.30524005 0.21001331 0.00000000]
- [0.28485753 0.21303031 0.00000000]
- [0.26445128 0.21591435 0.00000000]
- [0.24400787 0.21867008 0.00000000]
- [0.22358125 0.22136567 0.00000000]
- [0.20314725 0.22382973 0.00000000]
- [0.18266281 0.22615419 0.00000000]
- [0.16217324 0.22838410 0.00000000]
- [0.14169968 0.23044515 0.00000000]
- [0.12121076 0.23227887 0.00000000]
- [0.10067353 0.23392391 0.00000000]
- [0.08015681 0.23546839 0.00000000]
- [0.05965391 0.23670669 0.00000000]
- [0.03908960 0.23771040 0.00000000]
- [0.01853720 0.23860395 0.00000000]
- [-0.00196833 0.23919007 0.00000000]
- [-0.02251041 0.23943717 0.00000000]
- [-0.04307226 0.23949716 0.00000000]
- [-0.06358457 0.23929025 0.00000000]
- [-0.08409000 0.23870359 0.00000000]
- [-0.10462357 0.23785010 0.00000000]
- [-0.12510760 0.23676784 0.00000000]
- [-0.14553952 0.23526937 0.00000000]
- [-0.16599574 0.23343249 0.00000000]
- [-0.18639660 0.23138808 0.00000000]
- [-0.20671974 0.22887333 0.00000000]
- [-0.22706057 0.22604189 0.00000000]
- [-0.24732495 0.22297808 0.00000000]
- [-0.26749578 0.21944400 0.00000000]
- [-0.28766141 0.21559785 0.00000000]
- [-0.30771699 0.21149254 0.00000000]
- [-0.32765540 0.20686598 0.00000000]
- [-0.34755408 0.20194757 0.00000000]
- [-0.36731538 0.19663413 0.00000000]
- [-0.38698124 0.19091267 0.00000000]
- [-0.40649870 0.18486452 0.00000000]
- [-0.42584174 0.17823069 0.00000000]
- [-0.44509355 0.17132379 0.00000000]
- [-0.46409583 0.16387559 0.00000000]
- [-0.48159890 0.15655629 0.00000000]
- [-0.49889149 0.14886318 0.00000000]
- [-0.51593458 0.14063868 0.00000000]
- [-0.53275157 0.13203307 0.00000000]
- [-0.55037364 0.12483138 0.00000000]
- [-0.56964767 0.11599440 0.00000000]
- [-0.58715951 0.10430826 0.00000000]
- [-0.60403401 0.09175728 0.00000000]
- [-0.62013157 0.07835910 0.00000000]
- [-0.63550899 0.06423969 0.00000000]
- [-0.64943993 0.04877195 0.00000000]
- [-0.66041410 0.03133754 0.00000000]
- [-0.66765126 0.01249628 0.00000000]
- [-0.66867535 -0.00707048 0.00000000]
- [-0.66135994 -0.02519782 0.00000000]
- [-0.64818533 -0.04062522 0.00000000]
- [-0.63192848 -0.05359946 0.00000000]
- [-0.61555148 -0.06444510 0.00000000]
- [-0.59886939 -0.07494012 0.00000000]
- [-0.58163898 -0.08463730 0.00000000]
- [-0.56401358 -0.09371303 0.00000000]
- [-0.54611014 -0.10226929 0.00000000]
- [-0.52792671 -0.11027163 0.00000000]
- [-0.50956822 -0.11790139 0.00000000]
- [-0.49100908 -0.12503836 0.00000000]
- [-0.47153164 -0.12963897 0.00000000]
- [-0.45004155 -0.13448544 0.00000000]
- [-0.42914626 -0.14104562 0.00000000]
- [-0.40938821 -0.14687034 0.00000000]
- [-0.38947238 -0.15227256 0.00000000]
- [-0.36951904 -0.15746139 0.00000000]
- [-0.34944624 -0.16213780 0.00000000]
- [-0.32926474 -0.16659554 0.00000000]
- [-0.30908344 -0.17074923 0.00000000]
- [-0.28877341 -0.17442363 0.00000000]
- [-0.26841079 -0.17795188 0.00000000]
- [-0.24804620 -0.18108475 0.00000000]
- [-0.22756045 -0.18382775 0.00000000]
- [-0.20706334 -0.18644153 0.00000000]
- [-0.18656387 -0.18862519 0.00000000]
- [-0.16597036 -0.19049719 0.00000000]
- [-0.14537147 -0.19219456 0.00000000]
- [-0.12478689 -0.19352949 0.00000000]
- [-0.10414308 -0.19453248 0.00000000]
- [-0.08347411 -0.19533490 0.00000000]
- [-0.06285120 -0.19586632 0.00000000]
- [-0.04220780 -0.19598061 0.00000000]
- [-0.02150690 -0.19587704 0.00000000]
- [-0.00087439 -0.19558868 0.00000000]
- [0.01973445 -0.19481640 0.00000000]
- [0.04042183 -0.19380718 0.00000000]
- [0.06104675 -0.19267508 0.00000000]
- [0.08160003 -0.19108669 0.00000000]
- [0.10220655 -0.18920103 0.00000000]
- [0.12279225 -0.18717127 0.00000000]
- [0.14328876 -0.18482742 0.00000000]
- [0.16377145 -0.18211579 0.00000000]
- [0.18426562 -0.17920477 0.00000000]
- [0.20469650 -0.17608720 0.00000000]
- [0.22504584 -0.17265310 0.00000000]
- [0.24538253 -0.16888228 0.00000000]
- [0.26573311 -0.16496354 0.00000000]
- [0.28597048 -0.16089750 0.00000000]
- [0.30612576 -0.15636144 0.00000000]
- [0.32633129 -0.15171564 0.00000000]
- [0.34647701 -0.14689770 0.00000000]
- [0.36656357 -0.14191612 0.00000000]
- [0.38556163 -0.13695685 0.00000000]
- [0.40458767 -0.13190936 0.00000000]
- [0.42358680 -0.12681678 0.00000000]
- [0.44253342 -0.12159991 0.00000000]
- [0.46146940 -0.11626250 0.00000000]
- [0.48041797 -0.11086964 0.00000000]
- [0.49999858 -0.10769458 0.00000000]
- [0.52001064 -0.10432283 0.00000000]
- [0.53937668 -0.09866795 0.00000000]
- [0.55874930 -0.09300967 0.00000000]
- [0.57812708 -0.08735004 0.00000000]
- [0.59751686 -0.08172531 0.00000000]
- [0.61691233 -0.07611235 0.00000000]
- [0.63632533 -0.07054912 0.00000000]
- [0.65576015 -0.06501613 0.00000000]
- [0.67523818 -0.05962080 0.00000000]
- [0.69472550 -0.05429173 0.00000000]
- [0.71424059 -0.04904036 0.00000000]
- [0.73380310 -0.04389289 0.00000000]
- [0.75342377 -0.03895927 0.00000000]
- [0.77305540 -0.03415979 0.00000000]
- [0.79240691 -0.02949600 0.00000000]
- [0.81182900 -0.02505933 0.00000000]
- [0.83128328 -0.02080691 0.00000000]
- [0.85075882 -0.01672676 0.00000000]
- [0.87027753 -0.01271773 0.00000000]
- [0.88988001 -0.00907090 0.00000000]
- [0.90947576 -0.00559633 0.00000000]
- [0.92911182 -0.00222226 0.00000000]
- [0.94882077 0.00083303 0.00000000]
- [0.96855337 0.00363121 0.00000000]
- [0.98830730 0.00621180 0.00000000]
- [1.00810567 0.00859708 0.00000000]
- [1.02799672 0.01008356 0.00000000]
- [1.04819212 0.01140455 0.00000000]
- [1.06838106 0.01311029 0.00000000]
- [1.08860239 0.01433470 0.00000000]
- [1.10880575 0.01543349 0.00000000]
- [1.12905367 0.01627229 0.00000000]
- [1.14930041 0.01670132 0.00000000]
- [1.16954932 0.01699345 0.00000000]
- [1.18981931 0.01687872 0.00000000]
- [1.21006032 0.01645332 0.00000000]
- [1.23032183 0.01584228 0.00000000]
- [1.25055737 0.01469690 0.00000000]
- [1.27076496 0.01339538 0.00000000]
- [1.29095827 0.01171865 0.00000000]
- [1.31110998 0.00977215 0.00000000]
- [1.33122978 0.00760620 0.00000000]
- [1.35131792 0.00525315 0.00000000]
- [1.37137758 0.00277816 0.00000000]
- [1.38783564 -0.00086175 0.00000000]
- [0.77380152 -0.01456610 0.00000000]
- [0.77454764 0.00502759 0.00000000]
- [0.77529375 0.02462128 0.00000000]
- [0.77603987 0.04421497 0.00000000]
- [0.77678599 0.06380866 0.00000000]
- [0.77753210 0.08340235 0.00000000]
- [0.77827822 0.10299604 0.00000000]
- [-0.43147623 -0.12071754 0.00000000]
- [-0.43380621 -0.10038945 0.00000000]
- [-0.43613618 -0.08006137 0.00000000]
- [-0.43846615 -0.05973329 0.00000000]
- [-0.44079612 -0.03940521 0.00000000]
- [-0.44312609 -0.01907713 0.00000000]
- [-0.44545606 0.00125095 0.00000000]
- [-0.44778603 0.02157903 0.00000000]
- [-0.45011600 0.04190711 0.00000000]
- [-0.45244597 0.06223519 0.00000000]
- [-0.45477594 0.08256327 0.00000000]
- [-0.45710591 0.10289135 0.00000000]
- [-0.45943589 0.12321943 0.00000000]
- [-0.46176586 0.14354751 0.00000000]
- [0.36415513 -0.12140074 0.00000000]
- [0.36174669 -0.10088536 0.00000000]
- [0.35933825 -0.08036997 0.00000000]
- [0.35692981 -0.05985459 0.00000000]
- [0.35452137 -0.03933921 0.00000000]
- [0.35211293 -0.01882383 0.00000000]
- [0.34970449 0.00169155 0.00000000]
- [0.34729605 0.02220693 0.00000000]
- [0.34488761 0.04272231 0.00000000]
- [0.34247917 0.06323769 0.00000000]
- [0.34007073 0.08375307 0.00000000]
- [0.33766229 0.10426846 0.00000000]
- [0.33525385 0.12478384 0.00000000]
- [0.33284541 0.14529922 0.00000000]
- [0.33043697 0.16581460 0.00000000]
- [0.32802853 0.18632998 0.00000000]
elements:
- [1 2]
- [2 3]
- [3 4]
- [4 5]
- [5 6]
- [6 7]
- [7 8]
- [8 9]
- [9 10]
- [10 11]
- [11 12]
- [12 13]
- [13 14]
- [14 15]
- [15 16]
- [16 17]
- [17 18]
- [18 19]
- [19 20]
- [20 21]
- [21 22]
- [22 23]
- [23 24]
- [24 25]
- [25 26]
- [26 27]
- [27 28]
- [28 29]
- [29 30]
- [30 31]
- [31 32]
- [32 33]
- [33 34]
- [34 35]
- [35 36]
- [36 37]
- [37 38]
- [38 39]
- [39 40]
- [40 41]
- [41 42]
- [42 43]
- [43 44]
- [44 45]
- [45 46]
- [46 47]
- [47 48]
- [48 49]
- [49 50]
- [50 51]
- [51 52]
- [52 53]
- [53 54]
- [54 55]
- [55 56]
- [56 57]
- [57 58]
- [58 59]
- [59 60]
- [60 61]
- [61 62]
- [62 63]
- [63 64]
- [64 65]
- [65 66]
- [66 67]
- [67 68]
- [68 69]
- [69 70]
- [70 71]
- [71 72]
- [72 73]
- [73 74]
- [74 75]
- [75 76]
- [76 77]
- [77 78]
- [78 79]
- [79 80]
- [80 81]
- [81 82]
- [82 83]
- [83 84]
- [84 85]
- [85 86]
- [86 87]
- [87 88]
- [88 89]
- [89 90]
- [90 91]
- [91 92]
- [92 93]
- [93 94]
- [94 95]
- [95 96]
- [96 97]
- [97 98]
- [98 99]
- [99 100]
- [100 101]
- [101 102]
- [102 103]
- [103 104]
- [104 105]
- [105 106]
- [106 107]
- [107 108]
- [108 109]
- [109 110]
- [110 111]
- [111 112]
- [112 113]
- [113 114]
- [114 115]
- [115 116]
- [116 117]
- [117 118]
- [118 119]
- [119 120]
- [120 121]
- [121 122]
- [122 123]
- [123 124]
- [124 125]
- [125 126]
- [126 127]
- [127 128]
- [128 129]
- [129 130]
- [130 131]
- [131 132]
- [132 133]
- [133 134]
- [134 135]
- [135 136]
- [136 137]
- [137 138]
- [138 139]
- [139 140]
- [140 141]
- [141 142]
- [142 143]
- [143 144]
- [144 145]
- [145 146]
- [146 147]
- [147 148]
- [148 149]
- [149 150]
- [150 151]
- [151 152]
- [152 153]
- [153 154]
- [154 155]
- [155 156]
- [156 157]
- [157 158]
- [158 159]
- [159 160]
- [160 161]
- [161 162]
- [162 163]
- [163 164]
- [164 165]
- [165 166]
- [166 167]
- [167 168]
- [168 169]
- [169 170]
- [170 171]
- [171 172]
- [172 173]
- [173 174]
- [174 175]
- [175 176]
- [176 177]
- [177 178]
- [178 179]
- [179 180]
- [180 181]
- [181 182]
- [182 183]
- [183 184]
- [184 185]
- [185 186]
- [186 187]
- [187 188]
- [188 189]
- [189 190]
- [190 191]
- [191 192]
- [192 193]
- [193 194]
- [194 195]
- [195 196]
- [196 197]
- [197 198]
- [198 199]
- [199 200]
- [200 201]
- [201 202]
- [202 203]
- [203 204]
- [204 205]
- [205 206]
- [206 207]
- [207 208]
- [208 209]
- [209 210]
- [210 211]
- [211 212]
- [212 1]
- [181 213]
- [213 214]
- [214 215]
- [215 216]
- [216 217]
- [217 218]
- [218 219]
- [219 32]
- [121 220]
- [220 221]
- [221 222]
- [222 223]
- [223 224]
- [224 225]
- [225 226]
- [226 227]
- [227 228]
- [228 229]
- [229 230]
- [230 231]
- [231 232]
- [232 233]
- [233 93]
- [160 234]
- [234 235]
- [235 236]
- [236 237]
- [237 238]
- [238 239]
- [239 240]
- [240 241]
- [241 242]
- [242 243]
- [243 244]
- [244 245]
- [245 246]
- [246 247]
- [247 248]
- [248 249]
- [249 54]
sets:
  element:
  - name: layup_0
    labels:
    - 1
    - 2
    - 3
    - 4
    - 5
    - 6
    - 7
    - 8
    - 9
    - 10
    - 11
    - 12
    - 13
    - 14
    - 15
    - 16
    - 17
    - 18
    - 194
    - 195
    - 196
    - 197
    - 198
    - 199
    - 200
    - 201
    - 202
    - 203
    - 204
    - 205
    - 206
    - 207
    - 208
    - 209
    - 210
    - 211
    - 212
  - name: layup_1
    labels:
    - 19
    - 20
    - 21
    - 22
    - 23
    - 24
    - 25
    - 26
    - 27
    - 28
    - 29
    - 30
    - 31
    - 32
    - 33
    - 34
    - 35
    - 36
    - 37
    - 38
    - 39
    - 40
    - 41
    - 42
    - 43
    - 44
    - 45
    - 46
    - 47
    - 48
    - 49
    - 98
    - 99
    - 100
    - 101
    - 102
    - 110
    - 111
    - 112
    - 113
    - 114
    - 115
    - 116
    - 117
    - 118
    - 167
    - 168
    - 169
    - 170
    - 171
    - 172
    - 173
    - 174
    - 175
    - 176
    - 177
    - 178
    - 179
    - 180
    - 181
    - 182
    - 183
    - 184
    - 185
    - 186
    - 187
    - 188
    - 189
    - 190
    - 191
    - 192
    - 193
  - name: layup_2
    labels:
    - 50
    - 51
    - 52
    - 53
    - 54
    - 55
    - 56
    - 57
    - 58
    - 59
    - 60
    - 61
    - 62
    - 63
    - 64
    - 65
    - 66
    - 67
    - 68
    - 69
    - 70
    - 71
    - 72
    - 73
    - 74
    - 75
    - 76
    - 77
    - 78
    - 79
    - 80
    - 81
    - 82
    - 83
    - 84
    - 85
    - 86
    - 87
    - 88
    - 89
    - 90
    - 91
    - 92
    - 93
    - 94
    - 95
    - 96
    - 97
    - 119
    - 120
    - 121
    - 122
    - 123
    - 124
    - 125
    - 126
    - 127
    - 128
    - 129
    - 130
    - 131
    - 132
    - 133
    - 134
    - 135
    - 136
    - 137
    - 138
    - 139
    - 140
    - 141
    - 142
    - 143
    - 144
    - 145
    - 146
    - 147
    - 148
    - 149
    - 150
    - 151
    - 152
    - 153
    - 154
    - 155
    - 156
    - 157
    - 158
    - 159
    - 160
    - 161
    - 162
    - 163
    - 164
    - 165
    - 166
  - name: layup_3
    labels:
    - 103
    - 104
    - 105
    - 106
    - 107
    - 108
    - 109
  - name: layup_4
    labels:
    - 213
    - 214
    - 215
    - 216
    - 217
    - 218
    - 219
    - 220
  - name: layup_5
    labels:
    - 221
    - 222
    - 223
    - 224
    - 225
    - 226
    - 227
    - 228
    - 229
    - 230
    - 231
    - 232
    - 233
    - 234
    - 235
    - 236
    - 237
    - 238
    - 239
    - 240
    - 241
    - 242
    - 243
    - 244
    - 245
    - 246
    - 247
    - 248
    - 249
    - 250
    - 251
    - 252
sections:
- type: shell
  elementSet: layup_0
  layup:
  - - gelcoat
    - 0.0005
    - 0.0
  - - glass_triax
    - 0.00297365
    - 0.0
  - - glass_uniax
    - 0.00265
    - 0.0
  - - glass_triax
    - 0.00297365
    - 0.0
- type: shell
  elementSet: layup_1
  layup:
  - - gelcoat
    - 0.0005
    - 0.0
  - - glass_triax
    - 0.00297365
    - 0.0
  - - medium_density_foam
    - 0.00479299
    - 0.0
  - - glass_triax
    - 0.00297365
    - 0.0
- type: shell
  elementSet: layup_2
  layup:
  - - gelcoat
    - 0.0005
    - 0.0
  - - glass_triax
    - 0.00297365
    - 0.0
  - - carbon_uniax
    - 0.01407568
    - 0.0
  - - glass_triax
    - 0.00297365
    - 0.0
- type: shell
  elementSet: layup_3
  layup:
  - - gelcoat
    - 0.0005
    - 0.0
  - - glass_triax
    - 0.00297365
    - 0.0
  - - glass_uniax
    - 0.002025
    - 0.0
  - - glass_triax
    - 0.00297365
    - 0.0
- type: shell
  elementSet: layup_4
  layup:
  - - glass_biax
    - 0.002
    - 0.0
  - - medium_density_foam
    - 0.03
    - 0.0
  - - glass_biax
    - 0.002
    - 0.0
- type: shell
  elementSet: layup_5
  layup:
  - - glass_biax
    - 0.002
    - 0.0
  - - medium_density_foam
    - 0.014
    - 0.0
  - - glass_biax
    - 0.002
    - 0.0
elementOrientations:
- [0.0, 0.0, 1.0, -0.9929783956392366, 0.11829584013703755, 0.0, -0.11829584013703755,
  -0.9929783956392366, 0.0]
- [0.0, 0.0, 1.0, -0.9842649515872278, 0.1766989107974133, 0.0, -0.1766989107974133,
  -0.9842649515872278, 0.0]
- [0.0, 0.0, 1.0, -0.9843684384837579, 0.17612148454134727, 0.0, -0.17612148454134727,
  -0.9843684384837579, 0.0]
- [0.0, 0.0, 1.0, -0.9840505471766078, 0.17788906824596887, 0.0, -0.17788906824596887,
  -0.9840505471766078, 0.0]
- [0.0, 0.0, 1.0, -0.9836156295999019, 0.18027837698068105, 0.0, -0.18027837698068105,
  -0.9836156295999019, 0.0]
- [0.0, 0.0, 1.0, -0.9830680752792401, 0.18324071427161157, 0.0, -0.18324071427161157,
  -0.9830680752792401, 0.0]
- [0.0, 0.0, 1.0, -0.9827426296752059, 0.1849781711961201, 0.0, -0.1849781711961201,
  -0.9827426296752059, 0.0]
- [0.0, 0.0, 1.0, -0.9822882915452563, 0.18737585835187373, 0.0, -0.18737585835187373,
  -0.9822882915452563, 0.0]
- [0.0, 0.0, 1.0, -0.9819275656696219, 0.18925711552840016, 0.0, -0.18925711552840016,
  -0.9819275656696219, 0.0]
- [0.0, 0.0, 1.0, -0.9815211835460519, 0.19135351120467456, 0.0, -0.19135351120467456,
  -0.9815211835460519, 0.0]
- [0.0, 0.0, 1.0, -0.9812495194034621, 0.19274174605018712, 0.0, -0.19274174605018712,
  -0.9812495194034621, 0.0]
- [0.0, 0.0, 1.0, -0.9808534254125776, 0.1947474206669064, 0.0, -0.1947474206669064,
  -0.9808534254125776, 0.0]
- [0.0, 0.0, 1.0, -0.9805493365362455, 0.1962727658599851, 0.0, -0.1962727658599851,
  -0.9805493365362455, 0.0]
- [0.0, 0.0, 1.0, -0.9802267829544473, 0.1978773710629258, 0.0, -0.1978773710629258,
  -0.9802267829544473, 0.0]
- [0.0, 0.0, 1.0, -0.9798251062167074, 0.1998568518400564, 0.0, -0.1998568518400564,
  -0.9798251062167074, 0.0]
- [0.0, 0.0, 1.0, -0.9796466163832547, 0.20072993550748777, 0.0, -0.20072993550748777,
  -0.9796466163832547, 0.0]
- [0.0, 0.0, 1.0, -0.9793425507750699, 0.2022082299051641, 0.0, -0.2022082299051641,
  -0.9793425507750699, 0.0]
- [0.0, 0.0, 1.0, -0.9842144729100749, 0.17697986132422996, 0.0, -0.17697986132422996,
  -0.9842144729100749, 0.0]
- [0.0, 0.0, 1.0, -0.9839801831069687, 0.1782778709003909, 0.0, -0.1782778709003909,
  -0.9839801831069687, 0.0]
- [0.0, 0.0, 1.0, -0.9786473362583045, 0.20554656707064, 0.0, -0.20554656707064, -0.9786473362583045,
  0.0]
- [0.0, 0.0, 1.0, -0.9781903453738264, 0.2077104913513858, 0.0, -0.2077104913513858,
  -0.9781903453738264, 0.0]
- [0.0, 0.0, 1.0, -0.9780561860227963, 0.20834129927247086, 0.0, -0.20834129927247086,
  -0.9780561860227963, 0.0]
- [0.0, 0.0, 1.0, -0.977714106894806, 0.2099407658814552, 0.0, -0.2099407658814552,
  -0.977714106894806, 0.0]
- [0.0, 0.0, 1.0, -0.9775729809289161, 0.21059693007675379, 0.0, -0.21059693007675379,
  -0.9775729809289161, 0.0]
- [0.0, 0.0, 1.0, -0.9772857758884822, 0.21192572341753962, 0.0, -0.21192572341753962,
  -0.9772857758884822, 0.0]
- [0.0, 0.0, 1.0, -0.9771998828169779, 0.21232142855228875, 0.0, -0.21232142855228875,
  -0.9771998828169779, 0.0]
- [0.0, 0.0, 1.0, -0.9770362164515133, 0.21307330133574157, 0.0, -0.21307330133574157,
  -0.9770362164515133, 0.0]
- [0.0, 0.0, 1.0, -0.9769863325976875, 0.21330191259648965, 0.0, -0.21330191259648965,
  -0.9769863325976875, 0.0]
- [0.0, 0.0, 1.0, -0.9769041109533203, 0.21367816454308763, 0.0, -0.21367816454308763,
  -0.9769041109533203, 0.0]
- [0.0, 0.0, 1.0, -0.9769330190032955, 0.21354595847523455, 0.0, -0.21354595847523455,
  -0.9769330190032955, 0.0]
- [0.0, 0.0, 1.0, -0.9770115633658667, 0.21318631534267196, 0.0, -0.21318631534267196,
  -0.9770115633658667, 0.0]
- [0.0, 0.0, 1.0, -0.9770182376061918, 0.21315572566762275, 0.0, -0.21315572566762275,
  -0.9770182376061918, 0.0]
- [0.0, 0.0, 1.0, -0.9770834751197502, 0.2128564836877473, 0.0, -0.2128564836877473,
  -0.9770834751197502, 0.0]
- [0.0, 0.0, 1.0, -0.9772974633489655, 0.21187182005089167, 0.0, -0.21187182005089167,
  -0.9772974633489655, 0.0]
- [0.0, 0.0, 1.0, -0.9775225080264659, 0.21083108476135098, 0.0, -0.21083108476135098,
  -0.9775225080264659, 0.0]
- [0.0, 0.0, 1.0, -0.9775493266687425, 0.21070670119739426, 0.0, -0.21070670119739426,
  -0.9775493266687425, 0.0]
- [0.0, 0.0, 1.0, -0.9779287141778688, 0.20893881876381973, 0.0, -0.20893881876381973,
  -0.9779287141778688, 0.0]
- [0.0, 0.0, 1.0, -0.9783259192662258, 0.2070709919131464, 0.0, -0.2070709919131464,
  -0.9783259192662258, 0.0]
- [0.0, 0.0, 1.0, -0.978593318445618, 0.2058035886314748, 0.0, -0.2058035886314748,
  -0.978593318445618, 0.0]
- [0.0, 0.0, 1.0, -0.9787671560149274, 0.20497525291227436, 0.0, -0.20497525291227436,
  -0.9787671560149274, 0.0]
- [0.0, 0.0, 1.0, -0.9795523039991696, 0.20118967103188526, 0.0, -0.20118967103188526,
  -0.9795523039991696, 0.0]
- [0.0, 0.0, 1.0, -0.9800881186290702, 0.1985630371497415, 0.0, -0.1985630371497415,
  -0.9800881186290702, 0.0]
- [0.0, 0.0, 1.0, -0.9805601619950556, 0.19621867573763277, 0.0, -0.19621867573763277,
  -0.9805601619950556, 0.0]
- [0.0, 0.0, 1.0, -0.9809787092187231, 0.19411535760873727, 0.0, -0.19411535760873727,
  -0.9809787092187231, 0.0]
- [0.0, 0.0, 1.0, -0.9820431354030348, 0.18865651382281168, 0.0, -0.18865651382281168,
  -0.9820431354030348, 0.0]
- [0.0, 0.0, 1.0, -0.9825979671489279, 0.185745080566874, 0.0, -0.185745080566874,
  -0.9825979671489279, 0.0]
- [0.0, 0.0, 1.0, -0.9829240974275377, 0.18401146349143702, 0.0, -0.18401146349143702,
  -0.9829240974275377, 0.0]
- [0.0, 0.0, 1.0, -0.9836577455457031, 0.18004843689392283, 0.0, -0.18004843689392283,
  -0.9836577455457031, 0.0]
- [0.0, 0.0, 1.0, -0.997954820640535, 0.06392320361431775, 0.0, -0.06392320361431775,
  -0.997954820640535, 0.0]
- [0.0, 0.0, 1.0, -0.997514416123983, 0.07046268249810872, 0.0, -0.07046268249810872,
  -0.997514416123983, 0.0]
- [0.0, 0.0, 1.0, -0.9855470105196641, 0.16940215481437432, 0.0, -0.16940215481437432,
  -0.9855470105196641, 0.0]
- [0.0, 0.0, 1.0, -0.9869841536671876, 0.16081753763152012, 0.0, -0.16081753763152012,
  -0.9869841536671876, 0.0]
- [0.0, 0.0, 1.0, -0.9877250027262126, 0.15620281364144292, 0.0, -0.15620281364144292,
  -0.9877250027262126, 0.0]
- [0.0, 0.0, 1.0, -0.9881332442973757, 0.15359912602076536, 0.0, -0.15359912602076536,
  -0.9881332442973757, 0.0]
- [0.0, 0.0, 1.0, -0.9892219657062918, 0.14642370902343682, 0.0, -0.14642370902343682,
  -0.9892219657062918, 0.0]
- [0.0, 0.0, 1.0, -0.9901598856708138, 0.13994070461578037, 0.0, -0.13994070461578037,
  -0.9901598856708138, 0.0]
- [0.0, 0.0, 1.0, -0.9910367713574727, 0.13358936266543223, 0.0, -0.13358936266543223,
  -0.9910367713574727, 0.0]
- [0.0, 0.0, 1.0, -0.9914047756570954, 0.13083031301768114, 0.0, -0.13083031301768114,
  -0.9914047756570954, 0.0]
- [0.0, 0.0, 1.0, -0.9928078348425039, 0.11971885012536419, 0.0, -0.11971885012536419,
  -0.9928078348425039, 0.0]
- [0.0, 0.0, 1.0, -0.9936232884651384, 0.11275087857628625, 0.0, -0.11275087857628625,
  -0.9936232884651384, 0.0]
- [0.0, 0.0, 1.0, -0.9941299138684118, 0.10819294964083483, 0.0, -0.10819294964083483,
  -0.9941299138684118, 0.0]
- [0.0, 0.0, 1.0, -0.9949710927252731, 0.10016249118844936, 0.0, -0.10016249118844936,
  -0.9949710927252731, 0.0]
- [0.0, 0.0, 1.0, -0.9960189287571013, 0.08914198538038423, 0.0, -0.08914198538038423,
  -0.9960189287571013, 0.0]
- [0.0, 0.0, 1.0, -0.9968073345917585, 0.07984445944505913, 0.0, -0.07984445944505913,
  -0.9968073345917585, 0.0]
- [0.0, 0.0, 1.0, -0.9971785177589273, 0.07506666184205071, 0.0, -0.07506666184205071,
  -0.9971785177589273, 0.0]
- [0.0, 0.0, 1.0, -0.998181126393132, 0.0602863078363449, 0.0, -0.0602863078363449,
  -0.998181126393132, 0.0]
- [0.0, 0.0, 1.0, -0.9988109767958627, 0.04875071929822613, 0.0, -0.04875071929822613,
  -0.9988109767958627, 0.0]
- [0.0, 0.0, 1.0, -0.9990562388860538, 0.043435372023875825, 0.0, -0.043435372023875825,
  -0.9990562388860538, 0.0]
- [0.0, 0.0, 1.0, -0.9995917372323576, 0.028571994274067706, 0.0, -0.028571994274067706,
  -0.9995917372323576, 0.0]
- [0.0, 0.0, 1.0, -0.9999276615172646, 0.012027956294184612, 0.0, -0.012027956294184612,
  -0.9999276615172646, 0.0]
- [0.0, 0.0, 1.0, -0.9999957436264075, 0.002917658147977753, 0.0, -0.002917658147977753,
  -0.9999957436264075, 0.0]
- [0.0, 0.0, 1.0, -0.9999491279603033, -0.010086698737881799, 0.0, 0.010086698737881799,
  -0.9999491279603033, 0.0]
- [0.0, 0.0, 1.0, -0.9995909852617454, -0.028598289869378322, 0.0, 0.028598289869378322,
  -0.9995909852617454, 0.0]
- [0.0, 0.0, 1.0, -0.9991372794939332, -0.041529468157708645, 0.0, 0.041529468157708645,
  -0.9991372794939332, 0.0]
- [0.0, 0.0, 1.0, -0.9986071645845374, -0.052761073154655114, 0.0, 0.052761073154655114,
  -0.9986071645845374, 0.0]
- [0.0, 0.0, 1.0, -0.9973214500903312, -0.07314318279729756, 0.0, 0.07314318279729756,
  -0.9973214500903312, 0.0]
- [0.0, 0.0, 1.0, -0.9959926101965796, -0.08943556582145779, 0.0, 0.08943556582145779,
  -0.9959926101965796, 0.0]
- [0.0, 0.0, 1.0, -0.9950162672271767, -0.09971272713799219, 0.0, 0.09971272713799219,
  -0.9950162672271767, 0.0]
- [0.0, 0.0, 1.0, -0.9924312344925251, -0.12280164821223982, 0.0, 0.12280164821223982,
  -0.9924312344925251, 0.0]
- [0.0, 0.0, 1.0, -0.9904502631223394, -0.13787050547846974, 0.0, 0.13787050547846974,
  -0.9904502631223394, 0.0]
- [0.0, 0.0, 1.0, -0.9887628141581793, -0.1494928002881674, 0.0, 0.1494928002881674,
  -0.9887628141581793, 0.0]
- [0.0, 0.0, 1.0, -0.9849957393351754, -0.17257865885314802, 0.0, 0.17257865885314802,
  -0.9849957393351754, 0.0]
- [0.0, 0.0, 1.0, -0.9822930894364155, -0.18735070441677595, 0.0, 0.18735070441677595,
  -0.9822930894364155, 0.0]
- [0.0, 0.0, 1.0, -0.979685804687509, -0.20053858504983074, 0.0, 0.20053858504983074,
  -0.979685804687509, 0.0]
- [0.0, 0.0, 1.0, -0.9741187475148714, -0.22603686809911863, 0.0, 0.22603686809911863,
  -0.9741187475148714, 0.0]
- [0.0, 0.0, 1.0, -0.9707848396652676, -0.23995165153855572, 0.0, 0.23995165153855572,
  -0.9707848396652676, 0.0]
- [0.0, 0.0, 1.0, -0.9657004847647792, -0.25965857144540905, 0.0, 0.25965857144540905,
  -0.9657004847647792, 0.0]
- [0.0, 0.0, 1.0, -0.9601889515306877, -0.27935135109463627, 0.0, 0.27935135109463627,
  -0.9601889515306877, 0.0]
- [0.0, 0.0, 1.0, -0.9551886771547589, -0.29599761998256335, 0.0, 0.29599761998256335,
  -0.9551886771547589, 0.0]
- [0.0, 0.0, 1.0, -0.9459170066618742, -0.3244087182981365, 0.0, 0.3244087182981365,
  -0.9459170066618742, 0.0]
- [0.0, 0.0, 1.0, -0.9412568490754406, -0.33769149244328517, 0.0, 0.33769149244328517,
  -0.9412568490754406, 0.0]
- [0.0, 0.0, 1.0, -0.9310344279788099, -0.3649313550767736, 0.0, 0.3649313550767736,
  -0.9310344279788099, 0.0]
- [0.0, 0.0, 1.0, -0.9225829623376947, -0.3857987527250495, 0.0, 0.3857987527250495,
  -0.9225829623376947, 0.0]
- [0.0, 0.0, 1.0, -0.9136642595520551, -0.4064697046732938, 0.0, 0.4064697046732938,
  -0.9136642595520551, 0.0]
- [0.0, 0.0, 1.0, -0.9006177896472995, -0.43461200739373557, 0.0, 0.43461200739373557,
  -0.9006177896472995, 0.0]
- [0.0, 0.0, 1.0, -0.8902144397612053, -0.4555417118559435, 0.0, 0.4555417118559435,
  -0.8902144397612053, 0.0]
- [0.0, 0.0, 1.0, -0.9256818556776693, -0.3783029236856976, 0.0, 0.3783029236856976,
  -0.9256818556776693, 0.0]
- [0.0, 0.0, 1.0, -0.9090104120032839, -0.41677340470526675, 0.0, 0.41677340470526675,
  -0.9090104120032839, 0.0]
- [0.0, 0.0, 1.0, -0.8317964568869106, -0.555080763772608, 0.0, 0.555080763772608,
  -0.8317964568869106, 0.0]
- [0.0, 0.0, 1.0, -0.8023877102051838, -0.5968031187181263, 0.0, 0.5968031187181263,
  -0.8023877102051838, 0.0]
- [0.0, 0.0, 1.0, -0.7686074556967922, -0.6397207039382917, 0.0, 0.6397207039382917,
  -0.7686074556967922, 0.0]
- [0.0, 0.0, 1.0, -0.7365945225313312, -0.6763346134694278, 0.0, 0.6763346134694278,
  -0.7365945225313312, 0.0]
- [0.0, 0.0, 1.0, -0.6692292831748919, -0.7430559646091405, 0.0, 0.7430559646091405,
  -0.6692292831748919, 0.0]
- [0.0, 0.0, 1.0, -0.5327074165583223, -0.846299479111123, 0.0, 0.846299479111123,
  -0.5327074165583223, 0.0]
- [0.0, 0.0, 1.0, -0.3585699547545349, -0.9335028588854619, 0.0, 0.9335028588854619,
  -0.3585699547545349, 0.0]
- [0.0, 0.0, 1.0, -0.052266565753564975, -0.9986331689385888, 0.0, 0.9986331689385888,
  -0.052266565753564975, 0.0]
- [0.0, 0.0, 1.0, 0.3742322033622558, -0.927335030054743, 0.0, 0.927335030054743,
  0.3742322033622558, 0.0]
- [0.0, 0.0, 1.0, 0.649401419899573, -0.7604457875696455, 0.0, 0.7604457875696455,
  0.649401419899573, 0.0]
- [0.0, 0.0, 1.0, 0.7816008689066677, -0.6237788724574935, 0.0, 0.6237788724574935,
  0.7816008689066677, 0.0]
- [0.0, 0.0, 1.0, 0.8337466382061005, -0.5521472116021467, 0.0, 0.5521472116021467,
  0.8337466382061005, 0.0]
- [0.0, 0.0, 1.0, 0.8464276974672109, -0.5325036647388973, 0.0, 0.5325036647388973,
  0.8464276974672109, 0.0]
- [0.0, 0.0, 1.0, 0.871465869773506, -0.49045615280054006, 0.0, 0.49045615280054006,
  0.871465869773506, 0.0]
- [0.0, 0.0, 1.0, 0.8890570625096341, -0.45779639535686656, 0.0, 0.45779639535686656,
  0.8890570625096341, 0.0]
- [0.0, 0.0, 1.0, 0.9022569959562944, -0.43119869346731937, 0.0, 0.43119869346731937,
  0.9022569959562944, 0.0]
- [0.0, 0.0, 1.0, 0.9152847168403953, -0.40280750628358153, 0.0, 0.40280750628358153,
  0.9152847168403953, 0.0]
- [0.0, 0.0, 1.0, 0.9234266921959693, -0.3837748612663559, 0.0, 0.3837748612663559,
  0.9234266921959693, 0.0]
- [0.0, 0.0, 1.0, 0.9333652196166299, -0.3589280802751439, 0.0, 0.3589280802751439,
  0.9333652196166299, 0.0]
- [0.0, 0.0, 1.0, 0.973219781422244, -0.22987661266087836, 0.0, 0.22987661266087836,
  0.973219781422244, 0.0]
- [0.0, 0.0, 1.0, 0.9755007737385827, -0.2199960009532596, 0.0, 0.2199960009532596,
  0.9755007737385827, 0.0]
- [0.0, 0.0, 1.0, 0.9540839912044621, -0.29953920899836123, 0.0, 0.29953920899836123,
  0.9540839912044621, 0.0]
- [0.0, 0.0, 1.0, 0.9591875378176262, -0.282770697377504, 0.0, 0.282770697377504,
  0.9591875378176262, 0.0]
- [0.0, 0.0, 1.0, 0.9651241565766068, -0.26179259422736373, 0.0, 0.26179259422736373,
  0.9651241565766068, 0.0]
- [0.0, 0.0, 1.0, 0.9678111521581562, -0.2516775193741033, 0.0, 0.2516775193741033,
  0.9678111521581562, 0.0]
- [0.0, 0.0, 1.0, 0.9739188687460116, -0.22689653391025813, 0.0, 0.22689653391025813,
  0.9739188687460116, 0.0]
- [0.0, 0.0, 1.0, 0.9764633031667985, -0.21568360523828625, 0.0, 0.21568360523828625,
  0.9764633031667985, 0.0]
- [0.0, 0.0, 1.0, 0.9794693953086534, -0.2015929156833167, 0.0, 0.2015929156833167,
  0.9794693953086534, 0.0]
- [0.0, 0.0, 1.0, 0.9840258393233945, -0.1780256934936337, 0.0, 0.1780256934936337,
  0.9840258393233945, 0.0]
- [0.0, 0.0, 1.0, 0.9853183781621666, -0.1707269564417924, 0.0, 0.1707269564417924,
  0.9853183781621666, 0.0]
- [0.0, 0.0, 1.0, 0.9883727123184651, -0.15205058876650396, 0.0, 0.15205058876650396,
  0.9883727123184651, 0.0]
- [0.0, 0.0, 1.0, 0.9911544818441684, -0.13271319874156404, 0.0, 0.13271319874156404,
  0.9911544818441684, 0.0]
- [0.0, 0.0, 1.0, 0.9919672341269025, -0.12649508456309036, 0.0, 0.12649508456309036,
  0.9919672341269025, 0.0]
- [0.0, 0.0, 1.0, 0.9943742811394464, -0.10592350545751986, 0.0, 0.10592350545751986,
  0.9943742811394464, 0.0]
- [0.0, 0.0, 1.0, 0.9958938034087543, -0.09052917945085695, 0.0, 0.09052917945085695,
  0.9958938034087543, 0.0]
- [0.0, 0.0, 1.0, 0.9966222144996896, -0.08212284435974304, 0.0, 0.08212284435974304,
  0.9966222144996896, 0.0]
- [0.0, 0.0, 1.0, 0.9979037742257617, -0.06471520212423096, 0.0, 0.06471520212423096,
  0.9979037742257617, 0.0]
- [0.0, 0.0, 1.0, 0.9988218229910002, -0.04852799106634507, 0.0, 0.04852799106634507,
  0.9988218229910002, 0.0]
- [0.0, 0.0, 1.0, 0.9992472579691536, -0.038793265409447386, 0.0, 0.038793265409447386,
  0.9992472579691536, 0.0]
- [0.0, 0.0, 1.0, 0.9996681520205031, -0.0257601598580509, 0.0, 0.0257601598580509,
  0.9996681520205031, 0.0]
- [0.0, 0.0, 1.0, 0.9999846755170761, -0.0055361296054196605, 0.0, 0.0055361296054196605,
  0.9999846755170761, 0.0]
- [0.0, 0.0, 1.0, 0.99998748380137, 0.005003223021664952, 0.0, -0.005003223021664952,
  0.99998748380137, 0.0]
- [0.0, 0.0, 1.0, 0.9999023484319927, 0.01397474866271543, 0.0, -0.01397474866271543,
  0.9999023484319927, 0.0]
- [0.0, 0.0, 1.0, 0.9992986321259416, 0.03744654631901002, 0.0, -0.03744654631901002,
  0.9992986321259416, 0.0]
- [0.0, 0.0, 1.0, 0.9988121589788731, 0.048726492547301124, 0.0, -0.048726492547301124,
  0.9988121589788731, 0.0]
- [0.0, 0.0, 1.0, 0.998496934278433, 0.054807592873349846, 0.0, -0.054807592873349846,
  0.998496934278433, 0.0]
- [0.0, 0.0, 1.0, 0.9970270791396687, 0.07705195300718122, 0.0, -0.07705195300718122,
  0.9970270791396687, 0.0]
- [0.0, 0.0, 1.0, 0.9958392910191919, 0.09112687014483214, 0.0, -0.09112687014483214,
  0.9958392910191919, 0.0]
- [0.0, 0.0, 1.0, 0.9951741067722565, 0.09812490616577135, 0.0, -0.09812490616577135,
  0.9951741067722565, 0.0]
- [0.0, 0.0, 1.0, 0.9935250860522471, 0.11361295430044616, 0.0, -0.11361295430044616,
  0.9935250860522471, 0.0]
- [0.0, 0.0, 1.0, 0.9913504273657928, 0.13124149557841924, 0.0, -0.13124149557841924,
  0.9913504273657928, 0.0]
- [0.0, 0.0, 1.0, 0.9900622589335304, 0.14062973880170318, 0.0, -0.14062973880170318,
  0.9900622589335304, 0.0]
- [0.0, 0.0, 1.0, 0.9885574313673255, 0.15084496971538494, 0.0, -0.15084496971538494,
  0.9885574313673255, 0.0]
- [0.0, 0.0, 1.0, 0.9860575600141757, 0.16640459230108473, 0.0, -0.16640459230108473,
  0.9860575600141757, 0.0]
- [0.0, 0.0, 1.0, 0.9832406876361656, 0.182312232658043, 0.0, -0.182312232658043,
  0.9832406876361656, 0.0]
- [0.0, 0.0, 1.0, 0.9819602117997055, 0.18908765809083766, 0.0, -0.18908765809083766,
  0.9819602117997055, 0.0]
- [0.0, 0.0, 1.0, 0.9804073609482822, 0.19698072646435372, 0.0, -0.19698072646435372,
  0.9804073609482822, 0.0]
- [0.0, 0.0, 1.0, 0.9755981311587879, 0.2195638551298474, 0.0, -0.2195638551298474,
  0.9755981311587879, 0.0]
- [0.0, 0.0, 1.0, 0.9745706883492683, 0.22408028340403624, 0.0, -0.22408028340403624,
  0.9745706883492683, 0.0]
- [0.0, 0.0, 1.0, 0.9725735491952266, 0.2325955532803671, 0.0, -0.2325955532803671,
  0.9725735491952266, 0.0]
- [0.0, 0.0, 1.0, 0.970596251431799, 0.2407133496641602, 0.0, -0.2407133496641602,
  0.970596251431799, 0.0]
- [0.0, 0.0, 1.0, 0.9675768234810065, 0.2525769004925134, 0.0, -0.2525769004925134,
  0.9675768234810065, 0.0]
- [0.0, 0.0, 1.0, 0.9665644599806567, 0.25642376001903894, 0.0, -0.25642376001903894,
  0.9665644599806567, 0.0]
- [0.0, 0.0, 1.0, 0.9659032990857295, 0.25890310313957954, 0.0, -0.25890310313957954,
  0.9659032990857295, 0.0]
- [0.0, 0.0, 1.0, 0.9641200801332899, 0.26546651593709253, 0.0, -0.26546651593709253,
  0.9641200801332899, 0.0]
- [0.0, 0.0, 1.0, 0.9624961932399819, 0.2712951860954105, 0.0, -0.2712951860954105,
  0.9624961932399819, 0.0]
- [0.0, 0.0, 1.0, 0.9618052673975066, 0.2737345933681216, 0.0, -0.2737345933681216,
  0.9618052673975066, 0.0]
- [0.0, 0.0, 1.0, 0.9871068994812775, 0.1600623909494644, 0.0, -0.1600623909494644,
  0.9871068994812775, 0.0]
- [0.0, 0.0, 1.0, 0.9861014160201566, 0.16614450735140857, 0.0, -0.16614450735140857,
  0.9861014160201566, 0.0]
- [0.0, 0.0, 1.0, 0.9599140812442071, 0.2802944106276289, 0.0, -0.2802944106276289,
  0.9599140812442071, 0.0]
- [0.0, 0.0, 1.0, 0.9598942178756765, 0.28036242702766606, 0.0, -0.28036242702766606,
  0.9598942178756765, 0.0]
- [0.0, 0.0, 1.0, 0.9598964664206251, 0.2803547284302471, 0.0, -0.2803547284302471,
  0.9598964664206251, 0.0]
- [0.0, 0.0, 1.0, 0.9604066959581109, 0.2786018276300871, 0.0, -0.2786018276300871,
  0.9604066959581109, 0.0]
- [0.0, 0.0, 1.0, 0.9605842319409846, 0.2779890885382888, 0.0, -0.2779890885382888,
  0.9605842319409846, 0.0]
- [0.0, 0.0, 1.0, 0.9613057568638528, 0.27548365073160924, 0.0, -0.27548365073160924,
  0.9613057568638528, 0.0]
- [0.0, 0.0, 1.0, 0.9617826343636838, 0.2738141052547374, 0.0, -0.2738141052547374,
  0.9617826343636838, 0.0]
- [0.0, 0.0, 1.0, 0.9637119485523493, 0.26694433917473126, 0.0, -0.26694433917473126,
  0.9637119485523493, 0.0]
- [0.0, 0.0, 1.0, 0.9645834129841895, 0.2637780115850688, 0.0, -0.2637780115850688,
  0.9645834129841895, 0.0]
- [0.0, 0.0, 1.0, 0.9656490924075355, 0.2598496302335312, 0.0, -0.2598496302335312,
  0.9656490924075355, 0.0]
- [0.0, 0.0, 1.0, 0.9670814616333101, 0.2544669852165124, 0.0, -0.2544669852165124,
  0.9670814616333101, 0.0]
- [0.0, 0.0, 1.0, 0.9698106140018351, 0.24385933028978732, 0.0, -0.24385933028978732,
  0.9698106140018351, 0.0]
- [0.0, 0.0, 1.0, 0.9713917756974163, 0.23748266906749355, 0.0, -0.23748266906749355,
  0.9713917756974163, 0.0]
- [0.0, 0.0, 1.0, 0.9721653414089029, 0.23429585775960987, 0.0, -0.23429585775960987,
  0.9721653414089029, 0.0]
- [0.0, 0.0, 1.0, 0.9748875630354715, 0.2226976412959051, 0.0, -0.2226976412959051,
  0.9748875630354715, 0.0]
- [0.0, 0.0, 1.0, 0.9769335997845289, 0.2135433014918566, 0.0, -0.2135433014918566,
  0.9769335997845289, 0.0]
- [0.0, 0.0, 1.0, 0.9787515970968647, 0.20504953347992974, 0.0, -0.20504953347992974,
  0.9787515970968647, 0.0]
- [0.0, 0.0, 1.0, 0.9795513859637321, 0.20119414071123262, 0.0, -0.20119414071123262,
  0.9795513859637321, 0.0]
- [0.0, 0.0, 1.0, 0.9831313216789866, 0.18290107800045619, 0.0, -0.18290107800045619,
  0.9831313216789866, 0.0]
- [0.0, 0.0, 1.0, 0.9846413883349459, 0.17458904999406638, 0.0, -0.17458904999406638,
  0.9846413883349459, 0.0]
- [0.0, 0.0, 1.0, 0.9855562525450209, 0.16934837781748904, 0.0, -0.16934837781748904,
  0.9855562525450209, 0.0]
- [0.0, 0.0, 1.0, 0.9881966231326053, 0.15319084185849924, 0.0, -0.15319084185849924,
  0.9881966231326053, 0.0]
- [0.0, 0.0, 1.0, 0.9900948380203712, 0.1404001842071969, 0.0, -0.1404001842071969,
  0.9900948380203712, 0.0]
- [0.0, 0.0, 1.0, 0.9915746701509348, 0.12953637911824156, 0.0, -0.12953637911824156,
  0.9915746701509348, 0.0]
- [0.0, 0.0, 1.0, 0.9928205535047618, 0.1196133292676801, 0.0, -0.1196133292676801,
  0.9928205535047618, 0.0]
- [0.0, 0.0, 1.0, 0.9972192480989932, 0.07452362860783777, 0.0, -0.07452362860783777,
  0.9972192480989932, 0.0]
- [0.0, 0.0, 1.0, 0.9978675964451199, 0.06527066695567978, 0.0, -0.06527066695567978,
  0.9978675964451199, 0.0]
- [0.0, 0.0, 1.0, 0.9964497907587277, 0.08418915902233265, 0.0, -0.08418915902233265,
  0.9964497907587277, 0.0]
- [0.0, 0.0, 1.0, 0.9981718635152026, 0.060439481190591546, 0.0, -0.060439481190591546,
  0.9981718635152026, 0.0]
- [0.0, 0.0, 1.0, 0.9985243084103246, 0.05430658812412201, 0.0, -0.05430658812412201,
  0.9985243084103246, 0.0]
- [0.0, 0.0, 1.0, 0.99914303725613, 0.04139071275776413, 0.0, -0.04139071275776413,
  0.99914303725613, 0.0]
- [0.0, 0.0, 1.0, 0.9997755678700906, 0.021185228109172373, 0.0, -0.021185228109172373,
  0.9997755678700906, 0.0]
- [0.0, 0.0, 1.0, 0.999895941905914, 0.014425857343149436, 0.0, -0.014425857343149436,
  0.999895941905914, 0.0]
- [0.0, 0.0, 1.0, 0.9999839813599161, -0.0056601257557677255, 0.0, 0.0056601257557677255,
  0.9999839813599161, 0.0]
- [0.0, 0.0, 1.0, 0.9997792199152092, -0.021012173274928093, 0.0, 0.021012173274928093,
  0.9997792199152092, 0.0]
- [0.0, 0.0, 1.0, 0.9995455698625603, -0.030143884423369863, 0.0, 0.030143884423369863,
  0.9995455698625603, 0.0]
- [0.0, 0.0, 1.0, 0.998401913754151, -0.056512110313180985, 0.0, 0.056512110313180985,
  0.998401913754151, 0.0]
- [0.0, 0.0, 1.0, 0.997932271288414, -0.06427427106663589, 0.0, 0.06427427106663589,
  0.997932271288414, 0.0]
- [0.0, 0.0, 1.0, 0.996570397390696, -0.08274927821165795, 0.0, 0.08274927821165795,
  0.996570397390696, 0.0]
- [0.0, 0.0, 1.0, 0.9953673801806535, -0.09614457068551724, 0.0, 0.09614457068551724,
  0.9953673801806535, 0.0]
- [0.0, 0.0, 1.0, 0.9942553224115995, -0.10703435829772649, 0.0, 0.10703435829772649,
  0.9942553224115995, 0.0]
- [0.0, 0.0, 1.0, 0.9932093288385092, -0.11634100355488593, 0.0, 0.11634100355488593,
  0.9932093288385092, 0.0]
- [0.0, 0.0, 1.0, 0.9924743510474986, -0.12245269500034078, 0.0, 0.12245269500034078,
  0.9924743510474986, 0.0]
- [0.0, 0.0, 1.0, 0.9764055928759742, -0.21594471098065235, 0.0, 0.21594471098065235,
  0.9764055928759742, 0.0]
