nodes:
- [3.57163247 0.03205015 0.00000000]
- [3.52689566 0.03982244 0.00000000]
- [3.47618549 0.05130543 0.00000000]
- [3.42545844 0.06272793 0.00000000]
- [3.37472728 0.07414703 0.00000000]
- [3.32398486 0.08553694 0.00000000]
- [3.27323980 0.09696905 0.00000000]
- [3.22251036 0.10848433 0.00000000]
- [3.17178855 0.12007046 0.00000000]
- [3.12110825 0.13181717 0.00000000]
- [3.07044182 0.14358853 0.00000000]
- [3.01979346 0.15544639 0.00000000]
- [2.96916034 0.16734922 0.00000000]
- [2.91853281 0.17929547 0.00000000]
- [2.86792818 0.19133028 0.00000000]
- [2.81733541 0.20338824 0.00000000]
- [2.76503208 0.20829231 0.00000000]
- [2.71442758 0.21281096 0.00000000]
- [2.66554193 0.22452504 0.00000000]
- [2.61666708 0.23626549 0.00000000]
- [2.56779666 0.24799874 0.00000000]
- [2.51893147 0.25973535 0.00000000]
- [2.47006399 0.27144891 0.00000000]
- [2.42119305 0.28315512 0.00000000]
- [2.37231619 0.29484585 0.00000000]
- [2.32345110 0.30653432 0.00000000]
- [2.27457943 0.31815888 0.00000000]
- [2.22569304 0.32975327 0.00000000]
- [2.17680070 0.34131342 0.00000000]
- [2.12791779 0.35282924 0.00000000]
- [2.07900685 0.36423752 0.00000000]
- [2.03007491 0.37561967 0.00000000]
- [1.98115527 0.38694384 0.00000000]
- [1.93199720 0.39818996 0.00000000]
- [1.88279619 0.40935161 0.00000000]
- [1.83358976 0.42047521 0.00000000]
- [1.78439297 0.43148995 0.00000000]
- [1.73515163 0.44234004 0.00000000]
- [1.68587051 0.45312394 0.00000000]
- [1.63659727 0.46383176 0.00000000]
- [1.58731181 0.47437035 0.00000000]
- [1.53796972 0.48475120 0.00000000]
- [1.48859962 0.49505749 0.00000000]
- [1.43924892 0.50523933 0.00000000]
- [1.38985285 0.51517096 0.00000000]
- [1.34038908 0.52497419 0.00000000]
- [1.29090936 0.53468760 0.00000000]
- [1.24146356 0.54424571 0.00000000]
- [1.19195002 0.55346999 0.00000000]
- [1.14235663 0.56257781 0.00000000]
- [1.09277748 0.57156784 0.00000000]
- [1.04320179 0.58028466 0.00000000]
- [0.99354279 0.58869503 0.00000000]
- [0.94381459 0.59696453 0.00000000]
- [0.89415709 0.60508257 0.00000000]
- [0.84444587 0.61267842 0.00000000]
- [0.79461056 0.62004002 0.00000000]
- [0.74475400 0.62722617 0.00000000]
- [0.69496105 0.63413364 0.00000000]
- [0.64507666 0.64047051 0.00000000]
- [0.59507448 0.64661216 0.00000000]
- [0.54514278 0.65253330 0.00000000]
- [0.49520293 0.65786188 0.00000000]
- [0.44512747 0.66276306 0.00000000]
- [0.39501862 0.66743673 0.00000000]
- [0.34501380 0.67170699 0.00000000]
- [0.29491753 0.67520442 0.00000000]
- [0.24431461 0.67230741 0.00000000]
- [0.19507118 0.66900505 0.00000000]
- [0.14622201 0.67097314 0.00000000]
- [0.09648613 0.67249299 0.00000000]
- [0.04684472 0.67369742 0.00000000]
- [-0.00260947 0.67414474 0.00000000]
- [-0.05218680 0.67375902 0.00000000]
- [-0.10182262 0.67293712 0.00000000]
- [-0.15119062 0.67145779 0.00000000]
- [-0.20057368 0.66888278 0.00000000]
- [-0.25010285 0.66578872 0.00000000]
- [-0.29925676 0.66208970 0.00000000]
- [-0.34833112 0.65701405 0.00000000]
- [-0.39755585 0.65139673 0.00000000]
- [-0.44631793 0.64500297 0.00000000]
- [-0.49492329 0.63714309 0.00000000]
- [-0.54355537 0.62858914 0.00000000]
- [-0.59167248 0.61901528 0.00000000]
- [-0.63965747 0.60792944 0.00000000]
- [-0.68400504 0.59710235 0.00000000]
- [-0.72945185 0.59089508 0.00000000]
- [-0.77987083 0.58188098 0.00000000]
- [-0.82811662 0.56607769 0.00000000]
- [-0.87567545 0.54837800 0.00000000]
- [-0.92285630 0.52965909 0.00000000]
- [-0.96918665 0.50916509 0.00000000]
- [-1.01492271 0.48735509 0.00000000]
- [-1.05966534 0.46385355 0.00000000]
- [-1.10351070 0.43864906 0.00000000]
- [-1.14629572 0.41192596 0.00000000]
- [-1.18768750 0.38326850 0.00000000]
- [-1.22768551 0.35279340 0.00000000]
- [-1.26591643 0.32048032 0.00000000]
- [-1.30200951 0.28573627 0.00000000]
- [-1.34251729 0.25486064 0.00000000]
- [-1.37949806 0.22229526 0.00000000]
- [-1.40703330 0.18199830 0.00000000]
- [-1.43065208 0.13949653 0.00000000]
- [-1.44870621 0.09462830 0.00000000]
- [-1.46016822 0.04776225 0.00000000]
- [-1.46487740 -0.00003747 0.00000000]
- [-1.46027149 -0.04753204 0.00000000]
- [-1.44518471 -0.09304951 0.00000000]
- [-1.42389410 -0.13651853 0.00000000]
- [-1.39759564 -0.17741058 0.00000000]
- [-1.36724288 -0.21569378 0.00000000]
- [-1.32828429 -0.24622811 0.00000000]
- [-1.28758979 -0.27480429 0.00000000]
- [-1.25027538 -0.30674326 0.00000000]
- [-1.21176573 -0.33770895 0.00000000]
- [-1.17188452 -0.36690335 0.00000000]
- [-1.13114195 -0.39488162 0.00000000]
- [-1.08908792 -0.42103798 0.00000000]
- [-1.04647175 -0.44624141 0.00000000]
- [-1.00271181 -0.46944072 0.00000000]
- [-0.95833433 -0.49178734 0.00000000]
- [-0.91331627 -0.51256168 0.00000000]
- [-0.86755609 -0.53208335 0.00000000]
- [-0.82151010 -0.55059347 0.00000000]
- [-0.77473363 -0.56733803 0.00000000]
- [-0.72581686 -0.57773869 0.00000000]
- [-0.67352671 -0.58748418 0.00000000]
- [-0.62606161 -0.60060028 0.00000000]
- [-0.57859313 -0.61289318 0.00000000]
- [-0.53069595 -0.62345891 0.00000000]
- [-0.48228596 -0.63336418 0.00000000]
- [-0.43408431 -0.64239753 0.00000000]
- [-0.38548944 -0.64972960 0.00000000]
- [-0.33649137 -0.65656942 0.00000000]
- [-0.28772395 -0.66250326 0.00000000]
- [-0.23868604 -0.66699025 0.00000000]
- [-0.18931572 -0.67094171 0.00000000]
- [-0.14023521 -0.67416264 0.00000000]
- [-0.09102004 -0.67591553 0.00000000]
- [-0.04143368 -0.67712821 0.00000000]
- [0.00781538 -0.67780850 0.00000000]
- [0.05703815 -0.67700749 0.00000000]
- [0.10662108 -0.67561453 0.00000000]
- [0.15231080 -0.67387610 0.00000000]
- [0.19776341 -0.67131321 0.00000000]
- [0.24380192 -0.67363679 0.00000000]
- [0.29379908 -0.67520162 0.00000000]
- [0.34307827 -0.67045379 0.00000000]
- [0.39217972 -0.66449687 0.00000000]
- [0.44140277 -0.65783628 0.00000000]
- [0.49055520 -0.65077661 0.00000000]
- [0.53941791 -0.64301218 0.00000000]
- [0.58819042 -0.63414750 0.00000000]
- [0.63708382 -0.62487504 0.00000000]
- [0.68572552 -0.61530042 0.00000000]
- [0.73407044 -0.60464288 0.00000000]
- [0.78247469 -0.59334428 0.00000000]
- [0.83083045 -0.58170300 0.00000000]
- [0.87891127 -0.56962647 0.00000000]
- [0.92676472 -0.55659803 0.00000000]
- [0.97466640 -0.54313415 0.00000000]
- [1.02245218 -0.52934298 0.00000000]
- [1.06998985 -0.51511100 0.00000000]
- [1.11734450 -0.50011250 0.00000000]
- [1.16474324 -0.48478657 0.00000000]
- [1.21203923 -0.46924891 0.00000000]
- [1.25912004 -0.45333570 0.00000000]
- [1.30607237 -0.43686873 0.00000000]
- [1.35306181 -0.42018013 0.00000000]
- [1.39997520 -0.40337019 0.00000000]
- [1.44674098 -0.38627557 0.00000000]
- [1.49345631 -0.36887614 0.00000000]
- [1.54019969 -0.35136939 0.00000000]
- [1.58692182 -0.33381349 0.00000000]
- [1.63361308 -0.31616098 0.00000000]
- [1.68031739 -0.29846815 0.00000000]
- [1.72704958 -0.28076755 0.00000000]
- [1.77384767 -0.26312779 0.00000000]
- [1.82072039 -0.24563145 0.00000000]
- [1.86764767 -0.22828245 0.00000000]
- [1.91464329 -0.21107854 0.00000000]
- [1.96179463 -0.19404463 0.00000000]
- [2.00973493 -0.17727278 0.00000000]
- [2.05770851 -0.16081898 0.00000000]
- [2.10581133 -0.14455828 0.00000000]
- [2.15420323 -0.12878307 0.00000000]
- [2.20276085 -0.11370240 0.00000000]
- [2.25133543 -0.09897094 0.00000000]
- [2.30019153 -0.08454054 0.00000000]
- [2.34937196 -0.07113213 0.00000000]
- [2.39853656 -0.05825290 0.00000000]
- [2.44796698 -0.04578043 0.00000000]
- [2.49777532 -0.03438138 0.00000000]
- [2.54763639 -0.02393558 0.00000000]
- [2.59760490 -0.01398464 0.00000000]
- [2.64789083 -0.00495732 0.00000000]
- [2.69824906 0.00298653 0.00000000]
- [2.74966149 0.00309487 0.00000000]
- [2.80246496 0.00242878 0.00000000]
- [2.85435458 0.00791375 0.00000000]
- [2.90631970 0.01285767 0.00000000]
- [2.95844139 0.01643412 0.00000000]
- [3.01056556 0.01900197 0.00000000]
- [3.06279130 0.02077918 0.00000000]
- [3.11503720 0.02086952 0.00000000]
- [3.16725516 0.02026556 0.00000000]
- [3.21946143 0.01822048 0.00000000]
- [3.27159585 0.01521060 0.00000000]
- [3.32366368 0.01103921 0.00000000]
- [3.37563379 0.00574128 0.00000000]
- [3.42747521 -0.00073097 0.00000000]
- [3.47913555 -0.00839039 0.00000000]
- [3.53057444 -0.01699295 0.00000000]
- [3.57311645 -0.02841789 0.00000000]
- [1.96340802 -0.14562892 0.00000000]
- [1.96502140 -0.09721322 0.00000000]
- [1.96663479 -0.04879751 0.00000000]
- [1.96824818 -0.00038181 0.00000000]
- [1.96986156 0.04803390 0.00000000]
- [1.97147495 0.09644961 0.00000000]
- [1.97308834 0.14486531 0.00000000]
- [1.97470172 0.19328102 0.00000000]
- [1.97631511 0.24169672 0.00000000]
- [1.97792850 0.29011243 0.00000000]
- [1.97954188 0.33852813 0.00000000]
- [-0.67211549 -0.53767528 0.00000000]
- [-0.67070427 -0.48786638 0.00000000]
- [-0.66929305 -0.43805748 0.00000000]
- [-0.66788184 -0.38824858 0.00000000]
- [-0.66647062 -0.33843968 0.00000000]
- [-0.66505940 -0.28863078 0.00000000]
- [-0.66364818 -0.23882187 0.00000000]
- [-0.66223696 -0.18901297 0.00000000]
- [-0.66082574 -0.13920407 0.00000000]
- [-0.65941453 -0.08939517 0.00000000]
- [-0.65800331 -0.03958627 0.00000000]
- [-0.65659209 0.01022263 0.00000000]
- [-0.65518087 0.06003153 0.00000000]
- [-0.65376965 0.10984043 0.00000000]
- [-0.65235843 0.15964933 0.00000000]
- [-0.65094722 0.20945824 0.00000000]
- [-0.64953600 0.25926714 0.00000000]
- [-0.64812478 0.30907604 0.00000000]
- [-0.64671356 0.35888494 0.00000000]
- [-0.64530234 0.40869384 0.00000000]
- [-0.64389112 0.45850274 0.00000000]
- [-0.64247991 0.50831164 0.00000000]
- [-0.64106869 0.55812054 0.00000000]
- [0.10808779 -0.62574091 0.00000000]
- [0.10955449 -0.57586730 0.00000000]
- [0.11102119 -0.52599368 0.00000000]
- [0.11248789 -0.47612006 0.00000000]
- [0.11395459 -0.42624644 0.00000000]
- [0.11542129 -0.37637283 0.00000000]
- [0.11688799 -0.32649921 0.00000000]
- [0.11835469 -0.27662559 0.00000000]
- [0.11982139 -0.22675197 0.00000000]
- [0.12128809 -0.17687836 0.00000000]
- [0.12275479 -0.12700474 0.00000000]
- [0.12422149 -0.07713112 0.00000000]
- [0.12568820 -0.02725751 0.00000000]
- [0.12715490 0.02261611 0.00000000]
- [0.12862160 0.07248973 0.00000000]
- [0.13008830 0.12236335 0.00000000]
- [0.13155500 0.17223696 0.00000000]
- [0.13302170 0.22211058 0.00000000]
- [0.13448840 0.27198420 0.00000000]
- [0.13595510 0.32185782 0.00000000]
- [0.13742180 0.37173143 0.00000000]
- [0.13888850 0.42160505 0.00000000]
- [0.14035520 0.47147867 0.00000000]
- [0.14182190 0.52135228 0.00000000]
- [0.14328861 0.57122590 0.00000000]
- [0.14475531 0.62109952 0.00000000]
elements:
- [1 2]
- [2 3]
- [3 4]
- [4 5]
- [5 6]
- [6 7]
- [7 8]
- [8 9]
- [9 10]
- [10 11]
- [11 12]
- [12 13]
- [13 14]
- [14 15]
- [15 16]
- [16 17]
- [17 18]
- [18 19]
- [19 20]
- [20 21]
- [21 22]
- [22 23]
- [23 24]
- [24 25]
- [25 26]
- [26 27]
- [27 28]
- [28 29]
- [29 30]
- [30 31]
- [31 32]
- [32 33]
- [33 34]
- [34 35]
- [35 36]
- [36 37]
- [37 38]
- [38 39]
- [39 40]
- [40 41]
- [41 42]
- [42 43]
- [43 44]
- [44 45]
- [45 46]
- [46 47]
- [47 48]
- [48 49]
- [49 50]
- [50 51]
- [51 52]
- [52 53]
- [53 54]
- [54 55]
- [55 56]
- [56 57]
- [57 58]
- [58 59]
- [59 60]
- [60 61]
- [61 62]
- [62 63]
- [63 64]
- [64 65]
- [65 66]
- [66 67]
- [67 68]
- [68 69]
- [69 70]
- [70 71]
- [71 72]
- [72 73]
- [73 74]
- [74 75]
- [75 76]
- [76 77]
- [77 78]
- [78 79]
- [79 80]
- [80 81]
- [81 82]
- [82 83]
- [83 84]
- [84 85]
- [85 86]
- [86 87]
- [87 88]
- [88 89]
- [89 90]
- [90 91]
- [91 92]
- [92 93]
- [93 94]
- [94 95]
- [95 96]
- [96 97]
- [97 98]
- [98 99]
- [99 100]
- [100 101]
- [101 102]
- [102 103]
- [103 104]
- [104 105]
- [105 106]
- [106 107]
- [107 108]
- [108 109]
- [109 110]
- [110 111]
- [111 112]
- [112 113]
- [113 114]
- [114 115]
- [115 116]
- [116 117]
- [117 118]
- [118 119]
- [119 120]
- [120 121]
- [121 122]
- [122 123]
- [123 124]
- [124 125]
- [125 126]
- [126 127]
- [127 128]
- [128 129]
- [129 130]
- [130 131]
- [131 132]
- [132 133]
- [133 134]
- [134 135]
- [135 136]
- [136 137]
- [137 138]
- [138 139]
- [139 140]
- [140 141]
- [141 142]
- [142 143]
- [143 144]
- [144 145]
- [145 146]
- [146 147]
- [147 148]
- [148 149]
- [149 150]
- [150 151]
- [151 152]
- [152 153]
- [153 154]
- [154 155]
- [155 156]
- [156 157]
- [157 158]
- [158 159]
- [159 160]
- [160 161]
- [161 162]
- [162 163]
- [163 164]
- [164 165]
- [165 166]
- [166 167]
- [167 168]
- [168 169]
- [169 170]
- [170 171]
- [171 172]
- [172 173]
- [173 174]
- [174 175]
- [175 176]
- [176 177]
- [177 178]
- [178 179]
- [179 180]
- [180 181]
- [181 182]
- [182 183]
- [183 184]
- [184 185]
- [185 186]
- [186 187]
- [187 188]
- [188 189]
- [189 190]
- [190 191]
- [191 192]
- [192 193]
- [193 194]
- [194 195]
- [195 196]
- [196 197]
- [197 198]
- [198 199]
- [199 200]
- [200 201]
- [201 202]
- [202 203]
- [203 204]
- [204 205]
- [205 206]
- [206 207]
- [207 208]
- [208 209]
- [209 210]
- [210 211]
- [211 212]
- [212 213]
- [213 214]
- [214 215]
- [215 216]
- [216 1]
- [184 217]
- [217 218]
- [218 219]
- [219 220]
- [220 221]
- [221 222]
- [222 223]
- [223 224]
- [224 225]
- [225 226]
- [226 227]
- [227 33]
- [129 228]
- [228 229]
- [229 230]
- [230 231]
- [231 232]
- [232 233]
- [233 234]
- [234 235]
- [235 236]
- [236 237]
- [237 238]
- [238 239]
- [239 240]
- [240 241]
- [241 242]
- [242 243]
- [243 244]
- [244 245]
- [245 246]
- [246 247]
- [247 248]
- [248 249]
- [249 250]
- [250 86]
- [145 251]
- [251 252]
- [252 253]
- [253 254]
- [254 255]
- [255 256]
- [256 257]
- [257 258]
- [258 259]
- [259 260]
- [260 261]
- [261 262]
- [262 263]
- [263 264]
- [264 265]
- [265 266]
- [266 267]
- [267 268]
- [268 269]
- [269 270]
- [270 271]
- [271 272]
- [272 273]
- [273 274]
- [274 275]
- [275 276]
- [276 70]
sets:
  element:
  - name: layup_0
    labels:
    - 1
    - 2
    - 3
    - 4
    - 5
    - 6
    - 7
    - 8
    - 9
    - 10
    - 11
    - 12
    - 13
    - 14
    - 15
    - 16
    - 200
    - 201
    - 202
    - 203
    - 204
    - 205
    - 206
    - 207
    - 208
    - 209
    - 210
    - 211
    - 212
    - 213
    - 214
    - 215
    - 216
  - name: layup_1
    labels:
    - 17
    - 18
    - 19
    - 20
    - 21
    - 22
    - 23
    - 24
    - 25
    - 26
    - 27
    - 28
    - 29
    - 30
    - 31
    - 32
    - 33
    - 34
    - 35
    - 36
    - 37
    - 38
    - 39
    - 40
    - 41
    - 42
    - 43
    - 44
    - 45
    - 46
    - 47
    - 48
    - 49
    - 50
    - 51
    - 52
    - 53
    - 54
    - 55
    - 56
    - 57
    - 58
    - 59
    - 60
    - 61
    - 62
    - 63
    - 64
    - 65
    - 66
    - 67
    - 88
    - 89
    - 90
    - 91
    - 92
    - 93
    - 94
    - 95
    - 96
    - 97
    - 98
    - 99
    - 100
    - 101
    - 114
    - 115
    - 116
    - 117
    - 118
    - 119
    - 120
    - 121
    - 122
    - 123
    - 124
    - 125
    - 126
    - 127
    - 148
    - 149
    - 150
    - 151
    - 152
    - 153
    - 154
    - 155
    - 156
    - 157
    - 158
    - 159
    - 160
    - 161
    - 162
    - 163
    - 164
    - 165
    - 166
    - 167
    - 168
    - 169
    - 170
    - 171
    - 172
    - 173
    - 174
    - 175
    - 176
    - 177
    - 178
    - 179
    - 180
    - 181
    - 182
    - 183
    - 184
    - 185
    - 186
    - 187
    - 188
    - 189
    - 190
    - 191
    - 192
    - 193
    - 194
    - 195
    - 196
    - 197
    - 198
    - 199
  - name: layup_2
    labels:
    - 68
    - 69
    - 70
    - 71
    - 72
    - 73
    - 74
    - 75
    - 76
    - 77
    - 78
    - 79
    - 80
    - 81
    - 82
    - 83
    - 84
    - 85
    - 86
    - 87
  - name: layup_3
    labels:
    - 102
    - 103
    - 104
    - 105
    - 106
    - 107
    - 108
    - 109
    - 110
    - 111
    - 112
    - 113
  - name: layup_4
    labels:
    - 128
    - 129
    - 130
    - 131
    - 132
    - 133
    - 134
    - 135
    - 136
    - 137
    - 138
    - 139
    - 140
    - 141
    - 142
    - 143
    - 144
    - 145
    - 146
    - 147
  - name: layup_5
    labels:
    - 217
    - 218
    - 219
    - 220
    - 221
    - 222
    - 223
    - 224
    - 225
    - 226
    - 227
    - 228
    - 229
    - 230
    - 231
    - 232
    - 233
    - 234
    - 235
    - 236
    - 237
    - 238
    - 239
    - 240
    - 241
    - 242
    - 243
    - 244
    - 245
    - 246
    - 247
    - 248
    - 249
    - 250
    - 251
    - 252
    - 253
    - 254
    - 255
    - 256
    - 257
    - 258
    - 259
    - 260
    - 261
    - 262
    - 263
    - 264
    - 265
    - 266
    - 267
    - 268
    - 269
    - 270
    - 271
    - 272
    - 273
    - 274
    - 275
    - 276
    - 277
    - 278
    - 279
sections:
- type: shell
  elementSet: layup_0
  layup:
  - - gelcoat
    - 0.0005
    - 0.0
  - - glass_triax
    - 0.003
    - 0.0
  - - glass_uniax
    - 0.0148284
    - 0.0
  - - glass_triax
    - 0.003
    - 0.0
- type: shell
  elementSet: layup_1
  layup:
  - - gelcoat
    - 0.0005
    - 0.0
  - - glass_triax
    - 0.003
    - 0.0
  - - medium_density_foam
    - 0.044375
    - 0.0
  - - glass_triax
    - 0.003
    - 0.0
- type: shell
  elementSet: layup_2
  layup:
  - - gelcoat
    - 0.0005
    - 0.0
  - - glass_triax
    - 0.003
    - 0.0
  - - carbon_uniax
    - 0.06894381
    - 0.0
  - - glass_triax
    - 0.003
    - 0.0
- type: shell
  elementSet: layup_3
  layup:
  - - gelcoat
    - 0.0005
    - 0.0
  - - glass_triax
    - 0.003
    - 0.0
  - - glass_uniax
    - 0.01172485
    - 0.0
  - - glass_triax
    - 0.003
    - 0.0
- type: shell
  elementSet: layup_4
  layup:
  - - gelcoat
    - 0.0005
    - 0.0
  - - glass_triax
    - 0.003
    - 0.0
  - - carbon_uniax
    - 0.06777214
    - 0.0
  - - glass_triax
    - 0.003
    - 0.0
- type: shell
  elementSet: layup_5
  layup:
  - - glass_biax
    - 0.002
    - 0.0
  - - medium_density_foam
    - 0.0308
    - 0.0
  - - glass_biax
    - 0.002
    - 0.0
elementOrientations:
- [0.0, 0.0, 1.0, -0.9852415760526078, 0.17116961417662188, 0.0, -0.17116961417662188,
  -0.9852415760526078, 0.0]
- [0.0, 0.0, 1.0, -0.9753073511530964, 0.2208519204959076, 0.0, -0.2208519204959076,
  -0.9753073511530964, 0.0]
- [0.0, 0.0, 1.0, -0.975573016115793, 0.21967542016970185, 0.0, -0.21967542016970185,
  -0.975573016115793, 0.0]
- [0.0, 0.0, 1.0, -0.9755908325398909, 0.21959628290142463, 0.0, -0.21959628290142463,
  -0.9755908325398909, 0.0]
- [0.0, 0.0, 1.0, -0.9757213898657046, 0.2190154546111707, 0.0, -0.2190154546111707,
  -0.9757213898657046, 0.0]
- [0.0, 0.0, 1.0, -0.9755501307480899, 0.21977702882099523, 0.0, -0.21977702882099523,
  -0.9755501307480899, 0.0]
- [0.0, 0.0, 1.0, -0.9751915868014421, 0.22136252851755453, 0.0, -0.22136252851755453,
  -0.9751915868014421, 0.0]
- [0.0, 0.0, 1.0, -0.974889498787627, 0.22268916712226827, 0.0, -0.22268916712226827,
  -0.974889498787627, 0.0]
- [0.0, 0.0, 1.0, -0.9741748412047119, 0.22579499277834802, 0.0, -0.22579499277834802,
  -0.9741748412047119, 0.0]
- [0.0, 0.0, 1.0, -0.9740569305659529, 0.22630310651079122, 0.0, -0.22630310651079122,
  -0.9740569305659529, 0.0]
- [0.0, 0.0, 1.0, -0.9736711795329654, 0.2279570883892047, 0.0, -0.2279570883892047,
  -0.9736711795329654, 0.0]
- [0.0, 0.0, 1.0, -0.973463605026637, 0.22884188796753036, 0.0, -0.22884188796753036,
  -0.973463605026637, 0.0]
- [0.0, 0.0, 1.0, -0.9732717233785311, 0.22965659683924672, 0.0, -0.22965659683924672,
  -0.9732717233785311, 0.0]
- [0.0, 0.0, 1.0, -0.9728664569800477, 0.2313673634787091, 0.0, -0.2313673634787091,
  -0.9728664569800477, 0.0]
- [0.0, 0.0, 1.0, -0.9727539494043258, 0.23183993167331282, 0.0, -0.23183993167331282,
  -0.9727539494043258, 0.0]
- [0.0, 0.0, 1.0, -0.9956330942557651, 0.09335278047648557, 0.0, -0.09335278047648557,
  -0.9956330942557651, 0.0]
- [0.0, 0.0, 1.0, -0.9960370337127883, 0.08893945959263429, 0.0, -0.08893945959263429,
  -0.9960370337127883, 0.0]
- [0.0, 0.0, 1.0, -0.9724706482190073, 0.23302540280515285, 0.0, -0.23302540280515285,
  -0.9724706482190073, 0.0]
- [0.0, 0.0, 1.0, -0.9723399204788541, 0.23357028715822462, 0.0, -0.23357028715822462,
  -0.9723399204788541, 0.0]
- [0.0, 0.0, 1.0, -0.9723676656802461, 0.23345475523010695, 0.0, -0.23345475523010695,
  -0.9723676656802461, 0.0]
- [0.0, 0.0, 1.0, -0.972346822263212, 0.23354155355018386, 0.0, -0.23354155355018386,
  -0.972346822263212, 0.0]
- [0.0, 0.0, 1.0, -0.9724533252731828, 0.23309768374037815, 0.0, -0.23309768374037815,
  -0.9724533252731828, 0.0]
- [0.0, 0.0, 1.0, -0.9724902465193584, 0.2329435992353458, 0.0, -0.2329435992353458,
  -0.9724902465193584, 0.0]
- [0.0, 0.0, 1.0, -0.9725663667471076, 0.23262558387316432, 0.0, -0.23262558387316432,
  -0.9725663667471076, 0.0]
- [0.0, 0.0, 1.0, -0.9725638397083883, 0.23263614872086455, 0.0, -0.23263614872086455,
  -0.9725638397083883, 0.0]
- [0.0, 0.0, 1.0, -0.9728579907831706, 0.2314029597246593, 0.0, -0.2314029597246593,
  -0.9728579907831706, 0.0]
- [0.0, 0.0, 1.0, -0.9730086880222162, 0.23076848362219085, 0.0, -0.23076848362219085,
  -0.9730086880222162, 0.0]
- [0.0, 0.0, 1.0, -0.9731677688664767, 0.2300967049730255, 0.0, -0.2300967049730255,
  -0.9731677688664767, 0.0]
- [0.0, 0.0, 1.0, -0.9733551810462786, 0.22930261998146925, 0.0, -0.22930261998146925,
  -0.9733551810462786, 0.0]
- [0.0, 0.0, 1.0, -0.9738600301671874, 0.2271489415400495, 0.0, -0.2271489415400495,
  -0.9738600301671874, 0.0]
- [0.0, 0.0, 1.0, -0.9739964514756685, 0.22656326382007747, 0.0, -0.22656326382007747,
  -0.9739964514756685, 0.0]
- [0.0, 0.0, 1.0, -0.9742381771164421, 0.22552156049662275, 0.0, -0.22552156049662275,
  -0.9742381771164421, 0.0]
- [0.0, 0.0, 1.0, -0.9748154428788457, 0.22301312141871807, 0.0, -0.22301312141871807,
  -0.9748154428788457, 0.0]
- [0.0, 0.0, 1.0, -0.9752201765316661, 0.22123654147890162, 0.0, -0.22123654147890162,
  -0.9752201765316661, 0.0]
- [0.0, 0.0, 1.0, -0.9753878350928628, 0.22049619305751805, 0.0, -0.22049619305751805,
  -0.9753878350928628, 0.0]
- [0.0, 0.0, 1.0, -0.9758408806870409, 0.2184824376922332, 0.0, -0.2184824376922332,
  -0.9758408806870409, 0.0]
- [0.0, 0.0, 1.0, -0.9765737024370129, 0.21518318639815812, 0.0, -0.21518318639815812,
  -0.9765737024370129, 0.0]
- [0.0, 0.0, 1.0, -0.9768849089303042, 0.21376593438672878, 0.0, -0.21376593438672878,
  -0.9768849089303042, 0.0]
- [0.0, 0.0, 1.0, -0.9771917784059814, 0.21235872531110087, 0.0, -0.21235872531110087,
  -0.9771917784059814, 0.0]
- [0.0, 0.0, 1.0, -0.9778941189063031, 0.20910067481590108, 0.0, -0.20910067481590108,
  -0.9778941189063031, 0.0]
- [0.0, 0.0, 1.0, -0.9785775868580033, 0.20587837793019195, 0.0, -0.20587837793019195,
  -0.9785775868580033, 0.0]
- [0.0, 0.0, 1.0, -0.9788978150278398, 0.20435035535501575, 0.0, -0.20435035535501575,
  -0.9788978150278398, 0.0]
- [0.0, 0.0, 1.0, -0.9793730578443209, 0.2020604205891504, 0.0, -0.2020604205891504,
  -0.9793730578443209, 0.0]
- [0.0, 0.0, 1.0, -0.980380098666347, 0.19711636699920107, 0.0, -0.19711636699920107,
  -0.980380098666347, 0.0]
- [0.0, 0.0, 1.0, -0.9809206102740293, 0.19440873524516833, 0.0, -0.19440873524516833,
  -0.9809206102740293, 0.0]
- [0.0, 0.0, 1.0, -0.98127064275172, 0.19263417576750536, 0.0, -0.19263417576750536,
  -0.98127064275172, 0.0]
- [0.0, 0.0, 1.0, -0.9818244397011437, 0.18979138443442325, 0.0, -0.18979138443442325,
  -0.9818244397011437, 0.0]
- [0.0, 0.0, 1.0, -0.9830855336285854, 0.18314702719454432, 0.0, -0.18314702719454432,
  -0.9830855336285854, 0.0]
- [0.0, 0.0, 1.0, -0.9835513119856437, 0.1806289475452893, 0.0, -0.1806289475452893,
  -0.9835513119856437, 0.0]
- [0.0, 0.0, 1.0, -0.98395488587573, 0.1784174390615426, 0.0, -0.1784174390615426,
  -0.98395488587573, 0.0]
- [0.0, 0.0, 1.0, -0.9848916038437115, 0.17317196273693272, 0.0, -0.17317196273693272,
  -0.9848916038437115, 0.0]
- [0.0, 0.0, 1.0, -0.9859594857528151, 0.16698470724603606, 0.0, -0.16698470724603606,
  -0.9859594857528151, 0.0]
- [0.0, 0.0, 1.0, -0.9864534793914176, 0.1640412539471884, 0.0, -0.1640412539471884,
  -0.9864534793914176, 0.0]
- [0.0, 0.0, 1.0, -0.9868990670587621, 0.16133887144313666, 0.0, -0.16133887144313666,
  -0.9868990670587621, 0.0]
- [0.0, 0.0, 1.0, -0.9885266709453473, 0.15104641945345518, 0.0, -0.15104641945345518,
  -0.9885266709453473, 0.0]
- [0.0, 0.0, 1.0, -0.9892649964265665, 0.14613270285991803, 0.0, -0.14613270285991803,
  -0.9892649964265665, 0.0]
- [0.0, 0.0, 1.0, -0.9897714385245842, 0.14266218658416546, 0.0, -0.14266218658416546,
  -0.9897714385245842, 0.0]
- [0.0, 0.0, 1.0, -0.9905145292266981, 0.13740803248286637, 0.0, -0.13740803248286637,
  -0.9905145292266981, 0.0]
- [0.0, 0.0, 1.0, -0.9920278994172437, 0.12601843824540573, 0.0, -0.12601843824540573,
  -0.9920278994172437, 0.0]
- [0.0, 0.0, 1.0, -0.992540975226134, 0.12191149452432613, 0.0, -0.12191149452432613,
  -0.992540975226134, 0.0]
- [0.0, 0.0, 1.0, -0.993042130321257, 0.11775961704684586, 0.0, -0.11775961704684586,
  -0.993042130321257, 0.0]
- [0.0, 0.0, 1.0, -0.994355706424226, 0.1060977337249873, 0.0, -0.1060977337249873,
  -0.994355706424226, 0.0]
- [0.0, 0.0, 1.0, -0.9952442996728286, 0.09741038942916198, 0.0, -0.09741038942916198,
  -0.9952442996728286, 0.0]
- [0.0, 0.0, 1.0, -0.9956785036706883, 0.09286720265033828, 0.0, -0.09286720265033828,
  -0.9956785036706883, 0.0]
- [0.0, 0.0, 1.0, -0.9963734936322824, 0.08508737384007037, 0.0, -0.08508737384007037,
  -0.9963734936322824, 0.0]
- [0.0, 0.0, 1.0, -0.9975718663081943, 0.06964460891114357, 0.0, -0.06964460891114357,
  -0.9975718663081943, 0.0]
- [0.0, 0.0, 1.0, -0.998365244829501, -0.05715625876953884, 0.0, 0.05715625876953884,
  -0.998365244829501, 0.0]
- [0.0, 0.0, 1.0, -0.9977589031275443, -0.06691166736615879, 0.0, 0.06691166736615879,
  -0.9977589031275443, 0.0]
- [0.0, 0.0, 1.0, -0.9991893809787492, 0.04025643972464388, 0.0, -0.04025643972464388,
  -0.9991893809787492, 0.0]
- [0.0, 0.0, 1.0, -0.9995334170776892, 0.030544199858535195, 0.0, -0.030544199858535195,
  -0.9995334170776892, 0.0]
- [0.0, 0.0, 1.0, -0.9997057939613347, 0.024255422489362695, 0.0, -0.024255422489362695,
  -0.9997057939613347, 0.0]
- [0.0, 0.0, 1.0, -0.9999590952517003, 0.009044767736151472, 0.0, -0.009044767736151472,
  -0.9999590952517003, 0.0]
- [0.0, 0.0, 1.0, -0.9999697367021063, -0.007779825185701927, 0.0, 0.007779825185701927,
  -0.9999697367021063, 0.0]
- [0.0, 0.0, 1.0, -0.9998629352120612, -0.016556291526835024, 0.0, 0.016556291526835024,
  -0.9998629352120612, 0.0]
- [0.0, 0.0, 1.0, -0.9995513365517513, -0.029952054981379452, 0.0, 0.029952054981379452,
  -0.9995513365517513, 0.0]
- [0.0, 0.0, 1.0, -0.9986432902962374, -0.05207282157042127, 0.0, 0.05207282157042127,
  -0.9986432902962374, 0.0]
- [0.0, 0.0, 1.0, -0.9980544793825001, -0.062347864314077316, 0.0, 0.062347864314077316,
  -0.9980544793825001, 0.0]
- [0.0, 0.0, 1.0, -0.9971803930076947, -0.0750417470546858, 0.0, 0.0750417470546858,
  -0.9971803930076947, 0.0]
- [0.0, 0.0, 1.0, -0.9946938910430907, -0.10287887597342789, 0.0, 0.10287887597342789,
  -0.9946938910430907, 0.0]
- [0.0, 0.0, 1.0, -0.9935517152135777, -0.11337984475275098, 0.0, 0.11337984475275098,
  -0.9935517152135777, 0.0]
- [0.0, 0.0, 1.0, -0.991512849888104, -0.13000872473326694, 0.0, 0.13000872473326694,
  -0.991512849888104, 0.0]
- [0.0, 0.0, 1.0, -0.9871761903480047, -0.15963448628037763, 0.0, 0.15963448628037763,
  -0.9871761903480047, 0.0]
- [0.0, 0.0, 1.0, -0.9848810888631004, -0.17323175459434023, 0.0, 0.17323175459434023,
  -0.9848810888631004, 0.0]
- [0.0, 0.0, 1.0, -0.9807744749594776, -0.19514463679015367, 0.0, 0.19514463679015367,
  -0.9807744749594776, 0.0]
- [0.0, 0.0, 1.0, -0.9743360904963991, -0.22509816248959658, 0.0, 0.22509816248959658,
  -0.9743360904963991, 0.0]
- [0.0, 0.0, 1.0, -0.9714667983419093, -0.2371755883714008, 0.0, 0.2371755883714008,
  -0.9714667983419093, 0.0]
- [0.0, 0.0, 1.0, -0.9908010294091101, -0.13532671621615525, 0.0, 0.13532671621615525,
  -0.9908010294091101, 0.0]
- [0.0, 0.0, 1.0, -0.9843913688733844, -0.1759932751203428, 0.0, 0.1759932751203428,
  -0.9843913688733844, 0.0]
- [0.0, 0.0, 1.0, -0.9503169507940241, -0.31128394278142296, 0.0, 0.31128394278142296,
  -0.9503169507940241, 0.0]
- [0.0, 0.0, 1.0, -0.9372000840949763, -0.3487922051485229, 0.0, 0.3487922051485229,
  -0.9372000840949763, 0.0]
- [0.0, 0.0, 1.0, -0.9295153198640168, -0.36878350036043456, 0.0, 0.36878350036043456,
  -0.9295153198640168, 0.0]
- [0.0, 0.0, 1.0, -0.9145227344602346, -0.4045345079908206, 0.0, 0.4045345079908206,
  -0.9145227344602346, 0.0]
- [0.0, 0.0, 1.0, -0.902623474805514, -0.4304310197116604, 0.0, 0.4304310197116604,
  -0.902623474805514, 0.0]
- [0.0, 0.0, 1.0, -0.8853029213166187, -0.4650147712796453, 0.0, 0.4650147712796453,
  -0.8853029213166187, 0.0]
- [0.0, 0.0, 1.0, -0.8669626585393144, -0.4983731019010198, 0.0, 0.4983731019010198,
  -0.8669626585393144, 0.0]
- [0.0, 0.0, 1.0, -0.8481545136513472, -0.5297489225782783, 0.0, 0.5297489225782783,
  -0.8481545136513472, 0.0]
- [0.0, 0.0, 1.0, -0.8221772136178764, -0.5692316131484131, 0.0, 0.5692316131484131,
  -0.8221772136178764, 0.0]
- [0.0, 0.0, 1.0, -0.7954276684418979, -0.6060485329386467, 0.0, 0.6060485329386467,
  -0.7954276684418979, 0.0]
- [0.0, 0.0, 1.0, -0.7637423481933332, -0.6455212045906265, 0.0, 0.6455212045906265,
  -0.7637423481933332, 0.0]
- [0.0, 0.0, 1.0, -0.7204423835934579, -0.6935147957485672, 0.0, 0.6935147957485672,
  -0.7204423835934579, 0.0]
- [0.0, 0.0, 1.0, -0.7953128226437841, -0.6061992363393217, 0.0, 0.6061992363393217,
  -0.7953128226437841, 0.0]
- [0.0, 0.0, 1.0, -0.750488993893179, -0.6608829473100393, 0.0, 0.6608829473100393,
  -0.750488993893179, 0.0]
- [0.0, 0.0, 1.0, -0.5641762797538759, -0.8256543619233635, 0.0, 0.8256543619233635,
  -0.5641762797538759, 0.0]
- [0.0, 0.0, 1.0, -0.48574810905906324, -0.8740988356848122, 0.0, 0.8740988356848122,
  -0.48574810905906324, 0.0]
- [0.0, 0.0, 1.0, -0.37329409571854116, -0.9277130580635785, 0.0, 0.9277130580635785,
  -0.37329409571854116, 0.0]
- [0.0, 0.0, 1.0, -0.23756780772736522, -0.971370957323521, 0.0, 0.971370957323521,
  -0.23756780772736522, 0.0]
- [0.0, 0.0, 1.0, -0.09804431493223895, -0.9951820498328273, 0.0, 0.9951820498328273,
  -0.09804431493223895, 0.0]
- [0.0, 0.0, 1.0, 0.09652480552837023, -0.9953305792136149, 0.0, 0.9953305792136149,
  0.09652480552837023, 0.0]
- [0.0, 0.0, 1.0, 0.3146186764076985, -0.9492181458734699, 0.0, 0.9492181458734699,
  0.3146186764076985, 0.0]
- [0.0, 0.0, 1.0, 0.4398617898485395, -0.898065479701363, 0.0, 0.898065479701363,
  0.4398617898485395, 0.0]
- [0.0, 0.0, 1.0, 0.5409135169932965, -0.8410782170131044, 0.0, 0.8410782170131044,
  0.5409135169932965, 0.0]
- [0.0, 0.0, 1.0, 0.6212718339117685, -0.7835951176391465, 0.0, 0.7835951176391465,
  0.6212718339117685, 0.0]
- [0.0, 0.0, 1.0, 0.7870635517002521, -0.6168719199193496, 0.0, 0.6168719199193496,
  0.7870635517002521, 0.0]
- [0.0, 0.0, 1.0, 0.8183805169316135, -0.574676717387041, 0.0, 0.574676717387041,
  0.8183805169316135, 0.0]
- [0.0, 0.0, 1.0, 0.7597071273669787, -0.6502653924574284, 0.0, 0.6502653924574284,
  0.7597071273669787, 0.0]
- [0.0, 0.0, 1.0, 0.7793070006016694, -0.6266423212752468, 0.0, 0.6266423212752468,
  0.7793070006016694, 0.0]
- [0.0, 0.0, 1.0, 0.8069046434180178, -0.590681721767689, 0.0, 0.590681721767689,
  0.8069046434180178, 0.0]
- [0.0, 0.0, 1.0, 0.8243464607360744, -0.5660856054272249, 0.0, 0.5660856054272249,
  0.8243464607360744, 0.0]
- [0.0, 0.0, 1.0, 0.8491525479208003, -0.5281476596176612, 0.0, 0.5281476596176612,
  0.8491525479208003, 0.0]
- [0.0, 0.0, 1.0, 0.8607393278031198, -0.5090459798220918, 0.0, 0.5090459798220918,
  0.8607393278031198, 0.0]
- [0.0, 0.0, 1.0, 0.8835182739075171, -0.46839669050013744, 0.0, 0.46839669050013744,
  0.8835182739075171, 0.0]
- [0.0, 0.0, 1.0, 0.8931525711474766, -0.4497538044893582, 0.0, 0.4497538044893582,
  0.8931525711474766, 0.0]
- [0.0, 0.0, 1.0, 0.907984116982028, -0.41900458626173404, 0.0, 0.41900458626173404,
  0.907984116982028, 0.0]
- [0.0, 0.0, 1.0, 0.9197975527633312, -0.39239324908895534, 0.0, 0.39239324908895534,
  0.9197975527633312, 0.0]
- [0.0, 0.0, 1.0, 0.9278380247206869, -0.372983377488078, 0.0, 0.372983377488078,
  0.9278380247206869, 0.0]
- [0.0, 0.0, 1.0, 0.9414950430028988, -0.337026829793964, 0.0, 0.337026829793964,
  0.9414950430028988, 0.0]
- [0.0, 0.0, 1.0, 0.9781350823242071, -0.20797057658865287, 0.0, 0.20797057658865287,
  0.9781350823242071, 0.0]
- [0.0, 0.0, 1.0, 0.9830722258173644, -0.1832184456502479, 0.0, 0.1832184456502479,
  0.9830722258173644, 0.0]
- [0.0, 0.0, 1.0, 0.9638765434905073, -0.2663494113167741, 0.0, 0.2663494113167741,
  0.9638765434905073, 0.0]
- [0.0, 0.0, 1.0, 0.9680649415673371, -0.2506995590507257, 0.0, 0.2506995590507257,
  0.9680649415673371, 0.0]
- [0.0, 0.0, 1.0, 0.9765230537236439, -0.21541291870788393, 0.0, 0.21541291870788393,
  0.9765230537236439, 0.0]
- [0.0, 0.0, 1.0, 0.9797020798633937, -0.2004590599382838, 0.0, 0.2004590599382838,
  0.9797020798633937, 0.0]
- [0.0, 0.0, 1.0, 0.9828886577053926, -0.18420066925527656, 0.0, 0.18420066925527656,
  0.9828886577053926, 0.0]
- [0.0, 0.0, 1.0, 0.9888081113405703, -0.14919289174452757, 0.0, 0.14919289174452757,
  0.9888081113405703, 0.0]
- [0.0, 0.0, 1.0, 0.9903969298664869, -0.1382531059724773, 0.0, 0.1382531059724773,
  0.9903969298664869, 0.0]
- [0.0, 0.0, 1.0, 0.992678641901992, -0.12078540438155903, 0.0, 0.12078540438155903,
  0.992678641901992, 0.0]
- [0.0, 0.0, 1.0, 0.9958399306238408, -0.09111988024083335, 0.0, 0.09111988024083335,
  0.9958399306238408, 0.0]
- [0.0, 0.0, 1.0, 0.9968123396103133, -0.07978195034350435, 0.0, 0.07978195034350435,
  0.9968123396103133, 0.0]
- [0.0, 0.0, 1.0, 0.997853576275513, -0.06548465708980274, 0.0, 0.06548465708980274,
  0.997853576275513, 0.0]
- [0.0, 0.0, 1.0, 0.9993663197333676, -0.035594367287320745, 0.0, 0.035594367287320745,
  0.9993663197333676, 0.0]
- [0.0, 0.0, 1.0, 0.999701090935691, -0.0244484924277363, 0.0, 0.0244484924277363,
  0.999701090935691, 0.0]
- [0.0, 0.0, 1.0, 0.9999046099264792, -0.013811989276547833, 0.0, 0.013811989276547833,
  0.9999046099264792, 0.0]
- [0.0, 0.0, 1.0, 0.9998676195510532, 0.016270936460772677, 0.0, -0.016270936460772677,
  0.9998676195510532, 0.0]
- [0.0, 0.0, 1.0, 0.9996056077632158, 0.028082537782966255, 0.0, -0.028082537782966255,
  0.9996056077632158, 0.0]
- [0.0, 0.0, 1.0, 0.9992769359000292, 0.03802111753024636, 0.0, -0.03802111753024636,
  0.9992769359000292, 0.0]
- [0.0, 0.0, 1.0, 0.9984140919209076, 0.05629654566445124, 0.0, -0.05629654566445124,
  0.9984140919209076, 0.0]
- [0.0, 0.0, 1.0, 0.9987288017176378, -0.05040615656495916, 0.0, 0.05040615656495916,
  0.9987288017176378, 0.0]
- [0.0, 0.0, 1.0, 0.9995105672453428, -0.03128299801638338, 0.0, 0.03128299801638338,
  0.9995105672453428, 0.0]
- [0.0, 0.0, 1.0, 0.9953908442452802, 0.09590134093258705, 0.0, -0.09590134093258705,
  0.9953908442452802, 0.0]
- [0.0, 0.0, 1.0, 0.9927211508551225, 0.12043552899739081, 0.0, -0.12043552899739081,
  0.9927211508551225, 0.0]
- [0.0, 0.0, 1.0, 0.9909688165930751, 0.13409252231246965, 0.0, -0.13409252231246965,
  0.9909688165930751, 0.0]
- [0.0, 0.0, 1.0, 0.9898423689799433, 0.14216921105560687, 0.0, -0.14216921105560687,
  0.9898423689799433, 0.0]
- [0.0, 0.0, 1.0, 0.9876091051682802, 0.15693392045287402, 0.0, -0.15693392045287402,
  0.9876091051682802, 0.0]
- [0.0, 0.0, 1.0, 0.9838807334466139, 0.17882589955751085, 0.0, -0.17882589955751085,
  0.9838807334466139, 0.0]
- [0.0, 0.0, 1.0, 0.9824880950628369, 0.1863253688036016, 0.0, -0.1863253688036016,
  0.9824880950628369, 0.0]
- [0.0, 0.0, 1.0, 0.98117244784783, 0.19313370390560355, 0.0, -0.19313370390560355,
  0.98117244784783, 0.0]
- [0.0, 0.0, 1.0, 0.9765525851151884, 0.21527900154181995, 0.0, -0.21527900154181995,
  0.9765525851151884, 0.0]
- [0.0, 0.0, 1.0, 0.9738221537062333, 0.22731126886046263, 0.0, -0.22731126886046263,
  0.9738221537062333, 0.0]
- [0.0, 0.0, 1.0, 0.972223264840671, 0.23405538511759633, 0.0, -0.23405538511759633,
  0.972223264840671, 0.0]
- [0.0, 0.0, 1.0, 0.9698746015750168, 0.24360471510153955, 0.0, -0.24360471510153955,
  0.9698746015750168, 0.0]
- [0.0, 0.0, 1.0, 0.9648788900184335, 0.2626951229025688, 0.0, -0.2626951229025688,
  0.9648788900184335, 0.0]
- [0.0, 0.0, 1.0, 0.9626952801567741, 0.2705878740148386, 0.0, -0.2705878740148386,
  0.9626952801567741, 0.0]
- [0.0, 0.0, 1.0, 0.9607871204839373, 0.2772870518292985, 0.0, -0.2772870518292985,
  0.9607871204839373, 0.0]
- [0.0, 0.0, 1.0, 0.9579887605033768, 0.2868057439264492, 0.0, -0.2868057439264492,
  0.9579887605033768, 0.0]
- [0.0, 0.0, 1.0, 0.9533256101942325, 0.3019441685937887, 0.0, -0.3019441685937887,
  0.9533256101942325, 0.0]
- [0.0, 0.0, 1.0, 0.9514971813018184, 0.30765746208193073, 0.0, -0.30765746208193073,
  0.9514971813018184, 0.0]
- [0.0, 0.0, 1.0, 0.950046347068041, 0.31210885668732846, 0.0, -0.31210885668732846,
  0.950046347068041, 0.0]
- [0.0, 0.0, 1.0, 0.9473492925351557, 0.3202019955171108, 0.0, -0.3202019955171108,
  0.9473492925351557, 0.0]
- [0.0, 0.0, 1.0, 0.9436472724288772, 0.33095290486342654, 0.0, -0.33095290486342654,
  0.9436472724288772, 0.0]
- [0.0, 0.0, 1.0, 0.9423333827851181, 0.33467565744875444, 0.0, -0.33467565744875444,
  0.9423333827851181, 0.0]
- [0.0, 0.0, 1.0, 0.9413908104922668, 0.3373178648110904, 0.0, -0.3373178648110904,
  0.9413908104922668, 0.0]
- [0.0, 0.0, 1.0, 0.9392188054463029, 0.3433191452512073, 0.0, -0.3433191452512073,
  0.9392188054463029, 0.0]
- [0.0, 0.0, 1.0, 0.9371104159726971, 0.34903304754059955, 0.0, -0.34903304754059955,
  0.9371104159726971, 0.0]
- [0.0, 0.0, 1.0, 0.9364741409502177, 0.35073662958344065, 0.0, -0.35073662958344065,
  0.9364741409502177, 0.0]
- [0.0, 0.0, 1.0, 0.936097765788449, 0.35173992222361394, 0.0, -0.35173992222361394,
  0.936097765788449, 0.0]
- [0.0, 0.0, 1.0, 0.9353820932770147, 0.35363871334556995, 0.0, -0.35363871334556995,
  0.9353820932770147, 0.0]
- [0.0, 0.0, 1.0, 0.935147451373429, 0.3542587249310596, 0.0, -0.3542587249310596,
  0.935147451373429, 0.0]
- [0.0, 0.0, 1.0, 0.9351660078041348, 0.35420973708761433, 0.0, -0.35420973708761433,
  0.9351660078041348, 0.0]
- [0.0, 0.0, 1.0, 0.9357330696219711, 0.35270897694252606, 0.0, -0.35270897694252606,
  0.9357330696219711, 0.0]
- [0.0, 0.0, 1.0, 0.9368598979416523, 0.34970492079574295, 0.0, -0.34970492079574295,
  0.9368598979416523, 0.0]
- [0.0, 0.0, 1.0, 0.9379534745622572, 0.34676112751660787, 0.0, -0.34676112751660787,
  0.9379534745622572, 0.0]
- [0.0, 0.0, 1.0, 0.939055877909302, 0.3437645388401637, 0.0, -0.3437645388401637,
  0.939055877909302, 0.0]
- [0.0, 0.0, 1.0, 0.940509009153516, 0.3397687503303853, 0.0, -0.3397687503303853,
  0.940509009153516, 0.0]
- [0.0, 0.0, 1.0, 0.9439029218070762, 0.33022306734094864, 0.0, -0.33022306734094864,
  0.9439029218070762, 0.0]
- [0.0, 0.0, 1.0, 0.9459113235180684, 0.324425288842125, 0.0, -0.324425288842125,
  0.9459113235180684, 0.0]
- [0.0, 0.0, 1.0, 0.9473370536845657, 0.32023820308677464, 0.0, -0.32023820308677464,
  0.9473370536845657, 0.0]
- [0.0, 0.0, 1.0, 0.9507573833937177, 0.3099361190992933, 0.0, -0.3099361190992933,
  0.9507573833937177, 0.0]
- [0.0, 0.0, 1.0, 0.9550025302348838, 0.29659765212315814, 0.0, -0.29659765212315814,
  0.9550025302348838, 0.0]
- [0.0, 0.0, 1.0, 0.9569593617345171, 0.29022194952943436, 0.0, -0.29022194952943436,
  0.9569593617345171, 0.0]
- [0.0, 0.0, 1.0, 0.95904093593897, 0.2832675117151708, 0.0, -0.2832675117151708,
  0.95904093593897, 0.0]
- [0.0, 0.0, 1.0, 0.9647859071854699, 0.26303641059045385, 0.0, -0.26303641059045385,
  0.9647859071854699, 0.0]
- [0.0, 0.0, 1.0, 0.967358789439969, 0.2534106795169407, 0.0, -0.2534106795169407,
  0.967358789439969, 0.0]
- [0.0, 0.0, 1.0, 0.9696100248719223, 0.24465567573197702, 0.0, -0.24465567573197702,
  0.9696100248719223, 0.0]
- [0.0, 0.0, 1.0, 0.9747977476459894, 0.22309045516181567, 0.0, -0.22309045516181567,
  0.9747977476459894, 0.0]
- [0.0, 0.0, 1.0, 0.9787521615470027, 0.20504683920282699, 0.0, -0.20504683920282699,
  0.9787521615470027, 0.0]
- [0.0, 0.0, 1.0, 0.980741773585482, 0.19530891824083, 0.0, -0.19530891824083, 0.980741773585482,
  0.0]
- [0.0, 0.0, 1.0, 0.9842655953045066, 0.17669532506511104, 0.0, -0.17669532506511104,
  0.9842655953045066, 0.0]
