nodes:
- [2.22884802 0.00957232 0.00000000]
- [2.20123620 0.01363331 0.00000000]
- [2.16959407 0.02013260 0.00000000]
- [2.13795056 0.02662527 0.00000000]
- [2.10630671 0.03311471 0.00000000]
- [2.07465862 0.03959514 0.00000000]
- [2.04300877 0.04609464 0.00000000]
- [2.01136701 0.05263491 0.00000000]
- [1.97972546 0.05919656 0.00000000]
- [1.94810096 0.06583606 0.00000000]
- [1.91648202 0.07248834 0.00000000]
- [1.88487070 0.07919393 0.00000000]
- [1.85327397 0.08594417 0.00000000]
- [1.82167645 0.09270250 0.00000000]
- [1.79009256 0.09952890 0.00000000]
- [1.75851840 0.10637030 0.00000000]
- [1.72694318 0.11322338 0.00000000]
- [1.69537843 0.12012426 0.00000000]
- [1.66381983 0.12703480 0.00000000]
- [1.63226020 0.13395852 0.00000000]
- [1.60071081 0.14092705 0.00000000]
- [1.56916862 0.14790342 0.00000000]
- [1.53762401 0.15487716 0.00000000]
- [1.50608409 0.16187617 0.00000000]
- [1.47454857 0.16887937 0.00000000]
- [1.44213525 0.17192333 0.00000000]
- [1.40954918 0.17500445 0.00000000]
- [1.37783939 0.18203161 0.00000000]
- [1.34613155 0.18905405 0.00000000]
- [1.31442923 0.19605440 0.00000000]
- [1.28271395 0.20300864 0.00000000]
- [1.25174965 0.20978964 0.00000000]
- [1.22079726 0.21655234 0.00000000]
- [1.18983420 0.22324218 0.00000000]
- [1.15885112 0.22989911 0.00000000]
- [1.12786257 0.23653617 0.00000000]
- [1.09689477 0.24313663 0.00000000]
- [1.06589728 0.24960282 0.00000000]
- [1.03486550 0.25604977 0.00000000]
- [1.00385306 0.26247908 0.00000000]
- [0.97284840 0.26878415 0.00000000]
- [0.94179146 0.27494728 0.00000000]
- [0.91069903 0.28109400 0.00000000]
- [0.87965428 0.28721402 0.00000000]
- [0.84858335 0.29309416 0.00000000]
- [0.81744265 0.29888628 0.00000000]
- [0.78629201 0.30465807 0.00000000]
- [0.75519124 0.31034546 0.00000000]
- [0.72403866 0.31574709 0.00000000]
- [0.69281091 0.32109026 0.00000000]
- [0.66160025 0.32640789 0.00000000]
- [0.63043662 0.33155666 0.00000000]
- [0.59918932 0.33638250 0.00000000]
- [0.56786774 0.34119194 0.00000000]
- [0.53662036 0.34595445 0.00000000]
- [0.50536823 0.35034980 0.00000000]
- [0.47400510 0.35452239 0.00000000]
- [0.44260150 0.35866731 0.00000000]
- [0.41131271 0.36271372 0.00000000]
- [0.37996053 0.36620301 0.00000000]
- [0.34847493 0.36960747 0.00000000]
- [0.31654783 0.36806610 0.00000000]
- [0.28365768 0.36627010 0.00000000]
- [0.25110354 0.36888918 0.00000000]
- [0.21842275 0.37146148 0.00000000]
- [0.18667702 0.37379436 0.00000000]
- [0.15489215 0.37543389 0.00000000]
- [0.12285427 0.37690946 0.00000000]
- [0.09101036 0.37830777 0.00000000]
- [0.05929409 0.37902019 0.00000000]
- [0.02733591 0.37929366 0.00000000]
- [-0.00461312 0.37947741 0.00000000]
- [-0.03628422 0.37919479 0.00000000]
- [-0.06808246 0.37811893 0.00000000]
- [-0.10004243 0.37693116 0.00000000]
- [-0.13165322 0.37539298 0.00000000]
- [-0.16328206 0.37289892 0.00000000]
- [-0.19515060 0.37021495 0.00000000]
- [-0.22662328 0.36726415 0.00000000]
- [-0.25802441 0.36320485 0.00000000]
- [-0.28968429 0.35893319 0.00000000]
- [-0.32088982 0.35434211 0.00000000]
- [-0.35198855 0.34854313 0.00000000]
- [-0.38325574 0.34256496 0.00000000]
- [-0.41405839 0.33596748 0.00000000]
- [-0.44485460 0.32837137 0.00000000]
- [-0.47549966 0.32064825 0.00000000]
- [-0.50566707 0.31173942 0.00000000]
- [-0.53595554 0.30224825 0.00000000]
- [-0.56576748 0.29233119 0.00000000]
- [-0.59471766 0.28131769 0.00000000]
- [-0.62351593 0.27014003 0.00000000]
- [-0.65366867 0.26208552 0.00000000]
- [-0.68567895 0.25264138 0.00000000]
- [-0.71490449 0.23737337 0.00000000]
- [-0.74367999 0.22142073 0.00000000]
- [-0.77148499 0.20386769 0.00000000]
- [-0.80135354 0.18932107 0.00000000]
- [-0.82828256 0.17391150 0.00000000]
- [-0.85188548 0.15400966 0.00000000]
- [-0.87395435 0.13262810 0.00000000]
- [-0.89398968 0.10944300 0.00000000]
- [-0.91192768 0.08469336 0.00000000]
- [-0.92672001 0.05827992 0.00000000]
- [-0.93622093 0.02984056 0.00000000]
- [-0.93940704 0.00033833 0.00000000]
- [-0.93507908 -0.02877965 0.00000000]
- [-0.92268725 -0.05566778 0.00000000]
- [-0.90504692 -0.08016710 0.00000000]
- [-0.88415801 -0.10245001 0.00000000]
- [-0.86126972 -0.12299811 0.00000000]
- [-0.83714962 -0.14224805 0.00000000]
- [-0.81200222 -0.16021979 0.00000000]
- [-0.78360754 -0.17324813 0.00000000]
- [-0.75347861 -0.18628821 0.00000000]
- [-0.72498200 -0.20192918 0.00000000]
- [-0.69614329 -0.21699251 0.00000000]
- [-0.66667933 -0.23085733 0.00000000]
- [-0.63695617 -0.24424626 0.00000000]
- [-0.60677240 -0.25651321 0.00000000]
- [-0.57465208 -0.26361760 0.00000000]
- [-0.52953584 -0.27404901 0.00000000]
- [-0.50032439 -0.28340197 0.00000000]
- [-0.47104011 -0.29213575 0.00000000]
- [-0.44130455 -0.29996136 0.00000000]
- [-0.41150135 -0.30763609 0.00000000]
- [-0.38167815 -0.31436025 0.00000000]
- [-0.35140117 -0.32050979 0.00000000]
- [-0.32125868 -0.32649063 0.00000000]
- [-0.29106649 -0.33139578 0.00000000]
- [-0.26042299 -0.33587912 0.00000000]
- [-0.22996833 -0.34020756 0.00000000]
- [-0.19953757 -0.34351906 0.00000000]
- [-0.16869687 -0.34638225 0.00000000]
- [-0.13796519 -0.34911691 0.00000000]
- [-0.10739517 -0.35105016 0.00000000]
- [-0.07651006 -0.35234626 0.00000000]
- [-0.04554584 -0.35353953 0.00000000]
- [-0.01492649 -0.35425572 0.00000000]
- [0.01585536 -0.35399011 0.00000000]
- [0.04698023 -0.35362496 0.00000000]
- [0.07767489 -0.35313798 0.00000000]
- [0.10828645 -0.35149493 0.00000000]
- [0.13931520 -0.34959301 0.00000000]
- [0.17018495 -0.34761057 0.00000000]
- [0.20072170 -0.34503388 0.00000000]
- [0.23139865 -0.34164535 0.00000000]
- [0.26230973 -0.33814398 0.00000000]
- [0.29635059 -0.33408145 0.00000000]
- [0.33021332 -0.32884228 0.00000000]
- [0.36442789 -0.32328884 0.00000000]
- [0.39925996 -0.32252383 0.00000000]
- [0.43073874 -0.32147457 0.00000000]
- [0.46143626 -0.31505397 0.00000000]
- [0.49222101 -0.30854190 0.00000000]
- [0.52275157 -0.30201348 0.00000000]
- [0.55301712 -0.29442951 0.00000000]
- [0.58348785 -0.28664346 0.00000000]
- [0.61392562 -0.27880147 0.00000000]
- [0.64414564 -0.27078721 0.00000000]
- [0.67419862 -0.26204278 0.00000000]
- [0.70438922 -0.25316963 0.00000000]
- [0.73452574 -0.24425942 0.00000000]
- [0.76449881 -0.23512935 0.00000000]
- [0.79439039 -0.22556918 0.00000000]
- [0.82435765 -0.21593031 0.00000000]
- [0.85428353 -0.20626696 0.00000000]
- [0.88411414 -0.19644040 0.00000000]
- [0.91391754 -0.18641090 0.00000000]
- [0.94375506 -0.17634195 0.00000000]
- [0.97359170 -0.16625808 0.00000000]
- [1.00342886 -0.15616331 0.00000000]
- [1.03326860 -0.14606998 0.00000000]
- [1.06311301 -0.13597307 0.00000000]
- [1.09302224 -0.12588117 0.00000000]
- [1.12302556 -0.11601902 0.00000000]
- [1.15300831 -0.10626445 0.00000000]
- [1.18300659 -0.09653194 0.00000000]
- [1.21316985 -0.08688255 0.00000000]
- [1.24349169 -0.07778715 0.00000000]
- [1.27371547 -0.06880222 0.00000000]
- [1.30456946 -0.05968398 0.00000000]
- [1.33566495 -0.05102408 0.00000000]
- [1.36679522 -0.04288178 0.00000000]
- [1.39786158 -0.03482711 0.00000000]
- [1.43013204 -0.03080252 0.00000000]
- [1.46275216 -0.02783762 0.00000000]
- [1.49435202 -0.02103648 0.00000000]
- [1.52608637 -0.01430824 0.00000000]
- [1.55806564 -0.00870951 0.00000000]
- [1.58999427 -0.00348180 0.00000000]
- [1.62200508 0.00165239 0.00000000]
- [1.65419001 0.00583539 0.00000000]
- [1.68634674 0.00954340 0.00000000]
- [1.71856333 0.01311492 0.00000000]
- [1.75089211 0.01581795 0.00000000]
- [1.78317898 0.01808797 0.00000000]
- [1.81554958 0.02021118 0.00000000]
- [1.84798278 0.02122276 0.00000000]
- [1.88035892 0.02200358 0.00000000]
- [1.91281335 0.02225863 0.00000000]
- [1.94522811 0.02160696 0.00000000]
- [1.97765271 0.02077495 0.00000000]
- [2.01004499 0.01890856 0.00000000]
- [2.04238179 0.01674219 0.00000000]
- [2.07468379 0.01390508 0.00000000]
- [2.10691668 0.01059216 0.00000000]
- [2.13909209 0.00685042 0.00000000]
- [2.17119564 0.00272210 0.00000000]
- [2.20324200 -0.00159874 0.00000000]
- [2.22967726 -0.00768112 0.00000000]
- [1.27471530 -0.03860101 0.00000000]
- [1.27571513 -0.00839980 0.00000000]
- [1.27671496 0.02180140 0.00000000]
- [1.27771479 0.05200261 0.00000000]
- [1.27871462 0.08220381 0.00000000]
- [1.27971445 0.11240502 0.00000000]
- [1.28071428 0.14260623 0.00000000]
- [1.28171412 0.17280743 0.00000000]
- [-0.53154871 -0.24258345 0.00000000]
- [-0.53356158 -0.21111788 0.00000000]
- [-0.53557445 -0.17965231 0.00000000]
- [-0.53758732 -0.14818675 0.00000000]
- [-0.53960019 -0.11672118 0.00000000]
- [-0.54161306 -0.08525561 0.00000000]
- [-0.54362593 -0.05379005 0.00000000]
- [-0.54563879 -0.02232448 0.00000000]
- [-0.54765166 0.00914109 0.00000000]
- [-0.54966453 0.04060665 0.00000000]
- [-0.55167740 0.07207222 0.00000000]
- [-0.55369027 0.10353779 0.00000000]
- [-0.55570314 0.13500335 0.00000000]
- [-0.55771601 0.16646892 0.00000000]
- [-0.55972888 0.19793449 0.00000000]
- [-0.56174175 0.22940005 0.00000000]
- [-0.56375461 0.26086562 0.00000000]
- [0.26031487 -0.30588919 0.00000000]
- [0.25832000 -0.27363439 0.00000000]
- [0.25632514 -0.24137960 0.00000000]
- [0.25433028 -0.20912481 0.00000000]
- [0.25233542 -0.17687001 0.00000000]
- [0.25034055 -0.14461522 0.00000000]
- [0.24834569 -0.11236042 0.00000000]
- [0.24635083 -0.08010563 0.00000000]
- [0.24435596 -0.04785084 0.00000000]
- [0.24236110 -0.01559604 0.00000000]
- [0.24036624 0.01665875 0.00000000]
- [0.23837138 0.04891354 0.00000000]
- [0.23637651 0.08116834 0.00000000]
- [0.23438165 0.11342313 0.00000000]
- [0.23238679 0.14567793 0.00000000]
- [0.23039193 0.17793272 0.00000000]
- [0.22839706 0.21018751 0.00000000]
- [0.22640220 0.24244231 0.00000000]
- [0.22440734 0.27469710 0.00000000]
- [0.22241247 0.30695190 0.00000000]
- [0.22041761 0.33920669 0.00000000]
elements:
- [1 2]
- [2 3]
- [3 4]
- [4 5]
- [5 6]
- [6 7]
- [7 8]
- [8 9]
- [9 10]
- [10 11]
- [11 12]
- [12 13]
- [13 14]
- [14 15]
- [15 16]
- [16 17]
- [17 18]
- [18 19]
- [19 20]
- [20 21]
- [21 22]
- [22 23]
- [23 24]
- [24 25]
- [25 26]
- [26 27]
- [27 28]
- [28 29]
- [29 30]
- [30 31]
- [31 32]
- [32 33]
- [33 34]
- [34 35]
- [35 36]
- [36 37]
- [37 38]
- [38 39]
- [39 40]
- [40 41]
- [41 42]
- [42 43]
- [43 44]
- [44 45]
- [45 46]
- [46 47]
- [47 48]
- [48 49]
- [49 50]
- [50 51]
- [51 52]
- [52 53]
- [53 54]
- [54 55]
- [55 56]
- [56 57]
- [57 58]
- [58 59]
- [59 60]
- [60 61]
- [61 62]
- [62 63]
- [63 64]
- [64 65]
- [65 66]
- [66 67]
- [67 68]
- [68 69]
- [69 70]
- [70 71]
- [71 72]
- [72 73]
- [73 74]
- [74 75]
- [75 76]
- [76 77]
- [77 78]
- [78 79]
- [79 80]
- [80 81]
- [81 82]
- [82 83]
- [83 84]
- [84 85]
- [85 86]
- [86 87]
- [87 88]
- [88 89]
- [89 90]
- [90 91]
- [91 92]
- [92 93]
- [93 94]
- [94 95]
- [95 96]
- [96 97]
- [97 98]
- [98 99]
- [99 100]
- [100 101]
- [101 102]
- [102 103]
- [103 104]
- [104 105]
- [105 106]
- [106 107]
- [107 108]
- [108 109]
- [109 110]
- [110 111]
- [111 112]
- [112 113]
- [113 114]
- [114 115]
- [115 116]
- [116 117]
- [117 118]
- [118 119]
- [119 120]
- [120 121]
- [121 122]
- [122 123]
- [123 124]
- [124 125]
- [125 126]
- [126 127]
- [127 128]
- [128 129]
- [129 130]
- [130 131]
- [131 132]
- [132 133]
- [133 134]
- [134 135]
- [135 136]
- [136 137]
- [137 138]
- [138 139]
- [139 140]
- [140 141]
- [141 142]
- [142 143]
- [143 144]
- [144 145]
- [145 146]
- [146 147]
- [147 148]
- [148 149]
- [149 150]
- [150 151]
- [151 152]
- [152 153]
- [153 154]
- [154 155]
- [155 156]
- [156 157]
- [157 158]
- [158 159]
- [159 160]
- [160 161]
- [161 162]
- [162 163]
- [163 164]
- [164 165]
- [165 166]
- [166 167]
- [167 168]
- [168 169]
- [169 170]
- [170 171]
- [171 172]
- [172 173]
- [173 174]
- [174 175]
- [175 176]
- [176 177]
- [177 178]
- [178 179]
- [179 180]
- [180 181]
- [181 182]
- [182 183]
- [183 184]
- [184 185]
- [185 186]
- [186 187]
- [187 188]
- [188 189]
- [189 190]
- [190 191]
- [191 192]
- [192 193]
- [193 194]
- [194 195]
- [195 196]
- [196 197]
- [197 198]
- [198 199]
- [199 200]
- [200 201]
- [201 202]
- [202 203]
- [203 204]
- [204 205]
- [205 206]
- [206 207]
- [207 208]
- [208 209]
- [209 210]
- [210 211]
- [211 1]
- [181 212]
- [212 213]
- [213 214]
- [214 215]
- [215 216]
- [216 217]
- [217 218]
- [218 219]
- [219 31]
- [122 220]
- [220 221]
- [221 222]
- [222 223]
- [223 224]
- [224 225]
- [225 226]
- [226 227]
- [227 228]
- [228 229]
- [229 230]
- [230 231]
- [231 232]
- [232 233]
- [233 234]
- [234 235]
- [235 236]
- [236 90]
- [148 237]
- [237 238]
- [238 239]
- [239 240]
- [240 241]
- [241 242]
- [242 243]
- [243 244]
- [244 245]
- [245 246]
- [246 247]
- [247 248]
- [248 249]
- [249 250]
- [250 251]
- [251 252]
- [252 253]
- [253 254]
- [254 255]
- [255 256]
- [256 257]
- [257 65]
sets:
  element:
  - name: layup_0
    labels:
    - 1
    - 2
    - 3
    - 4
    - 5
    - 6
    - 7
    - 8
    - 9
    - 10
    - 11
    - 12
    - 13
    - 14
    - 15
    - 16
    - 17
    - 18
    - 19
    - 20
    - 21
    - 22
    - 23
    - 24
    - 25
    - 186
    - 187
    - 188
    - 189
    - 190
    - 191
    - 192
    - 193
    - 194
    - 195
    - 196
    - 197
    - 198
    - 199
    - 200
    - 201
    - 202
    - 203
    - 204
    - 205
    - 206
    - 207
    - 208
    - 209
    - 210
    - 211
  - name: layup_1
    labels:
    - 26
    - 27
    - 28
    - 29
    - 30
    - 31
    - 32
    - 33
    - 34
    - 35
    - 36
    - 37
    - 38
    - 39
    - 40
    - 41
    - 42
    - 43
    - 44
    - 45
    - 46
    - 47
    - 48
    - 49
    - 50
    - 51
    - 52
    - 53
    - 54
    - 55
    - 56
    - 57
    - 58
    - 59
    - 60
    - 61
    - 93
    - 94
    - 95
    - 96
    - 97
    - 114
    - 115
    - 116
    - 117
    - 118
    - 119
    - 120
    - 152
    - 153
    - 154
    - 155
    - 156
    - 157
    - 158
    - 159
    - 160
    - 161
    - 162
    - 163
    - 164
    - 165
    - 166
    - 167
    - 168
    - 169
    - 170
    - 171
    - 172
    - 173
    - 174
    - 175
    - 176
    - 177
    - 178
    - 179
    - 180
    - 181
    - 182
    - 183
    - 184
    - 185
  - name: layup_2
    labels:
    - 62
    - 63
    - 64
    - 65
    - 66
    - 67
    - 68
    - 69
    - 70
    - 71
    - 72
    - 73
    - 74
    - 75
    - 76
    - 77
    - 78
    - 79
    - 80
    - 81
    - 82
    - 83
    - 84
    - 85
    - 86
    - 87
    - 88
    - 89
    - 90
    - 91
    - 92
    - 121
    - 122
    - 123
    - 124
    - 125
    - 126
    - 127
    - 128
    - 129
    - 130
    - 131
    - 132
    - 133
    - 134
    - 135
    - 136
    - 137
    - 138
    - 139
    - 140
    - 141
    - 142
    - 143
    - 144
    - 145
    - 146
    - 147
    - 148
    - 149
    - 150
    - 151
  - name: layup_3
    labels:
    - 98
    - 99
    - 100
    - 101
    - 102
    - 103
    - 104
    - 105
    - 106
    - 107
    - 108
    - 109
    - 110
    - 111
    - 112
    - 113
  - name: layup_4
    labels:
    - 212
    - 213
    - 214
    - 215
    - 216
    - 217
    - 218
    - 219
    - 220
  - name: layup_5
    labels:
    - 221
    - 222
    - 223
    - 224
    - 225
    - 226
    - 227
    - 228
    - 229
    - 230
    - 231
    - 232
    - 233
    - 234
    - 235
    - 236
    - 237
    - 238
    - 239
    - 240
    - 241
    - 242
    - 243
    - 244
    - 245
    - 246
    - 247
    - 248
    - 249
    - 250
    - 251
    - 252
    - 253
    - 254
    - 255
    - 256
    - 257
    - 258
    - 259
    - 260
sections:
- type: shell
  elementSet: layup_0
  layup:
  - - gelcoat
    - 0.0005
    - 0.0
  - - glass_triax
    - 0.003
    - 0.0
  - - glass_uniax
    - 0.00755
    - 0.0
  - - glass_triax
    - 0.003
    - 0.0
- type: shell
  elementSet: layup_1
  layup:
  - - gelcoat
    - 0.0005
    - 0.0
  - - glass_triax
    - 0.003
    - 0.0
  - - medium_density_foam
    - 0.02375
    - 0.0
  - - glass_triax
    - 0.003
    - 0.0
- type: shell
  elementSet: layup_2
  layup:
  - - gelcoat
    - 0.0005
    - 0.0
  - - glass_triax
    - 0.003
    - 0.0
  - - carbon_uniax
    - 0.04342884
    - 0.0
  - - glass_triax
    - 0.003
    - 0.0
- type: shell
  elementSet: layup_3
  layup:
  - - gelcoat
    - 0.0005
    - 0.0
  - - glass_triax
    - 0.003
    - 0.0
  - - glass_uniax
    - 0.005675
    - 0.0
  - - glass_triax
    - 0.003
    - 0.0
- type: shell
  elementSet: layup_4
  layup:
  - - glass_biax
    - 0.002
    - 0.0
  - - medium_density_foam
    - 0.03
    - 0.0
  - - glass_biax
    - 0.002
    - 0.0
- type: shell
  elementSet: layup_5
  layup:
  - - glass_biax
    - 0.002
    - 0.0
  - - medium_density_foam
    - 0.022
    - 0.0
  - - glass_biax
    - 0.002
    - 0.0
elementOrientations:
- [0.0, 0.0, 1.0, -0.9893569362873283, 0.14550894343699736, 0.0, -0.14550894343699736,
  -0.9893569362873283, 0.0]
- [0.0, 0.0, 1.0, -0.9795502700274576, 0.20119957377970457, 0.0, -0.20119957377970457,
  -0.9795502700274576, 0.0]
- [0.0, 0.0, 1.0, -0.9795923648463142, 0.20099452414134472, 0.0, -0.20099452414134472,
  -0.9795923648463142, 0.0]
- [0.0, 0.0, 1.0, -0.9796125237795215, 0.20089624997574293, 0.0, -0.20089624997574293,
  -0.9796125237795215, 0.0]
- [0.0, 0.0, 1.0, -0.9796725696045661, 0.20060323119129164, 0.0, -0.20060323119129164,
  -0.9796725696045661, 0.0]
- [0.0, 0.0, 1.0, -0.9795586849600221, 0.20115860090831872, 0.0, -0.20115860090831872,
  -0.9795586849600221, 0.0]
- [0.0, 0.0, 1.0, -0.9792991282232961, 0.20241842174340757, 0.0, -0.20241842174340757,
  -0.9792991282232961, 0.0]
- [0.0, 0.0, 1.0, -0.979167457651585, 0.20305440127249522, 0.0, -0.20305440127249522,
  -0.979167457651585, 0.0]
- [0.0, 0.0, 1.0, -0.9786637542869068, 0.20546838210551308, 0.0, -0.20546838210551308,
  -0.9786637542869068, 0.0]
- [0.0, 0.0, 1.0, -0.9785767901928444, 0.20588216458904357, 0.0, -0.20588216458904357,
  -0.9785767901928444, 0.0]
- [0.0, 0.0, 1.0, -0.9782331759872905, 0.20750868270464887, 0.0, -0.20750868270464887,
  -0.9782331759872905, 0.0]
- [0.0, 0.0, 1.0, -0.9779321319334432, 0.20892282147269248, 0.0, -0.20892282147269248,
  -0.9779321319334432, 0.0]
- [0.0, 0.0, 1.0, -0.9778820050678994, 0.20915731917479075, 0.0, -0.20915731917479075,
  -0.9778820050678994, 0.0]
- [0.0, 0.0, 1.0, -0.9774304671849864, 0.21125738287344928, 0.0, -0.21125738287344928,
  -0.9774304671849864, 0.0]
- [0.0, 0.0, 1.0, -0.9773210288959481, 0.21176309045196076, 0.0, -0.21176309045196076,
  -0.9773210288959481, 0.0]
- [0.0, 0.0, 1.0, -0.9772475704437107, 0.21210182946373785, 0.0, -0.21210182946373785,
  -0.9772475704437107, 0.0]
- [0.0, 0.0, 1.0, -0.9769252940253824, 0.21358129574805942, 0.0, -0.21358129574805942,
  -0.9769252940253824, 0.0]
- [0.0, 0.0, 1.0, -0.976854135527121, 0.2139065167393488, 0.0, -0.2139065167393488,
  -0.976854135527121, 0.0]
- [0.0, 0.0, 1.0, -0.9767702780396362, 0.21428911297210562, 0.0, -0.21428911297210562,
  -0.9767702780396362, 0.0]
- [0.0, 0.0, 1.0, -0.9764644941067173, 0.21567821343128837, 0.0, -0.21567821343128837,
  -0.9764644941067173, 0.0]
- [0.0, 0.0, 1.0, -0.9764028938405184, 0.2159569144525397, 0.0, -0.2159569144525397,
  -0.9764028938405184, 0.0]
- [0.0, 0.0, 1.0, -0.9764236127378934, 0.2158632170794278, 0.0, -0.2158632170794278,
  -0.9764236127378934, 0.0]
- [0.0, 0.0, 1.0, -0.9762516757635148, 0.2166394829409664, 0.0, -0.2166394829409664,
  -0.9762516757635148, 0.0]
- [0.0, 0.0, 1.0, -0.9762177724425333, 0.2167922064266568, 0.0, -0.2167922064266568,
  -0.9762177724425333, 0.0]
- [0.0, 0.0, 1.0, -0.9956193381674588, 0.09349937682675367, 0.0, -0.09349937682675367,
  -0.9956193381674588, 0.0]
- [0.0, 0.0, 1.0, -0.9955595999857836, 0.09413332500313833, 0.0, -0.09413332500313833,
  -0.9955595999857836, 0.0]
- [0.0, 0.0, 1.0, -0.9763137603588543, 0.21635951870429368, 0.0, -0.21635951870429368,
  -0.9763137603588543, 0.0]
- [0.0, 0.0, 1.0, -0.9763416397000575, 0.21623367588745987, 0.0, -0.21623367588745987,
  -0.9763416397000575, 0.0]
- [0.0, 0.0, 1.0, -0.9764771816560249, 0.21562076362239826, 0.0, -0.21562076362239826,
  -0.9764771816560249, 0.0]
- [0.0, 0.0, 1.0, -0.9767936726208268, 0.2141824482256123, 0.0, -0.2141824482256123,
  -0.9767936726208268, 0.0]
- [0.0, 0.0, 1.0, -0.9768501889820821, 0.21392453876465567, 0.0, -0.21392453876465567,
  -0.9768501889820821, 0.0]
- [0.0, 0.0, 1.0, -0.9769536182490883, 0.2134516989625862, 0.0, -0.2134516989625862,
  -0.9769536182490883, 0.0]
- [0.0, 0.0, 1.0, -0.9774459486152668, 0.2111857417904943, 0.0, -0.2111857417904943,
  -0.9774459486152668, 0.0]
- [0.0, 0.0, 1.0, -0.9776878306944933, 0.21006309935801631, 0.0, -0.21006309935801631,
  -0.9776878306944933, 0.0]
- [0.0, 0.0, 1.0, -0.9778240379715752, 0.20942815179665586, 0.0, -0.20942815179665586,
  -0.9778240379715752, 0.0]
- [0.0, 0.0, 1.0, -0.978031493523753, 0.20845718427460627, 0.0, -0.20845718427460627,
  -0.978031493523753, 0.0]
- [0.0, 0.0, 1.0, -0.9789275313817334, 0.2042079535739624, 0.0, -0.2042079535739624,
  -0.9789275313817334, 0.0]
- [0.0, 0.0, 1.0, -0.9790937370440118, 0.2034095722457311, 0.0, -0.2034095722457311,
  -0.9790937370440118, 0.0]
- [0.0, 0.0, 1.0, -0.9791792406064245, 0.20299757329935159, 0.0, -0.20299757329935159,
  -0.9791792406064245, 0.0]
- [0.0, 0.0, 1.0, -0.9799426173590152, 0.19927987024173435, 0.0, -0.19927987024173435,
  -0.9799426173590152, 0.0]
- [0.0, 0.0, 1.0, -0.9808726365426044, 0.19465063802094257, 0.0, -0.19465063802094257,
  -0.9808726365426044, 0.0]
- [0.0, 0.0, 1.0, -0.9810137555905707, 0.19393816370710576, 0.0, -0.19393816370710576,
  -0.9810137555905707, 0.0]
- [0.0, 0.0, 1.0, -0.9811174180505259, 0.19341306056693702, 0.0, -0.19341306056693702,
  -0.9811174180505259, 0.0]
- [0.0, 0.0, 1.0, -0.9825594983613535, 0.1859484664628498, 0.0, -0.1859484664628498,
  -0.9825594983613535, 0.0]
- [0.0, 0.0, 1.0, -0.9831385601387812, 0.18286216549150977, 0.0, -0.18286216549150977,
  -0.9831385601387812, 0.0]
- [0.0, 0.0, 1.0, -0.9832642033862985, 0.18218536258192544, 0.0, -0.18218536258192544,
  -0.9832642033862985, 0.0]
- [0.0, 0.0, 1.0, -0.983687343315972, 0.17988666042807366, 0.0, -0.17988666042807366,
  -0.983687343315972, 0.0]
- [0.0, 0.0, 1.0, -0.9852981576668602, 0.17084361415718996, 0.0, -0.17084361415718996,
  -0.9852981576668602, 0.0]
- [0.0, 0.0, 1.0, -0.9856756004847365, 0.1686523365063591, 0.0, -0.1686523365063591,
  -0.9856756004847365, 0.0]
- [0.0, 0.0, 1.0, -0.9857941195475205, 0.16795819082595684, 0.0, -0.16795819082595684,
  -0.9857941195475205, 0.0]
- [0.0, 0.0, 1.0, -0.9866248297232946, 0.16300750097305275, 0.0, -0.16300750097305275,
  -0.9866248297232946, 0.0]
- [0.0, 0.0, 1.0, -0.9882833137510811, 0.1526305728259635, 0.0, -0.1526305728259635,
  -0.9882833137510811, 0.0]
- [0.0, 0.0, 1.0, -0.9884155556302585, 0.15177183331609173, 0.0, -0.15177183331609173,
  -0.9884155556302585, 0.0]
- [0.0, 0.0, 1.0, -0.9885836592652436, 0.15067298574641866, 0.0, -0.15067298574641866,
  -0.9885836592652436, 0.0]
- [0.0, 0.0, 1.0, -0.9902543060758627, 0.13927099230712606, 0.0, -0.13927099230712606,
  -0.9902543060758627, 0.0]
- [0.0, 0.0, 1.0, -0.9912658020510272, 0.13187914802626596, 0.0, -0.13187914802626596,
  -0.9912658020510272, 0.0]
- [0.0, 0.0, 1.0, -0.9914016874834383, 0.1308537124234207, 0.0, -0.1308537124234207,
  -0.9914016874834383, 0.0]
- [0.0, 0.0, 1.0, -0.9917410339025231, 0.12825646835132498, 0.0, -0.12825646835132498,
  -0.9917410339025231, 0.0]
- [0.0, 0.0, 1.0, -0.9938638029009007, 0.11061076477160633, 0.0, -0.11061076477160633,
  -0.9938638029009007, 0.0]
- [0.0, 0.0, 1.0, -0.9942050026765958, 0.10750075652212968, 0.0, -0.10750075652212968,
  -0.9942050026765958, 0.0]
- [0.0, 0.0, 1.0, -0.9988366660921618, -0.048221514595615904, 0.0, 0.048221514595615904,
  -0.9988366660921618, 0.0]
- [0.0, 0.0, 1.0, -0.9985124029954078, -0.05452504987926721, 0.0, 0.05452504987926721,
  -0.9985124029954078, 0.0]
- [0.0, 0.0, 1.0, -0.9967792707202998, 0.08019404879607311, 0.0, -0.08019404879607311,
  -0.9967792707202998, 0.0]
- [0.0, 0.0, 1.0, -0.996916689120463, 0.07846728587821786, 0.0, -0.07846728587821786,
  -0.996916689120463, 0.0]
- [0.0, 0.0, 1.0, -0.9973107778619686, 0.07328855545277868, 0.0, -0.07328855545277868,
  -0.9973107778619686, 0.0]
- [0.0, 0.0, 1.0, -0.9986722870742509, 0.051513716910011, 0.0, -0.051513716910011,
  -0.9986722870742509, 0.0]
- [0.0, 0.0, 1.0, -0.9989410516019117, 0.04600842775478166, 0.0, -0.04600842775478166,
  -0.9989410516019117, 0.0]
- [0.0, 0.0, 1.0, -0.9990372876493855, 0.043869099445498515, 0.0, -0.043869099445498515,
  -0.9990372876493855, 0.0]
- [0.0, 0.0, 1.0, -0.9997478196324859, 0.022456561181317614, 0.0, -0.022456561181317614,
  -0.9997478196324859, 0.0]
- [0.0, 0.0, 1.0, -0.99996339052361, 0.008556729078703756, 0.0, -0.008556729078703756,
  -0.99996339052361, 0.0]
- [0.0, 0.0, 1.0, -0.9999834611725326, 0.005751293889369381, 0.0, -0.005751293889369381,
  -0.9999834611725326, 0.0]
- [0.0, 0.0, 1.0, -0.9999601868436255, -0.008923268888795877, 0.0, 0.008923268888795877,
  -0.9999601868436255, 0.0]
- [0.0, 0.0, 1.0, -0.9994281276806123, -0.03381445845826544, 0.0, 0.03381445845826544,
  -0.9994281276806123, 0.0]
- [0.0, 0.0, 1.0, -0.9993101120404454, -0.037138928009738524, 0.0, 0.037138928009738524,
  -0.9993101120404454, 0.0]
- [0.0, 0.0, 1.0, -0.998818205501439, -0.048602390464724726, 0.0, 0.048602390464724726,
  -0.998818205501439, 0.0]
- [0.0, 0.0, 1.0, -0.9969054435044435, -0.07861002932965046, 0.0, 0.07861002932965046,
  -0.9969054435044435, 0.0]
- [0.0, 0.0, 1.0, -0.9964722445733619, -0.08392297536983644, 0.0, 0.08392297536983644,
  -0.9964722445733619, 0.0]
- [0.0, 0.0, 1.0, -0.9956335499263049, -0.09334792049715994, 0.0, 0.09334792049715994,
  -0.9956335499263049, 0.0]
- [0.0, 0.0, 1.0, -0.9917476127196847, -0.12820558749448643, 0.0, 0.12820558749448643,
  -0.9917476127196847, 0.0]
- [0.0, 0.0, 1.0, -0.9910202320847008, -0.1337120024484927, 0.0, 0.1337120024484927,
  -0.9910202320847008, 0.0]
- [0.0, 0.0, 1.0, -0.9893498660086267, -0.14555700817450345, 0.0, 0.14555700817450345,
  -0.9893498660086267, 0.0]
- [0.0, 0.0, 1.0, -0.9830551226148565, -0.18331019038964905, 0.0, 0.18331019038964905,
  -0.9830551226148565, 0.0]
- [0.0, 0.0, 1.0, -0.9822083334635855, -0.18779454112057137, 0.0, 0.18779454112057137,
  -0.9822083334635855, 0.0]
- [0.0, 0.0, 1.0, -0.977822483052635, -0.20943541161126364, 0.0, 0.20943541161126364,
  -0.977822483052635, 0.0]
- [0.0, 0.0, 1.0, -0.9709013043039877, -0.23947997265077386, 0.0, 0.23947997265077386,
  -0.9709013043039877, 0.0]
- [0.0, 0.0, 1.0, -0.9696802580932797, -0.24437716150276892, 0.0, 0.24437716150276892,
  -0.9696802580932797, 0.0]
- [0.0, 0.0, 1.0, -0.959054524193523, -0.28322150275700303, 0.0, 0.28322150275700303,
  -0.959054524193523, 0.0]
- [0.0, 0.0, 1.0, -0.9542463364747271, -0.29902162016242545, 0.0, 0.29902162016242545,
  -0.9542463364747271, 0.0]
- [0.0, 0.0, 1.0, -0.9488764504367087, -0.3156477178859886, 0.0, 0.3156477178859886,
  -0.9488764504367087, 0.0]
- [0.0, 0.0, 1.0, -0.9346502428364049, -0.35556845130839365, 0.0, 0.35556845130839365,
  -0.9346502428364049, 0.0]
- [0.0, 0.0, 1.0, -0.9322414334225666, -0.36183685524036713, 0.0, 0.36183685524036713,
  -0.9322414334225666, 0.0]
- [0.0, 0.0, 1.0, -0.9661249219220427, -0.2580748636367497, 0.0, 0.2580748636367497,
  -0.9661249219220427, 0.0]
- [0.0, 0.0, 1.0, -0.959127069979678, -0.28297572975822144, 0.0, 0.28297572975822144,
  -0.959127069979678, 0.0]
- [0.0, 0.0, 1.0, -0.8863372123723182, -0.46304032865838834, 0.0, 0.46304032865838834,
  -0.8863372123723182, 0.0]
- [0.0, 0.0, 1.0, -0.8745924490605644, -0.4848587918623772, 0.0, 0.4848587918623772,
  -0.8745924490605644, 0.0]
- [0.0, 0.0, 1.0, -0.8455989364546973, -0.5338187320305319, 0.0, 0.5338187320305319,
  -0.8455989364546973, 0.0]
- [0.0, 0.0, 1.0, -0.8990458481883767, -0.43785449964028245, 0.0, 0.43785449964028245,
  -0.8990458481883767, 0.0]
- [0.0, 0.0, 1.0, -0.8679435996300485, -0.49666277076224863, 0.0, 0.49666277076224863,
  -0.8679435996300485, 0.0]
- [0.0, 0.0, 1.0, -0.7645008802124955, -0.6446226835555197, 0.0, 0.6446226835555197,
  -0.7645008802124955, 0.0]
- [0.0, 0.0, 1.0, -0.7182022638924093, -0.6958343970657229, 0.0, 0.6958343970657229,
  -0.7182022638924093, 0.0]
- [0.0, 0.0, 1.0, -0.6538411004454853, -0.7566318889448401, 0.0, 0.7566318889448401,
  -0.6538411004454853, 0.0]
- [0.0, 0.0, 1.0, -0.5868497308243805, -0.8096958647735284, 0.0, 0.8096958647735284,
  -0.5868497308243805, 0.0]
- [0.0, 0.0, 1.0, -0.4886237029018859, -0.8724946286152423, 0.0, 0.8724946286152423,
  -0.4886237029018859, 0.0]
- [0.0, 0.0, 1.0, -0.31686186963185126, -0.9484716946611573, 0.0, 0.9484716946611573,
  -0.31686186963185126, 0.0]
- [0.0, 0.0, 1.0, -0.10737140891339941, -0.9942189801788897, 0.0, 0.9942189801788897,
  -0.10737140891339941, 0.0]
- [0.0, 0.0, 1.0, 0.14702032153059855, -0.9891334718110795, 0.0, 0.9891334718110795,
  0.14702032153059855, 0.0]
- [0.0, 0.0, 1.0, 0.4185547204664332, -0.908191579995799, 0.0, 0.908191579995799,
  0.4185547204664332, 0.0]
- [0.0, 0.0, 1.0, 0.5843224376122715, -0.8115215886856326, 0.0, 0.8115215886856326,
  0.5843224376122715, 0.0]
- [0.0, 0.0, 1.0, 0.6839184193246607, -0.7295584936853642, 0.0, 0.7295584936853642,
  0.6839184193246607, 0.0]
- [0.0, 0.0, 1.0, 0.7441238020612849, -0.6680417406164509, 0.0, 0.6680417406164509,
  0.7441238020612849, 0.0]
- [0.0, 0.0, 1.0, 0.7815976153988272, -0.6237829491120025, 0.0, 0.6237829491120025,
  0.7815976153988272, 0.0]
- [0.0, 0.0, 1.0, 0.8135908820625892, -0.5814377667683945, 0.0, 0.5814377667683945,
  0.8135908820625892, 0.0]
- [0.0, 0.0, 1.0, 0.9088937044286384, -0.41702785764261235, 0.0, 0.41702785764261235,
  0.9088937044286384, 0.0]
- [0.0, 0.0, 1.0, 0.917730938849534, -0.39720262320175154, 0.0, 0.39720262320175154,
  0.917730938849534, 0.0]
- [0.0, 0.0, 1.0, 0.8766333887783044, -0.4811589152027282, 0.0, 0.4811589152027282,
  0.8766333887783044, 0.0]
- [0.0, 0.0, 1.0, 0.8863699026978693, -0.4629777484840601, 0.0, 0.4629777484840601,
  0.8863699026978693, 0.0]
- [0.0, 0.0, 1.0, 0.9048255457489024, -0.4257824934872274, 0.0, 0.4257824934872274,
  0.9048255457489024, 0.0]
- [0.0, 0.0, 1.0, 0.9117664101262618, -0.4107091590961532, 0.0, 0.4107091590961532,
  0.9117664101262618, 0.0]
- [0.0, 0.0, 1.0, 0.9264151755488806, -0.3765035491369727, 0.0, 0.3765035491369727,
  0.9264151755488806, 0.0]
- [0.0, 0.0, 1.0, 0.9764020018080434, -0.21596094754664671, 0.0, 0.21596094754664671,
  0.9764020018080434, 0.0]
- [0.0, 0.0, 1.0, 0.9742965947943166, -0.22526905107492964, 0.0, 0.22526905107492964,
  0.9742965947943166, 0.0]
- [0.0, 0.0, 1.0, 0.9523740265595305, -0.30493230975871793, 0.0, 0.30493230975871793,
  0.9523740265595305, 0.0]
- [0.0, 0.0, 1.0, 0.9582888947890199, -0.28580131931822644, 0.0, 0.28580131931822644,
  0.9582888947890199, 0.0]
- [0.0, 0.0, 1.0, 0.9670708401895728, -0.2545073477427198, 0.0, 0.2545073477427198,
  0.9670708401895728, 0.0]
- [0.0, 0.0, 1.0, 0.9684062759478168, -0.24937779513196615, 0.0, 0.24937779513196615,
  0.9684062759478168, 0.0]
- [0.0, 0.0, 1.0, 0.9755120344284324, -0.21994606312753381, 0.0, 0.21994606312753381,
  0.9755120344284324, 0.0]
- [0.0, 0.0, 1.0, 0.9799903058064185, -0.19904522231252414, 0.0, 0.19904522231252414,
  0.9799903058064185, 0.0]
- [0.0, 0.0, 1.0, 0.9808777443626743, -0.19462489720997228, 0.0, 0.19462489720997228,
  0.9808777443626743, 0.0]
- [0.0, 0.0, 1.0, 0.9870583269185966, -0.16036165146524564, 0.0, 0.16036165146524564,
  0.9870583269185966, 0.0]
- [0.0, 0.0, 1.0, 0.9894660420816548, -0.14476516006023316, 0.0, 0.14476516006023316,
  0.9894660420816548, 0.0]
- [0.0, 0.0, 1.0, 0.9900503904162662, -0.1407132702931699, 0.0, 0.1407132702931699,
  0.9900503904162662, 0.0]
- [0.0, 0.0, 1.0, 0.9941311034973318, -0.1081820181877622, 0.0, 0.1081820181877622,
  0.9941311034973318, 0.0]
- [0.0, 0.0, 1.0, 0.9957182004511849, -0.0924406041209928, 0.0, 0.0924406041209928,
  0.9957182004511849, 0.0]
- [0.0, 0.0, 1.0, 0.9960641953286755, -0.0886347493043123, 0.0, 0.0886347493043123,
  0.9960641953286755, 0.0]
- [0.0, 0.0, 1.0, 0.9980063186860297, -0.06311408608828017, 0.0, 0.06311408608828017,
  0.9980063186860297, 0.0]
- [0.0, 0.0, 1.0, 0.9991206294522728, -0.04192812663230005, 0.0, 0.04192812663230005,
  0.9991206294522728, 0.0]
- [0.0, 0.0, 1.0, 0.9992582756636015, -0.03850842138812985, 0.0, 0.03850842138812985,
  0.9992582756636015, 0.0]
- [0.0, 0.0, 1.0, 0.9997265563337114, -0.023384023630212115, 0.0, 0.023384023630212115,
  0.9997265563337114, 0.0]
- [0.0, 0.0, 1.0, 0.9999627739704001, 0.008628480365769312, 0.0, -0.008628480365769312,
  0.9999627739704001, 0.0]
- [0.0, 0.0, 1.0, 0.9999311863130202, 0.011731267563059247, 0.0, -0.011731267563059247,
  0.9999311863130202, 0.0]
- [0.0, 0.0, 1.0, 0.9998741748711182, 0.015862989182390208, 0.0, -0.015862989182390208,
  0.9998741748711182, 0.0]
- [0.0, 0.0, 1.0, 0.9985626470344509, 0.05359701435295258, 0.0, -0.05359701435295258,
  0.9985626470344509, 0.0]
- [0.0, 0.0, 1.0, 0.9981266966069713, 0.06118085910196932, 0.0, -0.06118085910196932,
  0.9981266966069713, 0.0]
- [0.0, 0.0, 1.0, 0.9979443002327307, 0.06408723455576296, 0.0, -0.06408723455576296,
  0.9979443002327307, 0.0]
- [0.0, 0.0, 1.0, 0.9964588991545169, 0.08408128386132195, 0.0, -0.08408128386132195,
  0.9964588991545169, 0.0]
- [0.0, 0.0, 1.0, 0.9939547306502903, 0.10979068001387284, 0.0, -0.10979068001387284,
  0.9939547306502903, 0.0]
- [0.0, 0.0, 1.0, 0.9936457652136325, 0.11255262446080434, 0.0, -0.11255262446080434,
  0.9936457652136325, 0.0]
- [0.0, 0.0, 1.0, 0.9929538285066616, 0.11850187531833985, 0.0, -0.11850187531833985,
  0.9929538285066616, 0.0]
- [0.0, 0.0, 1.0, 0.9882418769024637, 0.15289863549520621, 0.0, -0.15289863549520621,
  0.9882418769024637, 0.0]
- [0.0, 0.0, 1.0, 0.9870820512534616, 0.16021555509144114, 0.0, -0.16021555509144114,
  0.9870820512534616, 0.0]
- [0.0, 0.0, 1.0, 0.9997589060094576, 0.02195745556234689, 0.0, -0.02195745556234689,
  0.9997589060094576, 0.0]
- [0.0, 0.0, 1.0, 0.9994449392820118, 0.03331386113280419, 0.0, -0.03331386113280419,
  0.9994449392820118, 0.0]
- [0.0, 0.0, 1.0, 0.9788191441817743, 0.20472684968820948, 0.0, -0.20472684968820948,
  0.9788191441817743, 0.0]
- [0.0, 0.0, 1.0, 0.9783502960258214, 0.2069557881920378, 0.0, -0.2069557881920378,
  0.9783502960258214, 0.0]
- [0.0, 0.0, 1.0, 0.9778931262858245, 0.20910531691694628, 0.0, -0.20910531691694628,
  0.9778931262858245, 0.0]
- [0.0, 0.0, 1.0, 0.9700098251085736, 0.24306570961950685, 0.0, -0.24306570961950685,
  0.9700098251085736, 0.0]
- [0.0, 0.0, 1.0, 0.968869748745427, 0.2475710200447, 0.0, -0.2475710200447, 0.968869748745427,
  0.0]
- [0.0, 0.0, 1.0, 0.96837663685886, 0.24949286399799817, 0.0, -0.24949286399799817,
  0.96837663685886, 0.0]
- [0.0, 0.0, 1.0, 0.9665877421012866, 0.25633598424633397, 0.0, -0.25633598424633397,
  0.9665877421012866, 0.0]
- [0.0, 0.0, 1.0, 0.9601803197332879, 0.27938101867679005, 0.0, -0.27938101867679005,
  0.9601803197332879, 0.0]
- [0.0, 0.0, 1.0, 0.9594208901694602, 0.2819779344318284, 0.0, -0.2819779344318284,
  0.9594208901694602, 0.0]
- [0.0, 0.0, 1.0, 0.9589637303104002, 0.2835287709372047, 0.0, -0.2835287709372047,
  0.9589637303104002, 0.0]
- [0.0, 0.0, 1.0, 0.9566042609204963, 0.2913902674914714, 0.0, -0.2913902674914714,
  0.9566042609204963, 0.0]
- [0.0, 0.0, 1.0, 0.9524716137612455, 0.3046273542856074, 0.0, -0.3046273542856074,
  0.9524716137612455, 0.0]
- [0.0, 0.0, 1.0, 0.9519679893570137, 0.3061975624324346, 0.0, -0.3061975624324346,
  0.9519679893570137, 0.0]
- [0.0, 0.0, 1.0, 0.9516172417609838, 0.3072859013739764, 0.0, -0.3072859013739764,
  0.9516172417609838, 0.0]
- [0.0, 0.0, 1.0, 0.94979467335279, 0.31287390186889497, 0.0, -0.31287390186889497,
  0.94979467335279, 0.0]
- [0.0, 0.0, 1.0, 0.9477727273099146, 0.3189464804125082, 0.0, -0.3189464804125082,
  0.9477727273099146, 0.0]
- [0.0, 0.0, 1.0, 0.947504034587967, 0.31974381063520957, 0.0, -0.31974381063520957,
  0.947504034587967, 0.0]
- [0.0, 0.0, 1.0, 0.9473574574520034, 0.3201778377871827, 0.0, -0.3201778377871827,
  0.9473574574520034, 0.0]
- [0.0, 0.0, 1.0, 0.9472541378670463, 0.3204833822427598, 0.0, -0.3204833822427598,
  0.9472541378670463, 0.0]
- [0.0, 0.0, 1.0, 0.947276414625878, 0.3204175311894495, 0.0, -0.3204175311894495,
  0.947276414625878, 0.0]
- [0.0, 0.0, 1.0, 0.9472571520260602, 0.3204744731417426, 0.0, -0.3204744731417426,
  0.9472571520260602, 0.0]
- [0.0, 0.0, 1.0, 0.9475159192944614, 0.31970859025614506, 0.0, -0.31970859025614506,
  0.9475159192944614, 0.0]
- [0.0, 0.0, 1.0, 0.9499949964702802, 0.3122651224223296, 0.0, -0.3122651224223296,
  0.9499949964702802, 0.0]
- [0.0, 0.0, 1.0, 0.9509391377065305, 0.30937801534362513, 0.0, -0.30937801534362513,
  0.9509391377065305, 0.0]
- [0.0, 0.0, 1.0, 0.9511917186597607, 0.30860057412955433, 0.0, -0.30860057412955433,
  0.9511917186597607, 0.0]
- [0.0, 0.0, 1.0, 0.9524503099029822, 0.3046939565625038, 0.0, -0.3046939565625038,
  0.9524503099029822, 0.0]
- [0.0, 0.0, 1.0, 0.9578363537371894, 0.2873143217095969, 0.0, -0.2873143217095969,
  0.9578363537371894, 0.0]
- [0.0, 0.0, 1.0, 0.9585408020645957, 0.28495531364998555, 0.0, -0.28495531364998555,
  0.9585408020645957, 0.0]
- [0.0, 0.0, 1.0, 0.9589983763949497, 0.2834115630524818, 0.0, -0.2834115630524818,
  0.9589983763949497, 0.0]
- [0.0, 0.0, 1.0, 0.9633398616586646, 0.2682840117104729, 0.0, -0.2682840117104729,
  0.9633398616586646, 0.0]
- [0.0, 0.0, 1.0, 0.9674549372605948, 0.2530433646039715, 0.0, -0.2530433646039715,
  0.9674549372605948, 0.0]
- [0.0, 0.0, 1.0, 0.9679936217644619, 0.2509747959921873, 0.0, -0.2509747959921873,
  0.9679936217644619, 0.0]
- [0.0, 0.0, 1.0, 0.9923127262924093, 0.12375561901637369, 0.0, -0.12375561901637369,
  0.9923127262924093, 0.0]
- [0.0, 0.0, 1.0, 0.9958947766159, 0.09051847275096286, 0.0, -0.09051847275096286,
  0.9958947766159, 0.0]
- [0.0, 0.0, 1.0, 0.9776134719380019, 0.21040888642195119, 0.0, -0.21040888642195119,
  0.9776134719380019, 0.0]
- [0.0, 0.0, 1.0, 0.9782547012876446, 0.20740718263507976, 0.0, -0.20740718263507976,
  0.9782547012876446, 0.0]
- [0.0, 0.0, 1.0, 0.9850181294292659, 0.17245081819368077, 0.0, -0.17245081819368077,
  0.9850181294292659, 0.0]
- [0.0, 0.0, 1.0, 0.9868596982440884, 0.1615795035937008, 0.0, -0.1615795035937008,
  0.9868596982440884, 0.0]
- [0.0, 0.0, 1.0, 0.9873805773557874, 0.15836538592935032, 0.0, -0.15836538592935032,
  0.9873805773557874, 0.0]
- [0.0, 0.0, 1.0, 0.9916597414661509, 0.12888350226187414, 0.0, -0.12888350226187414,
  0.9916597414661509, 0.0]
- [0.0, 0.0, 1.0, 0.9934172987164075, 0.11455160675868256, 0.0, -0.11455160675868256,
  0.9934172987164075, 0.0]
- [0.0, 0.0, 1.0, 0.9939111520081721, 0.11018449035044772, 0.0, -0.11018449035044772,
  0.9939111520081721, 0.0]
- [0.0, 0.0, 1.0, 0.9965228396905587, 0.08332004545765123, 0.0, -0.08332004545765123,
  0.9965228396905587, 0.0]
- [0.0, 0.0, 1.0, 0.9975375312145334, 0.0701346834199328, 0.0, -0.0701346834199328,
  0.9975375312145334, 0.0]
- [0.0, 0.0, 1.0, 0.9978558545098454, 0.06544993216517725, 0.0, -0.06544993216517725,
  0.9978558545098454, 0.0]
- [0.0, 0.0, 1.0, 0.9995139546414996, 0.03117458062124175, 0.0, -0.03117458062124175,
  0.9995139546414996, 0.0]
- [0.0, 0.0, 1.0, 0.9997093083379504, 0.02411013941181486, 0.0, -0.02411013941181486,
  0.9997093083379504, 0.0]
- [0.0, 0.0, 1.0, 0.9999691210387984, 0.007858560230283368, 0.0, -0.007858560230283368,
  0.9999691210387984, 0.0]
- [0.0, 0.0, 1.0, 0.999797971161662, -0.020100170671526994, 0.0, 0.020100170671526994,
  0.999797971161662, 0.0]
- [0.0, 0.0, 1.0, 0.9996709523008525, -0.025651259733326142, 0.0, 0.025651259733326142,
  0.9996709523008525, 0.0]
- [0.0, 0.0, 1.0, 0.9983441794549968, -0.05752303319826989, 0.0, 0.05752303319826989,
  0.9983441794549968, 0.0]
- [0.0, 0.0, 1.0, 0.997763428912883, -0.06684414652014381, 0.0, 0.06684414652014381,
  0.997763428912883, 0.0]
- [0.0, 0.0, 1.0, 0.9961650464126879, -0.08749400154071846, 0.0, 0.08749400154071846,
  0.9961650464126879, 0.0]
- [0.0, 0.0, 1.0, 0.9947595459023982, -0.10224209424720675, 0.0, 0.10224209424720675,
  0.9947595459023982, 0.0]
- [0.0, 0.0, 1.0, 0.9933059222600478, -0.11551339663915892, 0.0, 0.11551339663915892,
  0.9933059222600478, 0.0]
