nodes:
- [4.55271529 0.29662363 0.00000000]
- [4.49474135 0.31582514 0.00000000]
- [4.42870908 0.34071129 0.00000000]
- [4.36236726 0.36467777 0.00000000]
- [4.29568983 0.38788970 0.00000000]
- [4.22878659 0.41070318 0.00000000]
- [4.16182604 0.43338488 0.00000000]
- [4.09477074 0.45572783 0.00000000]
- [4.02756126 0.47781239 0.00000000]
- [3.96040723 0.50007509 0.00000000]
- [3.89319151 0.52207645 0.00000000]
- [3.82595356 0.54408142 0.00000000]
- [3.75871393 0.56599766 0.00000000]
- [3.69138505 0.58771583 0.00000000]
- [3.62408615 0.60953974 0.00000000]
- [3.55320581 0.62003591 0.00000000]
- [3.48129686 0.63063413 0.00000000]
- [3.41300525 0.65250907 0.00000000]
- [3.34476388 0.67409893 0.00000000]
- [3.27637725 0.69538949 0.00000000]
- [3.20785967 0.71663282 0.00000000]
- [3.13939084 0.73792748 0.00000000]
- [3.07096179 0.75900591 0.00000000]
- [3.00236515 0.77982508 0.00000000]
- [2.93381928 0.80073738 0.00000000]
- [2.86521654 0.82127725 0.00000000]
- [2.79650059 0.84176312 0.00000000]
- [2.72783037 0.86218910 0.00000000]
- [2.65911660 0.88231569 0.00000000]
- [2.59030371 0.90226636 0.00000000]
- [2.52144902 0.92208655 0.00000000]
- [2.45252381 0.94173673 0.00000000]
- [2.38357782 0.96132761 0.00000000]
- [2.31465602 0.98073542 0.00000000]
- [2.24566376 0.99982974 0.00000000]
- [2.17651318 1.01873201 0.00000000]
- [2.10744389 1.03765168 0.00000000]
- [2.03828189 1.05609074 0.00000000]
- [1.96925222 1.07440281 0.00000000]
- [1.90023892 1.09254183 0.00000000]
- [1.83119197 1.11037967 0.00000000]
- [1.76205357 1.12791569 0.00000000]
- [1.69282184 1.14521562 0.00000000]
- [1.62355942 1.16231734 0.00000000]
- [1.55417533 1.17912450 0.00000000]
- [1.48487898 1.19587946 0.00000000]
- [1.41548395 1.21198123 0.00000000]
- [1.34590449 1.22789851 0.00000000]
- [1.27635014 1.24363359 0.00000000]
- [1.20680324 1.25890641 0.00000000]
- [1.13702424 1.27366767 0.00000000]
- [1.06724699 1.28839489 0.00000000]
- [0.99748225 1.30252869 0.00000000]
- [0.92756432 1.31618351 0.00000000]
- [0.85762720 1.32945693 0.00000000]
- [0.78760683 1.34204714 0.00000000]
- [0.71740364 1.35413724 0.00000000]
- [0.64717048 1.36586601 0.00000000]
- [0.57686319 1.37696646 0.00000000]
- [0.50640135 1.38762634 0.00000000]
- [0.43606888 1.39793281 0.00000000]
- [0.36564570 1.40715099 0.00000000]
- [0.29498181 1.41585911 0.00000000]
- [0.22428361 1.42297073 0.00000000]
- [0.13083485 1.43134663 0.00000000]
- [0.06050052 1.43776148 0.00000000]
- [-0.00974797 1.44372210 0.00000000]
- [-0.07993140 1.44854253 0.00000000]
- [-0.15037051 1.45242493 0.00000000]
- [-0.22087082 1.45582988 0.00000000]
- [-0.29122548 1.45839614 0.00000000]
- [-0.36154977 1.45988799 0.00000000]
- [-0.43195504 1.46035197 0.00000000]
- [-0.50229744 1.45995828 0.00000000]
- [-0.57264007 1.45833438 0.00000000]
- [-0.64290557 1.45590622 0.00000000]
- [-0.73275751 1.45210821 0.00000000]
- [-0.80372927 1.44818257 0.00000000]
- [-0.87448703 1.44133585 0.00000000]
- [-0.94532675 1.43334498 0.00000000]
- [-1.01592269 1.42426330 0.00000000]
- [-1.08616739 1.41369805 0.00000000]
- [-1.15613469 1.40155595 0.00000000]
- [-1.22570597 1.38786871 0.00000000]
- [-1.29485329 1.37224721 0.00000000]
- [-1.36367035 1.35501429 0.00000000]
- [-1.43185061 1.33608498 0.00000000]
- [-1.49932542 1.31498193 0.00000000]
- [-1.56624332 1.29195429 0.00000000]
- [-1.63233537 1.26707203 0.00000000]
- [-1.69747597 1.23985858 0.00000000]
- [-1.76177362 1.21071171 0.00000000]
- [-1.82490978 1.17933164 0.00000000]
- [-1.88692821 1.14580807 0.00000000]
- [-1.94752801 1.11017345 0.00000000]
- [-2.00639941 1.07195464 0.00000000]
- [-2.06356807 1.03137419 0.00000000]
- [-2.11872337 0.98810435 0.00000000]
- [-2.17193393 0.94265979 0.00000000]
- [-2.22246898 0.89450517 0.00000000]
- [-2.27061530 0.84380026 0.00000000]
- [-2.31615487 0.79091928 0.00000000]
- [-2.35861990 0.73558629 0.00000000]
- [-2.39818387 0.67824192 0.00000000]
- [-2.43419186 0.61866436 0.00000000]
- [-2.46698987 0.55723946 0.00000000]
- [-2.49612646 0.49392733 0.00000000]
- [-2.52200781 0.42925678 0.00000000]
- [-2.54370771 0.36368120 0.00000000]
- [-2.57264953 0.29955929 0.00000000]
- [-2.59651804 0.23191297 0.00000000]
- [-2.60599988 0.16094871 0.00000000]
- [-2.61425638 0.09005758 0.00000000]
- [-2.61847137 0.01929305 0.00000000]
- [-2.61733662 -0.05164096 0.00000000]
- [-2.61235555 -0.12271699 0.00000000]
- [-2.60487013 -0.19350604 0.00000000]
- [-2.58040496 -0.26059918 0.00000000]
- [-2.55015887 -0.32587066 0.00000000]
- [-2.52759560 -0.39269616 0.00000000]
- [-2.50035657 -0.45785559 0.00000000]
- [-2.46874258 -0.52112005 0.00000000]
- [-2.43309384 -0.58218245 0.00000000]
- [-2.39329573 -0.64071111 0.00000000]
- [-2.34986494 -0.69681780 0.00000000]
- [-2.30302211 -0.75027656 0.00000000]
- [-2.25324043 -0.80107210 0.00000000]
- [-2.20043117 -0.84896246 0.00000000]
- [-2.14517347 -0.89453597 0.00000000]
- [-2.08806184 -0.93772204 0.00000000]
- [-2.02887945 -0.97815354 0.00000000]
- [-1.96805692 -1.01634915 0.00000000]
- [-1.90562057 -1.05207012 0.00000000]
- [-1.84191658 -1.08576592 0.00000000]
- [-1.77700529 -1.11727510 0.00000000]
- [-1.71109241 -1.14695321 0.00000000]
- [-1.64444827 -1.17472256 0.00000000]
- [-1.57685176 -1.20028393 0.00000000]
- [-1.50846837 -1.22422693 0.00000000]
- [-1.43950251 -1.24652814 0.00000000]
- [-1.37003596 -1.26721517 0.00000000]
- [-1.30006762 -1.28622394 0.00000000]
- [-1.22959445 -1.30382438 0.00000000]
- [-1.17504281 -1.31645559 0.00000000]
- [-1.10651813 -1.33061409 0.00000000]
- [-1.03774663 -1.34343655 0.00000000]
- [-0.96859819 -1.35473548 0.00000000]
- [-0.89926528 -1.36506701 0.00000000]
- [-0.82984175 -1.37394302 0.00000000]
- [-0.76021627 -1.38147087 0.00000000]
- [-0.69040070 -1.38770176 0.00000000]
- [-0.62047144 -1.39279510 0.00000000]
- [-0.55054283 -1.39664291 0.00000000]
- [-0.48048399 -1.39907872 0.00000000]
- [-0.41028239 -1.40050496 0.00000000]
- [-0.34585168 -1.40087834 0.00000000]
- [-0.28136701 -1.39989505 0.00000000]
- [-0.20997571 -1.39800008 0.00000000]
- [-0.13885840 -1.39522476 0.00000000]
- [-0.06778673 -1.39077698 0.00000000]
- [0.00354295 -1.38543840 0.00000000]
- [0.07462779 -1.37956287 0.00000000]
- [0.14542074 -1.37212919 0.00000000]
- [0.21623131 -1.36361684 0.00000000]
- [0.28693564 -1.35401687 0.00000000]
- [0.35748404 -1.34347634 0.00000000]
- [0.42786496 -1.33177997 0.00000000]
- [0.49815358 -1.31919013 0.00000000]
- [0.56825141 -1.30565892 0.00000000]
- [0.63825822 -1.29118244 0.00000000]
- [0.70794152 -1.27613106 0.00000000]
- [0.77740858 -1.25945009 0.00000000]
- [0.84711053 -1.24260639 0.00000000]
- [0.91635422 -1.22516006 0.00000000]
- [0.98525903 -1.20659987 0.00000000]
- [1.05419726 -1.18714040 0.00000000]
- [1.12305096 -1.16748834 0.00000000]
- [1.19145033 -1.14696605 0.00000000]
- [1.25982684 -1.12553768 0.00000000]
- [1.32806185 -1.10403653 0.00000000]
- [1.39595398 -1.08130967 0.00000000]
- [1.46398603 -1.05860923 0.00000000]
- [1.53152746 -1.03520002 0.00000000]
- [1.59899280 -1.01100413 0.00000000]
- [1.66647857 -0.98663280 0.00000000]
- [1.73418106 -0.96165767 0.00000000]
- [1.80166117 -0.93613471 0.00000000]
- [1.86903119 -0.91006057 0.00000000]
- [1.93642934 -0.88370136 0.00000000]
- [2.00371854 -0.85728458 0.00000000]
- [2.07084499 -0.83035020 0.00000000]
- [2.13797894 -0.80346302 0.00000000]
- [2.20492531 -0.77602782 0.00000000]
- [2.27212461 -0.74866177 0.00000000]
- [2.33927588 -0.72149322 0.00000000]
- [2.40631972 -0.69408177 0.00000000]
- [2.47356637 -0.66673544 0.00000000]
- [2.54092190 -0.63968904 0.00000000]
- [2.60828212 -0.61274341 0.00000000]
- [2.67581630 -0.58594436 0.00000000]
- [2.74368223 -0.55953237 0.00000000]
- [2.81178331 -0.53389039 0.00000000]
- [2.87990126 -0.50853997 0.00000000]
- [2.94830446 -0.48361017 0.00000000]
- [3.01699266 -0.45934110 0.00000000]
- [3.08589246 -0.43569505 0.00000000]
- [3.15511225 -0.41268145 0.00000000]
- [3.22472350 -0.39061575 0.00000000]
- [3.29455806 -0.36952163 0.00000000]
- [3.36462894 -0.34914124 0.00000000]
- [3.43517767 -0.32974942 0.00000000]
- [3.50893352 -0.32309919 0.00000000]
- [3.58090249 -0.31821777 0.00000000]
- [3.65042587 -0.30329116 0.00000000]
- [3.72026371 -0.28989992 0.00000000]
- [3.79038130 -0.27787386 0.00000000]
- [3.86080692 -0.26764795 0.00000000]
- [3.93142828 -0.25900491 0.00000000]
- [4.00232016 -0.25202231 0.00000000]
- [4.07338892 -0.24733504 0.00000000]
- [4.14454968 -0.24421150 0.00000000]
- [4.21586693 -0.24345526 0.00000000]
- [4.28726784 -0.24510373 0.00000000]
- [4.35858939 -0.24997661 0.00000000]
- [4.42961474 -0.25791006 0.00000000]
- [4.50016201 -0.26876439 0.00000000]
- [4.55589878 -0.28544596 0.00000000]
- [1.67929938 -0.91619406 0.00000000]
- [1.69212018 -0.84575532 0.00000000]
- [1.70494098 -0.77531657 0.00000000]
- [1.71776179 -0.70487783 0.00000000]
- [1.73058259 -0.63443909 0.00000000]
- [1.74340340 -0.56400035 0.00000000]
- [1.75622420 -0.49356160 0.00000000]
- [1.76904500 -0.42312286 0.00000000]
- [1.78186581 -0.35268412 0.00000000]
- [1.79468661 -0.28224537 0.00000000]
- [1.80750742 -0.21180663 0.00000000]
- [1.82032822 -0.14136789 0.00000000]
- [1.83314902 -0.07092915 0.00000000]
- [1.84596983 -0.00049040 0.00000000]
- [1.85879063 0.06994834 0.00000000]
- [1.87161144 0.14038708 0.00000000]
- [1.88443224 0.21082583 0.00000000]
- [1.89725304 0.28126457 0.00000000]
- [1.91007385 0.35170331 0.00000000]
- [1.92289465 0.42214205 0.00000000]
- [1.93571545 0.49258080 0.00000000]
- [1.94853626 0.56301954 0.00000000]
- [1.96135706 0.63345828 0.00000000]
- [1.97417787 0.70389703 0.00000000]
- [1.98699867 0.77433577 0.00000000]
- [1.99981947 0.84477451 0.00000000]
- [2.01264028 0.91521325 0.00000000]
- [2.02546108 0.98565200 0.00000000]
- [-1.16139826 -1.24536939 0.00000000]
- [-1.14775372 -1.17428319 0.00000000]
- [-1.13410917 -1.10319699 0.00000000]
- [-1.12046463 -1.03211079 0.00000000]
- [-1.10682008 -0.96102459 0.00000000]
- [-1.09317554 -0.88993839 0.00000000]
- [-1.07953099 -0.81885219 0.00000000]
- [-1.06588645 -0.74776599 0.00000000]
- [-1.05224190 -0.67667979 0.00000000]
- [-1.03859736 -0.60559359 0.00000000]
- [-1.02495282 -0.53450739 0.00000000]
- [-1.01130827 -0.46342119 0.00000000]
- [-0.99766373 -0.39233499 0.00000000]
- [-0.98401918 -0.32124879 0.00000000]
- [-0.97037464 -0.25016259 0.00000000]
- [-0.95673009 -0.17907639 0.00000000]
- [-0.94308555 -0.10799019 0.00000000]
- [-0.92944100 -0.03690399 0.00000000]
- [-0.91579646 0.03418221 0.00000000]
- [-0.90215191 0.10526841 0.00000000]
- [-0.88850737 0.17635461 0.00000000]
- [-0.87486283 0.24744081 0.00000000]
- [-0.86121828 0.31852701 0.00000000]
- [-0.84757374 0.38961321 0.00000000]
- [-0.83392919 0.46069942 0.00000000]
- [-0.82028465 0.53178562 0.00000000]
- [-0.80664010 0.60287182 0.00000000]
- [-0.79299556 0.67395802 0.00000000]
- [-0.77935101 0.74504422 0.00000000]
- [-0.76570647 0.81613042 0.00000000]
- [-0.75206192 0.88721662 0.00000000]
- [-0.73841738 0.95830282 0.00000000]
- [-0.72477284 1.02938902 0.00000000]
- [-0.71112829 1.10047522 0.00000000]
- [-0.69748375 1.17156142 0.00000000]
- [-0.68383920 1.24264762 0.00000000]
- [-0.67019466 1.31373382 0.00000000]
- [-0.65655011 1.38482002 0.00000000]
- [-0.39675445 -1.32970867 0.00000000]
- [-0.38322652 -1.25891238 0.00000000]
- [-0.36969859 -1.18811609 0.00000000]
- [-0.35617066 -1.11731980 0.00000000]
- [-0.34264273 -1.04652351 0.00000000]
- [-0.32911480 -0.97572722 0.00000000]
- [-0.31558687 -0.90493093 0.00000000]
- [-0.30205894 -0.83413464 0.00000000]
- [-0.28853101 -0.76333835 0.00000000]
- [-0.27500308 -0.69254206 0.00000000]
- [-0.26147514 -0.62174577 0.00000000]
- [-0.24794721 -0.55094948 0.00000000]
- [-0.23441928 -0.48015319 0.00000000]
- [-0.22089135 -0.40935691 0.00000000]
- [-0.20736342 -0.33856062 0.00000000]
- [-0.19383549 -0.26776433 0.00000000]
- [-0.18030756 -0.19696804 0.00000000]
- [-0.16677963 -0.12617175 0.00000000]
- [-0.15325170 -0.05537546 0.00000000]
- [-0.13972377 0.01542083 0.00000000]
- [-0.12619584 0.08621712 0.00000000]
- [-0.11266790 0.15701341 0.00000000]
- [-0.09913997 0.22780970 0.00000000]
- [-0.08561204 0.29860599 0.00000000]
- [-0.07208411 0.36940228 0.00000000]
- [-0.05855618 0.44019857 0.00000000]
- [-0.04502825 0.51099486 0.00000000]
- [-0.03150032 0.58179115 0.00000000]
- [-0.01797239 0.65258744 0.00000000]
- [-0.00444446 0.72338373 0.00000000]
- [0.00908347 0.79418002 0.00000000]
- [0.02261141 0.86497631 0.00000000]
- [0.03613934 0.93577260 0.00000000]
- [0.04966727 1.00656889 0.00000000]
- [0.06319520 1.07736518 0.00000000]
- [0.07672313 1.14816147 0.00000000]
- [0.09025106 1.21895776 0.00000000]
- [0.10377899 1.28975405 0.00000000]
- [0.11730692 1.36055034 0.00000000]
elements:
- [1 2]
- [2 3]
- [3 4]
- [4 5]
- [5 6]
- [6 7]
- [7 8]
- [8 9]
- [9 10]
- [10 11]
- [11 12]
- [12 13]
- [13 14]
- [14 15]
- [15 16]
- [16 17]
- [17 18]
- [18 19]
- [19 20]
- [20 21]
- [21 22]
- [22 23]
- [23 24]
- [24 25]
- [25 26]
- [26 27]
- [27 28]
- [28 29]
- [29 30]
- [30 31]
- [31 32]
- [32 33]
- [33 34]
- [34 35]
- [35 36]
- [36 37]
- [37 38]
- [38 39]
- [39 40]
- [40 41]
- [41 42]
- [42 43]
- [43 44]
- [44 45]
- [45 46]
- [46 47]
- [47 48]
- [48 49]
- [49 50]
- [50 51]
- [51 52]
- [52 53]
- [53 54]
- [54 55]
- [55 56]
- [56 57]
- [57 58]
- [58 59]
- [59 60]
- [60 61]
- [61 62]
- [62 63]
- [63 64]
- [64 65]
- [65 66]
- [66 67]
- [67 68]
- [68 69]
- [69 70]
- [70 71]
- [71 72]
- [72 73]
- [73 74]
- [74 75]
- [75 76]
- [76 77]
- [77 78]
- [78 79]
- [79 80]
- [80 81]
- [81 82]
- [82 83]
- [83 84]
- [84 85]
- [85 86]
- [86 87]
- [87 88]
- [88 89]
- [89 90]
- [90 91]
- [91 92]
- [92 93]
- [93 94]
- [94 95]
- [95 96]
- [96 97]
- [97 98]
- [98 99]
- [99 100]
- [100 101]
- [101 102]
- [102 103]
- [103 104]
- [104 105]
- [105 106]
- [106 107]
- [107 108]
- [108 109]
- [109 110]
- [110 111]
- [111 112]
- [112 113]
- [113 114]
- [114 115]
- [115 116]
- [116 117]
- [117 118]
- [118 119]
- [119 120]
- [120 121]
- [121 122]
- [122 123]
- [123 124]
- [124 125]
- [125 126]
- [126 127]
- [127 128]
- [128 129]
- [129 130]
- [130 131]
- [131 132]
- [132 133]
- [133 134]
- [134 135]
- [135 136]
- [136 137]
- [137 138]
- [138 139]
- [139 140]
- [140 141]
- [141 142]
- [142 143]
- [143 144]
- [144 145]
- [145 146]
- [146 147]
- [147 148]
- [148 149]
- [149 150]
- [150 151]
- [151 152]
- [152 153]
- [153 154]
- [154 155]
- [155 156]
- [156 157]
- [157 158]
- [158 159]
- [159 160]
- [160 161]
- [161 162]
- [162 163]
- [163 164]
- [164 165]
- [165 166]
- [166 167]
- [167 168]
- [168 169]
- [169 170]
- [170 171]
- [171 172]
- [172 173]
- [173 174]
- [174 175]
- [175 176]
- [176 177]
- [177 178]
- [178 179]
- [179 180]
- [180 181]
- [181 182]
- [182 183]
- [183 184]
- [184 185]
- [185 186]
- [186 187]
- [187 188]
- [188 189]
- [189 190]
- [190 191]
- [191 192]
- [192 193]
- [193 194]
- [194 195]
- [195 196]
- [196 197]
- [197 198]
- [198 199]
- [199 200]
- [200 201]
- [201 202]
- [202 203]
- [203 204]
- [204 205]
- [205 206]
- [206 207]
- [207 208]
- [208 209]
- [209 210]
- [210 211]
- [211 212]
- [212 213]
- [213 214]
- [214 215]
- [215 216]
- [216 217]
- [217 218]
- [218 219]
- [219 220]
- [220 221]
- [221 222]
- [222 223]
- [223 224]
- [224 225]
- [225 226]
- [226 227]
- [227 1]
- [185 228]
- [228 229]
- [229 230]
- [230 231]
- [231 232]
- [232 233]
- [233 234]
- [234 235]
- [235 236]
- [236 237]
- [237 238]
- [238 239]
- [239 240]
- [240 241]
- [241 242]
- [242 243]
- [243 244]
- [244 245]
- [245 246]
- [246 247]
- [247 248]
- [248 249]
- [249 250]
- [250 251]
- [251 252]
- [252 253]
- [253 254]
- [254 255]
- [255 38]
- [144 256]
- [256 257]
- [257 258]
- [258 259]
- [259 260]
- [260 261]
- [261 262]
- [262 263]
- [263 264]
- [264 265]
- [265 266]
- [266 267]
- [267 268]
- [268 269]
- [269 270]
- [270 271]
- [271 272]
- [272 273]
- [273 274]
- [274 275]
- [275 276]
- [276 277]
- [277 278]
- [278 279]
- [279 280]
- [280 281]
- [281 282]
- [282 283]
- [283 284]
- [284 285]
- [285 286]
- [286 287]
- [287 288]
- [288 289]
- [289 290]
- [290 291]
- [291 292]
- [292 293]
- [293 76]
- [155 294]
- [294 295]
- [295 296]
- [296 297]
- [297 298]
- [298 299]
- [299 300]
- [300 301]
- [301 302]
- [302 303]
- [303 304]
- [304 305]
- [305 306]
- [306 307]
- [307 308]
- [308 309]
- [309 310]
- [310 311]
- [311 312]
- [312 313]
- [313 314]
- [314 315]
- [315 316]
- [316 317]
- [317 318]
- [318 319]
- [319 320]
- [320 321]
- [321 322]
- [322 323]
- [323 324]
- [324 325]
- [325 326]
- [326 327]
- [327 328]
- [328 329]
- [329 330]
- [330 331]
- [331 332]
- [332 65]
sets:
  element:
  - name: layup_0
    labels:
    - 1
    - 2
    - 3
    - 4
    - 5
    - 6
    - 7
    - 8
    - 9
    - 10
    - 11
    - 12
    - 13
    - 14
    - 15
    - 212
    - 213
    - 214
    - 215
    - 216
    - 217
    - 218
    - 219
    - 220
    - 221
    - 222
    - 223
    - 224
    - 225
    - 226
    - 227
  - name: layup_1
    labels:
    - 16
    - 17
    - 18
    - 19
    - 20
    - 21
    - 22
    - 23
    - 24
    - 25
    - 26
    - 27
    - 28
    - 29
    - 30
    - 31
    - 32
    - 33
    - 34
    - 35
    - 36
    - 37
    - 38
    - 39
    - 40
    - 41
    - 42
    - 43
    - 44
    - 45
    - 46
    - 47
    - 48
    - 49
    - 50
    - 51
    - 52
    - 53
    - 54
    - 55
    - 56
    - 57
    - 58
    - 59
    - 60
    - 61
    - 62
    - 63
    - 77
    - 78
    - 79
    - 80
    - 81
    - 82
    - 83
    - 84
    - 85
    - 86
    - 87
    - 88
    - 89
    - 90
    - 91
    - 92
    - 93
    - 94
    - 95
    - 96
    - 97
    - 98
    - 99
    - 100
    - 101
    - 102
    - 103
    - 104
    - 105
    - 106
    - 107
    - 108
    - 109
    - 118
    - 119
    - 120
    - 121
    - 122
    - 123
    - 124
    - 125
    - 126
    - 127
    - 128
    - 129
    - 130
    - 131
    - 132
    - 133
    - 134
    - 135
    - 136
    - 137
    - 138
    - 139
    - 140
    - 141
    - 142
    - 157
    - 158
    - 159
    - 160
    - 161
    - 162
    - 163
    - 164
    - 165
    - 166
    - 167
    - 168
    - 169
    - 170
    - 171
    - 172
    - 173
    - 174
    - 175
    - 176
    - 177
    - 178
    - 179
    - 180
    - 181
    - 182
    - 183
    - 184
    - 185
    - 186
    - 187
    - 188
    - 189
    - 190
    - 191
    - 192
    - 193
    - 194
    - 195
    - 196
    - 197
    - 198
    - 199
    - 200
    - 201
    - 202
    - 203
    - 204
    - 205
    - 206
    - 207
    - 208
    - 209
    - 210
    - 211
  - name: layup_2
    labels:
    - 64
    - 65
    - 66
    - 67
    - 68
    - 69
    - 70
    - 71
    - 72
    - 73
    - 74
    - 75
    - 76
  - name: layup_3
    labels:
    - 110
    - 111
    - 112
    - 113
    - 114
    - 115
    - 116
    - 117
  - name: layup_4
    labels:
    - 143
    - 144
    - 145
    - 146
    - 147
    - 148
    - 149
    - 150
    - 151
    - 152
    - 153
    - 154
    - 155
    - 156
  - name: layup_5
    labels:
    - 228
    - 229
    - 230
    - 231
    - 232
    - 233
    - 234
    - 235
    - 236
    - 237
    - 238
    - 239
    - 240
    - 241
    - 242
    - 243
    - 244
    - 245
    - 246
    - 247
    - 248
    - 249
    - 250
    - 251
    - 252
    - 253
    - 254
    - 255
    - 256
    - 257
    - 258
    - 259
    - 260
    - 261
    - 262
    - 263
    - 264
    - 265
    - 266
    - 267
    - 268
    - 269
    - 270
    - 271
    - 272
    - 273
    - 274
    - 275
    - 276
    - 277
    - 278
    - 279
    - 280
    - 281
    - 282
    - 283
    - 284
    - 285
    - 286
    - 287
    - 288
    - 289
    - 290
    - 291
    - 292
    - 293
    - 294
    - 295
    - 296
    - 297
    - 298
    - 299
    - 300
    - 301
    - 302
    - 303
    - 304
    - 305
    - 306
    - 307
    - 308
    - 309
    - 310
    - 311
    - 312
    - 313
    - 314
    - 315
    - 316
    - 317
    - 318
    - 319
    - 320
    - 321
    - 322
    - 323
    - 324
    - 325
    - 326
    - 327
    - 328
    - 329
    - 330
    - 331
    - 332
    - 333
    - 334
    - 335
sections:
- type: shell
  elementSet: layup_0
  layup:
  - - gelcoat
    - 0.0005
    - 0.0
  - - glass_triax
    - 0.00303156
    - 0.0
  - - glass_uniax
    - 0.02770414
    - 0.0
  - - glass_triax
    - 0.00303156
    - 0.0
- type: shell
  elementSet: layup_1
  layup:
  - - gelcoat
    - 0.0005
    - 0.0
  - - glass_triax
    - 0.00303156
    - 0.0
  - - medium_density_foam
    - 0.07449385
    - 0.0
  - - glass_triax
    - 0.00303156
    - 0.0
- type: shell
  elementSet: layup_2
  layup:
  - - gelcoat
    - 0.0005
    - 0.0
  - - glass_triax
    - 0.00303156
    - 0.0
  - - carbon_uniax
    - 0.07892723
    - 0.0
  - - glass_triax
    - 0.00303156
    - 0.0
- type: shell
  elementSet: layup_3
  layup:
  - - gelcoat
    - 0.0005
    - 0.0
  - - glass_triax
    - 0.00303156
    - 0.0
  - - glass_uniax
    - 0.02299112
    - 0.0
  - - glass_triax
    - 0.00303156
    - 0.0
- type: shell
  elementSet: layup_4
  layup:
  - - gelcoat
    - 0.0005
    - 0.0
  - - glass_triax
    - 0.00303156
    - 0.0
  - - carbon_uniax
    - 0.07402619
    - 0.0
  - - glass_triax
    - 0.00303156
    - 0.0
- type: shell
  elementSet: layup_5
  layup:
  - - glass_biax
    - 0.002
    - 0.0
  - - medium_density_foam
    - 0.0436
    - 0.0
  - - glass_biax
    - 0.002
    - 0.0
elementOrientations:
- [0.0, 0.0, 1.0, -0.9492864429023, 0.31441254638118077, 0.0, -0.31441254638118077,
  -0.9492864429023, 0.0]
- [0.0, 0.0, 1.0, -0.935749980171415, 0.35266411018020594, 0.0, -0.35266411018020594,
  -0.935749980171415, 0.0]
- [0.0, 0.0, 1.0, -0.9405098892091567, 0.3397663142511039, 0.0, -0.3397663142511039,
  -0.9405098892091567, 0.0]
- [0.0, 0.0, 1.0, -0.944409819516632, 0.32877057775987584, 0.0, -0.32877057775987584,
  -0.944409819516632, 0.0]
- [0.0, 0.0, 1.0, -0.9464861727710906, 0.32274436440181814, 0.0, -0.32274436440181814,
  -0.9464861727710906, 0.0]
- [0.0, 0.0, 1.0, -0.9471380826004089, 0.3208262029323989, 0.0, -0.3208262029323989,
  -0.9471380826004089, 0.0]
- [0.0, 0.0, 1.0, -0.9487207140320505, 0.316115495929124, 0.0, -0.316115495929124,
  -0.9487207140320505, 0.0]
- [0.0, 0.0, 1.0, -0.9500256682619586, 0.31217179507991905, 0.0, -0.31217179507991905,
  -0.9500256682619586, 0.0]
- [0.0, 0.0, 1.0, -0.9491992919863367, 0.31467555369401845, 0.0, -0.31467555369401845,
  -0.9491992919863367, 0.0]
- [0.0, 0.0, 1.0, -0.9503825328676816, 0.3110836563048756, 0.0, -0.3110836563048756,
  -0.9503825328676816, 0.0]
- [0.0, 0.0, 1.0, -0.9503978930926821, 0.3110367258138352, 0.0, -0.3110367258138352,
  -0.9503978930926821, 0.0]
- [0.0, 0.0, 1.0, -0.9507703499240452, 0.3098963402580105, 0.0, -0.3098963402580105,
  -0.9507703499240452, 0.0]
- [0.0, 0.0, 1.0, -0.9517120125962821, 0.30699225573283495, 0.0, -0.30699225573283495,
  -0.9517120125962821, 0.0]
- [0.0, 0.0, 1.0, -0.9512342938000083, 0.308469315003615, 0.0, -0.308469315003615,
  -0.9512342938000083, 0.0]
- [0.0, 0.0, 1.0, -0.9892128091001618, 0.14648555666742968, 0.0, -0.14648555666742968,
  -0.9892128091001618, 0.0]
- [0.0, 0.0, 1.0, -0.9893127965497472, 0.1458087465926463, 0.0, -0.1458087465926463,
  -0.9893127965497472, 0.0]
- [0.0, 0.0, 1.0, -0.9523365667068716, 0.3050492807940519, 0.0, -0.3050492807940519,
  -0.9523365667068716, 0.0]
- [0.0, 0.0, 1.0, -0.9534222199069137, 0.30163897392043465, 0.0, -0.30163897392043465,
  -0.9534222199069137, 0.0]
- [0.0, 0.0, 1.0, -0.9547984665388528, 0.29725391216106006, 0.0, -0.29725391216106006,
  -0.9547984665388528, 0.0]
- [0.0, 0.0, 1.0, -0.9551459731144558, 0.2961353914060921, 0.0, -0.2961353914060921,
  -0.9551459731144558, 0.0]
- [0.0, 0.0, 1.0, -0.9548834938388001, 0.29698066131350376, 0.0, -0.29698066131350376,
  -0.9548834938388001, 0.0]
- [0.0, 0.0, 1.0, -0.9556873619193053, 0.2943835359997546, 0.0, -0.2943835359997546,
  -0.9556873619193053, 0.0]
- [0.0, 0.0, 1.0, -0.956899217638767, 0.2904201908998683, 0.0, -0.2904201908998683,
  -0.956899217638767, 0.0]
- [0.0, 0.0, 1.0, -0.9564773270603998, 0.29180665314449744, 0.0, -0.29180665314449744,
  -0.9564773270603998, 0.0]
- [0.0, 0.0, 1.0, -0.9579835182907693, 0.28682325338653986, 0.0, -0.28682325338653986,
  -0.9579835182907693, 0.0]
- [0.0, 0.0, 1.0, -0.9583196826920846, 0.28569806748548765, 0.0, -0.28569806748548765,
  -0.9583196826920846, 0.0]
- [0.0, 0.0, 1.0, -0.9584962749604752, 0.2851050523699873, 0.0, -0.2851050523699873,
  -0.9584962749604752, 0.0]
- [0.0, 0.0, 1.0, -0.9596799980316469, 0.281094826309518, 0.0, -0.281094826309518,
  -0.9596799980316469, 0.0]
- [0.0, 0.0, 1.0, -0.9604480826491418, 0.2784591182482399, 0.0, -0.2784591182482399,
  -0.9604480826491418, 0.0]
- [0.0, 0.0, 1.0, -0.9609785526801778, 0.2766228864152618, 0.0, -0.2766228864152618,
  -0.9609785526801778, 0.0]
- [0.0, 0.0, 1.0, -0.9616812933454221, 0.27416981969114734, 0.0, -0.27416981969114734,
  -0.9616812933454221, 0.0]
- [0.0, 0.0, 1.0, -0.9619208977905995, 0.27332798318819645, 0.0, -0.27332798318819645,
  -0.9619208977905995, 0.0]
- [0.0, 0.0, 1.0, -0.962565144102956, 0.27105044430521713, 0.0, -0.27105044430521713,
  -0.962565144102956, 0.0]
- [0.0, 0.0, 1.0, -0.9637703336753759, 0.2667334698294439, 0.0, -0.2667334698294439,
  -0.9637703336753759, 0.0]
- [0.0, 0.0, 1.0, -0.9646113390749039, 0.263675870204539, 0.0, -0.263675870204539,
  -0.9646113390749039, 0.0]
- [0.0, 0.0, 1.0, -0.964470471247036, 0.2641906699573626, 0.0, -0.2641906699573626,
  -0.964470471247036, 0.0]
- [0.0, 0.0, 1.0, -0.9662493397733884, 0.25760864385243554, 0.0, -0.25760864385243554,
  -0.9662493397733884, 0.0]
- [0.0, 0.0, 1.0, -0.9665682155644599, 0.2564096032923409, 0.0, -0.2564096032923409,
  -0.9665682155644599, 0.0]
- [0.0, 0.0, 1.0, -0.967151666620823, 0.2542000270506763, 0.0, -0.2542000270506763,
  -0.967151666620823, 0.0]
- [0.0, 0.0, 1.0, -0.9682119042128189, 0.25013138255842093, 0.0, -0.25013138255842093,
  -0.9682119042128189, 0.0]
- [0.0, 0.0, 1.0, -0.9693074649707907, 0.24585165924170543, 0.0, -0.24585165924170543,
  -0.9693074649707907, 0.0]
- [0.0, 0.0, 1.0, -0.9701688645429061, 0.2424301430753369, 0.0, -0.2424301430753369,
  -0.9701688645429061, 0.0]
- [0.0, 0.0, 1.0, -0.9708438323396755, 0.23971285574205586, 0.0, -0.23971285574205586,
  -0.9708438323396755, 0.0]
- [0.0, 0.0, 1.0, -0.9718924848056976, 0.235425143045952, 0.0, -0.235425143045952,
  -0.9718924848056976, 0.0]
- [0.0, 0.0, 1.0, -0.9719917384245678, 0.23501502172071195, 0.0, -0.23501502172071195,
  -0.9719917384245678, 0.0]
- [0.0, 0.0, 1.0, -0.9741213024467616, 0.2260258571921027, 0.0, -0.2260258571921027,
  -0.9741213024467616, 0.0]
- [0.0, 0.0, 1.0, -0.974817706712904, 0.2230032257143257, 0.0, -0.2230032257143257,
  -0.974817706712904, 0.0]
- [0.0, 0.0, 1.0, -0.9753527586018491, 0.22065130021770354, 0.0, -0.22065130021770354,
  -0.9753527586018491, 0.0]
- [0.0, 0.0, 1.0, -0.976725424855991, 0.2144934601331334, 0.0, -0.2144934601331334,
  -0.976725424855991, 0.0]
- [0.0, 0.0, 1.0, -0.978348801731339, 0.20696285210359233, 0.0, -0.20696285210359233,
  -0.978348801731339, 0.0]
- [0.0, 0.0, 1.0, -0.9784443135818025, 0.2065108355981241, 0.0, -0.2065108355981241,
  -0.9784443135818025, 0.0]
- [0.0, 0.0, 1.0, -0.9800890307470155, 0.1985585349698566, 0.0, -0.1985585349698566,
  -0.9800890307470155, 0.0]
- [0.0, 0.0, 1.0, -0.9814581165852049, 0.19167672104098227, 0.0, -0.19167672104098227,
  -0.9814581165852049, 0.0]
- [0.0, 0.0, 1.0, -0.982462133000264, 0.18646221392167348, 0.0, -0.18646221392167348,
  -0.982462133000264, 0.0]
- [0.0, 0.0, 1.0, -0.98421629571663, 0.17696972409379874, 0.0, -0.17696972409379874,
  -0.98421629571663, 0.0]
- [0.0, 0.0, 1.0, -0.9854927532512898, 0.16971751026099963, 0.0, -0.16971751026099963,
  -0.9854927532512898, 0.0]
- [0.0, 0.0, 1.0, -0.9863409394911985, 0.16471657804732281, 0.0, -0.16471657804732281,
  -0.9863409394911985, 0.0]
- [0.0, 0.0, 1.0, -0.9877644995291176, 0.15595285656246283, 0.0, -0.15595285656246283,
  -0.9877644995291176, 0.0]
- [0.0, 0.0, 1.0, -0.9887490566978664, 0.14958376542619686, 0.0, -0.14958376542619686,
  -0.9887490566978664, 0.0]
- [0.0, 0.0, 1.0, -0.9894329865826361, 0.1449909137227746, 0.0, -0.1449909137227746,
  -0.9894329865826361, 0.0]
- [0.0, 0.0, 1.0, -0.9915415393888847, 0.12978973636740646, 0.0, -0.12978973636740646,
  -0.9915415393888847, 0.0]
- [0.0, 0.0, 1.0, -0.9924922268837859, 0.12230772492064305, 0.0, -0.12230772492064305,
  -0.9924922268837859, 0.0]
- [0.0, 0.0, 1.0, -0.9949787722286112, 0.10008617693990192, 0.0, -0.10008617693990192,
  -0.9949787722286112, 0.0]
- [0.0, 0.0, 1.0, -0.9960071935443106, 0.08927301052382065, 0.0, -0.08927301052382065,
  -0.9960071935443106, 0.0]
- [0.0, 0.0, 1.0, -0.9958665761172025, 0.09082820361870103, 0.0, -0.09082820361870103,
  -0.9958665761172025, 0.0]
- [0.0, 0.0, 1.0, -0.9964195177402623, 0.08454670109627622, 0.0, -0.08454670109627622,
  -0.9964195177402623, 0.0]
- [0.0, 0.0, 1.0, -0.997649619607541, 0.06852179578009539, 0.0, -0.06852179578009539,
  -0.997649619607541, 0.0]
- [0.0, 0.0, 1.0, -0.9984845058325936, 0.05503354987860774, 0.0, -0.05503354987860774,
  -0.9984845058325936, 0.0]
- [0.0, 0.0, 1.0, -0.9988357381688913, 0.04824073130256188, 0.0, -0.04824073130256188,
  -0.9988357381688913, 0.0]
- [0.0, 0.0, 1.0, -0.999335409862852, 0.03645186681427488, 0.0, -0.03645186681427488,
  -0.999335409862852, 0.0]
- [0.0, 0.0, 1.0, -0.9997750624250249, 0.02120906770788188, 0.0, -0.02120906770788188,
  -0.9997750624250249, 0.0]
- [0.0, 0.0, 1.0, -0.9999782855966732, 0.0065900178404985875, 0.0, -0.0065900178404985875,
  -0.9999782855966732, 0.0]
- [0.0, 0.0, 1.0, -0.9999843383702561, -0.005596696722261394, 0.0, 0.005596696722261394,
  -0.9999843383702561, 0.0]
- [0.0, 0.0, 1.0, -0.999733634035481, -0.023079449261433866, 0.0, 0.023079449261433866,
  -0.999733634035481, 0.0]
- [0.0, 0.0, 1.0, -0.9994034444327027, -0.03453628897333881, 0.0, 0.03453628897333881,
  -0.9994034444327027, 0.0]
- [0.0, 0.0, 1.0, -0.9991078345384751, -0.042231918779985854, 0.0, 0.042231918779985854,
  -0.9991078345384751, 0.0]
- [0.0, 0.0, 1.0, -0.9984737492473237, -0.05522836285815854, 0.0, 0.05522836285815854,
  -0.9984737492473237, 0.0]
- [0.0, 0.0, 1.0, -0.9953511046622733, -0.09631291942201885, 0.0, 0.09631291942201885,
  -0.9953511046622733, 0.0]
- [0.0, 0.0, 1.0, -0.9936979287581289, -0.11209115211204058, 0.0, 0.11209115211204058,
  -0.9936979287581289, 0.0]
- [0.0, 0.0, 1.0, -0.9918267656982738, -0.12759179771639548, 0.0, 0.12759179771639548,
  -0.9918267656982738, 0.0]
- [0.0, 0.0, 1.0, -0.988877331547272, -0.14873339622272724, 0.0, 0.14873339622272724,
  -0.988877331547272, 0.0]
- [0.0, 0.0, 1.0, -0.9852737877665442, -0.17098410201000158, 0.0, 0.17098410201000158,
  -0.9852737877665442, 0.0]
- [0.0, 0.0, 1.0, -0.9811915773982599, -0.19303649510575563, 0.0, 0.19303649510575563,
  -0.9811915773982599, 0.0]
- [0.0, 0.0, 1.0, -0.9754179833355615, -0.22036278675308607, 0.0, 0.22036278675308607,
  -0.9754179833355615, 0.0]
- [0.0, 0.0, 1.0, -0.9700473880723285, -0.24291575678422567, 0.0, 0.24291575678422567,
  -0.9700473880723285, 0.0]
- [0.0, 0.0, 1.0, -0.9635530826396608, -0.2675172086719042, 0.0, 0.2675172086719042,
  -0.9635530826396608, 0.0]
- [0.0, 0.0, 1.0, -0.9544108069537035, -0.29849625051243167, 0.0, 0.29849625051243167,
  -0.9544108069537035, 0.0]
- [0.0, 0.0, 1.0, -0.9455796288211822, -0.3253907889882494, 0.0, 0.3253907889882494,
  -0.9455796288211822, 0.0]
- [0.0, 0.0, 1.0, -0.9358733511332495, -0.35233658714164423, 0.0, 0.35233658714164423,
  -0.9358733511332495, 0.0]
- [0.0, 0.0, 1.0, -0.9227167891971967, -0.385478568708581, 0.0, 0.385478568708581,
  -0.9227167891971967, 0.0]
- [0.0, 0.0, 1.0, -0.9107893237583014, -0.4128714179110683, 0.0, 0.4128714179110683,
  -0.9107893237583014, 0.0]
- [0.0, 0.0, 1.0, -0.8954913160830115, -0.44507898492280684, 0.0, 0.44507898492280684,
  -0.8954913160830115, 0.0]
- [0.0, 0.0, 1.0, -0.8797059257785719, -0.47551812178934455, 0.0, 0.47551812178934455,
  -0.8797059257785719, 0.0]
- [0.0, 0.0, 1.0, -0.8620107938852486, -0.5068899202246216, 0.0, 0.5068899202246216,
  -0.8620107938852486, 0.0]
- [0.0, 0.0, 1.0, -0.8387534328379651, -0.5445114130140242, 0.0, 0.5445114130140242,
  -0.8387534328379651, 0.0]
- [0.0, 0.0, 1.0, -0.8154455525044558, -0.5788337852101437, 0.0, 0.5788337852101437,
  -0.8154455525044558, 0.0]
- [0.0, 0.0, 1.0, -0.7867787536881662, -0.6172351195005805, 0.0, 0.6172351195005805,
  -0.7867787536881662, 0.0]
- [0.0, 0.0, 1.0, -0.7604169014017602, -0.6494352439331776, 0.0, 0.6494352439331776,
  -0.7604169014017602, 0.0]
- [0.0, 0.0, 1.0, -0.7239518439632429, -0.6898505110690434, 0.0, 0.6898505110690434,
  -0.7239518439632429, 0.0]
- [0.0, 0.0, 1.0, -0.6885739838450091, -0.7251660973679156, 0.0, 0.7251660973679156,
  -0.6885739838450091, 0.0]
- [0.0, 0.0, 1.0, -0.6525492066739683, -0.7577463512740755, 0.0, 0.7577463512740755,
  -0.6525492066739683, 0.0]
- [0.0, 0.0, 1.0, -0.6088203930212759, -0.7933080921315623, 0.0, 0.7933080921315623,
  -0.6088203930212759, 0.0]
- [0.0, 0.0, 1.0, -0.5678897857681514, -0.8231046052721387, 0.0, 0.8231046052721387,
  -0.5678897857681514, 0.0]
- [0.0, 0.0, 1.0, -0.5172547741997509, -0.855831466217248, 0.0, 0.855831466217248,
  -0.5172547741997509, 0.0]
- [0.0, 0.0, 1.0, -0.4710137316954739, -0.8821258779529734, 0.0, 0.8821258779529734,
  -0.4710137316954739, 0.0]
- [0.0, 0.0, 1.0, -0.41805964630570663, -0.9084195793413677, 0.0, 0.9084195793413677,
  -0.41805964630570663, 0.0]
- [0.0, 0.0, 1.0, -0.3715531805357274, -0.9284116727151728, 0.0, 0.9284116727151728,
  -0.3715531805357274, 0.0]
- [0.0, 0.0, 1.0, -0.314160201425228, -0.9493699846953558, 0.0, 0.9493699846953558,
  -0.314160201425228, 0.0]
- [0.0, 0.0, 1.0, -0.41139233959774507, -0.9114583604972274, 0.0, 0.9114583604972274,
  -0.41139233959774507, 0.0]
- [0.0, 0.0, 1.0, -0.33273761324346945, -0.9430194487565139, 0.0, 0.9430194487565139,
  -0.33273761324346945, 0.0]
- [0.0, 0.0, 1.0, -0.13243728351386233, -0.9911913871374533, 0.0, 0.9911913871374533,
  -0.13243728351386233, 0.0]
- [0.0, 0.0, 1.0, -0.11568538291180284, -0.9932859065649475, 0.0, 0.9932859065649475,
  -0.11568538291180284, 0.0]
- [0.0, 0.0, 1.0, -0.059458118164392205, -0.9982308010597294, 0.0, 0.9982308010597294,
  -0.059458118164392205, 0.0]
- [0.0, 0.0, 1.0, 0.01599522035507662, -0.9998720682796338, 0.0, 0.9998720682796338,
  0.01599522035507662, 0.0]
- [0.0, 0.0, 1.0, 0.06990934811478783, -0.997553348471231, 0.0, 0.997553348471231,
  0.06990934811478783, 0.0]
- [0.0, 0.0, 1.0, 0.10515627958735799, -0.994455708849492, 0.0, 0.994455708849492,
  0.10515627958735799, 0.0]
- [0.0, 0.0, 1.0, 0.34257984698197697, -0.9394887165058479, 0.0, 0.9394887165058479,
  0.34257984698197697, 0.0]
- [0.0, 0.0, 1.0, 0.4204418696293575, -0.907319477506446, 0.0, 0.907319477506446,
  0.4204418696293575, 0.0]
- [0.0, 0.0, 1.0, 0.31990172679668544, -0.9474507296912589, 0.0, 0.9474507296912589,
  0.31990172679668544, 0.0]
- [0.0, 0.0, 1.0, 0.385692126525854, -0.9226275432350611, 0.0, 0.9226275432350611,
  0.385692126525854, 0.0]
- [0.0, 0.0, 1.0, 0.44700728514589005, -0.8945303164379063, 0.0, 0.8945303164379063,
  0.44700728514589005, 0.0]
- [0.0, 0.0, 1.0, 0.5041769841747517, -0.863600352378606, 0.0, 0.863600352378606,
  0.5041769841747517, 0.0]
- [0.0, 0.0, 1.0, 0.5622967156289007, -0.8269355498422782, 0.0, 0.8269355498422782,
  0.5622967156289007, 0.0]
- [0.0, 0.0, 1.0, 0.6121146387676448, -0.7907690364489214, 0.0, 0.7907690364489214,
  0.6121146387676448, 0.0]
- [0.0, 0.0, 1.0, 0.6590336282398024, -0.7521134733862184, 0.0, 0.7521134733862184,
  0.6590336282398024, 0.0]
- [0.0, 0.0, 1.0, 0.6999432872127409, -0.7141984280897169, 0.0, 0.7141984280897169,
  0.6999432872127409, 0.0]
- [0.0, 0.0, 1.0, 0.7407638163312954, -0.6717655606045126, 0.0, 0.6717655606045126,
  0.7407638163312954, 0.0]
- [0.0, 0.0, 1.0, 0.7714698782185582, -0.6362658461692275, 0.0, 0.6362658461692275,
  0.7714698782185582, 0.0]
- [0.0, 0.0, 1.0, 0.7976317069537242, -0.6031448085344745, 0.0, 0.6031448085344745,
  0.7976317069537242, 0.0]
- [0.0, 0.0, 1.0, 0.8257083037757026, -0.5640973294351357, 0.0, 0.5640973294351357,
  0.8257083037757026, 0.0]
- [0.0, 0.0, 1.0, 0.8468603738036216, -0.5318152943280122, 0.0, 0.5318152943280122,
  0.8468603738036216, 0.0]
- [0.0, 0.0, 1.0, 0.8679852268744002, -0.49659001795021623, 0.0, 0.49659001795021623,
  0.8679852268744002, 0.0]
- [0.0, 0.0, 1.0, 0.8839590899896481, -0.46756424930128393, 0.0, 0.46756424930128393,
  0.8839590899896481, 0.0]
- [0.0, 0.0, 1.0, 0.8996124733849666, -0.43668913168314905, 0.0, 0.43668913168314905,
  0.8996124733849666, 0.0]
- [0.0, 0.0, 1.0, 0.9118318880988779, -0.41056376830650226, 0.0, 0.41056376830650226,
  0.9118318880988779, 0.0]
- [0.0, 0.0, 1.0, 0.9230721724263027, -0.38462678597854577, 0.0, 0.38462678597854577,
  0.9230721724263027, 0.0]
- [0.0, 0.0, 1.0, 0.9353580961693703, -0.353702179708312, 0.0, 0.353702179708312,
  0.9353580961693703, 0.0]
- [0.0, 0.0, 1.0, 0.9438204411611412, -0.3304587339538611, 0.0, 0.3304587339538611,
  0.9438204411611412, 0.0]
- [0.0, 0.0, 1.0, 0.9514900510322695, -0.3076795131083792, 0.0, 0.3076795131083792,
  0.9514900510322695, 0.0]
- [0.0, 0.0, 1.0, 0.9584050723515835, -0.285411487664313, 0.0, 0.285411487664313,
  0.9584050723515835, 0.0]
- [0.0, 0.0, 1.0, 0.9650206851877378, -0.26217375375843605, 0.0, 0.26217375375843605,
  0.9650206851877378, 0.0]
- [0.0, 0.0, 1.0, 0.9702003073347368, -0.24230427905338828, 0.0, 0.24230427905338828,
  0.9702003073347368, 0.0]
- [0.0, 0.0, 1.0, 0.974225138675886, -0.22557787828586118, 0.0, 0.22557787828586118,
  0.974225138675886, 0.0]
- [0.0, 0.0, 1.0, 0.9793143213331167, -0.20234490364686017, 0.0, 0.20234490364686017,
  0.9793143213331167, 0.0]
- [0.0, 0.0, 1.0, 0.9830586060683598, -0.18329150835467906, 0.0, 0.18329150835467906,
  0.9830586060683598, 0.0]
- [0.0, 0.0, 1.0, 0.9869115791383404, -0.16126231724326465, 0.0, 0.16126231724326465,
  0.9869115791383404, 0.0]
- [0.0, 0.0, 1.0, 0.9890790384634824, -0.14738607692775174, 0.0, 0.14738607692775174,
  0.9890790384634824, 0.0]
- [0.0, 0.0, 1.0, 0.9919256620338546, -0.12682066471478248, 0.0, 0.12682066471478248,
  0.9919256620338546, 0.0]
- [0.0, 0.0, 1.0, 0.9942058662627209, -0.10749276947214917, 0.0, 0.10749276947214917,
  0.9942058662627209, 0.0]
- [0.0, 0.0, 1.0, 0.9960410422507059, -0.08889455636948479, 0.0, 0.08889455636948479,
  0.9960410422507059, 0.0]
- [0.0, 0.0, 1.0, 0.9973579972427625, -0.07264313688095744, 0.0, 0.07264313688095744,
  0.9973579972427625, 0.0]
- [0.0, 0.0, 1.0, 0.99848956526603, -0.05494167866797039, 0.0, 0.05494167866797039,
  0.99848956526603, 0.0]
- [0.0, 0.0, 1.0, 0.9993961382117132, -0.034747070776027615, 0.0, 0.034747070776027615,
  0.9993961382117132, 0.0]
- [0.0, 0.0, 1.0, 0.9997936858959662, -0.020312204276204476, 0.0, 0.020312204276204476,
  0.9997936858959662, 0.0]
- [0.0, 0.0, 1.0, 0.9999832092085604, -0.00579493752757815, 0.0, 0.00579493752757815,
  0.9999832092085604, 0.0]
- [0.0, 0.0, 1.0, 0.9998837639119882, 0.015246595200098237, 0.0, -0.015246595200098237,
  0.9998837639119882, 0.0]
- [0.0, 0.0, 1.0, 0.9996479082115799, 0.026534121583594375, 0.0, -0.026534121583594375,
  0.9996479082115799, 0.0]
- [0.0, 0.0, 1.0, 0.9992394116481943, 0.038994848492724464, 0.0, -0.038994848492724464,
  0.9992394116481943, 0.0]
- [0.0, 0.0, 1.0, 0.9980475000259739, 0.062459488405717606, 0.0, -0.062459488405717606,
  0.9980475000259739, 0.0]
- [0.0, 0.0, 1.0, 0.997210925903376, 0.07463490643748112, 0.0, -0.07463490643748112,
  0.997210925903376, 0.0]
- [0.0, 0.0, 1.0, 0.9966014646319128, 0.08237427203639724, 0.0, -0.08237427203639724,
  0.9966014646319128, 0.0]
- [0.0, 0.0, 1.0, 0.9945320499097329, 0.10443180407493165, 0.0, -0.10443180407493165,
  0.9945320499097329, 0.0]
- [0.0, 0.0, 1.0, 0.9928518104216888, 0.1193536029719037, 0.0, -0.1193536029719037,
  0.9928518104216888, 0.0]
- [0.0, 0.0, 1.0, 0.9909079076220656, 0.13454188422963254, 0.0, -0.13454188422963254,
  0.9909079076220656, 0.0]
- [0.0, 0.0, 1.0, 0.9890220093163526, 0.1477682817381472, 0.0, -0.1477682817381472,
  0.9890220093163526, 0.0]
- [0.0, 0.0, 1.0, 0.9864706060735996, 0.16393823029661234, 0.0, -0.16393823029661234,
  0.9864706060735996, 0.0]
