nodes:
- [4.73666437 0.08931743 0.00000000]
- [4.67399998 0.10348314 0.00000000]
- [4.60294499 0.12322360 0.00000000]
- [4.53183276 0.14273379 0.00000000]
- [4.46066406 0.16207184 0.00000000]
- [4.38943901 0.18126781 0.00000000]
- [4.31819680 0.20044645 0.00000000]
- [4.24693385 0.21958931 0.00000000]
- [4.17567090 0.23881336 0.00000000]
- [4.10445008 0.25818788 0.00000000]
- [4.03325344 0.27762433 0.00000000]
- [3.96208023 0.29714838 0.00000000]
- [3.88804876 0.30626325 0.00000000]
- [3.81516433 0.31507383 0.00000000]
- [3.74516916 0.33441383 0.00000000]
- [3.67520258 0.35379980 0.00000000]
- [3.60523147 0.37318077 0.00000000]
- [3.53528016 0.39262231 0.00000000]
- [3.46533436 0.41204445 0.00000000]
- [3.39539533 0.43148872 0.00000000]
- [3.32546731 0.45090970 0.00000000]
- [3.25551977 0.47029268 0.00000000]
- [3.18558106 0.48968757 0.00000000]
- [3.11563234 0.50902051 0.00000000]
- [3.04567018 0.52834398 0.00000000]
- [2.97571332 0.54764303 0.00000000]
- [2.90575710 0.56688228 0.00000000]
- [2.83576542 0.58604241 0.00000000]
- [2.76576652 0.60519786 0.00000000]
- [2.69578925 0.62428155 0.00000000]
- [2.62576595 0.64321219 0.00000000]
- [2.55570187 0.66210524 0.00000000]
- [2.48565499 0.68094631 0.00000000]
- [2.41557748 0.69962672 0.00000000]
- [2.34544939 0.71822566 0.00000000]
- [2.27530673 0.73677106 0.00000000]
- [2.20519349 0.75521544 0.00000000]
- [2.13500798 0.77340548 0.00000000]
- [2.06475195 0.79154303 0.00000000]
- [1.99491805 0.80951844 0.00000000]
- [1.92507510 0.82725562 0.00000000]
- [1.85512562 0.84476843 0.00000000]
- [1.78513092 0.86224320 0.00000000]
- [1.71519522 0.87958923 0.00000000]
- [1.64518676 0.89655523 0.00000000]
- [1.57506334 0.91335734 0.00000000]
- [1.50490454 0.93005932 0.00000000]
- [1.43482266 0.94659561 0.00000000]
- [1.36462611 0.96260629 0.00000000]
- [1.29427576 0.97847613 0.00000000]
- [1.22397174 0.99425096 0.00000000]
- [1.15368633 1.00958718 0.00000000]
- [1.08321225 1.02443888 0.00000000]
- [1.01263421 1.03920150 0.00000000]
- [0.94218995 1.05373876 0.00000000]
- [0.87163979 1.06749629 0.00000000]
- [0.80086238 1.08090934 0.00000000]
- [0.73005263 1.09414333 0.00000000]
- [0.65939108 1.10695773 0.00000000]
- [0.58851563 1.11876677 0.00000000]
- [0.51739722 1.13037088 0.00000000]
- [0.44643389 1.14170995 0.00000000]
- [0.37544461 1.15205282 0.00000000]
- [0.30416619 1.16172183 0.00000000]
- [0.23251949 1.16806722 0.00000000]
- [0.13515246 1.17657027 0.00000000]
- [0.06360552 1.18387870 0.00000000]
- [-0.00815243 1.19089703 0.00000000]
- [-0.07954267 1.19726375 0.00000000]
- [-0.15113508 1.20192995 0.00000000]
- [-0.22310193 1.20623540 0.00000000]
- [-0.29468964 1.20996431 0.00000000]
- [-0.36628725 1.21196079 0.00000000]
- [-0.43826058 1.21322397 0.00000000]
- [-0.50982410 1.21392351 0.00000000]
- [-0.58124108 1.21251154 0.00000000]
- [-0.65301970 1.21009791 0.00000000]
- [-0.74752535 1.20889429 0.00000000]
- [-0.81928490 1.20581848 0.00000000]
- [-0.89117626 1.19898904 0.00000000]
- [-0.96234372 1.19083963 0.00000000]
- [-1.03329802 1.17985682 0.00000000]
- [-1.10423162 1.16808183 0.00000000]
- [-1.17428431 1.15399859 0.00000000]
- [-1.24417411 1.13744684 0.00000000]
- [-1.31351416 1.11992929 0.00000000]
- [-1.38173722 1.09897721 0.00000000]
- [-1.44982254 1.07640388 0.00000000]
- [-1.51668852 1.05185176 0.00000000]
- [-1.58249784 1.02400016 0.00000000]
- [-1.64750264 0.99494977 0.00000000]
- [-1.71048154 0.96195987 0.00000000]
- [-1.77270669 0.92735477 0.00000000]
- [-1.83259309 0.88941809 0.00000000]
- [-1.89102632 0.84906783 0.00000000]
- [-1.94702400 0.80588200 0.00000000]
- [-2.00076336 0.75971279 0.00000000]
- [-2.05205200 0.71118174 0.00000000]
- [-2.10019180 0.65942988 0.00000000]
- [-2.14577562 0.60567198 0.00000000]
- [-2.18726137 0.54882622 0.00000000]
- [-2.22566029 0.48983333 0.00000000]
- [-2.25980500 0.42847077 0.00000000]
- [-2.28984683 0.36511585 0.00000000]
- [-2.32637493 0.30413476 0.00000000]
- [-2.35705300 0.23759571 0.00000000]
- [-2.37069567 0.16541786 0.00000000]
- [-2.38182770 0.09278781 0.00000000]
- [-2.38728799 0.02022971 0.00000000]
- [-2.38278486 -0.05252152 0.00000000]
- [-2.37394511 -0.12524504 0.00000000]
- [-2.35935053 -0.19701546 0.00000000]
- [-2.32874240 -0.26351869 0.00000000]
- [-2.29185322 -0.32280422 0.00000000]
- [-2.26212439 -0.38474622 0.00000000]
- [-2.22724375 -0.44408210 0.00000000]
- [-2.18888496 -0.50144290 0.00000000]
- [-2.14657902 -0.55590533 0.00000000]
- [-2.10074071 -0.60772011 0.00000000]
- [-2.05191245 -0.65697122 0.00000000]
- [-2.00028084 -0.70341607 0.00000000]
- [-1.94618328 -0.74737096 0.00000000]
- [-1.89022841 -0.78879969 0.00000000]
- [-1.83192390 -0.82733381 0.00000000]
- [-1.77247206 -0.86393185 0.00000000]
- [-1.71086212 -0.89719755 0.00000000]
- [-1.64843667 -0.92914856 0.00000000]
- [-1.58444209 -0.95791363 0.00000000]
- [-1.51966215 -0.98549979 0.00000000]
- [-1.45411277 -1.01052163 0.00000000]
- [-1.38741135 -1.03354881 0.00000000]
- [-1.32049672 -1.05536287 0.00000000]
- [-1.25272493 -1.07434951 0.00000000]
- [-1.18426501 -1.09226712 0.00000000]
- [-1.11580305 -1.10861385 0.00000000]
- [-1.04612226 -1.12031921 0.00000000]
- [-0.98864253 -1.12907334 0.00000000]
- [-0.91832922 -1.14096027 0.00000000]
- [-0.84741518 -1.15050149 0.00000000]
- [-0.77622862 -1.15939122 0.00000000]
- [-0.70524473 -1.16647825 0.00000000]
- [-0.63374596 -1.17156595 0.00000000]
- [-0.56209291 -1.17603886 0.00000000]
- [-0.49077938 -1.17884407 0.00000000]
- [-0.41908470 -1.17960220 0.00000000]
- [-0.34716477 -1.17981991 0.00000000]
- [-0.27574360 -1.17874634 0.00000000]
- [-0.20415192 -1.17547146 0.00000000]
- [-0.13742918 -1.17193948 0.00000000]
- [-0.07110748 -1.17002662 0.00000000]
- [-0.00003156 -1.16546495 0.00000000]
- [0.07128159 -1.15792276 0.00000000]
- [0.14231460 -1.14988552 0.00000000]
- [0.21288850 -1.14025457 0.00000000]
- [0.28355844 -1.12912646 0.00000000]
- [0.35431341 -1.11749202 0.00000000]
- [0.42454891 -1.10509250 0.00000000]
- [0.49446081 -1.09078643 0.00000000]
- [0.56460527 -1.07571517 0.00000000]
- [0.63448369 -1.06021576 0.00000000]
- [0.70379131 -1.04346924 0.00000000]
- [0.77297221 -1.02521279 0.00000000]
- [0.84231712 -1.00646863 0.00000000]
- [0.91125810 -0.98740729 0.00000000]
- [0.97967015 -0.96683952 0.00000000]
- [1.04818830 -0.94544995 0.00000000]
- [1.11667215 -0.92376085 0.00000000]
- [1.18473259 -0.90164274 0.00000000]
- [1.25241129 -0.87825152 0.00000000]
- [1.32022066 -0.85441379 0.00000000]
- [1.38788129 -0.83031063 0.00000000]
- [1.45517744 -0.80572578 0.00000000]
- [1.52220605 -0.78019772 0.00000000]
- [1.58932545 -0.75433299 0.00000000]
- [1.65632465 -0.72830589 0.00000000]
- [1.72303676 -0.70186839 0.00000000]
- [1.78959688 -0.67480314 0.00000000]
- [1.85624310 -0.64755551 0.00000000]
- [1.92132880 -0.62087013 0.00000000]
- [1.98625234 -0.59392278 0.00000000]
- [2.05114590 -0.56671055 0.00000000]
- [2.11609489 -0.53944546 0.00000000]
- [2.18105626 -0.51218775 0.00000000]
- [2.24602913 -0.48493031 0.00000000]
- [2.31104454 -0.45771025 0.00000000]
- [2.37611880 -0.43057134 0.00000000]
- [2.44133705 -0.40352145 0.00000000]
- [2.50677408 -0.37688805 0.00000000]
- [2.57227060 -0.35055867 0.00000000]
- [2.63788129 -0.32444916 0.00000000]
- [2.70382599 -0.29863450 0.00000000]
- [2.77013400 -0.27376195 0.00000000]
- [2.83641003 -0.24933366 0.00000000]
- [2.90295321 -0.22514162 0.00000000]
- [2.97006274 -0.20185664 0.00000000]
- [3.03740750 -0.17975380 0.00000000]
- [3.10470335 -0.15813534 0.00000000]
- [3.17258473 -0.13681415 0.00000000]
- [3.24111503 -0.11760469 0.00000000]
- [3.30937189 -0.09903083 0.00000000]
- [3.37807663 -0.08093661 0.00000000]
- [3.44737366 -0.06444918 0.00000000]
- [3.51666172 -0.04928832 0.00000000]
- [3.58625165 -0.03461452 0.00000000]
- [3.65648296 -0.02187419 0.00000000]
- [3.72662615 -0.01070596 0.00000000]
- [3.79715121 -0.00016594 0.00000000]
- [3.86932182 -0.00298566 0.00000000]
- [3.94420540 -0.00704988 0.00000000]
- [4.01822822 -0.00160503 0.00000000]
- [4.09239535 0.00098060 0.00000000]
- [4.16656736 0.00242747 0.00000000]
- [4.24078821 0.00125444 0.00000000]
- [4.31496308 -0.00153406 0.00000000]
- [4.38906815 -0.00684025 0.00000000]
- [4.46305205 -0.01450474 0.00000000]
- [4.53672812 -0.02537905 0.00000000]
- [4.60986232 -0.03963949 0.00000000]
- [4.68210957 -0.05717947 0.00000000]
- [4.73967906 -0.07935569 0.00000000]
- [1.86666854 -0.57560059 0.00000000]
- [1.87709398 -0.50364566 0.00000000]
- [1.88751943 -0.43169073 0.00000000]
- [1.89794487 -0.35973580 0.00000000]
- [1.90837031 -0.28778088 0.00000000]
- [1.91879575 -0.21582595 0.00000000]
- [1.92922120 -0.14387102 0.00000000]
- [1.93964664 -0.07191609 0.00000000]
- [1.95007208 0.00003883 0.00000000]
- [1.96049752 0.07199376 0.00000000]
- [1.97092297 0.14394869 0.00000000]
- [1.98134841 0.21590361 0.00000000]
- [1.99177385 0.28785854 0.00000000]
- [2.00219929 0.35981347 0.00000000]
- [2.01262474 0.43176840 0.00000000]
- [2.02305018 0.50372332 0.00000000]
- [2.03347562 0.57567825 0.00000000]
- [2.04390106 0.64763318 0.00000000]
- [2.05432651 0.71958810 0.00000000]
- [-0.97847215 -1.05818937 0.00000000]
- [-0.96830176 -0.98730539 0.00000000]
- [-0.95813137 -0.91642141 0.00000000]
- [-0.94796098 -0.84553743 0.00000000]
- [-0.93779059 -0.77465346 0.00000000]
- [-0.92762020 -0.70376948 0.00000000]
- [-0.91744981 -0.63288550 0.00000000]
- [-0.90727942 -0.56200153 0.00000000]
- [-0.89710903 -0.49111755 0.00000000]
- [-0.88693865 -0.42023357 0.00000000]
- [-0.87676826 -0.34934959 0.00000000]
- [-0.86659787 -0.27846562 0.00000000]
- [-0.85642748 -0.20758164 0.00000000]
- [-0.84625709 -0.13669766 0.00000000]
- [-0.83608670 -0.06581368 0.00000000]
- [-0.82591631 0.00507029 0.00000000]
- [-0.81574592 0.07595427 0.00000000]
- [-0.80557553 0.14683825 0.00000000]
- [-0.79540515 0.21772223 0.00000000]
- [-0.78523476 0.28860620 0.00000000]
- [-0.77506437 0.35949018 0.00000000]
- [-0.76489398 0.43037416 0.00000000]
- [-0.75472359 0.50125814 0.00000000]
- [-0.74455320 0.57214211 0.00000000]
- [-0.73438281 0.64302609 0.00000000]
- [-0.72421242 0.71391007 0.00000000]
- [-0.71404203 0.78479404 0.00000000]
- [-0.70387165 0.85567802 0.00000000]
- [-0.69370126 0.92656200 0.00000000]
- [-0.68353087 0.99744598 0.00000000]
- [-0.67336048 1.06832995 0.00000000]
- [-0.66319009 1.13921393 0.00000000]
- [-0.19386997 -1.10419747 0.00000000]
- [-0.18358802 -1.03292348 0.00000000]
- [-0.17330607 -0.96164949 0.00000000]
- [-0.16302412 -0.89037550 0.00000000]
- [-0.15274217 -0.81910150 0.00000000]
- [-0.14246022 -0.74782751 0.00000000]
- [-0.13217827 -0.67655352 0.00000000]
- [-0.12189631 -0.60527953 0.00000000]
- [-0.11161436 -0.53400554 0.00000000]
- [-0.10133241 -0.46273155 0.00000000]
- [-0.09105046 -0.39145755 0.00000000]
- [-0.08076851 -0.32018356 0.00000000]
- [-0.07048656 -0.24890957 0.00000000]
- [-0.06020461 -0.17763558 0.00000000]
- [-0.04992266 -0.10636159 0.00000000]
- [-0.03964071 -0.03508759 0.00000000]
- [-0.02935876 0.03618640 0.00000000]
- [-0.01907680 0.10746039 0.00000000]
- [-0.00879485 0.17873438 0.00000000]
- [0.00148710 0.25000837 0.00000000]
- [0.01176905 0.32128236 0.00000000]
- [0.02205100 0.39255636 0.00000000]
- [0.03233295 0.46383035 0.00000000]
- [0.04261490 0.53510434 0.00000000]
- [0.05289685 0.60637833 0.00000000]
- [0.06317880 0.67765232 0.00000000]
- [0.07346076 0.74892632 0.00000000]
- [0.08374271 0.82020031 0.00000000]
- [0.09402466 0.89147430 0.00000000]
- [0.10430661 0.96274829 0.00000000]
- [0.11458856 1.03402228 0.00000000]
- [0.12487051 1.10529627 0.00000000]
elements:
- [1 2]
- [2 3]
- [3 4]
- [4 5]
- [5 6]
- [6 7]
- [7 8]
- [8 9]
- [9 10]
- [10 11]
- [11 12]
- [12 13]
- [13 14]
- [14 15]
- [15 16]
- [16 17]
- [17 18]
- [18 19]
- [19 20]
- [20 21]
- [21 22]
- [22 23]
- [23 24]
- [24 25]
- [25 26]
- [26 27]
- [27 28]
- [28 29]
- [29 30]
- [30 31]
- [31 32]
- [32 33]
- [33 34]
- [34 35]
- [35 36]
- [36 37]
- [37 38]
- [38 39]
- [39 40]
- [40 41]
- [41 42]
- [42 43]
- [43 44]
- [44 45]
- [45 46]
- [46 47]
- [47 48]
- [48 49]
- [49 50]
- [50 51]
- [51 52]
- [52 53]
- [53 54]
- [54 55]
- [55 56]
- [56 57]
- [57 58]
- [58 59]
- [59 60]
- [60 61]
- [61 62]
- [62 63]
- [63 64]
- [64 65]
- [65 66]
- [66 67]
- [67 68]
- [68 69]
- [69 70]
- [70 71]
- [71 72]
- [72 73]
- [73 74]
- [74 75]
- [75 76]
- [76 77]
- [77 78]
- [78 79]
- [79 80]
- [80 81]
- [81 82]
- [82 83]
- [83 84]
- [84 85]
- [85 86]
- [86 87]
- [87 88]
- [88 89]
- [89 90]
- [90 91]
- [91 92]
- [92 93]
- [93 94]
- [94 95]
- [95 96]
- [96 97]
- [97 98]
- [98 99]
- [99 100]
- [100 101]
- [101 102]
- [102 103]
- [103 104]
- [104 105]
- [105 106]
- [106 107]
- [107 108]
- [108 109]
- [109 110]
- [110 111]
- [111 112]
- [112 113]
- [113 114]
- [114 115]
- [115 116]
- [116 117]
- [117 118]
- [118 119]
- [119 120]
- [120 121]
- [121 122]
- [122 123]
- [123 124]
- [124 125]
- [125 126]
- [126 127]
- [127 128]
- [128 129]
- [129 130]
- [130 131]
- [131 132]
- [132 133]
- [133 134]
- [134 135]
- [135 136]
- [136 137]
- [137 138]
- [138 139]
- [139 140]
- [140 141]
- [141 142]
- [142 143]
- [143 144]
- [144 145]
- [145 146]
- [146 147]
- [147 148]
- [148 149]
- [149 150]
- [150 151]
- [151 152]
- [152 153]
- [153 154]
- [154 155]
- [155 156]
- [156 157]
- [157 158]
- [158 159]
- [159 160]
- [160 161]
- [161 162]
- [162 163]
- [163 164]
- [164 165]
- [165 166]
- [166 167]
- [167 168]
- [168 169]
- [169 170]
- [170 171]
- [171 172]
- [172 173]
- [173 174]
- [174 175]
- [175 176]
- [176 177]
- [177 178]
- [178 179]
- [179 180]
- [180 181]
- [181 182]
- [182 183]
- [183 184]
- [184 185]
- [185 186]
- [186 187]
- [187 188]
- [188 189]
- [189 190]
- [190 191]
- [191 192]
- [192 193]
- [193 194]
- [194 195]
- [195 196]
- [196 197]
- [197 198]
- [198 199]
- [199 200]
- [200 201]
- [201 202]
- [202 203]
- [203 204]
- [204 205]
- [205 206]
- [206 207]
- [207 208]
- [208 209]
- [209 210]
- [210 211]
- [211 212]
- [212 213]
- [213 214]
- [214 215]
- [215 216]
- [216 217]
- [217 218]
- [218 219]
- [219 220]
- [220 1]
- [178 221]
- [221 222]
- [222 223]
- [223 224]
- [224 225]
- [225 226]
- [226 227]
- [227 228]
- [228 229]
- [229 230]
- [230 231]
- [231 232]
- [232 233]
- [233 234]
- [234 235]
- [235 236]
- [236 237]
- [237 238]
- [238 239]
- [239 39]
- [137 240]
- [240 241]
- [241 242]
- [242 243]
- [243 244]
- [244 245]
- [245 246]
- [246 247]
- [247 248]
- [248 249]
- [249 250]
- [250 251]
- [251 252]
- [252 253]
- [253 254]
- [254 255]
- [255 256]
- [256 257]
- [257 258]
- [258 259]
- [259 260]
- [260 261]
- [261 262]
- [262 263]
- [263 264]
- [264 265]
- [265 266]
- [266 267]
- [267 268]
- [268 269]
- [269 270]
- [270 271]
- [271 77]
- [148 272]
- [272 273]
- [273 274]
- [274 275]
- [275 276]
- [276 277]
- [277 278]
- [278 279]
- [279 280]
- [280 281]
- [281 282]
- [282 283]
- [283 284]
- [284 285]
- [285 286]
- [286 287]
- [287 288]
- [288 289]
- [289 290]
- [290 291]
- [291 292]
- [292 293]
- [293 294]
- [294 295]
- [295 296]
- [296 297]
- [297 298]
- [298 299]
- [299 300]
- [300 301]
- [301 302]
- [302 303]
- [303 66]
sets:
  element:
  - name: layup_0
    labels:
    - 1
    - 2
    - 3
    - 4
    - 5
    - 6
    - 7
    - 8
    - 9
    - 10
    - 11
    - 12
    - 208
    - 209
    - 210
    - 211
    - 212
    - 213
    - 214
    - 215
    - 216
    - 217
    - 218
    - 219
    - 220
  - name: layup_1
    labels:
    - 13
    - 14
    - 15
    - 16
    - 17
    - 18
    - 19
    - 20
    - 21
    - 22
    - 23
    - 24
    - 25
    - 26
    - 27
    - 28
    - 29
    - 30
    - 31
    - 32
    - 33
    - 34
    - 35
    - 36
    - 37
    - 38
    - 39
    - 40
    - 41
    - 42
    - 43
    - 44
    - 45
    - 46
    - 47
    - 48
    - 49
    - 50
    - 51
    - 52
    - 53
    - 54
    - 55
    - 56
    - 57
    - 58
    - 59
    - 60
    - 61
    - 62
    - 63
    - 64
    - 78
    - 79
    - 80
    - 81
    - 82
    - 83
    - 84
    - 85
    - 86
    - 87
    - 88
    - 89
    - 90
    - 91
    - 92
    - 93
    - 94
    - 95
    - 96
    - 97
    - 98
    - 99
    - 100
    - 101
    - 102
    - 103
    - 104
    - 113
    - 114
    - 115
    - 116
    - 117
    - 118
    - 119
    - 120
    - 121
    - 122
    - 123
    - 124
    - 125
    - 126
    - 127
    - 128
    - 129
    - 130
    - 131
    - 132
    - 133
    - 134
    - 135
    - 150
    - 151
    - 152
    - 153
    - 154
    - 155
    - 156
    - 157
    - 158
    - 159
    - 160
    - 161
    - 162
    - 163
    - 164
    - 165
    - 166
    - 167
    - 168
    - 169
    - 170
    - 171
    - 172
    - 173
    - 174
    - 175
    - 176
    - 177
    - 178
    - 179
    - 180
    - 181
    - 182
    - 183
    - 184
    - 185
    - 186
    - 187
    - 188
    - 189
    - 190
    - 191
    - 192
    - 193
    - 194
    - 195
    - 196
    - 197
    - 198
    - 199
    - 200
    - 201
    - 202
    - 203
    - 204
    - 205
    - 206
    - 207
  - name: layup_2
    labels:
    - 65
    - 66
    - 67
    - 68
    - 69
    - 70
    - 71
    - 72
    - 73
    - 74
    - 75
    - 76
    - 77
  - name: layup_3
    labels:
    - 105
    - 106
    - 107
    - 108
    - 109
    - 110
    - 111
    - 112
  - name: layup_4
    labels:
    - 136
    - 137
    - 138
    - 139
    - 140
    - 141
    - 142
    - 143
    - 144
    - 145
    - 146
    - 147
    - 148
    - 149
  - name: layup_5
    labels:
    - 221
    - 222
    - 223
    - 224
    - 225
    - 226
    - 227
    - 228
    - 229
    - 230
    - 231
    - 232
    - 233
    - 234
    - 235
    - 236
    - 237
    - 238
    - 239
    - 240
    - 241
    - 242
    - 243
    - 244
    - 245
    - 246
    - 247
    - 248
    - 249
    - 250
    - 251
    - 252
    - 253
    - 254
    - 255
    - 256
    - 257
    - 258
    - 259
    - 260
    - 261
    - 262
    - 263
    - 264
    - 265
    - 266
    - 267
    - 268
    - 269
    - 270
    - 271
    - 272
    - 273
    - 274
    - 275
    - 276
    - 277
    - 278
    - 279
    - 280
    - 281
    - 282
    - 283
    - 284
    - 285
    - 286
    - 287
    - 288
    - 289
    - 290
    - 291
    - 292
    - 293
    - 294
    - 295
    - 296
    - 297
    - 298
    - 299
    - 300
    - 301
    - 302
    - 303
    - 304
    - 305
    - 306
sections:
- type: shell
  elementSet: layup_0
  layup:
  - - gelcoat
    - 0.0005
    - 0.0
  - - glass_triax
    - 0.003
    - 0.0
  - - glass_uniax
    - 0.02528994
    - 0.0
  - - glass_triax
    - 0.003
    - 0.0
- type: shell
  elementSet: layup_1
  layup:
  - - gelcoat
    - 0.0005
    - 0.0
  - - glass_triax
    - 0.003
    - 0.0
  - - medium_density_foam
    - 0.06875234
    - 0.0
  - - glass_triax
    - 0.003
    - 0.0
- type: shell
  elementSet: layup_2
  layup:
  - - gelcoat
    - 0.0005
    - 0.0
  - - glass_triax
    - 0.003
    - 0.0
  - - carbon_uniax
    - 0.08109175
    - 0.0
  - - glass_triax
    - 0.003
    - 0.0
- type: shell
  elementSet: layup_3
  layup:
  - - gelcoat
    - 0.0005
    - 0.0
  - - glass_triax
    - 0.003
    - 0.0
  - - glass_uniax
    - 0.0208787
    - 0.0
  - - glass_triax
    - 0.003
    - 0.0
- type: shell
  elementSet: layup_4
  layup:
  - - gelcoat
    - 0.0005
    - 0.0
  - - glass_triax
    - 0.003
    - 0.0
  - - carbon_uniax
    - 0.07740263
    - 0.0
  - - glass_triax
    - 0.003
    - 0.0
- type: shell
  elementSet: layup_5
  layup:
  - - glass_biax
    - 0.002
    - 0.0
  - - medium_density_foam
    - 0.0412
    - 0.0
  - - glass_biax
    - 0.002
    - 0.0
elementOrientations:
- [0.0, 0.0, 1.0, -0.9753885429346202, 0.2204930618225401, 0.0, -0.2204930618225401,
  -0.9753885429346202, 0.0]
- [0.0, 0.0, 1.0, -0.9635075480804633, 0.26768116256467, 0.0, -0.26768116256467, -0.9635075480804633,
  0.0]
- [0.0, 0.0, 1.0, -0.9643635568948747, 0.2645806684795123, 0.0, -0.2645806684795123,
  -0.9643635568948747, 0.0]
- [0.0, 0.0, 1.0, -0.9650098456402766, 0.2622136491819786, 0.0, -0.2622136491819786,
  -0.9650098456402766, 0.0]
- [0.0, 0.0, 1.0, -0.9655476522209699, 0.26022630783718403, 0.0, -0.26022630783718403,
  -0.9655476522209699, 0.0]
- [0.0, 0.0, 1.0, -0.9656224177309661, 0.25994873797616985, 0.0, -0.25994873797616985,
  -0.9656224177309661, 0.0]
- [0.0, 0.0, 1.0, -0.96576298509237, 0.25942601377941055, 0.0, -0.25942601377941055,
  -0.96576298509237, 0.0]
- [0.0, 0.0, 1.0, -0.9654868194440999, 0.2604519177885166, 0.0, -0.2604519177885166,
  -0.9654868194440999, 0.0]
- [0.0, 0.0, 1.0, -0.9649333227885912, 0.262495109615719, 0.0, -0.262495109615719,
  -0.9649333227885912, 0.0]
- [0.0, 0.0, 1.0, -0.9646978014766113, 0.26335935872148686, 0.0, -0.26335935872148686,
  -0.9646978014766113, 0.0]
- [0.0, 0.0, 1.0, -0.9643735098390855, 0.26454438856389145, 0.0, -0.26454438856389145,
  -0.9643735098390855, 0.0]
- [0.0, 0.0, 1.0, -0.9925056419730263, 0.12219881608146206, 0.0, -0.12219881608146206,
  -0.9925056419730263, 0.0]
- [0.0, 0.0, 1.0, -0.9927726063690233, 0.12001063304247793, 0.0, -0.12001063304247793,
  -0.9927726063690233, 0.0]
- [0.0, 0.0, 1.0, -0.9638831588456421, 0.2663254702309689, 0.0, -0.2663254702309689,
  -0.9638831588456421, 0.0]
- [0.0, 0.0, 1.0, -0.9636924239406106, 0.26701481614223266, 0.0, -0.26701481614223266,
  -0.9636924239406106, 0.0]
- [0.0, 0.0, 1.0, -0.9637145946016382, 0.2669347863276724, 0.0, -0.2669347863276724,
  -0.9637145946016382, 0.0]
- [0.0, 0.0, 1.0, -0.9634801856689686, 0.26777963295084556, 0.0, -0.26777963295084556,
  -0.9634801856689686, 0.0]
- [0.0, 0.0, 1.0, -0.9635436379550851, 0.2675512245464032, 0.0, -0.2675512245464032,
  -0.9635436379550851, 0.0]
- [0.0, 0.0, 1.0, -0.9634583310315162, 0.26785825424273374, 0.0, -0.26785825424273374,
  -0.9634583310315162, 0.0]
- [0.0, 0.0, 1.0, -0.963530254469201, 0.2675994183897208, 0.0, -0.2675994183897208,
  -0.963530254469201, 0.0]
- [0.0, 0.0, 1.0, -0.9636843417829517, 0.2670439840220316, 0.0, -0.2670439840220316,
  -0.9636843417829517, 0.0]
- [0.0, 0.0, 1.0, -0.9636333987808798, 0.2672277544605161, 0.0, -0.2672277544605161,
  -0.9636333987808798, 0.0]
- [0.0, 0.0, 1.0, -0.9638627097414804, 0.26639946841127676, 0.0, -0.26639946841127676,
  -0.9638627097414804, 0.0]
- [0.0, 0.0, 1.0, -0.9639093441642805, 0.2662306823654752, 0.0, -0.2662306823654752,
  -0.9639093441642805, 0.0]
- [0.0, 0.0, 1.0, -0.9639904555198615, 0.265936837738982, 0.0, -0.265936837738982,
  -0.9639904555198615, 0.0]
- [0.0, 0.0, 1.0, -0.9642008479563843, 0.2651730091849271, 0.0, -0.2651730091849271,
  -0.9642008479563843, 0.0]
- [0.0, 0.0, 1.0, -0.9645133109150712, 0.26403422707604995, 0.0, -0.26403422707604995,
  -0.9645133109150712, 0.0]
- [0.0, 0.0, 1.0, -0.9645366807596744, 0.2639488425227697, 0.0, -0.2639488425227697,
  -0.9645366807596744, 0.0]
- [0.0, 0.0, 1.0, -0.9647673901086764, 0.26310431958235303, 0.0, -0.26310431958235303,
  -0.9647673901086764, 0.0]
- [0.0, 0.0, 1.0, -0.9653445465479581, 0.2609787471234332, 0.0, -0.2609787471234332,
  -0.9653445465479581, 0.0]
- [0.0, 0.0, 1.0, -0.9655131357856339, 0.2603543443566716, 0.0, -0.2603543443566716,
  -0.9655131357856339, 0.0]
- [0.0, 0.0, 1.0, -0.9656770221113445, 0.25974581607056907, 0.0, -0.25974581607056907,
  -0.9656770221113445, 0.0]
- [0.0, 0.0, 1.0, -0.9662586889426978, 0.2575735740380579, 0.0, -0.2575735740380579,
  -0.9662586889426978, 0.0]
- [0.0, 0.0, 1.0, -0.9665836642429075, 0.256351360477674, 0.0, -0.256351360477674,
  -0.9665836642429075, 0.0]
- [0.0, 0.0, 1.0, -0.9667794364340535, 0.2556120523141545, 0.0, -0.2556120523141545,
  -0.9667794364340535, 0.0]
- [0.0, 0.0, 1.0, -0.9670964941620023, 0.2544098484327293, 0.0, -0.2544098484327293,
  -0.9670964941620023, 0.0]
- [0.0, 0.0, 1.0, -0.9680176987130104, 0.2508819144106793, 0.0, -0.2508819144106793,
  -0.9680176987130104, 0.0]
- [0.0, 0.0, 1.0, -0.9682540903483926, 0.24996803100317982, 0.0, -0.24996803100317982,
  -0.9682540903483926, 0.0]
- [0.0, 0.0, 1.0, -0.9684323038871168, 0.24927669924782642, 0.0, -0.24927669924782642,
  -0.9684323038871168, 0.0]
- [0.0, 0.0, 1.0, -0.9692331278780087, 0.246144558793835, 0.0, -0.246144558793835,
  -0.9692331278780087, 0.0]
- [0.0, 0.0, 1.0, -0.970059430181706, 0.24286766337975887, 0.0, -0.24286766337975887,
  -0.970059430181706, 0.0]
- [0.0, 0.0, 1.0, -0.9702204015012101, 0.24222380665580906, 0.0, -0.24222380665580906,
  -0.9702204015012101, 0.0]
- [0.0, 0.0, 1.0, -0.9705911466004603, 0.24073393225884013, 0.0, -0.24073393225884013,
  -0.9705911466004603, 0.0]
- [0.0, 0.0, 1.0, -0.971868373369755, 0.23552465867426015, 0.0, -0.23552465867426015,
  -0.971868373369755, 0.0]
- [0.0, 0.0, 1.0, -0.972473787965545, 0.2330122995035765, 0.0, -0.2330122995035765,
  -0.972473787965545, 0.0]
- [0.0, 0.0, 1.0, -0.9728140178839766, 0.23158775142142993, 0.0, -0.23158775142142993,
  -0.9728140178839766, 0.0]
- [0.0, 0.0, 1.0, -0.9732732065422445, 0.22965031118415086, 0.0, -0.22965031118415086,
  -0.9732732065422445, 0.0]
- [0.0, 0.0, 1.0, -0.9749617185116568, 0.22237276685061255, 0.0, -0.22237276685061255,
  -0.9749617185116568, 0.0]
- [0.0, 0.0, 1.0, -0.9754878302559126, 0.22005338675560546, 0.0, -0.22005338675560546,
  -0.9754878302559126, 0.0]
- [0.0, 0.0, 1.0, -0.9757390910590633, 0.21893658026751198, 0.0, -0.21893658026751198,
  -0.9757390910590633, 0.0]
- [0.0, 0.0, 1.0, -0.9770122184968718, 0.21318331292064283, 0.0, -0.21318331292064283,
  -0.9770122184968718, 0.0]
- [0.0, 0.0, 1.0, -0.9785076394662683, 0.2062105707914886, 0.0, -0.2062105707914886,
  -0.9785076394662683, 0.0]
- [0.0, 0.0, 1.0, -0.9788171135838921, 0.20473655793555237, 0.0, -0.20473655793555237,
  -0.9788171135838921, 0.0]
- [0.0, 0.0, 1.0, -0.979363494765548, 0.20210676663737015, 0.0, -0.20210676663737015,
  -0.979363494765548, 0.0]
- [0.0, 0.0, 1.0, -0.9815124403564311, 0.19139835272426745, 0.0, -0.19139835272426745,
  -0.9815124403564311, 0.0]
- [0.0, 0.0, 1.0, -0.9825125613375507, 0.186196312568014, 0.0, -0.186196312568014,
  -0.9825125613375507, 0.0]
- [0.0, 0.0, 1.0, -0.9829797297632391, 0.18371404648145231, 0.0, -0.18371404648145231,
  -0.9829797297632391, 0.0]
- [0.0, 0.0, 1.0, -0.9839510588204353, 0.17843854361136316, 0.0, -0.17843854361136316,
  -0.9839510588204353, 0.0]
- [0.0, 0.0, 1.0, -0.986401912380892, 0.16435104882938603, 0.0, -0.16435104882938603,
  -0.986401912380892, 0.0]
- [0.0, 0.0, 1.0, -0.9869484398625062, 0.16103657054521783, 0.0, -0.16103657054521783,
  -0.9869484398625062, 0.0]
- [0.0, 0.0, 1.0, -0.9874733147128649, 0.1577860980251018, 0.0, -0.1577860980251018,
  -0.9874733147128649, 0.0]
- [0.0, 0.0, 1.0, -0.989552356779373, 0.14417396849774294, 0.0, -0.14417396849774294,
  -0.989552356779373, 0.0]
- [0.0, 0.0, 1.0, -0.9909244294268937, 0.13442014419343937, 0.0, -0.13442014419343937,
  -0.9909244294268937, 0.0]
- [0.0, 0.0, 1.0, -0.9961010414771874, 0.08821969829954321, 0.0, -0.08821969829954321,
  -0.9961010414771874, 0.0]
- [0.0, 0.0, 1.0, -0.9962084200303188, 0.08699875781122414, 0.0, -0.08699875781122414,
  -0.9962084200303188, 0.0]
- [0.0, 0.0, 1.0, -0.9948232842126954, 0.10162004324082258, 0.0, -0.10162004324082258,
  -0.9948232842126954, 0.0]
- [0.0, 0.0, 1.0, -0.9952510811090687, 0.09734107843675342, 0.0, -0.09734107843675342,
  -0.9952510811090687, 0.0]
- [0.0, 0.0, 1.0, -0.9960468618724181, 0.08882932485451032, 0.0, -0.08882932485451032,
  -0.9960468618724181, 0.0]
- [0.0, 0.0, 1.0, -0.9978827022146648, 0.06503931596164303, 0.0, -0.06503931596164303,
  -0.9978827022146648, 0.0]
- [0.0, 0.0, 1.0, -0.9982152402872654, 0.05971879150013696, 0.0, -0.05971879150013696,
  -0.9982152402872654, 0.0]
- [0.0, 0.0, 1.0, -0.9986461410105875, 0.05201812227158681, 0.0, -0.05201812227158681,
  -0.9986461410105875, 0.0]
- [0.0, 0.0, 1.0, -0.9996114486423514, 0.027873854113477127, 0.0, -0.027873854113477127,
  -0.9996114486423514, 0.0]
- [0.0, 0.0, 1.0, -0.9998460228899864, 0.01754794891367305, 0.0, -0.01754794891367305,
  -0.9998460228899864, 0.0]
- [0.0, 0.0, 1.0, -0.9999522261057411, 0.0097747381639152, 0.0, -0.0097747381639152,
  -0.9999522261057411, 0.0]
- [0.0, 0.0, 1.0, -0.9998046128322047, -0.019767047312259377, 0.0, 0.019767047312259377,
  -0.9998046128322047, 0.0]
- [0.0, 0.0, 1.0, -0.9994351258757537, -0.033606980907488114, 0.0, 0.033606980907488114,
  -0.9994351258757537, 0.0]
- [0.0, 0.0, 1.0, -0.9999189071063234, -0.012734960200008076, 0.0, 0.012734960200008076,
  -0.9999189071063234, 0.0]
- [0.0, 0.0, 1.0, -0.9990826575526589, -0.04282339754756354, 0.0, 0.04282339754756354,
  -0.9990826575526589, 0.0]
- [0.0, 0.0, 1.0, -0.9955181347024152, -0.0945708384155701, 0.0, 0.0945708384155701,
  -0.9955181347024152, 0.0]
- [0.0, 0.0, 1.0, -0.9935074702898729, -0.11376689535281191, 0.0, 0.11376689535281191,
  -0.9935074702898729, 0.0]
- [0.0, 0.0, 1.0, -0.9882315261750104, -0.15296552119288118, 0.0, 0.15296552119288118,
  -0.9882315261750104, 0.0]
- [0.0, 0.0, 1.0, -0.9865003516166869, -0.16375914099723762, 0.0, 0.16375914099723762,
  -0.9865003516166869, 0.0]
- [0.0, 0.0, 1.0, -0.9803845019212679, -0.197094465656922, 0.0, 0.197094465656922,
  -0.9803845019212679, 0.0]
- [0.0, 0.0, 1.0, -0.9730837039663421, -0.23045195828012455, 0.0, 0.23045195828012455,
  -0.9730837039663421, 0.0]
- [0.0, 0.0, 1.0, -0.9695390034129844, -0.24493697324200983, 0.0, 0.24493697324200983,
  -0.9695390034129844, 0.0]
- [0.0, 0.0, 1.0, -0.9559349678594296, -0.2935785026591546, 0.0, 0.2935785026591546,
  -0.9559349678594296, 0.0]
- [0.0, 0.0, 1.0, -0.9491913612001969, -0.3146994754093457, 0.0, 0.3146994754093457,
  -0.9491913612001969, 0.0]
- [0.0, 0.0, 1.0, -0.9387192438072564, -0.3446827255693745, 0.0, 0.3446827255693745,
  -0.9387192438072564, 0.0]
- [0.0, 0.0, 1.0, -0.9209210847444598, -0.38974909322933327, 0.0, 0.38974909322933327,
  -0.9209210847444598, 0.0]
- [0.0, 0.0, 1.0, -0.9129789399515045, -0.4080066852455081, 0.0, 0.4080066852455081,
  -0.9129789399515045, 0.0]
- [0.0, 0.0, 1.0, -0.8858260631995676, -0.46401744121999944, 0.0, 0.46401744121999944,
  -0.8858260631995676, 0.0]
- [0.0, 0.0, 1.0, -0.873945071946251, -0.4860247022743415, 0.0, 0.4860247022743415,
  -0.873945071946251, 0.0]
- [0.0, 0.0, 1.0, -0.8447640588354842, -0.5351389398089048, 0.0, 0.5351389398089048,
  -0.8447640588354842, 0.0]
- [0.0, 0.0, 1.0, -0.8228738239924919, -0.5682241369283546, 0.0, 0.5682241369283546,
  -0.8228738239924919, 0.0]
- [0.0, 0.0, 1.0, -0.7918668713704069, -0.6106937514221376, 0.0, 0.6106937514221376,
  -0.7918668713704069, 0.0]
- [0.0, 0.0, 1.0, -0.7585105200816016, -0.651660794375063, 0.0, 0.651660794375063,
  -0.7585105200816016, 0.0]
- [0.0, 0.0, 1.0, -0.7263640317871063, -0.6873101871251289, 0.0, 0.6873101871251289,
  -0.7263640317871063, 0.0]
- [0.0, 0.0, 1.0, -0.6810928867234116, -0.7321970224295985, 0.0, 0.7321970224295985,
  -0.6810928867234116, 0.0]
- [0.0, 0.0, 1.0, -0.6467386452112385, -0.7627116917881432, 0.0, 0.7627116917881432,
  -0.6467386452112385, 0.0]
- [0.0, 0.0, 1.0, -0.5895034107726191, -0.8077658873011713, 0.0, 0.8077658873011713,
  -0.5895034107726191, 0.0]
- [0.0, 0.0, 1.0, -0.545522991422508, -0.8380958571842713, 0.0, 0.8380958571842713,
  -0.545522991422508, 0.0]
- [0.0, 0.0, 1.0, -0.48623475250634424, -0.8738282242266464, 0.0, 0.8738282242266464,
  -0.48623475250634424, 0.0]
- [0.0, 0.0, 1.0, -0.4284545009019737, -0.9035633573008816, 0.0, 0.9035633573008816,
  -0.4284545009019737, 0.0]
- [0.0, 0.0, 1.0, -0.5138691928052077, -0.857868552102083, 0.0, 0.857868552102083,
  -0.5138691928052077, 0.0]
- [0.0, 0.0, 1.0, -0.4186951676527173, -0.9081268394801814, 0.0, 0.9081268394801814,
  -0.4186951676527173, 0.0]
- [0.0, 0.0, 1.0, -0.18572606317909038, -0.9826015619039064, 0.0, 0.9826015619039064,
  -0.18572606317909038, 0.0]
- [0.0, 0.0, 1.0, -0.1515012115645665, -0.9884570718521206, 0.0, 0.9884570718521206,
  -0.1515012115645665, 0.0]
- [0.0, 0.0, 1.0, -0.07504174158983025, -0.9971803934189466, 0.0, 0.9971803934189466,
  -0.07504174158983025, 0.0]
- [0.0, 0.0, 1.0, 0.061779342824408175, -0.9980898320292538, 0.0, 0.9980898320292538,
  0.061779342824408175, 0.0]
- [0.0, 0.0, 1.0, 0.12066465045210892, -0.9926933273329032, 0.0, 0.9926933273329032,
  0.12066465045210892, 0.0]
- [0.0, 0.0, 1.0, 0.1992725139761124, -0.9799441132909774, 0.0, 0.9799441132909774,
  0.1992725139761124, 0.0]
- [0.0, 0.0, 1.0, 0.4180933063286292, -0.9084040880594908, 0.0, 0.9084040880594908,
  0.4180933063286292, 0.0]
- [0.0, 0.0, 1.0, 0.5283060160197128, -0.8490540344626949, 0.0, 0.8490540344626949,
  0.5283060160197128, 0.0]
- [0.0, 0.0, 1.0, 0.4326917239144183, -0.9015419413737605, 0.0, 0.9015419413737605,
  0.4326917239144183, 0.0]
- [0.0, 0.0, 1.0, 0.506773765135173, -0.8620790862622295, 0.0, 0.8620790862622295,
  0.506773765135173, 0.0]
- [0.0, 0.0, 1.0, 0.5558861293028121, -0.831258450332228, 0.0, 0.831258450332228,
  0.5558861293028121, 0.0]
- [0.0, 0.0, 1.0, 0.6134550405111315, -0.7897296456835631, 0.0, 0.7897296456835631,
  0.6134550405111315, 0.0]
- [0.0, 0.0, 1.0, 0.662591447848251, -0.7489810232832061, 0.0, 0.7489810232832061,
  0.662591447848251, 0.0]
- [0.0, 0.0, 1.0, 0.7040516325936491, -0.7101487862710305, 0.0, 0.7101487862710305,
  0.7040516325936491, 0.0]
- [0.0, 0.0, 1.0, 0.7434630956211603, -0.6687769624092934, 0.0, 0.6687769624092934,
  0.7434630956211603, 0.0]
- [0.0, 0.0, 1.0, 0.7761096026628156, -0.6305980373063071, 0.0, 0.6305980373063071,
  0.7761096026628156, 0.0]
- [0.0, 0.0, 1.0, 0.8036899673327572, -0.595048263932155, 0.0, 0.595048263932155,
  0.8036899673327572, 0.0]
- [0.0, 0.0, 1.0, 0.8342596304328748, -0.5513718065244207, 0.0, 0.5513718065244207,
  0.8342596304328748, 0.0]
- [0.0, 0.0, 1.0, 0.8515797010527952, -0.5242251546376154, 0.0, 0.5242251546376154,
  0.8515797010527952, 0.0]
- [0.0, 0.0, 1.0, 0.8799273175394219, -0.4751083201206617, 0.0, 0.4751083201206617,
  0.8799273175394219, 0.0]
- [0.0, 0.0, 1.0, 0.8901764013834066, -0.45561603837012593, 0.0, 0.45561603837012593,
  0.8901764013834066, 0.0]
- [0.0, 0.0, 1.0, 0.912094726866543, -0.4099795229304098, 0.0, 0.4099795229304098,
  0.912094726866543, 0.0]
- [0.0, 0.0, 1.0, 0.9200511049941954, -0.3917983718686946, 0.0, 0.3917983718686946,
  0.9200511049941954, 0.0]
- [0.0, 0.0, 1.0, 0.934247359503052, -0.3566256738676774, 0.0, 0.3566256738676774,
  0.934247359503052, 0.0]
- [0.0, 0.0, 1.0, 0.9452563614563381, -0.32632868572395635, 0.0, 0.32632868572395635,
  0.9452563614563381, 0.0]
- [0.0, 0.0, 1.0, 0.9507546489591493, -0.30994450710177907, 0.0, 0.30994450710177907,
  0.9507546489591493, 0.0]
- [0.0, 0.0, 1.0, 0.9629251436215196, -0.2697687301773059, 0.0, 0.2697687301773059,
  0.9629251436215196, 0.0]
- [0.0, 0.0, 1.0, 0.9674150472333768, -0.2531958261631564, 0.0, 0.2531958261631564,
  0.9674150472333768, 0.0]
- [0.0, 0.0, 1.0, 0.9726579129044653, -0.2322425121814036, 0.0, 0.2322425121814036,
  0.9726579129044653, 0.0]
- [0.0, 0.0, 1.0, 0.9861822203569013, -0.16566420329066897, 0.0, 0.16566420329066897,
  0.9861822203569013, 0.0]
- [0.0, 0.0, 1.0, 0.9886003500244411, -0.15056343490885318, 0.0, 0.15056343490885318,
  0.9886003500244411, 0.0]
- [0.0, 0.0, 1.0, 0.9860091373069526, -0.16669127495822636, 0.0, 0.16669127495822636,
  0.9860091373069526, 0.0]
- [0.0, 0.0, 1.0, 0.9910697131820195, -0.133344754727396, 0.0, 0.133344754727396,
  0.9910697131820195, 0.0]
- [0.0, 0.0, 1.0, 0.9922926139971714, -0.12391677935881266, 0.0, 0.12391677935881266,
  0.9922926139971714, 0.0]
- [0.0, 0.0, 1.0, 0.995052930511298, -0.09934619006724899, 0.0, 0.09934619006724899,
  0.995052930511298, 0.0]
- [0.0, 0.0, 1.0, 0.9974778575306985, -0.0709783328626961, 0.0, 0.0709783328626961,
  0.9974778575306985, 0.0]
- [0.0, 0.0, 1.0, 0.9980572609262904, -0.06230332184009748, 0.0, 0.06230332184009748,
  0.9980572609262904, 0.0]
- [0.0, 0.0, 1.0, 0.9992272287528124, -0.03930579243540039, 0.0, 0.03930579243540039,
  0.9992272287528124, 0.0]
- [0.0, 0.0, 1.0, 0.9999440943077444, -0.01057394245608874, 0.0, 0.01057394245608874,
  0.9999440943077444, 0.0]
- [0.0, 0.0, 1.0, 0.999995418495645, -0.0030270427350372327, 0.0, 0.0030270427350372327,
  0.999995418495645, 0.0]
- [0.0, 0.0, 1.0, 0.999887046534545, 0.015029776193435238, 0.0, -0.015029776193435238,
  0.999887046534545, 0.0]
- [0.0, 0.0, 1.0, 0.9989553888208963, 0.04569607363540017, 0.0, -0.04569607363540017,
  0.9989553888208963, 0.0]
- [0.0, 0.0, 1.0, 0.9986018695710491, 0.05286119644129503, 0.0, -0.05286119644129503,
  0.9986018695710491, 0.0]
- [0.0, 0.0, 1.0, 0.9995843225240792, 0.028830230038580013, 0.0, -0.028830230038580013,
  0.9995843225240792, 0.0]
- [0.0, 0.0, 1.0, 0.9979467883811844, 0.0640484781995583, 0.0, -0.0640484781995583,
  0.9979467883811844, 0.0]
- [0.0, 0.0, 1.0, 0.9944537307675739, 0.10517498448991347, 0.0, -0.10517498448991347,
  0.9944537307675739, 0.0]
- [0.0, 0.0, 1.0, 0.9936595991249473, 0.11243042767351286, 0.0, -0.11243042767351286,
  0.9936595991249473, 0.0]
- [0.0, 0.0, 1.0, 0.9908165579923103, 0.13521297426013182, 0.0, -0.13521297426013182,
  0.9908165579923103, 0.0]
- [0.0, 0.0, 1.0, 0.9878281262828328, 0.1555493263390989, 0.0, -0.1555493263390989,
  0.9878281262828328, 0.0]
- [0.0, 0.0, 1.0, 0.9867490399097799, 0.1622539128561385, 0.0, -0.1622539128561385,
  0.9867490399097799, 0.0]
- [0.0, 0.0, 1.0, 0.9847715154486725, 0.17385356585622647, 0.0, -0.17385356585622647,
  0.9847715154486725, 0.0]
- [0.0, 0.0, 1.0, 0.9796986535664827, 0.20047580452518732, 0.0, -0.20047580452518732,
  0.9796986535664827, 0.0]
- [0.0, 0.0, 1.0, 0.9776871690427927, 0.2100661788320279, 0.0, -0.2100661788320279,
  0.9776871690427927, 0.0]
- [0.0, 0.0, 1.0, 0.9762731805129664, 0.21654255242583836, 0.0, -0.21654255242583836,
  0.9762731805129664, 0.0]
- [0.0, 0.0, 1.0, 0.9720274820262282, 0.2348671415625234, 0.0, -0.2348671415625234,
  0.9720274820262282, 0.0]
- [0.0, 0.0, 1.0, 0.9668990616908295, 0.25515917483287476, 0.0, -0.25515917483287476,
  0.9668990616908295, 0.0]
- [0.0, 0.0, 1.0, 0.96535534882124, 0.26093878688731215, 0.0, -0.26093878688731215,
  0.96535534882124, 0.0]
- [0.0, 0.0, 1.0, 0.9638378457586035, 0.26648941270417187, 0.0, -0.26648941270417187,
  0.9638378457586035, 0.0]
- [0.0, 0.0, 1.0, 0.9576559868073782, 0.2879149369726877, 0.0, -0.2879149369726877,
  0.9576559868073782, 0.0]
- [0.0, 0.0, 1.0, 0.9545686189740246, 0.2979911939471085, 0.0, -0.2979911939471085,
  0.9545686189740246, 0.0]
- [0.0, 0.0, 1.0, 0.9533319891145728, 0.3019240277468022, 0.0, -0.3019240277468022,
  0.9533319891145728, 0.0]
- [0.0, 0.0, 1.0, 0.9510403712988741, 0.3090666791482056, 0.0, -0.3090666791482056,
  0.9510403712988741, 0.0]
- [0.0, 0.0, 1.0, 0.9451414750761612, 0.32666128036677133, 0.0, -0.32666128036677133,
  0.9451414750761612, 0.0]
- [0.0, 0.0, 1.0, 0.943404373988649, 0.3316446699995123, 0.0, -0.3316446699995123,
  0.943404373988649, 0.0]
- [0.0, 0.0, 1.0, 0.9420121667494125, 0.33557872056505184, 0.0, -0.33557872056505184,
  0.9420121667494125, 0.0]
- [0.0, 0.0, 1.0, 0.9392834698209253, 0.3431421911120275, 0.0, -0.3431421911120275,
  0.9392834698209253, 0.0]
- [0.0, 0.0, 1.0, 0.9345185701348769, 0.355914374636745, 0.0, -0.355914374636745,
  0.9345185701348769, 0.0]
- [0.0, 0.0, 1.0, 0.9331144938526955, 0.3595793950743392, 0.0, -0.3595793950743392,
  0.9331144938526955, 0.0]
- [0.0, 0.0, 1.0, 0.9321368692935251, 0.3621061403838184, 0.0, -0.3621061403838184,
  0.9321368692935251, 0.0]
- [0.0, 0.0, 1.0, 0.9296605126776926, 0.36841733288195083, 0.0, -0.36841733288195083,
  0.9296605126776926, 0.0]
- [0.0, 0.0, 1.0, 0.9263442143322705, 0.3766781073717031, 0.0, -0.3766781073717031,
  0.9263442143322705, 0.0]
- [0.0, 0.0, 1.0, 0.9256283931893259, 0.3784337164177453, 0.0, -0.3784337164177453,
  0.9256283931893259, 0.0]
- [0.0, 0.0, 1.0, 0.9252506683706208, 0.37935629779894203, 0.0, -0.37935629779894203,
  0.9252506683706208, 0.0]
- [0.0, 0.0, 1.0, 0.9236019852658345, 0.3833528046238988, 0.0, -0.3833528046238988,
  0.9236019852658345, 0.0]
- [0.0, 0.0, 1.0, 0.9222004398103089, 0.38671222997685617, 0.0, -0.38671222997685617,
  0.9222004398103089, 0.0]
- [0.0, 0.0, 1.0, 0.9220504459049944, 0.387069729126938, 0.0, -0.387069729126938,
  0.9220504459049944, 0.0]
- [0.0, 0.0, 1.0, 0.9221141793043428, 0.38691787284368057, 0.0, -0.38691787284368057,
  0.9221141793043428, 0.0]
- [0.0, 0.0, 1.0, 0.9221399010403593, 0.3868565663256554, 0.0, -0.3868565663256554,
