nodes:
- [1.22278994 0.00080104 0.00000000]
- [1.20760250 0.00260901 0.00000000]
- [1.19023192 0.00562960 0.00000000]
- [1.17285063 0.00863930 0.00000000]
- [1.15546902 0.01168803 0.00000000]
- [1.13809432 0.01479152 0.00000000]
- [1.12073345 0.01795803 0.00000000]
- [1.10337931 0.02115588 0.00000000]
- [1.08603557 0.02440780 0.00000000]
- [1.06869804 0.02768772 0.00000000]
- [1.05136956 0.03101328 0.00000000]
- [1.03404675 0.03436318 0.00000000]
- [1.01673053 0.03775004 0.00000000]
- [0.99942067 0.04116663 0.00000000]
- [0.98211661 0.04461552 0.00000000]
- [0.96487881 0.04838724 0.00000000]
- [0.94763224 0.05218404 0.00000000]
- [0.93033292 0.05571684 0.00000000]
- [0.91303626 0.05926581 0.00000000]
- [0.89574579 0.06284584 0.00000000]
- [0.87845822 0.06644462 0.00000000]
- [0.86117959 0.07008508 0.00000000]
- [0.84390525 0.07374162 0.00000000]
- [0.82663796 0.07742991 0.00000000]
- [0.80937381 0.08113119 0.00000000]
- [0.79211593 0.08486027 0.00000000]
- [0.77486116 0.08859901 0.00000000]
- [0.75761041 0.09235445 0.00000000]
- [0.74036161 0.09611525 0.00000000]
- [0.72311509 0.09988410 0.00000000]
- [0.70586940 0.10365269 0.00000000]
- [0.68862338 0.10741961 0.00000000]
- [0.67076460 0.11131998 0.00000000]
- [0.65290533 0.11521362 0.00000000]
- [0.63504453 0.11909556 0.00000000]
- [0.61717925 0.12295972 0.00000000]
- [0.59931438 0.12681905 0.00000000]
- [0.58144352 0.13064377 0.00000000]
- [0.56356769 0.13444755 0.00000000]
- [0.54568591 0.13822276 0.00000000]
- [0.52780247 0.14197502 0.00000000]
- [0.50990750 0.14566259 0.00000000]
- [0.49200176 0.14930622 0.00000000]
- [0.47408863 0.15290550 0.00000000]
- [0.45616534 0.15644185 0.00000000]
- [0.43791330 0.15825920 0.00000000]
- [0.41989220 0.15996353 0.00000000]
- [0.40218358 0.16328474 0.00000000]
- [0.38446242 0.16652240 0.00000000]
- [0.36673626 0.16971294 0.00000000]
- [0.34898861 0.17280151 0.00000000]
- [0.33122090 0.17586487 0.00000000]
- [0.31343851 0.17879871 0.00000000]
- [0.29563745 0.18166687 0.00000000]
- [0.27782595 0.18444984 0.00000000]
- [0.26000738 0.18714752 0.00000000]
- [0.24217773 0.18972695 0.00000000]
- [0.22432027 0.19218765 0.00000000]
- [0.20646680 0.19459050 0.00000000]
- [0.18859743 0.19680615 0.00000000]
- [0.17070824 0.19892080 0.00000000]
- [0.15280239 0.20089093 0.00000000]
- [0.13489142 0.20275900 0.00000000]
- [0.11697947 0.20444965 0.00000000]
- [0.09903623 0.20594674 0.00000000]
- [0.08109190 0.20734675 0.00000000]
- [0.06314649 0.20851261 0.00000000]
- [0.04517816 0.20949514 0.00000000]
- [0.02720631 0.21031135 0.00000000]
- [0.00924188 0.21091495 0.00000000]
- [-0.00871740 0.21126517 0.00000000]
- [-0.02669318 0.21133646 0.00000000]
- [-0.04466770 0.21122850 0.00000000]
- [-0.06261532 0.21083800 0.00000000]
- [-0.08057220 0.21013779 0.00000000]
- [-0.09851734 0.20926054 0.00000000]
- [-0.11641735 0.20805472 0.00000000]
- [-0.13431866 0.20652370 0.00000000]
- [-0.15219479 0.20481130 0.00000000]
- [-0.17000642 0.20272937 0.00000000]
- [-0.18780899 0.20032257 0.00000000]
- [-0.20557667 0.19772291 0.00000000]
- [-0.22326600 0.19476336 0.00000000]
- [-0.24092631 0.19148821 0.00000000]
- [-0.25852821 0.18799985 0.00000000]
- [-0.27603103 0.18411086 0.00000000]
- [-0.29349875 0.17992148 0.00000000]
- [-0.31087429 0.17552323 0.00000000]
- [-0.32810982 0.17062318 0.00000000]
- [-0.34530184 0.16546881 0.00000000]
- [-0.36236432 0.15998667 0.00000000]
- [-0.37928931 0.15412435 0.00000000]
- [-0.39607067 0.14787711 0.00000000]
- [-0.41270516 0.14122790 0.00000000]
- [-0.42917787 0.13424805 0.00000000]
- [-0.44541000 0.12676626 0.00000000]
- [-0.46227955 0.11845173 0.00000000]
- [-0.47881679 0.10953750 0.00000000]
- [-0.49503203 0.10010829 0.00000000]
- [-0.51076070 0.08998551 0.00000000]
- [-0.52695118 0.08046288 0.00000000]
- [-0.54372637 0.06907762 0.00000000]
- [-0.55835258 0.05517758 0.00000000]
- [-0.57119068 0.03977919 0.00000000]
- [-0.58012770 0.02495902 0.00000000]
- [-0.58586745 0.00904520 0.00000000]
- [-0.58597419 -0.00733348 0.00000000]
- [-0.57895969 -0.02220437 0.00000000]
- [-0.56751403 -0.03494260 0.00000000]
- [-0.55398955 -0.04613886 0.00000000]
- [-0.53932203 -0.05607213 0.00000000]
- [-0.52404514 -0.06515401 0.00000000]
- [-0.50830934 -0.07349540 0.00000000]
- [-0.49225932 -0.08128280 0.00000000]
- [-0.47597672 -0.08859631 0.00000000]
- [-0.45884962 -0.09387293 0.00000000]
- [-0.43813669 -0.10012631 0.00000000]
- [-0.41780925 -0.10731458 0.00000000]
- [-0.40072737 -0.11298780 0.00000000]
- [-0.38350266 -0.11828172 0.00000000]
- [-0.36620838 -0.12335684 0.00000000]
- [-0.34882244 -0.12805703 0.00000000]
- [-0.33132936 -0.13246907 0.00000000]
- [-0.31379475 -0.13667256 0.00000000]
- [-0.29618649 -0.14052883 0.00000000]
- [-0.27850682 -0.14414325 0.00000000]
- [-0.26079844 -0.14751844 0.00000000]
- [-0.24301847 -0.15054719 0.00000000]
- [-0.22519159 -0.15338714 0.00000000]
- [-0.20735267 -0.15596428 0.00000000]
- [-0.18944292 -0.15819477 0.00000000]
- [-0.17151221 -0.16029978 0.00000000]
- [-0.15357225 -0.16208614 0.00000000]
- [-0.13557616 -0.16360516 0.00000000]
- [-0.11758091 -0.16498367 0.00000000]
- [-0.09957729 -0.16602275 0.00000000]
- [-0.08153135 -0.16684208 0.00000000]
- [-0.06349942 -0.16749621 0.00000000]
- [-0.04546653 -0.16781070 0.00000000]
- [-0.02740868 -0.16791711 0.00000000]
- [-0.00936590 -0.16780940 0.00000000]
- [0.00866664 -0.16740733 0.00000000]
- [0.02670293 -0.16676036 0.00000000]
- [0.04473775 -0.16587692 0.00000000]
- [0.06274996 -0.16479744 0.00000000]
- [0.08073194 -0.16341880 0.00000000]
- [0.09872015 -0.16178447 0.00000000]
- [0.11668428 -0.16000676 0.00000000]
- [0.13459441 -0.15792056 0.00000000]
- [0.15250667 -0.15556979 0.00000000]
- [0.17039519 -0.15310528 0.00000000]
- [0.18821586 -0.15033552 0.00000000]
- [0.20601755 -0.14732126 0.00000000]
- [0.22379039 -0.14411525 0.00000000]
- [0.24152715 -0.14069007 0.00000000]
- [0.25921785 -0.13710510 0.00000000]
- [0.27685446 -0.13322459 0.00000000]
- [0.29448988 -0.12921922 0.00000000]
- [0.31207933 -0.12506704 0.00000000]
- [0.32962940 -0.12073001 0.00000000]
- [0.34716297 -0.11627165 0.00000000]
- [0.36468270 -0.11169689 0.00000000]
- [0.38218749 -0.10709101 0.00000000]
- [0.39884626 -0.10255672 0.00000000]
- [0.41551385 -0.09798593 0.00000000]
- [0.43217177 -0.09336707 0.00000000]
- [0.44882406 -0.08873476 0.00000000]
- [0.46546162 -0.08404561 0.00000000]
- [0.48210720 -0.07934552 0.00000000]
- [0.49875584 -0.07464312 0.00000000]
- [0.51586673 -0.07156521 0.00000000]
- [0.53478571 -0.06801208 0.00000000]
- [0.55326264 -0.06288194 0.00000000]
- [0.57175679 -0.05779296 0.00000000]
- [0.59028249 -0.05280959 0.00000000]
- [0.60882897 -0.04790276 0.00000000]
- [0.62740508 -0.04310568 0.00000000]
- [0.64600975 -0.03839468 0.00000000]
- [0.66466618 -0.03387196 0.00000000]
- [0.68334929 -0.02949642 0.00000000]
- [0.70164875 -0.02530633 0.00000000]
- [0.72000185 -0.02133451 0.00000000]
- [0.73838157 -0.01751516 0.00000000]
- [0.75679616 -0.01384927 0.00000000]
- [0.77525195 -0.01037412 0.00000000]
- [0.79374668 -0.00710931 0.00000000]
- [0.81227089 -0.00404021 0.00000000]
- [0.83082883 -0.00113277 0.00000000]
- [0.84943602 0.00148324 0.00000000]
- [0.86806259 0.00386881 0.00000000]
- [0.88671894 0.00609778 0.00000000]
- [0.90541845 0.00796957 0.00000000]
- [0.92412045 0.00964061 0.00000000]
- [0.94285227 0.01114735 0.00000000]
- [0.96159543 0.01255701 0.00000000]
- [0.97923128 0.01374681 0.00000000]
- [0.99691196 0.01443249 0.00000000]
- [1.01459456 0.01478355 0.00000000]
- [1.03227754 0.01499736 0.00000000]
- [1.04997500 0.01489209 0.00000000]
- [1.06765464 0.01452185 0.00000000]
- [1.08534342 0.01396604 0.00000000]
- [1.10301500 0.01301217 0.00000000]
- [1.12066366 0.01187936 0.00000000]
- [1.13830079 0.01045971 0.00000000]
- [1.15590368 0.00878064 0.00000000]
- [1.17347867 0.00692444 0.00000000]
- [1.19102928 0.00490490 0.00000000]
- [1.20855581 0.00277162 0.00000000]
- [1.22317376 -0.00031408 0.00000000]
- [0.68400855 -0.01238192 0.00000000]
- [0.68466781 0.00473259 0.00000000]
- [0.68532707 0.02184709 0.00000000]
- [0.68598633 0.03896159 0.00000000]
- [0.68664560 0.05607610 0.00000000]
- [0.68730486 0.07319060 0.00000000]
- [0.68796412 0.09030510 0.00000000]
- [-0.41993238 -0.08930836 0.00000000]
- [-0.42205552 -0.07130215 0.00000000]
- [-0.42417865 -0.05329593 0.00000000]
- [-0.42630179 -0.03528971 0.00000000]
- [-0.42842492 -0.01728349 0.00000000]
- [-0.43054806 0.00072273 0.00000000]
- [-0.43267119 0.01872895 0.00000000]
- [-0.43479433 0.03673517 0.00000000]
- [-0.43691746 0.05474139 0.00000000]
- [-0.43904059 0.07274760 0.00000000]
- [-0.44116373 0.09075382 0.00000000]
- [-0.44328686 0.10876004 0.00000000]
- [0.38011256 -0.08959773 0.00000000]
- [0.37803763 -0.07210444 0.00000000]
- [0.37596270 -0.05461116 0.00000000]
- [0.37388777 -0.03711788 0.00000000]
- [0.37181284 -0.01962460 0.00000000]
- [0.36973791 -0.00213131 0.00000000]
- [0.36766298 0.01536197 0.00000000]
- [0.36558805 0.03285525 0.00000000]
- [0.36351312 0.05034853 0.00000000]
- [0.36143819 0.06784181 0.00000000]
- [0.35936326 0.08533510 0.00000000]
- [0.35728833 0.10282838 0.00000000]
- [0.35521340 0.12032166 0.00000000]
- [0.35313847 0.13781494 0.00000000]
- [0.35106354 0.15530822 0.00000000]
elements:
- [1 2]
- [2 3]
- [3 4]
- [4 5]
- [5 6]
- [6 7]
- [7 8]
- [8 9]
- [9 10]
- [10 11]
- [11 12]
- [12 13]
- [13 14]
- [14 15]
- [15 16]
- [16 17]
- [17 18]
- [18 19]
- [19 20]
- [20 21]
- [21 22]
- [22 23]
- [23 24]
- [24 25]
- [25 26]
- [26 27]
- [27 28]
- [28 29]
- [29 30]
- [30 31]
- [31 32]
- [32 33]
- [33 34]
- [34 35]
- [35 36]
- [36 37]
- [37 38]
- [38 39]
- [39 40]
- [40 41]
- [41 42]
- [42 43]
- [43 44]
- [44 45]
- [45 46]
- [46 47]
- [47 48]
- [48 49]
- [49 50]
- [50 51]
- [51 52]
- [52 53]
- [53 54]
- [54 55]
- [55 56]
- [56 57]
- [57 58]
- [58 59]
- [59 60]
- [60 61]
- [61 62]
- [62 63]
- [63 64]
- [64 65]
- [65 66]
- [66 67]
- [67 68]
- [68 69]
- [69 70]
- [70 71]
- [71 72]
- [72 73]
- [73 74]
- [74 75]
- [75 76]
- [76 77]
- [77 78]
- [78 79]
- [79 80]
- [80 81]
- [81 82]
- [82 83]
- [83 84]
- [84 85]
- [85 86]
- [86 87]
- [87 88]
- [88 89]
- [89 90]
- [90 91]
- [91 92]
- [92 93]
- [93 94]
- [94 95]
- [95 96]
- [96 97]
- [97 98]
- [98 99]
- [99 100]
- [100 101]
- [101 102]
- [102 103]
- [103 104]
- [104 105]
- [105 106]
- [106 107]
- [107 108]
- [108 109]
- [109 110]
- [110 111]
- [111 112]
- [112 113]
- [113 114]
- [114 115]
- [115 116]
- [116 117]
- [117 118]
- [118 119]
- [119 120]
- [120 121]
- [121 122]
- [122 123]
- [123 124]
- [124 125]
- [125 126]
- [126 127]
- [127 128]
- [128 129]
- [129 130]
- [130 131]
- [131 132]
- [132 133]
- [133 134]
- [134 135]
- [135 136]
- [136 137]
- [137 138]
- [138 139]
- [139 140]
- [140 141]
- [141 142]
- [142 143]
- [143 144]
- [144 145]
- [145 146]
- [146 147]
- [147 148]
- [148 149]
- [149 150]
- [150 151]
- [151 152]
- [152 153]
- [153 154]
- [154 155]
- [155 156]
- [156 157]
- [157 158]
- [158 159]
- [159 160]
- [160 161]
- [161 162]
- [162 163]
- [163 164]
- [164 165]
- [165 166]
- [166 167]
- [167 168]
- [168 169]
- [169 170]
- [170 171]
- [171 172]
- [172 173]
- [173 174]
- [174 175]
- [175 176]
- [176 177]
- [177 178]
- [178 179]
- [179 180]
- [180 181]
- [181 182]
- [182 183]
- [183 184]
- [184 185]
- [185 186]
- [186 187]
- [187 188]
- [188 189]
- [189 190]
- [190 191]
- [191 192]
- [192 193]
- [193 194]
- [194 195]
- [195 196]
- [196 197]
- [197 198]
- [198 199]
- [199 200]
- [200 201]
- [201 202]
- [202 203]
- [203 204]
- [204 205]
- [205 206]
- [206 207]
- [207 208]
- [208 209]
- [209 210]
- [210 1]
- [180 211]
- [211 212]
- [212 213]
- [213 214]
- [214 215]
- [215 216]
- [216 217]
- [217 32]
- [118 218]
- [218 219]
- [219 220]
- [220 221]
- [221 222]
- [222 223]
- [223 224]
- [224 225]
- [225 226]
- [226 227]
- [227 228]
- [228 229]
- [229 96]
- [163 230]
- [230 231]
- [231 232]
- [232 233]
- [233 234]
- [234 235]
- [235 236]
- [236 237]
- [237 238]
- [238 239]
- [239 240]
- [240 241]
- [241 242]
- [242 243]
- [243 244]
- [244 51]
sets:
  element:
  - name: layup_0
    labels:
    - 1
    - 2
    - 3
    - 4
    - 5
    - 6
    - 7
    - 8
    - 9
    - 10
    - 11
    - 12
    - 13
    - 14
    - 15
    - 195
    - 196
    - 197
    - 198
    - 199
    - 200
    - 201
    - 202
    - 203
    - 204
    - 205
    - 206
    - 207
    - 208
    - 209
    - 210
  - name: layup_1
    labels:
    - 16
    - 17
    - 18
    - 19
    - 20
    - 21
    - 22
    - 23
    - 24
    - 25
    - 26
    - 27
    - 28
    - 29
    - 30
    - 31
    - 32
    - 33
    - 34
    - 35
    - 36
    - 37
    - 38
    - 39
    - 40
    - 41
    - 42
    - 43
    - 44
    - 45
    - 101
    - 102
    - 103
    - 109
    - 110
    - 111
    - 112
    - 113
    - 114
    - 115
    - 171
    - 172
    - 173
    - 174
    - 175
    - 176
    - 177
    - 178
    - 179
    - 180
    - 181
    - 182
    - 183
    - 184
    - 185
    - 186
    - 187
    - 188
    - 189
    - 190
    - 191
    - 192
    - 193
    - 194
  - name: layup_2
    labels:
    - 46
    - 47
    - 48
    - 49
    - 50
    - 51
    - 52
    - 53
    - 54
    - 55
    - 56
    - 57
    - 58
    - 59
    - 60
    - 61
    - 62
    - 63
    - 64
    - 65
    - 66
    - 67
    - 68
    - 69
    - 70
    - 71
    - 72
    - 73
    - 74
    - 75
    - 76
    - 77
    - 78
    - 79
    - 80
    - 81
    - 82
    - 83
    - 84
    - 85
    - 86
    - 87
    - 88
    - 89
    - 90
    - 91
    - 92
    - 93
    - 94
    - 95
    - 96
    - 97
    - 98
    - 99
    - 100
    - 116
    - 117
    - 118
    - 119
    - 120
    - 121
    - 122
    - 123
    - 124
    - 125
    - 126
    - 127
    - 128
    - 129
    - 130
    - 131
    - 132
    - 133
    - 134
    - 135
    - 136
    - 137
    - 138
    - 139
    - 140
    - 141
    - 142
    - 143
    - 144
    - 145
    - 146
    - 147
    - 148
    - 149
    - 150
    - 151
    - 152
    - 153
    - 154
    - 155
    - 156
    - 157
    - 158
    - 159
    - 160
    - 161
    - 162
    - 163
    - 164
    - 165
    - 166
    - 167
    - 168
    - 169
    - 170
  - name: layup_3
    labels:
    - 104
    - 105
    - 106
    - 107
    - 108
  - name: layup_4
    labels:
    - 211
    - 212
    - 213
    - 214
    - 215
    - 216
    - 217
    - 218
  - name: layup_5
    labels:
    - 219
    - 220
    - 221
    - 222
    - 223
    - 224
    - 225
    - 226
    - 227
    - 228
    - 229
    - 230
    - 231
    - 232
    - 233
    - 234
    - 235
    - 236
    - 237
    - 238
    - 239
    - 240
    - 241
    - 242
    - 243
    - 244
    - 245
    - 246
    - 247
sections:
- type: shell
  elementSet: layup_0
  layup:
  - - gelcoat
    - 0.0005
    - 0.0
  - - glass_triax
    - 0.00259012
    - 0.0
  - - glass_uniax
    - 0.00167
    - 0.0
  - - glass_triax
    - 0.00259012
    - 0.0
- type: shell
  elementSet: layup_1
  layup:
  - - gelcoat
    - 0.0005
    - 0.0
  - - glass_triax
    - 0.00259012
    - 0.0
  - - medium_density_foam
    - 0.00049562
    - 0.0
  - - glass_triax
    - 0.00259012
    - 0.0
- type: shell
  elementSet: layup_2
  layup:
  - - gelcoat
    - 0.0005
    - 0.0
  - - glass_triax
    - 0.00259012
    - 0.0
  - - carbon_uniax
    - 0.00720825
    - 0.0
  - - glass_triax
    - 0.00259012
    - 0.0
- type: shell
  elementSet: layup_3
  layup:
  - - gelcoat
    - 0.0005
    - 0.0
  - - glass_triax
    - 0.00259012
    - 0.0
  - - glass_uniax
    - 0.001295
    - 0.0
  - - glass_triax
    - 0.00259012
    - 0.0
- type: shell
  elementSet: layup_4
  layup:
  - - glass_biax
    - 0.002
    - 0.0
  - - medium_density_foam
    - 0.03
    - 0.0
  - - glass_biax
    - 0.002
    - 0.0
- type: shell
  elementSet: layup_5
  layup:
  - - glass_biax
    - 0.002
    - 0.0
  - - medium_density_foam
    - 0.014
    - 0.0
  - - glass_biax
    - 0.002
    - 0.0
elementOrientations:
- [0.0, 0.0, 1.0, -0.9929887759218011, 0.11820867520331525, 0.0, -0.11820867520331525,
  -0.9929887759218011, 0.0]
- [0.0, 0.0, 1.0, -0.9852153140176452, 0.1713207081035818, 0.0, -0.1713207081035818,
  -0.9852153140176452, 0.0]
- [0.0, 0.0, 1.0, -0.9853372515683042, 0.1706179963304577, 0.0, -0.1706179963304577,
  -0.9853372515683042, 0.0]
- [0.0, 0.0, 1.0, -0.9849635478856221, 0.17276229141964963, 0.0, -0.17276229141964963,
  -0.9849635478856221, 0.0]
- [0.0, 0.0, 1.0, -0.9844190853510617, 0.17583817673241253, 0.0, -0.17583817673241253,
  -0.9844190853510617, 0.0]
- [0.0, 0.0, 1.0, -0.983770115225926, 0.1794334427813507, 0.0, -0.1794334427813507,
  -0.983770115225926, 0.0]
- [0.0, 0.0, 1.0, -0.9834426852384751, 0.18121943839151902, 0.0, -0.18121943839151902,
  -0.9834426852384751, 0.0]
- [0.0, 0.0, 1.0, -0.9828725913155293, 0.18428637833734887, 0.0, -0.18428637833734887,
  -0.9828725913155293, 0.0]
- [0.0, 0.0, 1.0, -0.9825717723884162, 0.18588359826914871, 0.0, -0.18588359826914871,
  -0.9825717723884162, 0.0]
- [0.0, 0.0, 1.0, -0.9820782970450963, 0.1884733892967477, 0.0, -0.1884733892967477,
  -0.9820782970450963, 0.0]
- [0.0, 0.0, 1.0, -0.9818104962433302, 0.18986350219677756, 0.0, -0.18986350219677756,
  -0.9818104962433302, 0.0]
- [0.0, 0.0, 1.0, -0.9814043830586971, 0.19195165254088803, 0.0, -0.19195165254088803,
  -0.9814043830586971, 0.0]
- [0.0, 0.0, 1.0, -0.9810721638085498, 0.19364247829443243, 0.0, -0.19364247829443243,
  -0.9810721638085498, 0.0]
- [0.0, 0.0, 1.0, -0.980710396915601, 0.19546640985510536, 0.0, -0.19546640985510536,
  -0.980710396915601, 0.0]
- [0.0, 0.0, 1.0, -0.9768887314731011, 0.2137484650725605, 0.0, -0.2137484650725605,
  -0.9768887314731011, 0.0]
- [0.0, 0.0, 1.0, -0.9766141360115089, 0.21499960312171268, 0.0, -0.21499960312171268,
  -0.9766141360115089, 0.0]
- [0.0, 0.0, 1.0, -0.9797782179358278, 0.20008659040149035, 0.0, -0.20008659040149035,
  -0.9797782179358278, 0.0]
- [0.0, 0.0, 1.0, -0.9795922689920371, 0.20099499130832169, 0.0, -0.20099499130832169,
  -0.9795922689920371, 0.0]
- [0.0, 0.0, 1.0, -0.979230135577777, 0.20275192126420988, 0.0, -0.20275192126420988,
  -0.979230135577777, 0.0]
- [0.0, 0.0, 1.0, -0.979012129498553, 0.20380198795573304, 0.0, -0.20380198795573304,
  -0.979012129498553, 0.0]
- [0.0, 0.0, 1.0, -0.9785171238441077, 0.20616556051837379, 0.0, -0.20616556051837379,
  -0.9785171238441077, 0.0]
- [0.0, 0.0, 1.0, -0.9783227868341992, 0.20708579082343156, 0.0, -0.20708579082343156,
  -0.9783227868341992, 0.0]
- [0.0, 0.0, 1.0, -0.9779395228169375, 0.20888822301072998, 0.0, -0.20888822301072998,
  -0.9779395228169375, 0.0]
- [0.0, 0.0, 1.0, -0.9777813845380835, 0.20962720255441153, 0.0, -0.20962720255441153,
  -0.9777813845380835, 0.0]
- [0.0, 0.0, 1.0, -0.9774416749280159, 0.21120552103085508, 0.0, -0.21120552103085508,
  -0.9774416749280159, 0.0]
- [0.0, 0.0, 1.0, -0.9773207200433329, 0.21176451585188055, 0.0, -0.21176451585188055,
  -0.9773207200433329, 0.0]
- [0.0, 0.0, 1.0, -0.9771142615076962, 0.21271511455058723, 0.0, -0.21271511455058723,
  -0.9771142615076962, 0.0]
- [0.0, 0.0, 1.0, -0.9770461127008966, 0.21302791755088563, 0.0, -0.21302791755088563,
  -0.9770461127008966, 0.0]
- [0.0, 0.0, 1.0, -0.9769452984468663, 0.21348977456206966, 0.0, -0.21348977456206966,
  -0.9769452984468663, 0.0]
- [0.0, 0.0, 1.0, -0.9769461541796076, 0.2134858586269229, 0.0, -0.2134858586269229,
  -0.9769461541796076, 0.0]
- [0.0, 0.0, 1.0, -0.9769667733228024, 0.21339148020301096, 0.0, -0.21339148020301096,
  -0.9769667733228024, 0.0]
- [0.0, 0.0, 1.0, -0.9769711563903052, 0.21337141228709627, 0.0, -0.21337141228709627,
  -0.9769711563903052, 0.0]
- [0.0, 0.0, 1.0, -0.9770490887636232, 0.21301426747092203, 0.0, -0.21301426747092203,
  -0.9770490887636232, 0.0]
- [0.0, 0.0, 1.0, -0.9771859784831305, 0.2123854125310086, 0.0, -0.2123854125310086,
  -0.9771859784831305, 0.0]
- [0.0, 0.0, 1.0, -0.9773983039572809, 0.21140613856137383, 0.0, -0.21140613856137383,
  -0.9773983039572809, 0.0]
- [0.0, 0.0, 1.0, -0.977452014395886, 0.21115766515432152, 0.0, -0.21115766515432152,
  -0.977452014395886, 0.0]
- [0.0, 0.0, 1.0, -0.977855645966816, 0.20928051904279346, 0.0, -0.20928051904279346,
  -0.977855645966816, 0.0]
- [0.0, 0.0, 1.0, -0.9781013706011826, 0.2081290677154159, 0.0, -0.2081290677154159,
  -0.9781013706011826, 0.0]
- [0.0, 0.0, 1.0, -0.9784324189547402, 0.20656718407911673, 0.0, -0.20656718407911673,
  -0.9784324189547402, 0.0]
- [0.0, 0.0, 1.0, -0.9786893203687265, 0.20534657093849948, 0.0, -0.20534657093849948,
  -0.9786893203687265, 0.0]
- [0.0, 0.0, 1.0, -0.9794212418240579, 0.20182673525531847, 0.0, -0.20182673525531847,
  -0.9794212418240579, 0.0]
- [0.0, 0.0, 1.0, -0.9799176011736734, 0.19940284579221437, 0.0, -0.19940284579221437,
  -0.9799176011736734, 0.0]
- [0.0, 0.0, 1.0, -0.980404958677947, 0.19699268260443908, 0.0, -0.19699268260443908,
  -0.980404958677947, 0.0]
- [0.0, 0.0, 1.0, -0.9810859309873528, 0.19357271506769538, 0.0, -0.19357271506769538,
  -0.9810859309873528, 0.0]
- [0.0, 0.0, 1.0, -0.995079473736808, 0.09907997248524553, 0.0, -0.09907997248524553,
  -0.995079473736808, 0.0]
- [0.0, 0.0, 1.0, -0.9955576837081193, 0.09415358946808303, 0.0, -0.09415358946808303,
  -0.9955576837081193, 0.0]
- [0.0, 0.0, 1.0, -0.982863610692856, 0.18433426913029965, 0.0, -0.18433426913029965,
  -0.982863610692856, 0.0]
- [0.0, 0.0, 1.0, -0.9837168988067387, 0.1797249648826018, 0.0, -0.1797249648826018,
  -0.9837168988067387, 0.0]
- [0.0, 0.0, 1.0, -0.9841849058403619, 0.1771442099420634, 0.0, -0.1771442099420634,
  -0.9841849058403619, 0.0]
- [0.0, 0.0, 1.0, -0.9851928788024592, 0.17144967645616305, 0.0, -0.17144967645616305,
  -0.9851928788024592, 0.0]
- [0.0, 0.0, 1.0, -0.9854604478881671, 0.1699049900622498, 0.0, -0.1699049900622498,
  -0.9854604478881671, 0.0]
- [0.0, 0.0, 1.0, -0.9866615623452047, 0.16278501586607877, 0.0, -0.16278501586607877,
  -0.9866615623452047, 0.0]
- [0.0, 0.0, 1.0, -0.987267094043098, 0.15907132054426648, 0.0, -0.15907132054426648,
  -0.987267094043098, 0.0]
- [0.0, 0.0, 1.0, -0.9880126531006584, 0.15437291638431225, 0.0, -0.15437291638431225,
  -0.9880126531006584, 0.0]
- [0.0, 0.0, 1.0, -0.9887327620895261, 0.14969143319113648, 0.0, -0.14969143319113648,
  -0.9887327620895261, 0.0]
- [0.0, 0.0, 1.0, -0.9896966794861684, 0.14317989598422234, 0.0, -0.14317989598422234,
  -0.9896966794861684, 0.0]
- [0.0, 0.0, 1.0, -0.9906391375844624, 0.13650677304043338, 0.0, -0.13650677304043338,
  -0.9906391375844624, 0.0]
- [0.0, 0.0, 1.0, -0.9910642878840772, 0.1333850714316518, 0.0, -0.1333850714316518,
  -0.9910642878840772, 0.0]
- [0.0, 0.0, 1.0, -0.9924005782412543, 0.12304914589880041, 0.0, -0.12304914589880041,
  -0.9924005782412543, 0.0]
- [0.0, 0.0, 1.0, -0.9930858122382729, 0.11739067054519049, 0.0, -0.11739067054519049,
  -0.9930858122382729, 0.0]
- [0.0, 0.0, 1.0, -0.9940013947361788, 0.10936739579294737, 0.0, -0.10936739579294737,
  -0.9940013947361788, 0.0]
- [0.0, 0.0, 1.0, -0.9946049946050675, 0.10373478060252353, 0.0, -0.10373478060252353,
  -0.9946049946050675, 0.0]
- [0.0, 0.0, 1.0, -0.9955751337060799, 0.0939688945668786, 0.0, -0.0939688945668786,
  -0.9955751337060799, 0.0]
- [0.0, 0.0, 1.0, -0.9965373679405615, 0.08314610212209576, 0.0, -0.08314610212209576,
  -0.9965373679405615, 0.0]
- [0.0, 0.0, 1.0, -0.996970310170529, 0.07778303567282162, 0.0, -0.07778303567282162,
  -0.996970310170529, 0.0]
- [0.0, 0.0, 1.0, -0.9978962962704341, 0.06483040868103244, 0.0, -0.06483040868103244,
  -0.9978962962704341, 0.0]
- [0.0, 0.0, 1.0, -0.9985083061074218, 0.054600024125335, 0.0, -0.054600024125335,
  -0.9985083061074218, 0.0]
- [0.0, 0.0, 1.0, -0.99897029693737, 0.045368996427767566, 0.0, -0.045368996427767566,
  -0.99897029693737, 0.0]
- [0.0, 0.0, 1.0, -0.9994360088593238, 0.0335807116563347, 0.0, -0.0335807116563347,
  -0.9994360088593238, 0.0]
- [0.0, 0.0, 1.0, -0.9998099093883931, 0.019497309782975654, 0.0, -0.019497309782975654,
  -0.9998099093883931, 0.0]
- [0.0, 0.0, 1.0, -0.9999921369148144, 0.00396561578359754, 0.0, -0.00396561578359754,
  -0.9999921369148144, 0.0]
- [0.0, 0.0, 1.0, -0.9999819634370775, -0.006006063646629906, 0.0, 0.006006063646629906,
  -0.9999819634370775, 0.0]
- [0.0, 0.0, 1.0, -0.999763384298998, -0.021752595592567543, 0.0, 0.021752595592567543,
  -0.999763384298998, 0.0]
- [0.0, 0.0, 1.0, -0.9992405956282182, -0.03896449728360109, 0.0, 0.03896449728360109,
  -0.9992405956282182, 0.0]
- [0.0, 0.0, 1.0, -0.9988072605841267, -0.04882679801535427, 0.0, 0.04882679801535427,
  -0.9988072605841267, 0.0]
- [0.0, 0.0, 1.0, -0.997738726859228, -0.06721185107796435, 0.0, 0.06721185107796435,
  -0.997738726859228, 0.0]
- [0.0, 0.0, 1.0, -0.9963626243110801, -0.08521455788735445, 0.0, 0.08521455788735445,
  -0.9963626243110801, 0.0]
- [0.0, 0.0, 1.0, -0.9954432597874293, -0.09535573681628311, 0.0, 0.09535573681628311,
  -0.9954432597874293, 0.0]
- [0.0, 0.0, 1.0, -0.993238028644392, -0.11609572970011331, 0.0, 0.11609572970011331,
  -0.993238028644392, 0.0]
- [0.0, 0.0, 1.0, -0.990984657834475, -0.13397540049086828, 0.0, 0.13397540049086828,
  -0.990984657834475, 0.0]
- [0.0, 0.0, 1.0, -0.9894650018902635, -0.14477226956258082, 0.0, 0.14477226956258082,
  -0.9894650018902635, 0.0]
- [0.0, 0.0, 1.0, -0.9862913120491259, -0.165013477559906, 0.0, 0.165013477559906,
  -0.9862913120491259, 0.0]
- [0.0, 0.0, 1.0, -0.9832348666859352, -0.18234362323122635, 0.0, 0.18234362323122635,
  -0.9832348666859352, 0.0]
- [0.0, 0.0, 1.0, -0.9809223230345155, -0.19440009303642194, 0.0, 0.19440009303642194,
  -0.9809223230345155, 0.0]
- [0.0, 0.0, 1.0, -0.9761932478018842, -0.21690261166249078, 0.0, 0.21690261166249078,
  -0.9761932478018842, 0.0]
- [0.0, 0.0, 1.0, -0.9724236114320342, -0.23322161119733356, 0.0, 0.23322161119733356,
  -0.9724236114320342, 0.0]
- [0.0, 0.0, 1.0, -0.9694245806931294, -0.24538945035993356, 0.0, 0.24538945035993356,
  -0.9694245806931294, 0.0]
- [0.0, 0.0, 1.0, -0.9618827454371885, -0.27346221682385435, 0.0, 0.27346221682385435,
  -0.9618827454371885, 0.0]
- [0.0, 0.0, 1.0, -0.957875874558932, -0.28718253592090365, 0.0, 0.28718253592090365,
  -0.957875874558932, 0.0]
- [0.0, 0.0, 1.0, -0.9520647808987428, -0.305896474272308, 0.0, 0.305896474272308,
  -0.9520647808987428, 0.0]
- [0.0, 0.0, 1.0, -0.944922704431726, -0.3272935725758042, 0.0, 0.3272935725758042,
  -0.944922704431726, 0.0]
- [0.0, 0.0, 1.0, -0.9371667730168848, -0.3488816985069848, 0.0, 0.3488816985069848,
  -0.9371667730168848, 0.0]
- [0.0, 0.0, 1.0, -0.9285649606533212, -0.3711699258384173, 0.0, 0.3711699258384173,
  -0.9285649606533212, 0.0]
- [0.0, 0.0, 1.0, -0.9207541225428484, -0.39014336572643304, 0.0, 0.39014336572643304,
  -0.9207541225428484, 0.0]
- [0.0, 0.0, 1.0, -0.9081711881687736, -0.4185989643801308, 0.0, 0.4185989643801308,
  -0.9081711881687736, 0.0]
- [0.0, 0.0, 1.0, -0.8969700039711753, -0.4420914068107974, 0.0, 0.4420914068107974,
  -0.8969700039711753, 0.0]
- [0.0, 0.0, 1.0, -0.8802586251591344, -0.474494207375549, 0.0, 0.474494207375549,
  -0.8802586251591344, 0.0]
- [0.0, 0.0, 1.0, -0.864466699652558, -0.5026900886150574, 0.0, 0.5026900886150574,
  -0.864466699652558, 0.0]
- [0.0, 0.0, 1.0, -0.8408988473331529, -0.5411923212258047, 0.0, 0.5411923212258047,
  -0.8408988473331529, 0.0]
- [0.0, 0.0, 1.0, -0.8619618001243228, -0.5069732292009482, 0.0, 0.5069732292009482,
  -0.8619618001243228, 0.0]
- [0.0, 0.0, 1.0, -0.8274277186713472, -0.5615722307720795, 0.0, 0.5615722307720795,
  -0.8274277186713472, 0.0]
- [0.0, 0.0, 1.0, -0.724872016168813, -0.6888835606801487, 0.0, 0.6888835606801487,
  -0.724872016168813, 0.0]
- [0.0, 0.0, 1.0, -0.6403643512441393, -0.7680712842280152, 0.0, 0.7680712842280152,
  -0.6403643512441393, 0.0]
- [0.0, 0.0, 1.0, -0.5164028858258769, -0.856345759323129, 0.0, 0.856345759323129,
  -0.5164028858258769, 0.0]
- [0.0, 0.0, 1.0, -0.3392834831618916, -0.940684175509259, 0.0, 0.940684175509259,
  -0.3392834831618916, 0.0]
- [0.0, 0.0, 1.0, -0.00651668452679531, -0.9999787661859516, 0.0, 0.9999787661859516,
  -0.00651668452679531, 0.0]
- [0.0, 0.0, 1.0, 0.4266152196502012, -0.9044332227217279, 0.0, 0.9044332227217279,
  0.4266152196502012, 0.0]
- [0.0, 0.0, 1.0, 0.668359747812669, -0.7438381863710586, 0.0, 0.7438381863710586,
  0.668359747812669, 0.0]
- [0.0, 0.0, 1.0, 0.7702936778296948, -0.6376893051444428, 0.0, 0.6376893051444428,
  0.7702936778296948, 0.0]
- [0.0, 0.0, 1.0, 0.8279920782902406, -0.560739795527844, 0.0, 0.560739795527844,
  0.8279920782902406, 0.0]
- [0.0, 0.0, 1.0, 0.859577238914998, -0.5110058417858531, 0.0, 0.5110058417858531,
  0.859577238914998, 0.0]
- [0.0, 0.0, 1.0, 0.8835399995998384, -0.4683557078835672, 0.0, 0.4683557078835672,
  0.8835399995998384, 0.0]
- [0.0, 0.0, 1.0, 0.8996914329422936, -0.4365264316055129, 0.0, 0.4365264316055129,
  0.8996914329422936, 0.0]
- [0.0, 0.0, 1.0, 0.912207778855743, -0.40972791971633066, 0.0, 0.40972791971633066,
  0.912207778855743, 0.0]
- [0.0, 0.0, 1.0, 0.9556730805613572, -0.2944298950350755, 0.0, 0.2944298950350755,
  0.9556730805613572, 0.0]
- [0.0, 0.0, 1.0, 0.9573223980758977, -0.2890221897055867, 0.0, 0.2890221897055867,
  0.9573223980758977, 0.0]
- [0.0, 0.0, 1.0, 0.9427880668075028, -0.3333926530164867, 0.0, 0.3333926530164867,
  0.9427880668075028, 0.0]
- [0.0, 0.0, 1.0, 0.9490284248999297, -0.315190495941674, 0.0, 0.315190495941674,
  0.9490284248999297, 0.0]
- [0.0, 0.0, 1.0, 0.9558724774715782, -0.2937819034800261, 0.0, 0.2937819034800261,
  0.9558724774715782, 0.0]
- [0.0, 0.0, 1.0, 0.9595369610118915, -0.2815827062375527, 0.0, 0.2815827062375527,
  0.9595369610118915, 0.0]
- [0.0, 0.0, 1.0, 0.9653453722284323, -0.26097569296229445, 0.0, 0.26097569296229445,
  0.9653453722284323, 0.0]
- [0.0, 0.0, 1.0, 0.9696347761853361, -0.24455756134704354, 0.0, 0.24455756134704354,
  0.9696347761853361, 0.0]
- [0.0, 0.0, 1.0, 0.9724478965818153, -0.23312033037382834, 0.0, 0.23312033037382834,
  0.9724478965818153, 0.0]
- [0.0, 0.0, 1.0, 0.9768482930797799, -0.2139331958979724, 0.0, 0.2139331958979724,
  0.9768482930797799, 0.0]
- [0.0, 0.0, 1.0, 0.979735393737046, -0.20029617634621827, 0.0, 0.20029617634621827,
  0.979735393737046, 0.0]
- [0.0, 0.0, 1.0, 0.9823163938894387, -0.18722847618898386, 0.0, 0.18722847618898386,
  0.9823163938894387, 0.0]
- [0.0, 0.0, 1.0, 0.9857994367646169, -0.16792697959102423, 0.0, 0.16792697959102423,
  0.9857994367646169, 0.0]
- [0.0, 0.0, 1.0, 0.9875471364507635, -0.1573234034970545, 0.0, 0.1573234034970545,
  0.9875471364507635, 0.0]
- [0.0, 0.0, 1.0, 0.9897252038956079, -0.14298258905824002, 0.0, 0.14298258905824002,
  0.9897252038956079, 0.0]
- [0.0, 0.0, 1.0, 0.9923338449652387, -0.12358616482643, 0.0, 0.12358616482643, 0.9923338449652387,
  0.0]
- [0.0, 0.0, 1.0, 0.993179404427311, -0.11659618613579173, 0.0, 0.11659618613579173,
  0.993179404427311, 0.0]
- [0.0, 0.0, 1.0, 0.9950790234628897, -0.0990844945697443, 0.0, 0.0990844945697443,
  0.9950790234628897, 0.0]
- [0.0, 0.0, 1.0, 0.9964565721041949, -0.08410885750238975, 0.0, 0.08410885750238975,
  0.9964565721041949, 0.0]
- [0.0, 0.0, 1.0, 0.9970787606660335, -0.07638026596370882, 0.0, 0.07638026596370882,
  0.9970787606660335, 0.0]
- [0.0, 0.0, 1.0, 0.9983386179588798, -0.05761947493646331, 0.0, 0.05761947493646331,
  0.9983386179588798, 0.0]
- [0.0, 0.0, 1.0, 0.9989709022398413, -0.04535566643890775, 0.0, 0.04535566643890775,
  0.9989709022398413, 0.0]
- [0.0, 0.0, 1.0, 0.9993426794657352, -0.036252020609128514, 0.0, 0.036252020609128514,
  0.9993426794657352, 0.0]
- [0.0, 0.0, 1.0, 0.9998479558828011, -0.017437463031763283, 0.0, 0.017437463031763283,
  0.9998479558828011, 0.0]
- [0.0, 0.0, 1.0, 0.9999826372803551, -0.005892803901857976, 0.0, 0.005892803901857976,
  0.9999826372803551, 0.0]
- [0.0, 0.0, 1.0, 0.9999821788385777, 0.005970092566352561, 0.0, -0.005970092566352561,
  0.9999821788385777, 0.0]
- [0.0, 0.0, 1.0, 0.9997515254425209, 0.022290970713559746, 0.0, -0.022290970713559746,
  0.9997515254425209, 0.0]
- [0.0, 0.0, 1.0, 0.999357264166724, 0.03584771341662524, 0.0, -0.03584771341662524,
  0.999357264166724, 0.0]
- [0.0, 0.0, 1.0, 0.9988023983410796, 0.048926159343516004, 0.0, -0.048926159343516004,
  0.9988023983410796, 0.0]
- [0.0, 0.0, 1.0, 0.9982089907309613, 0.05982316293774266, 0.0, -0.05982316293774266,
  0.9982089907309613, 0.0]
- [0.0, 0.0, 1.0, 0.9970738817552856, 0.07644392926483513, 0.0, -0.07644392926483513,
  0.9970738817552856, 0.0]
- [0.0, 0.0, 1.0, 0.9958980061573621, 0.09048293392563318, 0.0, -0.09048293392563318,
  0.9958980061573621, 0.0]
- [0.0, 0.0, 1.0, 0.9951392397594876, 0.0984778832576585, 0.0, -0.0984778832576585,
  0.9951392397594876, 0.0]
- [0.0, 0.0, 1.0, 0.9932843188300597, 0.1156990145433578, 0.0, -0.1156990145433578,
  0.9932843188300597, 0.0]
- [0.0, 0.0, 1.0, 0.9914979663869309, 0.13012218354523813, 0.0, -0.13012218354523813,
  0.9914979663869309, 0.0]
- [0.0, 0.0, 1.0, 0.9906426651708274, 0.1364811706545627, 0.0, -0.1364811706545627,
  0.9906426651708274, 0.0]
- [0.0, 0.0, 1.0, 0.9881361730137301, 0.15358028383155092, 0.0, -0.15358028383155092,
  0.9881361730137301, 0.0]
- [0.0, 0.0, 1.0, 0.9859656903419848, 0.16694806817826185, 0.0, -0.16694806817826185,
  0.9859656903419848, 0.0]
- [0.0, 0.0, 1.0, 0.9841166767551064, 0.17752286199947798, 0.0, -0.17752286199947798,
  0.9841166767551064, 0.0]
- [0.0, 0.0, 1.0, 0.9818596711259567, 0.18960903516559582, 0.0, -0.18960903516559582,
  0.9818596711259567, 0.0]
- [0.0, 0.0, 1.0, 0.9800785325756848, 0.1986103471229343, 0.0, -0.1986103471229343,
  0.9800785325756848, 0.0]
- [0.0, 0.0, 1.0, 0.9766391724567383, 0.21488584602764724, 0.0, -0.21488584602764724,
  0.9766391724567383, 0.0]
- [0.0, 0.0, 1.0, 0.9751649186647202, 0.22147997969484612, 0.0, -0.22147997969484612,
  0.9751649186647202, 0.0]
- [0.0, 0.0, 1.0, 0.9732505159969841, 0.22974645396959714, 0.0, -0.22974645396959714,
  0.9732505159969841, 0.0]
- [0.0, 0.0, 1.0, 0.9707960516616766, 0.2399062860328998, 0.0, -0.2399062860328998,
  0.9707960516616766, 0.0]
- [0.0, 0.0, 1.0, 0.969159651365479, 0.24643370338722542, 0.0, -0.24643370338722542,
  0.969159651365479, 0.0]
- [0.0, 0.0, 1.0, 0.9675579972256674, 0.25264900950657865, 0.0, -0.25264900950657865,
  0.9675579972256674, 0.0]
- [0.0, 0.0, 1.0, 0.967083272569836, 0.25446010279730785, 0.0, -0.25446010279730785,
  0.967083272569836, 0.0]
- [0.0, 0.0, 1.0, 0.9648961851816017, 0.2626315895355934, 0.0, -0.2626315895355934,
  0.9648961851816017, 0.0]
- [0.0, 0.0, 1.0, 0.964394455065484, 0.26446802271531406, 0.0, -0.26446802271531406,
  0.964394455065484, 0.0]
- [0.0, 0.0, 1.0, 0.9636421831360623, 0.2671960757211149, 0.0, -0.2671960757211149,
  0.9636421831360623, 0.0]
- [0.0, 0.0, 1.0, 0.9634184084163718, 0.2680018103007238, 0.0, -0.2680018103007238,
  0.9634184084163718, 0.0]
- [0.0, 0.0, 1.0, 0.962502389155167, 0.2712732033773253, 0.0, -0.2712732033773253,
  0.962502389155167, 0.0]
- [0.0, 0.0, 1.0, 0.962371356861479, 0.271737688759943, 0.0, -0.271737688759943, 0.962371356861479,
  0.0]
- [0.0, 0.0, 1.0, 0.9623495433911887, 0.27181493030142845, 0.0, -0.27181493030142845,
  0.9623495433911887, 0.0]
- [0.0, 0.0, 1.0, 0.9842038816716403, 0.17703875084985188, 0.0, -0.17703875084985188,
  0.9842038816716403, 0.0]
- [0.0, 0.0, 1.0, 0.9828173396352504, 0.1845808140416795, 0.0, -0.1845808140416795,
  0.9828173396352504, 0.0]
- [0.0, 0.0, 1.0, 0.9635494148700091, 0.26753041902494556, 0.0, -0.26753041902494556,
  0.9635494148700091, 0.0]
- [0.0, 0.0, 1.0, 0.9641642036668236, 0.2653062162247987, 0.0, -0.2653062162247987,
  0.9641642036668236, 0.0]
- [0.0, 0.0, 1.0, 0.965672198876809, 0.2597637471173156, 0.0, -0.2597637471173156,
  0.965672198876809, 0.0]
- [0.0, 0.0, 1.0, 0.9667378537148732, 0.25576927531421867, 0.0, -0.25576927531421867,
  0.9667378537148732, 0.0]
- [0.0, 0.0, 1.0, 0.9682364130268061, 0.2500364943142983, 0.0, -0.2500364943142983,
  0.9682364130268061, 0.0]
- [0.0, 0.0, 1.0, 0.969404499013026, 0.2454687705051379, 0.0, -0.2454687705051379,
  0.969404499013026, 0.0]
- [0.0, 0.0, 1.0, 0.9718507732977832, 0.23559727171701408, 0.0, -0.23559727171701408,
  0.9718507732977832, 0.0]
- [0.0, 0.0, 1.0, 0.9736545842293813, 0.2280279601476767, 0.0, -0.2280279601476767,
  0.9736545842293813, 0.0]
- [0.0, 0.0, 1.0, 0.9747733914528537, 0.22319685328315342, 0.0, -0.22319685328315342,
  0.9747733914528537, 0.0]
- [0.0, 0.0, 1.0, 0.9773746813670806, 0.21151532384817348, 0.0, -0.21151532384817348,
  0.9773746813670806, 0.0]
- [0.0, 0.0, 1.0, 0.979084109891199, 0.20345590617762552, 0.0, -0.20345590617762552,
  0.979084109891199, 0.0]
- [0.0, 0.0, 1.0, 0.9807546660605359, 0.19524416764781155, 0.0, -0.19524416764781155,
  0.9807546660605359, 0.0]
- [0.0, 0.0, 1.0, 0.9827302337543093, 0.18504401548064342, 0.0, -0.18504401548064342,
  0.9827302337543093, 0.0]
- [0.0, 0.0, 1.0, 0.9847741179444096, 0.17383882370405643, 0.0, -0.17383882370405643,
  0.9847741179444096, 0.0]
- [0.0, 0.0, 1.0, 0.9865512230894941, 0.163452391296742, 0.0, -0.163452391296742,
  0.9865512230894941, 0.0]
- [0.0, 0.0, 1.0, 0.987948938737058, 0.15478014875403398, 0.0, -0.15478014875403398,
  0.987948938737058, 0.0]
- [0.0, 0.0, 1.0, 0.9902612138506756, 0.1392218673304822, 0.0, -0.1392218673304822,
  0.9902612138506756, 0.0]
- [0.0, 0.0, 1.0, 0.9918981099050455, 0.12703597745047845, 0.0, -0.12703597745047845,
  0.9918981099050455, 0.0]
- [0.0, 0.0, 1.0, 0.9929383728287808, 0.11863131021839436, 0.0, -0.11863131021839436,
  0.9929383728287808, 0.0]
- [0.0, 0.0, 1.0, 0.9950274831079396, 0.09960074226570295, 0.0, -0.09960074226570295,
  0.9950274831079396, 0.0]
- [0.0, 0.0, 1.0, 0.9960319561295523, 0.08899630536565804, 0.0, -0.08899630536565804,
  0.9960319561295523, 0.0]
- [0.0, 0.0, 1.0, 0.9967805108078518, 0.08017863352314075, 0.0, -0.08017863352314075,
  0.9967805108078518, 0.0]
- [0.0, 0.0, 1.0, 0.9971837312272306, 0.07499737445896475, 0.0, -0.07499737445896475,
  0.9971837312272306, 0.0]
- [0.0, 0.0, 1.0, 0.9977319649261573, 0.06731215465715866, 0.0, -0.06731215465715866,
  0.9977319649261573, 0.0]
- [0.0, 0.0, 1.0, 0.9992488694936537, 0.03875173306647261, 0.0, -0.03875173306647261,
  0.9992488694936537, 0.0]
- [0.0, 0.0, 1.0, 0.9998029709684102, 0.019849917952986906, 0.0, -0.019849917952986906,
  0.9998029709684102, 0.0]
- [0.0, 0.0, 1.0, 0.9999269087834752, 0.0120903718190813, 0.0, -0.0120903718190813,
  0.9999269087834752, 0.0]
- [0.0, 0.0, 1.0, 0.9999823076067333, -0.005948484976246814, 0.0, 0.005948484976246814,
  0.9999823076067333, 0.0]
- [0.0, 0.0, 1.0, 0.9997807987416834, -0.020936916378538166, 0.0, 0.020936916378538166,
  0.9997807987416834, 0.0]
- [0.0, 0.0, 1.0, 0.999506705080408, -0.031406153844527405, 0.0, 0.031406153844527405,
  0.999506705080408, 0.0]
- [0.0, 0.0, 1.0, 0.9985463738272253, -0.05389934430490869, 0.0, 0.05389934430490869,
  0.9985463738272253, 0.0]
- [0.0, 0.0, 1.0, 0.9979463914916935, -0.06405466188114325, 0.0, 0.06405466188114325,
  0.9979463914916935, 0.0]
- [0.0, 0.0, 1.0, 0.9967761691838835, -0.08023259030532455, 0.0, 0.08023259030532455,
  0.9967761691838835, 0.0]
- [0.0, 0.0, 1.0, 0.9954815653634363, -0.09495500524755249, 0.0, 0.09495500524755249,
  0.9954815653634363, 0.0]
- [0.0, 0.0, 1.0, 0.9944688415487737, -0.10503201030466973, 0.0, 0.10503201030466973,
  0.9944688415487737, 0.0]
- [0.0, 0.0, 1.0, 0.993444520268644, -0.11431528833976595, 0.0, 0.11431528833976595,
  0.993444520268644, 0.0]
- [0.0, 0.0, 1.0, 0.9926737534083769, -0.12082557384148808, 0.0, 0.12082557384148808,
  0.9926737534083769, 0.0]
- [0.0, 0.0, 1.0, 0.9784385641136795, -0.2065380745895568, 0.0, 0.2065380745895568,
  0.9784385641136795, 0.0]
- [0.0, 0.0, 1.0, -0.32545107265649414, 0.9455588819881803, 0.0, -0.9455588819881803,
  -0.32545107265649414, 0.0]
- [0.0, 0.0, 1.0, 0.038492127857378405, 0.9992589034344458, 0.0, -0.9992589034344458,
  0.038492127857378405, 0.0]
- [0.0, 0.0, 1.0, 0.038492127857378405, 0.9992589034344458, 0.0, -0.9992589034344458,
  0.038492127857378405, 0.0]
- [0.0, 0.0, 1.0, 0.038492127857378405, 0.9992589034344458, 0.0, -0.9992589034344458,
  0.038492127857378405, 0.0]
- [0.0, 0.0, 1.0, 0.038492127857365464, 0.9992589034344465, 0.0, -0.9992589034344465,
  0.038492127857365464, 0.0]
