nodes:
- [1.30767424 0.00110582 0.00000000]
- [1.29081631 0.00312576 0.00000000]
- [1.27146158 0.00654473 0.00000000]
- [1.25209449 0.00995325 0.00000000]
- [1.23272974 0.01341317 0.00000000]
- [1.21337174 0.01692259 0.00000000]
- [1.19402770 0.02050141 0.00000000]
- [1.17469369 0.02411750 0.00000000]
- [1.15536596 0.02777560 0.00000000]
- [1.13604951 0.03148567 0.00000000]
- [1.11673952 0.03522513 0.00000000]
- [1.09743910 0.03900934 0.00000000]
- [1.07814229 0.04281558 0.00000000]
- [1.05885554 0.04667315 0.00000000]
- [1.03957388 0.05055377 0.00000000]
- [1.02030303 0.05448125 0.00000000]
- [1.00101109 0.05829789 0.00000000]
- [0.98191922 0.06210681 0.00000000]
- [0.96285593 0.06605484 0.00000000]
- [0.94379760 0.07003521 0.00000000]
- [0.92474602 0.07404758 0.00000000]
- [0.90570230 0.07809143 0.00000000]
- [0.88666420 0.08215693 0.00000000]
- [0.86763095 0.08624587 0.00000000]
- [0.84860371 0.09035767 0.00000000]
- [0.82958040 0.09448380 0.00000000]
- [0.81056143 0.09862585 0.00000000]
- [0.79154503 0.10277484 0.00000000]
- [0.77253107 0.10693099 0.00000000]
- [0.75351846 0.11108665 0.00000000]
- [0.73450485 0.11523754 0.00000000]
- [0.71531132 0.11942719 0.00000000]
- [0.69611817 0.12360992 0.00000000]
- [0.67692293 0.12777602 0.00000000]
- [0.65772215 0.13192300 0.00000000]
- [0.63852225 0.13606505 0.00000000]
- [0.61931753 0.14017068 0.00000000]
- [0.60010555 0.14424677 0.00000000]
- [0.58088683 0.14829537 0.00000000]
- [0.56166876 0.15232099 0.00000000]
- [0.54243853 0.15627209 0.00000000]
- [0.52319450 0.16017424 0.00000000]
- [0.50394384 0.16403436 0.00000000]
- [0.48468499 0.16782804 0.00000000]
- [0.46541012 0.17153782 0.00000000]
- [0.44611612 0.17518006 0.00000000]
- [0.42644726 0.17677988 0.00000000]
- [0.40829568 0.17800968 0.00000000]
- [0.39050604 0.18119448 0.00000000]
- [0.37269287 0.18429490 0.00000000]
- [0.35488305 0.18737309 0.00000000]
- [0.33706513 0.19033386 0.00000000]
- [0.31808933 0.19341126 0.00000000]
- [0.29908681 0.19637340 0.00000000]
- [0.28008957 0.19929679 0.00000000]
- [0.26108181 0.20205196 0.00000000]
- [0.24204274 0.20470812 0.00000000]
- [0.22299756 0.20727337 0.00000000]
- [0.20395145 0.20970639 0.00000000]
- [0.18488871 0.21197724 0.00000000]
- [0.16578690 0.21410453 0.00000000]
- [0.14669844 0.21616765 0.00000000]
- [0.12760768 0.21799164 0.00000000]
- [0.10847956 0.21965793 0.00000000]
- [0.08934788 0.22118963 0.00000000]
- [0.07022242 0.22252411 0.00000000]
- [0.05108376 0.22363196 0.00000000]
- [0.03191395 0.22453877 0.00000000]
- [0.01276260 0.22530966 0.00000000]
- [-0.00636383 0.22576881 0.00000000]
- [-0.02553264 0.22593727 0.00000000]
- [-0.04469270 0.22596414 0.00000000]
- [-0.06381143 0.22565630 0.00000000]
- [-0.08295207 0.22503286 0.00000000]
- [-0.10208798 0.22420859 0.00000000]
- [-0.12117611 0.22308214 0.00000000]
- [-0.14024792 0.22161268 0.00000000]
- [-0.15931368 0.21987002 0.00000000]
- [-0.17832815 0.21786141 0.00000000]
- [-0.19729355 0.21547374 0.00000000]
- [-0.21624474 0.21279091 0.00000000]
- [-0.23513357 0.20984367 0.00000000]
- [-0.25395604 0.20650805 0.00000000]
- [-0.27274565 0.20289479 0.00000000]
- [-0.29144329 0.19898024 0.00000000]
- [-0.31005839 0.19466221 0.00000000]
- [-0.32860710 0.19006270 0.00000000]
- [-0.34704196 0.18507126 0.00000000]
- [-0.36539729 0.17975816 0.00000000]
- [-0.38360386 0.17410097 0.00000000]
- [-0.40166701 0.16793667 0.00000000]
- [-0.41963934 0.16151185 0.00000000]
- [-0.43739671 0.15460699 0.00000000]
- [-0.45500078 0.14730470 0.00000000]
- [-0.47227769 0.13960176 0.00000000]
- [-0.48932440 0.13141620 0.00000000]
- [-0.50610572 0.12277263 0.00000000]
- [-0.52254056 0.11354736 0.00000000]
- [-0.53972453 0.10548393 0.00000000]
- [-0.55545213 0.09751613 0.00000000]
- [-0.56958092 0.08712588 0.00000000]
- [-0.58321213 0.07617513 0.00000000]
- [-0.59595016 0.06430028 0.00000000]
- [-0.60790246 0.05173635 0.00000000]
- [-0.61952480 0.03643220 0.00000000]
- [-0.62809083 0.01957336 0.00000000]
- [-0.63196178 0.00161596 0.00000000]
- [-0.62856961 -0.01601329 0.00000000]
- [-0.61811770 -0.03123274 0.00000000]
- [-0.60401016 -0.04413969 0.00000000]
- [-0.58841299 -0.05556917 0.00000000]
- [-0.57207689 -0.06611442 0.00000000]
- [-0.55510249 -0.07575391 0.00000000]
- [-0.53773344 -0.08475946 0.00000000]
- [-0.52002124 -0.09312357 0.00000000]
- [-0.50205737 -0.10099459 0.00000000]
- [-0.48389050 -0.10841288 0.00000000]
- [-0.46484041 -0.11346972 0.00000000]
- [-0.44360649 -0.11882211 0.00000000]
- [-0.42291773 -0.12564229 0.00000000]
- [-0.40455864 -0.13125591 0.00000000]
- [-0.38609500 -0.13655041 0.00000000]
- [-0.36750722 -0.14149486 0.00000000]
- [-0.34888053 -0.14622360 0.00000000]
- [-0.33014881 -0.15051739 0.00000000]
- [-0.31133569 -0.15461047 0.00000000]
- [-0.29250591 -0.15841129 0.00000000]
- [-0.27356896 -0.16181269 0.00000000]
- [-0.25459592 -0.16506883 0.00000000]
- [-0.23560407 -0.16795506 0.00000000]
- [-0.21651964 -0.17051860 0.00000000]
- [-0.19741679 -0.17292433 0.00000000]
- [-0.17830193 -0.17498417 0.00000000]
- [-0.15912929 -0.17676515 0.00000000]
- [-0.13993225 -0.17833519 0.00000000]
- [-0.12074104 -0.17964567 0.00000000]
- [-0.10152386 -0.18063516 0.00000000]
- [-0.08226168 -0.18139499 0.00000000]
- [-0.06303406 -0.18198681 0.00000000]
- [-0.04381307 -0.18216687 0.00000000]
- [-0.02453047 -0.18211091 0.00000000]
- [-0.00529051 -0.18191877 0.00000000]
- [0.01391927 -0.18130268 0.00000000]
- [0.03317779 -0.18045314 0.00000000]
- [0.05240907 -0.17943952 0.00000000]
- [0.07159175 -0.17810868 0.00000000]
- [0.09077460 -0.17648303 0.00000000]
- [0.10995799 -0.17463780 0.00000000]
- [0.12909891 -0.17259234 0.00000000]
- [0.14818169 -0.17023579 0.00000000]
- [0.16726647 -0.16757103 0.00000000]
- [0.18634453 -0.16478009 0.00000000]
- [0.20533176 -0.16174790 0.00000000]
- [0.22428526 -0.15834836 0.00000000]
- [0.24324976 -0.15481982 0.00000000]
- [0.26214156 -0.15108613 0.00000000]
- [0.28097322 -0.14708547 0.00000000]
- [0.29978020 -0.14284961 0.00000000]
- [0.31858612 -0.13844986 0.00000000]
- [0.33733693 -0.13398749 0.00000000]
- [0.35601050 -0.12919600 0.00000000]
- [0.37472285 -0.12433750 0.00000000]
- [0.39376833 -0.11929445 0.00000000]
- [0.41278170 -0.11417424 0.00000000]
- [0.43176357 -0.10891195 0.00000000]
- [0.45075642 -0.10359354 0.00000000]
- [0.46974042 -0.09824935 0.00000000]
- [0.48870480 -0.09285001 0.00000000]
- [0.50823341 -0.08937018 0.00000000]
- [0.52704358 -0.08609509 0.00000000]
- [0.54529382 -0.08085298 0.00000000]
- [0.56355641 -0.07564835 0.00000000]
- [0.58182458 -0.07045634 0.00000000]
- [0.60011043 -0.06531728 0.00000000]
- [0.61841433 -0.06021054 0.00000000]
- [0.63675593 -0.05522829 0.00000000]
- [0.65510913 -0.05030889 0.00000000]
- [0.67348988 -0.04547144 0.00000000]
- [0.69190937 -0.04073853 0.00000000]
- [0.71037699 -0.03618288 0.00000000]
- [0.72886431 -0.03176418 0.00000000]
- [0.74775208 -0.02732551 0.00000000]
- [0.76670210 -0.02311261 0.00000000]
- [0.78568024 -0.01906339 0.00000000]
- [0.80468867 -0.01518020 0.00000000]
- [0.82373677 -0.01141906 0.00000000]
- [0.84284923 -0.00795229 0.00000000]
- [0.86197241 -0.00468434 0.00000000]
- [0.88113159 -0.00150545 0.00000000]
- [0.90036104 0.00130182 0.00000000]
- [0.91959442 0.00390589 0.00000000]
- [0.93886695 0.00634805 0.00000000]
- [0.95818310 0.00843919 0.00000000]
- [0.97750678 0.01033514 0.00000000]
- [0.99687320 0.01187111 0.00000000]
- [1.01654866 0.01313723 0.00000000]
- [1.03622828 0.01430345 0.00000000]
- [1.05593332 0.01519375 0.00000000]
- [1.07564414 0.01575718 0.00000000]
- [1.09536051 0.01609728 0.00000000]
- [1.11508932 0.01611167 0.00000000]
- [1.13480816 0.01580793 0.00000000]
- [1.15453238 0.01525105 0.00000000]
- [1.17423587 0.01427862 0.00000000]
- [1.19392323 0.01308723 0.00000000]
- [1.21359131 0.01152387 0.00000000]
- [1.23321785 0.00968366 0.00000000]
- [1.25281707 0.00763466 0.00000000]
- [1.27238419 0.00537095 0.00000000]
- [1.29192060 0.00298085 0.00000000]
- [1.30811888 -0.00049925 0.00000000]
- [0.72956938 -0.01338897 0.00000000]
- [0.73027444 0.00498625 0.00000000]
- [0.73097951 0.02336146 0.00000000]
- [0.73168458 0.04173668 0.00000000]
- [0.73238965 0.06011189 0.00000000]
- [0.73309471 0.07848711 0.00000000]
- [0.73379978 0.09686232 0.00000000]
- [-0.42520938 -0.10614608 0.00000000]
- [-0.42750102 -0.08664986 0.00000000]
- [-0.42979267 -0.06715365 0.00000000]
- [-0.43208432 -0.04765743 0.00000000]
- [-0.43437596 -0.02816122 0.00000000]
- [-0.43666761 -0.00866501 0.00000000]
- [-0.43895925 0.01083121 0.00000000]
- [-0.44125090 0.03032742 0.00000000]
- [-0.44354255 0.04982363 0.00000000]
- [-0.44583419 0.06931985 0.00000000]
- [-0.44812584 0.08881606 0.00000000]
- [-0.45041749 0.10831228 0.00000000]
- [-0.45270913 0.12780849 0.00000000]
- [0.37236924 -0.10467054 0.00000000]
- [0.37001563 -0.08500358 0.00000000]
- [0.36766203 -0.06533662 0.00000000]
- [0.36530842 -0.04566966 0.00000000]
- [0.36295481 -0.02600270 0.00000000]
- [0.36060120 -0.00633574 0.00000000]
- [0.35824760 0.01333122 0.00000000]
- [0.35589399 0.03299818 0.00000000]
- [0.35354038 0.05266514 0.00000000]
- [0.35118677 0.07233210 0.00000000]
- [0.34883317 0.09199906 0.00000000]
- [0.34647956 0.11166602 0.00000000]
- [0.34412595 0.13133298 0.00000000]
- [0.34177234 0.15099994 0.00000000]
- [0.33941874 0.17066690 0.00000000]
elements:
- [1 2]
- [2 3]
- [3 4]
- [4 5]
- [5 6]
- [6 7]
- [7 8]
- [8 9]
- [9 10]
- [10 11]
- [11 12]
- [12 13]
- [13 14]
- [14 15]
- [15 16]
- [16 17]
- [17 18]
- [18 19]
- [19 20]
- [20 21]
- [21 22]
- [22 23]
- [23 24]
- [24 25]
- [25 26]
- [26 27]
- [27 28]
- [28 29]
- [29 30]
- [30 31]
- [31 32]
- [32 33]
- [33 34]
- [34 35]
- [35 36]
- [36 37]
- [37 38]
- [38 39]
- [39 40]
- [40 41]
- [41 42]
- [42 43]
- [43 44]
- [44 45]
- [45 46]
- [46 47]
- [47 48]
- [48 49]
- [49 50]
- [50 51]
- [51 52]
- [52 53]
- [53 54]
- [54 55]
- [55 56]
- [56 57]
- [57 58]
- [58 59]
- [59 60]
- [60 61]
- [61 62]
- [62 63]
- [63 64]
- [64 65]
- [65 66]
- [66 67]
- [67 68]
- [68 69]
- [69 70]
- [70 71]
- [71 72]
- [72 73]
- [73 74]
- [74 75]
- [75 76]
- [76 77]
- [77 78]
- [78 79]
- [79 80]
- [80 81]
- [81 82]
- [82 83]
- [83 84]
- [84 85]
- [85 86]
- [86 87]
- [87 88]
- [88 89]
- [89 90]
- [90 91]
- [91 92]
- [92 93]
- [93 94]
- [94 95]
- [95 96]
- [96 97]
- [97 98]
- [98 99]
- [99 100]
- [100 101]
- [101 102]
- [102 103]
- [103 104]
- [104 105]
- [105 106]
- [106 107]
- [107 108]
- [108 109]
- [109 110]
- [110 111]
- [111 112]
- [112 113]
- [113 114]
- [114 115]
- [115 116]
- [116 117]
- [117 118]
- [118 119]
- [119 120]
- [120 121]
- [121 122]
- [122 123]
- [123 124]
- [124 125]
- [125 126]
- [126 127]
- [127 128]
- [128 129]
- [129 130]
- [130 131]
- [131 132]
- [132 133]
- [133 134]
- [134 135]
- [135 136]
- [136 137]
- [137 138]
- [138 139]
- [139 140]
- [140 141]
- [141 142]
- [142 143]
- [143 144]
- [144 145]
- [145 146]
- [146 147]
- [147 148]
- [148 149]
- [149 150]
- [150 151]
- [151 152]
- [152 153]
- [153 154]
- [154 155]
- [155 156]
- [156 157]
- [157 158]
- [158 159]
- [159 160]
- [160 161]
- [161 162]
- [162 163]
- [163 164]
- [164 165]
- [165 166]
- [166 167]
- [167 168]
- [168 169]
- [169 170]
- [170 171]
- [171 172]
- [172 173]
- [173 174]
- [174 175]
- [175 176]
- [176 177]
- [177 178]
- [178 179]
- [179 180]
- [180 181]
- [181 182]
- [182 183]
- [183 184]
- [184 185]
- [185 186]
- [186 187]
- [187 188]
- [188 189]
- [189 190]
- [190 191]
- [191 192]
- [192 193]
- [193 194]
- [194 195]
- [195 196]
- [196 197]
- [197 198]
- [198 199]
- [199 200]
- [200 201]
- [201 202]
- [202 203]
- [203 204]
- [204 205]
- [205 206]
- [206 207]
- [207 208]
- [208 209]
- [209 210]
- [210 211]
- [211 1]
- [181 212]
- [212 213]
- [213 214]
- [214 215]
- [215 216]
- [216 217]
- [217 218]
- [218 31]
- [120 219]
- [219 220]
- [220 221]
- [221 222]
- [222 223]
- [223 224]
- [224 225]
- [225 226]
- [226 227]
- [227 228]
- [228 229]
- [229 230]
- [230 231]
- [231 94]
- [162 232]
- [232 233]
- [233 234]
- [234 235]
- [235 236]
- [236 237]
- [237 238]
- [238 239]
- [239 240]
- [240 241]
- [241 242]
- [242 243]
- [243 244]
- [244 245]
- [245 246]
- [246 52]
sets:
  element:
  - name: layup_0
    labels:
    - 1
    - 2
    - 3
    - 4
    - 5
    - 6
    - 7
    - 8
    - 9
    - 10
    - 11
    - 12
    - 13
    - 14
    - 15
    - 16
    - 195
    - 196
    - 197
    - 198
    - 199
    - 200
    - 201
    - 202
    - 203
    - 204
    - 205
    - 206
    - 207
    - 208
    - 209
    - 210
    - 211
  - name: layup_1
    labels:
    - 17
    - 18
    - 19
    - 20
    - 21
    - 22
    - 23
    - 24
    - 25
    - 26
    - 27
    - 28
    - 29
    - 30
    - 31
    - 32
    - 33
    - 34
    - 35
    - 36
    - 37
    - 38
    - 39
    - 40
    - 41
    - 42
    - 43
    - 44
    - 45
    - 46
    - 99
    - 100
    - 101
    - 102
    - 103
    - 110
    - 111
    - 112
    - 113
    - 114
    - 115
    - 116
    - 117
    - 169
    - 170
    - 171
    - 172
    - 173
    - 174
    - 175
    - 176
    - 177
    - 178
    - 179
    - 180
    - 181
    - 182
    - 183
    - 184
    - 185
    - 186
    - 187
    - 188
    - 189
    - 190
    - 191
    - 192
    - 193
    - 194
  - name: layup_2
    labels:
    - 47
    - 48
    - 49
    - 50
    - 51
    - 52
    - 53
    - 54
    - 55
    - 56
    - 57
    - 58
    - 59
    - 60
    - 61
    - 62
    - 63
    - 64
    - 65
    - 66
    - 67
    - 68
    - 69
    - 70
    - 71
    - 72
    - 73
    - 74
    - 75
    - 76
    - 77
    - 78
    - 79
    - 80
    - 81
    - 82
    - 83
    - 84
    - 85
    - 86
    - 87
    - 88
    - 89
    - 90
    - 91
    - 92
    - 93
    - 94
    - 95
    - 96
    - 97
    - 98
    - 118
    - 119
    - 120
    - 121
    - 122
    - 123
    - 124
    - 125
    - 126
    - 127
    - 128
    - 129
    - 130
    - 131
    - 132
    - 133
    - 134
    - 135
    - 136
    - 137
    - 138
    - 139
    - 140
    - 141
    - 142
    - 143
    - 144
    - 145
    - 146
    - 147
    - 148
    - 149
    - 150
    - 151
    - 152
    - 153
    - 154
    - 155
    - 156
    - 157
    - 158
    - 159
    - 160
    - 161
    - 162
    - 163
    - 164
    - 165
    - 166
    - 167
    - 168
  - name: layup_3
    labels:
    - 104
    - 105
    - 106
    - 107
    - 108
    - 109
  - name: layup_4
    labels:
    - 212
    - 213
    - 214
    - 215
    - 216
    - 217
    - 218
    - 219
  - name: layup_5
    labels:
    - 220
    - 221
    - 222
    - 223
    - 224
    - 225
    - 226
    - 227
    - 228
    - 229
    - 230
    - 231
    - 232
    - 233
    - 234
    - 235
    - 236
    - 237
    - 238
    - 239
    - 240
    - 241
    - 242
    - 243
    - 244
    - 245
    - 246
    - 247
    - 248
    - 249
sections:
- type: shell
  elementSet: layup_0
  layup:
  - - gelcoat
    - 0.0005
    - 0.0
  - - glass_triax
    - 0.00288588
    - 0.0
  - - glass_uniax
    - 0.00216
    - 0.0
  - - glass_triax
    - 0.00288588
    - 0.0
- type: shell
  elementSet: layup_1
  layup:
  - - gelcoat
    - 0.0005
    - 0.0
  - - glass_triax
    - 0.00288588
    - 0.0
  - - medium_density_foam
    - 0.00265694
    - 0.0
  - - glass_triax
    - 0.00288588
    - 0.0
- type: shell
  elementSet: layup_2
  layup:
  - - gelcoat
    - 0.0005
    - 0.0
  - - glass_triax
    - 0.00288588
    - 0.0
  - - carbon_uniax
    - 0.01083894
    - 0.0
  - - glass_triax
    - 0.00288588
    - 0.0
- type: shell
  elementSet: layup_3
  layup:
  - - gelcoat
    - 0.0005
    - 0.0
  - - glass_triax
    - 0.00288588
    - 0.0
  - - glass_uniax
    - 0.00166
    - 0.0
  - - glass_triax
    - 0.00288588
    - 0.0
- type: shell
  elementSet: layup_4
  layup:
  - - glass_biax
    - 0.002
    - 0.0
  - - medium_density_foam
    - 0.03
    - 0.0
  - - glass_biax
    - 0.002
    - 0.0
- type: shell
  elementSet: layup_5
  layup:
  - - glass_biax
    - 0.002
    - 0.0
  - - medium_density_foam
    - 0.014
    - 0.0
  - - glass_biax
    - 0.002
    - 0.0
elementOrientations:
- [0.0, 0.0, 1.0, -0.992897810265637, 0.11897032558458881, 0.0, -0.11897032558458881,
  -0.992897810265637, 0.0]
- [0.0, 0.0, 1.0, -0.9847536643284033, 0.1739546509633546, 0.0, -0.1739546509633546,
  -0.9847536643284033, 0.0]
- [0.0, 0.0, 1.0, -0.984863498930812, 0.17333172956431953, 0.0, -0.17333172956431953,
  -0.984863498930812, 0.0]
- [0.0, 0.0, 1.0, -0.984410641721584, 0.17588544131138076, 0.0, -0.17588544131138076,
  -0.984410641721584, 0.0]
- [0.0, 0.0, 1.0, -0.9839611845300913, 0.17838269909982712, 0.0, -0.17838269909982712,
  -0.9839611845300913, 0.0]
- [0.0, 0.0, 1.0, -0.9833129830934735, 0.18192189884622006, 0.0, -0.18192189884622006,
  -0.9833129830934735, 0.0]
- [0.0, 0.0, 1.0, -0.9829553527453594, 0.18384443018282046, 0.0, -0.18384443018282046,
  -0.9829553527453594, 0.0]
- [0.0, 0.0, 1.0, -0.9825562379674129, 0.18596569369462934, 0.0, -0.18596569369462934,
  -0.9825562379674129, 0.0]
- [0.0, 0.0, 1.0, -0.982050095164915, 0.1886202814826164, 0.0, -0.1886202814826164,
  -0.982050095164915, 0.0]
- [0.0, 0.0, 1.0, -0.9817604514120066, 0.190122108244394, 0.0, -0.190122108244394,
  -0.9817604514120066, 0.0]
- [0.0, 0.0, 1.0, -0.9813156006772144, 0.19240502038023347, 0.0, -0.19240502038023347,
  -0.9813156006772144, 0.0]
- [0.0, 0.0, 1.0, -0.9810965970262584, 0.19351864846441952, 0.0, -0.19351864846441952,
  -0.9810965970262584, 0.0]
- [0.0, 0.0, 1.0, -0.9805784892847791, 0.1961270668520293, 0.0, -0.1961270668520293,
  -0.9805784892847791, 0.0]
- [0.0, 0.0, 1.0, -0.9803425071423689, 0.19730324044428296, 0.0, -0.19730324044428296,
  -0.9803425071423689, 0.0]
- [0.0, 0.0, 1.0, -0.9798573321634753, 0.19969879470211366, 0.0, -0.19969879470211366,
  -0.9798573321634753, 0.0]
- [0.0, 0.0, 1.0, -0.9809867901986608, 0.19407451521446256, 0.0, -0.19407451521446256,
  -0.9809867901986608, 0.0]
- [0.0, 0.0, 1.0, -0.9806739621835086, 0.19564912444296434, 0.0, -0.19564912444296434,
  -0.9806739621835086, 0.0]
- [0.0, 0.0, 1.0, -0.9792205606344051, 0.20279815983100408, 0.0, -0.20279815983100408,
  -0.9792205606344051, 0.0]
- [0.0, 0.0, 1.0, -0.9788789494995443, 0.2044407058945662, 0.0, -0.2044407058945662,
  -0.9788789494995443, 0.0]
- [0.0, 0.0, 1.0, -0.9785341448893264, 0.20608475752882544, 0.0, -0.20608475752882544,
  -0.9785341448893264, 0.0]
- [0.0, 0.0, 1.0, -0.9781895737144718, 0.2077141253653684, 0.0, -0.2077141253653684,
  -0.9781895737144718, 0.0]
- [0.0, 0.0, 1.0, -0.9779504480710995, 0.20883706835122806, 0.0, -0.20883706835122806,
  -0.9779504480710995, 0.0]
- [0.0, 0.0, 1.0, -0.9776930225062739, 0.2100389338730954, 0.0, -0.2100389338730954,
  -0.9776930225062739, 0.0]
- [0.0, 0.0, 1.0, -0.9774374439087775, 0.21122510088783347, 0.0, -0.21122510088783347,
  -0.9774374439087775, 0.0]
- [0.0, 0.0, 1.0, -0.977276159881463, 0.21197006233744736, 0.0, -0.21197006233744736,
  -0.977276159881463, 0.0]
- [0.0, 0.0, 1.0, -0.9770964791701074, 0.2127967819149989, 0.0, -0.2127967819149989,
  -0.9770964791701074, 0.0]
- [0.0, 0.0, 1.0, -0.9770162021418575, 0.21316505518565002, 0.0, -0.21316505518565002,
  -0.9770162021418575, 0.0]
- [0.0, 0.0, 1.0, -0.9769338686489476, 0.21354207146742926, 0.0, -0.21354207146742926,
  -0.9769338686489476, 0.0]
- [0.0, 0.0, 1.0, -0.9769358309980103, 0.2135330937167051, 0.0, -0.2135330937167051,
  -0.9769358309980103, 0.0]
- [0.0, 0.0, 1.0, -0.9769894167830848, 0.21328778561804188, 0.0, -0.21328778561804188,
  -0.9769894167830848, 0.0]
- [0.0, 0.0, 1.0, -0.9769948741590899, 0.2132627859399386, 0.0, -0.2132627859399386,
  -0.9769948741590899, 0.0]
- [0.0, 0.0, 1.0, -0.9770672748846351, 0.2129308346611946, 0.0, -0.2129308346611946,
  -0.9770672748846351, 0.0]
- [0.0, 0.0, 1.0, -0.9772480147229264, 0.21209978246122488, 0.0, -0.21209978246122488,
  -0.9772480147229264, 0.0]
- [0.0, 0.0, 1.0, -0.9774619042138598, 0.2111118798424547, 0.0, -0.2111118798424547,
  -0.9774619042138598, 0.0]
- [0.0, 0.0, 1.0, -0.9775115869156573, 0.21088171434629732, 0.0, -0.21088171434629732,
  -0.9775115869156573, 0.0]
- [0.0, 0.0, 1.0, -0.9779031418584754, 0.2090584730244684, 0.0, -0.2090584730244684,
  -0.9779031418584754, 0.0]
- [0.0, 0.0, 1.0, -0.9782256314322306, 0.20754424590677933, 0.0, -0.20754424590677933,
  -0.9782256314322306, 0.0]
- [0.0, 0.0, 1.0, -0.9785235944861609, 0.2061348467238945, 0.0, -0.2061348467238945,
  -0.9785235944861609, 0.0]
- [0.0, 0.0, 1.0, -0.9787576096910868, 0.20502083179957578, 0.0, -0.20502083179957578,
  -0.9787576096910868, 0.0]
- [0.0, 0.0, 1.0, -0.9795380680810932, 0.20125897043351765, 0.0, -0.20125897043351765,
  -0.9795380680810932, 0.0]
- [0.0, 0.0, 1.0, -0.9800547601789077, 0.19872762025109647, 0.0, -0.19872762025109647,
  -0.9800547601789077, 0.0]
- [0.0, 0.0, 1.0, -0.9804826868722017, 0.19660544433933658, 0.0, -0.19660544433933658,
  -0.9804826868722017, 0.0]
- [0.0, 0.0, 1.0, -0.9811457413949215, 0.19326933057940116, 0.0, -0.19326933057940116,
  -0.9811457413949215, 0.0]
- [0.0, 0.0, 1.0, -0.9819773503551269, 0.18899863330067826, 0.0, -0.18899863330067826,
  -0.9819773503551269, 0.0]
- [0.0, 0.0, 1.0, -0.9826443237336042, 0.18549968472783865, 0.0, -0.18549968472783865,
  -0.9826443237336042, 0.0]
- [0.0, 0.0, 1.0, -0.9967084512537956, 0.08106949610833866, 0.0, -0.08106949610833866,
  -0.9967084512537956, 0.0]
- [0.0, 0.0, 1.0, -0.9977126976377294, 0.06759713730953804, 0.0, -0.06759713730953804,
  -0.9977126976377294, 0.0]
- [0.0, 0.0, 1.0, -0.9843501344224518, 0.1762237579400151, 0.0, -0.1762237579400151,
  -0.9843501344224518, 0.0]
- [0.0, 0.0, 1.0, -0.9851886642736671, 0.17147389243458488, 0.0, -0.17147389243458488,
  -0.9851886642736671, 0.0]
- [0.0, 0.0, 1.0, -0.9853902169224532, 0.17031183280535958, 0.0, -0.17031183280535958,
  -0.9853902169224532, 0.0]
- [0.0, 0.0, 1.0, -0.9864736022612025, 0.16392020022500858, 0.0, -0.16392020022500858,
  -0.9864736022612025, 0.0]
- [0.0, 0.0, 1.0, -0.9871034419692163, 0.16008371201507743, 0.0, -0.16008371201507743,
  -0.9871034419692163, 0.0]
- [0.0, 0.0, 1.0, -0.9880675254926921, 0.15402131367686797, 0.0, -0.15402131367686797,
  -0.9880675254926921, 0.0]
- [0.0, 0.0, 1.0, -0.98836592984996, 0.1520946702281978, 0.0, -0.1520946702281978,
  -0.98836592984996, 0.0]
- [0.0, 0.0, 1.0, -0.9896574658061249, 0.1434506896957926, 0.0, -0.1434506896957926,
  -0.9896574658061249, 0.0]
- [0.0, 0.0, 1.0, -0.9904081743948129, 0.1381725301640447, 0.0, -0.1381725301640447,
  -0.9904081743948129, 0.0]
- [0.0, 0.0, 1.0, -0.9910504975724579, 0.13348749477529193, 0.0, -0.13348749477529193,
  -0.9910504975724579, 0.0]
- [0.0, 0.0, 1.0, -0.9919392875185515, 0.12671404767107766, 0.0, -0.12671404767107766,
  -0.9919392875185515, 0.0]
- [0.0, 0.0, 1.0, -0.9929792606697186, 0.11828857882238253, 0.0, -0.11828857882238253,
  -0.9929792606697186, 0.0]
- [0.0, 0.0, 1.0, -0.9938558968998139, 0.11068177897678669, 0.0, -0.11068177897678669,
  -0.9938558968998139, 0.0]
- [0.0, 0.0, 1.0, -0.9942098101612801, 0.1074562858983658, 0.0, -0.1074562858983658,
  -0.9942098101612801, 0.0]
- [0.0, 0.0, 1.0, -0.9954667671035068, 0.09511001836027803, 0.0, -0.09511001836027803,
  -0.9954667671035068, 0.0]
- [0.0, 0.0, 1.0, -0.9962272024194283, 0.08678341523332468, 0.0, -0.08678341523332468,
  -0.9962272024194283, 0.0]
- [0.0, 0.0, 1.0, -0.9968104645395172, 0.07980537440869528, 0.0, -0.07980537440869528,
  -0.9968104645395172, 0.0]
- [0.0, 0.0, 1.0, -0.9975745614094281, 0.06960599420155658, 0.0, -0.06960599420155658,
  -0.9975745614094281, 0.0]
- [0.0, 0.0, 1.0, -0.9983288483926679, 0.05778849770473055, 0.0, -0.05778849770473055,
  -0.9983288483926679, 0.0]
- [0.0, 0.0, 1.0, -0.9988830154405408, 0.04725168213314899, 0.0, -0.04725168213314899,
  -0.9988830154405408, 0.0]
- [0.0, 0.0, 1.0, -0.9991908575728332, 0.040219773033496595, 0.0, -0.040219773033496595,
  -0.9991908575728332, 0.0]
- [0.0, 0.0, 1.0, -0.9997119816185331, 0.02399903765457693, 0.0, -0.02399903765457693,
  -0.9997119816185331, 0.0]
- [0.0, 0.0, 1.0, -0.9999613837047022, 0.008788122630983275, 0.0, -0.008788122630983275,
  -0.9999613837047022, 0.0]
- [0.0, 0.0, 1.0, -0.9999990169750756, 0.0014021586508319267, 0.0, -0.0014021586508319267,
  -0.9999990169750756, 0.0]
- [0.0, 0.0, 1.0, -0.9998703946460857, -0.016099500311525218, 0.0, 0.016099500311525218,
  -0.9998703946460857, 0.0]
- [0.0, 0.0, 1.0, -0.9994699780799959, -0.032554000011865446, 0.0, 0.032554000011865446,
  -0.9994699780799959, 0.0]
- [0.0, 0.0, 1.0, -0.9990735808614073, -0.04303463750009807, 0.0, 0.04303463750009807,
  -0.9990735808614073, 0.0]
- [0.0, 0.0, 1.0, -0.9982632434637112, -0.05891092215634751, 0.0, 0.05891092215634751,
  -0.9982632434637112, 0.0]
- [0.0, 0.0, 1.0, -0.9970449112212983, -0.07682086310184956, 0.0, 0.07682086310184956,
  -0.9970449112212983, 0.0]
- [0.0, 0.0, 1.0, -0.9958487507934661, -0.09102343403263209, 0.0, 0.09102343403263209,
  -0.9958487507934661, 0.0]
- [0.0, 0.0, 1.0, -0.9944667925155563, -0.10505140924243508, 0.0, 0.10505140924243508,
  -0.9944667925155563, 0.0]
- [0.0, 0.0, 1.0, -0.992168123628252, -0.12490962515352332, 0.0, 0.12490962515352332,
  -0.992168123628252, 0.0]
- [0.0, 0.0, 1.0, -0.9901277358701965, -0.14016799442297206, 0.0, 0.14016799442297206,
  -0.9901277358701965, 0.0]
- [0.0, 0.0, 1.0, -0.988045070094314, -0.15416529915101498, 0.0, 0.15416529915101498,
  -0.988045070094314, 0.0]
- [0.0, 0.0, 1.0, -0.9846578324284694, -0.1744962837348352, 0.0, 0.1744962837348352,
  -0.9846578324284694, 0.0]
- [0.0, 0.0, 1.0, -0.9820077087544296, -0.1888408323082576, 0.0, 0.1888408323082576,
  -0.9820077087544296, 0.0]
- [0.0, 0.0, 1.0, -0.9787791948980267, -0.2049177582220992, 0.0, 0.2049177582220992,
  -0.9787791948980267, 0.0]
- [0.0, 0.0, 1.0, -0.9741356294324407, -0.2259641021716997, 0.0, 0.2259641021716997,
  -0.9741356294324407, 0.0]
- [0.0, 0.0, 1.0, -0.970604509548856, -0.24068004911796226, 0.0, 0.24068004911796226,
  -0.970604509548856, 0.0]
- [0.0, 0.0, 1.0, -0.9652439714093484, -0.2613504843269074, 0.0, 0.2613504843269074,
  -0.9652439714093484, 0.0]
- [0.0, 0.0, 1.0, -0.960568157836731, -0.2780446261846275, 0.0, 0.2780446261846275,
  -0.960568157836731, 0.0]
- [0.0, 0.0, 1.0, -0.9549620827940738, -0.2967278558302277, 0.0, 0.2967278558302277,
  -0.9549620827940738, 0.0]
- [0.0, 0.0, 1.0, -0.9464075362360079, -0.32297488347499914, 0.0, 0.32297488347499914,
  -0.9464075362360079, 0.0]
- [0.0, 0.0, 1.0, -0.9416401898097235, -0.33662108213109243, 0.0, 0.33662108213109243,
  -0.9416401898097235, 0.0]
- [0.0, 0.0, 1.0, -0.9320185945421116, -0.36241045711699227, 0.0, 0.36241045711699227,
  -0.9320185945421116, 0.0]
- [0.0, 0.0, 1.0, -0.9236856355156338, -0.38315120610808423, 0.0, 0.38315120610808423,
  -0.9236856355156338, 0.0]
- [0.0, 0.0, 1.0, -0.9133337898462963, -0.4072117241988514, 0.0, 0.4072117241988514,
  -0.9133337898462963, 0.0]
- [0.0, 0.0, 1.0, -0.9014583242583292, -0.43286590259035784, 0.0, 0.43286590259035784,
  -0.9014583242583292, 0.0]
- [0.0, 0.0, 1.0, -0.8890038525196072, -0.4578997163193011, 0.0, 0.4578997163193011,
  -0.8890038525196072, 0.0]
- [0.0, 0.0, 1.0, -0.8720132168720371, -0.4894823281799676, 0.0, 0.4894823281799676,
  -0.8720132168720371, 0.0]
- [0.0, 0.0, 1.0, -0.9052879880709473, -0.42479837411936555, 0.0, 0.42479837411936555,
  -0.9052879880709473, 0.0]
- [0.0, 0.0, 1.0, -0.892055292871505, -0.45192627104421984, 0.0, 0.45192627104421984,
  -0.892055292871505, 0.0]
- [0.0, 0.0, 1.0, -0.805611877097029, -0.5924436711453684, 0.0, 0.5924436711453684,
  -0.805611877097029, 0.0]
- [0.0, 0.0, 1.0, -0.7795901289147682, -0.6262900533288509, 0.0, 0.6262900533288509,
  -0.7795901289147682, 0.0]
- [0.0, 0.0, 1.0, -0.7314551151810315, -0.681889591118316, 0.0, 0.681889591118316,
  -0.7314551151810315, 0.0]
- [0.0, 0.0, 1.0, -0.6892516751189531, -0.7245219999045697, 0.0, 0.7245219999045697,
  -0.6892516751189531, 0.0]
- [0.0, 0.0, 1.0, -0.6047925062471021, -0.7963830889636903, 0.0, 0.7963830889636903,
  -0.6047925062471021, 0.0]
- [0.0, 0.0, 1.0, -0.4529836277971064, -0.8915188348811104, 0.0, 0.8915188348811104,
  -0.4529836277971064, 0.0]
- [0.0, 0.0, 1.0, -0.2107223457155223, -0.9775459544267716, 0.0, 0.9775459544267716,
  -0.2107223457155223, 0.0]
- [0.0, 0.0, 1.0, 0.18895072661525691, -0.9819865696187328, 0.0, 0.9819865696187328,
  0.18895072661525691, 0.0]
- [0.0, 0.0, 1.0, 0.5661073516499657, -0.8243315270010375, 0.0, 0.8243315270010375,
  0.5661073516499657, 0.0]
- [0.0, 0.0, 1.0, 0.7378039563020504, -0.6750150532136614, 0.0, 0.6750150532136614,
  0.7378039563020504, 0.0]
- [0.0, 0.0, 1.0, 0.8066131728243773, -0.5910796811143073, 0.0, 0.5910796811143073,
  0.8066131728243773, 0.0]
- [0.0, 0.0, 1.0, 0.8401601860985011, -0.5423383277023044, 0.0, 0.5423383277023044,
  0.8401601860985011, 0.0]
- [0.0, 0.0, 1.0, 0.8695676882957568, -0.4938137659806311, 0.0, 0.4938137659806311,
  0.8695676882957568, 0.0]
- [0.0, 0.0, 1.0, 0.8877675216837908, -0.4602921109941166, 0.0, 0.4602921109941166,
  0.8877675216837908, 0.0]
- [0.0, 0.0, 1.0, 0.904248384117983, -0.42700686156081447, 0.0, 0.42700686156081447,
  0.904248384117983, 0.0]
- [0.0, 0.0, 1.0, 0.9159357393035529, -0.4013249574427863, 0.0, 0.4013249574427863,
  0.9159357393035529, 0.0]
- [0.0, 0.0, 1.0, 0.9257898138383412, -0.37803864960235123, 0.0, 0.37803864960235123,
  0.9257898138383412, 0.0]
- [0.0, 0.0, 1.0, 0.9665271945224693, -0.25656418738499864, 0.0, 0.25656418738499864,
  0.9665271945224693, 0.0]
- [0.0, 0.0, 1.0, 0.9696688688822498, -0.24442234906124768, 0.0, 0.24442234906124768,
  0.9696688688822498, 0.0]
- [0.0, 0.0, 1.0, 0.9497257322113868, -0.31308310969380826, 0.0, 0.31308310969380826,
  0.9497257322113868, 0.0]
- [0.0, 0.0, 1.0, 0.9562947596976983, -0.29240439903449017, 0.0, 0.29240439903449017,
  0.9562947596976983, 0.0]
- [0.0, 0.0, 1.0, 0.9612599180222496, -0.27564355607171, 0.0, 0.27564355607171, 0.9612599180222496,
  0.0]
- [0.0, 0.0, 1.0, 0.9663937856515336, -0.25706623865085426, 0.0, 0.25706623865085426,
  0.9663937856515336, 0.0]
- [0.0, 0.0, 1.0, 0.9692537436170878, -0.24606336680672394, 0.0, 0.24606336680672394,
  0.9692537436170878, 0.0]
- [0.0, 0.0, 1.0, 0.9747197599431091, -0.22343095035479676, 0.0, 0.22343095035479676,
  0.9747197599431091, 0.0]
- [0.0, 0.0, 1.0, 0.9771411421297973, -0.21259159992171694, 0.0, 0.21259159992171694,
  0.9771411421297973, 0.0]
- [0.0, 0.0, 1.0, 0.9802300268206329, -0.1978613012168407, 0.0, 0.1978613012168407,
  0.9802300268206329, 0.0]
- [0.0, 0.0, 1.0, 0.9842489713255258, -0.1767879024272989, 0.0, 0.1767879024272989,
  0.9842489713255258, 0.0]
- [0.0, 0.0, 1.0, 0.9855909038468131, -0.16914659397818801, 0.0, 0.16914659397818801,
  0.9855909038468131, 0.0]
- [0.0, 0.0, 1.0, 0.9886485531452291, -0.15024659185434103, 0.0, 0.15024659185434103,
  0.9886485531452291, 0.0]
- [0.0, 0.0, 1.0, 0.9910984804919247, -0.1331307701720307, 0.0, 0.1331307701720307,
  0.9910984804919247, 0.0]
- [0.0, 0.0, 1.0, 0.9921631928094826, -0.12494878484440569, 0.0, 0.12494878484440569,
  0.9921631928094826, 0.0]
- [0.0, 0.0, 1.0, 0.9942438598649463, -0.10714078178197657, 0.0, 0.10714078178197657,
  0.9942438598649463, 0.0]
- [0.0, 0.0, 1.0, 0.9957132831941712, -0.0924935547521249, 0.0, 0.0924935547521249,
  0.9957132831941712, 0.0]
- [0.0, 0.0, 1.0, 0.996672240624135, -0.08151346373002757, 0.0, 0.08151346373002757,
  0.996672240624135, 0.0]
- [0.0, 0.0, 1.0, 0.9976766939560359, -0.06812645842074963, 0.0, 0.06812645842074963,
  0.9976766939560359, 0.0]
- [0.0, 0.0, 1.0, 0.998677013382133, -0.05142200834412234, 0.0, 0.05142200834412234,
  0.998677013382133, 0.0]
- [0.0, 0.0, 1.0, 0.9992228964972765, -0.039415772421621406, 0.0, 0.039415772421621406,
  0.9992228964972765, 0.0]
- [0.0, 0.0, 1.0, 0.9995266351268413, -0.030765332307884294, 0.0, 0.030765332307884294,
  0.9995266351268413, 0.0]
- [0.0, 0.0, 1.0, 0.9999561250886604, -0.009367384782925873, 0.0, 0.009367384782925873,
  0.9999561250886604, 0.0]
- [0.0, 0.0, 1.0, 0.9999957887795631, 0.0029021411301885522, 0.0, -0.0029021411301885522,
  0.9999957887795631, 0.0]
- [0.0, 0.0, 1.0, 0.9999501388196383, 0.009985983906748307, 0.0, -0.009985983906748307,
  0.9999501388196383, 0.0]
- [0.0, 0.0, 1.0, 0.9994861055880981, 0.03205502669375307, 0.0, -0.03205502669375307,
  0.9994861055880981, 0.0]
- [0.0, 0.0, 1.0, 0.9990284504900923, 0.04406988894205852, 0.0, -0.04406988894205852,
  0.9990284504900923, 0.0]
- [0.0, 0.0, 1.0, 0.9986138949844774, 0.052633532504776696, 0.0, -0.052633532504776696,
  0.9986138949844774, 0.0]
- [0.0, 0.0, 1.0, 0.9976020570546321, 0.06921080667328366, 0.0, -0.06921080667328366,
  0.9976020570546321, 0.0]
- [0.0, 0.0, 1.0, 0.9964283562588786, 0.08444247061301159, 0.0, -0.08444247061301159,
  0.9964283562588786, 0.0]
- [0.0, 0.0, 1.0, 0.995405706086331, 0.0957469596946681, 0.0, -0.0957469596946681,
  0.995405706086331, 0.0]
- [0.0, 0.0, 1.0, 0.9943385733264634, 0.10625818366174712, 0.0, -0.10625818366174712,
  0.9943385733264634, 0.0]
- [0.0, 0.0, 1.0, 0.992461106926234, 0.12255999036697991, 0.0, -0.12255999036697991,
  0.992461106926234, 0.0]
- [0.0, 0.0, 1.0, 0.9903923358011752, 0.1382860122582618, 0.0, -0.1382860122582618,
  0.9903923358011752, 0.0]
- [0.0, 0.0, 1.0, 0.9894683211641714, 0.14474958173534067, 0.0, -0.14474958173534067,
  0.9894683211641714, 0.0]
- [0.0, 0.0, 1.0, 0.987487356795637, 0.15769819329582138, 0.0, -0.15769819329582138,
  0.987487356795637, 0.0]
- [0.0, 0.0, 1.0, 0.9842926115900877, 0.1765447670398772, 0.0, -0.1765447670398772,
  0.9842926115900877, 0.0]
- [0.0, 0.0, 1.0, 0.983127619212065, 0.18292097840985008, 0.0, -0.18292097840985008,
  0.983127619212065, 0.0]
- [0.0, 0.0, 1.0, 0.9810242210051813, 0.19388521810900772, 0.0, -0.19388521810900772,
  0.9810242210051813, 0.0]
- [0.0, 0.0, 1.0, 0.9781701588171344, 0.20780553505540206, 0.0, -0.20780553505540206,
  0.9781701588171344, 0.0]
- [0.0, 0.0, 1.0, 0.975561992482797, 0.21972437011627852, 0.0, -0.21972437011627852,
  0.975561992482797, 0.0]
- [0.0, 0.0, 1.0, 0.9737070133930651, 0.22780397729003177, 0.0, -0.22780397729003177,
  0.9737070133930651, 0.0]
- [0.0, 0.0, 1.0, 0.9728308183552593, 0.2315171675237853, 0.0, -0.2315171675237853,
  0.9728308183552593, 0.0]
- [0.0, 0.0, 1.0, 0.9686215706754893, 0.24854024386836865, 0.0, -0.24854024386836865,
  0.9686215706754893, 0.0]
- [0.0, 0.0, 1.0, 0.9679069943462908, 0.25130867532882656, 0.0, -0.25130867532882656,
  0.9679069943462908, 0.0]
- [0.0, 0.0, 1.0, 0.966685095278608, 0.25596860464945365, 0.0, -0.25596860464945365,
  0.966685095278608, 0.0]
- [0.0, 0.0, 1.0, 0.9656001245815073, 0.260031535410953, 0.0, -0.260031535410953,
  0.9656001245815073, 0.0]
- [0.0, 0.0, 1.0, 0.9636546545468229, 0.26715109352245525, 0.0, -0.26715109352245525,
  0.9636546545468229, 0.0]
- [0.0, 0.0, 1.0, 0.9629585700289635, 0.26964938792397386, 0.0, -0.26964938792397386,
  0.9629585700289635, 0.0]
- [0.0, 0.0, 1.0, 0.9625856428023167, 0.2709776379534864, 0.0, -0.2709776379534864,
  0.9625856428023167, 0.0]
- [0.0, 0.0, 1.0, 0.9617786985345093, 0.2738279296296592, 0.0, -0.2738279296296592,
  0.9617786985345093, 0.0]
- [0.0, 0.0, 1.0, 0.9844922748306134, 0.17542793619843997, 0.0, -0.17542793619843997,
  0.9844922748306134, 0.0]
- [0.0, 0.0, 1.0, 0.9851785397550552, 0.17153205183316877, 0.0, -0.17153205183316877,
  0.9851785397550552, 0.0]
- [0.0, 0.0, 1.0, 0.9611368975458122, 0.27607220826445195, 0.0, -0.27607220826445195,
  0.9611368975458122, 0.0]
- [0.0, 0.0, 1.0, 0.961708061928944, 0.27407590850141206, 0.0, -0.27407590850141206,
  0.961708061928944, 0.0]
- [0.0, 0.0, 1.0, 0.9619050872113261, 0.27338361910870107, 0.0, -0.27338361910870107,
  0.9619050872113261, 0.0]
- [0.0, 0.0, 1.0, 0.9627035061350145, 0.2705586059901808, 0.0, -0.2705586059901808,
  0.9627035061350145, 0.0]
- [0.0, 0.0, 1.0, 0.9632143658173328, 0.26873422834301086, 0.0, -0.26873422834301086,
  0.9632143658173328, 0.0]
- [0.0, 0.0, 1.0, 0.9650305551543938, 0.2621374212477156, 0.0, -0.2621374212477156,
  0.9650305551543938, 0.0]
- [0.0, 0.0, 1.0, 0.9659038262694845, 0.2589011363396646, 0.0, -0.2589011363396646,
  0.9659038262694845, 0.0]
- [0.0, 0.0, 1.0, 0.9670690900828771, 0.254513997662754, 0.0, -0.254513997662754,
  0.9670690900828771, 0.0]
- [0.0, 0.0, 1.0, 0.9685377109606571, 0.24886683677639873, 0.0, -0.24886683677639873,
  0.9685377109606571, 0.0]
- [0.0, 0.0, 1.0, 0.9708954758031915, 0.2395036013610119, 0.0, -0.2395036013610119,
  0.9708954758031915, 0.0]
- [0.0, 0.0, 1.0, 0.9726049382446623, 0.23246426413988136, 0.0, -0.23246426413988136,
  0.9726049382446623, 0.0]
- [0.0, 0.0, 1.0, 0.9734803877479831, 0.22877048470035788, 0.0, -0.22877048470035788,
  0.9734803877479831, 0.0]
- [0.0, 0.0, 1.0, 0.9761675739810148, 0.21701812714153607, 0.0, -0.21701812714153607,
  0.9761675739810148, 0.0]
- [0.0, 0.0, 1.0, 0.9779871362946015, 0.2086651893399676, 0.0, -0.2086651893399676,
  0.9779871362946015, 0.0]
- [0.0, 0.0, 1.0, 0.9797643913566095, 0.20015428406509922, 0.0, -0.20015428406509922,
  0.9797643913566095, 0.0]
- [0.0, 0.0, 1.0, 0.9810578938563491, 0.19371476170427582, 0.0, -0.19371476170427582,
  0.9810578938563491, 0.0]
- [0.0, 0.0, 1.0, 0.9839443405016929, 0.1784755859906014, 0.0, -0.1784755859906014,
  0.9839443405016929, 0.0]
- [0.0, 0.0, 1.0, 0.9857106784644858, 0.16844719754594678, 0.0, -0.16844719754594678,
  0.9857106784644858, 0.0]
- [0.0, 0.0, 1.0, 0.9865131208959519, 0.16368219909363724, 0.0, -0.16368219909363724,
  0.9865131208959519, 0.0]
- [0.0, 0.0, 1.0, 0.9895110867858649, 0.14445694558537767, 0.0, -0.14445694558537767,
  0.9895110867858649, 0.0]
- [0.0, 0.0, 1.0, 0.9909584092414672, 0.13416941213861347, 0.0, -0.13416941213861347,
  0.9909584092414672, 0.0]
- [0.0, 0.0, 1.0, 0.9920668379315422, 0.12571153119945433, 0.0, -0.12571153119945433,
  0.9920668379315422, 0.0]
- [0.0, 0.0, 1.0, 0.9941910480963227, 0.10762973513455805, 0.0, -0.10762973513455805,
  0.9941910480963227, 0.0]
- [0.0, 0.0, 1.0, 0.9952211730225072, 0.09764638635251431, 0.0, -0.09764638635251431,
  0.9952211730225072, 0.0]
- [0.0, 0.0, 1.0, 0.9968696336183736, 0.07906284569612669, 0.0, -0.07906284569612669,
  0.9968696336183736, 0.0]
- [0.0, 0.0, 1.0, 0.9979359291777273, 0.06421745289394533, 0.0, -0.06421745289394533,
  0.9979359291777273, 0.0]
- [0.0, 0.0, 1.0, 0.9982487042714494, 0.05915677831299034, 0.0, -0.05915677831299034,
  0.9982487042714494, 0.0]
- [0.0, 0.0, 1.0, 0.9989809022440399, 0.04513487511541204, 0.0, -0.04513487511541204,
  0.9989809022440399, 0.0]
- [0.0, 0.0, 1.0, 0.9995916977803851, 0.028573374468676558, 0.0, -0.028573374468676558,
  0.9995916977803851, 0.0]
- [0.0, 0.0, 1.0, 0.9998512578429611, 0.017247092214290966, 0.0, -0.017247092214290966,
  0.9998512578429611, 0.0]
- [0.0, 0.0, 1.0, 0.9999997341974566, 0.0007291124854097139, 0.0, -0.0007291124854097139,
  0.9999997341974566, 0.0]
- [0.0, 0.0, 1.0, 0.9998813900618596, -0.015401487199727344, 0.0, 0.015401487199727344,
  0.9998813900618596, 0.0]
- [0.0, 0.0, 1.0, 0.9996016733711938, -0.028222235799262863, 0.0, 0.028222235799262863,
  0.9996016733711938, 0.0]
- [0.0, 0.0, 1.0, 0.9987843667983252, -0.049292886294763825, 0.0, 0.049292886294763825,
  0.9987843667983252, 0.0]
- [0.0, 0.0, 1.0, 0.9981739306010612, -0.060405333112465036, 0.0, 0.060405333112465036,
  0.9981739306010612, 0.0]
- [0.0, 0.0, 1.0, 0.9968557901528211, -0.07923719857992523, 0.0, 0.07923719857992523,
  0.9968557901528211, 0.0]
- [0.0, 0.0, 1.0, 0.9956331704693302, -0.09335196763427078, 0.0, 0.09335196763427078,
  0.9956331704693302, 0.0]
- [0.0, 0.0, 1.0, 0.994579591001869, -0.10397806096747127, 0.0, 0.10397806096747127,
  0.994579591001869, 0.0]
- [0.0, 0.0, 1.0, 0.9933744004651235, -0.11492301988964915, 0.0, 0.11492301988964915,
  0.9933744004651235, 0.0]
- [0.0, 0.0, 1.0, 0.992599363090126, -0.12143518597620792, 0.0, 0.12143518597620792,
  0.992599363090126, 0.0]
- [0.0, 0.0, 1.0, 0.9776904607631088, -0.21005085796735068, 0.0, 0.21005085796735068,
  0.9776904607631088, 0.0]
- [0.0, 0.0, 1.0, -0.2669667962712845, 0.9637057277450656, 0.0, -0.9637057277450656,
  -0.2669667962712845, 0.0]
- [0.0, 0.0, 1.0, 0.03834236065846745, 0.9992646613280869, 0.0, -0.9992646613280869,
  0.03834236065846745, 0.0]
