nodes:
- [4.70660831 0.07565672 0.00000000]
- [4.64971364 0.08702364 0.00000000]
- [4.58465459 0.10370835 0.00000000]
- [4.51957184 0.12026540 0.00000000]
- [4.45445279 0.13670252 0.00000000]
- [4.38929942 0.15306728 0.00000000]
- [4.32413808 0.16944812 0.00000000]
- [4.25897823 0.18585455 0.00000000]
- [4.19381334 0.20232041 0.00000000]
- [4.12869212 0.21897972 0.00000000]
- [4.06360810 0.23573690 0.00000000]
- [3.99854895 0.25258471 0.00000000]
- [3.93351724 0.26951981 0.00000000]
- [3.86589530 0.27650955 0.00000000]
- [3.79577113 0.28416716 0.00000000]
- [3.72827021 0.30191059 0.00000000]
- [3.66080814 0.31970809 0.00000000]
- [3.59333932 0.33750585 0.00000000]
- [3.52590214 0.35538620 0.00000000]
- [3.45846145 0.37322769 0.00000000]
- [3.39103763 0.39112916 0.00000000]
- [3.32363225 0.40898219 0.00000000]
- [3.25619593 0.42678578 0.00000000]
- [3.18876230 0.44461481 0.00000000]
- [3.12132657 0.46240253 0.00000000]
- [3.05389060 0.48018205 0.00000000]
- [2.98644700 0.49791422 0.00000000]
- [2.91900681 0.51561842 0.00000000]
- [2.85154218 0.53323770 0.00000000]
- [2.78407163 0.55084007 0.00000000]
- [2.71660641 0.56835569 0.00000000]
- [2.64911035 0.58575203 0.00000000]
- [2.58158379 0.60307090 0.00000000]
- [2.51404408 0.62030721 0.00000000]
- [2.44647331 0.63743504 0.00000000]
- [2.37889306 0.65449298 0.00000000]
- [2.31128863 0.67140873 0.00000000]
- [2.24365343 0.68821503 0.00000000]
- [2.17599283 0.70489297 0.00000000]
- [2.10829652 0.72143792 0.00000000]
- [2.04058155 0.73786475 0.00000000]
- [1.97372044 0.75390601 0.00000000]
- [1.90680564 0.76978926 0.00000000]
- [1.83987245 0.78556018 0.00000000]
- [1.77290360 0.80113740 0.00000000]
- [1.70591489 0.81656537 0.00000000]
- [1.63887976 0.83174585 0.00000000]
- [1.57178715 0.84674706 0.00000000]
- [1.50464370 0.86156732 0.00000000]
- [1.43751983 0.87623265 0.00000000]
- [1.37031592 0.89051709 0.00000000]
- [1.30304991 0.90465636 0.00000000]
- [1.23576033 0.91852429 0.00000000]
- [1.16841249 0.93211911 0.00000000]
- [1.10103706 0.94545415 0.00000000]
- [1.03359514 0.95842372 0.00000000]
- [0.96611795 0.97111695 0.00000000]
- [0.89859234 0.98337559 0.00000000]
- [0.83098485 0.99524450 0.00000000]
- [0.76331432 1.00672827 0.00000000]
- [0.69561457 1.01780137 0.00000000]
- [0.62784212 1.02833955 0.00000000]
- [0.55998442 1.03842883 0.00000000]
- [0.49207178 1.04804593 0.00000000]
- [0.42413318 1.05715307 0.00000000]
- [0.35612714 1.06562131 0.00000000]
- [0.28803388 1.07352895 0.00000000]
- [0.21957073 1.07705421 0.00000000]
- [0.12180931 1.08248449 0.00000000]
- [0.05012226 1.08840978 0.00000000]
- [-0.02161190 1.09353682 0.00000000]
- [-0.09338484 1.09774401 0.00000000]
- [-0.16520643 1.10108489 0.00000000]
- [-0.23702459 1.10351324 0.00000000]
- [-0.30876659 1.10494316 0.00000000]
- [-0.38050848 1.10512237 0.00000000]
- [-0.45226521 1.10425632 0.00000000]
- [-0.52387316 1.10221375 0.00000000]
- [-0.59538885 1.09871507 0.00000000]
- [-0.66677573 1.09392665 0.00000000]
- [-0.76093158 1.08929650 0.00000000]
- [-0.82907581 1.08523712 0.00000000]
- [-0.89665058 1.07580784 0.00000000]
- [-0.96391556 1.06473254 0.00000000]
- [-1.03086761 1.05190482 0.00000000]
- [-1.09743399 1.03743375 0.00000000]
- [-1.16343074 1.02109038 0.00000000]
- [-1.22887879 1.00262860 0.00000000]
- [-1.29377328 0.98233813 0.00000000]
- [-1.35789942 0.95997857 0.00000000]
- [-1.42121961 0.93555409 0.00000000]
- [-1.48354912 0.90896805 0.00000000]
- [-1.54473568 0.88005713 0.00000000]
- [-1.60468569 0.84870407 0.00000000]
- [-1.66332731 0.81506109 0.00000000]
- [-1.72036844 0.77900597 0.00000000]
- [-1.77561845 0.74037847 0.00000000]
- [-1.82899122 0.69926939 0.00000000]
- [-1.88018446 0.65566840 0.00000000]
- [-1.92899640 0.60940391 0.00000000]
- [-1.97538827 0.56098082 0.00000000]
- [-2.01846320 0.50982692 0.00000000]
- [-2.05845054 0.45619987 0.00000000]
- [-2.09495949 0.40037497 0.00000000]
- [-2.12733807 0.34224315 0.00000000]
- [-2.16593390 0.28677379 0.00000000]
- [-2.19812008 0.23005092 0.00000000]
- [-2.21405794 0.16703799 0.00000000]
- [-2.22616272 0.10304601 0.00000000]
- [-2.23342604 0.03864691 0.00000000]
- [-2.23364698 -0.02580096 0.00000000]
- [-2.22634653 -0.09007345 0.00000000]
- [-2.21358256 -0.15375077 0.00000000]
- [-2.19597452 -0.21612837 0.00000000]
- [-2.16156145 -0.27158202 0.00000000]
- [-2.12058274 -0.32751277 0.00000000]
- [-2.08527743 -0.38590425 0.00000000]
- [-2.04593613 -0.44185632 0.00000000]
- [-2.00276891 -0.49514610 0.00000000]
- [-1.95654831 -0.54588508 0.00000000]
- [-1.90697056 -0.59356384 0.00000000]
- [-1.85485010 -0.63890974 0.00000000]
- [-1.80051831 -0.68173525 0.00000000]
- [-1.74429519 -0.72209520 0.00000000]
- [-1.68611663 -0.75984128 0.00000000]
- [-1.62656874 -0.79544498 0.00000000]
- [-1.56543578 -0.82828277 0.00000000]
- [-1.50294868 -0.85900223 0.00000000]
- [-1.43948464 -0.88768245 0.00000000]
- [-1.37499656 -0.91413476 0.00000000]
- [-1.30965673 -0.93871496 0.00000000]
- [-1.24364270 -0.96138866 0.00000000]
- [-1.17693261 -0.98207474 0.00000000]
- [-1.10966070 -1.00098376 0.00000000]
- [-1.04183867 -1.01800668 0.00000000]
- [-0.97285047 -1.03044146 0.00000000]
- [-0.91521878 -1.03909453 0.00000000]
- [-0.84503963 -1.05165218 0.00000000]
- [-0.77454069 -1.06263174 0.00000000]
- [-0.70383777 -1.07206933 0.00000000]
- [-0.63290283 -1.07985467 0.00000000]
- [-0.56175368 -1.08620275 0.00000000]
- [-0.49053140 -1.09112082 0.00000000]
- [-0.41918106 -1.09445845 0.00000000]
- [-0.34771772 -1.09649062 0.00000000]
- [-0.27628645 -1.09715118 0.00000000]
- [-0.20481556 -1.09630205 0.00000000]
- [-0.13327159 -1.09422643 0.00000000]
- [-0.06597342 -1.09116390 0.00000000]
- [0.00149508 -1.08991601 0.00000000]
- [0.07106677 -1.08745496 0.00000000]
- [0.14031366 -1.08082822 0.00000000]
- [0.20943211 -1.07309766 0.00000000]
- [0.27842631 -1.06420198 0.00000000]
- [0.34734277 -1.05425405 0.00000000]
- [0.41611079 -1.04340123 0.00000000]
- [0.48463950 -1.03147583 0.00000000]
- [0.55301777 -1.01840600 0.00000000]
- [0.62128532 -1.00446392 0.00000000]
- [0.68930731 -0.98963919 0.00000000]
- [0.75710188 -0.97373391 0.00000000]
- [0.82476426 -0.95698629 0.00000000]
- [0.89220361 -0.93943332 0.00000000]
- [0.95938270 -0.92099534 0.00000000]
- [1.02636936 -0.90164995 0.00000000]
- [1.09322619 -0.88162877 0.00000000]
- [1.15987219 -0.86097317 0.00000000]
- [1.22628842 -0.83960156 0.00000000]
- [1.29252467 -0.81757402 0.00000000]
- [1.35859760 -0.79494035 0.00000000]
- [1.42450264 -0.77180646 0.00000000]
- [1.49020393 -0.74810247 0.00000000]
- [1.55575630 -0.72388797 0.00000000]
- [1.62117602 -0.69922218 0.00000000]
- [1.68645865 -0.67418149 0.00000000]
- [1.75159989 -0.64871270 0.00000000]
- [1.81666260 -0.62294107 0.00000000]
- [1.88163801 -0.59687890 0.00000000]
- [1.94517739 -0.57117408 0.00000000]
- [2.00869166 -0.54532521 0.00000000]
- [2.07218963 -0.51939172 0.00000000]
- [2.13567412 -0.49337901 0.00000000]
- [2.19918893 -0.46733517 0.00000000]
- [2.26275174 -0.44135230 0.00000000]
- [2.32636176 -0.41541994 0.00000000]
- [2.39007127 -0.38962999 0.00000000]
- [2.45390462 -0.36401992 0.00000000]
- [2.51788624 -0.33873068 0.00000000]
- [2.58198519 -0.31370341 0.00000000]
- [2.64630725 -0.28902448 0.00000000]
- [2.71088719 -0.26489377 0.00000000]
- [2.77565902 -0.24131840 0.00000000]
- [2.84062734 -0.21826609 0.00000000]
- [2.90585759 -0.19577722 0.00000000]
- [2.97139398 -0.17402467 0.00000000]
- [3.03721089 -0.15305458 0.00000000]
- [3.10329217 -0.13293249 0.00000000]
- [3.16968853 -0.11358777 0.00000000]
- [3.23646829 -0.09538381 0.00000000]
- [3.30345161 -0.07822354 0.00000000]
- [3.37070225 -0.06195784 0.00000000]
- [3.43829304 -0.04687717 0.00000000]
- [3.50607608 -0.03295688 0.00000000]
- [3.57412327 -0.02002776 0.00000000]
- [3.64251412 -0.00849149 0.00000000]
- [3.71107580 0.00167364 0.00000000]
- [3.77988319 0.01059996 0.00000000]
- [3.84991283 0.00759329 0.00000000]
- [3.91815688 0.00296100 0.00000000]
- [3.98556957 0.00713644 0.00000000]
- [4.05306100 0.00958225 0.00000000]
- [4.12056645 0.01059503 0.00000000]
- [4.18813070 0.01007299 0.00000000]
- [4.25563658 0.00765852 0.00000000]
- [4.32307199 0.00386515 0.00000000]
- [4.39044728 -0.00178752 0.00000000]
- [4.45770491 -0.00943257 0.00000000]
- [4.52469474 -0.01965426 0.00000000]
- [4.59123116 -0.03251484 0.00000000]
- [4.65710846 -0.04789521 0.00000000]
- [4.70929873 -0.06747052 0.00000000]
- [1.89000346 -0.52662923 0.00000000]
- [1.89836891 -0.45637957 0.00000000]
- [1.90673436 -0.38612990 0.00000000]
- [1.91509981 -0.31588024 0.00000000]
- [1.92346526 -0.24563057 0.00000000]
- [1.93183071 -0.17538090 0.00000000]
- [1.94019616 -0.10513124 0.00000000]
- [1.94856161 -0.03488157 0.00000000]
- [1.95692705 0.03536809 0.00000000]
- [1.96529250 0.10561776 0.00000000]
- [1.97365795 0.17586742 0.00000000]
- [1.98202340 0.24611709 0.00000000]
- [1.99038885 0.31636675 0.00000000]
- [1.99875430 0.38661642 0.00000000]
- [2.00711975 0.45686609 0.00000000]
- [2.01548520 0.52711575 0.00000000]
- [2.02385065 0.59736542 0.00000000]
- [2.03221610 0.66761508 0.00000000]
- [-0.90720449 -0.97028739 0.00000000]
- [-0.89919020 -0.90148026 0.00000000]
- [-0.89117591 -0.83267312 0.00000000]
- [-0.88316161 -0.76386599 0.00000000]
- [-0.87514732 -0.69505885 0.00000000]
- [-0.86713303 -0.62625172 0.00000000]
- [-0.85911874 -0.55744458 0.00000000]
- [-0.85110445 -0.48863745 0.00000000]
- [-0.84309016 -0.41983032 0.00000000]
- [-0.83507586 -0.35102318 0.00000000]
- [-0.82706157 -0.28221605 0.00000000]
- [-0.81904728 -0.21340891 0.00000000]
- [-0.81103299 -0.14460178 0.00000000]
- [-0.80301870 -0.07579464 0.00000000]
- [-0.79500440 -0.00698751 0.00000000]
- [-0.78699011 0.06181963 0.00000000]
- [-0.77897582 0.13062676 0.00000000]
- [-0.77096153 0.19943390 0.00000000]
- [-0.76294724 0.26824103 0.00000000]
- [-0.75493295 0.33704817 0.00000000]
- [-0.74691865 0.40585530 0.00000000]
- [-0.73890436 0.47466244 0.00000000]
- [-0.73089007 0.54346957 0.00000000]
- [-0.72287578 0.61227670 0.00000000]
- [-0.71486149 0.68108384 0.00000000]
- [-0.70684719 0.74989097 0.00000000]
- [-0.69883290 0.81869811 0.00000000]
- [-0.69081861 0.88750524 0.00000000]
- [-0.68280432 0.95631238 0.00000000]
- [-0.67479003 1.02511951 0.00000000]
- [-0.12504318 -1.02400995 0.00000000]
- [-0.11681476 -0.95379346 0.00000000]
- [-0.10858635 -0.88357698 0.00000000]
- [-0.10035793 -0.81336050 0.00000000]
- [-0.09212951 -0.74314402 0.00000000]
- [-0.08390110 -0.67292754 0.00000000]
- [-0.07567268 -0.60271106 0.00000000]
- [-0.06744427 -0.53249458 0.00000000]
- [-0.05921585 -0.46227810 0.00000000]
- [-0.05098743 -0.39206162 0.00000000]
- [-0.04275902 -0.32184513 0.00000000]
- [-0.03453060 -0.25162865 0.00000000]
- [-0.02630218 -0.18141217 0.00000000]
- [-0.01807377 -0.11119569 0.00000000]
- [-0.00984535 -0.04097921 0.00000000]
- [-0.00161694 0.02923727 0.00000000]
- [0.00661148 0.09945375 0.00000000]
- [0.01483990 0.16967023 0.00000000]
- [0.02306831 0.23988671 0.00000000]
- [0.03129673 0.31010320 0.00000000]
- [0.03952514 0.38031968 0.00000000]
- [0.04775356 0.45053616 0.00000000]
- [0.05598198 0.52075264 0.00000000]
- [0.06421039 0.59096912 0.00000000]
- [0.07243881 0.66118560 0.00000000]
- [0.08066723 0.73140208 0.00000000]
- [0.08889564 0.80161856 0.00000000]
- [0.09712406 0.87183505 0.00000000]
- [0.10535247 0.94205153 0.00000000]
- [0.11358089 1.01226801 0.00000000]
elements:
- [1 2]
- [2 3]
- [3 4]
- [4 5]
- [5 6]
- [6 7]
- [7 8]
- [8 9]
- [9 10]
- [10 11]
- [11 12]
- [12 13]
- [13 14]
- [14 15]
- [15 16]
- [16 17]
- [17 18]
- [18 19]
- [19 20]
- [20 21]
- [21 22]
- [22 23]
- [23 24]
- [24 25]
- [25 26]
- [26 27]
- [27 28]
- [28 29]
- [29 30]
- [30 31]
- [31 32]
- [32 33]
- [33 34]
- [34 35]
- [35 36]
- [36 37]
- [37 38]
- [38 39]
- [39 40]
- [40 41]
- [41 42]
- [42 43]
- [43 44]
- [44 45]
- [45 46]
- [46 47]
- [47 48]
- [48 49]
- [49 50]
- [50 51]
- [51 52]
- [52 53]
- [53 54]
- [54 55]
- [55 56]
- [56 57]
- [57 58]
- [58 59]
- [59 60]
- [60 61]
- [61 62]
- [62 63]
- [63 64]
- [64 65]
- [65 66]
- [66 67]
- [67 68]
- [68 69]
- [69 70]
- [70 71]
- [71 72]
- [72 73]
- [73 74]
- [74 75]
- [75 76]
- [76 77]
- [77 78]
- [78 79]
- [79 80]
- [80 81]
- [81 82]
- [82 83]
- [83 84]
- [84 85]
- [85 86]
- [86 87]
- [87 88]
- [88 89]
- [89 90]
- [90 91]
- [91 92]
- [92 93]
- [93 94]
- [94 95]
- [95 96]
- [96 97]
- [97 98]
- [98 99]
- [99 100]
- [100 101]
- [101 102]
- [102 103]
- [103 104]
- [104 105]
- [105 106]
- [106 107]
- [107 108]
- [108 109]
- [109 110]
- [110 111]
- [111 112]
- [112 113]
- [113 114]
- [114 115]
- [115 116]
- [116 117]
- [117 118]
- [118 119]
- [119 120]
- [120 121]
- [121 122]
- [122 123]
- [123 124]
- [124 125]
- [125 126]
- [126 127]
- [127 128]
- [128 129]
- [129 130]
- [130 131]
- [131 132]
- [132 133]
- [133 134]
- [134 135]
- [135 136]
- [136 137]
- [137 138]
- [138 139]
- [139 140]
- [140 141]
- [141 142]
- [142 143]
- [143 144]
- [144 145]
- [145 146]
- [146 147]
- [147 148]
- [148 149]
- [149 150]
- [150 151]
- [151 152]
- [152 153]
- [153 154]
- [154 155]
- [155 156]
- [156 157]
- [157 158]
- [158 159]
- [159 160]
- [160 161]
- [161 162]
- [162 163]
- [163 164]
- [164 165]
- [165 166]
- [166 167]
- [167 168]
- [168 169]
- [169 170]
- [170 171]
- [171 172]
- [172 173]
- [173 174]
- [174 175]
- [175 176]
- [176 177]
- [177 178]
- [178 179]
- [179 180]
- [180 181]
- [181 182]
- [182 183]
- [183 184]
- [184 185]
- [185 186]
- [186 187]
- [187 188]
- [188 189]
- [189 190]
- [190 191]
- [191 192]
- [192 193]
- [193 194]
- [194 195]
- [195 196]
- [196 197]
- [197 198]
- [198 199]
- [199 200]
- [200 201]
- [201 202]
- [202 203]
- [203 204]
- [204 205]
- [205 206]
- [206 207]
- [207 208]
- [208 209]
- [209 210]
- [210 211]
- [211 212]
- [212 213]
- [213 214]
- [214 215]
- [215 216]
- [216 217]
- [217 218]
- [218 219]
- [219 220]
- [220 221]
- [221 1]
- [178 222]
- [222 223]
- [223 224]
- [224 225]
- [225 226]
- [226 227]
- [227 228]
- [228 229]
- [229 230]
- [230 231]
- [231 232]
- [232 233]
- [233 234]
- [234 235]
- [235 236]
- [236 237]
- [237 238]
- [238 239]
- [239 41]
- [137 240]
- [240 241]
- [241 242]
- [242 243]
- [243 244]
- [244 245]
- [245 246]
- [246 247]
- [247 248]
- [248 249]
- [249 250]
- [250 251]
- [251 252]
- [252 253]
- [253 254]
- [254 255]
- [255 256]
- [256 257]
- [257 258]
- [258 259]
- [259 260]
- [260 261]
- [261 262]
- [262 263]
- [263 264]
- [264 265]
- [265 266]
- [266 267]
- [267 268]
- [268 269]
- [269 80]
- [148 270]
- [270 271]
- [271 272]
- [272 273]
- [273 274]
- [274 275]
- [275 276]
- [276 277]
- [277 278]
- [278 279]
- [279 280]
- [280 281]
- [281 282]
- [282 283]
- [283 284]
- [284 285]
- [285 286]
- [286 287]
- [287 288]
- [288 289]
- [289 290]
- [290 291]
- [291 292]
- [292 293]
- [293 294]
- [294 295]
- [295 296]
- [296 297]
- [297 298]
- [298 299]
- [299 69]
sets:
  element:
  - name: layup_0
    labels:
    - 1
    - 2
    - 3
    - 4
    - 5
    - 6
    - 7
    - 8
    - 9
    - 10
    - 11
    - 12
    - 13
    - 208
    - 209
    - 210
    - 211
    - 212
    - 213
    - 214
    - 215
    - 216
    - 217
    - 218
    - 219
    - 220
    - 221
  - name: layup_1
    labels:
    - 14
    - 15
    - 16
    - 17
    - 18
    - 19
    - 20
    - 21
    - 22
    - 23
    - 24
    - 25
    - 26
    - 27
    - 28
    - 29
    - 30
    - 31
    - 32
    - 33
    - 34
    - 35
    - 36
    - 37
    - 38
    - 39
    - 40
    - 41
    - 42
    - 43
    - 44
    - 45
    - 46
    - 47
    - 48
    - 49
    - 50
    - 51
    - 52
    - 53
    - 54
    - 55
    - 56
    - 57
    - 58
    - 59
    - 60
    - 61
    - 62
    - 63
    - 64
    - 65
    - 66
    - 67
    - 81
    - 82
    - 83
    - 84
    - 85
    - 86
    - 87
    - 88
    - 89
    - 90
    - 91
    - 92
    - 93
    - 94
    - 95
    - 96
    - 97
    - 98
    - 99
    - 100
    - 101
    - 102
    - 103
    - 104
    - 105
    - 115
    - 116
    - 117
    - 118
    - 119
    - 120
    - 121
    - 122
    - 123
    - 124
    - 125
    - 126
    - 127
    - 128
    - 129
    - 130
    - 131
    - 132
    - 133
    - 134
    - 135
    - 150
    - 151
    - 152
    - 153
    - 154
    - 155
    - 156
    - 157
    - 158
    - 159
    - 160
    - 161
    - 162
    - 163
    - 164
    - 165
    - 166
    - 167
    - 168
    - 169
    - 170
    - 171
    - 172
    - 173
    - 174
    - 175
    - 176
    - 177
    - 178
    - 179
    - 180
    - 181
    - 182
    - 183
    - 184
    - 185
    - 186
    - 187
    - 188
    - 189
    - 190
    - 191
    - 192
    - 193
    - 194
    - 195
    - 196
    - 197
    - 198
    - 199
    - 200
    - 201
    - 202
    - 203
    - 204
    - 205
    - 206
    - 207
  - name: layup_2
    labels:
    - 68
    - 69
    - 70
    - 71
    - 72
    - 73
    - 74
    - 75
    - 76
    - 77
    - 78
    - 79
    - 80
  - name: layup_3
    labels:
    - 106
    - 107
    - 108
    - 109
    - 110
    - 111
    - 112
    - 113
    - 114
  - name: layup_4
    labels:
    - 136
    - 137
    - 138
    - 139
    - 140
    - 141
    - 142
    - 143
    - 144
    - 145
    - 146
    - 147
    - 148
    - 149
  - name: layup_5
    labels:
    - 222
    - 223
    - 224
    - 225
    - 226
    - 227
    - 228
    - 229
    - 230
    - 231
    - 232
    - 233
    - 234
    - 235
    - 236
    - 237
    - 238
    - 239
    - 240
    - 241
    - 242
    - 243
    - 244
    - 245
    - 246
    - 247
    - 248
    - 249
    - 250
    - 251
    - 252
    - 253
    - 254
    - 255
    - 256
    - 257
    - 258
    - 259
    - 260
    - 261
    - 262
    - 263
    - 264
    - 265
    - 266
    - 267
    - 268
    - 269
    - 270
    - 271
    - 272
    - 273
    - 274
    - 275
    - 276
    - 277
    - 278
    - 279
    - 280
    - 281
    - 282
    - 283
    - 284
    - 285
    - 286
    - 287
    - 288
    - 289
    - 290
    - 291
    - 292
    - 293
    - 294
    - 295
    - 296
    - 297
    - 298
    - 299
    - 300
    - 301
    - 302
sections:
- type: shell
  elementSet: layup_0
  layup:
  - - gelcoat
    - 0.0005
    - 0.0
  - - glass_triax
    - 0.003
    - 0.0
  - - glass_uniax
    - 0.02368047
    - 0.0
  - - glass_triax
    - 0.003
    - 0.0
- type: shell
  elementSet: layup_1
  layup:
  - - gelcoat
    - 0.0005
    - 0.0
  - - glass_triax
    - 0.003
    - 0.0
  - - medium_density_foam
    - 0.065
    - 0.0
  - - glass_triax
    - 0.003
    - 0.0
- type: shell
  elementSet: layup_2
  layup:
  - - gelcoat
    - 0.0005
    - 0.0
  - - glass_triax
    - 0.003
    - 0.0
  - - carbon_uniax
    - 0.08032296
    - 0.0
  - - glass_triax
    - 0.003
    - 0.0
- type: shell
  elementSet: layup_3
  layup:
  - - gelcoat
    - 0.0005
    - 0.0
  - - glass_triax
    - 0.003
    - 0.0
  - - glass_uniax
    - 0.01947041
    - 0.0
  - - glass_triax
    - 0.003
    - 0.0
- type: shell
  elementSet: layup_4
  layup:
  - - gelcoat
    - 0.0005
    - 0.0
  - - glass_triax
    - 0.003
    - 0.0
  - - carbon_uniax
    - 0.07722518
    - 0.0
  - - glass_triax
    - 0.003
    - 0.0
- type: shell
  elementSet: layup_5
  layup:
  - - glass_biax
    - 0.002
    - 0.0
  - - medium_density_foam
    - 0.0396
    - 0.0
  - - glass_biax
    - 0.002
    - 0.0
elementOrientations:
- [0.0, 0.0, 1.0, -0.9806204945423639, 0.1959169356729778, 0.0, -0.1959169356729778,
  -0.9806204945423639, 0.0]
- [0.0, 0.0, 1.0, -0.9686534548320925, 0.24841595045779885, 0.0, -0.24841595045779885,
  -0.9686534548320925, 0.0]
- [0.0, 0.0, 1.0, -0.9691308966352012, 0.24654676065008663, 0.0, -0.24654676065008663,
  -0.9691308966352012, 0.0]
- [0.0, 0.0, 1.0, -0.9695886866632178, 0.2447402269646253, 0.0, -0.2447402269646253,
  -0.9695886866632178, 0.0]
- [0.0, 0.0, 1.0, -0.9698742380140982, 0.243606162558693, 0.0, -0.243606162558693,
  -0.9698742380140982, 0.0]
- [0.0, 0.0, 1.0, -0.969824718004074, 0.24380323285042452, 0.0, -0.24380323285042452,
  -0.969824718004074, 0.0]
- [0.0, 0.0, 1.0, -0.9697333217672465, 0.24416651009968943, 0.0, -0.24416651009968943,
  -0.9697333217672465, 0.0]
- [0.0, 0.0, 1.0, -0.9695280411128785, 0.2449803614492894, 0.0, -0.2449803614492894,
  -0.9695280411128785, 0.0]
- [0.0, 0.0, 1.0, -0.9688012999748616, 0.24783874024659316, 0.0, -0.24783874024659316,
  -0.9688012999748616, 0.0]
- [0.0, 0.0, 1.0, -0.9684164910037574, 0.24933812374358108, 0.0, -0.24933812374358108,
  -0.9684164910037574, 0.0]
- [0.0, 0.0, 1.0, -0.968066919725303, 0.25069192035955923, 0.0, -0.25069192035955923,
  -0.968066919725303, 0.0]
- [0.0, 0.0, 1.0, -0.9677250812894482, 0.25200826780748825, 0.0, -0.25200826780748825,
  -0.9677250812894482, 0.0]
- [0.0, 0.0, 1.0, -0.9947002795732942, 0.10281708912826881, 0.0, -0.10281708912826881,
  -0.9947002795732942, 0.0]
- [0.0, 0.0, 1.0, -0.9940904046208362, 0.10855536578530797, 0.0, -0.10855536578530797,
  -0.9940904046208362, 0.0]
- [0.0, 0.0, 1.0, -0.9671448968705162, 0.25422578244017385, 0.0, -0.25422578244017385,
  -0.9671448968705162, 0.0]
- [0.0, 0.0, 1.0, -0.9669180079833056, 0.2550873690279394, 0.0, -0.2550873690279394,
  -0.9669180079833056, 0.0]
- [0.0, 0.0, 1.0, -0.9669233700489009, 0.2550670430558914, 0.0, -0.2550670430558914,
  -0.9669233700489009, 0.0]
- [0.0, 0.0, 1.0, -0.9666011791592818, 0.25628531063618476, 0.0, -0.25628531063618476,
  -0.9666011791592818, 0.0]
- [0.0, 0.0, 1.0, -0.966742297502773, 0.25575247842212645, 0.0, -0.25575247842212645,
  -0.966742297502773, 0.0]
- [0.0, 0.0, 1.0, -0.9665134814900371, 0.25661584147906286, 0.0, -0.25661584147906286,
  -0.9665134814900371, 0.0]
- [0.0, 0.0, 1.0, -0.9666682253552474, 0.25603230672814775, 0.0, -0.25603230672814775,
  -0.9666682253552474, 0.0]
- [0.0, 0.0, 1.0, -0.9668724224893269, 0.25526009995614396, 0.0, -0.25526009995614396,
  -0.9668724224893269, 0.0]
- [0.0, 0.0, 1.0, -0.9667798650541755, 0.2556104311757061, 0.0, -0.2556104311757061,
  -0.9667798650541755, 0.0]
- [0.0, 0.0, 1.0, -0.9669280129439841, 0.25504944184255407, 0.0, -0.25504944184255407,
  -0.9669280129439841, 0.0]
- [0.0, 0.0, 1.0, -0.9669572130201091, 0.25493871457349004, 0.0, -0.25493871457349004,
  -0.9669572130201091, 0.0]
- [0.0, 0.0, 1.0, -0.9671315036521042, 0.25427672847435323, 0.0, -0.25427672847435323,
  -0.9671315036521042, 0.0]
- [0.0, 0.0, 1.0, -0.967226912398123, 0.2539135678391251, 0.0, -0.2539135678391251,
  -0.967226912398123, 0.0]
- [0.0, 0.0, 1.0, -0.9675478139551034, 0.2526880046830498, 0.0, -0.2526880046830498,
  -0.9675478139551034, 0.0]
- [0.0, 0.0, 1.0, -0.9676125394859413, 0.2524400392758013, 0.0, -0.2524400392758013,
  -0.9676125394859413, 0.0]
- [0.0, 0.0, 1.0, -0.967910975744008, 0.2512933406087045, 0.0, -0.2512933406087045,
  -0.967910975744008, 0.0]
- [0.0, 0.0, 1.0, -0.9683536257070282, 0.2495821619828887, 0.0, -0.2495821619828887,
  -0.9683536257070282, 0.0]
- [0.0, 0.0, 1.0, -0.9686488074322361, 0.248434071455802, 0.0, -0.248434071455802,
  -0.9686488074322361, 0.0]
- [0.0, 0.0, 1.0, -0.9689447777909959, 0.24727720799046088, 0.0, -0.24727720799046088,
  -0.9689447777909959, 0.0]
- [0.0, 0.0, 1.0, -0.9693435940676036, 0.24570917085062388, 0.0, -0.24570917085062388,
  -0.9693435940676036, 0.0]
- [0.0, 0.0, 1.0, -0.9695901706073277, 0.2447343479400742, 0.0, -0.2447343479400742,
  -0.9695901706073277, 0.0]
- [0.0, 0.0, 1.0, -0.9700930233648908, 0.24273344643613845, 0.0, -0.24273344643613845,
  -0.9700930233648908, 0.0]
- [0.0, 0.0, 1.0, -0.9704875789577421, 0.24115111255961522, 0.0, -0.24115111255961522,
  -0.9704875789577421, 0.0]
- [0.0, 0.0, 1.0, -0.9709381700258292, 0.23933046188668497, 0.0, -0.23933046188668497,
  -0.9709381700258292, 0.0]
- [0.0, 0.0, 1.0, -0.9714090365031969, 0.2374120548749178, 0.0, -0.2374120548749178,
  -0.9714090365031969, 0.0]
- [0.0, 0.0, 1.0, -0.9718137045650808, 0.2357501296277353, 0.0, -0.2357501296277353,
  -0.9718137045650808, 0.0]
- [0.0, 0.0, 1.0, -0.9724051483392355, 0.23329858011430182, 0.0, -0.23329858011430182,
  -0.9724051483392355, 0.0]
- [0.0, 0.0, 1.0, -0.9729660113270622, 0.23094835094086905, 0.0, -0.23094835094086905,
  -0.9729660113270622, 0.0]
- [0.0, 0.0, 1.0, -0.9733459930790844, 0.22934161802187317, 0.0, -0.22934161802187317,
  -0.9733459930790844, 0.0]
- [0.0, 0.0, 1.0, -0.9739981863968834, 0.22655580525685498, 0.0, -0.22655580525685498,
  -0.9739981863968834, 0.0]
- [0.0, 0.0, 1.0, -0.9744897776930741, 0.22443188982785603, 0.0, -0.22443188982785603,
  -0.9744897776930741, 0.0]
- [0.0, 0.0, 1.0, -0.9753048061719747, 0.22086315912312504, 0.0, -0.22086315912312504,
  -0.9753048061719747, 0.0]
- [0.0, 0.0, 1.0, -0.9759036341593506, 0.21820196340677728, 0.0, -0.21820196340677728,
  -0.9759036341593506, 0.0]
- [0.0, 0.0, 1.0, -0.9764956047490182, 0.21553731441643548, 0.0, -0.21553731441643548,
  -0.9764956047490182, 0.0]
- [0.0, 0.0, 1.0, -0.9769547223287921, 0.2134466456037033, 0.0, -0.2134466456037033,
  -0.9769547223287921, 0.0]
- [0.0, 0.0, 1.0, -0.9781481886205691, 0.2079089250087637, 0.0, -0.2079089250087637,
  -0.9781481886205691, 0.0]
- [0.0, 0.0, 1.0, -0.9786142358667723, 0.20570410146346899, 0.0, -0.20570410146346899,
  -0.9786142358667723, 0.0]
- [0.0, 0.0, 1.0, -0.9794162327491841, 0.20185104168023518, 0.0, -0.20185104168023518,
  -0.9794162327491841, 0.0]
- [0.0, 0.0, 1.0, -0.980228514919261, 0.19786879122079892, 0.0, -0.19786879122079892,
  -0.980228514919261, 0.0]
- [0.0, 0.0, 1.0, -0.9809708586490824, 0.19415502692766332, 0.0, -0.19415502692766332,
  -0.9809708586490824, 0.0]
- [0.0, 0.0, 1.0, -0.9820065038472238, 0.18884709794368698, 0.0, -0.18884709794368698,
  -0.9820065038472238, 0.0]
- [0.0, 0.0, 1.0, -0.9827631924744883, 0.18486889277904991, 0.0, -0.18486889277904991,
  -0.9827631924744883, 0.0]
- [0.0, 0.0, 1.0, -0.9839179307136012, 0.17862112310772446, 0.0, -0.17862112310772446,
  -0.9839179307136012, 0.0]
- [0.0, 0.0, 1.0, -0.9849373269185926, 0.1729117174816605, 0.0, -0.1729117174816605,
  -0.9849373269185926, 0.0]
- [0.0, 0.0, 1.0, -0.9859044667305168, 0.1673092420663461, 0.0, -0.1673092420663461,
  -0.9859044667305168, 0.0]
- [0.0, 0.0, 1.0, -0.9868863023471461, 0.1614169329394448, 0.0, -0.1614169329394448,
  -0.9868863023471461, 0.0]
- [0.0, 0.0, 1.0, -0.9881257648906047, 0.15364723479242157, 0.0, -0.15364723479242157,
  -0.9881257648906047, 0.0]
- [0.0, 0.0, 1.0, -0.9891266518902504, 0.14706619774912136, 0.0, -0.14706619774912136,
  -0.9891266518902504, 0.0]
- [0.0, 0.0, 1.0, -0.9901216457145312, 0.1402110077260291, 0.0, -0.1402110077260291,
  -0.9901216457145312, 0.0]
- [0.0, 0.0, 1.0, -0.9911346627188793, 0.13286113185252157, 0.0, -0.13286113185252157,
  -0.9911346627188793, 0.0]
- [0.0, 0.0, 1.0, -0.9923361607219072, 0.12356756906124199, 0.0, -0.12356756906124199,
  -0.9923361607219072, 0.0]
- [0.0, 0.0, 1.0, -0.993324409170829, 0.11535431567749656, 0.0, -0.11535431567749656,
  -0.993324409170829, 0.0]
- [0.0, 0.0, 1.0, -0.9986769494015988, 0.05142325090770208, 0.0, -0.05142325090770208,
  -0.9986769494015988, 0.0]
- [0.0, 0.0, 1.0, -0.9984608675422348, 0.05546076078461027, 0.0, -0.05546076078461027,
  -0.9984608675422348, 0.0]
- [0.0, 0.0, 1.0, -0.9966014803577916, 0.08237408177733088, 0.0, -0.08237408177733088,
  -0.9966014803577916, 0.0]
- [0.0, 0.0, 1.0, -0.9974555656704063, 0.07129091466049421, 0.0, -0.07129091466049421,
  -0.9974555656704063, 0.0]
- [0.0, 0.0, 1.0, -0.9982863757907499, 0.05851762051356536, 0.0, -0.05851762051356536,
  -0.9982863757907499, 0.0]
- [0.0, 0.0, 1.0, -0.998919868846852, 0.0464660695883365, 0.0, -0.0464660695883365,
  -0.998919868846852, 0.0]
- [0.0, 0.0, 1.0, -0.9994288444084695, 0.03379326803301541, 0.0, -0.03379326803301541,
  -0.9994288444084695, 0.0]
- [0.0, 0.0, 1.0, -0.9998014283822534, 0.019927463581846255, 0.0, -0.019927463581846255,
  -0.9998014283822534, 0.0]
- [0.0, 0.0, 1.0, -0.9999968802793681, 0.0024978854119615656, 0.0, -0.0024978854119615656,
  -0.9999968802793681, 0.0]
- [0.0, 0.0, 1.0, -0.9999271742536548, -0.01206839629367311, 0.0, 0.01206839629367311,
  -0.9999271742536548, 0.0]
- [0.0, 0.0, 1.0, -0.999593430631486, -0.028512689076562313, 0.0, 0.028512689076562313,
  -0.999593430631486, 0.0]
- [0.0, 0.0, 1.0, -0.9988054679182091, -0.0488634552266561, 0.0, 0.0488634552266561,
  -0.9988054679182091, 0.0]
- [0.0, 0.0, 1.0, -0.9977578998001885, -0.06692662688584466, 0.0, 0.06692662688584466,
  -0.9977578998001885, 0.0]
- [0.0, 0.0, 1.0, -0.9987930819730272, -0.049115979098679804, 0.0, 0.049115979098679804,
  -0.9987930819730272, 0.0]
- [0.0, 0.0, 1.0, -0.9982303895061098, -0.05946502725535615, 0.0, 0.05946502725535615,
  -0.9982303895061098, 0.0]
- [0.0, 0.0, 1.0, -0.9904044163633565, -0.13819946471661648, 0.0, 0.13819946471661648,
  -0.9904044163633565, 0.0]
- [0.0, 0.0, 1.0, -0.9867144053424379, -0.1624644031464101, 0.0, 0.1624644031464101,
  -0.9867144053424379, 0.0]
- [0.0, 0.0, 1.0, -0.9821359274189929, -0.18817284626862243, 0.0, 0.18817284626862243,
  -0.9821359274189929, 0.0]
- [0.0, 0.0, 1.0, -0.9771759806493147, -0.21243140738141836, 0.0, 0.21243140738141836,
  -0.9771759806493147, 0.0]
- [0.0, 0.0, 1.0, -0.9706793582309691, -0.24037800129028844, 0.0, 0.24037800129028844,
  -0.9706793582309691, 0.0]
- [0.0, 0.0, 1.0, -0.9624417045998752, -0.27148842562232145, 0.0, 0.27148842562232145,
  -0.9624417045998752, 0.0]
- [0.0, 0.0, 1.0, -0.9544341425649483, -0.2984216270753713, 0.0, 0.2984216270753713,
  -0.9544341425649483, 0.0]
- [0.0, 0.0, 1.0, -0.944246096745753, -0.3292405029464179, 0.0, 0.3292405029464179,
  -0.944246096745753, 0.0]
- [0.0, 0.0, 1.0, -0.932996783996365, -0.3598847052216035, 0.0, 0.3598847052216035,
  -0.932996783996365, 0.0]
- [0.0, 0.0, 1.0, -0.9198201968588113, -0.39234016548222206, 0.0, 0.39234016548222206,
  -0.9198201968588113, 0.0]
- [0.0, 0.0, 1.0, -0.904150069454141, -0.4272149949452526, 0.0, 0.4272149949452526,
  -0.904150069454141, 0.0]
- [0.0, 0.0, 1.0, -0.886131083046565, -0.46343468111344666, 0.0, 0.46343468111344666,
  -0.886131083046565, 0.0]
- [0.0, 0.0, 1.0, -0.8673913459597704, -0.4976266200215758, 0.0, 0.4976266200215758,
  -0.8673913459597704, 0.0]
- [0.0, 0.0, 1.0, -0.8452938057123437, -0.534301770560741, 0.0, 0.534301770560741,
  -0.8452938057123437, 0.0]
- [0.0, 0.0, 1.0, -0.8195629118672745, -0.5729892088788707, 0.0, 0.5729892088788707,
  -0.8195629118672745, 0.0]
- [0.0, 0.0, 1.0, -0.7922428615914591, -0.6102059064425517, 0.0, 0.6102059064425517,
  -0.7922428615914591, 0.0]
- [0.0, 0.0, 1.0, -0.7613024178021977, -0.6483969684140481, 0.0, 0.6483969684140481,
  -0.7613024178021977, 0.0]
- [0.0, 0.0, 1.0, -0.7257923725755929, -0.6879138259339549, 0.0, 0.6879138259339549,
  -0.7257923725755929, 0.0]
- [0.0, 0.0, 1.0, -0.6917997329059365, -0.7220894193597319, 0.0, 0.7220894193597319,
  -0.6917997329059365, 0.0]
- [0.0, 0.0, 1.0, -0.6441178436826192, -0.7649262732117734, 0.0, 0.7649262732117734,
  -0.6441178436826192, 0.0]
- [0.0, 0.0, 1.0, -0.5977690569686327, -0.8016683569474546, 0.0, 0.8016683569474546,
  -0.5977690569686327, 0.0]
- [0.0, 0.0, 1.0, -0.5473339217127019, -0.8369143194751744, 0.0, 0.8369143194751744,
  -0.5473339217127019, 0.0]
- [0.0, 0.0, 1.0, -0.4865971960124894, -0.873626446962764, 0.0, 0.873626446962764,
  -0.4865971960124894, 0.0]
- [0.0, 0.0, 1.0, -0.5711487266258765, -0.8208465947262252, 0.0, 0.8208465947262252,
  -0.5711487266258765, 0.0]
- [0.0, 0.0, 1.0, -0.493514173647795, -0.8697377538136044, 0.0, 0.8697377538136044,
  -0.493514173647795, 0.0]
- [0.0, 0.0, 1.0, -0.24520810099217522, -0.9694704674242589, 0.0, 0.9694704674242589,
  -0.24520810099217522, 0.0]
- [0.0, 0.0, 1.0, -0.1858648020078568, -0.9825753280917348, 0.0, 0.9825753280917348,
  -0.1858648020078568, 0.0]
- [0.0, 0.0, 1.0, -0.11207551062505916, -0.993699693025077, 0.0, 0.993699693025077,
  -0.11207551062505916, 0.0]
- [0.0, 0.0, 1.0, -0.0034281371979760964, -0.9999941239204116, 0.0, 0.9999941239204116,
  -0.0034281371979760964, 0.0]
- [0.0, 0.0, 1.0, 0.11286017359050392, -0.9936108801825396, 0.0, 0.9936108801825396,
  0.11286017359050392, 0.0]
- [0.0, 0.0, 1.0, 0.19653813274337725, -0.9804961817252256, 0.0, 0.9804961817252256,
  0.19653813274337725, 0.0]
- [0.0, 0.0, 1.0, 0.27166535645144896, -0.9623917778660138, 0.0, 0.9623917778660138,
  0.27166535645144896, 0.0]
- [0.0, 0.0, 1.0, 0.5272917357616641, -0.8496843092569449, 0.0, 0.8496843092569449,
  0.5272917357616641, 0.0]
- [0.0, 0.0, 1.0, 0.5910149699921303, -0.8066605886277087, 0.0, 0.8066605886277087,
  0.5910149699921303, 0.0]
- [0.0, 0.0, 1.0, 0.5174067385216756, -0.8557396022928717, 0.0, 0.8557396022928717,
  0.5174067385216756, 0.0]
- [0.0, 0.0, 1.0, 0.5751767715647025, -0.8180291446228588, 0.0, 0.8180291446228588,
  0.5751767715647025, 0.0]
- [0.0, 0.0, 1.0, 0.6294437757297892, -0.7770460302935901, 0.0, 0.7770460302935901,
  0.6294437757297892, 0.0]
- [0.0, 0.0, 1.0, 0.6734243199964591, -0.7392561702395906, 0.0, 0.7392561702395906,
  0.6734243199964591, 0.0]
- [0.0, 0.0, 1.0, 0.7207761394563161, -0.6931679138494866, 0.0, 0.6931679138494866,
  0.7207761394563161, 0.0]
- [0.0, 0.0, 1.0, 0.7544351394589339, -0.65637460367505, 0.0, 0.65637460367505, 0.7544351394589339,
  0.0]
- [0.0, 0.0, 1.0, 0.7853606718848781, -0.619038460078639, 0.0, 0.619038460078639,
  0.7853606718848781, 0.0]
- [0.0, 0.0, 1.0, 0.8123604206482947, -0.5831556798695572, 0.0, 0.5831556798695572,
  0.8123604206482947, 0.0]
- [0.0, 0.0, 1.0, 0.8389044219264736, -0.5442787620991739, 0.0, 0.5442787620991739,
  0.8389044219264736, 0.0]
- [0.0, 0.0, 1.0, 0.8582870240370181, -0.5131699371257822, 0.0, 0.5131699371257822,
  0.8582870240370181, 0.0]
- [0.0, 0.0, 1.0, 0.8809516033524804, -0.4732063741653255, 0.0, 0.4732063741653255,
  0.8809516033524804, 0.0]
- [0.0, 0.0, 1.0, 0.8974176177778523, -0.4411820704674258, 0.0, 0.4411820704674258,
  0.8974176177778523, 0.0]
- [0.0, 0.0, 1.0, 0.9112680191272012, -0.41181378961368803, 0.0, 0.41181378961368803,
  0.9112680191272012, 0.0]
- [0.0, 0.0, 1.0, 0.9251904520570826, -0.37950313229591537, 0.0, 0.37950313229591537,
  0.9251904520570826, 0.0]
- [0.0, 0.0, 1.0, 0.935962463812656, -0.3520997959865105, 0.0, 0.3520997959865105,
  0.935962463812656, 0.0]
- [0.0, 0.0, 1.0, 0.9457686073987475, -0.32484110155433493, 0.0, 0.32484110155433493,
  0.9457686073987475, 0.0]
- [0.0, 0.0, 1.0, 0.9551332105594246, -0.296176552222565, 0.0, 0.296176552222565,
  0.9551332105594246, 0.0]
- [0.0, 0.0, 1.0, 0.9626927335725737, -0.27059693406719504, 0.0, 0.27059693406719504,
  0.9626927335725737, 0.0]
- [0.0, 0.0, 1.0, 0.9699152302817211, -0.24344290104161115, 0.0, 0.24344290104161115,
  0.9699152302817211, 0.0]
- [0.0, 0.0, 1.0, 0.9841412568791894, -0.17738654545440935, 0.0, 0.17738654545440935,
  0.9841412568791894, 0.0]
- [0.0, 0.0, 1.0, 0.9889154087285017, -0.1484800134002568, 0.0, 0.1484800134002568,
  0.9889154087285017, 0.0]
- [0.0, 0.0, 1.0, 0.9843652367580619, -0.17613937851101025, 0.0, 0.17613937851101025,
  0.9843652367580619, 0.0]
- [0.0, 0.0, 1.0, 0.9880886442624581, -0.15388577283029628, 0.0, 0.15388577283029628,
  0.9880886442624581, 0.0]
- [0.0, 0.0, 1.0, 0.9912085523751121, -0.13230875140532022, 0.0, 0.13230875140532022,
  0.9912085523751121, 0.0]
- [0.0, 0.0, 1.0, 0.994030970673289, -0.1090982554503907, 0.0, 0.1090982554503907,
  0.994030970673289, 0.0]
- [0.0, 0.0, 1.0, 0.996043322291577, -0.08886900538634211, 0.0, 0.08886900538634211,
  0.996043322291577, 0.0]
- [0.0, 0.0, 1.0, 0.997624375744889, -0.06888835111700899, 0.0, 0.06888835111700899,
  0.997624375744889, 0.0]
- [0.0, 0.0, 1.0, 0.9989076969172954, -0.04672700546134398, 0.0, 0.04672700546134398,
  0.9989076969172954, 0.0]
- [0.0, 0.0, 1.0, 0.9995959266589395, -0.028425048933223413, 0.0, 0.028425048933223413,
  0.9995959266589395, 0.0]
- [0.0, 0.0, 1.0, 0.9999572450489346, -0.009247057593895967, 0.0, 0.009247057593895967,
  0.9999572450489346, 0.0]
- [0.0, 0.0, 1.0, 0.9999294312868251, 0.011879917777763725, 0.0, -0.011879917777763725,
  0.9999294312868251, 0.0]
- [0.0, 0.0, 1.0, 0.9995794225409155, 0.0289996212521805, 0.0, -0.0289996212521805,
  0.9995794225409155, 0.0]
- [0.0, 0.0, 1.0, 0.9989661675931766, 0.045459828466476906, 0.0, -0.045459828466476906,
  0.9989661675931766, 0.0]
- [0.0, 0.0, 1.0, 0.9998289948881853, 0.01849272778366698, 0.0, -0.01849272778366698,
  0.9998289948881853, 0.0]
- [0.0, 0.0, 1.0, 0.9993749179662549, 0.03535213345671212, 0.0, -0.03535213345671212,
  0.9993749179662549, 0.0]
- [0.0, 0.0, 1.0, 0.9954522307431024, 0.09526204022894508, 0.0, -0.09526204022894508,
  0.9954522307431024, 0.0]
- [0.0, 0.0, 1.0, 0.9938034021858474, 0.11115213809835016, 0.0, -0.11115213809835016,
  0.9938034021858474, 0.0]
- [0.0, 0.0, 1.0, 0.9917902736340418, 0.12787514662713942, 0.0, -0.12787514662713942,
  0.9917902736340418, 0.0]
- [0.0, 0.0, 1.0, 0.9897418928483617, 0.14286702048038366, 0.0, -0.14286702048038366,
  0.9897418928483617, 0.0]
- [0.0, 0.0, 1.0, 0.9877746698767451, 0.15588842660661908, 0.0, -0.15588842660661908,
  0.9877746698767451, 0.0]
- [0.0, 0.0, 1.0, 0.9851938747499583, 0.17144395339341495, 0.0, -0.17144395339341495,
  0.9851938747499583, 0.0]
- [0.0, 0.0, 1.0, 0.9822185109728668, 0.18774130260079833, 0.0, -0.18774130260079833,
  0.9822185109728668, 0.0]
- [0.0, 0.0, 1.0, 0.9797761239953775, 0.2000968436747424, 0.0, -0.2000968436747424,
  0.9797761239953775, 0.0]
- [0.0, 0.0, 1.0, 0.9770649040803856, 0.21294171318552668, 0.0, -0.21294171318552668,
  0.9770649040803856, 0.0]
- [0.0, 0.0, 1.0, 0.9735654811491418, 0.2284080863604438, 0.0, -0.2284080863604438,
  0.9735654811491418, 0.0]
- [0.0, 0.0, 1.0, 0.9707068539722971, 0.24026694248523964, 0.0, -0.24026694248523964,
  0.9707068539722971, 0.0]
- [0.0, 0.0, 1.0, 0.967756982686688, 0.2518857329448362, 0.0, -0.2518857329448362,
  0.967756982686688, 0.0]
- [0.0, 0.0, 1.0, 0.9643383639139643, 0.2646724766267514, 0.0, -0.2646724766267514,
  0.9643383639139643, 0.0]
- [0.0, 0.0, 1.0, 0.960738347584481, 0.2774559919710532, 0.0, -0.2774559919710532,
  0.960738347584481, 0.0]
- [0.0, 0.0, 1.0, 0.9579676140563186, 0.28687636782984427, 0.0, -0.28687636782984427,
  0.9579676140563186, 0.0]
- [0.0, 0.0, 1.0, 0.9551762304917782, 0.29603778256080304, 0.0, -0.29603778256080304,
  0.9551762304917782, 0.0]
- [0.0, 0.0, 1.0, 0.9519302288041772, 0.3063149351383746, 0.0, -0.3063149351383746,
  0.9519302288041772, 0.0]
- [0.0, 0.0, 1.0, 0.9489031338744142, 0.31556749281780533, 0.0, -0.31556749281780533,
  0.9489031338744142, 0.0]
- [0.0, 0.0, 1.0, 0.9460333886662853, 0.32406917090119075, 0.0, -0.32406917090119075,
  0.9460333886662853, 0.0]
- [0.0, 0.0, 1.0, 0.9435583021045737, 0.33120647718535656, 0.0, -0.33120647718535656,
  0.9435583021045737, 0.0]
- [0.0, 0.0, 1.0, 0.9406520903198407, 0.33937242813303875, 0.0, -0.33937242813303875,
  0.9406520903198407, 0.0]
- [0.0, 0.0, 1.0, 0.9380474012565545, 0.34650695952004307, 0.0, -0.34650695952004307,
  0.9380474012565545, 0.0]
- [0.0, 0.0, 1.0, 0.9357004048147866, 0.35279562416425286, 0.0, -0.35279562416425286,
  0.9357004048147866, 0.0]
- [0.0, 0.0, 1.0, 0.9336711536803397, 0.3581315076689334, 0.0, -0.3581315076689334,
  0.9336711536803397, 0.0]
- [0.0, 0.0, 1.0, 0.9313458947024804, 0.3641357225277907, 0.0, -0.3641357225277907,
  0.9313458947024804, 0.0]
- [0.0, 0.0, 1.0, 0.9297203076299239, 0.3682664111489394, 0.0, -0.3682664111489394,
  0.9297203076299239, 0.0]
- [0.0, 0.0, 1.0, 0.9281215853597589, 0.37227721228848815, 0.0, -0.37227721228848815,
  0.9281215853597589, 0.0]
- [0.0, 0.0, 1.0, 0.9270152957027076, 0.37502352130662586, 0.0, -0.37502352130662586,
  0.9270152957027076, 0.0]
- [0.0, 0.0, 1.0, 0.9262314677247008, 0.3769552602054341, 0.0, -0.3769552602054341,
  0.9262314677247008, 0.0]
- [0.0, 0.0, 1.0, 0.9257662741679743, 0.3780962914564848, 0.0, -0.3780962914564848,
  0.9257662741679743, 0.0]
- [0.0, 0.0, 1.0, 0.9253333892586803, 0.37915447870629704, 0.0, -0.37915447870629704,
  0.9253333892586803, 0.0]
- [0.0, 0.0, 1.0, 0.9252377345361879, 0.3793878419116017, 0.0, -0.3793878419116017,
  0.9252377345361879, 0.0]
- [0.0, 0.0, 1.0, 0.925649519257527, 0.3783820390799607, 0.0, -0.3783820390799607,
  0.925649519257527, 0.0]
- [0.0, 0.0, 1.0, 0.9260050169932187, 0.3775112031495078, 0.0, -0.3775112031495078,
  0.9260050169932187, 0.0]
