nodes:
- [2.91865197 0.01899731 0.00000000]
- [2.88350610 0.02461737 0.00000000]
- [2.84345649 0.03324805 0.00000000]
- [2.80340044 0.04185404 0.00000000]
- [2.76334472 0.05046050 0.00000000]
- [2.72328264 0.05904009 0.00000000]
- [2.68321291 0.06762752 0.00000000]
- [2.64315128 0.07627333 0.00000000]
- [2.60309537 0.08496649 0.00000000]
- [2.56306176 0.09375785 0.00000000]
- [2.52304237 0.10258660 0.00000000]
- [2.48303057 0.11145985 0.00000000]
- [2.44303388 0.12039184 0.00000000]
- [2.40304304 0.12934922 0.00000000]
- [2.36306430 0.13836443 0.00000000]
- [2.32309532 0.14741275 0.00000000]
- [2.28313694 0.15649744 0.00000000]
- [2.24318378 0.16559408 0.00000000]
- [2.20323221 0.17470543 0.00000000]
- [2.16328634 0.18384527 0.00000000]
- [2.12199307 0.18710801 0.00000000]
- [2.08118061 0.19027402 0.00000000]
- [2.04172546 0.19933273 0.00000000]
- [2.00226737 0.20838747 0.00000000]
- [1.96280654 0.21744589 0.00000000]
- [1.92335740 0.22651093 0.00000000]
- [1.88390208 0.23554077 0.00000000]
- [1.84444785 0.24457232 0.00000000]
- [1.80498953 0.25356541 0.00000000]
- [1.76552867 0.26254274 0.00000000]
- [1.72606646 0.27147693 0.00000000]
- [1.68659063 0.28036495 0.00000000]
- [1.64644165 0.28937304 0.00000000]
- [1.60628648 0.29831064 0.00000000]
- [1.56610690 0.30718421 0.00000000]
- [1.52593107 0.31602572 0.00000000]
- [1.48573468 0.32475937 0.00000000]
- [1.44552961 0.33345170 0.00000000]
- [1.40531119 0.34203364 0.00000000]
- [1.36506533 0.35053716 0.00000000]
- [1.32481749 0.35897068 0.00000000]
- [1.28455211 0.36727330 0.00000000]
- [1.24426280 0.37547215 0.00000000]
- [1.20394613 0.38355271 0.00000000]
- [1.16362474 0.39153950 0.00000000]
- [1.12327715 0.39935237 0.00000000]
- [1.08289099 0.40704707 0.00000000]
- [1.04248689 0.41462913 0.00000000]
- [1.00208376 0.42207237 0.00000000]
- [0.96164701 0.42929992 0.00000000]
- [0.92115748 0.43637667 0.00000000]
- [0.88065290 0.44333772 0.00000000]
- [0.84015936 0.45011725 0.00000000]
- [0.79961351 0.45662220 0.00000000]
- [0.75901981 0.46298401 0.00000000]
- [0.71843366 0.46916155 0.00000000]
- [0.67783032 0.47504884 0.00000000]
- [0.63715581 0.48066147 0.00000000]
- [0.59644630 0.48611376 0.00000000]
- [0.55576823 0.49132999 0.00000000]
- [0.51504535 0.49614027 0.00000000]
- [0.47425185 0.50070722 0.00000000]
- [0.43344835 0.50503288 0.00000000]
- [0.39266334 0.50904112 0.00000000]
- [0.35182994 0.51261251 0.00000000]
- [0.31093442 0.51590360 0.00000000]
- [0.26969796 0.51311174 0.00000000]
- [0.22012195 0.51026777 0.00000000]
- [0.17083677 0.51265195 0.00000000]
- [0.13105603 0.51419970 0.00000000]
- [0.09127744 0.51520148 0.00000000]
- [0.05145352 0.51578133 0.00000000]
- [0.01163976 0.51590459 0.00000000]
- [-0.02808218 0.51557111 0.00000000]
- [-0.06779496 0.51456131 0.00000000]
- [-0.10758472 0.51309529 0.00000000]
- [-0.14720672 0.51118593 0.00000000]
- [-0.18673237 0.50846232 0.00000000]
- [-0.22636163 0.50515876 0.00000000]
- [-0.26583552 0.50141255 0.00000000]
- [-0.30512675 0.49682695 0.00000000]
- [-0.34445257 0.49154999 0.00000000]
- [-0.38357365 0.48574024 0.00000000]
- [-0.42244503 0.47896190 0.00000000]
- [-0.46132047 0.47138892 0.00000000]
- [-0.49994499 0.46322387 0.00000000]
- [-0.53825681 0.45400583 0.00000000]
- [-0.57649352 0.44397848 0.00000000]
- [-0.61431595 0.43324661 0.00000000]
- [-0.65786008 0.41928744 0.00000000]
- [-0.70306438 0.40970463 0.00000000]
- [-0.74426753 0.40008104 0.00000000]
- [-0.78301284 0.38384232 0.00000000]
- [-0.82117468 0.36639569 0.00000000]
- [-0.85869248 0.34766427 0.00000000]
- [-0.89544953 0.32768542 0.00000000]
- [-0.93126484 0.30614032 0.00000000]
- [-0.96615793 0.28327047 0.00000000]
- [-0.99968823 0.25878261 0.00000000]
- [-1.03613857 0.23742365 0.00000000]
- [-1.06978954 0.21601897 0.00000000]
- [-1.09744329 0.18801625 0.00000000]
- [-1.12284325 0.15812571 0.00000000]
- [-1.14541452 0.12621654 0.00000000]
- [-1.16407115 0.09212088 0.00000000]
- [-1.17743600 0.05586646 0.00000000]
- [-1.18485187 0.01819497 0.00000000]
- [-1.18412157 -0.01987515 0.00000000]
- [-1.17443373 -0.05665778 0.00000000]
- [-1.15724707 -0.09109653 0.00000000]
- [-1.13468784 -0.12278403 0.00000000]
- [-1.10891524 -0.15231838 0.00000000]
- [-1.08096753 -0.18000979 0.00000000]
- [-1.05128711 -0.20597507 0.00000000]
- [-1.01628441 -0.22517075 0.00000000]
- [-0.97929573 -0.24364451 0.00000000]
- [-0.94557164 -0.26643637 0.00000000]
- [-0.91095456 -0.28789942 0.00000000]
- [-0.87570648 -0.30837233 0.00000000]
- [-0.83972255 -0.32756000 0.00000000]
- [-0.80317875 -0.34578897 0.00000000]
- [-0.76608513 -0.36289072 0.00000000]
- [-0.72850978 -0.37902947 0.00000000]
- [-0.69054467 -0.39416761 0.00000000]
- [-0.65021541 -0.40279634 0.00000000]
- [-0.60156939 -0.41324852 0.00000000]
- [-0.56376040 -0.42470865 0.00000000]
- [-0.52555607 -0.43551369 0.00000000]
- [-0.48723979 -0.44547678 0.00000000]
- [-0.44862701 -0.45446292 0.00000000]
- [-0.40977035 -0.46277495 0.00000000]
- [-0.37087204 -0.47028553 0.00000000]
- [-0.33172320 -0.47681997 0.00000000]
- [-0.29237510 -0.48276238 0.00000000]
- [-0.25303445 -0.48794888 0.00000000]
- [-0.21352334 -0.49225357 0.00000000]
- [-0.17382501 -0.49598115 0.00000000]
- [-0.13423610 -0.49911881 0.00000000]
- [-0.09454922 -0.50127282 0.00000000]
- [-0.05465146 -0.50293394 0.00000000]
- [-0.01490621 -0.50406586 0.00000000]
- [0.02483635 -0.50427024 0.00000000]
- [0.06477335 -0.50390717 0.00000000]
- [0.10462591 -0.50310048 0.00000000]
- [0.14434807 -0.50153615 0.00000000]
- [0.18414861 -0.49925734 0.00000000]
- [0.22996922 -0.49607603 0.00000000]
- [0.27556531 -0.49218088 0.00000000]
- [0.32177832 -0.49297785 0.00000000]
- [0.36351457 -0.49375617 0.00000000]
- [0.40445198 -0.48836081 0.00000000]
- [0.44524771 -0.48212909 0.00000000]
- [0.48605939 -0.47533953 0.00000000]
- [0.52680578 -0.46812019 0.00000000]
- [0.56737651 -0.46040912 0.00000000]
- [0.60782874 -0.45193947 0.00000000]
- [0.64828924 -0.44307082 0.00000000]
- [0.68859747 -0.43382449 0.00000000]
- [0.72872347 -0.42395079 0.00000000]
- [0.76879668 -0.41354738 0.00000000]
- [0.80881590 -0.40280389 0.00000000]
- [0.84867143 -0.39170168 0.00000000]
- [0.88837117 -0.38002464 0.00000000]
- [0.92804234 -0.36798670 0.00000000]
- [0.96764035 -0.35566392 0.00000000]
- [1.00712317 -0.34306309 0.00000000]
- [1.04649779 -0.33007875 0.00000000]
- [1.08584189 -0.31685281 0.00000000]
- [1.12512915 -0.30342516 0.00000000]
- [1.16435074 -0.28981324 0.00000000]
- [1.20351230 -0.27599201 0.00000000]
- [1.24265689 -0.26202168 0.00000000]
- [1.28179597 -0.24796645 0.00000000]
- [1.32093716 -0.23385468 0.00000000]
- [1.36009067 -0.21974150 0.00000000]
- [1.39925030 -0.20562171 0.00000000]
- [1.43846346 -0.19151992 0.00000000]
- [1.47775546 -0.17757436 0.00000000]
- [1.51708080 -0.16374671 0.00000000]
- [1.55647800 -0.15004465 0.00000000]
- [1.59600967 -0.13653812 0.00000000]
- [1.63567547 -0.12340605 0.00000000]
- [1.67539175 -0.11053146 0.00000000]
- [1.71389992 -0.09832152 0.00000000]
- [1.75257850 -0.08649745 0.00000000]
- [1.79136722 -0.07510894 0.00000000]
- [1.83023557 -0.06405277 0.00000000]
- [1.86928656 -0.05334823 0.00000000]
- [1.90852890 -0.04327468 0.00000000]
- [1.94783331 -0.03368158 0.00000000]
- [1.98728731 -0.02450169 0.00000000]
- [2.02698231 -0.01596131 0.00000000]
- [2.06680338 -0.00822638 0.00000000]
- [2.10770138 -0.00697840 0.00000000]
- [2.14930472 -0.00623023 0.00000000]
- [2.18999635 -0.00033142 0.00000000]
- [2.23073869 0.00501592 0.00000000]
- [2.27157881 0.00978680 0.00000000]
- [2.31250893 0.01375752 0.00000000]
- [2.35347747 0.01711085 0.00000000]
- [2.39451563 0.01982055 0.00000000]
- [2.43560214 0.02168899 0.00000000]
- [2.47671726 0.02291002 0.00000000]
- [2.51786541 0.02324625 0.00000000]
- [2.55899325 0.02276482 0.00000000]
- [2.60012592 0.02159344 0.00000000]
- [2.64120838 0.01942542 0.00000000]
- [2.68224386 0.01666170 0.00000000]
- [2.72321554 0.01301399 0.00000000]
- [2.76410770 0.00871681 0.00000000]
- [2.80491488 0.00369572 0.00000000]
- [2.84561409 -0.00194752 0.00000000]
- [2.88620124 -0.00805261 0.00000000]
- [2.91975524 -0.01632938 0.00000000]
- [1.67663607 -0.06709853 0.00000000]
- [1.67788039 -0.02366560 0.00000000]
- [1.67912471 0.01976734 0.00000000]
- [1.68036903 0.06320027 0.00000000]
- [1.68161335 0.10663321 0.00000000]
- [1.68285767 0.15006614 0.00000000]
- [1.68410199 0.19349908 0.00000000]
- [1.68534631 0.23693201 0.00000000]
- [-0.60217637 -0.37293923 0.00000000]
- [-0.60278335 -0.33262994 0.00000000]
- [-0.60339033 -0.29232065 0.00000000]
- [-0.60399731 -0.25201135 0.00000000]
- [-0.60460429 -0.21170206 0.00000000]
- [-0.60521127 -0.17139277 0.00000000]
- [-0.60581825 -0.13108348 0.00000000]
- [-0.60642522 -0.09077419 0.00000000]
- [-0.60703220 -0.05046489 0.00000000]
- [-0.60763918 -0.01015560 0.00000000]
- [-0.60824616 0.03015369 0.00000000]
- [-0.60885314 0.07046298 0.00000000]
- [-0.60946012 0.11077227 0.00000000]
- [-0.61006710 0.15108157 0.00000000]
- [-0.61067408 0.19139086 0.00000000]
- [-0.61128106 0.23170015 0.00000000]
- [-0.61188804 0.27200944 0.00000000]
- [-0.61249502 0.31231874 0.00000000]
- [-0.61310199 0.35262803 0.00000000]
- [-0.61370897 0.39293732 0.00000000]
- [0.18361614 -0.45878097 0.00000000]
- [0.18308367 -0.41830460 0.00000000]
- [0.18255119 -0.37782822 0.00000000]
- [0.18201872 -0.33735185 0.00000000]
- [0.18148625 -0.29687548 0.00000000]
- [0.18095377 -0.25639911 0.00000000]
- [0.18042130 -0.21592274 0.00000000]
- [0.17988883 -0.17544637 0.00000000]
- [0.17935635 -0.13496999 0.00000000]
- [0.17882388 -0.09449362 0.00000000]
- [0.17829140 -0.05401725 0.00000000]
- [0.17775893 -0.01354088 0.00000000]
- [0.17722646 0.02693549 0.00000000]
- [0.17669398 0.06741186 0.00000000]
- [0.17616151 0.10788824 0.00000000]
- [0.17562904 0.14836461 0.00000000]
- [0.17509656 0.18884098 0.00000000]
- [0.17456409 0.22931735 0.00000000]
- [0.17403161 0.26979372 0.00000000]
- [0.17349914 0.31027009 0.00000000]
- [0.17296667 0.35074646 0.00000000]
- [0.17243419 0.39122284 0.00000000]
- [0.17190172 0.43169921 0.00000000]
- [0.17136925 0.47217558 0.00000000]
elements:
- [1 2]
- [2 3]
- [3 4]
- [4 5]
- [5 6]
- [6 7]
- [7 8]
- [8 9]
- [9 10]
- [10 11]
- [11 12]
- [12 13]
- [13 14]
- [14 15]
- [15 16]
- [16 17]
- [17 18]
- [18 19]
- [19 20]
- [20 21]
- [21 22]
- [22 23]
- [23 24]
- [24 25]
- [25 26]
- [26 27]
- [27 28]
- [28 29]
- [29 30]
- [30 31]
- [31 32]
- [32 33]
- [33 34]
- [34 35]
- [35 36]
- [36 37]
- [37 38]
- [38 39]
- [39 40]
- [40 41]
- [41 42]
- [42 43]
- [43 44]
- [44 45]
- [45 46]
- [46 47]
- [47 48]
- [48 49]
- [49 50]
- [50 51]
- [51 52]
- [52 53]
- [53 54]
- [54 55]
- [55 56]
- [56 57]
- [57 58]
- [58 59]
- [59 60]
- [60 61]
- [61 62]
- [62 63]
- [63 64]
- [64 65]
- [65 66]
- [66 67]
- [67 68]
- [68 69]
- [69 70]
- [70 71]
- [71 72]
- [72 73]
- [73 74]
- [74 75]
- [75 76]
- [76 77]
- [77 78]
- [78 79]
- [79 80]
- [80 81]
- [81 82]
- [82 83]
- [83 84]
- [84 85]
- [85 86]
- [86 87]
- [87 88]
- [88 89]
- [89 90]
- [90 91]
- [91 92]
- [92 93]
- [93 94]
- [94 95]
- [95 96]
- [96 97]
- [97 98]
- [98 99]
- [99 100]
- [100 101]
- [101 102]
- [102 103]
- [103 104]
- [104 105]
- [105 106]
- [106 107]
- [107 108]
- [108 109]
- [109 110]
- [110 111]
- [111 112]
- [112 113]
- [113 114]
- [114 115]
- [115 116]
- [116 117]
- [117 118]
- [118 119]
- [119 120]
- [120 121]
- [121 122]
- [122 123]
- [123 124]
- [124 125]
- [125 126]
- [126 127]
- [127 128]
- [128 129]
- [129 130]
- [130 131]
- [131 132]
- [132 133]
- [133 134]
- [134 135]
- [135 136]
- [136 137]
- [137 138]
- [138 139]
- [139 140]
- [140 141]
- [141 142]
- [142 143]
- [143 144]
- [144 145]
- [145 146]
- [146 147]
- [147 148]
- [148 149]
- [149 150]
- [150 151]
- [151 152]
- [152 153]
- [153 154]
- [154 155]
- [155 156]
- [156 157]
- [157 158]
- [158 159]
- [159 160]
- [160 161]
- [161 162]
- [162 163]
- [163 164]
- [164 165]
- [165 166]
- [166 167]
- [167 168]
- [168 169]
- [169 170]
- [170 171]
- [171 172]
- [172 173]
- [173 174]
- [174 175]
- [175 176]
- [176 177]
- [177 178]
- [178 179]
- [179 180]
- [180 181]
- [181 182]
- [182 183]
- [183 184]
- [184 185]
- [185 186]
- [186 187]
- [187 188]
- [188 189]
- [189 190]
- [190 191]
- [191 192]
- [192 193]
- [193 194]
- [194 195]
- [195 196]
- [196 197]
- [197 198]
- [198 199]
- [199 200]
- [200 201]
- [201 202]
- [202 203]
- [203 204]
- [204 205]
- [205 206]
- [206 207]
- [207 208]
- [208 209]
- [209 210]
- [210 211]
- [211 212]
- [212 213]
- [213 214]
- [214 1]
- [183 215]
- [215 216]
- [216 217]
- [217 218]
- [218 219]
- [219 220]
- [220 221]
- [221 222]
- [222 32]
- [126 223]
- [223 224]
- [224 225]
- [225 226]
- [226 227]
- [227 228]
- [228 229]
- [229 230]
- [230 231]
- [231 232]
- [232 233]
- [233 234]
- [234 235]
- [235 236]
- [236 237]
- [237 238]
- [238 239]
- [239 240]
- [240 241]
- [241 242]
- [242 89]
- [146 243]
- [243 244]
- [244 245]
- [245 246]
- [246 247]
- [247 248]
- [248 249]
- [249 250]
- [250 251]
- [251 252]
- [252 253]
- [253 254]
- [254 255]
- [255 256]
- [256 257]
- [257 258]
- [258 259]
- [259 260]
- [260 261]
- [261 262]
- [262 263]
- [263 264]
- [264 265]
- [265 266]
- [266 69]
sets:
  element:
  - name: layup_0
    labels:
    - 1
    - 2
    - 3
    - 4
    - 5
    - 6
    - 7
    - 8
    - 9
    - 10
    - 11
    - 12
    - 13
    - 14
    - 15
    - 16
    - 17
    - 18
    - 19
    - 20
    - 194
    - 195
    - 196
    - 197
    - 198
    - 199
    - 200
    - 201
    - 202
    - 203
    - 204
    - 205
    - 206
    - 207
    - 208
    - 209
    - 210
    - 211
    - 212
    - 213
    - 214
  - name: layup_1
    labels:
    - 21
    - 22
    - 23
    - 24
    - 25
    - 26
    - 27
    - 28
    - 29
    - 30
    - 31
    - 32
    - 33
    - 34
    - 35
    - 36
    - 37
    - 38
    - 39
    - 40
    - 41
    - 42
    - 43
    - 44
    - 45
    - 46
    - 47
    - 48
    - 49
    - 50
    - 51
    - 52
    - 53
    - 54
    - 55
    - 56
    - 57
    - 58
    - 59
    - 60
    - 61
    - 62
    - 63
    - 64
    - 65
    - 66
    - 91
    - 92
    - 93
    - 94
    - 95
    - 96
    - 97
    - 98
    - 99
    - 115
    - 116
    - 117
    - 118
    - 119
    - 120
    - 121
    - 122
    - 123
    - 124
    - 149
    - 150
    - 151
    - 152
    - 153
    - 154
    - 155
    - 156
    - 157
    - 158
    - 159
    - 160
    - 161
    - 162
    - 163
    - 164
    - 165
    - 166
    - 167
    - 168
    - 169
    - 170
    - 171
    - 172
    - 173
    - 174
    - 175
    - 176
    - 177
    - 178
    - 179
    - 180
    - 181
    - 182
    - 183
    - 184
    - 185
    - 186
    - 187
    - 188
    - 189
    - 190
    - 191
    - 192
    - 193
  - name: layup_2
    labels:
    - 67
    - 68
    - 69
    - 70
    - 71
    - 72
    - 73
    - 74
    - 75
    - 76
    - 77
    - 78
    - 79
    - 80
    - 81
    - 82
    - 83
    - 84
    - 85
    - 86
    - 87
    - 88
    - 89
    - 90
  - name: layup_3
    labels:
    - 100
    - 101
    - 102
    - 103
    - 104
    - 105
    - 106
    - 107
    - 108
    - 109
    - 110
    - 111
    - 112
    - 113
    - 114
  - name: layup_4
    labels:
    - 125
    - 126
    - 127
    - 128
    - 129
    - 130
    - 131
    - 132
    - 133
    - 134
    - 135
    - 136
    - 137
    - 138
    - 139
    - 140
    - 141
    - 142
    - 143
    - 144
    - 145
    - 146
    - 147
    - 148
  - name: layup_5
    labels:
    - 215
    - 216
    - 217
    - 218
    - 219
    - 220
    - 221
    - 222
    - 223
  - name: layup_6
    labels:
    - 224
    - 225
    - 226
    - 227
    - 228
    - 229
    - 230
    - 231
    - 232
    - 233
    - 234
    - 235
    - 236
    - 237
    - 238
    - 239
    - 240
    - 241
    - 242
    - 243
    - 244
    - 245
    - 246
    - 247
    - 248
    - 249
    - 250
    - 251
    - 252
    - 253
    - 254
    - 255
    - 256
    - 257
    - 258
    - 259
    - 260
    - 261
    - 262
    - 263
    - 264
    - 265
    - 266
    - 267
    - 268
    - 269
sections:
- type: shell
  elementSet: layup_0
  layup:
  - - gelcoat
    - 0.0005
    - 0.0
  - - glass_triax
    - 0.003
    - 0.0
  - - glass_uniax
    - 0.01079279
    - 0.0
  - - glass_triax
    - 0.003
    - 0.0
- type: shell
  elementSet: layup_1
  layup:
  - - gelcoat
    - 0.0005
    - 0.0
  - - glass_triax
    - 0.003
    - 0.0
  - - medium_density_foam
    - 0.035
    - 0.0
  - - glass_triax
    - 0.003
    - 0.0
- type: shell
  elementSet: layup_2
  layup:
  - - gelcoat
    - 0.0005
    - 0.0
  - - glass_triax
    - 0.003
    - 0.0
  - - carbon_uniax
    - 0.05821778
    - 0.0
  - - glass_triax
    - 0.003
    - 0.0
- type: shell
  elementSet: layup_3
  layup:
  - - gelcoat
    - 0.0005
    - 0.0
  - - glass_triax
    - 0.003
    - 0.0
  - - glass_uniax
    - 0.00819098
    - 0.0
  - - glass_triax
    - 0.003
    - 0.0
- type: shell
  elementSet: layup_4
  layup:
  - - gelcoat
    - 0.0005
    - 0.0
  - - glass_triax
    - 0.003
    - 0.0
  - - carbon_uniax
    - 0.05806808
    - 0.0
  - - glass_triax
    - 0.003
    - 0.0
- type: shell
  elementSet: layup_5
  layup:
  - - glass_biax
    - 0.002
    - 0.0
  - - medium_density_foam
    - 0.03
    - 0.0
  - - glass_biax
    - 0.002
    - 0.0
- type: shell
  elementSet: layup_6
  layup:
  - - glass_biax
    - 0.002
    - 0.0
  - - medium_density_foam
    - 0.0268
    - 0.0
  - - glass_biax
    - 0.002
    - 0.0
elementOrientations:
- [0.0, 0.0, 1.0, -0.9874549897592039, 0.15790073843921884, 0.0, -0.15790073843921884,
  -0.9874549897592039, 0.0]
- [0.0, 0.0, 1.0, -0.9775586050612415, 0.21066365056819805, 0.0, -0.21066365056819805,
  -0.9775586050612415, 0.0]
- [0.0, 0.0, 1.0, -0.97768953717757, 0.21005515678866044, 0.0, -0.21005515678866044,
  -0.97768953717757, 0.0]
- [0.0, 0.0, 1.0, -0.9776867883033592, 0.2100679508565325, 0.0, -0.2100679508565325,
  -0.9776867883033592, 0.0]
- [0.0, 0.0, 1.0, -0.9778280879633648, 0.20940924141477146, 0.0, -0.20940924141477146,
  -0.9778280879633648, 0.0]
- [0.0, 0.0, 1.0, -0.9777971422532565, 0.20955368906646535, 0.0, -0.20955368906646535,
  -0.9777971422532565, 0.0]
- [0.0, 0.0, 1.0, -0.9774955473072545, 0.21095604991203956, 0.0, -0.21095604991203956,
  -0.9774955473072545, 0.0]
- [0.0, 0.0, 1.0, -0.9772504677447242, 0.2120884798679968, 0.0, -0.2120884798679968,
  -0.9772504677447242, 0.0]
- [0.0, 0.0, 1.0, -0.9767264985259058, 0.21448857097133125, 0.0, -0.21448857097133125,
  -0.9767264985259058, 0.0]
- [0.0, 0.0, 1.0, -0.9765189545842309, 0.21543150033762654, 0.0, -0.21543150033762654,
  -0.9765189545842309, 0.0]
- [0.0, 0.0, 1.0, -0.9762813208589418, 0.2165058487476031, 0.0, -0.2165058487476031,
  -0.9762813208589418, 0.0]
- [0.0, 0.0, 1.0, -0.9759599943873086, 0.21794974043463433, 0.0, -0.21794974043463433,
  -0.9759599943873086, 0.0]
- [0.0, 0.0, 1.0, -0.9758212610141156, 0.21857004953291556, 0.0, -0.21857004953291556,
  -0.9758212610141156, 0.0]
- [0.0, 0.0, 1.0, -0.975505134902296, 0.21997666189678725, 0.0, -0.21997666189678725,
  -0.975505134902296, 0.0]
- [0.0, 0.0, 1.0, -0.9753199143480766, 0.22079643266153645, 0.0, -0.22079643266153645,
  -0.9753199143480766, 0.0]
- [0.0, 0.0, 1.0, -0.9751157847078243, 0.22169620297525217, 0.0, -0.22169620297525217,
  -0.9751157847078243, 0.0]
- [0.0, 0.0, 1.0, -0.9750464030409389, 0.22200115296305753, 0.0, -0.22200115296305753,
  -0.9750464030409389, 0.0]
- [0.0, 0.0, 1.0, -0.974966774867456, 0.22235059681626942, 0.0, -0.22235059681626942,
  -0.974966774867456, 0.0]
- [0.0, 0.0, 1.0, -0.9748088399513795, 0.22304198159235844, 0.0, -0.22304198159235844,
  -0.9748088399513795, 0.0]
- [0.0, 0.0, 1.0, -0.9968929612484457, 0.0787681649735784, 0.0, -0.0787681649735784,
  -0.9968929612484457, 0.0]
- [0.0, 0.0, 1.0, -0.9970045934250774, 0.07734236025164955, 0.0, -0.07734236025164955,
  -0.9970045934250774, 0.0]
- [0.0, 0.0, 1.0, -0.9746413304838704, 0.2237728243389513, 0.0, -0.2237728243389513,
  -0.9746413304838704, 0.0]
- [0.0, 0.0, 1.0, -0.9746663054065904, 0.2236640183513361, 0.0, -0.2236640183513361,
  -0.9746663054065904, 0.0]
- [0.0, 0.0, 1.0, -0.974649939399251, 0.22373532494676898, 0.0, -0.22373532494676898,
  -0.974649939399251, 0.0]
- [0.0, 0.0, 1.0, -0.9745997199384906, 0.22395398164760508, 0.0, -0.22395398164760508,
  -0.9745997199384906, 0.0]
- [0.0, 0.0, 1.0, -0.9747968533041506, 0.22309436296851223, 0.0, -0.22309436296851223,
  -0.9747968533041506, 0.0]
- [0.0, 0.0, 1.0, -0.9747863618537805, 0.22314019974865731, 0.0, -0.22314019974865731,
  -0.9747863618537805, 0.0]
- [0.0, 0.0, 1.0, -0.9749975844509609, 0.2222154592164809, 0.0, -0.2222154592164809,
  -0.9749975844509609, 0.0]
- [0.0, 0.0, 1.0, -0.9750850603026727, 0.2218312989064729, 0.0, -0.2218312989064729,
  -0.9750850603026727, 0.0]
- [0.0, 0.0, 1.0, -0.9753167206222292, 0.22081053977267595, 0.0, -0.22081053977267595,
  -0.9753167206222292, 0.0]
- [0.0, 0.0, 1.0, -0.9755782596752306, 0.21965213235716222, 0.0, -0.21965213235716222,
  -0.9755782596752306, 0.0]
- [0.0, 0.0, 1.0, -0.9757419351574852, 0.21892390453106308, 0.0, -0.21892390453106308,
  -0.9757419351574852, 0.0]
- [0.0, 0.0, 1.0, -0.9761137415116106, 0.21726012895191935, 0.0, -0.21726012895191935,
  -0.9761137415116106, 0.0]
- [0.0, 0.0, 1.0, -0.9764704435757644, 0.21565127595947525, 0.0, -0.21565127595947525,
  -0.9764704435757644, 0.0]
- [0.0, 0.0, 1.0, -0.9766300367687225, 0.21492736280223507, 0.0, -0.21492736280223507,
  -0.9766300367687225, 0.0]
- [0.0, 0.0, 1.0, -0.9772000331588295, 0.21232073660945713, 0.0, -0.21232073660945713,
  -0.9772000331588295, 0.0]
- [0.0, 0.0, 1.0, -0.9774174670714412, 0.21131752190400185, 0.0, -0.21131752190400185,
  -0.9774174670714412, 0.0]
- [0.0, 0.0, 1.0, -0.977982900885637, 0.20868503917462394, 0.0, -0.20868503917462394,
  -0.977982900885637, 0.0]
- [0.0, 0.0, 1.0, -0.978399027822542, 0.20672528233359566, 0.0, -0.20672528233359566,
  -0.978399027822542, 0.0]
- [0.0, 0.0, 1.0, -0.9787439824866997, 0.20508587651536336, 0.0, -0.20508587651536336,
  -0.9787439824866997, 0.0]
- [0.0, 0.0, 1.0, -0.9793960831567512, 0.20194878632270638, 0.0, -0.20194878632270638,
  -0.9793960831567512, 0.0]
- [0.0, 0.0, 1.0, -0.9799156363032402, 0.1994125014346289, 0.0, -0.1994125014346289,
  -0.9799156363032402, 0.0]
- [0.0, 0.0, 1.0, -0.9805000539366237, 0.1965188139346407, 0.0, -0.1965188139346407,
  -0.9805000539366237, 0.0]
- [0.0, 0.0, 1.0, -0.9809415244052063, 0.19430317984425804, 0.0, -0.19430317984425804,
  -0.9809415244052063, 0.0]
- [0.0, 0.0, 1.0, -0.9817632567280727, 0.19010762146397045, 0.0, -0.19010762146397045,
  -0.9817632567280727, 0.0]
- [0.0, 0.0, 1.0, -0.9823291741990509, 0.18716141033185926, 0.0, -0.18716141033185926,
  -0.9823291741990509, 0.0]
- [0.0, 0.0, 1.0, -0.9828444535401072, 0.18443638509103288, 0.0, -0.18443638509103288,
  -0.9828444535401072, 0.0]
- [0.0, 0.0, 1.0, -0.9834507510370726, 0.18117566140245756, 0.0, -0.18117566140245756,
  -0.9834507510370726, 0.0]
- [0.0, 0.0, 1.0, -0.9843993554142118, 0.17594859777811347, 0.0, -0.17594859777811347,
  -0.9843993554142118, 0.0]
- [0.0, 0.0, 1.0, -0.9850672748868683, 0.1721698694515355, 0.0, -0.1721698694515355,
  -0.9850672748868683, 0.0]
- [0.0, 0.0, 1.0, -0.9855516210406461, 0.16937532956175913, 0.0, -0.16937532956175913,
  -0.9855516210406461, 0.0]
- [0.0, 0.0, 1.0, -0.9862727611219528, 0.1651243188294178, 0.0, -0.1651243188294178,
  -0.9862727611219528, 0.0]
- [0.0, 0.0, 1.0, -0.9873736356967506, 0.15840865989894723, 0.0, -0.15840865989894723,
  -0.9873736356967506, 0.0]
- [0.0, 0.0, 1.0, -0.9879412319478359, 0.15482933254842984, 0.0, -0.15482933254842984,
  -0.9879412319478359, 0.0]
- [0.0, 0.0, 1.0, -0.9886138334252657, 0.15047487617606126, 0.0, -0.15047487617606126,
  -0.9886138334252657, 0.0]
- [0.0, 0.0, 1.0, -0.9896510744747328, 0.14349477618020443, 0.0, -0.14349477618020443,
  -0.9896510744747328, 0.0]
- [0.0, 0.0, 1.0, -0.9906133829116054, 0.13669354628666638, 0.0, -0.13669354628666638,
  -0.9906133829116054, 0.0]
- [0.0, 0.0, 1.0, -0.9911500378887239, 0.1327463837292045, 0.0, -0.1327463837292045,
  -0.9911500378887239, 0.0]
- [0.0, 0.0, 1.0, -0.991878303625911, 0.12719052950666296, 0.0, -0.12719052950666296,
  -0.991878303625911, 0.0]
- [0.0, 0.0, 1.0, -0.9930957425810985, 0.1173066326654056, 0.0, -0.1173066326654056,
  -0.9930957425810985, 0.0]
- [0.0, 0.0, 1.0, -0.9937915580703385, 0.11125798446911009, 0.0, -0.11125798446911009,
  -0.9937915580703385, 0.0]
- [0.0, 0.0, 1.0, -0.994427648525587, 0.105421306422713, 0.0, -0.105421306422713,
  -0.994427648525587, 0.0]
- [0.0, 0.0, 1.0, -0.9952055112308945, 0.09780588129378362, 0.0, -0.09780588129378362,
  -0.9952055112308945, 0.0]
- [0.0, 0.0, 1.0, -0.9961969627792383, 0.0871298533765607, 0.0, -0.0871298533765607,
  -0.9961969627792383, 0.0]
- [0.0, 0.0, 1.0, -0.9967774692919901, 0.08021643666890159, 0.0, -0.08021643666890159,
  -0.9967774692919901, 0.0]
- [0.0, 0.0, 1.0, -0.9977159430854503, -0.06754921844929583, 0.0, 0.06754921844929583,
  -0.9977159430854503, 0.0]
- [0.0, 0.0, 1.0, -0.9983586329284809, -0.05727163396634094, 0.0, 0.05727163396634094,
  -0.9983586329284809, 0.0]
- [0.0, 0.0, 1.0, -0.998831969661102, 0.04831869599775447, 0.0, -0.04831869599775447,
  -0.998831969661102, 0.0]
- [0.0, 0.0, 1.0, -0.9992439840198344, 0.0388775050661538, 0.0, -0.0388775050661538,
  -0.9992439840198344, 0.0]
- [0.0, 0.0, 1.0, -0.9996830356963677, 0.02517594369422225, 0.0, -0.02517594369422225,
  -0.9996830356963677, 0.0]
- [0.0, 0.0, 1.0, -0.9998940142495021, 0.014558855312713302, 0.0, -0.014558855312713302,
  -0.9998940142495021, 0.0]
- [0.0, 0.0, 1.0, -0.9999952077187658, 0.0030958907446025554, 0.0, -0.0030958907446025554,
  -0.9999952077187658, 0.0]
- [0.0, 0.0, 1.0, -0.99996476154994, -0.008394978163844824, 0.0, 0.008394978163844824,
  -0.99996476154994, 0.0]
- [0.0, 0.0, 1.0, -0.9996768759282498, -0.025419357472892756, 0.0, 0.025419357472892756,
  -0.9996768759282498, 0.0]
- [0.0, 0.0, 1.0, -0.9993219458799203, -0.03681913202086413, 0.0, 0.03681913202086413,
  -0.9993219458799203, 0.0]
- [0.0, 0.0, 1.0, -0.9988409096728789, -0.048133534711838365, 0.0, 0.048133534711838365,
  -0.9988409096728789, 0.0]
- [0.0, 0.0, 1.0, -0.9976343000529073, -0.06874447874517414, 0.0, 0.06874447874517414,
  -0.9976343000529073, 0.0]
- [0.0, 0.0, 1.0, -0.9965434155618238, -0.08307358726077839, 0.0, 0.08307358726077839,
  -0.9965434155618238, 0.0]
- [0.0, 0.0, 1.0, -0.9955268610980783, -0.09447893327195966, 0.0, 0.09447893327195966,
  -0.9955268610980783, 0.0]
- [0.0, 0.0, 1.0, -0.9932584090930406, -0.11592123518131595, 0.0, 0.11592123518131595,
  -0.9932584090930406, 0.0]
- [0.0, 0.0, 1.0, -0.9911169026382951, -0.13299355362073867, 0.0, 0.13299355362073867,
  -0.9911169026382951, 0.0]
- [0.0, 0.0, 1.0, -0.9891519630252948, -0.1468958612187749, 0.0, 0.1468958612187749,
  -0.9891519630252948, 0.0]
- [0.0, 0.0, 1.0, -0.9851341967691463, -0.17178653717916584, 0.0, 0.17178653717916584,
  -0.9851341967691463, 0.0]
- [0.0, 0.0, 1.0, -0.9815497596051401, -0.191206875972314, 0.0, 0.191206875972314,
  -0.9815497596051401, 0.0]
- [0.0, 0.0, 1.0, -0.9783780213363475, -0.20682467784568956, 0.0, 0.20682467784568956,
  -0.9783780213363475, 0.0]
- [0.0, 0.0, 1.0, -0.9722534655874217, -0.23392990115256404, 0.0, 0.23392990115256404,
  -0.9722534655874217, 0.0]
- [0.0, 0.0, 1.0, -0.9672917881394366, -0.253666309544668, 0.0, 0.253666309544668,
  -0.9672917881394366, 0.0]
- [0.0, 0.0, 1.0, -0.9620231556593369, -0.27296785154162606, 0.0, 0.27296785154162606,
  -0.9620231556593369, 0.0]
- [0.0, 0.0, 1.0, -0.9522650082462337, -0.3052725897780547, 0.0, 0.3052725897780547,
  -0.9522650082462337, 0.0]
- [0.0, 0.0, 1.0, -0.9782603873047091, -0.20738036221021602, 0.0, 0.20738036221021602,
  -0.9782603873047091, 0.0]
- [0.0, 0.0, 1.0, -0.9737913665598917, -0.22744312346918427, 0.0, 0.22744312346918427,
  -0.9737913665598917, 0.0]
- [0.0, 0.0, 1.0, -0.922273445207445, -0.38653808643546356, 0.0, 0.38653808643546356,
  -0.922273445207445, 0.0]
- [0.0, 0.0, 1.0, -0.9094635510845082, -0.4157836567840976, 0.0, 0.4157836567840976,
  -0.9094635510845082, 0.0]
- [0.0, 0.0, 1.0, -0.8946891454248866, -0.446689302601804, 0.0, 0.446689302601804,
  -0.8946891454248866, 0.0]
- [0.0, 0.0, 1.0, -0.878602508168349, -0.47755380078090304, 0.0, 0.47755380078090304,
  -0.878602508168349, 0.0]
- [0.0, 0.0, 1.0, -0.8569021717856906, -0.5154790664895778, 0.0, 0.5154790664895778,
  -0.8569021717856906, 0.0]
- [0.0, 0.0, 1.0, -0.8363637536786513, -0.5481748548889818, 0.0, 0.5481748548889818,
  -0.8363637536786513, 0.0]
- [0.0, 0.0, 1.0, -0.8075637278502422, -0.5897803196620076, 0.0, 0.5897803196620076,
  -0.8075637278502422, 0.0]
- [0.0, 0.0, 1.0, -0.8627856091923233, -0.5055699680268119, 0.0, 0.5055699680268119,
  -0.8627856091923233, 0.0]
- [0.0, 0.0, 1.0, -0.8437701616090371, -0.5367046807866124, 0.0, 0.5367046807866124,
  -0.8437701616090371, 0.0]
- [0.0, 0.0, 1.0, -0.7026594399727107, -0.7115263251751383, 0.0, 0.7115263251751383,
  -0.7026594399727107, 0.0]
- [0.0, 0.0, 1.0, -0.6475447976223498, -0.7620273847259231, 0.0, 0.7620273847259231,
  -0.6475447976223498, 0.0]
- [0.0, 0.0, 1.0, -0.5774880093972768, -0.8163991664635448, 0.0, 0.8163991664635448,
  -0.5774880093972768, 0.0]
- [0.0, 0.0, 1.0, -0.4800214886927617, -0.8772567300358458, 0.0, 0.8772567300358458,
  -0.4800214886927617, 0.0]
- [0.0, 0.0, 1.0, -0.3458867175911227, -0.9382762805240463, 0.0, 0.9382762805240463,
  -0.3458867175911227, 0.0]
- [0.0, 0.0, 1.0, -0.19314949595530562, -0.9811693392132733, 0.0, 0.9811693392132733,
  -0.19314949595530562, 0.0]
- [0.0, 0.0, 1.0, 0.01917948906807517, -0.9998160566819717, 0.0, 0.9998160566819717,
  0.01917948906807517, 0.0]
- [0.0, 0.0, 1.0, 0.25469503424116946, -0.9670214266151964, 0.0, 0.9670214266151964,
  0.25469503424116946, 0.0]
- [0.0, 0.0, 1.0, 0.44653344491336977, -0.8947669431610661, 0.0, 0.8947669431610661,
  0.44653344491336977, 0.0]
- [0.0, 0.0, 1.0, 0.5799659060967968, -0.8146407476706045, 0.0, 0.8146407476706045,
  0.5799659060967968, 0.0]
- [0.0, 0.0, 1.0, 0.6574932890444222, -0.7534604003274147, 0.0, 0.7534604003274147,
  0.6574932890444222, 0.0]
- [0.0, 0.0, 1.0, 0.7103564226872326, -0.703842136240079, 0.0, 0.703842136240079,
  0.7103564226872326, 0.0]
- [0.0, 0.0, 1.0, 0.7526406033883501, -0.6584315622228479, 0.0, 0.6584315622228479,
  0.7526406033883501, 0.0]
- [0.0, 0.0, 1.0, 0.8768055041952526, -0.48084520150762566, 0.0, 0.48084520150762566,
  0.8768055041952526, 0.0]
- [0.0, 0.0, 1.0, 0.8946262449257983, -0.44681526595447213, 0.0, 0.44681526595447213,
  0.8946262449257983, 0.0]
- [0.0, 0.0, 1.0, 0.8285283866537522, -0.5599470622379678, 0.0, 0.5599470622379678,
  0.8285283866537522, 0.0]
- [0.0, 0.0, 1.0, 0.849897613369366, -0.5269478596493735, 0.0, 0.5269478596493735,
  0.849897613369366, 0.0]
- [0.0, 0.0, 1.0, 0.8647220851594352, -0.5022506500120419, 0.0, 0.5022506500120419,
  0.8647220851594352, 0.0]
- [0.0, 0.0, 1.0, 0.8823911528351743, -0.47051658142749037, 0.0, 0.47051658142749037,
  0.8823911528351743, 0.0]
- [0.0, 0.0, 1.0, 0.8948473848891852, -0.4463722188454231, 0.0, 0.4463722188454231,
  0.8948473848891852, 0.0]
- [0.0, 0.0, 1.0, 0.9081304540749685, -0.41868732770600015, 0.0, 0.41868732770600015,
  0.9081304540749685, 0.0]
- [0.0, 0.0, 1.0, 0.9188346500860982, -0.3946427318488933, 0.0, 0.3946427318488933,
  0.9188346500860982, 0.0]
- [0.0, 0.0, 1.0, 0.9288802600312687, -0.3703801594635473, 0.0, 0.3703801594635473,
  0.9288802600312687, 0.0]
- [0.0, 0.0, 1.0, 0.9778682201669419, -0.20922175792096062, 0.0, 0.20922175792096062,
  0.9778682201669419, 0.0]
- [0.0, 0.0, 1.0, 0.9776868232378164, -0.21006778826642317, 0.0, 0.21006778826642317,
  0.9776868232378164, 0.0]
- [0.0, 0.0, 1.0, 0.9570043542065654, -0.29007355279251973, 0.0, 0.29007355279251973,
  0.9570043542065654, 0.0]
- [0.0, 0.0, 1.0, 0.9622555546151947, -0.27214747401400546, 0.0, 0.27214747401400546,
  0.9622555546151947, 0.0]
- [0.0, 0.0, 1.0, 0.9678172006989295, -0.25165425891744436, 0.0, 0.25165425891744436,
  0.9678172006989295, 0.0]
- [0.0, 0.0, 1.0, 0.9739722984049259, -0.22666707290611524, 0.0, 0.22666707290611524,
  0.9739722984049259, 0.0]
- [0.0, 0.0, 1.0, 0.977876557439169, -0.20918278708086785, 0.0, 0.20918278708086785,
  0.977876557439169, 0.0]
- [0.0, 0.0, 1.0, 0.9818651394803316, -0.18958071598469323, 0.0, 0.18958071598469323,
  0.9818651394803316, 0.0]
- [0.0, 0.0, 1.0, 0.9863545202945223, -0.16463523406173644, 0.0, 0.16463523406173644,
  0.9863545202945223, 0.0]
- [0.0, 0.0, 1.0, 0.98878769796821, -0.14932812309383608, 0.0, 0.14932812309383608,
  0.98878769796821, 0.0]
- [0.0, 0.0, 1.0, 0.9914213289023828, -0.13070481474465045, 0.0, 0.13070481474465045,
  0.9914213289023828, 0.0]
- [0.0, 0.0, 1.0, 0.9941173869669728, -0.10830799107156458, 0.0, 0.10830799107156458,
  0.9941173869669728, 0.0]
- [0.0, 0.0, 1.0, 0.9956205688727436, -0.09348627085040023, 0.0, 0.09348627085040023,
  0.9956205688727436, 0.0]
- [0.0, 0.0, 1.0, 0.9968739561470278, -0.07900832586363063, 0.0, 0.07900832586363063,
  0.9968739561470278, 0.0]
- [0.0, 0.0, 1.0, 0.9985303550973628, -0.05419529452945833, 0.0, 0.05419529452945833,
  0.9985303550973628, 0.0]
- [0.0, 0.0, 1.0, 0.9991344094373219, -0.041598460047625324, 0.0, 0.041598460047625324,
  0.9991344094373219, 0.0]
- [0.0, 0.0, 1.0, 0.9995947068190165, -0.02846791350633806, 0.0, 0.02846791350633806,
  0.9995947068190165, 0.0]
- [0.0, 0.0, 1.0, 0.9999867773969496, -0.005142473263271949, 0.0, 0.005142473263271949,
  0.9999867773969496, 0.0]
- [0.0, 0.0, 1.0, 0.9999586792390153, 0.009090644342627976, 0.0, -0.009090644342627976,
  0.9999586792390153, 0.0]
- [0.0, 0.0, 1.0, 0.999795192618097, 0.020237905468258866, 0.0, -0.020237905468258866,
  0.999795192618097, 0.0]
- [0.0, 0.0, 1.0, 0.9992254374025724, 0.039351305539178455, 0.0, -0.039351305539178455,
  0.9992254374025724, 0.0]
- [0.0, 0.0, 1.0, 0.9983649126138826, 0.05716206138230524, 0.0, -0.05716206138230524,
  0.9983649126138826, 0.0]
- [0.0, 0.0, 1.0, 0.9975984381829426, 0.06926294922217612, 0.0, -0.06926294922217612,
  0.9975984381829426, 0.0]
- [0.0, 0.0, 1.0, 0.9963709369076346, 0.08511730779226166, 0.0, -0.08511730779226166,
  0.9963709369076346, 0.0]
- [0.0, 0.0, 1.0, 0.9998513277590801, -0.017243038549065205, 0.0, 0.017243038549065205,
  0.9998513277590801, 0.0]
- [0.0, 0.0, 1.0, 0.9998261603313859, -0.018645351082718992, 0.0, 0.018645351082718992,
  0.9998261603313859, 0.0]
- [0.0, 0.0, 1.0, 0.9914265153388279, 0.13066546859483896, 0.0, -0.13066546859483896,
  0.9914265153388279, 0.0]
- [0.0, 0.0, 1.0, 0.9885333860166493, 0.1510024659747584, 0.0, -0.1510024659747584,
  0.9885333860166493, 0.0]
- [0.0, 0.0, 1.0, 0.9864424309363143, 0.1641076794316911, 0.0, -0.1641076794316911,
  0.9864424309363143, 0.0]
- [0.0, 0.0, 1.0, 0.9846641841668451, 0.17446043797675523, 0.0, -0.17446043797675523,
  0.9846641841668451, 0.0]
- [0.0, 0.0, 1.0, 0.9824127704500877, 0.18672211560654328, 0.0, -0.18672211560654328,
  0.9824127704500877, 0.0]
- [0.0, 0.0, 1.0, 0.9787765335507035, 0.2049304695999813, 0.0, -0.2049304695999813,
  0.9787765335507035, 0.0]
- [0.0, 0.0, 1.0, 0.9768096418975629, 0.2141096062673392, 0.0, -0.2141096062673392,
  0.9768096418975629, 0.0]
- [0.0, 0.0, 1.0, 0.9746847822992702, 0.22358348587099214, 0.0, -0.22358348587099214,
  0.9746847822992702, 0.0]
- [0.0, 0.0, 1.0, 0.9710343438619545, 0.2389399569778642, 0.0, -0.2389399569778642,
  0.9710343438619545, 0.0]
- [0.0, 0.0, 1.0, 0.9679143293700211, 0.25128042303407233, 0.0, -0.25128042303407233,
  0.9679143293700211, 0.0]
- [0.0, 0.0, 1.0, 0.9658028331194339, 0.2592776263746541, 0.0, -0.2592776263746541,
  0.9658028331194339, 0.0]
- [0.0, 0.0, 1.0, 0.9633229978265273, 0.2683445580937174, 0.0, -0.2683445580937174,
  0.9633229978265273, 0.0]
- [0.0, 0.0, 1.0, 0.9593613043896143, 0.2821805940171256, 0.0, -0.2821805940171256,
  0.9593613043896143, 0.0]
- [0.0, 0.0, 1.0, 0.9569147185429022, 0.29036911239999064, 0.0, -0.29036911239999064,
  0.9569147185429022, 0.0]
- [0.0, 0.0, 1.0, 0.9548335170830687, 0.2971413041883897, 0.0, -0.2971413041883897,
  0.9548335170830687, 0.0]
- [0.0, 0.0, 1.0, 0.9526596804775406, 0.30403870344485756, 0.0, -0.30403870344485756,
  0.9526596804775406, 0.0]
- [0.0, 0.0, 1.0, 0.9496952833420864, 0.3131754600823542, 0.0, -0.3131754600823542,
  0.9496952833420864, 0.0]
- [0.0, 0.0, 1.0, 0.9478762241416258, 0.3186387667987282, 0.0, -0.3186387667987282,
  0.9478762241416258, 0.0]
- [0.0, 0.0, 1.0, 0.9462578426359464, 0.3234131958500836, 0.0, -0.3234131958500836,
  0.9462578426359464, 0.0]
- [0.0, 0.0, 1.0, 0.9447235768426181, 0.32786790534861715, 0.0, -0.32786790534861715,
  0.9447235768426181, 0.0]
- [0.0, 0.0, 1.0, 0.94299410205151, 0.3328094402147664, 0.0, -0.3328094402147664,
  0.94299410205151, 0.0]
- [0.0, 0.0, 1.0, 0.9418171504922177, 0.3361256536456557, 0.0, -0.3361256536456557,
  0.9418171504922177, 0.0]
- [0.0, 0.0, 1.0, 0.9411541203552498, 0.33797769414317247, 0.0, -0.33797769414317247,
  0.9411541203552498, 0.0]
- [0.0, 0.0, 1.0, 0.9407268673908933, 0.3391650939718246, 0.0, -0.3391650939718246,
  0.9407268673908933, 0.0]
- [0.0, 0.0, 1.0, 0.9407502019447702, 0.33910036499666885, 0.0, -0.33910036499666885,
  0.9407502019447702, 0.0]
- [0.0, 0.0, 1.0, 0.9407163350565895, 0.33919430560918706, 0.0, -0.33919430560918706,
  0.9407163350565895, 0.0]
- [0.0, 0.0, 1.0, 0.9410016760161438, 0.33840189972103923, 0.0, -0.33840189972103923,
  0.9410016760161438, 0.0]
- [0.0, 0.0, 1.0, 0.9424032693645547, 0.3344788153097272, 0.0, -0.3344788153097272,
  0.9424032693645547, 0.0]
- [0.0, 0.0, 1.0, 0.9433803054280863, 0.33171312806461317, 0.0, -0.33171312806461317,
  0.9433803054280863, 0.0]
- [0.0, 0.0, 1.0, 0.9445066028280098, 0.32849243098478276, 0.0, -0.32849243098478276,
  0.9445066028280098, 0.0]
- [0.0, 0.0, 1.0, 0.9462919041228942, 0.3233135199639308, 0.0, -0.3233135199639308,
  0.9462919041228942, 0.0]
- [0.0, 0.0, 1.0, 0.9493265734990916, 0.31429135662387214, 0.0, -0.31429135662387214,
  0.9493265734990916, 0.0]
- [0.0, 0.0, 1.0, 0.9512675621778194, 0.308366705641625, 0.0, -0.308366705641625,
  0.9512675621778194, 0.0]
- [0.0, 0.0, 1.0, 0.9532303526892013, 0.3022447596105198, 0.0, -0.3022447596105198,
  0.9532303526892013, 0.0]
- [0.0, 0.0, 1.0, 0.9563127760515415, 0.2923454709082974, 0.0, -0.2923454709082974,
  0.9563127760515415, 0.0]
- [0.0, 0.0, 1.0, 0.9594989120038435, 0.2817123317560674, 0.0, -0.2817123317560674,
  0.9594989120038435, 0.0]
- [0.0, 0.0, 1.0, 0.9618440699021196, 0.2735982185507178, 0.0, -0.2735982185507178,
  0.9618440699021196, 0.0]
- [0.0, 0.0, 1.0, 0.9644227813089018, 0.2643647081068164, 0.0, -0.2643647081068164,
  0.9644227813089018, 0.0]
- [0.0, 0.0, 1.0, 0.9685960802616139, 0.24863956503709786, 0.0, -0.24863956503709786,
  0.9685960802616139, 0.0]
- [0.0, 0.0, 1.0, 0.9714824175670528, 0.2371116031704784, 0.0, -0.2371116031704784,
  0.9714824175670528, 0.0]
- [0.0, 0.0, 1.0, 0.9739832753040635, 0.22661990077654032, 0.0, -0.22661990077654032,
  0.9739832753040635, 0.0]
- [0.0, 0.0, 1.0, 0.9776289831052386, 0.21033680465533655, 0.0, -0.21033680465533655,
  0.9776289831052386, 0.0]
- [0.0, 0.0, 1.0, 0.9816525541127556, 0.19067842826052245, 0.0, -0.19067842826052245,
  0.9816525541127556, 0.0]
- [0.0, 0.0, 1.0, 0.9995347652780021, 0.03050004919093172, 0.0, -0.03050004919093172,
  0.9995347652780021, 0.0]
- [0.0, 0.0, 1.0, 0.9998383369810728, 0.01798054234228201, 0.0, -0.01798054234228201,
  0.9998383369810728, 0.0]
- [0.0, 0.0, 1.0, 0.9896555129915, 0.14346416139764984, 0.0, -0.14346416139764984,
  0.9896555129915, 0.0]
- [0.0, 0.0, 1.0, 0.9914967061234542, 0.13013178607220038, 0.0, -0.13013178607220038,
  0.9914967061234542, 0.0]
- [0.0, 0.0, 1.0, 0.993245764159282, 0.11602953063614418, 0.0, -0.11602953063614418,
  0.993245764159282, 0.0]
- [0.0, 0.0, 1.0, 0.9953272809177528, 0.09655881037415924, 0.0, -0.09655881037415924,
  0.9953272809177528, 0.0]
- [0.0, 0.0, 1.0, 0.9966669319868505, 0.08157834690601865, 0.0, -0.08157834690601865,
  0.9966669319868505, 0.0]
- [0.0, 0.0, 1.0, 0.99782718931753, 0.0658855087153333, 0.0, -0.0658855087153333,
  0.99782718931753, 0.0]
