nodes:
- [3.99659728 0.84529943 0.00000000]
- [3.94324639 0.86912796 0.00000000]
- [3.88165537 0.89938696 0.00000000]
- [3.81949044 0.92806421 0.00000000]
- [3.75643528 0.95491257 0.00000000]
- [3.69261533 0.98075440 0.00000000]
- [3.62873986 1.00676871 0.00000000]
- [3.56479227 1.03234446 0.00000000]
- [3.50061576 1.05744409 0.00000000]
- [3.43623900 1.08243416 0.00000000]
- [3.37210953 1.10784116 0.00000000]
- [3.30777483 1.13256557 0.00000000]
- [3.24340908 1.15740039 0.00000000]
- [3.17901638 1.18198609 0.00000000]
- [3.11442390 1.20628146 0.00000000]
- [3.04990928 1.23089784 0.00000000]
- [2.98548961 1.25541048 0.00000000]
- [2.92086045 1.27943123 0.00000000]
- [2.85620057 1.30356673 0.00000000]
- [2.79160320 1.32761148 0.00000000]
- [2.72298806 1.34028285 0.00000000]
- [2.65623172 1.35172923 0.00000000]
- [2.59330021 1.37421285 0.00000000]
- [2.53040398 1.39656891 0.00000000]
- [2.46749587 1.41882727 0.00000000]
- [2.40462026 1.44088930 0.00000000]
- [2.34162877 1.46257751 0.00000000]
- [2.27846199 1.48409732 0.00000000]
- [2.21523638 1.50558697 0.00000000]
- [2.15215700 1.52694886 0.00000000]
- [2.08894726 1.54772094 0.00000000]
- [2.02549599 1.56828884 0.00000000]
- [1.96198549 1.58878370 0.00000000]
- [1.89842727 1.60912021 0.00000000]
- [1.83478012 1.62938327 0.00000000]
- [1.77123174 1.64964369 0.00000000]
- [1.70636323 1.66990832 0.00000000]
- [1.64127397 1.68952797 0.00000000]
- [1.57595162 1.70887537 0.00000000]
- [1.51052299 1.72801897 0.00000000]
- [1.44495832 1.74700611 0.00000000]
- [1.37964411 1.76597206 0.00000000]
- [1.31419492 1.78397482 0.00000000]
- [1.24839190 1.80169566 0.00000000]
- [1.18255292 1.81929805 0.00000000]
- [1.11676533 1.83652118 0.00000000]
- [1.05066490 1.85322082 0.00000000]
- [0.98470305 1.87008108 0.00000000]
- [0.91881662 1.88601429 0.00000000]
- [0.85253452 1.90127782 0.00000000]
- [0.78607595 1.91642285 0.00000000]
- [0.71989636 1.93121274 0.00000000]
- [0.65322755 1.94482296 0.00000000]
- [0.58663992 1.95886769 0.00000000]
- [0.52025828 1.97162251 0.00000000]
- [0.45344688 1.98345385 0.00000000]
- [0.38646711 1.99487798 0.00000000]
- [0.31975395 2.00556579 0.00000000]
- [0.25254674 2.01467496 0.00000000]
- [0.18512140 2.02393976 0.00000000]
- [0.11797249 2.03227375 0.00000000]
- [0.05081386 2.04077165 0.00000000]
- [-0.03738247 2.05040140 0.00000000]
- [-0.10300098 2.05535555 0.00000000]
- [-0.16897312 2.05900471 0.00000000]
- [-0.23498574 2.06225761 0.00000000]
- [-0.30076228 2.06423998 0.00000000]
- [-0.36674062 2.06490256 0.00000000]
- [-0.43304096 2.06487870 0.00000000]
- [-0.49864936 2.06456788 0.00000000]
- [-0.56408731 2.06134197 0.00000000]
- [-0.63020653 2.05748044 0.00000000]
- [-0.69609447 2.05303216 0.00000000]
- [-0.76139292 2.04739520 0.00000000]
- [-0.84475453 2.03610697 0.00000000]
- [-0.91122864 2.02520562 0.00000000]
- [-0.97750471 2.01480819 0.00000000]
- [-1.04335038 2.00204429 0.00000000]
- [-1.10923784 1.98841054 0.00000000]
- [-1.17443760 1.97314353 0.00000000]
- [-1.23934715 1.95607857 0.00000000]
- [-1.30366729 1.93784140 0.00000000]
- [-1.36726864 1.91709030 0.00000000]
- [-1.43080436 1.89513442 0.00000000]
- [-1.49348427 1.87177876 0.00000000]
- [-1.55522793 1.84644487 0.00000000]
- [-1.61636538 1.81913870 0.00000000]
- [-1.67695676 1.79040205 0.00000000]
- [-1.73662683 1.76017120 0.00000000]
- [-1.79513978 1.72823197 0.00000000]
- [-1.85245912 1.69417247 0.00000000]
- [-1.90894942 1.65828701 0.00000000]
- [-1.96452907 1.62097931 0.00000000]
- [-2.01889187 1.58215144 0.00000000]
- [-2.07185567 1.54172520 0.00000000]
- [-2.12337473 1.49927595 0.00000000]
- [-2.17380382 1.45551988 0.00000000]
- [-2.22241479 1.41008978 0.00000000]
- [-2.26952977 1.36277893 0.00000000]
- [-2.31536167 1.31426080 0.00000000]
- [-2.35907592 1.26439668 0.00000000]
- [-2.40049041 1.21248793 0.00000000]
- [-2.44039759 1.15900065 0.00000000]
- [-2.47864013 1.10424219 0.00000000]
- [-2.51519470 1.04842924 0.00000000]
- [-2.54961172 0.99166219 0.00000000]
- [-2.58150360 0.93322868 0.00000000]
- [-2.61199292 0.87373732 0.00000000]
- [-2.64043086 0.81351264 0.00000000]
- [-2.66656279 0.75232513 0.00000000]
- [-2.69054150 0.69017093 0.00000000]
- [-2.71242369 0.62717216 0.00000000]
- [-2.73229067 0.56343726 0.00000000]
- [-2.75012066 0.49944836 0.00000000]
- [-2.76481774 0.43495829 0.00000000]
- [-2.77675322 0.36966969 0.00000000]
- [-2.78629311 0.30366519 0.00000000]
- [-2.79398317 0.23692466 0.00000000]
- [-2.81346605 0.17095688 0.00000000]
- [-2.83239527 0.10020951 0.00000000]
- [-2.83620163 0.02846878 0.00000000]
- [-2.83609805 -0.04323530 0.00000000]
- [-2.83261527 -0.11512729 0.00000000]
- [-2.81453442 -0.18594204 0.00000000]
- [-2.79488424 -0.25201451 0.00000000]
- [-2.78594972 -0.31890944 0.00000000]
- [-2.77495751 -0.38530805 0.00000000]
- [-2.76145668 -0.45094593 0.00000000]
- [-2.74505939 -0.51582174 0.00000000]
- [-2.72585174 -0.58004418 0.00000000]
- [-2.70404537 -0.64364827 0.00000000]
- [-2.68006271 -0.70663122 0.00000000]
- [-2.65412726 -0.76865566 0.00000000]
- [-2.62570164 -0.82944623 0.00000000]
- [-2.59495222 -0.88920972 0.00000000]
- [-2.56209482 -0.94772308 0.00000000]
- [-2.52680180 -1.00472241 0.00000000]
- [-2.48911456 -1.06053029 0.00000000]
- [-2.44978943 -1.11530769 0.00000000]
- [-2.40863396 -1.16853716 0.00000000]
- [-2.36562434 -1.22024815 0.00000000]
- [-2.32078846 -1.27032672 0.00000000]
- [-2.27404653 -1.31874112 0.00000000]
- [-2.22564442 -1.36569379 0.00000000]
- [-2.17587985 -1.41104611 0.00000000]
- [-2.12433346 -1.45456408 0.00000000]
- [-2.07165196 -1.49681775 0.00000000]
- [-2.01767450 -1.53714360 0.00000000]
- [-1.96223826 -1.57586345 0.00000000]
- [-1.90582380 -1.61332490 0.00000000]
- [-1.84870630 -1.64905784 0.00000000]
- [-1.79003917 -1.68257738 0.00000000]
- [-1.73047977 -1.71518390 0.00000000]
- [-1.67033510 -1.74623770 0.00000000]
- [-1.60939171 -1.77557600 0.00000000]
- [-1.54890057 -1.80602848 0.00000000]
- [-1.50081750 -1.82921075 0.00000000]
- [-1.44014214 -1.85380011 0.00000000]
- [-1.37895988 -1.87630817 0.00000000]
- [-1.31689749 -1.89758297 0.00000000]
- [-1.25487574 -1.91811231 0.00000000]
- [-1.19227786 -1.93628701 0.00000000]
- [-1.12896305 -1.95338400 0.00000000]
- [-1.06561703 -1.96945426 0.00000000]
- [-1.00196640 -1.98348919 0.00000000]
- [-0.93766395 -1.99603559 0.00000000]
- [-0.87314315 -2.00771717 0.00000000]
- [-0.80847881 -2.01800396 0.00000000]
- [-0.74744852 -2.02655486 0.00000000]
- [-0.68603721 -2.03061017 0.00000000]
- [-0.61891714 -2.03364479 0.00000000]
- [-0.55147864 -2.03766899 0.00000000]
- [-0.48413869 -2.04148333 0.00000000]
- [-0.41693438 -2.04291491 0.00000000]
- [-0.34948597 -2.04342250 0.00000000]
- [-0.28224256 -2.04227679 0.00000000]
- [-0.21492370 -2.03959592 0.00000000]
- [-0.14770134 -2.03562778 0.00000000]
- [-0.08028342 -2.03001147 0.00000000]
- [-0.01334232 -2.02411219 0.00000000]
- [0.05334543 -2.01517545 0.00000000]
- [0.12049507 -2.00613054 0.00000000]
- [0.18681018 -1.99561424 0.00000000]
- [0.25305374 -1.98317073 0.00000000]
- [0.31954934 -1.96983913 0.00000000]
- [0.38569071 -1.95595316 0.00000000]
- [0.45100776 -1.94065438 0.00000000]
- [0.51626014 -1.92313559 0.00000000]
- [0.58186110 -1.90548809 0.00000000]
- [0.64644838 -1.88705146 0.00000000]
- [0.71100802 -1.86612317 0.00000000]
- [0.77575925 -1.84629996 0.00000000]
- [0.83928262 -1.82386579 0.00000000]
- [0.90354338 -1.80120207 0.00000000]
- [0.96727943 -1.77824076 0.00000000]
- [1.03043350 -1.75419738 0.00000000]
- [1.09352604 -1.72912167 0.00000000]
- [1.15652865 -1.70383603 0.00000000]
- [1.21910086 -1.67764259 0.00000000]
- [1.28195984 -1.65089425 0.00000000]
- [1.34449694 -1.62353755 0.00000000]
- [1.40689653 -1.59561411 0.00000000]
- [1.46917568 -1.56735124 0.00000000]
- [1.53119609 -1.53867801 0.00000000]
- [1.59301264 -1.50948017 0.00000000]
- [1.65466737 -1.47995708 0.00000000]
- [1.71623490 -1.44982822 0.00000000]
- [1.77809302 -1.41980760 0.00000000]
- [1.83983740 -1.38994887 0.00000000]
- [1.90138960 -1.35982163 0.00000000]
- [1.96293049 -1.32961038 0.00000000]
- [2.02447768 -1.29912819 0.00000000]
- [2.08628193 -1.26887406 0.00000000]
- [2.14817556 -1.23876911 0.00000000]
- [2.21032458 -1.20894764 0.00000000]
- [2.27268484 -1.17959604 0.00000000]
- [2.33515061 -1.15056002 0.00000000]
- [2.39780591 -1.12186982 0.00000000]
- [2.46074838 -1.09350817 0.00000000]
- [2.52421551 -1.06578579 0.00000000]
- [2.58819634 -1.03907194 0.00000000]
- [2.65666194 -1.02412370 0.00000000]
- [2.72541876 -1.00970940 0.00000000]
- [2.79034814 -0.98548632 0.00000000]
- [2.85562698 -0.96216881 0.00000000]
- [2.92129848 -0.93991934 0.00000000]
- [2.98733393 -0.91873094 0.00000000]
- [3.05381571 -0.89868379 0.00000000]
- [3.12081275 -0.88029663 0.00000000]
- [3.18819233 -0.86332262 0.00000000]
- [3.25603388 -0.84809634 0.00000000]
- [3.32426129 -0.83461192 0.00000000]
- [3.39293286 -0.82301354 0.00000000]
- [3.46194304 -0.81383859 0.00000000]
- [3.53111628 -0.80640532 0.00000000]
- [3.60054218 -0.80110105 0.00000000]
- [3.67018828 -0.79799993 0.00000000]
- [3.74012168 -0.79763524 0.00000000]
- [3.80999855 -0.80100998 0.00000000]
- [3.87956118 -0.80723429 0.00000000]
- [3.94879144 -0.81635599 0.00000000]
- [4.00079791 -0.83266392 0.00000000]
- [1.23036883 -1.60973879 0.00000000]
- [1.24163681 -1.54183499 0.00000000]
- [1.25290479 -1.47393119 0.00000000]
- [1.26417276 -1.40602739 0.00000000]
- [1.27544074 -1.33812358 0.00000000]
- [1.28670872 -1.27021978 0.00000000]
- [1.29797670 -1.20231598 0.00000000]
- [1.30924467 -1.13441218 0.00000000]
- [1.32051265 -1.06650838 0.00000000]
- [1.33178063 -0.99860458 0.00000000]
- [1.34304860 -0.93070077 0.00000000]
- [1.35431658 -0.86279697 0.00000000]
- [1.36558456 -0.79489317 0.00000000]
- [1.37685254 -0.72698937 0.00000000]
- [1.38812051 -0.65908557 0.00000000]
- [1.39938849 -0.59118176 0.00000000]
- [1.41065647 -0.52327796 0.00000000]
- [1.42192445 -0.45537416 0.00000000]
- [1.43319242 -0.38747036 0.00000000]
- [1.44446040 -0.31956656 0.00000000]
- [1.45572838 -0.25166276 0.00000000]
- [1.46699635 -0.18375895 0.00000000]
- [1.47826433 -0.11585515 0.00000000]
- [1.48953231 -0.04795135 0.00000000]
- [1.50080029 0.01995245 0.00000000]
- [1.51206826 0.08785625 0.00000000]
- [1.52333624 0.15576005 0.00000000]
- [1.53460422 0.22366386 0.00000000]
- [1.54587219 0.29156766 0.00000000]
- [1.55714017 0.35947146 0.00000000]
- [1.56840815 0.42737526 0.00000000]
- [1.57967613 0.49527906 0.00000000]
- [1.59094410 0.56318286 0.00000000]
- [1.60221208 0.63108667 0.00000000]
- [1.61348006 0.69899047 0.00000000]
- [1.62474804 0.76689427 0.00000000]
- [1.63601601 0.83479807 0.00000000]
- [1.64728399 0.90270187 0.00000000]
- [1.65855197 0.97060568 0.00000000]
- [1.66981994 1.03850948 0.00000000]
- [1.68108792 1.10641328 0.00000000]
- [1.69235590 1.17431708 0.00000000]
- [1.70362388 1.24222088 0.00000000]
- [1.71489185 1.31012468 0.00000000]
- [1.72615983 1.37802849 0.00000000]
- [1.73742781 1.44593229 0.00000000]
- [1.74869578 1.51383609 0.00000000]
- [1.75996376 1.58173989 0.00000000]
- [-1.48784514 -1.76120011 0.00000000]
- [-1.47487278 -1.69318948 0.00000000]
- [-1.46190042 -1.62517885 0.00000000]
- [-1.44892805 -1.55716822 0.00000000]
- [-1.43595569 -1.48915759 0.00000000]
- [-1.42298333 -1.42114696 0.00000000]
- [-1.41001097 -1.35313633 0.00000000]
- [-1.39703861 -1.28512570 0.00000000]
- [-1.38406625 -1.21711507 0.00000000]
- [-1.37109389 -1.14910444 0.00000000]
- [-1.35812153 -1.08109381 0.00000000]
- [-1.34514917 -1.01308318 0.00000000]
- [-1.33217680 -0.94507255 0.00000000]
- [-1.31920444 -0.87706192 0.00000000]
- [-1.30623208 -0.80905129 0.00000000]
- [-1.29325972 -0.74104065 0.00000000]
- [-1.28028736 -0.67303002 0.00000000]
- [-1.26731500 -0.60501939 0.00000000]
- [-1.25434264 -0.53700876 0.00000000]
- [-1.24137028 -0.46899813 0.00000000]
- [-1.22839792 -0.40098750 0.00000000]
- [-1.21542556 -0.33297687 0.00000000]
- [-1.20245319 -0.26496624 0.00000000]
- [-1.18948083 -0.19695561 0.00000000]
- [-1.17650847 -0.12894498 0.00000000]
- [-1.16353611 -0.06093435 0.00000000]
- [-1.15056375 0.00707628 0.00000000]
- [-1.13759139 0.07508691 0.00000000]
- [-1.12461903 0.14309754 0.00000000]
- [-1.11164667 0.21110817 0.00000000]
- [-1.09867431 0.27911881 0.00000000]
- [-1.08570195 0.34712944 0.00000000]
- [-1.07272958 0.41514007 0.00000000]
- [-1.05975722 0.48315070 0.00000000]
- [-1.04678486 0.55116133 0.00000000]
- [-1.03381250 0.61917196 0.00000000]
- [-1.02084014 0.68718259 0.00000000]
- [-1.00786778 0.75519322 0.00000000]
- [-0.99489542 0.82320385 0.00000000]
- [-0.98192306 0.89121448 0.00000000]
- [-0.96895070 0.95922511 0.00000000]
- [-0.95597833 1.02723574 0.00000000]
- [-0.94300597 1.09524637 0.00000000]
- [-0.93003361 1.16325700 0.00000000]
- [-0.91706125 1.23126763 0.00000000]
- [-0.90408889 1.29927827 0.00000000]
- [-0.89111653 1.36728890 0.00000000]
- [-0.87814417 1.43529953 0.00000000]
- [-0.86517181 1.50331016 0.00000000]
- [-0.85219945 1.57132079 0.00000000]
- [-0.83922709 1.63933142 0.00000000]
- [-0.82625472 1.70734205 0.00000000]
- [-0.81328236 1.77535268 0.00000000]
- [-0.80031000 1.84336331 0.00000000]
- [-0.78733764 1.91137394 0.00000000]
- [-0.77436528 1.97938457 0.00000000]
- [-0.79562720 -1.95019720 0.00000000]
- [-0.78277559 -1.88239045 0.00000000]
- [-0.76992399 -1.81458369 0.00000000]
- [-0.75707238 -1.74677694 0.00000000]
- [-0.74422078 -1.67897018 0.00000000]
- [-0.73136917 -1.61116342 0.00000000]
- [-0.71851757 -1.54335667 0.00000000]
- [-0.70566596 -1.47554991 0.00000000]
- [-0.69281436 -1.40774316 0.00000000]
- [-0.67996275 -1.33993640 0.00000000]
- [-0.66711114 -1.27212964 0.00000000]
- [-0.65425954 -1.20432289 0.00000000]
- [-0.64140793 -1.13651613 0.00000000]
- [-0.62855633 -1.06870938 0.00000000]
- [-0.61570472 -1.00090262 0.00000000]
- [-0.60285312 -0.93309587 0.00000000]
- [-0.59000151 -0.86528911 0.00000000]
- [-0.57714990 -0.79748235 0.00000000]
- [-0.56429830 -0.72967560 0.00000000]
- [-0.55144669 -0.66186884 0.00000000]
- [-0.53859509 -0.59406209 0.00000000]
- [-0.52574348 -0.52625533 0.00000000]
- [-0.51289188 -0.45844857 0.00000000]
- [-0.50004027 -0.39064182 0.00000000]
- [-0.48718866 -0.32283506 0.00000000]
- [-0.47433706 -0.25502831 0.00000000]
- [-0.46148545 -0.18722155 0.00000000]
- [-0.44863385 -0.11941479 0.00000000]
- [-0.43578224 -0.05160804 0.00000000]
- [-0.42293064 0.01619872 0.00000000]
- [-0.41007903 0.08400547 0.00000000]
- [-0.39722743 0.15181223 0.00000000]
- [-0.38437582 0.21961899 0.00000000]
- [-0.37152421 0.28742574 0.00000000]
- [-0.35867261 0.35523250 0.00000000]
- [-0.34582100 0.42303925 0.00000000]
- [-0.33296940 0.49084601 0.00000000]
- [-0.32011779 0.55865277 0.00000000]
- [-0.30726619 0.62645952 0.00000000]
- [-0.29441458 0.69426628 0.00000000]
- [-0.28156297 0.76207303 0.00000000]
- [-0.26871137 0.82987979 0.00000000]
- [-0.25585976 0.89768655 0.00000000]
- [-0.24300816 0.96549330 0.00000000]
- [-0.23015655 1.03330006 0.00000000]
- [-0.21730495 1.10110681 0.00000000]
- [-0.20445334 1.16891357 0.00000000]
- [-0.19160173 1.23672033 0.00000000]
- [-0.17875013 1.30452708 0.00000000]
- [-0.16589852 1.37233384 0.00000000]
- [-0.15304692 1.44014059 0.00000000]
- [-0.14019531 1.50794735 0.00000000]
- [-0.12734371 1.57575410 0.00000000]
- [-0.11449210 1.64356086 0.00000000]
- [-0.10164050 1.71136762 0.00000000]
- [-0.08878889 1.77917437 0.00000000]
- [-0.07593728 1.84698113 0.00000000]
- [-0.06308568 1.91478788 0.00000000]
- [-0.05023407 1.98259464 0.00000000]
elements:
- [1 2]
- [2 3]
- [3 4]
- [4 5]
- [5 6]
- [6 7]
- [7 8]
- [8 9]
- [9 10]
- [10 11]
- [11 12]
- [12 13]
- [13 14]
- [14 15]
- [15 16]
- [16 17]
- [17 18]
- [18 19]
- [19 20]
- [20 21]
- [21 22]
- [22 23]
- [23 24]
- [24 25]
- [25 26]
- [26 27]
- [27 28]
- [28 29]
- [29 30]
- [30 31]
- [31 32]
- [32 33]
- [33 34]
- [34 35]
- [35 36]
- [36 37]
- [37 38]
- [38 39]
- [39 40]
- [40 41]
- [41 42]
- [42 43]
- [43 44]
- [44 45]
- [45 46]
- [46 47]
- [47 48]
- [48 49]
- [49 50]
- [50 51]
- [51 52]
- [52 53]
- [53 54]
- [54 55]
- [55 56]
- [56 57]
- [57 58]
- [58 59]
- [59 60]
- [60 61]
- [61 62]
- [62 63]
- [63 64]
- [64 65]
- [65 66]
- [66 67]
- [67 68]
- [68 69]
- [69 70]
- [70 71]
- [71 72]
- [72 73]
- [73 74]
- [74 75]
- [75 76]
- [76 77]
- [77 78]
- [78 79]
- [79 80]
- [80 81]
- [81 82]
- [82 83]
- [83 84]
- [84 85]
- [85 86]
- [86 87]
- [87 88]
- [88 89]
- [89 90]
- [90 91]
- [91 92]
- [92 93]
- [93 94]
- [94 95]
- [95 96]
- [96 97]
- [97 98]
- [98 99]
- [99 100]
- [100 101]
- [101 102]
- [102 103]
- [103 104]
- [104 105]
- [105 106]
- [106 107]
- [107 108]
- [108 109]
- [109 110]
- [110 111]
- [111 112]
- [112 113]
- [113 114]
- [114 115]
- [115 116]
- [116 117]
- [117 118]
- [118 119]
- [119 120]
- [120 121]
- [121 122]
- [122 123]
- [123 124]
- [124 125]
- [125 126]
- [126 127]
- [127 128]
- [128 129]
- [129 130]
- [130 131]
- [131 132]
- [132 133]
- [133 134]
- [134 135]
- [135 136]
- [136 137]
- [137 138]
- [138 139]
- [139 140]
- [140 141]
- [141 142]
- [142 143]
- [143 144]
- [144 145]
- [145 146]
- [146 147]
- [147 148]
- [148 149]
- [149 150]
- [150 151]
- [151 152]
- [152 153]
- [153 154]
- [154 155]
- [155 156]
- [156 157]
- [157 158]
- [158 159]
- [159 160]
- [160 161]
- [161 162]
- [162 163]
- [163 164]
- [164 165]
- [165 166]
- [166 167]
- [167 168]
- [168 169]
- [169 170]
- [170 171]
- [171 172]
- [172 173]
- [173 174]
- [174 175]
- [175 176]
- [176 177]
- [177 178]
- [178 179]
- [179 180]
- [180 181]
- [181 182]
- [182 183]
- [183 184]
- [184 185]
- [185 186]
- [186 187]
- [187 188]
- [188 189]
- [189 190]
- [190 191]
- [191 192]
- [192 193]
- [193 194]
- [194 195]
- [195 196]
- [196 197]
- [197 198]
- [198 199]
- [199 200]
- [200 201]
- [201 202]
- [202 203]
- [203 204]
- [204 205]
- [205 206]
- [206 207]
- [207 208]
- [208 209]
- [209 210]
- [210 211]
- [211 212]
- [212 213]
- [213 214]
- [214 215]
- [215 216]
- [216 217]
- [217 218]
- [218 219]
- [219 220]
- [220 221]
- [221 222]
- [222 223]
- [223 224]
- [224 225]
- [225 226]
- [226 227]
- [227 228]
- [228 229]
- [229 230]
- [230 231]
- [231 232]
- [232 233]
- [233 234]
- [234 235]
- [235 236]
- [236 237]
- [237 238]
- [238 239]
- [239 240]
- [240 241]
- [241 242]
- [242 1]
- [199 243]
- [243 244]
- [244 245]
- [245 246]
- [246 247]
- [247 248]
- [248 249]
- [249 250]
- [250 251]
- [251 252]
- [252 253]
- [253 254]
- [254 255]
- [255 256]
- [256 257]
- [257 258]
- [258 259]
- [259 260]
- [260 261]
- [261 262]
- [262 263]
- [263 264]
- [264 265]
- [265 266]
- [266 267]
- [267 268]
- [268 269]
- [269 270]
- [270 271]
- [271 272]
- [272 273]
- [273 274]
- [274 275]
- [275 276]
- [276 277]
- [277 278]
- [278 279]
- [279 280]
- [280 281]
- [281 282]
- [282 283]
- [283 284]
- [284 285]
- [285 286]
- [286 287]
- [287 288]
- [288 289]
- [289 290]
- [290 36]
- [157 291]
- [291 292]
- [292 293]
- [293 294]
- [294 295]
- [295 296]
- [296 297]
- [297 298]
- [298 299]
- [299 300]
- [300 301]
- [301 302]
- [302 303]
- [303 304]
- [304 305]
- [305 306]
- [306 307]
- [307 308]
- [308 309]
- [309 310]
- [310 311]
- [311 312]
- [312 313]
- [313 314]
- [314 315]
- [315 316]
- [316 317]
- [317 318]
- [318 319]
- [319 320]
- [320 321]
- [321 322]
- [322 323]
- [323 324]
- [324 325]
- [325 326]
- [326 327]
- [327 328]
- [328 329]
- [329 330]
- [330 331]
- [331 332]
- [332 333]
- [333 334]
- [334 335]
- [335 336]
- [336 337]
- [337 338]
- [338 339]
- [339 340]
- [340 341]
- [341 342]
- [342 343]
- [343 344]
- [344 345]
- [345 346]
- [346 74]
- [168 347]
- [347 348]
- [348 349]
- [349 350]
- [350 351]
- [351 352]
- [352 353]
- [353 354]
- [354 355]
- [355 356]
- [356 357]
- [357 358]
- [358 359]
- [359 360]
- [360 361]
- [361 362]
- [362 363]
- [363 364]
- [364 365]
- [365 366]
- [366 367]
- [367 368]
- [368 369]
- [369 370]
- [370 371]
- [371 372]
- [372 373]
- [373 374]
- [374 375]
- [375 376]
- [376 377]
- [377 378]
- [378 379]
- [379 380]
- [380 381]
- [381 382]
- [382 383]
- [383 384]
- [384 385]
- [385 386]
- [386 387]
- [387 388]
- [388 389]
- [389 390]
- [390 391]
- [391 392]
- [392 393]
- [393 394]
- [394 395]
- [395 396]
- [396 397]
- [397 398]
- [398 399]
- [399 400]
- [400 401]
- [401 402]
- [402 403]
- [403 404]
- [404 405]
- [405 63]
sets:
  element:
  - name: layup_0
    labels:
    - 1
    - 2
    - 3
    - 4
    - 5
    - 6
    - 7
    - 8
    - 9
    - 10
    - 11
    - 12
    - 13
    - 14
    - 15
    - 16
    - 17
    - 18
    - 19
    - 20
    - 222
    - 223
    - 224
    - 225
    - 226
    - 227
    - 228
    - 229
    - 230
    - 231
    - 232
    - 233
    - 234
    - 235
    - 236
    - 237
    - 238
    - 239
    - 240
    - 241
    - 242
  - name: layup_1
    labels:
    - 21
    - 22
    - 23
    - 24
    - 25
    - 26
    - 27
    - 28
    - 29
    - 30
    - 31
    - 32
    - 33
    - 34
    - 35
    - 36
    - 37
    - 38
    - 39
    - 40
    - 41
    - 42
    - 43
    - 44
    - 45
    - 46
    - 47
    - 48
    - 49
    - 50
    - 51
    - 52
    - 53
    - 54
    - 55
    - 56
    - 57
    - 58
    - 59
    - 60
    - 61
    - 75
    - 76
    - 77
    - 78
    - 79
    - 80
    - 81
    - 82
    - 83
    - 84
    - 85
    - 86
    - 87
    - 88
    - 89
    - 90
    - 91
    - 92
    - 93
    - 94
    - 95
    - 96
    - 97
    - 98
    - 99
    - 100
    - 101
    - 102
    - 103
    - 104
    - 105
    - 106
    - 107
    - 108
    - 109
    - 110
    - 111
    - 112
    - 113
    - 114
    - 115
    - 116
    - 117
    - 118
    - 124
    - 125
    - 126
    - 127
    - 128
    - 129
    - 130
    - 131
    - 132
    - 133
    - 134
    - 135
    - 136
    - 137
    - 138
    - 139
    - 140
    - 141
    - 142
    - 143
    - 144
    - 145
    - 146
    - 147
    - 148
    - 149
    - 150
    - 151
    - 152
    - 153
    - 154
    - 155
    - 170
    - 171
    - 172
    - 173
    - 174
    - 175
    - 176
    - 177
    - 178
    - 179
    - 180
    - 181
    - 182
    - 183
    - 184
    - 185
    - 186
    - 187
    - 188
    - 189
    - 190
    - 191
    - 192
    - 193
    - 194
    - 195
    - 196
    - 197
    - 198
    - 199
    - 200
    - 201
    - 202
    - 203
    - 204
    - 205
    - 206
    - 207
    - 208
    - 209
    - 210
    - 211
    - 212
    - 213
    - 214
    - 215
    - 216
    - 217
    - 218
    - 219
    - 220
    - 221
  - name: layup_2
    labels:
    - 62
    - 63
    - 64
    - 65
    - 66
    - 67
    - 68
    - 69
    - 70
    - 71
    - 72
    - 73
    - 74
  - name: layup_3
    labels:
    - 119
    - 120
    - 121
    - 122
    - 123
  - name: layup_4
    labels:
    - 156
    - 157
    - 158
    - 159
    - 160
    - 161
    - 162
    - 163
    - 164
    - 165
    - 166
    - 167
    - 168
    - 169
  - name: layup_5
    labels:
    - 243
    - 244
    - 245
    - 246
    - 247
    - 248
    - 249
    - 250
    - 251
    - 252
    - 253
    - 254
    - 255
    - 256
    - 257
    - 258
    - 259
    - 260
    - 261
    - 262
    - 263
    - 264
    - 265
    - 266
    - 267
    - 268
    - 269
    - 270
    - 271
    - 272
    - 273
    - 274
    - 275
    - 276
    - 277
    - 278
    - 279
    - 280
    - 281
    - 282
    - 283
    - 284
    - 285
    - 286
    - 287
    - 288
    - 289
    - 290
    - 291
    - 292
    - 293
    - 294
    - 295
    - 296
    - 297
    - 298
    - 299
    - 300
    - 301
    - 302
    - 303
    - 304
    - 305
    - 306
    - 307
    - 308
    - 309
    - 310
    - 311
    - 312
    - 313
    - 314
    - 315
    - 316
    - 317
    - 318
    - 319
    - 320
    - 321
    - 322
    - 323
    - 324
    - 325
    - 326
    - 327
    - 328
    - 329
    - 330
    - 331
    - 332
    - 333
    - 334
    - 335
    - 336
    - 337
    - 338
    - 339
    - 340
    - 341
    - 342
    - 343
    - 344
    - 345
    - 346
    - 347
    - 348
    - 349
    - 350
    - 351
    - 352
    - 353
    - 354
    - 355
    - 356
    - 357
    - 358
    - 359
    - 360
    - 361
    - 362
    - 363
    - 364
    - 365
    - 366
    - 367
    - 368
    - 369
    - 370
    - 371
    - 372
    - 373
    - 374
    - 375
    - 376
    - 377
    - 378
    - 379
    - 380
    - 381
    - 382
    - 383
    - 384
    - 385
    - 386
    - 387
    - 388
    - 389
    - 390
    - 391
    - 392
    - 393
    - 394
    - 395
    - 396
    - 397
    - 398
    - 399
    - 400
    - 401
    - 402
    - 403
    - 404
    - 405
    - 406
    - 407
    - 408
sections:
- type: shell
  elementSet: layup_0
  layup:
  - - gelcoat
    - 0.0005
    - 0.0
  - - glass_triax
    - 0.00497875
    - 0.0
  - - glass_uniax
    - 0.02977822
    - 0.0
  - - glass_triax
    - 0.00497875
    - 0.0
- type: shell
  elementSet: layup_1
  layup:
  - - gelcoat
    - 0.0005
    - 0.0
  - - glass_triax
    - 0.00497875
    - 0.0
  - - medium_density_foam
    - 0.07594484
    - 0.0
  - - glass_triax
    - 0.00497875
    - 0.0
- type: shell
  elementSet: layup_2
  layup:
  - - gelcoat
    - 0.0005
    - 0.0
  - - glass_triax
    - 0.00497875
    - 0.0
  - - carbon_uniax
    - 0.07085481
    - 0.0
  - - glass_triax
    - 0.00497875
    - 0.0
- type: shell
  elementSet: layup_3
  layup:
  - - gelcoat
    - 0.0005
    - 0.0
  - - glass_triax
    - 0.00497875
    - 0.0
  - - glass_uniax
    - 0.02481543
    - 0.0
  - - glass_triax
    - 0.00497875
    - 0.0
- type: shell
  elementSet: layup_4
  layup:
  - - gelcoat
    - 0.0005
    - 0.0
  - - glass_triax
    - 0.00497875
    - 0.0
  - - carbon_uniax
    - 0.06392579
    - 0.0
  - - glass_triax
    - 0.00497875
    - 0.0
- type: shell
  elementSet: layup_5
  layup:
  - - glass_biax
    - 0.002
    - 0.0
  - - medium_density_foam
    - 0.046
    - 0.0
  - - glass_biax
    - 0.002
    - 0.0
elementOrientations:
- [0.0, 0.0, 1.0, -0.9130667220990066, 0.40781020217176434, 0.0, -0.40781020217176434,
  -0.9130667220990066, 0.0]
- [0.0, 0.0, 1.0, -0.8975326411342097, 0.4409480219919916, 0.0, -0.4409480219919916,
  -0.8975326411342097, 0.0]
- [0.0, 0.0, 1.0, -0.9080385847958066, 0.4188865341856058, 0.0, -0.4188865341856058,
  -0.9080385847958066, 0.0]
- [0.0, 0.0, 1.0, -0.9200685020632781, 0.39175751621511423, 0.0, -0.39175751621511423,
  -0.9200685020632781, 0.0]
- [0.0, 0.0, 1.0, -0.9268965726505024, 0.37531685761333977, 0.0, -0.37531685761333977,
  -0.9268965726505024, 0.0]
- [0.0, 0.0, 1.0, -0.9261381188945605, 0.37718454996254175, 0.0, -0.37718454996254175,
  -0.9261381188945605, 0.0]
- [0.0, 0.0, 1.0, -0.9284931250075102, 0.37134958841203525, 0.0, -0.37134958841203525,
  -0.9284931250075102, 0.0]
- [0.0, 0.0, 1.0, -0.9313063873668475, 0.3642367538424859, 0.0, -0.3642367538424859,
  -0.9313063873668475, 0.0]
- [0.0, 0.0, 1.0, -0.9322262927634264, 0.36187586142288947, 0.0, -0.36187586142288947,
  -0.9322262927634264, 0.0]
- [0.0, 0.0, 1.0, -0.9296953421873164, 0.3683294323227629, 0.0, -0.3683294323227629,
  -0.9296953421873164, 0.0]
- [0.0, 0.0, 1.0, -0.9334413637221447, 0.3587300105825313, 0.0, -0.3587300105825313,
  -0.9334413637221447, 0.0]
- [0.0, 0.0, 1.0, -0.9329625592268279, 0.3599734199644852, 0.0, -0.3599734199644852,
  -0.9329625592268279, 0.0]
- [0.0, 0.0, 1.0, -0.9342213113179124, 0.3566939044607296, 0.0, -0.3566939044607296,
  -0.9342213113179124, 0.0]
- [0.0, 0.0, 1.0, -0.935980007525765, 0.3520531572249692, 0.0, -0.3520531572249692,
  -0.935980007525765, 0.0]
- [0.0, 0.0, 1.0, -0.9342979016738954, 0.3564932410688262, 0.0, -0.3564932410688262,
  -0.9342979016738954, 0.0]
- [0.0, 0.0, 1.0, -0.9346237048958946, 0.3556382013320162, 0.0, -0.3556382013320162,
  -0.9346237048958946, 0.0]
- [0.0, 0.0, 1.0, -0.9373512607944394, 0.34838572572233006, 0.0, -0.34838572572233006,
  -0.9373512607944394, 0.0]
- [0.0, 0.0, 1.0, -0.9368614015750115, 0.34970089253375525, 0.0, -0.34970089253375525,
  -0.9368614015750115, 0.0]
- [0.0, 0.0, 1.0, -0.9371814277061137, 0.34884233052015146, 0.0, -0.34884233052015146,
  -0.9371814277061137, 0.0]
- [0.0, 0.0, 1.0, -0.9833720327763052, 0.18160243708000565, 0.0, -0.18160243708000565,
  -0.9833720327763052, 0.0]
- [0.0, 0.0, 1.0, -0.985616271910227, 0.16899871166900937, 0.0, -0.16899871166900937,
  -0.985616271910227, 0.0]
- [0.0, 0.0, 1.0, -0.9417036376402966, 0.33644354482592276, 0.0, -0.33644354482592276,
  -0.9417036376402966, 0.0]
- [0.0, 0.0, 1.0, -0.942247972955697, 0.33491604539179687, 0.0, -0.33491604539179687,
  -0.942247972955697, 0.0]
- [0.0, 0.0, 1.0, -0.9427290396065099, 0.3335595267453584, 0.0, -0.3335595267453584,
  -0.9427290396065099, 0.0]
- [0.0, 0.0, 1.0, -0.9435980236626771, 0.33109329461632087, 0.0, -0.33109329461632087,
  -0.9435980236626771, 0.0]
- [0.0, 0.0, 1.0, -0.9455255064811339, 0.32554802501872926, 0.0, -0.32554802501872926,
  -0.9455255064811339, 0.0]
- [0.0, 0.0, 1.0, -0.9465757006623379, 0.3224816939232426, 0.0, -0.3224816939232426,
  -0.9465757006623379, 0.0]
- [0.0, 0.0, 1.0, -0.946804967300077, 0.32180794566930815, 0.0, -0.32180794566930815,
  -0.946804967300077, 0.0]
- [0.0, 0.0, 1.0, -0.9471614674261333, 0.320757158335046, 0.0, -0.320757158335046,
  -0.9471614674261333, 0.0]
- [0.0, 0.0, 1.0, -0.9500176812822623, 0.31219610063399944, 0.0, -0.31219610063399944,
  -0.9500176812822623, 0.0]
- [0.0, 0.0, 1.0, -0.9512707021564347, 0.3083570190847027, 0.0, -0.3083570190847027,
  -0.9512707021564347, 0.0]
- [0.0, 0.0, 1.0, -0.9516753252549989, 0.3071059675434395, 0.0, -0.3071059675434395,
  -0.9516753252549989, 0.0]
- [0.0, 0.0, 1.0, -0.9524333793932453, 0.30474687499228326, 0.0, -0.30474687499228326,
  -0.9524333793932453, 0.0]
- [0.0, 0.0, 1.0, -0.9528751572210734, 0.3033627115367256, 0.0, -0.3033627115367256,
  -0.9528751572210734, 0.0]
- [0.0, 0.0, 1.0, -0.9527502675881565, 0.3037547161949854, 0.0, -0.3037547161949854,
  -0.9527502675881565, 0.0]
- [0.0, 0.0, 1.0, -0.9545083844853474, 0.29818407728645085, 0.0, -0.29818407728645085,
  -0.9545083844853474, 0.0]
- [0.0, 0.0, 1.0, -0.9574494736768162, 0.288600944828647, 0.0, -0.288600944828647,
  -0.9574494736768162, 0.0]
- [0.0, 0.0, 1.0, -0.9588275878116301, 0.28398883226516236, 0.0, -0.28398883226516236,
  -0.9588275878116301, 0.0]
- [0.0, 0.0, 1.0, -0.9597620737830304, 0.28081446139345684, 0.0, -0.28081446139345684,
  -0.9597620737830304, 0.0]
- [0.0, 0.0, 1.0, -0.9605333674573068, 0.2781647892906761, 0.0, -0.2781647892906761,
  -0.9605333674573068, 0.0]
- [0.0, 0.0, 1.0, -0.960331407380285, 0.278861234306601, 0.0, -0.278861234306601,
  -0.960331407380285, 0.0]
- [0.0, 0.0, 1.0, -0.9641894638784012, 0.2652143995824531, 0.0, -0.2652143995824531,
  -0.9641894638784012, 0.0]
- [0.0, 0.0, 1.0, -0.9655986547991454, 0.26003699323381074, 0.0, -0.26003699323381074,
  -0.9655986547991454, 0.0]
- [0.0, 0.0, 1.0, -0.9660691464166042, 0.2582835735038015, 0.0, -0.2582835735038015,
  -0.9660691464166042, 0.0]
- [0.0, 0.0, 1.0, -0.9673972968281896, 0.25326363751930847, 0.0, -0.25326363751930847,
  -0.9673972968281896, 0.0]
- [0.0, 0.0, 1.0, -0.9695371379547022, 0.24494435720507013, 0.0, -0.24494435720507013,
  -0.9695371379547022, 0.0]
- [0.0, 0.0, 1.0, -0.9688510213448225, 0.24764429821640255, 0.0, -0.24764429821640255,
  -0.9688510213448225, 0.0]
- [0.0, 0.0, 1.0, -0.9719825492385453, 0.23505302375366016, 0.0, -0.23505302375366016,
  -0.9719825492385453, 0.0]
- [0.0, 0.0, 1.0, -0.9744952710843626, 0.22440803602860296, 0.0, -0.22440803602860296,
  -0.9744952710843626, 0.0]
- [0.0, 0.0, 1.0, -0.9750033146274512, 0.22219031586791468, 0.0, -0.22219031586791468,
  -0.9750033146274512, 0.0]
- [0.0, 0.0, 1.0, -0.9759261829967519, 0.21810108972994668, 0.0, -0.21810108972994668,
  -0.9759261829967519, 0.0]
- [0.0, 0.0, 1.0, -0.9797915426034314, 0.20002133146939172, 0.0, -0.20002133146939172,
  -0.9797915426034314, 0.0]
- [0.0, 0.0, 1.0, -0.9784718563154409, 0.20638029556770976, 0.0, -0.20638029556770976,
  -0.9784718563154409, 0.0]
- [0.0, 0.0, 1.0, -0.9820362985091449, 0.18869209949136145, 0.0, -0.18869209949136145,
  -0.9820362985091449, 0.0]
- [0.0, 0.0, 1.0, -0.9846797232377499, 0.17437271186865244, 0.0, -0.17437271186865244,
  -0.9846797232377499, 0.0]
- [0.0, 0.0, 1.0, -0.9857643437298874, 0.16813286005651676, 0.0, -0.16813286005651676,
  -0.9857643437298874, 0.0]
- [0.0, 0.0, 1.0, -0.9874089851284322, 0.1581881667117975, 0.0, -0.1581881667117975,
  -0.9874089851284322, 0.0]
- [0.0, 0.0, 1.0, -0.990939279397137, 0.13431062708469088, 0.0, -0.13431062708469088,
  -0.990939279397137, 0.0]
- [0.0, 0.0, 1.0, -0.9906911028351642, 0.136129125330497, 0.0, -0.136129125330497,
  -0.9906911028351642, 0.0]
- [0.0, 0.0, 1.0, -0.9923859496468118, 0.12316706923360363, 0.0, -0.12316706923360363,
  -0.9923859496468118, 0.0]
- [0.0, 0.0, 1.0, -0.9920893429903053, 0.12553380232058733, 0.0, -0.12553380232058733,
  -0.9920893429903053, 0.0]
- [0.0, 0.0, 1.0, -0.9940920553395021, 0.10854024834541437, 0.0, -0.10854024834541437,
  -0.9940920553395021, 0.0]
- [0.0, 0.0, 1.0, -0.9971620539107122, 0.07528504659339867, 0.0, -0.07528504659339867,
  -0.9971620539107122, 0.0]
- [0.0, 0.0, 1.0, -0.9984737035630751, 0.05522918877764252, 0.0, -0.05522918877764252,
  -0.9984737035630751, 0.0]
- [0.0, 0.0, 1.0, -0.998788094448445, 0.04921729765076757, 0.0, -0.04921729765076757,
  -0.998788094448445, 0.0]
- [0.0, 0.0, 1.0, -0.9995461603733837, 0.030124297217122252, 0.0, -0.030124297217122252,
  -0.9995461603733837, 0.0]
- [0.0, 0.0, 1.0, -0.9999495790724798, 0.01004187795037652, 0.0, -0.01004187795037652,
  -0.9999495790724798, 0.0]
- [0.0, 0.0, 1.0, -0.999999935226484, -0.0003599264198795493, 0.0, 0.0003599264198795493,
  -0.999999935226484, 0.0]
- [0.0, 0.0, 1.0, -0.9999887784118648, -0.004737409666338701, 0.0, 0.004737409666338701,
  -0.9999887784118648, 0.0]
- [0.0, 0.0, 1.0, -0.9987871016684788, -0.04923744043590984, 0.0, 0.04923744043590984,
  -0.9987871016684788, 0.0]
- [0.0, 0.0, 1.0, -0.9982989212725191, -0.05830320562477361, 0.0, 0.05830320562477361,
  -0.9982989212725191, 0.0]
- [0.0, 0.0, 1.0, -0.9977287705706048, -0.06735948615948133, 0.0, 0.06735948615948133,
  -0.9977287705706048, 0.0]
- [0.0, 0.0, 1.0, -0.9962946030848254, -0.08600618503369419, 0.0, 0.08600618503369419,
  -0.9962946030848254, 0.0]
- [0.0, 0.0, 1.0, -0.9909558782843708, -0.13418810414359192, 0.0, 0.13418810414359192,
  -0.9909558782843708, 0.0]
- [0.0, 0.0, 1.0, -0.986818290557893, -0.16183220143221771, 0.0, 0.16183220143221771,
  -0.986818290557893, 0.0]
- [0.0, 0.0, 1.0, -0.9879168126603012, -0.1549850678714297, 0.0, 0.1549850678714297,
  -0.9879168126603012, 0.0]
- [0.0, 0.0, 1.0, -0.9817253542464075, -0.19030325491111708, 0.0, 0.19030325491111708,
  -0.9817253542464075, 0.0]
- [0.0, 0.0, 1.0, -0.9792549310807729, -0.2026321296191471, 0.0, 0.2026321296191471,
  -0.9792549310807729, 0.0]
- [0.0, 0.0, 1.0, -0.9736633569837522, -0.22799049819483758, 0.0, 0.22799049819483758,
  -0.9736633569837522, 0.0]
- [0.0, 0.0, 1.0, -0.9671350089764633, -0.25426339573775886, 0.0, 0.25426339573775886,
  -0.9671350089764633, 0.0]
- [0.0, 0.0, 1.0, -0.9620752098592386, -0.2727843297814263, 0.0, 0.2727843297814263,
  -0.9620752098592386, 0.0]
- [0.0, 0.0, 1.0, -0.9506790095556126, -0.31017643493721353, 0.0, 0.31017643493721353,
  -0.9506790095556126, 0.0]
- [0.0, 0.0, 1.0, -0.9451572555462117, -0.3266156185615642, 0.0, 0.3266156185615642,
  -0.9451572555462117, 0.0]
- [0.0, 0.0, 1.0, -0.9370609759257309, -0.3491657591991471, 0.0, 0.3491657591991471,
  -0.9370609759257309, 0.0]
- [0.0, 0.0, 1.0, -0.9251520086481924, -0.37959683994234616, 0.0, 0.37959683994234616,
  -0.9251520086481924, 0.0]
- [0.0, 0.0, 1.0, -0.9130674697090758, -0.40780852830595127, 0.0, 0.40780852830595127,
  -0.9130674697090758, 0.0]
- [0.0, 0.0, 1.0, -0.9035331456027111, -0.4285182082447256, 0.0, 0.4285182082447256,
  -0.9035331456027111, 0.0]
- [0.0, 0.0, 1.0, -0.8920477076332466, -0.45194124320122614, 0.0, 0.45194124320122614,
  -0.8920477076332466, 0.0]
- [0.0, 0.0, 1.0, -0.8777500386684219, -0.4791188470698931, 0.0, 0.4791188470698931,
  -0.8777500386684219, 0.0]
- [0.0, 0.0, 1.0, -0.8596825089899969, -0.5108287225055619, 0.0, 0.5108287225055619,
  -0.8596825089899969, 0.0]
- [0.0, 0.0, 1.0, -0.8440870486999201, -0.5362061676417558, 0.0, 0.5362061676417558,
  -0.8440870486999201, 0.0]
- [0.0, 0.0, 1.0, -0.8302907036466441, -0.5573305549115001, 0.0, 0.5573305549115001,
  -0.8302907036466441, 0.0]
- [0.0, 0.0, 1.0, -0.8137526160624677, -0.5812113899877479, 0.0, 0.5812113899877479,
  -0.8137526160624677, 0.0]
- [0.0, 0.0, 1.0, -0.7949041892952795, -0.6067349749609086, 0.0, 0.6067349749609086,
  -0.7949041892952795, 0.0]
- [0.0, 0.0, 1.0, -0.7717700564190961, -0.6359017062525193, 0.0, 0.6359017062525193,
  -0.7717700564190961, 0.0]
- [0.0, 0.0, 1.0, -0.7553119881974072, -0.6553653946351453, 0.0, 0.6553653946351453,
  -0.7553119881974072, 0.0]
- [0.0, 0.0, 1.0, -0.7306062611928159, -0.6827990122326297, 0.0, 0.6827990122326297,
  -0.7306062611928159, 0.0]
- [0.0, 0.0, 1.0, -0.7056385246013791, -0.7085719953528993, 0.0, 0.7085719953528993,
  -0.7056385246013791, 0.0]
- [0.0, 0.0, 1.0, -0.6866965833172438, -0.7269441536049543, 0.0, 0.7269441536049543,
  -0.6866965833172438, 0.0]
- [0.0, 0.0, 1.0, -0.6592143863485631, -0.7519550470813314, 0.0, 0.7519550470813314,
  -0.6592143863485631, 0.0]
- [0.0, 0.0, 1.0, -0.6236613832130606, -0.7816946200971145, 0.0, 0.7816946200971145,
  -0.6236613832130606, 0.0]
- [0.0, 0.0, 1.0, -0.5980007265840714, -0.8014955589427322, 0.0, 0.8014955589427322,
  -0.5980007265840714, 0.0]
- [0.0, 0.0, 1.0, -0.5725738858082234, -0.8198531242182782, 0.0, 0.8198531242182782,
  -0.5725738858082234, 0.0]
- [0.0, 0.0, 1.0, -0.5478947834704054, -0.8365472528470327, 0.0, 0.8365472528470327,
  -0.5478947834704054, 0.0]
- [0.0, 0.0, 1.0, -0.5184421693694582, -0.8551126925847202, 0.0, 0.8551126925847202,
  -0.5184421693694582, 0.0]
- [0.0, 0.0, 1.0, -0.47907269777183026, -0.8777752276349683, 0.0, 0.8777752276349683,
  -0.47907269777183026, 0.0]
- [0.0, 0.0, 1.0, -0.4560908387195407, -0.8899332260546889, 0.0, 0.8899332260546889,
  -0.4560908387195407, 0.0]
- [0.0, 0.0, 1.0, -0.4269879271452978, -0.9042573251415561, 0.0, 0.9042573251415561,
  -0.4269879271452978, 0.0]
- [0.0, 0.0, 1.0, -0.3927599040664453, -0.919641048321418, 0.0, 0.919641048321418,
  -0.3927599040664453, 0.0]
- [0.0, 0.0, 1.0, -0.35993663251677255, -0.932976752428744, 0.0, 0.932976752428744,
  -0.35993663251677255, 0.0]
- [0.0, 0.0, 1.0, -0.32811360105315535, -0.9446382719347819, 0.0, 0.9446382719347819,
  -0.32811360105315535, 0.0]
- [0.0, 0.0, 1.0, -0.29759022090204873, -0.9546936997924883, 0.0, 0.9546936997924883,
  -0.29759022090204873, 0.0]
- [0.0, 0.0, 1.0, -0.26841655386983937, -0.9633029396864933, 0.0, 0.9633029396864933,
  -0.26841655386983937, 0.0]
- [0.0, 0.0, 1.0, -0.22219967384645675, -0.9750011820210929, 0.0, 0.9750011820210929,
  -0.22219967384645675, 0.0]
- [0.0, 0.0, 1.0, -0.17983076522958494, -0.9836975632159215, 0.0, 0.9836975632159215,
  -0.17983076522958494, 0.0]
- [0.0, 0.0, 1.0, -0.14304759940940223, -0.9897158098682709, 0.0, 0.9897158098682709,
  -0.14304759940940223, 0.0]
- [0.0, 0.0, 1.0, -0.11446591348797405, -0.9934271763191117, 0.0, 0.9934271763191117,
  -0.11446591348797405, 0.0]
- [0.0, 0.0, 1.0, -0.28324447831903277, -0.9590477389065568, 0.0, 0.9590477389065568,
  -0.28324447831903277, 0.0]
- [0.0, 0.0, 1.0, -0.2584689177913706, -0.966019574613143, 0.0, 0.966019574613143,
  -0.2584689177913706, 0.0]
- [0.0, 0.0, 1.0, -0.052982658389544926, -0.9985954325501277, 0.0, 0.9985954325501277,
  -0.052982658389544926, 0.0]
- [0.0, 0.0, 1.0, 0.0014445394013906634, -0.9999989566524147, 0.0, 0.9999989566524147,
  0.0014445394013906634, 0.0]
- [0.0, 0.0, 1.0, 0.04838791362324413, -0.9988286188406845, 0.0, 0.9988286188406845,
  0.04838791362324413, 0.0]
- [0.0, 0.0, 1.0, 0.24738948895719753, -0.9689161164690658, 0.0, 0.9689161164690658,
  0.24738948895719753, 0.0]
- [0.0, 0.0, 1.0, 0.28506376942849865, -0.9585085536181802, 0.0, 0.9585085536181802,
  0.28506376942849865, 0.0]
- [0.0, 0.0, 1.0, 0.1323848832219755, -0.9911983871527958, 0.0, 0.9911983871527958,
  0.1323848832219755, 0.0]
- [0.0, 0.0, 1.0, 0.16332583549935278, -0.9865721825890077, 0.0, 0.9865721825890077,
  0.16332583549935278, 0.0]
