nodes:
- [3.96153301 0.04300240 0.00000000]
- [3.91344559 0.05168836 0.00000000]
- [3.85877169 0.06450966 0.00000000]
- [3.80406991 0.07723003 0.00000000]
- [3.74935707 0.08994321 0.00000000]
- [3.69463596 0.10263971 0.00000000]
- [3.63990564 0.11537028 0.00000000]
- [3.58520913 0.12823648 0.00000000]
- [3.53050624 0.14111640 0.00000000]
- [3.47585208 0.15421939 0.00000000]
- [3.42122847 0.16736858 0.00000000]
- [3.36660948 0.18056642 0.00000000]
- [3.31202268 0.19387767 0.00000000]
- [3.25744078 0.20719314 0.00000000]
- [3.20287191 0.22058995 0.00000000]
- [3.14636412 0.22610114 0.00000000]
- [3.08950961 0.23170688 0.00000000]
- [3.03462410 0.24530529 0.00000000]
- [2.97975345 0.25892613 0.00000000]
- [2.92489236 0.27255096 0.00000000]
- [2.87003338 0.28616707 0.00000000]
- [2.81516996 0.29977353 0.00000000]
- [2.76031073 0.31337896 0.00000000]
- [2.70545413 0.32695522 0.00000000]
- [2.65058170 0.34049594 0.00000000]
- [2.59570438 0.35403756 0.00000000]
- [2.54085401 0.36755354 0.00000000]
- [2.48597153 0.38094404 0.00000000]
- [2.43105594 0.39432898 0.00000000]
- [2.37617365 0.40769961 0.00000000]
- [2.32127855 0.42091255 0.00000000]
- [2.26632242 0.43403291 0.00000000]
- [2.21135492 0.44715022 0.00000000]
- [2.15643586 0.46019146 0.00000000]
- [2.10144583 0.47297778 0.00000000]
- [2.04639250 0.48575854 0.00000000]
- [1.99137966 0.49850643 0.00000000]
- [1.93696087 0.51090637 0.00000000]
- [1.88244970 0.52311216 0.00000000]
- [1.82788709 0.53531051 0.00000000]
- [1.77341163 0.54747150 0.00000000]
- [1.71887150 0.55925036 0.00000000]
- [1.66422309 0.57095940 0.00000000]
- [1.60956779 0.58264202 0.00000000]
- [1.55501230 0.59421528 0.00000000]
- [1.50033897 0.60529959 0.00000000]
- [1.44554350 0.61638500 0.00000000]
- [1.39080198 0.62743043 0.00000000]
- [1.33610494 0.63819823 0.00000000]
- [1.28127291 0.64857097 0.00000000]
- [1.22633853 0.65892487 0.00000000]
- [1.17152393 0.66922611 0.00000000]
- [1.11668299 0.67898211 0.00000000]
- [1.06166254 0.68845208 0.00000000]
- [1.00658822 0.69789132 0.00000000]
- [0.95168578 0.70717648 0.00000000]
- [0.89666856 0.71566098 0.00000000]
- [0.84143372 0.72399552 0.00000000]
- [0.78624079 0.73227375 0.00000000]
- [0.73119289 0.74014917 0.00000000]
- [0.67595163 0.74720639 0.00000000]
- [0.62051007 0.75422436 0.00000000]
- [0.56527894 0.76114413 0.00000000]
- [0.51004627 0.76712124 0.00000000]
- [0.45454131 0.77263354 0.00000000]
- [0.39899712 0.77808609 0.00000000]
- [0.34372854 0.78315235 0.00000000]
- [0.28829142 0.78695105 0.00000000]
- [0.23215680 0.78472358 0.00000000]
- [0.18299412 0.78195197 0.00000000]
- [0.13444966 0.78420219 0.00000000]
- [0.07768769 0.78595782 0.00000000]
- [0.02083677 0.78762343 0.00000000]
- [-0.03548742 0.78865102 0.00000000]
- [-0.09197674 0.78806509 0.00000000]
- [-0.14885516 0.78729050 0.00000000]
- [-0.20511971 0.78602147 0.00000000]
- [-0.26136451 0.78287096 0.00000000]
- [-0.31816187 0.77932532 0.00000000]
- [-0.37413032 0.77558102 0.00000000]
- [-0.42989228 0.76919182 0.00000000]
- [-0.48629299 0.76256132 0.00000000]
- [-0.54181398 0.75525762 0.00000000]
- [-0.59711466 0.74558051 0.00000000]
- [-0.65286494 0.73542819 0.00000000]
- [-0.69729519 0.72660728 0.00000000]
- [-0.74294724 0.72136840 0.00000000]
- [-0.79915221 0.71332696 0.00000000]
- [-0.85297321 0.69831541 0.00000000]
- [-0.90636046 0.68079780 0.00000000]
- [-0.95951285 0.66316432 0.00000000]
- [-1.01137113 0.64252364 0.00000000]
- [-1.06321378 0.62091375 0.00000000]
- [-1.11392050 0.59774946 0.00000000]
- [-1.16376783 0.57222931 0.00000000]
- [-1.21290904 0.54601510 0.00000000]
- [-1.26033692 0.51658994 0.00000000]
- [-1.30731830 0.48682009 0.00000000]
- [-1.35168223 0.45350739 0.00000000]
- [-1.39547735 0.41927463 0.00000000]
- [-1.43656043 0.38219763 0.00000000]
- [-1.47614263 0.34372726 0.00000000]
- [-1.51238999 0.30251964 0.00000000]
- [-1.55338377 0.26429139 0.00000000]
- [-1.59055218 0.22559359 0.00000000]
- [-1.61498334 0.17848418 0.00000000]
- [-1.63555150 0.12969174 0.00000000]
- [-1.64989049 0.07898012 0.00000000]
- [-1.65695308 0.02676945 0.00000000]
- [-1.65738622 -0.02561954 0.00000000]
- [-1.64900804 -0.07724616 0.00000000]
- [-1.63275409 -0.12728804 0.00000000]
- [-1.61008487 -0.17505784 0.00000000]
- [-1.58282945 -0.22063152 0.00000000]
- [-1.54474222 -0.25829058 0.00000000]
- [-1.50161046 -0.29440529 0.00000000]
- [-1.46366542 -0.33476210 0.00000000]
- [-1.42278711 -0.37239786 0.00000000]
- [-1.38056987 -0.40882719 0.00000000]
- [-1.33629679 -0.44283006 0.00000000]
- [-1.29099863 -0.47557597 0.00000000]
- [-1.24399728 -0.50605628 0.00000000]
- [-1.19637733 -0.53550826 0.00000000]
- [-1.14719676 -0.56252925 0.00000000]
- [-1.09764794 -0.58887351 0.00000000]
- [-1.04684467 -0.61263656 0.00000000]
- [-0.99546844 -0.63569109 0.00000000]
- [-0.94358543 -0.65679000 0.00000000]
- [-0.89060352 -0.67617545 0.00000000]
- [-0.83768698 -0.69503864 0.00000000]
- [-0.78234131 -0.70577614 0.00000000]
- [-0.72758295 -0.71571476 0.00000000]
- [-0.67383751 -0.73004040 0.00000000]
- [-0.61915627 -0.74183556 0.00000000]
- [-0.56407439 -0.75354985 0.00000000]
- [-0.50929168 -0.76357027 0.00000000]
- [-0.45367744 -0.77181101 0.00000000]
- [-0.39799836 -0.77991345 0.00000000]
- [-0.34259252 -0.78619916 0.00000000]
- [-0.28646145 -0.79098242 0.00000000]
- [-0.23030484 -0.79561655 0.00000000]
- [-0.17456820 -0.79868718 0.00000000]
- [-0.11826885 -0.80015727 0.00000000]
- [-0.06176631 -0.80148719 0.00000000]
- [-0.00589743 -0.80176029 0.00000000]
- [0.05026952 -0.80006519 0.00000000]
- [0.11899262 -0.79779021 0.00000000]
- [0.18748159 -0.79957053 0.00000000]
- [0.24289719 -0.80037153 0.00000000]
- [0.29820996 -0.79550660 0.00000000]
- [0.35300804 -0.79016071 0.00000000]
- [0.40761349 -0.78288019 0.00000000]
- [0.46262692 -0.77512476 0.00000000]
- [0.51740829 -0.76728511 0.00000000]
- [0.57167256 -0.75823962 0.00000000]
- [0.62600259 -0.74781030 0.00000000]
- [0.68059255 -0.73722388 0.00000000]
- [0.73473661 -0.72648761 0.00000000]
- [0.78842741 -0.71410632 0.00000000]
- [0.84238061 -0.70103756 0.00000000]
- [0.89634163 -0.68786666 0.00000000]
- [0.94981761 -0.67431655 0.00000000]
- [1.00293930 -0.65923422 0.00000000]
- [1.05634857 -0.64378241 0.00000000]
- [1.10964867 -0.62826492 0.00000000]
- [1.16248907 -0.61224068 0.00000000]
- [1.21507833 -0.59499155 0.00000000]
- [1.26791499 -0.57753315 0.00000000]
- [1.32061377 -0.56005102 0.00000000]
- [1.37292274 -0.54205963 0.00000000]
- [1.42507699 -0.52320164 0.00000000]
- [1.47741092 -0.50421941 0.00000000]
- [1.52963207 -0.48523663 0.00000000]
- [1.58158601 -0.46584871 0.00000000]
- [1.63348035 -0.44597948 0.00000000]
- [1.68547378 -0.42604487 0.00000000]
- [1.73742529 -0.40610982 0.00000000]
- [1.78928848 -0.38601644 0.00000000]
- [1.84115245 -0.36579902 0.00000000]
- [1.89305095 -0.34556820 0.00000000]
- [1.94501726 -0.32534386 0.00000000]
- [1.99721182 -0.30528913 0.00000000]
- [2.04941048 -0.28538486 0.00000000]
- [2.10162400 -0.26552054 0.00000000]
- [2.15405613 -0.24572457 0.00000000]
- [2.20677322 -0.22663103 0.00000000]
- [2.25940560 -0.20781986 0.00000000]
- [2.31212406 -0.18904200 0.00000000]
- [2.36526407 -0.17066229 0.00000000]
- [2.41867450 -0.15337681 0.00000000]
- [2.47189442 -0.13630807 0.00000000]
- [2.52544034 -0.11928292 0.00000000]
- [2.57950853 -0.10348709 0.00000000]
- [2.63349253 -0.08846920 0.00000000]
- [2.68755658 -0.07356957 0.00000000]
- [2.74223863 -0.05944551 0.00000000]
- [2.79716556 -0.04707125 0.00000000]
- [2.85178293 -0.03494696 0.00000000]
- [2.90700868 -0.02304292 0.00000000]
- [2.96264143 -0.01346511 0.00000000]
- [3.01784367 -0.00412617 0.00000000]
- [3.07357033 0.00477461 0.00000000]
- [3.13053432 0.00361706 0.00000000]
- [3.18742171 0.00198954 0.00000000]
- [3.24359458 0.00790489 0.00000000]
- [3.29992423 0.01145782 0.00000000]
- [3.35618055 0.01482314 0.00000000]
- [3.41264229 0.01663185 0.00000000]
- [3.46902794 0.01689033 0.00000000]
- [3.52548002 0.01667099 0.00000000]
- [3.58187689 0.01423103 0.00000000]
- [3.63822897 0.01137365 0.00000000]
- [3.69449071 0.00654817 0.00000000]
- [3.75065686 0.00085307 0.00000000]
- [3.80664521 -0.00663091 0.00000000]
- [3.86242012 -0.01535300 0.00000000]
- [3.91789556 -0.02544670 0.00000000]
- [3.96328903 -0.03867790 0.00000000]
- [1.94810808 -0.27042051 0.00000000]
- [1.95119891 -0.21549716 0.00000000]
- [1.95428974 -0.16057380 0.00000000]
- [1.95738057 -0.10565045 0.00000000]
- [1.96047139 -0.05072710 0.00000000]
- [1.96356222 0.00419625 0.00000000]
- [1.96665305 0.05911961 0.00000000]
- [1.96974387 0.11404296 0.00000000]
- [1.97283470 0.16896631 0.00000000]
- [1.97592553 0.22388966 0.00000000]
- [1.97901636 0.27881302 0.00000000]
- [1.98210718 0.33373637 0.00000000]
- [1.98519801 0.38865972 0.00000000]
- [1.98828884 0.44358307 0.00000000]
- [-0.72470918 -0.65990157 0.00000000]
- [-0.72183541 -0.60408838 0.00000000]
- [-0.71896164 -0.54827519 0.00000000]
- [-0.71608787 -0.49246200 0.00000000]
- [-0.71321410 -0.43664881 0.00000000]
- [-0.71034033 -0.38083562 0.00000000]
- [-0.70746656 -0.32502243 0.00000000]
- [-0.70459279 -0.26920924 0.00000000]
- [-0.70171902 -0.21339605 0.00000000]
- [-0.69884525 -0.15758286 0.00000000]
- [-0.69597148 -0.10176967 0.00000000]
- [-0.69309772 -0.04595648 0.00000000]
- [-0.69022395 0.00985671 0.00000000]
- [-0.68735018 0.06566990 0.00000000]
- [-0.68447641 0.12148309 0.00000000]
- [-0.68160264 0.17729629 0.00000000]
- [-0.67872887 0.23310948 0.00000000]
- [-0.67585510 0.28892267 0.00000000]
- [-0.67298133 0.34473586 0.00000000]
- [-0.67010756 0.40054905 0.00000000]
- [-0.66723379 0.45636224 0.00000000]
- [-0.66436002 0.51217543 0.00000000]
- [-0.66148625 0.56798862 0.00000000]
- [-0.65861248 0.62380181 0.00000000]
- [-0.65573871 0.67961500 0.00000000]
- [0.05327595 -0.74348421 0.00000000]
- [0.05628239 -0.68690323 0.00000000]
- [0.05928882 -0.63032225 0.00000000]
- [0.06229525 -0.57374128 0.00000000]
- [0.06530169 -0.51716030 0.00000000]
- [0.06830812 -0.46057932 0.00000000]
- [0.07131455 -0.40399834 0.00000000]
- [0.07432099 -0.34741737 0.00000000]
- [0.07732742 -0.29083639 0.00000000]
- [0.08033386 -0.23425541 0.00000000]
- [0.08334029 -0.17767443 0.00000000]
- [0.08634672 -0.12109346 0.00000000]
- [0.08935316 -0.06451248 0.00000000]
- [0.09235959 -0.00793150 0.00000000]
- [0.09536602 0.04864948 0.00000000]
- [0.09837246 0.10523046 0.00000000]
- [0.10137889 0.16181143 0.00000000]
- [0.10438533 0.21839241 0.00000000]
- [0.10739176 0.27497339 0.00000000]
- [0.11039819 0.33155437 0.00000000]
- [0.11340463 0.38813534 0.00000000]
- [0.11641106 0.44471632 0.00000000]
- [0.11941749 0.50129730 0.00000000]
- [0.12242393 0.55787828 0.00000000]
- [0.12543036 0.61445925 0.00000000]
- [0.12843679 0.67104023 0.00000000]
- [0.13144323 0.72762121 0.00000000]
elements:
- [1 2]
- [2 3]
- [3 4]
- [4 5]
- [5 6]
- [6 7]
- [7 8]
- [8 9]
- [9 10]
- [10 11]
- [11 12]
- [12 13]
- [13 14]
- [14 15]
- [15 16]
- [16 17]
- [17 18]
- [18 19]
- [19 20]
- [20 21]
- [21 22]
- [22 23]
- [23 24]
- [24 25]
- [25 26]
- [26 27]
- [27 28]
- [28 29]
- [29 30]
- [30 31]
- [31 32]
- [32 33]
- [33 34]
- [34 35]
- [35 36]
- [36 37]
- [37 38]
- [38 39]
- [39 40]
- [40 41]
- [41 42]
- [42 43]
- [43 44]
- [44 45]
- [45 46]
- [46 47]
- [47 48]
- [48 49]
- [49 50]
- [50 51]
- [51 52]
- [52 53]
- [53 54]
- [54 55]
- [55 56]
- [56 57]
- [57 58]
- [58 59]
- [59 60]
- [60 61]
- [61 62]
- [62 63]
- [63 64]
- [64 65]
- [65 66]
- [66 67]
- [67 68]
- [68 69]
- [69 70]
- [70 71]
- [71 72]
- [72 73]
- [73 74]
- [74 75]
- [75 76]
- [76 77]
- [77 78]
- [78 79]
- [79 80]
- [80 81]
- [81 82]
- [82 83]
- [83 84]
- [84 85]
- [85 86]
- [86 87]
- [87 88]
- [88 89]
- [89 90]
- [90 91]
- [91 92]
- [92 93]
- [93 94]
- [94 95]
- [95 96]
- [96 97]
- [97 98]
- [98 99]
- [99 100]
- [100 101]
- [101 102]
- [102 103]
- [103 104]
- [104 105]
- [105 106]
- [106 107]
- [107 108]
- [108 109]
- [109 110]
- [110 111]
- [111 112]
- [112 113]
- [113 114]
- [114 115]
- [115 116]
- [116 117]
- [117 118]
- [118 119]
- [119 120]
- [120 121]
- [121 122]
- [122 123]
- [123 124]
- [124 125]
- [125 126]
- [126 127]
- [127 128]
- [128 129]
- [129 130]
- [130 131]
- [131 132]
- [132 133]
- [133 134]
- [134 135]
- [135 136]
- [136 137]
- [137 138]
- [138 139]
- [139 140]
- [140 141]
- [141 142]
- [142 143]
- [143 144]
- [144 145]
- [145 146]
- [146 147]
- [147 148]
- [148 149]
- [149 150]
- [150 151]
- [151 152]
- [152 153]
- [153 154]
- [154 155]
- [155 156]
- [156 157]
- [157 158]
- [158 159]
- [159 160]
- [160 161]
- [161 162]
- [162 163]
- [163 164]
- [164 165]
- [165 166]
- [166 167]
- [167 168]
- [168 169]
- [169 170]
- [170 171]
- [171 172]
- [172 173]
- [173 174]
- [174 175]
- [175 176]
- [176 177]
- [177 178]
- [178 179]
- [179 180]
- [180 181]
- [181 182]
- [182 183]
- [183 184]
- [184 185]
- [185 186]
- [186 187]
- [187 188]
- [188 189]
- [189 190]
- [190 191]
- [191 192]
- [192 193]
- [193 194]
- [194 195]
- [195 196]
- [196 197]
- [197 198]
- [198 199]
- [199 200]
- [200 201]
- [201 202]
- [202 203]
- [203 204]
- [204 205]
- [205 206]
- [206 207]
- [207 208]
- [208 209]
- [209 210]
- [210 211]
- [211 212]
- [212 213]
- [213 214]
- [214 215]
- [215 216]
- [216 217]
- [217 218]
- [218 1]
- [181 219]
- [219 220]
- [220 221]
- [221 222]
- [222 223]
- [223 224]
- [224 225]
- [225 226]
- [226 227]
- [227 228]
- [228 229]
- [229 230]
- [230 231]
- [231 232]
- [232 37]
- [132 233]
- [233 234]
- [234 235]
- [235 236]
- [236 237]
- [237 238]
- [238 239]
- [239 240]
- [240 241]
- [241 242]
- [242 243]
- [243 244]
- [244 245]
- [245 246]
- [246 247]
- [247 248]
- [248 249]
- [249 250]
- [250 251]
- [251 252]
- [252 253]
- [253 254]
- [254 255]
- [255 256]
- [256 257]
- [257 85]
- [146 258]
- [258 259]
- [259 260]
- [260 261]
- [261 262]
- [262 263]
- [263 264]
- [264 265]
- [265 266]
- [266 267]
- [267 268]
- [268 269]
- [269 270]
- [270 271]
- [271 272]
- [272 273]
- [273 274]
- [274 275]
- [275 276]
- [276 277]
- [277 278]
- [278 279]
- [279 280]
- [280 281]
- [281 282]
- [282 283]
- [283 284]
- [284 71]
sets:
  element:
  - name: layup_0
    labels:
    - 1
    - 2
    - 3
    - 4
    - 5
    - 6
    - 7
    - 8
    - 9
    - 10
    - 11
    - 12
    - 13
    - 14
    - 15
    - 203
    - 204
    - 205
    - 206
    - 207
    - 208
    - 209
    - 210
    - 211
    - 212
    - 213
    - 214
    - 215
    - 216
    - 217
    - 218
  - name: layup_1
    labels:
    - 16
    - 17
    - 18
    - 19
    - 20
    - 21
    - 22
    - 23
    - 24
    - 25
    - 26
    - 27
    - 28
    - 29
    - 30
    - 31
    - 32
    - 33
    - 34
    - 35
    - 36
    - 37
    - 38
    - 39
    - 40
    - 41
    - 42
    - 43
    - 44
    - 45
    - 46
    - 47
    - 48
    - 49
    - 50
    - 51
    - 52
    - 53
    - 54
    - 55
    - 56
    - 57
    - 58
    - 59
    - 60
    - 61
    - 62
    - 63
    - 64
    - 65
    - 66
    - 67
    - 68
    - 87
    - 88
    - 89
    - 90
    - 91
    - 92
    - 93
    - 94
    - 95
    - 96
    - 97
    - 98
    - 99
    - 100
    - 101
    - 102
    - 103
    - 115
    - 116
    - 117
    - 118
    - 119
    - 120
    - 121
    - 122
    - 123
    - 124
    - 125
    - 126
    - 127
    - 128
    - 129
    - 130
    - 148
    - 149
    - 150
    - 151
    - 152
    - 153
    - 154
    - 155
    - 156
    - 157
    - 158
    - 159
    - 160
    - 161
    - 162
    - 163
    - 164
    - 165
    - 166
    - 167
    - 168
    - 169
    - 170
    - 171
    - 172
    - 173
    - 174
    - 175
    - 176
    - 177
    - 178
    - 179
    - 180
    - 181
    - 182
    - 183
    - 184
    - 185
    - 186
    - 187
    - 188
    - 189
    - 190
    - 191
    - 192
    - 193
    - 194
    - 195
    - 196
    - 197
    - 198
    - 199
    - 200
    - 201
    - 202
  - name: layup_2
    labels:
    - 69
    - 70
    - 71
    - 72
    - 73
    - 74
    - 75
    - 76
    - 77
    - 78
    - 79
    - 80
    - 81
    - 82
    - 83
    - 84
    - 85
    - 86
  - name: layup_3
    labels:
    - 104
    - 105
    - 106
    - 107
    - 108
    - 109
    - 110
    - 111
    - 112
    - 113
    - 114
  - name: layup_4
    labels:
    - 131
    - 132
    - 133
    - 134
    - 135
    - 136
    - 137
    - 138
    - 139
    - 140
    - 141
    - 142
    - 143
    - 144
    - 145
    - 146
    - 147
  - name: layup_5
    labels:
    - 219
    - 220
    - 221
    - 222
    - 223
    - 224
    - 225
    - 226
    - 227
    - 228
    - 229
    - 230
    - 231
    - 232
    - 233
    - 234
    - 235
    - 236
    - 237
    - 238
    - 239
    - 240
    - 241
    - 242
    - 243
    - 244
    - 245
    - 246
    - 247
    - 248
    - 249
    - 250
    - 251
    - 252
    - 253
    - 254
    - 255
    - 256
    - 257
    - 258
    - 259
    - 260
    - 261
    - 262
    - 263
    - 264
    - 265
    - 266
    - 267
    - 268
    - 269
    - 270
    - 271
    - 272
    - 273
    - 274
    - 275
    - 276
    - 277
    - 278
    - 279
    - 280
    - 281
    - 282
    - 283
    - 284
    - 285
    - 286
    - 287
sections:
- type: shell
  elementSet: layup_0
  layup:
  - - gelcoat
    - 0.0005
    - 0.0
  - - glass_triax
    - 0.003
    - 0.0
  - - glass_uniax
    - 0.0172426
    - 0.0
  - - glass_triax
    - 0.003
    - 0.0
- type: shell
  elementSet: layup_1
  layup:
  - - gelcoat
    - 0.0005
    - 0.0
  - - glass_triax
    - 0.003
    - 0.0
  - - medium_density_foam
    - 0.05
    - 0.0
  - - glass_triax
    - 0.003
    - 0.0
- type: shell
  elementSet: layup_2
  layup:
  - - gelcoat
    - 0.0005
    - 0.0
  - - glass_triax
    - 0.003
    - 0.0
  - - carbon_uniax
    - 0.07380924
    - 0.0
  - - glass_triax
    - 0.003
    - 0.0
- type: shell
  elementSet: layup_3
  layup:
  - - gelcoat
    - 0.0005
    - 0.0
  - - glass_triax
    - 0.003
    - 0.0
  - - glass_uniax
    - 0.01383728
    - 0.0
  - - glass_triax
    - 0.003
    - 0.0
- type: shell
  elementSet: layup_4
  layup:
  - - gelcoat
    - 0.0005
    - 0.0
  - - glass_triax
    - 0.003
    - 0.0
  - - carbon_uniax
    - 0.07211868
    - 0.0
  - - glass_triax
    - 0.003
    - 0.0
- type: shell
  elementSet: layup_5
  layup:
  - - glass_biax
    - 0.002
    - 0.0
  - - medium_density_foam
    - 0.0332
    - 0.0
  - - glass_biax
    - 0.002
    - 0.0
elementOrientations:
- [0.0, 0.0, 1.0, -0.9840753100969448, 0.17775202968630732, 0.0, -0.17775202968630732,
  -0.9840753100969448, 0.0]
- [0.0, 0.0, 1.0, -0.9735881822603089, 0.2283113036252644, 0.0, -0.2283113036252644,
  -0.9735881822603089, 0.0]
- [0.0, 0.0, 1.0, -0.9740118770460493, 0.22649693899307297, 0.0, -0.22649693899307297,
  -0.9740118770460493, 0.0]
- [0.0, 0.0, 1.0, -0.97405018037352, 0.22633215881600463, 0.0, -0.22633215881600463,
  -0.97405018037352, 0.0]
- [0.0, 0.0, 1.0, -0.9741231080207845, 0.22601807542744698, 0.0, -0.22601807542744698,
  -0.9741231080207845, 0.0]
- [0.0, 0.0, 1.0, -0.973997870127592, 0.2265571649427902, 0.0, -0.2265571649427902,
  -0.973997870127592, 0.0]
- [0.0, 0.0, 1.0, -0.973431308330589, 0.22897923041576868, 0.0, -0.22897923041576868,
  -0.973431308330589, 0.0]
- [0.0, 0.0, 1.0, -0.9733828658410415, 0.22918507038435343, 0.0, -0.22918507038435343,
  -0.9733828658410415, 0.0]
- [0.0, 0.0, 1.0, -0.9724438229688624, 0.23313732255840888, 0.0, -0.23313732255840888,
  -0.9724438229688624, 0.0]
- [0.0, 0.0, 1.0, -0.9722274389007706, 0.2340380461558512, 0.0, -0.2340380461558512,
  -0.9722274389007706, 0.0]
- [0.0, 0.0, 1.0, -0.9720255686146287, 0.23487506031805025, 0.0, -0.23487506031805025,
  -0.9720255686146287, 0.0]
- [0.0, 0.0, 1.0, -0.9715310174294922, 0.23691239345465998, 0.0, -0.23691239345465998,
  -0.9715310174294922, 0.0]
- [0.0, 0.0, 1.0, -0.9715088062829277, 0.23700345844464116, 0.0, -0.23700345844464116,
  -0.9715088062829277, 0.0]
- [0.0, 0.0, 1.0, -0.9711614222352789, 0.23842292667013057, 0.0, -0.23842292667013057,
  -0.9711614222352789, 0.0]
- [0.0, 0.0, 1.0, -0.9952776447576352, 0.09706909830473576, 0.0, -0.09706909830473576,
  -0.9952776447576352, 0.0]
- [0.0, 0.0, 1.0, -0.9951743814251901, 0.0981221206201237, 0.0, -0.0981221206201237,
  -0.9951743814251901, 0.0]
- [0.0, 0.0, 1.0, -0.970652022178506, 0.2404883611337089, 0.0, -0.2404883611337089,
  -0.970652022178506, 0.0]
- [0.0, 0.0, 1.0, -0.9705440964062239, 0.24092354997182502, 0.0, -0.24092354997182502,
  -0.9705440964062239, 0.0]
- [0.0, 0.0, 1.0, -0.970517816103722, 0.2410293936955863, 0.0, -0.2410293936955863,
  -0.970517816103722, 0.0]
- [0.0, 0.0, 1.0, -0.9705516971250726, 0.24089292892827147, 0.0, -0.24089292892827147,
  -0.9705516971250726, 0.0]
- [0.0, 0.0, 1.0, -0.9705961436796097, 0.2407137841384881, 0.0, -0.2407137841384881,
  -0.9705961436796097, 0.0]
- [0.0, 0.0, 1.0, -0.9705961212460326, 0.24071387459420931, 0.0, -0.24071387459420931,
  -0.9705961212460326, 0.0]
- [0.0, 0.0, 1.0, -0.9707139185674892, 0.24023839888608509, 0.0, -0.24023839888608509,
  -0.9707139185674892, 0.0]
- [0.0, 0.0, 1.0, -0.9708764944565356, 0.23958053450100816, 0.0, -0.23958053450100816,
  -0.9708764944565356, 0.0]
- [0.0, 0.0, 1.0, -0.9708777527255117, 0.23957543543247564, 0.0, -0.23957543543247564,
  -0.9708777527255117, 0.0]
- [0.0, 0.0, 1.0, -0.9709558997983709, 0.2392585226209006, 0.0, -0.2392585226209006,
  -0.9709558997983709, 0.0]
- [0.0, 0.0, 1.0, -0.9715018831526708, 0.23703183547957066, 0.0, -0.23703183547957066,
  -0.9715018831526708, 0.0]
- [0.0, 0.0, 1.0, -0.9715574018403241, 0.2368041699997676, 0.0, -0.2368041699997676,
  -0.9715574018403241, 0.0]
- [0.0, 0.0, 1.0, -0.9715826487011469, 0.23670056346123025, 0.0, -0.23670056346123025,
  -0.9715826487011469, 0.0]
- [0.0, 0.0, 1.0, -0.9722338792900664, 0.23401129024170678, 0.0, -0.23401129024170678,
  -0.9722338792900664, 0.0]
- [0.0, 0.0, 1.0, -0.972664202153523, 0.2322161705158591, 0.0, -0.2322161705158591,
  -0.972664202153523, 0.0]
- [0.0, 0.0, 1.0, -0.9726872438056783, 0.23211963669132607, 0.0, -0.23211963669132607,
  -0.9726872438056783, 0.0]
- [0.0, 0.0, 1.0, -0.9729446323127284, 0.23103840038800835, 0.0, -0.23103840038800835,
  -0.9729446323127284, 0.0]
- [0.0, 0.0, 1.0, -0.9740161008262914, 0.22647877457092488, 0.0, -0.22647877457092488,
  -0.9740161008262914, 0.0]
- [0.0, 0.0, 1.0, -0.9740951474581232, 0.22613854978428027, 0.0, -0.22613854978428027,
  -0.9740951474581232, 0.0]
- [0.0, 0.0, 1.0, -0.9741866468529499, 0.2257440521772522, 0.0, -0.2257440521772522,
  -0.9741866468529499, 0.0]
- [0.0, 0.0, 1.0, -0.9750086517700175, 0.22216689441411522, 0.0, -0.22216689441411522,
  -0.9750086517700175, 0.0]
- [0.0, 0.0, 1.0, -0.9758363014633488, 0.2185028895606013, 0.0, -0.2185028895606013,
  -0.9758363014633488, 0.0]
- [0.0, 0.0, 1.0, -0.9759085151268262, 0.21818013223699675, 0.0, -0.21818013223699675,
  -0.9759085151268262, 0.0]
- [0.0, 0.0, 1.0, -0.9759766934798578, 0.21787494987750108, 0.0, -0.21787494987750108,
  -0.9759766934798578, 0.0]
- [0.0, 0.0, 1.0, -0.977464475111288, 0.21109997606682507, 0.0, -0.21109997606682507,
  -0.977464475111288, 0.0]
- [0.0, 0.0, 1.0, -0.9778072934188325, 0.20950631717668375, 0.0, -0.20950631717668375,
  -0.9778072934188325, 0.0]
- [0.0, 0.0, 1.0, -0.9779094420848257, 0.20902900057490853, 0.0, -0.20902900057490853,
  -0.9779094420848257, 0.0]
- [0.0, 0.0, 1.0, -0.97823089997259, 0.20751941195660845, 0.0, -0.20751941195660845,
  -0.97823089997259, 0.0]
- [0.0, 0.0, 1.0, -0.980061417196623, 0.19869478735625348, 0.0, -0.19869478735625348,
  -0.980061417196623, 0.0]
- [0.0, 0.0, 1.0, -0.9801437912198158, 0.19828804435277023, 0.0, -0.19828804435277023,
  -0.9801437912198158, 0.0]
- [0.0, 0.0, 1.0, -0.980244752526101, 0.1977883341985641, 0.0, -0.1977883341985641,
  -0.980244752526101, 0.0]
- [0.0, 0.0, 1.0, -0.981168197613989, 0.19315529501133552, 0.0, -0.19315529501133552,
  -0.981168197613989, 0.0]
- [0.0, 0.0, 1.0, -0.9825731820559808, 0.18587614667940733, 0.0, -0.18587614667940733,
  -0.9825731820559808, 0.0]
- [0.0, 0.0, 1.0, -0.982697723347568, 0.1852165881542648, 0.0, -0.1852165881542648,
  -0.982697723347568, 0.0]
- [0.0, 0.0, 1.0, -0.9827957784690314, 0.18469558149411822, 0.0, -0.18469558149411822,
  -0.9827957784690314, 0.0]
- [0.0, 0.0, 1.0, -0.9845423798438179, 0.17514651664098713, 0.0, -0.17514651664098713,
  -0.9845423798438179, 0.0]
- [0.0, 0.0, 1.0, -0.9855089989942007, 0.16962314966256303, 0.0, -0.16962314966256303,
  -0.9855089989942007, 0.0]
- [0.0, 0.0, 1.0, -0.9856284273345198, 0.16892780478678227, 0.0, -0.16892780478678227,
  -0.9856284273345198, 0.0]
- [0.0, 0.0, 1.0, -0.985998693462851, 0.1667530404207097, 0.0, -0.1667530404207097,
  -0.985998693462851, 0.0]
- [0.0, 0.0, 1.0, -0.9883167986157645, 0.15241360035733825, 0.0, -0.15241360035733825,
  -0.9883167986157645, 0.0]
- [0.0, 0.0, 1.0, -0.9888064483901431, 0.14920391289128854, 0.0, -0.14920391289128854,
  -0.9888064483901431, 0.0]
- [0.0, 0.0, 1.0, -0.9889382193031517, 0.1483280094975697, 0.0, -0.1483280094975697,
  -0.9889382193031517, 0.0]
- [0.0, 0.0, 1.0, -0.9899207066026515, 0.1416227193613625, 0.0, -0.1416227193613625,
  -0.9899207066026515, 0.0]
- [0.0, 0.0, 1.0, -0.9919381522875516, 0.1267229341372673, 0.0, -0.1267229341372673,
  -0.9919381522875516, 0.0]
- [0.0, 0.0, 1.0, -0.9920833605633748, 0.12558107219354753, 0.0, -0.12558107219354753,
  -0.9920833605633748, 0.0]
- [0.0, 0.0, 1.0, -0.9922427340832843, 0.12431555276363757, 0.0, -0.12431555276363757,
  -0.9922427340832843, 0.0]
- [0.0, 0.0, 1.0, -0.9941954776517579, 0.10758881083455239, 0.0, -0.10758881083455239,
  -0.9941954776517579, 0.0]
- [0.0, 0.0, 1.0, -0.9951047580484738, 0.09882570773482176, 0.0, -0.09882570773482176,
  -0.9951047580484738, 0.0]
- [0.0, 0.0, 1.0, -0.9952162637557503, 0.09769640912564151, 0.0, -0.09769640912564151,
  -0.9952162637557503, 0.0]
- [0.0, 0.0, 1.0, -0.9958249499089231, 0.09128345490224826, 0.0, -0.09128345490224826,
  -0.9958249499089231, 0.0]
- [0.0, 0.0, 1.0, -0.9976605606318375, 0.0683623124226185, 0.0, -0.0683623124226185,
  -0.9976605606318375, 0.0]
- [0.0, 0.0, 1.0, -0.9992136429827969, -0.03964966175199671, 0.0, 0.03964966175199671,
  -0.9992136429827969, 0.0]
- [0.0, 0.0, 1.0, -0.9984146325081058, -0.0562869575808101, 0.0, 0.0562869575808101,
  -0.9984146325081058, 0.0]
- [0.0, 0.0, 1.0, -0.9989273918767957, 0.04630405768637096, 0.0, -0.04630405768637096,
  -0.9989273918767957, 0.0]
- [0.0, 0.0, 1.0, -0.9995220157574778, 0.030915045141616943, 0.0, -0.030915045141616943,
  -0.9995220157574778, 0.0]
- [0.0, 0.0, 1.0, -0.9995710981018027, 0.029285147081012035, 0.0, -0.029285147081012035,
  -0.9995710981018027, 0.0]
- [0.0, 0.0, 1.0, -0.9998336156868206, 0.0182411880813492, 0.0, -0.0182411880813492,
  -0.9998336156868206, 0.0]
- [0.0, 0.0, 1.0, -0.9999462112784047, -0.010371815172088902, 0.0, 0.010371815172088902,
  -0.9999462112784047, 0.0]
- [0.0, 0.0, 1.0, -0.999907284305401, -0.01361700381869312, 0.0, 0.01361700381869312,
  -0.999907284305401, 0.0]
- [0.0, 0.0, 1.0, -0.9997457394596634, -0.022548978519012754, 0.0, 0.022548978519012754,
  -0.9997457394596634, 0.0]
- [0.0, 0.0, 1.0, -0.9984348821477039, -0.055926613617315754, 0.0, 0.055926613617315754,
  -0.9984348821477039, 0.0]
- [0.0, 0.0, 1.0, -0.9980571634025193, -0.06230488408557505, 0.0, 0.06230488408557505,
  -0.9980571634025193, 0.0]
- [0.0, 0.0, 1.0, -0.9977696704985225, -0.06675091484968505, 0.0, 0.06675091484968505,
  -0.9977696704985225, 0.0]
- [0.0, 0.0, 1.0, -0.9934996504007969, -0.11383516439788892, 0.0, 0.11383516439788892,
  -0.9934996504007969, 0.0]
- [0.0, 0.0, 1.0, -0.9931605716581687, -0.11675649405330472, 0.0, 0.11675649405330472,
  -0.9931605716581687, 0.0]
- [0.0, 0.0, 1.0, -0.9914582041652866, -0.13042480359711045, 0.0, 0.13042480359711045,
  -0.9914582041652866, 0.0]
- [0.0, 0.0, 1.0, -0.9850320074459771, -0.17237152986194856, 0.0, 0.17237152986194856,
  -0.9850320074459771, 0.0]
- [0.0, 0.0, 1.0, -0.9838204698408762, -0.179157146444337, 0.0, 0.179157146444337,
  -0.9838204698408762, 0.0]
- [0.0, 0.0, 1.0, -0.9808562537493942, -0.19473317509018373, 0.0, 0.19473317509018373,
  -0.9808562537493942, 0.0]
- [0.0, 0.0, 1.0, -0.9934797723499406, -0.11400851692531613, 0.0, 0.11400851692531613,
  -0.9934797723499406, 0.0]
- [0.0, 0.0, 1.0, -0.9899194916082846, -0.1416312117225418, 0.0, 0.1416312117225418,
  -0.9899194916082846, 0.0]
- [0.0, 0.0, 1.0, -0.9632345863360936, -0.26866174213299265, 0.0, 0.26866174213299265,
  -0.9632345863360936, 0.0]
- [0.0, 0.0, 1.0, -0.9501578927883607, -0.31176911131794655, 0.0, 0.31176911131794655,
  -0.9501578927883607, 0.0]
- [0.0, 0.0, 1.0, -0.9491322498076814, -0.3148777101908122, 0.0, 0.3148777101908122,
  -0.9491322498076814, 0.0]
- [0.0, 0.0, 1.0, -0.9291093906431732, -0.3698050029659837, 0.0, 0.3698050029659837,
  -0.9291093906431732, 0.0]
- [0.0, 0.0, 1.0, -0.9230213499439094, -0.38474873300340223, 0.0, 0.38474873300340223,
  -0.9230213499439094, 0.0]
- [0.0, 0.0, 1.0, -0.9095825316429298, -0.4155233063620362, 0.0, 0.4155233063620362,
  -0.9095825316429298, 0.0]
- [0.0, 0.0, 1.0, -0.8901259260450595, -0.4557146429317641, 0.0, 0.4557146429317641,
  -0.8901259260450595, 0.0]
- [0.0, 0.0, 1.0, -0.882311505735819, -0.47066591850928824, 0.0, 0.47066591850928824,
  -0.882311505735819, 0.0]
- [0.0, 0.0, 1.0, -0.8497431909051321, -0.5271968413319302, 0.0, 0.5271968413319302,
  -0.8497431909051321, 0.0]
- [0.0, 0.0, 1.0, -0.844697337077941, -0.5352442514716389, 0.0, 0.5352442514716389,
  -0.844697337077941, 0.0]
- [0.0, 0.0, 1.0, -0.7996559217312181, -0.6004584971837738, 0.0, 0.6004584971837738,
  -0.7996559217312181, 0.0]
- [0.0, 0.0, 1.0, -0.7878687661956125, -0.6158431677411087, 0.0, 0.6158431677411087,
  -0.7878687661956125, 0.0]
- [0.0, 0.0, 1.0, -0.7423750086856652, -0.6699845867473062, 0.0, 0.6699845867473062,
  -0.7423750086856652, 0.0]
- [0.0, 0.0, 1.0, -0.7171064523530652, -0.6969636547149364, 0.0, 0.6969636547149364,
  -0.7171064523530652, 0.0]
- [0.0, 0.0, 1.0, -0.6604702708526757, -0.750852196720362, 0.0, 0.750852196720362,
  -0.6604702708526757, 0.0]
- [0.0, 0.0, 1.0, -0.731345364062893, -0.6820073008873986, 0.0, 0.6820073008873986,
  -0.731345364062893, 0.0]
- [0.0, 0.0, 1.0, -0.6927114841053498, -0.7212148083536304, 0.0, 0.7212148083536304,
  -0.6927114841053498, 0.0]
- [0.0, 0.0, 1.0, -0.4603774785072926, -0.8877232548960668, 0.0, 0.8877232548960668,
  -0.4603774785072926, 0.0]
- [0.0, 0.0, 1.0, -0.38844154627099486, -0.921473366479248, 0.0, 0.921473366479248,
  -0.38844154627099486, 0.0]
- [0.0, 0.0, 1.0, -0.27208787403168666, -0.962272408834898, 0.0, 0.962272408834898,
  -0.27208787403168666, 0.0]
- [0.0, 0.0, 1.0, -0.13405013748459568, -0.9909745509549481, 0.0, 0.9909745509549481,
  -0.13405013748459568, 0.0]
- [0.0, 0.0, 1.0, -0.008267510835378506, -0.9999658235482785, 0.0, 0.9999658235482785,
  -0.008267510835378506, 0.0]
- [0.0, 0.0, 1.0, 0.16018848849597025, -0.9870864441138761, 0.0, 0.9870864441138761,
  0.16018848849597025, 0.0]
- [0.0, 0.0, 1.0, 0.3089200232825542, -0.9510880186476466, 0.0, 0.9510880186476466,
  0.3089200232825542, 0.0]
- [0.0, 0.0, 1.0, 0.4287260745898716, -0.9034345316439701, 0.0, 0.9034345316439701,
  0.4287260745898716, 0.0]
- [0.0, 0.0, 1.0, 0.513265747697528, -0.8582297316223072, 0.0, 0.8582297316223072,
  0.513265747697528, 0.0]
- [0.0, 0.0, 1.0, 0.7110924488151223, -0.7030985202929334, 0.0, 0.7030985202929334,
  0.7110924488151223, 0.0]
- [0.0, 0.0, 1.0, 0.7667192219841562, -0.6419825812590324, 0.0, 0.6419825812590324,
  0.7667192219841562, 0.0]
- [0.0, 0.0, 1.0, 0.685002434535371, -0.7285407776374736, 0.0, 0.7285407776374736,
  0.685002434535371, 0.0]
- [0.0, 0.0, 1.0, 0.7356823427655581, -0.6773267236297266, 0.0, 0.6773267236297266,
  0.7356823427655581, 0.0]
- [0.0, 0.0, 1.0, 0.757098031502985, -0.6533012863100034, 0.0, 0.6533012863100034,
  0.757098031502985, 0.0]
- [0.0, 0.0, 1.0, 0.7930856603592495, -0.6091101175752486, 0.0, 0.6091101175752486,
  0.7930856603592495, 0.0]
- [0.0, 0.0, 1.0, 0.8104194837802978, -0.5858500322687331, 0.0, 0.5858500322687331,
  0.8104194837802978, 0.0]
- [0.0, 0.0, 1.0, 0.8390187819554963, -0.5441024568276782, 0.0, 0.5441024568276782,
  0.8390187819554963, 0.0]
- [0.0, 0.0, 1.0, 0.8504812057637733, -0.5260054359439629, 0.0, 0.5260054359439629,
  0.8504812057637733, 0.0]
- [0.0, 0.0, 1.0, 0.8764289851989152, -0.4815311349260808, 0.0, 0.4815311349260808,
  0.8764289851989152, 0.0]
- [0.0, 0.0, 1.0, 0.8829572809475914, -0.46945334168758035, 0.0, 0.46945334168758035,
  0.8829572809475914, 0.0]
- [0.0, 0.0, 1.0, 0.9058079444560947, -0.4236885268215609, 0.0, 0.4236885268215609,
  0.9058079444560947, 0.0]
- [0.0, 0.0, 1.0, 0.9123514810425903, -0.4094078346091974, 0.0, 0.4094078346091974,
  0.9123514810425903, 0.0]
- [0.0, 0.0, 1.0, 0.9263330267814961, -0.3767056191428951, 0.0, 0.3767056191428951,
  0.9263330267814961, 0.0]
- [0.0, 0.0, 1.0, 0.9391124277218615, -0.34361002327980994, 0.0, 0.34361002327980994,
  0.9391124277218615, 0.0]
- [0.0, 0.0, 1.0, 0.9419422966581124, -0.33577479024852436, 0.0, 0.33577479024852436,
  0.9419422966581124, 0.0]
- [0.0, 0.0, 1.0, 0.9816955905508061, -0.19045673391377835, 0.0, 0.19045673391377835,
  0.9816955905508061, 0.0]
- [0.0, 0.0, 1.0, 0.9839250311171942, -0.17858200676727884, 0.0, 0.17858200676727884,
  0.9839250311171942, 0.0]
- [0.0, 0.0, 1.0, 0.9662639419810432, -0.25755386703999494, 0.0, 0.25755386703999494,
  0.9662639419810432, 0.0]
- [0.0, 0.0, 1.0, 0.9775167293364367, -0.21085787599090394, 0.0, 0.21085787599090394,
  0.9775167293364367, 0.0]
- [0.0, 0.0, 1.0, 0.9781249441923546, -0.20801825292195653, 0.0, 0.20801825292195653,
  0.9781249441923546, 0.0]
- [0.0, 0.0, 1.0, 0.9836799846394947, -0.1799268957650398, 0.0, 0.1799268957650398,
  0.9836799846394947, 0.0]
- [0.0, 0.0, 1.0, 0.9891993481626707, -0.1465764291915565, 0.0, 0.1465764291915565,
  0.9891993481626707, 0.0]
- [0.0, 0.0, 1.0, 0.9895771420674511, -0.14400374959568152, 0.0, 0.14400374959568152,
  0.9895771420674511, 0.0]
- [0.0, 0.0, 1.0, 0.9936261929813188, -0.11272527942503006, 0.0, 0.11272527942503006,
  0.9936261929813188, 0.0]
- [0.0, 0.0, 1.0, 0.9963887844800389, -0.08490812777579525, 0.0, 0.08490812777579525,
  0.9963887844800389, 0.0]
- [0.0, 0.0, 1.0, 0.9966123825150701, -0.08224207571332053, 0.0, 0.08224207571332053,
  0.9966123825150701, 0.0]
- [0.0, 0.0, 1.0, 0.9984858985498184, -0.055008275715220864, 0.0, 0.055008275715220864,
  0.9984858985498184, 0.0]
- [0.0, 0.0, 1.0, 0.9996592521110454, -0.02610325015750184, 0.0, 0.02610325015750184,
  0.9996592521110454, 0.0]
- [0.0, 0.0, 1.0, 0.9997231143610854, -0.023530716354844845, 0.0, 0.023530716354844845,
  0.9997231143610854, 0.0]
- [0.0, 0.0, 1.0, 0.9999880522645734, -0.0048882847814738254, 0.0, 0.0048882847814738254,
  0.9999880522645734, 0.0]
- [0.0, 0.0, 1.0, 0.9995449015970729, 0.030166035392434988, 0.0, -0.030166035392434988,
  0.9995449015970729, 0.0]
- [0.0, 0.0, 1.0, 0.9994525272523598, 0.0330854313689755, 0.0, -0.0330854313689755,
  0.9994525272523598, 0.0]
- [0.0, 0.0, 1.0, 0.9996623202960325, -0.025985484031520078, 0.0, 0.025985484031520078,
  0.9996623202960325, 0.0]
- [0.0, 0.0, 1.0, 0.9998955508939219, -0.014452934046083622, 0.0, 0.014452934046083622,
  0.9998955508939219, 0.0]
- [0.0, 0.0, 1.0, 0.996154427521304, 0.08761481912155754, 0.0, -0.08761481912155754,
  0.996154427521304, 0.0]
- [0.0, 0.0, 1.0, 0.9952750918400716, 0.097095270547732, 0.0, -0.097095270547732,
  0.9952750918400716, 0.0]
- [0.0, 0.0, 1.0, 0.9912283930115846, 0.13216002757139386, 0.0, -0.13216002757139386,
  0.9912283930115846, 0.0]
- [0.0, 0.0, 1.0, 0.990208955226879, 0.13959306927098053, 0.0, -0.13959306927098053,
  0.990208955226879, 0.0]
- [0.0, 0.0, 1.0, 0.9899146911607722, 0.14166475999370023, 0.0, -0.14166475999370023,
  0.9899146911607722, 0.0]
- [0.0, 0.0, 1.0, 0.9863896766566633, 0.1644244683286622, 0.0, -0.1644244683286622,
  0.9863896766566633, 0.0]
- [0.0, 0.0, 1.0, 0.982069284929766, 0.1885203426623715, 0.0, -0.1885203426623715,
  0.982069284929766, 0.0]
- [0.0, 0.0, 1.0, 0.9817106088909229, 0.19037930662499378, 0.0, -0.19037930662499378,
  0.9817106088909229, 0.0]
- [0.0, 0.0, 1.0, 0.9809017514147741, 0.19450386646909845, 0.0, -0.19450386646909845,
  0.9809017514147741, 0.0]
- [0.0, 0.0, 1.0, 0.9744265419853078, 0.2247062844571893, 0.0, -0.2247062844571893,
  0.9744265419853078, 0.0]
- [0.0, 0.0, 1.0, 0.9718946833517663, 0.23541606672563758, 0.0, -0.23541606672563758,
  0.9718946833517663, 0.0]
- [0.0, 0.0, 1.0, 0.9714802043641457, 0.2371206708167754, 0.0, -0.2371206708167754,
  0.9714802043641457, 0.0]
- [0.0, 0.0, 1.0, 0.9693651053650894, 0.24562429134865532, 0.0, -0.24562429134865532,
  0.9693651053650894, 0.0]
- [0.0, 0.0, 1.0, 0.9619784602315145, 0.27312532297574443, 0.0, -0.27312532297574443,
  0.9619784602315145, 0.0]
- [0.0, 0.0, 1.0, 0.9606063581106451, 0.2779126207234983, 0.0, -0.2779126207234983,
  0.9606063581106451, 0.0]
- [0.0, 0.0, 1.0, 0.9601372596504711, 0.27952896563841756, 0.0, -0.27952896563841756,
  0.9601372596504711, 0.0]
- [0.0, 0.0, 1.0, 0.9569640734281241, 0.2902064130370863, 0.0, -0.2902064130370863,
  0.9569640734281241, 0.0]
- [0.0, 0.0, 1.0, 0.9501934325166197, 0.3116607784150648, 0.0, -0.3116607784150648,
  0.9501934325166197, 0.0]
- [0.0, 0.0, 1.0, 0.9495093333076626, 0.31373878619265133, 0.0, -0.31373878619265133,
  0.9495093333076626, 0.0]
- [0.0, 0.0, 1.0, 0.9491368757785305, 0.3148637658374975, 0.0, -0.3148637658374975,
  0.9491368757785305, 0.0]
- [0.0, 0.0, 1.0, 0.9456299932868866, 0.32524439395052285, 0.0, -0.32524439395052285,
  0.9456299932868866, 0.0]
- [0.0, 0.0, 1.0, 0.9404126676946544, 0.34003531351820404, 0.0, -0.34003531351820404,
  0.9404126676946544, 0.0]
- [0.0, 0.0, 1.0, 0.9400716981813027, 0.34097683539871415, 0.0, -0.34097683539871415,
  0.9400716981813027, 0.0]
- [0.0, 0.0, 1.0, 0.9398322931064984, 0.341636152703693, 0.0, -0.341636152703693,
  0.9398322931064984, 0.0]
- [0.0, 0.0, 1.0, 0.9368900773523052, 0.34962405946786823, 0.0, -0.34962405946786823,
  0.9368900773523052, 0.0]
- [0.0, 0.0, 1.0, 0.9338879866649852, 0.35756569796726956, 0.0, -0.35756569796726956,
  0.9338879866649852, 0.0]
- [0.0, 0.0, 1.0, 0.9337233223435505, 0.3579954710771103, 0.0, -0.3579954710771103,
  0.9337233223435505, 0.0]
- [0.0, 0.0, 1.0, 0.9336241159573395, 0.3582541138673446, 0.0, -0.3582541138673446,
  0.9336241159573395, 0.0]
- [0.0, 0.0, 1.0, 0.9324633066030021, 0.36126469774805786, 0.0, -0.36126469774805786,
  0.9324633066030021, 0.0]
- [0.0, 0.0, 1.0, 0.9317124531731897, 0.3631967849554793, 0.0, -0.3631967849554793,
  0.9317124531731897, 0.0]
- [0.0, 0.0, 1.0, 0.9317128913313291, 0.363195660941888, 0.0, -0.363195660941888,
  0.9317128913313291, 0.0]
- [0.0, 0.0, 1.0, 0.9319124416044088, 0.3626833345811597, 0.0, -0.3626833345811597,
  0.9319124416044088, 0.0]
- [0.0, 0.0, 1.0, 0.933465996331043, 0.3586659081843342, 0.0, -0.3586659081843342,
  0.933465996331043, 0.0]
- [0.0, 0.0, 1.0, 0.9343741235756052, 0.35629341446667195, 0.0, -0.35629341446667195,
  0.9343741235756052, 0.0]
- [0.0, 0.0, 1.0, 0.9346457445328865, 0.3555802753620708, 0.0, -0.3555802753620708,
  0.9346457445328865, 0.0]
- [0.0, 0.0, 1.0, 0.9355412418945791, 0.3532174750976353, 0.0, -0.3532174750976353,
  0.9355412418945791, 0.0]
- [0.0, 0.0, 1.0, 0.9402297887450112, 0.340540664761951, 0.0, -0.340540664761951,
  0.9402297887450112, 0.0]
- [0.0, 0.0, 1.0, 0.9416631485726086, 0.33655685198836993, 0.0, -0.33655685198836993,
  0.9416631485726086, 0.0]
- [0.0, 0.0, 1.0, 0.9420254760570377, 0.33554135730117, 0.0, -0.33554135730117, 0.9420254760570377,
  0.0]
- [0.0, 0.0, 1.0, 0.9450679920149176, 0.32687381429060913, 0.0, -0.32687381429060913,
  0.9450679920149176, 0.0]
- [0.0, 0.0, 1.0, 0.9514151003864704, 0.3079111994660189, 0.0, -0.3079111994660189,
  0.9514151003864704, 0.0]
- [0.0, 0.0, 1.0, 0.9522246970416016, 0.3053983076967357, 0.0, -0.3053983076967357,
  0.9522246970416016, 0.0]
- [0.0, 0.0, 1.0, 0.952988441248174, 0.3030066514903191, 0.0, -0.3030066514903191,
  0.952988441248174, 0.0]
- [0.0, 0.0, 1.0, 0.959876112000395, 0.28042440979879957, 0.0, -0.28042440979879957,
  0.959876112000395, 0.0]
- [0.0, 0.0, 1.0, 0.9634150431549962, 0.2680139075172347, 0.0, -0.2680139075172347,
  0.9634150431549962, 0.0]
