nodes:
- [2.44238941 0.01229143 0.00000000]
- [2.41207564 0.01690576 0.00000000]
- [2.37746679 0.02413075 0.00000000]
- [2.34285522 0.03134437 0.00000000]
- [2.30824351 0.03855531 0.00000000]
- [2.27362636 0.04575155 0.00000000]
- [2.23900673 0.05296799 0.00000000]
- [2.20439503 0.06022988 0.00000000]
- [2.16978619 0.06752559 0.00000000]
- [2.13519671 0.07490463 0.00000000]
- [2.10061371 0.08230064 0.00000000]
- [2.06604048 0.08975511 0.00000000]
- [2.03148085 0.09725149 0.00000000]
- [1.99692204 0.10476532 0.00000000]
- [1.96237831 0.11234874 0.00000000]
- [1.92784429 0.11994878 0.00000000]
- [1.89331120 0.12756448 0.00000000]
- [1.85878744 0.13522071 0.00000000]
- [1.82426863 0.14288816 0.00000000]
- [1.78975121 0.15057475 0.00000000]
- [1.75524338 0.15829854 0.00000000]
- [1.72074184 0.16602830 0.00000000]
- [1.68623698 0.17375154 0.00000000]
- [1.65069714 0.17687143 0.00000000]
- [1.61535016 0.17995099 0.00000000]
- [1.58104021 0.18764487 0.00000000]
- [1.54673116 0.19533871 0.00000000]
- [1.51242052 0.20301574 0.00000000]
- [1.47811028 0.21068387 0.00000000]
- [1.44380382 0.21832411 0.00000000]
- [1.40948403 0.22591717 0.00000000]
- [1.37606544 0.23329599 0.00000000]
- [1.34265371 0.24064222 0.00000000]
- [1.30922861 0.24791999 0.00000000]
- [1.27578959 0.25516339 0.00000000]
- [1.24233994 0.26236361 0.00000000]
- [1.20890373 0.26952882 0.00000000]
- [1.17544480 0.27656925 0.00000000]
- [1.14195220 0.28356942 0.00000000]
- [1.10846816 0.29053974 0.00000000]
- [1.07499397 0.29740133 0.00000000]
- [1.04147595 0.30411409 0.00000000]
- [1.00791980 0.31078270 0.00000000]
- [0.97438837 0.31740675 0.00000000]
- [0.94084705 0.32384620 0.00000000]
- [0.90724592 0.33015323 0.00000000]
- [0.87361662 0.33641810 0.00000000]
- [0.84003099 0.34261286 0.00000000]
- [0.80641302 0.34853857 0.00000000]
- [0.77271854 0.35435102 0.00000000]
- [0.73901355 0.36011851 0.00000000]
- [0.70535871 0.36576227 0.00000000]
- [0.67164653 0.37108396 0.00000000]
- [0.63785668 0.37632217 0.00000000]
- [0.60408918 0.38148524 0.00000000]
- [0.57036024 0.38641094 0.00000000]
- [0.53654059 0.39098222 0.00000000]
- [0.50264483 0.39549528 0.00000000]
- [0.46882264 0.39990638 0.00000000]
- [0.43499295 0.40390097 0.00000000]
- [0.40105563 0.40764117 0.00000000]
- [0.36706830 0.41128264 0.00000000]
- [0.33321275 0.41480203 0.00000000]
- [0.29886327 0.41237376 0.00000000]
- [0.26556955 0.40974428 0.00000000]
- [0.23280363 0.41227300 0.00000000]
- [0.20019836 0.41443032 0.00000000]
- [0.16553687 0.41614348 0.00000000]
- [0.13070403 0.41773256 0.00000000]
- [0.09618474 0.41914882 0.00000000]
- [0.06164843 0.41962459 0.00000000]
- [0.02680698 0.41992382 0.00000000]
- [-0.00778792 0.42004534 0.00000000]
- [-0.04225439 0.41936301 0.00000000]
- [-0.07694971 0.41819741 0.00000000]
- [-0.11155001 0.41683422 0.00000000]
- [-0.14590914 0.41478440 0.00000000]
- [-0.18041221 0.41200871 0.00000000]
- [-0.21490607 0.40901791 0.00000000]
- [-0.24909062 0.40536255 0.00000000]
- [-0.28334898 0.40087383 0.00000000]
- [-0.31756265 0.39612169 0.00000000]
- [-0.35142262 0.39057318 0.00000000]
- [-0.38535293 0.38416185 0.00000000]
- [-0.41912267 0.37748037 0.00000000]
- [-0.45250587 0.36975214 0.00000000]
- [-0.48599855 0.36129860 0.00000000]
- [-0.51908599 0.35251883 0.00000000]
- [-0.55177828 0.34233776 0.00000000]
- [-0.58454758 0.33171444 0.00000000]
- [-0.61339309 0.32148816 0.00000000]
- [-0.64212532 0.31028197 0.00000000]
- [-0.67263892 0.30372128 0.00000000]
- [-0.70608896 0.29427164 0.00000000]
- [-0.73719192 0.27930652 0.00000000]
- [-0.76756361 0.26311671 0.00000000]
- [-0.79737379 0.24599903 0.00000000]
- [-0.82629616 0.22753797 0.00000000]
- [-0.85753827 0.21230335 0.00000000]
- [-0.88783521 0.19512653 0.00000000]
- [-0.91410481 0.17268200 0.00000000]
- [-0.93854760 0.14844321 0.00000000]
- [-0.96088687 0.12236726 0.00000000]
- [-0.98066963 0.09445983 0.00000000]
- [-0.99665246 0.06452682 0.00000000]
- [-1.00695482 0.03249500 0.00000000]
- [-1.01038925 -0.00062951 0.00000000]
- [-1.00542886 -0.03331728 0.00000000]
- [-0.99164063 -0.06363067 0.00000000]
- [-0.97216037 -0.09134779 0.00000000]
- [-0.94915042 -0.11669614 0.00000000]
- [-0.92391360 -0.14013495 0.00000000]
- [-0.89718584 -0.16203799 0.00000000]
- [-0.86935508 -0.18260345 0.00000000]
- [-0.83760241 -0.19737316 0.00000000]
- [-0.80723355 -0.21026510 0.00000000]
- [-0.77898792 -0.22641310 0.00000000]
- [-0.75037927 -0.24201122 0.00000000]
- [-0.72122007 -0.25652686 0.00000000]
- [-0.69167367 -0.27045597 0.00000000]
- [-0.66183615 -0.28356140 0.00000000]
- [-0.63150558 -0.29581428 0.00000000]
- [-0.59928680 -0.30268784 0.00000000]
- [-0.55297463 -0.31301666 0.00000000]
- [-0.52015781 -0.32374971 0.00000000]
- [-0.48695744 -0.33321818 0.00000000]
- [-0.45333012 -0.34226243 0.00000000]
- [-0.41980103 -0.35068793 0.00000000]
- [-0.38592639 -0.35800928 0.00000000]
- [-0.35180792 -0.36500806 0.00000000]
- [-0.31780490 -0.37125327 0.00000000]
- [-0.28345913 -0.37652935 0.00000000]
- [-0.24897573 -0.38154552 0.00000000]
- [-0.21462457 -0.38577200 0.00000000]
- [-0.17998049 -0.38915860 0.00000000]
- [-0.14523985 -0.39228121 0.00000000]
- [-0.11068042 -0.39470124 0.00000000]
- [-0.07589256 -0.39627297 0.00000000]
- [-0.04096195 -0.39760570 0.00000000]
- [-0.00632432 -0.39840679 0.00000000]
- [0.02844217 -0.39819039 0.00000000]
- [0.06348032 -0.39774262 0.00000000]
- [0.09817417 -0.39697783 0.00000000]
- [0.13283192 -0.39512839 0.00000000]
- [0.16781146 -0.39294608 0.00000000]
- [0.20255902 -0.39055589 0.00000000]
- [0.23708659 -0.38731292 0.00000000]
- [0.27136857 -0.38350011 0.00000000]
- [0.30570275 -0.37946497 0.00000000]
- [0.33970646 -0.37507250 0.00000000]
- [0.37446806 -0.37498160 0.00000000]
- [0.40928818 -0.37460439 0.00000000]
- [0.44314711 -0.36885067 0.00000000]
- [0.47676538 -0.36246975 0.00000000]
- [0.51037769 -0.35540714 0.00000000]
- [0.54408150 -0.34816463 0.00000000]
- [0.57756953 -0.34080949 0.00000000]
- [0.61080985 -0.33257415 0.00000000]
- [0.64416094 -0.32398722 0.00000000]
- [0.67749969 -0.31526007 0.00000000]
- [0.71063311 -0.30635953 0.00000000]
- [0.74357750 -0.29672356 0.00000000]
- [0.77662963 -0.28689334 0.00000000]
- [0.80962482 -0.27695607 0.00000000]
- [0.84247019 -0.26679960 0.00000000]
- [0.87521819 -0.25621482 0.00000000]
- [0.90801619 -0.24549962 0.00000000]
- [0.94077202 -0.23471185 0.00000000]
- [0.97344011 -0.22376382 0.00000000]
- [1.00606749 -0.21260347 0.00000000]
- [1.03871752 -0.20137111 0.00000000]
- [1.07136621 -0.19010484 0.00000000]
- [1.10401651 -0.17881564 0.00000000]
- [1.13667226 -0.16752886 0.00000000]
- [1.16933257 -0.15623690 0.00000000]
- [1.20205557 -0.14495354 0.00000000]
- [1.23486995 -0.13387826 0.00000000]
- [1.26767941 -0.12291821 0.00000000]
- [1.30051863 -0.11200903 0.00000000]
- [1.33351707 -0.10121340 0.00000000]
- [1.36666993 -0.09092466 0.00000000]
- [1.39976343 -0.08079066 0.00000000]
- [1.43323275 -0.07066008 0.00000000]
- [1.46693071 -0.06097494 0.00000000]
- [1.50068508 -0.05179571 0.00000000]
- [1.53440904 -0.04277952 0.00000000]
- [1.56839370 -0.03391030 0.00000000]
- [1.60261921 -0.02604702 0.00000000]
- [1.63771392 -0.02303773 0.00000000]
- [1.67341512 -0.02011116 0.00000000]
- [1.70832910 -0.01358462 0.00000000]
- [1.74324689 -0.00755987 0.00000000]
- [1.77824773 -0.00175803 0.00000000]
- [1.81341767 0.00314352 0.00000000]
- [1.84859561 0.00748109 0.00000000]
- [1.88383568 0.01155616 0.00000000]
- [1.91918748 0.01478958 0.00000000]
- [1.95452256 0.01749649 0.00000000]
- [1.98993851 0.01995733 0.00000000]
- [2.02542562 0.02130377 0.00000000]
- [2.06086876 0.02229080 0.00000000]
- [2.09638409 0.02268946 0.00000000]
- [2.13187232 0.02213126 0.00000000]
- [2.16736049 0.02124375 0.00000000]
- [2.20281846 0.01933758 0.00000000]
- [2.23822025 0.01699114 0.00000000]
- [2.27357852 0.01392926 0.00000000]
- [2.30886554 0.01030515 0.00000000]
- [2.34408526 0.00615662 0.00000000]
- [2.37922042 0.00153072 0.00000000]
- [2.41428081 -0.00337338 0.00000000]
- [2.44330051 -0.01017000 0.00000000]
- [1.40084350 -0.04671201 0.00000000]
- [1.40192356 -0.01263337 0.00000000]
- [1.40300363 0.02144528 0.00000000]
- [1.40408370 0.05552393 0.00000000]
- [1.40516376 0.08960258 0.00000000]
- [1.40624383 0.12368123 0.00000000]
- [1.40732389 0.15775987 0.00000000]
- [1.40840396 0.19183852 0.00000000]
- [-0.55463636 -0.27908344 0.00000000]
- [-0.55629810 -0.24515023 0.00000000]
- [-0.55795983 -0.21121701 0.00000000]
- [-0.55962157 -0.17728380 0.00000000]
- [-0.56128330 -0.14335058 0.00000000]
- [-0.56294503 -0.10941737 0.00000000]
- [-0.56460677 -0.07548415 0.00000000]
- [-0.56626850 -0.04155093 0.00000000]
- [-0.56793024 -0.00761772 0.00000000]
- [-0.56959197 0.02631550 0.00000000]
- [-0.57125370 0.06024871 0.00000000]
- [-0.57291544 0.09418193 0.00000000]
- [-0.57457717 0.12811514 0.00000000]
- [-0.57623891 0.16204836 0.00000000]
- [-0.57790064 0.19598157 0.00000000]
- [-0.57956237 0.22991479 0.00000000]
- [-0.58122411 0.26384801 0.00000000]
- [-0.58288584 0.29778122 0.00000000]
- [0.23548276 -0.35245452 0.00000000]
- [0.23387892 -0.31759612 0.00000000]
- [0.23227509 -0.28273772 0.00000000]
- [0.23067125 -0.24787932 0.00000000]
- [0.22906741 -0.21302091 0.00000000]
- [0.22746358 -0.17816251 0.00000000]
- [0.22585974 -0.14330411 0.00000000]
- [0.22425591 -0.10844571 0.00000000]
- [0.22265207 -0.07358731 0.00000000]
- [0.22104823 -0.03872891 0.00000000]
- [0.21944440 -0.00387050 0.00000000]
- [0.21784056 0.03098790 0.00000000]
- [0.21623672 0.06584630 0.00000000]
- [0.21463289 0.10070470 0.00000000]
- [0.21302905 0.13556310 0.00000000]
- [0.21142522 0.17042150 0.00000000]
- [0.20982138 0.20527991 0.00000000]
- [0.20821754 0.24013831 0.00000000]
- [0.20661371 0.27499671 0.00000000]
- [0.20500987 0.30985511 0.00000000]
- [0.20340604 0.34471351 0.00000000]
- [0.20180220 0.37957192 0.00000000]
elements:
- [1 2]
- [2 3]
- [3 4]
- [4 5]
- [5 6]
- [6 7]
- [7 8]
- [8 9]
- [9 10]
- [10 11]
- [11 12]
- [12 13]
- [13 14]
- [14 15]
- [15 16]
- [16 17]
- [17 18]
- [18 19]
- [19 20]
- [20 21]
- [21 22]
- [22 23]
- [23 24]
- [24 25]
- [25 26]
- [26 27]
- [27 28]
- [28 29]
- [29 30]
- [30 31]
- [31 32]
- [32 33]
- [33 34]
- [34 35]
- [35 36]
- [36 37]
- [37 38]
- [38 39]
- [39 40]
- [40 41]
- [41 42]
- [42 43]
- [43 44]
- [44 45]
- [45 46]
- [46 47]
- [47 48]
- [48 49]
- [49 50]
- [50 51]
- [51 52]
- [52 53]
- [53 54]
- [54 55]
- [55 56]
- [56 57]
- [57 58]
- [58 59]
- [59 60]
- [60 61]
- [61 62]
- [62 63]
- [63 64]
- [64 65]
- [65 66]
- [66 67]
- [67 68]
- [68 69]
- [69 70]
- [70 71]
- [71 72]
- [72 73]
- [73 74]
- [74 75]
- [75 76]
- [76 77]
- [77 78]
- [78 79]
- [79 80]
- [80 81]
- [81 82]
- [82 83]
- [83 84]
- [84 85]
- [85 86]
- [86 87]
- [87 88]
- [88 89]
- [89 90]
- [90 91]
- [91 92]
- [92 93]
- [93 94]
- [94 95]
- [95 96]
- [96 97]
- [97 98]
- [98 99]
- [99 100]
- [100 101]
- [101 102]
- [102 103]
- [103 104]
- [104 105]
- [105 106]
- [106 107]
- [107 108]
- [108 109]
- [109 110]
- [110 111]
- [111 112]
- [112 113]
- [113 114]
- [114 115]
- [115 116]
- [116 117]
- [117 118]
- [118 119]
- [119 120]
- [120 121]
- [121 122]
- [122 123]
- [123 124]
- [124 125]
- [125 126]
- [126 127]
- [127 128]
- [128 129]
- [129 130]
- [130 131]
- [131 132]
- [132 133]
- [133 134]
- [134 135]
- [135 136]
- [136 137]
- [137 138]
- [138 139]
- [139 140]
- [140 141]
- [141 142]
- [142 143]
- [143 144]
- [144 145]
- [145 146]
- [146 147]
- [147 148]
- [148 149]
- [149 150]
- [150 151]
- [151 152]
- [152 153]
- [153 154]
- [154 155]
- [155 156]
- [156 157]
- [157 158]
- [158 159]
- [159 160]
- [160 161]
- [161 162]
- [162 163]
- [163 164]
- [164 165]
- [165 166]
- [166 167]
- [167 168]
- [168 169]
- [169 170]
- [170 171]
- [171 172]
- [172 173]
- [173 174]
- [174 175]
- [175 176]
- [176 177]
- [177 178]
- [178 179]
- [179 180]
- [180 181]
- [181 182]
- [182 183]
- [183 184]
- [184 185]
- [185 186]
- [186 187]
- [187 188]
- [188 189]
- [189 190]
- [190 191]
- [191 192]
- [192 193]
- [193 194]
- [194 195]
- [195 196]
- [196 197]
- [197 198]
- [198 199]
- [199 200]
- [200 201]
- [201 202]
- [202 203]
- [203 204]
- [204 205]
- [205 206]
- [206 207]
- [207 208]
- [208 209]
- [209 210]
- [210 211]
- [211 212]
- [212 1]
- [182 213]
- [213 214]
- [214 215]
- [215 216]
- [216 217]
- [217 218]
- [218 219]
- [219 220]
- [220 31]
- [124 221]
- [221 222]
- [222 223]
- [223 224]
- [224 225]
- [225 226]
- [226 227]
- [227 228]
- [228 229]
- [229 230]
- [230 231]
- [231 232]
- [232 233]
- [233 234]
- [234 235]
- [235 236]
- [236 237]
- [237 238]
- [238 90]
- [147 239]
- [239 240]
- [240 241]
- [241 242]
- [242 243]
- [243 244]
- [244 245]
- [245 246]
- [246 247]
- [247 248]
- [248 249]
- [249 250]
- [250 251]
- [251 252]
- [252 253]
- [253 254]
- [254 255]
- [255 256]
- [256 257]
- [257 258]
- [258 259]
- [259 260]
- [260 67]
sets:
  element:
  - name: layup_0
    labels:
    - 1
    - 2
    - 3
    - 4
    - 5
    - 6
    - 7
    - 8
    - 9
    - 10
    - 11
    - 12
    - 13
    - 14
    - 15
    - 16
    - 17
    - 18
    - 19
    - 20
    - 21
    - 22
    - 23
    - 189
    - 190
    - 191
    - 192
    - 193
    - 194
    - 195
    - 196
    - 197
    - 198
    - 199
    - 200
    - 201
    - 202
    - 203
    - 204
    - 205
    - 206
    - 207
    - 208
    - 209
    - 210
    - 211
    - 212
  - name: layup_1
    labels:
    - 24
    - 25
    - 26
    - 27
    - 28
    - 29
    - 30
    - 31
    - 32
    - 33
    - 34
    - 35
    - 36
    - 37
    - 38
    - 39
    - 40
    - 41
    - 42
    - 43
    - 44
    - 45
    - 46
    - 47
    - 48
    - 49
    - 50
    - 51
    - 52
    - 53
    - 54
    - 55
    - 56
    - 57
    - 58
    - 59
    - 60
    - 61
    - 62
    - 63
    - 93
    - 94
    - 95
    - 96
    - 97
    - 98
    - 115
    - 116
    - 117
    - 118
    - 119
    - 120
    - 121
    - 122
    - 151
    - 152
    - 153
    - 154
    - 155
    - 156
    - 157
    - 158
    - 159
    - 160
    - 161
    - 162
    - 163
    - 164
    - 165
    - 166
    - 167
    - 168
    - 169
    - 170
    - 171
    - 172
    - 173
    - 174
    - 175
    - 176
    - 177
    - 178
    - 179
    - 180
    - 181
    - 182
    - 183
    - 184
    - 185
    - 186
    - 187
    - 188
  - name: layup_2
    labels:
    - 64
    - 65
    - 66
    - 67
    - 68
    - 69
    - 70
    - 71
    - 72
    - 73
    - 74
    - 75
    - 76
    - 77
    - 78
    - 79
    - 80
    - 81
    - 82
    - 83
    - 84
    - 85
    - 86
    - 87
    - 88
    - 89
    - 90
    - 91
    - 92
    - 123
    - 124
    - 125
    - 126
    - 127
    - 128
    - 129
    - 130
    - 131
    - 132
    - 133
    - 134
    - 135
    - 136
    - 137
    - 138
    - 139
    - 140
    - 141
    - 142
    - 143
    - 144
    - 145
    - 146
    - 147
    - 148
    - 149
    - 150
  - name: layup_3
    labels:
    - 99
    - 100
    - 101
    - 102
    - 103
    - 104
    - 105
    - 106
    - 107
    - 108
    - 109
    - 110
    - 111
    - 112
    - 113
    - 114
  - name: layup_4
    labels:
    - 213
    - 214
    - 215
    - 216
    - 217
    - 218
    - 219
    - 220
    - 221
  - name: layup_5
    labels:
    - 222
    - 223
    - 224
    - 225
    - 226
    - 227
    - 228
    - 229
    - 230
    - 231
    - 232
    - 233
    - 234
    - 235
    - 236
    - 237
    - 238
    - 239
    - 240
    - 241
    - 242
    - 243
    - 244
    - 245
    - 246
    - 247
    - 248
    - 249
    - 250
    - 251
    - 252
    - 253
    - 254
    - 255
    - 256
    - 257
    - 258
    - 259
    - 260
    - 261
    - 262
    - 263
sections:
- type: shell
  elementSet: layup_0
  layup:
  - - gelcoat
    - 0.0005
    - 0.0
  - - glass_triax
    - 0.003
    - 0.0
  - - glass_uniax
    - 0.00853
    - 0.0
  - - glass_triax
    - 0.003
    - 0.0
- type: shell
  elementSet: layup_1
  layup:
  - - gelcoat
    - 0.0005
    - 0.0
  - - glass_triax
    - 0.003
    - 0.0
  - - medium_density_foam
    - 0.0275
    - 0.0
  - - glass_triax
    - 0.003
    - 0.0
- type: shell
  elementSet: layup_2
  layup:
  - - gelcoat
    - 0.0005
    - 0.0
  - - glass_triax
    - 0.003
    - 0.0
  - - carbon_uniax
    - 0.04864896
    - 0.0
  - - glass_triax
    - 0.003
    - 0.0
- type: shell
  elementSet: layup_3
  layup:
  - - gelcoat
    - 0.0005
    - 0.0
  - - glass_triax
    - 0.003
    - 0.0
  - - glass_uniax
    - 0.006405
    - 0.0
  - - glass_triax
    - 0.003
    - 0.0
- type: shell
  elementSet: layup_4
  layup:
  - - glass_biax
    - 0.002
    - 0.0
  - - medium_density_foam
    - 0.03
    - 0.0
  - - glass_biax
    - 0.002
    - 0.0
- type: shell
  elementSet: layup_5
  layup:
  - - glass_biax
    - 0.002
    - 0.0
  - - medium_density_foam
    - 0.0236
    - 0.0
  - - glass_biax
    - 0.002
    - 0.0
elementOrientations:
- [0.0, 0.0, 1.0, -0.9886122067860961, 0.15048556274116592, 0.0, -0.15048556274116592,
  -0.9886122067860961, 0.0]
- [0.0, 0.0, 1.0, -0.9788967078440972, 0.20435565901630479, 0.0, -0.20435565901630479,
  -0.9788967078440972, 0.0]
- [0.0, 0.0, 1.0, -0.9789641349712183, 0.20403240536751596, 0.0, -0.20403240536751596,
  -0.9789641349712183, 0.0]
- [0.0, 0.0, 1.0, -0.9789794792983383, 0.20395876816835862, 0.0, -0.20395876816835862,
  -0.9789794792983383, 0.0]
- [0.0, 0.0, 1.0, -0.9790688508550218, 0.20352932291300632, 0.0, -0.20352932291300632,
  -0.9790688508550218, 0.0]
- [0.0, 0.0, 1.0, -0.9789577018557606, 0.20406326954473578, 0.0, -0.20406326954473578,
  -0.9789577018557606, 0.0]
- [0.0, 0.0, 1.0, -0.9786908115891024, 0.20533946359885116, 0.0, -0.20533946359885116,
  -0.9786908115891024, 0.0]
- [0.0, 0.0, 1.0, -0.9784948143880863, 0.20627141880450747, 0.0, -0.20627141880450747,
  -0.9784948143880863, 0.0]
- [0.0, 0.0, 1.0, -0.9779931170473763, 0.20863715634554852, 0.0, -0.20863715634554852,
  -0.9779931170473763, 0.0]
- [0.0, 0.0, 1.0, -0.9778871456887468, 0.20913328356986982, 0.0, -0.20913328356986982,
  -0.9778871456887468, 0.0]
- [0.0, 0.0, 1.0, -0.9775355909102883, 0.21077041657612475, 0.0, -0.21077041657612475,
  -0.9775355909102883, 0.0]
- [0.0, 0.0, 1.0, -0.9772735885038307, 0.2119819171836248, 0.0, -0.2119819171836248,
  -0.9772735885038307, 0.0]
- [0.0, 0.0, 1.0, -0.9771702750387883, 0.212457651264008, 0.0, -0.212457651264008,
  -0.9771702750387883, 0.0]
- [0.0, 0.0, 1.0, -0.9767404951892008, 0.2144248237904248, 0.0, -0.2144248237904248,
  -0.9767404951892008, 0.0]
- [0.0, 0.0, 1.0, -0.9766292485410992, 0.21493094447763447, 0.0, -0.21493094447763447,
  -0.9766292485410992, 0.0]
- [0.0, 0.0, 1.0, -0.9765350463561698, 0.21535854577460653, 0.0, -0.21535854577460653,
  -0.9765350463561698, 0.0]
- [0.0, 0.0, 1.0, -0.9762811138519635, 0.21650678219392938, 0.0, -0.21650678219392938,
  -0.9762811138519635, 0.0]
- [0.0, 0.0, 1.0, -0.9762073842607814, 0.2168389792328014, 0.0, -0.2168389792328014,
  -0.9762073842607814, 0.0]
- [0.0, 0.0, 1.0, -0.9760908383499779, 0.21736300349700174, 0.0, -0.21736300349700174,
  -0.9760908383499779, 0.0]
- [0.0, 0.0, 1.0, -0.9758542490666298, 0.21842271992309858, 0.0, -0.21842271992309858,
  -0.9758542490666298, 0.0]
- [0.0, 0.0, 1.0, -0.9758097620942604, 0.2186213809341234, 0.0, -0.2186213809341234,
  -0.9758097620942604, 0.0]
- [0.0, 0.0, 1.0, -0.9758535289548949, 0.21842593716470166, 0.0, -0.21842593716470166,
  -0.9758535289548949, 0.0]
- [0.0, 0.0, 1.0, -0.9961689790519898, 0.08744921483075935, 0.0, -0.08744921483075935,
  -0.9961689790519898, 0.0]
- [0.0, 0.0, 1.0, -0.9962262012901153, 0.08679490689589424, 0.0, -0.08679490689589424,
  -0.9962262012901153, 0.0]
- [0.0, 0.0, 1.0, -0.9757670151419966, 0.21881209326926765, 0.0, -0.21881209326926765,
  -0.9757670151419966, 0.0]
- [0.0, 0.0, 1.0, -0.9757659900490416, 0.2188166645016183, 0.0, -0.2188166645016183,
  -0.9757659900490416, 0.0]
- [0.0, 0.0, 1.0, -0.9758701522378336, 0.2183516566717721, 0.0, -0.2183516566717721,
  -0.9758701522378336, 0.0]
- [0.0, 0.0, 1.0, -0.9759235182040027, 0.21811301340433967, 0.0, -0.21811301340433967,
  -0.9759235182040027, 0.0]
- [0.0, 0.0, 1.0, -0.9760870479402206, 0.21738002402094278, 0.0, -0.21738002402094278,
  -0.9760870479402206, 0.0]
- [0.0, 0.0, 1.0, -0.9763888436832533, 0.21602042942944008, 0.0, -0.21602042942944008,
  -0.9763888436832533, 0.0]
- [0.0, 0.0, 1.0, -0.9764802614682768, 0.2156068156688131, 0.0, -0.2156068156688131,
  -0.9764802614682768, 0.0]
- [0.0, 0.0, 1.0, -0.9766711857021169, 0.21474029668234376, 0.0, -0.21474029668234376,
  -0.9766711857021169, 0.0]
- [0.0, 0.0, 1.0, -0.9771068560748439, 0.21274912881498254, 0.0, -0.21274912881498254,
  -0.9771068560748439, 0.0]
- [0.0, 0.0, 1.0, -0.9773335619310242, 0.21170524018837375, 0.0, -0.21170524018837375,
  -0.9773335619310242, 0.0]
- [0.0, 0.0, 1.0, -0.9776077313469678, 0.21043555690670493, 0.0, -0.21043555690670493,
  -0.9776077313469678, 0.0]
- [0.0, 0.0, 1.0, -0.9778005539513067, 0.20953776913128902, 0.0, -0.20953776913128902,
  -0.9778005539513067, 0.0]
- [0.0, 0.0, 1.0, -0.9785707776660639, 0.2059107406087283, 0.0, -0.2059107406087283,
  -0.9785707776660639, 0.0]
- [0.0, 0.0, 1.0, -0.9788486110207426, 0.20458591521109834, 0.0, -0.20458591521109834,
  -0.9788486110207426, 0.0]
- [0.0, 0.0, 1.0, -0.979012660588736, 0.2037994367189568, 0.0, -0.2037994367189568,
  -0.979012660588736, 0.0]
- [0.0, 0.0, 1.0, -0.9796310088665678, 0.20080609170807162, 0.0, -0.20080609170807162,
  -0.9796310088665678, 0.0]
- [0.0, 0.0, 1.0, -0.9805290974047226, 0.19637385045540015, 0.0, -0.19637385045540015,
  -0.9805290974047226, 0.0]
- [0.0, 0.0, 1.0, -0.9808195378590058, 0.19491801905941483, 0.0, -0.19491801905941483,
  -0.9808195378590058, 0.0]
- [0.0, 0.0, 1.0, -0.9810406059825834, 0.19380229465443866, 0.0, -0.19380229465443866,
  -0.9810406059825834, 0.0]
- [0.0, 0.0, 1.0, -0.982065075870051, 0.1885422678243558, 0.0, -0.1885422678243558,
  -0.982065075870051, 0.0]
- [0.0, 0.0, 1.0, -0.9828360348099863, 0.18448124207892688, 0.0, -0.18448124207892688,
  -0.9828360348099863, 0.0]
- [0.0, 0.0, 1.0, -0.9830866621370573, 0.1831409695513793, 0.0, -0.1831409695513793,
  -0.9830866621370573, 0.0]
- [0.0, 0.0, 1.0, -0.9834117348157493, 0.18138731991701776, 0.0, -0.18138731991701776,
  -0.9834117348157493, 0.0]
- [0.0, 0.0, 1.0, -0.9848180344316183, 0.1735898587425078, 0.0, -0.1735898587425078,
  -0.9848180344316183, 0.0]
- [0.0, 0.0, 1.0, -0.9854451503046953, 0.16999369323876967, 0.0, -0.16999369323876967,
  -0.9854451503046953, 0.0]
- [0.0, 0.0, 1.0, -0.9856733758197274, 0.16866533787397564, 0.0, -0.16866533787397564,
  -0.9856733758197274, 0.0]
- [0.0, 0.0, 1.0, -0.986228900990159, 0.1653860781678526, 0.0, -0.1653860781678526,
  -0.986228900990159, 0.0]
- [0.0, 0.0, 1.0, -0.987768768142069, 0.1559258178849791, 0.0, -0.1559258178849791,
  -0.987768768142069, 0.0]
- [0.0, 0.0, 1.0, -0.9881962227703072, 0.15319342447539144, 0.0, -0.15319342447539144,
  -0.9881962227703072, 0.0]
- [0.0, 0.0, 1.0, -0.9885117500065645, 0.1511440375898404, 0.0, -0.1511440375898404,
  -0.9885117500065645, 0.0]
- [0.0, 0.0, 1.0, -0.9895041059028481, 0.1445047556359483, 0.0, -0.1445047556359483,
  -0.9895041059028481, 0.0]
- [0.0, 0.0, 1.0, -0.9909883196587699, 0.13394831204568278, 0.0, -0.13394831204568278,
  -0.9909883196587699, 0.0]
- [0.0, 0.0, 1.0, -0.9912522846610113, 0.13198071129648242, 0.0, -0.13198071129648242,
  -0.9912522846610113, 0.0]
- [0.0, 0.0, 1.0, -0.9916022776615262, 0.12932487361862594, 0.0, -0.12932487361862594,
  -0.9916022776615262, 0.0]
- [0.0, 0.0, 1.0, -0.9931006761055466, 0.1172648588397481, 0.0, -0.1172648588397481,
  -0.9931006761055466, 0.0]
- [0.0, 0.0, 1.0, -0.9939817595537036, 0.10954570586984916, 0.0, -0.10954570586984916,
  -0.9939817595537036, 0.0]
- [0.0, 0.0, 1.0, -0.9943092354939432, 0.1065323622729268, 0.0, -0.1065323622729268,
  -0.9943092354939432, 0.0]
- [0.0, 0.0, 1.0, -0.994640283618779, 0.10339587130420216, 0.0, -0.10339587130420216,
  -0.994640283618779, 0.0]
- [0.0, 0.0, 1.0, -0.9975105806156264, -0.07051695937769986, 0.0, 0.07051695937769986,
  -0.9975105806156264, 0.0]
- [0.0, 0.0, 1.0, -0.9968957237406185, -0.0787331949540257, 0.0, 0.0787331949540257,
  -0.9968957237406185, 0.0]
- [0.0, 0.0, 1.0, -0.9970352158912065, 0.0769465936398445, 0.0, -0.0769465936398445,
  -0.9970352158912065, 0.0]
- [0.0, 0.0, 1.0, -0.9978182795782236, 0.06602030702408336, 0.0, -0.06602030702408336,
  -0.9978182795782236, 0.0]
- [0.0, 0.0, 1.0, -0.9987807955333127, 0.04936519496409308, 0.0, -0.04936519496409308,
  -0.9987807955333127, 0.0]
- [0.0, 0.0, 1.0, -0.9989610134058067, 0.04557294916113846, 0.0, -0.04557294916113846,
  -0.9989610134058067, 0.0]
- [0.0, 0.0, 1.0, -0.9991594116663635, 0.04099353703361597, 0.0, -0.04099353703361597,
  -0.9991594116663635, 0.0]
- [0.0, 0.0, 1.0, -0.999905124180334, 0.013774710084462384, 0.0, -0.013774710084462384,
  -0.999905124180334, 0.0]
- [0.0, 0.0, 1.0, -0.9999631231207946, 0.008587921663971458, 0.0, -0.008587921663971458,
  -0.9999631231207946, 0.0]
- [0.0, 0.0, 1.0, -0.999993830315192, 0.00351273846895502, 0.0, -0.00351273846895502,
  -0.999993830315192, 0.0]
- [0.0, 0.0, 1.0, -0.9998040978665393, -0.019793076801638224, 0.0, 0.019793076801638224,
  -0.9998040978665393, 0.0]
- [0.0, 0.0, 1.0, -0.9994361523185208, -0.03357644172258955, 0.0, 0.03357644172258955,
  -0.9994361523185208, 0.0]
- [0.0, 0.0, 1.0, -0.9992247955981113, -0.039367599138285754, 0.0, 0.039367599138285754,
  -0.9992247955981113, 0.0]
- [0.0, 0.0, 1.0, -0.9982251484387883, -0.05955294303692346, 0.0, 0.05955294303692346,
  -0.9982251484387883, 0.0]
- [0.0, 0.0, 1.0, -0.9967797245321567, -0.08018840790038088, 0.0, 0.08018840790038088,
  -0.9967797245321567, 0.0]
- [0.0, 0.0, 1.0, -0.9962621507681988, -0.08638128817471252, 0.0, 0.08638128817471252,
  -0.9962621507681988, 0.0]
- [0.0, 0.0, 1.0, -0.9943315317917603, -0.10632405600169408, 0.0, 0.10632405600169408,
  -0.9943315317917603, 0.0]
- [0.0, 0.0, 1.0, -0.9915251067228302, -0.12991521365213574, 0.0, 0.12991521365213574,
  -0.9915251067228302, 0.0]
- [0.0, 0.0, 1.0, -0.9904913520251108, -0.13757500341075027, 0.0, 0.13757500341075027,
  -0.9904913520251108, 0.0]
- [0.0, 0.0, 1.0, -0.9868383696477648, -0.16170971582110102, 0.0, 0.16170971582110102,
  -0.9868383696477648, 0.0]
- [0.0, 0.0, 1.0, -0.9826121153736497, -0.18567022033950822, 0.0, 0.18567022033950822,
  -0.9826121153736497, 0.0]
- [0.0, 0.0, 1.0, -0.9809833916880311, -0.19409169284708477, 0.0, 0.19409169284708477,
  -0.9809833916880311, 0.0]
- [0.0, 0.0, 1.0, -0.9742348868191183, -0.22553577389083898, 0.0, 0.22553577389083898,
  -0.9742348868191183, 0.0]
- [0.0, 0.0, 1.0, -0.9695925570065761, -0.24472489329336694, 0.0, 0.24472489329336694,
  -0.9695925570065761, 0.0]
- [0.0, 0.0, 1.0, -0.9665508788457863, -0.25647494731930115, 0.0, 0.25647494731930115,
  -0.9665508788457863, 0.0]
- [0.0, 0.0, 1.0, -0.9547727846415893, -0.2973363914958025, 0.0, 0.2973363914958025,
  -0.9547727846415893, 0.0]
- [0.0, 0.0, 1.0, -0.9512616569568904, -0.3083849218162768, 0.0, 0.3083849218162768,
  -0.9512616569568904, 0.0]
- [0.0, 0.0, 1.0, -0.9425227454048555, -0.3341419973521645, 0.0, 0.3341419973521645,
  -0.9425227454048555, 0.0]
- [0.0, 0.0, 1.0, -0.9316477673482677, -0.3633626805204245, 0.0, 0.3633626805204245,
  -0.9316477673482677, 0.0]
- [0.0, 0.0, 1.0, -0.9776573472398977, -0.21020492712552244, 0.0, 0.21020492712552244,
  -0.9776573472398977, 0.0]
- [0.0, 0.0, 1.0, -0.9623367729674853, -0.2718601393998883, 0.0, 0.2718601393998883,
  -0.9623367729674853, 0.0]
- [0.0, 0.0, 1.0, -0.9011191540005179, -0.4335715284625949, 0.0, 0.4335715284625949,
  -0.9011191540005179, 0.0]
- [0.0, 0.0, 1.0, -0.8824545265337902, -0.4703977132172563, 0.0, 0.4703977132172563,
  -0.8824545265337902, 0.0]
- [0.0, 0.0, 1.0, -0.8671974614950818, -0.4979644191872408, 0.0, 0.4979644191872408,
  -0.8671974614950818, 0.0]
- [0.0, 0.0, 1.0, -0.84292260709655, -0.5380348301416512, 0.0, 0.5380348301416512,
  -0.84292260709655, 0.0]
- [0.0, 0.0, 1.0, -0.8988300001865775, -0.43829742272182814, 0.0, 0.43829742272182814,
  -0.8988300001865775, 0.0]
- [0.0, 0.0, 1.0, -0.8699168592414454, -0.49319839619315425, 0.0, 0.49319839619315425,
  -0.8699168592414454, 0.0]
- [0.0, 0.0, 1.0, -0.7602891502016721, -0.6495847966860211, 0.0, 0.6495847966860211,
  -0.7602891502016721, 0.0]
- [0.0, 0.0, 1.0, -0.710063573302424, -0.7041375731126648, 0.0, 0.7041375731126648,
  -0.710063573302424, 0.0]
- [0.0, 0.0, 1.0, -0.6505976444303592, -0.7594226129512263, 0.0, 0.7594226129512263,
  -0.6505976444303592, 0.0]
- [0.0, 0.0, 1.0, -0.5783092306276243, -0.8158176473764741, 0.0, 0.8158176473764741,
  -0.5783092306276243, 0.0]
- [0.0, 0.0, 1.0, -0.4710140009903013, -0.8821257341621479, 0.0, 0.8821257341621479,
  -0.4710140009903013, 0.0]
- [0.0, 0.0, 1.0, -0.30618188724614076, -0.9519730310898474, 0.0, 0.9519730310898474,
  -0.30618188724614076, 0.0]
- [0.0, 0.0, 1.0, -0.10312963712743088, -0.9946679234528298, 0.0, 0.9946679234528298,
  -0.10312963712743088, 0.0]
- [0.0, 0.0, 1.0, 0.15003286977710012, -0.9886810092170517, 0.0, 0.9886810092170517,
  0.15003286977710012, 0.0]
- [0.0, 0.0, 1.0, 0.4140373584107862, -0.9102598891746347, 0.0, 0.9102598891746347,
  0.4140373584107862, 0.0]
- [0.0, 0.0, 1.0, 0.5750120027817504, -0.8181449728849529, 0.0, 0.8181449728849529,
  0.5750120027817504, 0.0]
- [0.0, 0.0, 1.0, 0.6721288004933718, -0.7404342479567929, 0.0, 0.7404342479567929,
  0.6721288004933718, 0.0]
- [0.0, 0.0, 1.0, 0.7327266158403497, -0.6805231123475151, 0.0, 0.6805231123475151,
  0.7327266158403497, 0.0]
- [0.0, 0.0, 1.0, 0.7734624010627736, -0.6338421839403, 0.0, 0.6338421839403, 0.7734624010627736,
  0.0]
- [0.0, 0.0, 1.0, 0.804246636490714, -0.5942956736283492, 0.0, 0.5942956736283492,
  0.804246636490714, 0.0]
- [0.0, 0.0, 1.0, 0.906709851787013, -0.4217549580886666, 0.0, 0.4217549580886666,
  0.906709851787013, 0.0]
- [0.0, 0.0, 1.0, 0.9204926475110347, -0.3907598826365443, 0.0, 0.3907598826365443,
  0.9204926475110347, 0.0]
- [0.0, 0.0, 1.0, 0.8681419243838358, -0.49631602747355497, 0.0, 0.49631602747355497,
  0.8681419243838358, 0.0]
- [0.0, 0.0, 1.0, 0.8779807300800855, -0.4786959761769886, 0.0, 0.4786959761769886,
  0.8779807300800855, 0.0]
- [0.0, 0.0, 1.0, 0.8952112613116339, -0.44564200612244104, 0.0, 0.44564200612244104,
  0.8952112613116339, 0.0]
- [0.0, 0.0, 1.0, 0.9045245123914905, -0.42642162994263866, 0.0, 0.42642162994263866,
  0.9045245123914905, 0.0]
- [0.0, 0.0, 1.0, 0.9155759188450696, -0.4021451688520037, 0.0, 0.4021451688520037,
  0.9155759188450696, 0.0]
- [0.0, 0.0, 1.0, 0.9271994571857191, -0.3745679732632086, 0.0, 0.3745679732632086,
  0.9271994571857191, 0.0]
- [0.0, 0.0, 1.0, 0.9779914794188017, -0.20864483263245143, 0.0, 0.20864483263245143,
  0.9779914794188017, 0.0]
- [0.0, 0.0, 1.0, 0.9760206230897778, -0.21767807262892122, 0.0, 0.21767807262892122,
  0.9760206230897778, 0.0]
- [0.0, 0.0, 1.0, 0.9504569922185517, -0.31085608558119565, 0.0, 0.31085608558119565,
  0.9504569922185517, 0.0]
- [0.0, 0.0, 1.0, 0.9616566013832862, -0.2742564147216024, 0.0, 0.2742564147216024,
  0.9616566013832862, 0.0]
- [0.0, 0.0, 1.0, 0.9656824705622525, -0.2597255590980301, 0.0, 0.2597255590980301,
  0.9656824705622525, 0.0]
- [0.0, 0.0, 1.0, 0.9698475946846868, -0.24371221365439866, 0.0, 0.24371221365439866,
  0.9698475946846868, 0.0]
- [0.0, 0.0, 1.0, 0.9774314088373655, -0.21125302605691357, 0.0, 0.21125302605691357,
  0.9774314088373655, 0.0]
- [0.0, 0.0, 1.0, 0.9796020326481133, -0.20094740016154622, 0.0, 0.20094740016154622,
  0.9796020326481133, 0.0]
- [0.0, 0.0, 1.0, 0.9835484220739208, -0.18064468283318072, 0.0, 0.18064468283318072,
  0.9835484220739208, 0.0]
- [0.0, 0.0, 1.0, 0.9884057826783373, -0.15183546610730828, 0.0, 0.15183546610730828,
  0.9884057826783373, 0.0]
- [0.0, 0.0, 1.0, 0.9895847912378899, -0.1439511755792973, 0.0, 0.1439511755792973,
  0.9895847912378899, 0.0]
- [0.0, 0.0, 1.0, 0.9925157466825213, -0.12211671706706334, 0.0, 0.12211671706706334,
  0.9925157466825213, 0.0]
- [0.0, 0.0, 1.0, 0.9952560527090079, -0.09729023355961677, 0.0, 0.09729023355961677,
  0.9952560527090079, 0.0]
- [0.0, 0.0, 1.0, 0.995984786902454, -0.08952264662571939, 0.0, 0.08952264662571939,
  0.995984786902454, 0.0]
- [0.0, 0.0, 1.0, 0.9975572119453106, -0.0698541974107395, 0.0, 0.0698541974107395,
  0.9975572119453106, 0.0]
- [0.0, 0.0, 1.0, 0.9989809274964593, -0.04513431619415643, 0.0, 0.04513431619415643,
  0.9989809274964593, 0.0]
- [0.0, 0.0, 1.0, 0.9992729409796078, -0.03812596786922549, 0.0, 0.03812596786922549,
  0.9992729409796078, 0.0]
- [0.0, 0.0, 1.0, 0.9997326641883535, -0.023121421990374754, 0.0, 0.023121421990374754,
  0.9997326641883535, 0.0]
- [0.0, 0.0, 1.0, 0.9999806300641431, 0.006224106081961386, 0.0, -0.006224106081961386,
  0.9999806300641431, 0.0]
- [0.0, 0.0, 1.0, 0.9999183510415756, 0.01277854648605301, 0.0, -0.01277854648605301,
  0.9999183510415756, 0.0]
- [0.0, 0.0, 1.0, 0.999757117306255, 0.02203874759342845, 0.0, -0.02203874759342845,
  0.999757117306255, 0.0]
- [0.0, 0.0, 1.0, 0.9985792306401475, 0.05328714792640921, 0.0, -0.05328714792640921,
  0.9985792306401475, 0.0]
- [0.0, 0.0, 1.0, 0.998059530565255, 0.06226695309602672, 0.0, -0.06226695309602672,
  0.998059530565255, 0.0]
- [0.0, 0.0, 1.0, 0.9976425208079753, 0.06862507323062196, 0.0, -0.06862507323062196,
  0.9976425208079753, 0.0]
- [0.0, 0.0, 1.0, 0.995618105241482, 0.09351250459356393, 0.0, -0.09351250459356393,
  0.995618105241482, 0.0]
- [0.0, 0.0, 1.0, 0.9938719309114937, 0.11053770825496154, 0.0, -0.11053770825496154,
  0.9938719309114937, 0.0]
- [0.0, 0.0, 1.0, 0.9931646181085726, 0.11672206876702125, 0.0, -0.11672206876702125,
  0.9931646181085726, 0.0]
- [0.0, 0.0, 1.0, 0.9917597525471268, 0.12811164360690297, 0.0, -0.12811164360690297,
  0.9917597525471268, 0.0]
- [0.0, 0.0, 1.0, 0.9999965809283808, 0.0026149821315894148, 0.0, -0.0026149821315894148,
  0.9999965809283808, 0.0]
- [0.0, 0.0, 1.0, 0.999941325762927, 0.010832591171081395, 0.0, -0.010832591171081395,
  0.999941325762927, 0.0]
- [0.0, 0.0, 1.0, 0.9858668948672504, 0.16753049156737304, 0.0, -0.16753049156737304,
  0.9858668948672504, 0.0]
- [0.0, 0.0, 1.0, 0.9824595724313846, 0.18647570495359664, 0.0, -0.18647570495359664,
  0.9824595724313846, 0.0]
- [0.0, 0.0, 1.0, 0.978629900178481, 0.2056295661539367, 0.0, -0.2056295661539367,
  0.978629900178481, 0.0]
- [0.0, 0.0, 1.0, 0.9776817979339426, 0.21009117541832467, 0.0, -0.21009117541832467,
  0.9776817979339426, 0.0]
- [0.0, 0.0, 1.0, 0.9767192779178303, 0.21452144914593535, 0.0, -0.21452144914593535,
  0.9767192779178303, 0.0]
- [0.0, 0.0, 1.0, 0.9706538709093497, 0.24048089921799498, 0.0, -0.24048089921799498,
  0.9706538709093497, 0.0]
- [0.0, 0.0, 1.0, 0.9684162867158321, 0.2493389171860652, 0.0, -0.2493389171860652,
  0.9684162867158321, 0.0]
- [0.0, 0.0, 1.0, 0.9674036806612621, 0.2532392517818724, 0.0, -0.2532392517818724,
  0.9674036806612621, 0.0]
- [0.0, 0.0, 1.0, 0.9657619092254262, 0.25943001886686, 0.0, -0.25943001886686, 0.9657619092254262,
  0.0]
- [0.0, 0.0, 1.0, 0.9597868111831526, 0.28072990057860875, 0.0, -0.28072990057860875,
  0.9597868111831526, 0.0]
- [0.0, 0.0, 1.0, 0.9585053868001937, 0.28507441743343276, 0.0, -0.28507441743343276,
  0.9585053868001937, 0.0]
- [0.0, 0.0, 1.0, 0.957516472761097, 0.28837857824593544, 0.0, -0.28837857824593544,
  0.957516472761097, 0.0]
- [0.0, 0.0, 1.0, 0.9553676593199157, 0.29541942306758656, 0.0, -0.29541942306758656,
  0.9553676593199157, 0.0]
- [0.0, 0.0, 1.0, 0.9515309764828493, 0.3075529235653517, 0.0, -0.3075529235653517,
  0.9515309764828493, 0.0]
- [0.0, 0.0, 1.0, 0.9505570777042404, 0.3105499026346245, 0.0, -0.3105499026346245,
  0.9505570777042404, 0.0]
- [0.0, 0.0, 1.0, 0.949815419703796, 0.3128109149197032, 0.0, -0.3128109149197032,
  0.949815419703796, 0.0]
- [0.0, 0.0, 1.0, 0.9481711782767693, 0.3177599985606161, 0.0, -0.3177599985606161,
  0.9481711782767693, 0.0]
- [0.0, 0.0, 1.0, 0.9461785952600356, 0.32364496886518385, 0.0, -0.32364496886518385,
  0.9461785952600356, 0.0]
- [0.0, 0.0, 1.0, 0.9456072831833566, 0.32531041482035494, 0.0, -0.32531041482035494,
  0.9456072831833566, 0.0]
- [0.0, 0.0, 1.0, 0.9453007023889606, 0.3262002177542773, 0.0, -0.3262002177542773,
  0.9453007023889606, 0.0]
- [0.0, 0.0, 1.0, 0.9451007554161263, 0.326779072328488, 0.0, -0.326779072328488,
  0.9451007554161263, 0.0]
- [0.0, 0.0, 1.0, 0.9451392547362292, 0.3266677044898156, 0.0, -0.3266677044898156,
  0.9451392547362292, 0.0]
- [0.0, 0.0, 1.0, 0.9451070199305922, 0.32676095372292424, 0.0, -0.32676095372292424,
  0.9451070199305922, 0.0]
- [0.0, 0.0, 1.0, 0.9453768161003241, 0.3259795631324358, 0.0, -0.3259795631324358,
  0.9453768161003241, 0.0]
- [0.0, 0.0, 1.0, 0.9474886159972357, 0.3197894972566218, 0.0, -0.3197894972566218,
  0.9474886159972357, 0.0]
- [0.0, 0.0, 1.0, 0.9484786877424175, 0.31684093627311116, 0.0, -0.31684093627311116,
  0.9484786877424175, 0.0]
- [0.0, 0.0, 1.0, 0.9490055891020155, 0.315259245468133, 0.0, -0.315259245468133,
  0.9490055891020155, 0.0]
- [0.0, 0.0, 1.0, 0.9504299516748588, 0.31093875113810704, 0.0, -0.31093875113810704,
  0.9504299516748588, 0.0]
- [0.0, 0.0, 1.0, 0.955064808191223, 0.29639705152828766, 0.0, -0.29639705152828766,
  0.955064808191223, 0.0]
- [0.0, 0.0, 1.0, 0.9561729532859969, 0.2928024648194316, 0.0, -0.2928024648194316,
  0.9561729532859969, 0.0]
- [0.0, 0.0, 1.0, 0.9571167422196162, 0.289702505620695, 0.0, -0.289702505620695,
  0.9571167422196162, 0.0]
- [0.0, 0.0, 1.0, 0.9610922102185712, 0.2762277383920409, 0.0, -0.2762277383920409,
  0.9610922102185712, 0.0]
- [0.0, 0.0, 1.0, 0.9649558978892409, 0.2624121093409545, 0.0, -0.2624121093409545,
  0.9649558978892409, 0.0]
- [0.0, 0.0, 1.0, 0.9660697866567532, 0.25828117877417067, 0.0, -0.25828117877417067,
  0.9660697866567532, 0.0]
- [0.0, 0.0, 1.0, 0.9675918266919855, 0.252519418894601, 0.0, -0.252519418894601,
  0.9675918266919855, 0.0]
- [0.0, 0.0, 1.0, 0.9746085277855233, 0.22391564833154193, 0.0, -0.22391564833154193,
  0.9746085277855233, 0.0]
- [0.0, 0.0, 1.0, 0.9963438146205688, 0.08543420314682951, 0.0, -0.08543420314682951,
  0.9963438146205688, 0.0]
- [0.0, 0.0, 1.0, 0.9966569911827597, 0.08169970579217799, 0.0, -0.08169970579217799,
  0.9966569911827597, 0.0]
- [0.0, 0.0, 1.0, 0.9829731359815318, 0.18374932364129393, 0.0, -0.18374932364129393,
  0.9829731359815318, 0.0]
- [0.0, 0.0, 1.0, 0.9854391485555636, 0.17002848142027868, 0.0, -0.17002848142027868,
  0.9854391485555636, 0.0]
- [0.0, 0.0, 1.0, 0.9865381034674224, 0.16353155783181772, 0.0, -0.16353155783181772,
  0.9865381034674224, 0.0]
- [0.0, 0.0, 1.0, 0.9904275685030441, 0.1380334435893993, 0.0, -0.1380334435893993,
  0.9904275685030441, 0.0]
- [0.0, 0.0, 1.0, 0.9924837130599795, 0.12237679236961649, 0.0, -0.12237679236961649,
  0.9924837130599795, 0.0]
- [0.0, 0.0, 1.0, 0.9933803007202292, 0.11487200764758572, 0.0, -0.11487200764758572,
  0.9933803007202292, 0.0]
- [0.0, 0.0, 1.0, 0.9958432162387402, 0.09108396495147644, 0.0, -0.09108396495147644,
  0.9958432162387402, 0.0]
- [0.0, 0.0, 1.0, 0.9970785574792868, 0.07638291834582064, 0.0, -0.07638291834582064,
  0.9970785574792868, 0.0]
- [0.0, 0.0, 1.0, 0.9975946874418912, 0.06931695021937745, 0.0, -0.06931695021937745,
  0.9975946874418912, 0.0]
- [0.0, 0.0, 1.0, 0.9992809946645334, 0.03791429416803968, 0.0, -0.03791429416803968,
  0.9992809946645334, 0.0]
- [0.0, 0.0, 1.0, 0.9996124613541998, 0.027837512557669076, 0.0, -0.027837512557669076,
  0.9996124613541998, 0.0]
- [0.0, 0.0, 1.0, 0.999937004909762, 0.011224357981401128, 0.0, -0.011224357981401128,
  0.999937004909762, 0.0]
- [0.0, 0.0, 1.0, 0.9998763188428917, -0.01572726985804896, 0.0, 0.01572726985804896,
  0.9998763188428917, 0.0]
- [0.0, 0.0, 1.0, 0.9996874295766406, -0.02500086291409022, 0.0, 0.02500086291409022,
  0.9996874295766406, 0.0]
- [0.0, 0.0, 1.0, 0.9985581410152322, -0.05368089988258185, 0.0, 0.05368089988258185,
  0.9985581410152322, 0.0]
- [0.0, 0.0, 1.0, 0.9978106592625953, -0.06613537829290139, 0.0, 0.06613537829290139,
  0.9978106592625953, 0.0]
- [0.0, 0.0, 1.0, 0.9962715517717736, -0.08627279484438966, 0.0, 0.08627279484438966,
  0.9962715517717736, 0.0]
