nodes:
- [2.55573985 0.01381526 0.00000000]
- [2.52550913 0.01841128 0.00000000]
- [2.49085228 0.02570595 0.00000000]
- [2.45619170 0.03298555 0.00000000]
- [2.42153121 0.04026459 0.00000000]
- [2.38686685 0.04752686 0.00000000]
- [2.35219522 0.05479322 0.00000000]
- [2.31753272 0.06211434 0.00000000]
- [2.28287252 0.06945928 0.00000000]
- [2.24822723 0.07688294 0.00000000]
- [2.21359646 0.08434488 0.00000000]
- [2.17896697 0.09183082 0.00000000]
- [2.14435467 0.09939025 0.00000000]
- [2.10974867 0.10696128 0.00000000]
- [2.07514794 0.11457407 0.00000000]
- [2.04055989 0.12223264 0.00000000]
- [2.00597903 0.12990899 0.00000000]
- [1.97140083 0.13760364 0.00000000]
- [1.93683017 0.14532889 0.00000000]
- [1.90226319 0.15306564 0.00000000]
- [1.86769894 0.16082397 0.00000000]
- [1.83314348 0.16861188 0.00000000]
- [1.79859272 0.17640137 0.00000000]
- [1.76291865 0.17921960 0.00000000]
- [1.72608705 0.18232117 0.00000000]
- [1.69038502 0.19038688 0.00000000]
- [1.65467938 0.19843536 0.00000000]
- [1.61897505 0.20648470 0.00000000]
- [1.58326874 0.21451189 0.00000000]
- [1.54756190 0.22252811 0.00000000]
- [1.51185780 0.23051321 0.00000000]
- [1.47614039 0.23845060 0.00000000]
- [1.44047967 0.24635585 0.00000000]
- [1.40482344 0.25421892 0.00000000]
- [1.36915014 0.26200994 0.00000000]
- [1.33346557 0.26976746 0.00000000]
- [1.29777011 0.27746770 0.00000000]
- [1.26208339 0.28512395 0.00000000]
- [1.22637130 0.29265204 0.00000000]
- [1.19062758 0.30013701 0.00000000]
- [1.15489751 0.30757752 0.00000000]
- [1.11915911 0.31487674 0.00000000]
- [1.08337867 0.32205857 0.00000000]
- [1.04756991 0.32917731 0.00000000]
- [1.01178686 0.33622916 0.00000000]
- [0.97597030 0.34306061 0.00000000]
- [0.94009768 0.34980354 0.00000000]
- [0.90422032 0.35648040 0.00000000]
- [0.86836877 0.36302253 0.00000000]
- [0.83245917 0.36930288 0.00000000]
- [0.79648683 0.37550995 0.00000000]
- [0.76054175 0.38164377 0.00000000]
- [0.72460071 0.38753097 0.00000000]
- [0.68858182 0.39317952 0.00000000]
- [0.65251788 0.39874930 0.00000000]
- [0.61651725 0.40419205 0.00000000]
- [0.58047058 0.40922019 0.00000000]
- [0.54432490 0.41408741 0.00000000]
- [0.50818166 0.41884585 0.00000000]
- [0.47208872 0.42335496 0.00000000]
- [0.43592181 0.42743309 0.00000000]
- [0.39966327 0.43136922 0.00000000]
- [0.36347633 0.43516697 0.00000000]
- [0.32728785 0.43846247 0.00000000]
- [0.29054991 0.43602878 0.00000000]
- [0.25726259 0.43317680 0.00000000]
- [0.22456751 0.43551014 0.00000000]
- [0.19184721 0.43731244 0.00000000]
- [0.15549612 0.43904814 0.00000000]
- [0.11925435 0.44058179 0.00000000]
- [0.08312946 0.44154739 0.00000000]
- [0.04687006 0.44198105 0.00000000]
- [0.01056553 0.44215876 0.00000000]
- [-0.02552023 0.44191186 0.00000000]
- [-0.06164584 0.44086285 0.00000000]
- [-0.09792823 0.43951596 0.00000000]
- [-0.13393352 0.43780042 0.00000000]
- [-0.16988429 0.43513964 0.00000000]
- [-0.20605519 0.43208492 0.00000000]
- [-0.24190319 0.42874323 0.00000000]
- [-0.27758242 0.42429390 0.00000000]
- [-0.31346931 0.41937797 0.00000000]
- [-0.34900954 0.41406097 0.00000000]
- [-0.38434773 0.40760758 0.00000000]
- [-0.41980516 0.40064503 0.00000000]
- [-0.45486220 0.39313133 0.00000000]
- [-0.48971808 0.38445793 0.00000000]
- [-0.52450631 0.37532314 0.00000000]
- [-0.55883781 0.36522496 0.00000000]
- [-0.59308665 0.35420175 0.00000000]
- [-0.62205505 0.34436336 0.00000000]
- [-0.65062966 0.33352981 0.00000000]
- [-0.68123402 0.32713961 0.00000000]
- [-0.71457906 0.31879178 0.00000000]
- [-0.74533139 0.30424042 0.00000000]
- [-0.77572023 0.28903416 0.00000000]
- [-0.80540761 0.27257727 0.00000000]
- [-0.83457714 0.25540471 0.00000000]
- [-0.86273742 0.23673788 0.00000000]
- [-0.89363121 0.22171284 0.00000000]
- [-0.92495450 0.20366763 0.00000000]
- [-0.95191550 0.18004190 0.00000000]
- [-0.97702834 0.15465607 0.00000000]
- [-0.99987203 0.12733389 0.00000000]
- [-1.02002015 0.09812715 0.00000000]
- [-1.03620030 0.06685650 0.00000000]
- [-1.04654440 0.03348655 0.00000000]
- [-1.04995743 -0.00094424 0.00000000]
- [-1.04490052 -0.03492837 0.00000000]
- [-1.03093144 -0.06659468 0.00000000]
- [-1.01113896 -0.09565858 0.00000000]
- [-0.98767390 -0.12231713 0.00000000]
- [-0.96186057 -0.14701215 0.00000000]
- [-0.93445296 -0.17009877 0.00000000]
- [-0.90582699 -0.19175781 0.00000000]
- [-0.87302990 -0.20738823 0.00000000]
- [-0.83984130 -0.22202843 0.00000000]
- [-0.80897520 -0.24013445 0.00000000]
- [-0.77764791 -0.25749140 0.00000000]
- [-0.74565869 -0.27363974 0.00000000]
- [-0.71326250 -0.28910231 0.00000000]
- [-0.68042389 -0.30351750 0.00000000]
- [-0.64714247 -0.31712124 0.00000000]
- [-0.61179036 -0.32485366 0.00000000]
- [-0.56488313 -0.33525021 0.00000000]
- [-0.53060137 -0.34636052 0.00000000]
- [-0.49585779 -0.35621733 0.00000000]
- [-0.46079679 -0.36567693 0.00000000]
- [-0.42573264 -0.37428194 0.00000000]
- [-0.39028869 -0.38195348 0.00000000]
- [-0.35475819 -0.38920271 0.00000000]
- [-0.31916006 -0.39544584 0.00000000]
- [-0.28320328 -0.40100558 0.00000000]
- [-0.24730307 -0.40615936 0.00000000]
- [-0.21136007 -0.41028287 0.00000000]
- [-0.17508526 -0.41382505 0.00000000]
- [-0.13890797 -0.41700231 0.00000000]
- [-0.10276327 -0.41922815 0.00000000]
- [-0.06633943 -0.42086181 0.00000000]
- [-0.02998323 -0.42216232 0.00000000]
- [0.00622495 -0.42264671 0.00000000]
- [0.04264920 -0.42238631 0.00000000]
- [0.07913077 -0.42184377 0.00000000]
- [0.11534881 -0.42071466 0.00000000]
- [0.15164257 -0.41867233 0.00000000]
- [0.18813724 -0.41631175 0.00000000]
- [0.22436094 -0.41361678 0.00000000]
- [0.25846688 -0.41019700 0.00000000]
- [0.29278434 -0.40634550 0.00000000]
- [0.32705348 -0.40222452 0.00000000]
- [0.36182631 -0.40306767 0.00000000]
- [0.39794192 -0.40288628 0.00000000]
- [0.43337637 -0.39699419 0.00000000]
- [0.46867930 -0.39089402 0.00000000]
- [0.50375791 -0.38413369 0.00000000]
- [0.53883370 -0.37673704 0.00000000]
- [0.57396839 -0.36911430 0.00000000]
- [0.60888857 -0.36132964 0.00000000]
- [0.64357385 -0.35266754 0.00000000]
- [0.67836081 -0.34366295 0.00000000]
- [0.71310979 -0.33448110 0.00000000]
- [0.74765998 -0.32506768 0.00000000]
- [0.78203993 -0.31496842 0.00000000]
- [0.81649938 -0.30465146 0.00000000]
- [0.85089180 -0.29419392 0.00000000]
- [0.88513838 -0.28348694 0.00000000]
- [0.91929525 -0.27237212 0.00000000]
- [0.95348552 -0.26111061 0.00000000]
- [0.98762748 -0.24975340 0.00000000]
- [1.02168511 -0.23822115 0.00000000]
- [1.05570443 -0.22648785 0.00000000]
- [1.08973589 -0.21466766 0.00000000]
- [1.12376537 -0.20280302 0.00000000]
- [1.15779743 -0.19090876 0.00000000]
- [1.19183684 -0.17901873 0.00000000]
- [1.22588087 -0.16712192 0.00000000]
- [1.25998746 -0.15523831 0.00000000]
- [1.29418209 -0.14355223 0.00000000]
- [1.32837890 -0.13198065 0.00000000]
- [1.36261499 -0.12047502 0.00000000]
- [1.39700642 -0.10910165 0.00000000]
- [1.43154741 -0.09820660 0.00000000]
- [1.46605104 -0.08748665 0.00000000]
- [1.50089962 -0.07681385 0.00000000]
- [1.53596746 -0.06657844 0.00000000]
- [1.57110405 -0.05683948 0.00000000]
- [1.60623129 -0.04730442 0.00000000]
- [1.64160914 -0.03795272 0.00000000]
- [1.67722540 -0.02955813 0.00000000]
- [1.71272412 -0.02143560 0.00000000]
- [1.74948758 -0.01852212 0.00000000]
- [1.78544863 -0.01673638 0.00000000]
- [1.82041004 -0.01052171 0.00000000]
- [1.85543522 -0.00458437 0.00000000]
- [1.89061222 0.00067760 0.00000000]
- [1.92584912 0.00523145 0.00000000]
- [1.96111062 0.00947437 0.00000000]
- [1.99648037 0.01314479 0.00000000]
- [2.03189128 0.01608180 0.00000000]
- [2.06732010 0.01870757 0.00000000]
- [2.10283389 0.02066342 0.00000000]
- [2.13834816 0.02190139 0.00000000]
- [2.17390056 0.02278121 0.00000000]
- [2.20948223 0.02269277 0.00000000]
- [2.24500885 0.02205823 0.00000000]
- [2.28056817 0.02092403 0.00000000]
- [2.31606321 0.01881834 0.00000000]
- [2.35153034 0.01641129 0.00000000]
- [2.38693791 0.01311488 0.00000000]
- [2.42227192 0.00940841 0.00000000]
- [2.45754088 0.00511676 0.00000000]
- [2.49272587 0.00040149 0.00000000]
- [2.52783591 -0.00461788 0.00000000]
- [2.55669305 -0.01157054 0.00000000]
- [1.46717208 -0.05127140 0.00000000]
- [1.46829312 -0.01505615 0.00000000]
- [1.46941416 0.02115910 0.00000000]
- [1.47053520 0.05737435 0.00000000]
- [1.47165624 0.09358960 0.00000000]
- [1.47277727 0.12980485 0.00000000]
- [1.47389831 0.16602010 0.00000000]
- [1.47501935 0.20223535 0.00000000]
- [-0.56636752 -0.29896326 0.00000000]
- [-0.56785192 -0.26267632 0.00000000]
- [-0.56933631 -0.22638937 0.00000000]
- [-0.57082071 -0.19010243 0.00000000]
- [-0.57230510 -0.15381548 0.00000000]
- [-0.57378950 -0.11752854 0.00000000]
- [-0.57527390 -0.08124159 0.00000000]
- [-0.57675829 -0.04495465 0.00000000]
- [-0.57824269 -0.00866770 0.00000000]
- [-0.57972708 0.02761924 0.00000000]
- [-0.58121148 0.06390619 0.00000000]
- [-0.58269588 0.10019313 0.00000000]
- [-0.58418027 0.13648008 0.00000000]
- [-0.58566467 0.17276702 0.00000000]
- [-0.58714906 0.20905397 0.00000000]
- [-0.58863346 0.24534091 0.00000000]
- [-0.59011785 0.28162786 0.00000000]
- [-0.59160225 0.31791480 0.00000000]
- [0.22300620 -0.37816139 0.00000000]
- [0.22165146 -0.34270601 0.00000000]
- [0.22029672 -0.30725062 0.00000000]
- [0.21894199 -0.27179524 0.00000000]
- [0.21758725 -0.23633986 0.00000000]
- [0.21623251 -0.20088447 0.00000000]
- [0.21487777 -0.16542909 0.00000000]
- [0.21352303 -0.12997370 0.00000000]
- [0.21216829 -0.09451832 0.00000000]
- [0.21081355 -0.05906294 0.00000000]
- [0.20945881 -0.02360755 0.00000000]
- [0.20810407 0.01184783 0.00000000]
- [0.20674934 0.04730322 0.00000000]
- [0.20539460 0.08275860 0.00000000]
- [0.20403986 0.11821399 0.00000000]
- [0.20268512 0.15366937 0.00000000]
- [0.20133038 0.18912475 0.00000000]
- [0.19997564 0.22458014 0.00000000]
- [0.19862090 0.26003552 0.00000000]
- [0.19726616 0.29549091 0.00000000]
- [0.19591143 0.33094629 0.00000000]
- [0.19455669 0.36640167 0.00000000]
- [0.19320195 0.40185706 0.00000000]
elements:
- [1 2]
- [2 3]
- [3 4]
- [4 5]
- [5 6]
- [6 7]
- [7 8]
- [8 9]
- [9 10]
- [10 11]
- [11 12]
- [12 13]
- [13 14]
- [14 15]
- [15 16]
- [16 17]
- [17 18]
- [18 19]
- [19 20]
- [20 21]
- [21 22]
- [22 23]
- [23 24]
- [24 25]
- [25 26]
- [26 27]
- [27 28]
- [28 29]
- [29 30]
- [30 31]
- [31 32]
- [32 33]
- [33 34]
- [34 35]
- [35 36]
- [36 37]
- [37 38]
- [38 39]
- [39 40]
- [40 41]
- [41 42]
- [42 43]
- [43 44]
- [44 45]
- [45 46]
- [46 47]
- [47 48]
- [48 49]
- [49 50]
- [50 51]
- [51 52]
- [52 53]
- [53 54]
- [54 55]
- [55 56]
- [56 57]
- [57 58]
- [58 59]
- [59 60]
- [60 61]
- [61 62]
- [62 63]
- [63 64]
- [64 65]
- [65 66]
- [66 67]
- [67 68]
- [68 69]
- [69 70]
- [70 71]
- [71 72]
- [72 73]
- [73 74]
- [74 75]
- [75 76]
- [76 77]
- [77 78]
- [78 79]
- [79 80]
- [80 81]
- [81 82]
- [82 83]
- [83 84]
- [84 85]
- [85 86]
- [86 87]
- [87 88]
- [88 89]
- [89 90]
- [90 91]
- [91 92]
- [92 93]
- [93 94]
- [94 95]
- [95 96]
- [96 97]
- [97 98]
- [98 99]
- [99 100]
- [100 101]
- [101 102]
- [102 103]
- [103 104]
- [104 105]
- [105 106]
- [106 107]
- [107 108]
- [108 109]
- [109 110]
- [110 111]
- [111 112]
- [112 113]
- [113 114]
- [114 115]
- [115 116]
- [116 117]
- [117 118]
- [118 119]
- [119 120]
- [120 121]
- [121 122]
- [122 123]
- [123 124]
- [124 125]
- [125 126]
- [126 127]
- [127 128]
- [128 129]
- [129 130]
- [130 131]
- [131 132]
- [132 133]
- [133 134]
- [134 135]
- [135 136]
- [136 137]
- [137 138]
- [138 139]
- [139 140]
- [140 141]
- [141 142]
- [142 143]
- [143 144]
- [144 145]
- [145 146]
- [146 147]
- [147 148]
- [148 149]
- [149 150]
- [150 151]
- [151 152]
- [152 153]
- [153 154]
- [154 155]
- [155 156]
- [156 157]
- [157 158]
- [158 159]
- [159 160]
- [160 161]
- [161 162]
- [162 163]
- [163 164]
- [164 165]
- [165 166]
- [166 167]
- [167 168]
- [168 169]
- [169 170]
- [170 171]
- [171 172]
- [172 173]
- [173 174]
- [174 175]
- [175 176]
- [176 177]
- [177 178]
- [178 179]
- [179 180]
- [180 181]
- [181 182]
- [182 183]
- [183 184]
- [184 185]
- [185 186]
- [186 187]
- [187 188]
- [188 189]
- [189 190]
- [190 191]
- [191 192]
- [192 193]
- [193 194]
- [194 195]
- [195 196]
- [196 197]
- [197 198]
- [198 199]
- [199 200]
- [200 201]
- [201 202]
- [202 203]
- [203 204]
- [204 205]
- [205 206]
- [206 207]
- [207 208]
- [208 209]
- [209 210]
- [210 211]
- [211 212]
- [212 213]
- [213 214]
- [214 1]
- [183 215]
- [215 216]
- [216 217]
- [217 218]
- [218 219]
- [219 220]
- [220 221]
- [221 222]
- [222 32]
- [125 223]
- [223 224]
- [224 225]
- [225 226]
- [226 227]
- [227 228]
- [228 229]
- [229 230]
- [230 231]
- [231 232]
- [232 233]
- [233 234]
- [234 235]
- [235 236]
- [236 237]
- [237 238]
- [238 239]
- [239 240]
- [240 90]
- [147 241]
- [241 242]
- [242 243]
- [243 244]
- [244 245]
- [245 246]
- [246 247]
- [247 248]
- [248 249]
- [249 250]
- [250 251]
- [251 252]
- [252 253]
- [253 254]
- [254 255]
- [255 256]
- [256 257]
- [257 258]
- [258 259]
- [259 260]
- [260 261]
- [261 262]
- [262 263]
- [263 68]
sets:
  element:
  - name: layup_0
    labels:
    - 1
    - 2
    - 3
    - 4
    - 5
    - 6
    - 7
    - 8
    - 9
    - 10
    - 11
    - 12
    - 13
    - 14
    - 15
    - 16
    - 17
    - 18
    - 19
    - 20
    - 21
    - 22
    - 23
    - 191
    - 192
    - 193
    - 194
    - 195
    - 196
    - 197
    - 198
    - 199
    - 200
    - 201
    - 202
    - 203
    - 204
    - 205
    - 206
    - 207
    - 208
    - 209
    - 210
    - 211
    - 212
    - 213
    - 214
  - name: layup_1
    labels:
    - 24
    - 25
    - 26
    - 27
    - 28
    - 29
    - 30
    - 31
    - 32
    - 33
    - 34
    - 35
    - 36
    - 37
    - 38
    - 39
    - 40
    - 41
    - 42
    - 43
    - 44
    - 45
    - 46
    - 47
    - 48
    - 49
    - 50
    - 51
    - 52
    - 53
    - 54
    - 55
    - 56
    - 57
    - 58
    - 59
    - 60
    - 61
    - 62
    - 63
    - 64
    - 93
    - 94
    - 95
    - 96
    - 97
    - 98
    - 99
    - 116
    - 117
    - 118
    - 119
    - 120
    - 121
    - 122
    - 123
    - 151
    - 152
    - 153
    - 154
    - 155
    - 156
    - 157
    - 158
    - 159
    - 160
    - 161
    - 162
    - 163
    - 164
    - 165
    - 166
    - 167
    - 168
    - 169
    - 170
    - 171
    - 172
    - 173
    - 174
    - 175
    - 176
    - 177
    - 178
    - 179
    - 180
    - 181
    - 182
    - 183
    - 184
    - 185
    - 186
    - 187
    - 188
    - 189
    - 190
  - name: layup_2
    labels:
    - 65
    - 66
    - 67
    - 68
    - 69
    - 70
    - 71
    - 72
    - 73
    - 74
    - 75
    - 76
    - 77
    - 78
    - 79
    - 80
    - 81
    - 82
    - 83
    - 84
    - 85
    - 86
    - 87
    - 88
    - 89
    - 90
    - 91
    - 92
  - name: layup_3
    labels:
    - 100
    - 101
    - 102
    - 103
    - 104
    - 105
    - 106
    - 107
    - 108
    - 109
    - 110
    - 111
    - 112
    - 113
    - 114
    - 115
  - name: layup_4
    labels:
    - 124
    - 125
    - 126
    - 127
    - 128
    - 129
    - 130
    - 131
    - 132
    - 133
    - 134
    - 135
    - 136
    - 137
    - 138
    - 139
    - 140
    - 141
    - 142
    - 143
    - 144
    - 145
    - 146
    - 147
    - 148
    - 149
    - 150
  - name: layup_5
    labels:
    - 215
    - 216
    - 217
    - 218
    - 219
    - 220
    - 221
    - 222
    - 223
  - name: layup_6
    labels:
    - 224
    - 225
    - 226
    - 227
    - 228
    - 229
    - 230
    - 231
    - 232
    - 233
    - 234
    - 235
    - 236
    - 237
    - 238
    - 239
    - 240
    - 241
    - 242
    - 243
    - 244
    - 245
    - 246
    - 247
    - 248
    - 249
    - 250
    - 251
    - 252
    - 253
    - 254
    - 255
    - 256
    - 257
    - 258
    - 259
    - 260
    - 261
    - 262
    - 263
    - 264
    - 265
    - 266
sections:
- type: shell
  elementSet: layup_0
  layup:
  - - gelcoat
    - 0.0005
    - 0.0
  - - glass_triax
    - 0.003
    - 0.0
  - - glass_uniax
    - 0.00901995
    - 0.0
  - - glass_triax
    - 0.003
    - 0.0
- type: shell
  elementSet: layup_1
  layup:
  - - gelcoat
    - 0.0005
    - 0.0
  - - glass_triax
    - 0.003
    - 0.0
  - - medium_density_foam
    - 0.029375
    - 0.0
  - - glass_triax
    - 0.003
    - 0.0
- type: shell
  elementSet: layup_2
  layup:
  - - gelcoat
    - 0.0005
    - 0.0
  - - glass_triax
    - 0.003
    - 0.0
  - - carbon_uniax
    - 0.05112263
    - 0.0
  - - glass_triax
    - 0.003
    - 0.0
- type: shell
  elementSet: layup_3
  layup:
  - - gelcoat
    - 0.0005
    - 0.0
  - - glass_triax
    - 0.003
    - 0.0
  - - glass_uniax
    - 0.00676995
    - 0.0
  - - glass_triax
    - 0.003
    - 0.0
- type: shell
  elementSet: layup_4
  layup:
  - - gelcoat
    - 0.0005
    - 0.0
  - - glass_triax
    - 0.003
    - 0.0
  - - carbon_uniax
    - 0.05112266
    - 0.0
  - - glass_triax
    - 0.003
    - 0.0
- type: shell
  elementSet: layup_5
  layup:
  - - glass_biax
    - 0.002
    - 0.0
  - - medium_density_foam
    - 0.03
    - 0.0
  - - glass_biax
    - 0.002
    - 0.0
- type: shell
  elementSet: layup_6
  layup:
  - - glass_biax
    - 0.002
    - 0.0
  - - medium_density_foam
    - 0.0244
    - 0.0
  - - glass_biax
    - 0.002
    - 0.0
elementOrientations:
- [0.0, 0.0, 1.0, -0.988639775057769, 0.15030434183257566, 0.0, -0.15030434183257566,
  -0.988639775057769, 0.0]
- [0.0, 0.0, 1.0, -0.9785583957511739, 0.20596957567779048, 0.0, -0.20596957567779048,
  -0.9785583957511739, 0.0]
- [0.0, 0.0, 1.0, -0.9786484972622549, 0.20554103922655056, 0.0, -0.20554103922655056,
  -0.9786484972622549, 0.0]
- [0.0, 0.0, 1.0, -0.9786515907272121, 0.20552630967128538, 0.0, -0.20552630967128538,
  -0.9786515907272121, 0.0]
- [0.0, 0.0, 1.0, -0.9787513185410778, 0.2050508630903602, 0.0, -0.2050508630903602,
  -0.9787513185410778, 0.0]
- [0.0, 0.0, 1.0, -0.9787368056221579, 0.2051201241237298, 0.0, -0.2051201241237298,
  -0.9787368056221579, 0.0]
- [0.0, 0.0, 1.0, -0.9784144171946041, 0.2066524333893583, 0.0, -0.2066524333893583,
  -0.9784144171946041, 0.0]
- [0.0, 0.0, 1.0, -0.9782754844927574, 0.20730913255440775, 0.0, -0.20730913255440775,
  -0.9782754844927574, 0.0]
- [0.0, 0.0, 1.0, -0.977804326158619, 0.20952016548649657, 0.0, -0.20952016548649657,
  -0.977804326158619, 0.0]
- [0.0, 0.0, 1.0, -0.9775643301977313, 0.21063708202750342, 0.0, -0.21063708202750342,
  -0.9775643301977313, 0.0]
- [0.0, 0.0, 1.0, -0.9774229969569709, 0.2112919426283292, 0.0, -0.2112919426283292,
  -0.9774229969569709, 0.0]
- [0.0, 0.0, 1.0, -0.9769707355635603, 0.21337333913213255, 0.0, -0.21337333913213255,
  -0.9769707355635603, 0.0]
- [0.0, 0.0, 1.0, -0.9768943031205942, 0.2137229995356802, 0.0, -0.2137229995356802,
  -0.9768943031205942, 0.0]
- [0.0, 0.0, 1.0, -0.9766407244844421, 0.21487879206311686, 0.0, -0.21487879206311686,
  -0.9766407244844421, 0.0]
- [0.0, 0.0, 1.0, -0.9763521557548858, 0.2161861881637848, 0.0, -0.2161861881637848,
  -0.9763521557548858, 0.0]
- [0.0, 0.0, 1.0, -0.9762365818298516, 0.2167074901731994, 0.0, -0.2167074901731994,
  -0.9762365818298516, 0.0]
- [0.0, 0.0, 1.0, -0.9761235887798948, 0.2172158820792322, 0.0, -0.2172158820792322,
  -0.9761235887798948, 0.0]
- [0.0, 0.0, 1.0, -0.9759300659653086, 0.21808371407546384, 0.0, -0.21808371407546384,
  -0.9759300659653086, 0.0]
- [0.0, 0.0, 1.0, -0.9758558946757923, 0.21841536765188738, 0.0, -0.21841536765188738,
  -0.9758558946757923, 0.0]
- [0.0, 0.0, 1.0, -0.9757222296084179, 0.21901171349491302, 0.0, -0.21901171349491302,
  -0.9757222296084179, 0.0]
- [0.0, 0.0, 1.0, -0.975531504029724, 0.21985969308971737, 0.0, -0.21985969308971737,
  -0.975531504029724, 0.0]
- [0.0, 0.0, 1.0, -0.9755155325479681, 0.21993054757730715, 0.0, -0.21993054757730715,
  -0.9755155325479681, 0.0]
- [0.0, 0.0, 1.0, -0.9968940900160133, 0.07875387794353216, 0.0, -0.07875387794353216,
  -0.9968940900160133, 0.0]
- [0.0, 0.0, 1.0, -0.9964731315459812, 0.08391244309961352, 0.0, -0.08391244309961352,
  -0.9964731315459812, 0.0]
- [0.0, 0.0, 1.0, -0.9754177213901181, 0.22036394623011668, 0.0, -0.22036394623011668,
  -0.9754177213901181, 0.0]
- [0.0, 0.0, 1.0, -0.9755236329805684, 0.21989461452339615, 0.0, -0.21989461452339615,
  -0.9755236329805684, 0.0]
- [0.0, 0.0, 1.0, -0.9755168178589789, 0.2199248464232537, 0.0, -0.2199248464232537,
  -0.9755168178589789, 0.0]
- [0.0, 0.0, 1.0, -0.9756491050851692, 0.2193372374826224, 0.0, -0.2193372374826224,
  -0.9756491050851692, 0.0]
- [0.0, 0.0, 1.0, -0.9757139539399552, 0.21904857928518692, 0.0, -0.21904857928518692,
  -0.9757139539399552, 0.0]
- [0.0, 0.0, 1.0, -0.975891772813333, 0.2182550062547255, 0.0, -0.2182550062547255,
  -0.975891772813333, 0.0]
- [0.0, 0.0, 1.0, -0.9761859650027849, 0.21693538607516646, 0.0, -0.21693538607516646,
  -0.9761859650027849, 0.0]
- [0.0, 0.0, 1.0, -0.9762991702689512, 0.21642534540149722, 0.0, -0.21642534540149722,
  -0.9762991702689512, 0.0]
- [0.0, 0.0, 1.0, -0.9765368915746047, 0.21535017853210336, 0.0, -0.21535017853210336,
  -0.9765368915746047, 0.0]
- [0.0, 0.0, 1.0, -0.976971471374108, 0.21336997005462263, 0.0, -0.21336997005462263,
  -0.976971471374108, 0.0]
- [0.0, 0.0, 1.0, -0.9771763847988252, 0.21242954830130997, 0.0, -0.21242954830130997,
  -0.9771763847988252, 0.0]
- [0.0, 0.0, 1.0, -0.9775141133123446, 0.21087000326073174, 0.0, -0.21087000326073174,
  -0.9775141133123446, 0.0]
- [0.0, 0.0, 1.0, -0.9777513463105296, 0.20976726338479704, 0.0, -0.20976726338479704,
  -0.9777513463105296, 0.0]
- [0.0, 0.0, 1.0, -0.9784958926200765, 0.2062663039025994, 0.0, -0.2062663039025994,
  -0.9784958926200765, 0.0]
- [0.0, 0.0, 1.0, -0.9787701457295686, 0.20496097635530294, 0.0, -0.20496097635530294,
  -0.9787701457295686, 0.0]
- [0.0, 0.0, 1.0, -0.9789981943936513, 0.2038689171354236, 0.0, -0.2038689171354236,
  -0.9789981943936513, 0.0]
- [0.0, 0.0, 1.0, -0.9797736294162586, 0.20010905801710283, 0.0, -0.20010905801710283,
  -0.9797736294162586, 0.0]
- [0.0, 0.0, 1.0, -0.9804447646537245, 0.19679447010295475, 0.0, -0.19679447010295475,
  -0.9804447646537245, 0.0]
- [0.0, 0.0, 1.0, -0.9808065849666734, 0.1949831861623244, 0.0, -0.1949831861623244,
  -0.9808065849666734, 0.0]
- [0.0, 0.0, 1.0, -0.9811292026547849, 0.19335327175402578, 0.0, -0.19335327175402578,
  -0.9811292026547849, 0.0]
- [0.0, 0.0, 1.0, -0.9822918777363507, 0.18735705733490293, 0.0, -0.18735705733490293,
  -0.9822918777363507, 0.0]
- [0.0, 0.0, 1.0, -0.9827886417972151, 0.18473355286570256, 0.0, -0.18473355286570256,
  -0.9827886417972151, 0.0]
- [0.0, 0.0, 1.0, -0.9831202167376776, 0.18296075929461444, 0.0, -0.18296075929461444,
  -0.9831202167376776, 0.0]
- [0.0, 0.0, 1.0, -0.9837554247036301, 0.1795139670504234, 0.0, -0.1795139670504234,
  -0.9837554247036301, 0.0]
- [0.0, 0.0, 1.0, -0.9850482869948851, 0.17227847308483574, 0.0, -0.17227847308483574,
  -0.9850482869948851, 0.0]
- [0.0, 0.0, 1.0, -0.9854374305285382, 0.17003843834060645, 0.0, -0.17003843834060645,
  -0.9854374305285382, 0.0]
- [0.0, 0.0, 1.0, -0.9857507201333374, 0.16821271579939087, 0.0, -0.16821271579939087,
  -0.9857507201333374, 0.0]
- [0.0, 0.0, 1.0, -0.9868485864137764, 0.16164735535458555, 0.0, -0.16164735535458555,
  -0.9868485864137764, 0.0]
- [0.0, 0.0, 1.0, -0.9879256971833394, 0.15492842490909386, 0.0, -0.15492842490909386,
  -0.9879256971833394, 0.0]
- [0.0, 0.0, 1.0, -0.9882830934537924, 0.15263199924459736, 0.0, -0.15263199924459736,
  -0.9882830934537924, 0.0]
- [0.0, 0.0, 1.0, -0.988763794321428, 0.1494863172303501, 0.0, -0.1494863172303501,
  -0.988763794321428, 0.0]
- [0.0, 0.0, 1.0, -0.9904110263821608, 0.13815208583526611, 0.0, -0.13815208583526611,
  -0.9904110263821608, 0.0]
- [0.0, 0.0, 1.0, -0.991055400722981, 0.13345108728598415, 0.0, -0.13345108728598415,
  -0.991055400722981, 0.0]
- [0.0, 0.0, 1.0, -0.9914445249512697, 0.1305287475775028, 0.0, -0.1305287475775028,
  -0.9914445249512697, 0.0]
- [0.0, 0.0, 1.0, -0.9922863499152391, 0.12396693015434333, 0.0, -0.12396693015434333,
  -0.9922863499152391, 0.0]
- [0.0, 0.0, 1.0, -0.993702746311416, 0.11204843583535448, 0.0, -0.11204843583535448,
  -0.993702746311416, 0.0]
- [0.0, 0.0, 1.0, -0.9941592252675184, 0.10792328208263319, 0.0, -0.10792328208263319,
  -0.9941592252675184, 0.0]
- [0.0, 0.0, 1.0, -0.9945380135771021, 0.10437499485083447, 0.0, -0.10437499485083447,
  -0.9945380135771021, 0.0]
- [0.0, 0.0, 1.0, -0.9958792148375266, 0.09068952229773475, 0.0, -0.09068952229773475,
  -0.9958792148375266, 0.0]
- [0.0, 0.0, 1.0, -0.9978130250758247, -0.06609967465148177, 0.0, 0.06609967465148177,
  -0.9978130250758247, 0.0]
- [0.0, 0.0, 1.0, -0.9963497416679036, -0.08536505302699558, 0.0, 0.08536505302699558,
  -0.9963497416679036, 0.0]
- [0.0, 0.0, 1.0, -0.9974630678114749, 0.0711858718575598, 0.0, -0.0711858718575598,
  -0.9974630678114749, 0.0]
- [0.0, 0.0, 1.0, -0.9984864308182178, 0.05499861336339412, 0.0, -0.05499861336339412,
  -0.9984864308182178, 0.0]
- [0.0, 0.0, 1.0, -0.9988619992568948, 0.04769388263204399, 0.0, -0.04769388263204399,
  -0.9988619992568948, 0.0]
- [0.0, 0.0, 1.0, -0.9991058296306216, 0.0422793235294413, 0.0, -0.0422793235294413,
  -0.9991058296306216, 0.0]
- [0.0, 0.0, 1.0, -0.9996429624286605, 0.026719799154405522, 0.0, -0.026719799154405522,
  -0.9996429624286605, 0.0]
- [0.0, 0.0, 1.0, -0.9999284853908095, 0.011959268541252992, 0.0, -0.011959268541252992,
  -0.9999284853908095, 0.0]
- [0.0, 0.0, 1.0, -0.9999880207863397, 0.00489471999391985, 0.0, -0.00489471999391985,
  -0.9999880207863397, 0.0]
- [0.0, 0.0, 1.0, -0.999976594763722, -0.0068417778940144, 0.0, 0.0068417778940144,
  -0.999976594763722, 0.0]
- [0.0, 0.0, 1.0, -0.9995786727405778, -0.02902545438378425, 0.0, 0.02902545438378425,
  -0.9995786727405778, 0.0]
- [0.0, 0.0, 1.0, -0.9993116713698212, -0.03709694682928169, 0.0, 0.03709694682928169,
  -0.9993116713698212, 0.0]
- [0.0, 0.0, 1.0, -0.998866818389328, -0.04759284736996796, 0.0, 0.04759284736996796,
  -0.998866818389328, 0.0]
- [0.0, 0.0, 1.0, -0.9972723151620158, -0.07381009017331702, 0.0, 0.07381009017331702,
  -0.9972723151620158, 0.0]
- [0.0, 0.0, 1.0, -0.9964528670015208, -0.08415274115826181, 0.0, 0.08415274115826181,
  -0.9964528670015208, 0.0]
- [0.0, 0.0, 1.0, -0.9956832810828405, -0.09281596722606075, 0.0, 0.09281596722606075,
  -0.9956832810828405, 0.0]
- [0.0, 0.0, 1.0, -0.9923140301339012, -0.12374516394354663, 0.0, 0.12374516394354663,
  -0.9923140301339012, 0.0]
- [0.0, 0.0, 1.0, -0.9907477100390827, -0.13571652461035733, 0.0, 0.13571652461035733,
  -0.9907477100390827, 0.0]
- [0.0, 0.0, 1.0, -0.9889935709483522, -0.1479584962846909, 0.0, 0.1479584962846909,
  -0.9889935709483522, 0.0]
- [0.0, 0.0, 1.0, -0.9837311546148688, -0.17964691881604036, 0.0, 0.17964691881604036,
  -0.9837311546148688, 0.0]
- [0.0, 0.0, 1.0, -0.981260856461282, -0.19268402003506033, 0.0, 0.19268402003506033,
  -0.981260856461282, 0.0]
- [0.0, 0.0, 1.0, -0.9777939845180623, -0.2095684228129117, 0.0, 0.2095684228129117,
  -0.9777939845180623, 0.0]
- [0.0, 0.0, 1.0, -0.9704076706233344, -0.24147246798629857, 0.0, 0.24147246798629857,
  -0.9704076706233344, 0.0]
- [0.0, 0.0, 1.0, -0.9672112873741395, -0.2539730804161333, 0.0, 0.2539730804161333,
  -0.9672112873741395, 0.0]
- [0.0, 0.0, 1.0, -0.9593603534210933, -0.28218382711231876, 0.0, 0.28218382711231876,
  -0.9593603534210933, 0.0]
- [0.0, 0.0, 1.0, -0.9519098035647968, -0.3063784030855145, 0.0, 0.3063784030855145,
  -0.9519098035647968, 0.0]
- [0.0, 0.0, 1.0, -0.9468809944870059, -0.32158417603995776, 0.0, 0.32158417603995776,
  -0.9468809944870059, 0.0]
- [0.0, 0.0, 1.0, -0.9350527278999541, -0.35450866850735013, 0.0, 0.35450866850735013,
  -0.9350527278999541, 0.0]
- [0.0, 0.0, 1.0, -0.9788891026311504, -0.2043920858301048, 0.0, 0.2043920858301048,
  -0.9788891026311504, 0.0]
- [0.0, 0.0, 1.0, -0.9700632364913806, -0.24285245975255826, 0.0, 0.24285245975255826,
  -0.9700632364913806, 0.0]
- [0.0, 0.0, 1.0, -0.9039143581793644, -0.42771349414904797, 0.0, 0.42771349414904797,
  -0.9039143581793644, 0.0]
- [0.0, 0.0, 1.0, -0.8942878322912775, -0.4474922044189911, 0.0, 0.4474922044189911,
  -0.8942878322912775, 0.0]
- [0.0, 0.0, 1.0, -0.8746083021330877, -0.48483019485163814, 0.0, 0.48483019485163814,
  -0.8746083021330877, 0.0]
- [0.0, 0.0, 1.0, -0.8617533664759796, -0.5073274439327288, 0.0, 0.5073274439327288,
  -0.8617533664759796, 0.0]
- [0.0, 0.0, 1.0, -0.8335047965014797, -0.5525122208684863, 0.0, 0.5525122208684863,
  -0.8335047965014797, 0.0]
- [0.0, 0.0, 1.0, -0.8992851229986835, -0.43736285570821276, 0.0, 0.43736285570821276,
  -0.8992851229986835, 0.0]
- [0.0, 0.0, 1.0, -0.8664958299835934, -0.49918431127294394, 0.0, 0.49918431127294394,
  -0.8664958299835934, 0.0]
- [0.0, 0.0, 1.0, -0.7520947178767277, -0.6590550321042435, 0.0, 0.6590550321042435,
  -0.7520947178767277, 0.0]
- [0.0, 0.0, 1.0, -0.7032737748858849, -0.710919121671205, 0.0, 0.710919121671205,
  -0.7032737748858849, 0.0]
- [0.0, 0.0, 1.0, -0.6414298533126415, -0.7671816885714382, 0.0, 0.7671816885714382,
  -0.6414298533126415, 0.0]
- [0.0, 0.0, 1.0, -0.5678387099057033, -0.823139842027238, 0.0, 0.823139842027238,
  -0.5678387099057033, 0.0]
- [0.0, 0.0, 1.0, -0.4595502865288243, -0.8881517517582654, 0.0, 0.8881517517582654,
  -0.4595502865288243, 0.0]
- [0.0, 0.0, 1.0, -0.29608358174505095, -0.9551620347464727, 0.0, 0.9551620347464727,
  -0.29608358174505095, 0.0]
- [0.0, 0.0, 1.0, -0.09864357427447178, -0.9951228292298178, 0.0, 0.9951228292298178,
  -0.09864357427447178, 0.0]
- [0.0, 0.0, 1.0, 0.1471815040126843, -0.9891095009535418, 0.0, 0.9891095009535418,
  0.1471815040126843, 0.0]
- [0.0, 0.0, 1.0, 0.40360750470331586, -0.9149322281716623, 0.0, 0.9149322281716623,
  0.40360750470331586, 0.0]
- [0.0, 0.0, 1.0, 0.56287442132458, -0.8265424283232646, 0.0, 0.8265424283232646,
  0.56287442132458, 0.0]
- [0.0, 0.0, 1.0, 0.6607158005773525, -0.7506361507864034, 0.0, 0.7506361507864034,
  0.6607158005773525, 0.0]
- [0.0, 0.0, 1.0, 0.7225857322384942, -0.6912813172402096, 0.0, 0.6912813172402096,
  0.7225857322384942, 0.0]
- [0.0, 0.0, 1.0, 0.7648214917962799, -0.6442422569860757, 0.0, 0.6442422569860757,
  0.7648214917962799, 0.0]
- [0.0, 0.0, 1.0, 0.7974580690488949, -0.6033743681238107, 0.0, 0.6033743681238107,
  0.7974580690488949, 0.0]
- [0.0, 0.0, 1.0, 0.9027241390029622, -0.4302198610726389, 0.0, 0.4302198610726389,
  0.9027241390029622, 0.0]
- [0.0, 0.0, 1.0, 0.9149364712090216, -0.4035978860841362, 0.0, 0.4035978860841362,
  0.9149364712090216, 0.0]
- [0.0, 0.0, 1.0, 0.8625503332934603, -0.5059712665115882, 0.0, 0.5059712665115882,
  0.8625503332934603, 0.0]
- [0.0, 0.0, 1.0, 0.8747149808560737, -0.48463770206821366, 0.0, 0.48463770206821366,
  0.8747149808560737, 0.0]
- [0.0, 0.0, 1.0, 0.892704652362237, -0.4506422124599712, 0.0, 0.4506422124599712,
  0.892704652362237, 0.0]
- [0.0, 0.0, 1.0, 0.9024729156959984, -0.43074660350972416, 0.0, 0.43074660350972416,
  0.9024729156959984, 0.0]
- [0.0, 0.0, 1.0, 0.9156620309746487, -0.40194905775655415, 0.0, 0.40194905775655415,
  0.9156620309746487, 0.0]
- [0.0, 0.0, 1.0, 0.9256578703429583, -0.37836160887719433, 0.0, 0.37836160887719433,
  0.9256578703429583, 0.0]
- [0.0, 0.0, 1.0, 0.9769049668261235, -0.21367425158509526, 0.0, 0.21367425158509526,
  0.9769049668261235, 0.0]
- [0.0, 0.0, 1.0, 0.9763071672680188, -0.21638926761994662, 0.0, 0.21638926761994662,
  0.9763071672680188, 0.0]
- [0.0, 0.0, 1.0, 0.9512887031063194, -0.308301481252194, 0.0, 0.308301481252194,
  0.9512887031063194, 0.0]
- [0.0, 0.0, 1.0, 0.9620337435062171, -0.2729305339375098, 0.0, 0.2729305339375098,
  0.9620337435062171, 0.0]
- [0.0, 0.0, 1.0, 0.9654766539462621, -0.26048959803556365, 0.0, 0.26048959803556365,
  0.9654766539462621, 0.0]
- [0.0, 0.0, 1.0, 0.9711828310412237, -0.2383357058662299, 0.0, 0.2383357058662299,
  0.9711828310412237, 0.0]
- [0.0, 0.0, 1.0, 0.9773687007814242, -0.21154295718087746, 0.0, 0.21154295718087746,
  0.9773687007814242, 0.0]
- [0.0, 0.0, 1.0, 0.9798142529009547, -0.19991005430479003, 0.0, 0.19991005430479003,
  0.9798142529009547, 0.0]
- [0.0, 0.0, 1.0, 0.9849672005813397, -0.17274146514070995, 0.0, 0.17274146514070995,
  0.9849672005813397, 0.0]
- [0.0, 0.0, 1.0, 0.9882560393387076, -0.15280707022442047, 0.0, 0.15280707022442047,
  0.9882560393387076, 0.0]
- [0.0, 0.0, 1.0, 0.9898520897502612, -0.14210151447835173, 0.0, 0.14210151447835173,
  0.9898520897502612, 0.0]
- [0.0, 0.0, 1.0, 0.993483487076817, -0.11397614182664849, 0.0, 0.11397614182664849,
  0.993483487076817, 0.0]
- [0.0, 0.0, 1.0, 0.995266223872233, -0.09718612873814052, 0.0, 0.09718612873814052,
  0.995266223872233, 0.0]
- [0.0, 0.0, 1.0, 0.9961655672636474, -0.0874880711771368, 0.0, 0.0874880711771368,
  0.9961655672636474, 0.0]
- [0.0, 0.0, 1.0, 0.9981092487675014, -0.06146484787888007, 0.0, 0.06146484787888007,
  0.9981092487675014, 0.0]
- [0.0, 0.0, 1.0, 0.9989956854953409, -0.044806476782873535, 0.0, 0.044806476782873535,
  0.9989956854953409, 0.0]
- [0.0, 0.0, 1.0, 0.9993608270258264, -0.03574825039433707, 0.0, 0.03574825039433707,
  0.9993608270258264, 0.0]
- [0.0, 0.0, 1.0, 0.9999105256812535, -0.013376869283918756, 0.0, 0.013376869283918756,
  0.9999105256812535, 0.0]
- [0.0, 0.0, 1.0, 0.9999744467019559, 0.007148842082274163, 0.0, -0.007148842082274163,
  0.9999744467019559, 0.0]
- [0.0, 0.0, 1.0, 0.9998894335736312, 0.01487012534590296, 0.0, -0.01487012534590296,
  0.9998894335736312, 0.0]
- [0.0, 0.0, 1.0, 0.9995144004785206, 0.031160282990749574, 0.0, -0.031160282990749574,
  0.9995144004785206, 0.0]
- [0.0, 0.0, 1.0, 0.9984204797632121, 0.05618314328512794, 0.0, -0.05618314328512794,
  0.9984204797632121, 0.0]
- [0.0, 0.0, 1.0, 0.9979146009749993, 0.06454803762243794, 0.0, -0.06454803762243794,
  0.9979146009749993, 0.0]
- [0.0, 0.0, 1.0, 0.9972438991576186, 0.07419302927438272, 0.0, -0.07419302927438272,
  0.9972438991576186, 0.0]
- [0.0, 0.0, 1.0, 0.9950106435644104, 0.09976882876699456, 0.0, -0.09976882876699456,
  0.9950106435644104, 0.0]
- [0.0, 0.0, 1.0, 0.9937609185970422, 0.11153132595447282, 0.0, -0.11153132595447282,
  0.9937609185970422, 0.0]
- [0.0, 0.0, 1.0, 0.9928470398112368, 0.11939328095862108, 0.0, -0.11939328095862108,
  0.9928470398112368, 0.0]
- [0.0, 0.0, 1.0, 0.9997061629117513, -0.024240211143119583, 0.0, 0.024240211143119583,
  0.9997061629117513, 0.0]
- [0.0, 0.0, 1.0, 0.9999873877995167, 0.0050223741297286476, 0.0, -0.0050223741297286476,
  0.9999873877995167, 0.0]
- [0.0, 0.0, 1.0, 0.9864554781828883, 0.1640292338669221, 0.0, -0.1640292338669221,
  0.9864554781828883, 0.0]
- [0.0, 0.0, 1.0, 0.9853971664512399, 0.17027161933178275, 0.0, -0.17027161933178275,
  0.9853971664512399, 0.0]
- [0.0, 0.0, 1.0, 0.9819313864547451, 0.1892372909736927, 0.0, -0.1892372909736927,
  0.9819313864547451, 0.0]
- [0.0, 0.0, 1.0, 0.9784807005620673, 0.20633835956400837, 0.0, -0.20633835956400837,
  0.9784807005620673, 0.0]
- [0.0, 0.0, 1.0, 0.9772642438583047, 0.21202499304576286, 0.0, -0.21202499304576286,
  0.9772642438583047, 0.0]
- [0.0, 0.0, 1.0, 0.9760411194306288, 0.21758615116915148, 0.0, -0.21758615116915148,
  0.9760411194306288, 0.0]
- [0.0, 0.0, 1.0, 0.9702031326639287, 0.24229296599179073, 0.0, -0.24229296599179073,
  0.9702031326639287, 0.0]
- [0.0, 0.0, 1.0, 0.9680932235836258, 0.25059032393822356, 0.0, -0.25059032393822356,
  0.9680932235836258, 0.0]
- [0.0, 0.0, 1.0, 0.9668180542843517, 0.2554659466735642, 0.0, -0.2554659466735642,
  0.9668180542843517, 0.0]
- [0.0, 0.0, 1.0, 0.964830137680092, 0.26287412467607935, 0.0, -0.26287412467607935,
  0.964830137680092, 0.0]
- [0.0, 0.0, 1.0, 0.9594597734133563, 0.28184560170701795, 0.0, -0.28184560170701795,
  0.9594597734133563, 0.0]
- [0.0, 0.0, 1.0, 0.9579859085462817, 0.2868152698632954, 0.0, -0.2868152698632954,
  0.9579859085462817, 0.0]
- [0.0, 0.0, 1.0, 0.9567491197390653, 0.2909142861368683, 0.0, -0.2909142861368683,
  0.9567491197390653, 0.0]
- [0.0, 0.0, 1.0, 0.9544409310032453, 0.2983999149223373, 0.0, -0.2983999149223373,
  0.9544409310032453, 0.0]
- [0.0, 0.0, 1.0, 0.9509207229026254, 0.30943461143567674, 0.0, -0.30943461143567674,
  0.9509207229026254, 0.0]
- [0.0, 0.0, 1.0, 0.9498044346680447, 0.31284426778337493, 0.0, -0.31284426778337493,
  0.9498044346680447, 0.0]
- [0.0, 0.0, 1.0, 0.9488785655292448, 0.31564135958261635, 0.0, -0.31564135958261635,
  0.9488785655292448, 0.0]
- [0.0, 0.0, 1.0, 0.9471733156761033, 0.3207221695972024, 0.0, -0.3207221695972024,
  0.9471733156761033, 0.0]
- [0.0, 0.0, 1.0, 0.9453515403523143, 0.3260528563799233, 0.0, -0.3260528563799233,
  0.9453515403523143, 0.0]
- [0.0, 0.0, 1.0, 0.9446417862096005, 0.3281034832895493, 0.0, -0.3281034832895493,
  0.9446417862096005, 0.0]
- [0.0, 0.0, 1.0, 0.9442528642863197, 0.32922109332040245, 0.0, -0.32922109332040245,
  0.9442528642863197, 0.0]
- [0.0, 0.0, 1.0, 0.944004943395499, 0.32993130625156025, 0.0, -0.32993130625156025,
  0.944004943395499, 0.0]
- [0.0, 0.0, 1.0, 0.9440637451614416, 0.3297630134987131, 0.0, -0.3297630134987131,
  0.9440637451614416, 0.0]
- [0.0, 0.0, 1.0, 0.9440190198634836, 0.32989102766821, 0.0, -0.32989102766821, 0.9440190198634836,
  0.0]
- [0.0, 0.0, 1.0, 0.9443209547253162, 0.3290257352649899, 0.0, -0.3290257352649899,
  0.9443209547253162, 0.0]
- [0.0, 0.0, 1.0, 0.9462663208007439, 0.32338838896630734, 0.0, -0.32338838896630734,
  0.9462663208007439, 0.0]
- [0.0, 0.0, 1.0, 0.9472389382429828, 0.32052830432944074, 0.0, -0.32052830432944074,
  0.9472389382429828, 0.0]
- [0.0, 0.0, 1.0, 0.9479029888546895, 0.31855913692805354, 0.0, -0.31855913692805354,
  0.9479029888546895, 0.0]
- [0.0, 0.0, 1.0, 0.9494296240166334, 0.31397991821075794, 0.0, -0.31397991821075794,
  0.9494296240166334, 0.0]
- [0.0, 0.0, 1.0, 0.9536827823543396, 0.3008141463443592, 0.0, -0.3008141463443592,
  0.9536827823543396, 0.0]
- [0.0, 0.0, 1.0, 0.9549706361031016, 0.29670032723412565, 0.0, -0.29670032723412565,
  0.9549706361031016, 0.0]
- [0.0, 0.0, 1.0, 0.9561625691927517, 0.2928363728683929, 0.0, -0.2928363728683929,
  0.9561625691927517, 0.0]
- [0.0, 0.0, 1.0, 0.9599463703437132, 0.2801838076405033, 0.0, -0.2801838076405033,
  0.9599463703437132, 0.0]
- [0.0, 0.0, 1.0, 0.9636676751959683, 0.267104121612523, 0.0, -0.267104121612523,
  0.9636676751959683, 0.0]
- [0.0, 0.0, 1.0, 0.9650776941508451, 0.2619638224115836, 0.0, -0.2619638224115836,
  0.9650776941508451, 0.0]
- [0.0, 0.0, 1.0, 0.9667931659053381, 0.2555601188736877, 0.0, -0.2555601188736877,
  0.9667931659053381, 0.0]
- [0.0, 0.0, 1.0, 0.9733300423285114, 0.22940930386707964, 0.0, -0.22940930386707964,
  0.9733300423285114, 0.0]
- [0.0, 0.0, 1.0, 0.974807521759887, 0.22304774269278588, 0.0, -0.22304774269278588,
  0.974807521759887, 0.0]
- [0.0, 0.0, 1.0, 0.9968744886112748, 0.07900160730016317, 0.0, -0.07900160730016317,
  0.9968744886112748, 0.0]
- [0.0, 0.0, 1.0, 0.9987693356755759, 0.04959651312510648, 0.0, -0.04959651312510648,
  0.9987693356755759, 0.0]
- [0.0, 0.0, 1.0, 0.9845658897676426, 0.1750143100036392, 0.0, -0.1750143100036392,
  0.9845658897676426, 0.0]
- [0.0, 0.0, 1.0, 0.9859345334623848, 0.16713197098792706, 0.0, -0.16713197098792706,
  0.9859345334623848, 0.0]
- [0.0, 0.0, 1.0, 0.9889963731345369, 0.14793976452168484, 0.0, -0.14793976452168484,
  0.9889963731345369, 0.0]
- [0.0, 0.0, 1.0, 0.9917523154556462, 0.12816920374397361, 0.0, -0.12816920374397361,
  0.9917523154556462, 0.0]
- [0.0, 0.0, 1.0, 0.9928383334699628, 0.11946565863287692, 0.0, -0.11946565863287692,
  0.9928383334699628, 0.0]
- [0.0, 0.0, 1.0, 0.9946587114123145, 0.10321844705087357, 0.0, -0.10321844705087357,
  0.9946587114123145, 0.0]
- [0.0, 0.0, 1.0, 0.9965780619705288, 0.0826569198498517, 0.0, -0.0826569198498517,
  0.9965780619705288, 0.0]
- [0.0, 0.0, 1.0, 0.9972648211366617, 0.07391127466944544, 0.0, -0.07391127466944544,
  0.9972648211366617, 0.0]
- [0.0, 0.0, 1.0, 0.9984869273321523, 0.05498959853278854, 0.0, -0.05498959853278854,
  0.9984869273321523, 0.0]
- [0.0, 0.0, 1.0, 0.9993929929422316, 0.03483741749855459, 0.0, -0.03483741749855459,
  0.9993929929422316, 0.0]
- [0.0, 0.0, 1.0, 0.9996939309835574, 0.024739530202544276, 0.0, -0.024739530202544276,
  0.9996939309835574, 0.0]
