nodes:
- [4.59342041 0.06748297 0.00000000]
- [4.53663893 0.07866903 0.00000000]
- [4.47207848 0.09486789 0.00000000]
- [4.40749013 0.11093678 0.00000000]
- [4.34286938 0.12691259 0.00000000]
- [4.27822445 0.14284437 0.00000000]
- [4.21357213 0.15880081 0.00000000]
- [4.14893250 0.17482976 0.00000000]
- [4.08429693 0.19092954 0.00000000]
- [4.01970520 0.20722053 0.00000000]
- [3.95515278 0.22361174 0.00000000]
- [3.89061649 0.24007090 0.00000000]
- [3.82611450 0.25664233 0.00000000]
- [3.75918261 0.26374535 0.00000000]
- [3.69254027 0.27081442 0.00000000]
- [3.62837722 0.28747069 0.00000000]
- [3.56422418 0.30412542 0.00000000]
- [3.50008615 0.32084692 0.00000000]
- [3.43596649 0.33757394 0.00000000]
- [3.37184238 0.35430656 0.00000000]
- [3.30774302 0.37106615 0.00000000]
- [3.24363597 0.38776290 0.00000000]
- [3.17951710 0.40446210 0.00000000]
- [3.11540131 0.42114442 0.00000000]
- [3.05127861 0.43779865 0.00000000]
- [2.98715266 0.45443611 0.00000000]
- [2.92302958 0.47103864 0.00000000]
- [2.85889793 0.48757913 0.00000000]
- [2.79474396 0.50406216 0.00000000]
- [2.73058252 0.52051223 0.00000000]
- [2.66643673 0.53689126 0.00000000]
- [2.60225068 0.55311353 0.00000000]
- [2.53802375 0.56928083 0.00000000]
- [2.47379676 0.58538682 0.00000000]
- [2.40955363 0.60137166 0.00000000]
- [2.34528208 0.61724719 0.00000000]
- [2.28096997 0.63301271 0.00000000]
- [2.21666746 0.64871236 0.00000000]
- [2.15232849 0.66420048 0.00000000]
- [2.08793366 0.67958085 0.00000000]
- [2.02351597 0.69486362 0.00000000]
- [1.95719140 0.71047278 0.00000000]
- [1.89079902 0.72580685 0.00000000]
- [1.82434554 0.74104381 0.00000000]
- [1.75788427 0.75614793 0.00000000]
- [1.69143152 0.77104847 0.00000000]
- [1.62488019 0.78561806 0.00000000]
- [1.55826411 0.80010144 0.00000000]
- [1.49167255 0.81441195 0.00000000]
- [1.42503238 0.82838370 0.00000000]
- [1.35830823 0.84211341 0.00000000]
- [1.29153030 0.85563968 0.00000000]
- [1.22477358 0.86895206 0.00000000]
- [1.15794230 0.88180767 0.00000000]
- [1.09100042 0.89441503 0.00000000]
- [1.02406099 0.90680590 0.00000000]
- [0.95713760 0.91875286 0.00000000]
- [0.89006811 0.93012285 0.00000000]
- [0.82288992 0.94125337 0.00000000]
- [0.75576646 0.95204974 0.00000000]
- [0.68857629 0.96216020 0.00000000]
- [0.62123499 0.97181172 0.00000000]
- [0.55384244 0.98110828 0.00000000]
- [0.48651822 0.98992084 0.00000000]
- [0.41907363 0.99785422 0.00000000]
- [0.35146671 1.00537581 0.00000000]
- [0.28394740 1.01245824 0.00000000]
- [0.21604682 1.01413839 0.00000000]
- [0.11804060 1.01741685 0.00000000]
- [0.05223934 1.02197126 0.00000000]
- [-0.01360119 1.02544101 0.00000000]
- [-0.07964089 1.02819858 0.00000000]
- [-0.14564728 1.03037717 0.00000000]
- [-0.21141790 1.03166173 0.00000000]
- [-0.27728621 1.03157409 0.00000000]
- [-0.34329813 1.03085675 0.00000000]
- [-0.40898898 1.02923175 0.00000000]
- [-0.47463720 1.02604192 0.00000000]
- [-0.54048647 1.02197055 0.00000000]
- [-0.60584604 1.01713788 0.00000000]
- [-0.67088686 1.01010952 0.00000000]
- [-0.76457204 1.00280367 0.00000000]
- [-0.82963073 0.99735055 0.00000000]
- [-0.89389323 0.98537639 0.00000000]
- [-0.95798054 0.97233594 0.00000000]
- [-1.02138031 0.95741449 0.00000000]
- [-1.08445028 0.94041005 0.00000000]
- [-1.14707518 0.92221887 0.00000000]
- [-1.20877493 0.90168400 0.00000000]
- [-1.26999658 0.87922143 0.00000000]
- [-1.33034658 0.85516759 0.00000000]
- [-1.38956534 0.82845830 0.00000000]
- [-1.44803760 0.80006924 0.00000000]
- [-1.50505359 0.76935864 0.00000000]
- [-1.56077891 0.73622787 0.00000000]
- [-1.61507916 0.70106303 0.00000000]
- [-1.66758927 0.66324718 0.00000000]
- [-1.71849094 0.62355774 0.00000000]
- [-1.76692917 0.58098313 0.00000000]
- [-1.81345403 0.53651488 0.00000000]
- [-1.85686445 0.48911070 0.00000000]
- [-1.89796585 0.43985757 0.00000000]
- [-1.93523596 0.38793243 0.00000000]
- [-1.96923300 0.33380278 0.00000000]
- [-2.00881601 0.28260774 0.00000000]
- [-2.04305675 0.22709483 0.00000000]
- [-2.06226626 0.16503579 0.00000000]
- [-2.07599451 0.10154533 0.00000000]
- [-2.08366357 0.03721105 0.00000000]
- [-2.08404880 -0.02722038 0.00000000]
- [-2.07584692 -0.09127269 0.00000000]
- [-2.06098382 -0.15436803 0.00000000]
- [-2.04004789 -0.21573262 0.00000000]
- [-2.00353589 -0.26988415 0.00000000]
- [-1.96213050 -0.32083018 0.00000000]
- [-1.92555085 -0.37435064 0.00000000]
- [-1.88590519 -0.42589806 0.00000000]
- [-1.84265369 -0.47461798 0.00000000]
- [-1.79693682 -0.52125870 0.00000000]
- [-1.74841931 -0.56510001 0.00000000]
- [-1.69780301 -0.60680150 0.00000000]
- [-1.64509117 -0.64610131 0.00000000]
- [-1.59101235 -0.68344597 0.00000000]
- [-1.53501394 -0.71810788 0.00000000]
- [-1.47801010 -0.75121081 0.00000000]
- [-1.41957643 -0.78158874 0.00000000]
- [-1.35995104 -0.81021172 0.00000000]
- [-1.29960217 -0.83698303 0.00000000]
- [-1.23813036 -0.86147391 0.00000000]
- [-1.17607381 -0.88464462 0.00000000]
- [-1.11335636 -0.90565434 0.00000000]
- [-1.04986503 -0.92500510 0.00000000]
- [-0.98612998 -0.94299533 0.00000000]
- [-0.92088003 -0.95499044 0.00000000]
- [-0.86323637 -0.96405347 0.00000000]
- [-0.79943201 -0.97741273 0.00000000]
- [-0.73519177 -0.98838117 0.00000000]
- [-0.67037079 -0.99842499 0.00000000]
- [-0.60567526 -1.00735429 0.00000000]
- [-0.54076419 -1.01438845 0.00000000]
- [-0.47540553 -1.02031684 0.00000000]
- [-0.41023090 -1.02537857 0.00000000]
- [-0.34500455 -1.02848201 0.00000000]
- [-0.27937092 -1.03053358 0.00000000]
- [-0.21383326 -1.03177645 0.00000000]
- [-0.14849669 -1.03158099 0.00000000]
- [-0.08294896 -1.02991468 0.00000000]
- [-0.01487973 -1.02744073 0.00000000]
- [0.05309805 -1.02763433 0.00000000]
- [0.11895951 -1.02631099 0.00000000]
- [0.18476139 -1.02047590 0.00000000]
- [0.25025308 -1.01400659 0.00000000]
- [0.31548909 -1.00586235 0.00000000]
- [0.38087770 -0.99676749 0.00000000]
- [0.44619276 -0.98705498 0.00000000]
- [0.51112845 -0.97652643 0.00000000]
- [0.57586506 -0.96442173 0.00000000]
- [0.64072501 -0.95170319 0.00000000]
- [0.70531795 -0.93835845 0.00000000]
- [0.76956873 -0.92394242 0.00000000]
- [0.83370871 -0.90844283 0.00000000]
- [0.89783410 -0.89233704 0.00000000]
- [0.96166336 -0.87571813 0.00000000]
- [1.02512161 -0.85794059 0.00000000]
- [1.08855211 -0.83935431 0.00000000]
- [1.15193897 -0.82030633 0.00000000]
- [1.21503058 -0.80089240 0.00000000]
- [1.27775435 -0.78039774 0.00000000]
- [1.34050329 -0.75933677 0.00000000]
- [1.40315897 -0.73793343 0.00000000]
- [1.46555778 -0.71614576 0.00000000]
- [1.52770114 -0.69358800 0.00000000]
- [1.58982287 -0.67063542 0.00000000]
- [1.65183494 -0.64733723 0.00000000]
- [1.71370211 -0.62376377 0.00000000]
- [1.77539803 -0.59970933 0.00000000]
- [1.83707622 -0.57538494 0.00000000]
- [1.89871216 -0.55087295 0.00000000]
- [1.96031960 -0.52621985 0.00000000]
- [2.02187651 -0.50138429 0.00000000]
- [2.08344524 -0.47648050 0.00000000]
- [2.14501821 -0.45152634 0.00000000]
- [2.20665207 -0.42658065 0.00000000]
- [2.26835666 -0.40178319 0.00000000]
- [2.33007816 -0.37705497 0.00000000]
- [2.39190404 -0.35241909 0.00000000]
- [2.45393035 -0.32804492 0.00000000]
- [2.51611374 -0.30412479 0.00000000]
- [2.57834741 -0.28044731 0.00000000]
- [2.64082508 -0.25702483 0.00000000]
- [2.70365362 -0.23431424 0.00000000]
- [2.76660591 -0.21225576 0.00000000]
- [2.82964331 -0.19057502 0.00000000]
- [2.89308015 -0.16927226 0.00000000]
- [2.95695313 -0.14929579 0.00000000]
- [3.02078316 -0.12986740 0.00000000]
- [3.08499067 -0.11095143 0.00000000]
- [3.14969010 -0.09330606 0.00000000]
- [3.21451707 -0.07678180 0.00000000]
- [3.27952437 -0.06093343 0.00000000]
- [3.34496442 -0.04617595 0.00000000]
- [3.41061870 -0.03279905 0.00000000]
- [3.47636197 -0.02025263 0.00000000]
- [3.54251549 -0.00875447 0.00000000]
- [3.60889715 0.00106698 0.00000000]
- [3.67535385 0.00995200 0.00000000]
- [3.74313945 0.00765215 0.00000000]
- [3.81073734 0.00362011 0.00000000]
- [3.87748529 0.00822678 0.00000000]
- [3.94437268 0.01090391 0.00000000]
- [4.01124715 0.01210751 0.00000000]
- [4.07818671 0.01193097 0.00000000]
- [4.14506508 0.00975007 0.00000000]
- [4.21191409 0.00643923 0.00000000]
- [4.27867791 0.00097182 0.00000000]
- [4.34531969 -0.00615451 0.00000000]
- [4.41172104 -0.01575857 0.00000000]
- [4.47773844 -0.02770858 0.00000000]
- [4.54318401 -0.04201545 0.00000000]
- [4.59585495 -0.06038113 0.00000000]
- [1.90528078 -0.48530786 0.00000000]
- [1.91184940 -0.41974278 0.00000000]
- [1.91841802 -0.35417770 0.00000000]
- [1.92498665 -0.28861262 0.00000000]
- [1.93155527 -0.22304753 0.00000000]
- [1.93812389 -0.15748245 0.00000000]
- [1.94469251 -0.09191737 0.00000000]
- [1.95126113 -0.02635229 0.00000000]
- [1.95782975 0.03921280 0.00000000]
- [1.96439838 0.10477788 0.00000000]
- [1.97096700 0.17034296 0.00000000]
- [1.97753562 0.23590805 0.00000000]
- [1.98410424 0.30147313 0.00000000]
- [1.99067286 0.36703821 0.00000000]
- [1.99724148 0.43260329 0.00000000]
- [2.00381010 0.49816838 0.00000000]
- [2.01037873 0.56373346 0.00000000]
- [2.01694735 0.62929854 0.00000000]
- [-0.85682472 -0.89824804 0.00000000]
- [-0.85041307 -0.83244261 0.00000000]
- [-0.84400142 -0.76663718 0.00000000]
- [-0.83758977 -0.70083174 0.00000000]
- [-0.83117812 -0.63502631 0.00000000]
- [-0.82476647 -0.56922088 0.00000000]
- [-0.81835482 -0.50341544 0.00000000]
- [-0.81194317 -0.43761001 0.00000000]
- [-0.80553152 -0.37180458 0.00000000]
- [-0.79911987 -0.30599914 0.00000000]
- [-0.79270822 -0.24019371 0.00000000]
- [-0.78629657 -0.17438828 0.00000000]
- [-0.77988492 -0.10858284 0.00000000]
- [-0.77347327 -0.04277741 0.00000000]
- [-0.76706162 0.02302802 0.00000000]
- [-0.76064997 0.08883346 0.00000000]
- [-0.75423832 0.15463889 0.00000000]
- [-0.74782667 0.22044432 0.00000000]
- [-0.74141502 0.28624975 0.00000000]
- [-0.73500337 0.35205519 0.00000000]
- [-0.72859172 0.41786062 0.00000000]
- [-0.72218007 0.48366605 0.00000000]
- [-0.71576842 0.54947149 0.00000000]
- [-0.70935677 0.61527692 0.00000000]
- [-0.70294511 0.68108235 0.00000000]
- [-0.69653346 0.74688779 0.00000000]
- [-0.69012181 0.81269322 0.00000000]
- [-0.68371016 0.87849865 0.00000000]
- [-0.67729851 0.94430409 0.00000000]
- [-0.07646542 -0.96387173 0.00000000]
- [-0.06998189 -0.89782877 0.00000000]
- [-0.06349836 -0.83178582 0.00000000]
- [-0.05701482 -0.76574287 0.00000000]
- [-0.05053129 -0.69969992 0.00000000]
- [-0.04404775 -0.63365696 0.00000000]
- [-0.03756422 -0.56761401 0.00000000]
- [-0.03108069 -0.50157106 0.00000000]
- [-0.02459715 -0.43552811 0.00000000]
- [-0.01811362 -0.36948515 0.00000000]
- [-0.01163008 -0.30344220 0.00000000]
- [-0.00514655 -0.23739925 0.00000000]
- [0.00133699 -0.17135630 0.00000000]
- [0.00782052 -0.10531334 0.00000000]
- [0.01430405 -0.03927039 0.00000000]
- [0.02078759 0.02677256 0.00000000]
- [0.02727112 0.09281551 0.00000000]
- [0.03375466 0.15885847 0.00000000]
- [0.04023819 0.22490142 0.00000000]
- [0.04672173 0.29094437 0.00000000]
- [0.05320526 0.35698733 0.00000000]
- [0.05968879 0.42303028 0.00000000]
- [0.06617233 0.48907323 0.00000000]
- [0.07265586 0.55511618 0.00000000]
- [0.07913940 0.62115914 0.00000000]
- [0.08562293 0.68720209 0.00000000]
- [0.09210646 0.75324504 0.00000000]
- [0.09859000 0.81928799 0.00000000]
- [0.10507353 0.88533095 0.00000000]
- [0.11155707 0.95137390 0.00000000]
elements:
- [1 2]
- [2 3]
- [3 4]
- [4 5]
- [5 6]
- [6 7]
- [7 8]
- [8 9]
- [9 10]
- [10 11]
- [11 12]
- [12 13]
- [13 14]
- [14 15]
- [15 16]
- [16 17]
- [17 18]
- [18 19]
- [19 20]
- [20 21]
- [21 22]
- [22 23]
- [23 24]
- [24 25]
- [25 26]
- [26 27]
- [27 28]
- [28 29]
- [29 30]
- [30 31]
- [31 32]
- [32 33]
- [33 34]
- [34 35]
- [35 36]
- [36 37]
- [37 38]
- [38 39]
- [39 40]
- [40 41]
- [41 42]
- [42 43]
- [43 44]
- [44 45]
- [45 46]
- [46 47]
- [47 48]
- [48 49]
- [49 50]
- [50 51]
- [51 52]
- [52 53]
- [53 54]
- [54 55]
- [55 56]
- [56 57]
- [57 58]
- [58 59]
- [59 60]
- [60 61]
- [61 62]
- [62 63]
- [63 64]
- [64 65]
- [65 66]
- [66 67]
- [67 68]
- [68 69]
- [69 70]
- [70 71]
- [71 72]
- [72 73]
- [73 74]
- [74 75]
- [75 76]
- [76 77]
- [77 78]
- [78 79]
- [79 80]
- [80 81]
- [81 82]
- [82 83]
- [83 84]
- [84 85]
- [85 86]
- [86 87]
- [87 88]
- [88 89]
- [89 90]
- [90 91]
- [91 92]
- [92 93]
- [93 94]
- [94 95]
- [95 96]
- [96 97]
- [97 98]
- [98 99]
- [99 100]
- [100 101]
- [101 102]
- [102 103]
- [103 104]
- [104 105]
- [105 106]
- [106 107]
- [107 108]
- [108 109]
- [109 110]
- [110 111]
- [111 112]
- [112 113]
- [113 114]
- [114 115]
- [115 116]
- [116 117]
- [117 118]
- [118 119]
- [119 120]
- [120 121]
- [121 122]
- [122 123]
- [123 124]
- [124 125]
- [125 126]
- [126 127]
- [127 128]
- [128 129]
- [129 130]
- [130 131]
- [131 132]
- [132 133]
- [133 134]
- [134 135]
- [135 136]
- [136 137]
- [137 138]
- [138 139]
- [139 140]
- [140 141]
- [141 142]
- [142 143]
- [143 144]
- [144 145]
- [145 146]
- [146 147]
- [147 148]
- [148 149]
- [149 150]
- [150 151]
- [151 152]
- [152 153]
- [153 154]
- [154 155]
- [155 156]
- [156 157]
- [157 158]
- [158 159]
- [159 160]
- [160 161]
- [161 162]
- [162 163]
- [163 164]
- [164 165]
- [165 166]
- [166 167]
- [167 168]
- [168 169]
- [169 170]
- [170 171]
- [171 172]
- [172 173]
- [173 174]
- [174 175]
- [175 176]
- [176 177]
- [177 178]
- [178 179]
- [179 180]
- [180 181]
- [181 182]
- [182 183]
- [183 184]
- [184 185]
- [185 186]
- [186 187]
- [187 188]
- [188 189]
- [189 190]
- [190 191]
- [191 192]
- [192 193]
- [193 194]
- [194 195]
- [195 196]
- [196 197]
- [197 198]
- [198 199]
- [199 200]
- [200 201]
- [201 202]
- [202 203]
- [203 204]
- [204 205]
- [205 206]
- [206 207]
- [207 208]
- [208 209]
- [209 210]
- [210 211]
- [211 212]
- [212 213]
- [213 214]
- [214 215]
- [215 216]
- [216 217]
- [217 218]
- [218 219]
- [219 220]
- [220 1]
- [178 221]
- [221 222]
- [222 223]
- [223 224]
- [224 225]
- [225 226]
- [226 227]
- [227 228]
- [228 229]
- [229 230]
- [230 231]
- [231 232]
- [232 233]
- [233 234]
- [234 235]
- [235 236]
- [236 237]
- [237 238]
- [238 41]
- [135 239]
- [239 240]
- [240 241]
- [241 242]
- [242 243]
- [243 244]
- [244 245]
- [245 246]
- [246 247]
- [247 248]
- [248 249]
- [249 250]
- [250 251]
- [251 252]
- [252 253]
- [253 254]
- [254 255]
- [255 256]
- [256 257]
- [257 258]
- [258 259]
- [259 260]
- [260 261]
- [261 262]
- [262 263]
- [263 264]
- [264 265]
- [265 266]
- [266 267]
- [267 81]
- [147 268]
- [268 269]
- [269 270]
- [270 271]
- [271 272]
- [272 273]
- [273 274]
- [274 275]
- [275 276]
- [276 277]
- [277 278]
- [278 279]
- [279 280]
- [280 281]
- [281 282]
- [282 283]
- [283 284]
- [284 285]
- [285 286]
- [286 287]
- [287 288]
- [288 289]
- [289 290]
- [290 291]
- [291 292]
- [292 293]
- [293 294]
- [294 295]
- [295 296]
- [296 297]
- [297 69]
sets:
  element:
  - name: layup_0
    labels:
    - 1
    - 2
    - 3
    - 4
    - 5
    - 6
    - 7
    - 8
    - 9
    - 10
    - 11
    - 12
    - 13
    - 207
    - 208
    - 209
    - 210
    - 211
    - 212
    - 213
    - 214
    - 215
    - 216
    - 217
    - 218
    - 219
    - 220
  - name: layup_1
    labels:
    - 14
    - 15
    - 16
    - 17
    - 18
    - 19
    - 20
    - 21
    - 22
    - 23
    - 24
    - 25
    - 26
    - 27
    - 28
    - 29
    - 30
    - 31
    - 32
    - 33
    - 34
    - 35
    - 36
    - 37
    - 38
    - 39
    - 40
    - 41
    - 42
    - 43
    - 44
    - 45
    - 46
    - 47
    - 48
    - 49
    - 50
    - 51
    - 52
    - 53
    - 54
    - 55
    - 56
    - 57
    - 58
    - 59
    - 60
    - 61
    - 62
    - 63
    - 64
    - 65
    - 66
    - 67
    - 82
    - 83
    - 84
    - 85
    - 86
    - 87
    - 88
    - 89
    - 90
    - 91
    - 92
    - 93
    - 94
    - 95
    - 96
    - 97
    - 98
    - 99
    - 100
    - 101
    - 102
    - 103
    - 104
    - 114
    - 115
    - 116
    - 117
    - 118
    - 119
    - 120
    - 121
    - 122
    - 123
    - 124
    - 125
    - 126
    - 127
    - 128
    - 129
    - 130
    - 131
    - 132
    - 133
    - 149
    - 150
    - 151
    - 152
    - 153
    - 154
    - 155
    - 156
    - 157
    - 158
    - 159
    - 160
    - 161
    - 162
    - 163
    - 164
    - 165
    - 166
    - 167
    - 168
    - 169
    - 170
    - 171
    - 172
    - 173
    - 174
    - 175
    - 176
    - 177
    - 178
    - 179
    - 180
    - 181
    - 182
    - 183
    - 184
    - 185
    - 186
    - 187
    - 188
    - 189
    - 190
    - 191
    - 192
    - 193
    - 194
    - 195
    - 196
    - 197
    - 198
    - 199
    - 200
    - 201
    - 202
    - 203
    - 204
    - 205
    - 206
  - name: layup_2
    labels:
    - 68
    - 69
    - 70
    - 71
    - 72
    - 73
    - 74
    - 75
    - 76
    - 77
    - 78
    - 79
    - 80
    - 81
  - name: layup_3
    labels:
    - 105
    - 106
    - 107
    - 108
    - 109
    - 110
    - 111
    - 112
    - 113
  - name: layup_4
    labels:
    - 134
    - 135
    - 136
    - 137
    - 138
    - 139
    - 140
    - 141
    - 142
    - 143
    - 144
    - 145
    - 146
    - 147
    - 148
  - name: layup_5
    labels:
    - 221
    - 222
    - 223
    - 224
    - 225
    - 226
    - 227
    - 228
    - 229
    - 230
    - 231
    - 232
    - 233
    - 234
    - 235
    - 236
    - 237
    - 238
    - 239
    - 240
    - 241
    - 242
    - 243
    - 244
    - 245
    - 246
    - 247
    - 248
    - 249
    - 250
    - 251
    - 252
    - 253
    - 254
    - 255
    - 256
    - 257
    - 258
    - 259
    - 260
    - 261
    - 262
    - 263
    - 264
    - 265
    - 266
    - 267
    - 268
    - 269
    - 270
    - 271
    - 272
    - 273
    - 274
    - 275
    - 276
    - 277
    - 278
    - 279
    - 280
    - 281
    - 282
    - 283
    - 284
    - 285
    - 286
    - 287
    - 288
    - 289
    - 290
    - 291
    - 292
    - 293
    - 294
    - 295
    - 296
    - 297
    - 298
    - 299
    - 300
sections:
- type: shell
  elementSet: layup_0
  layup:
  - - gelcoat
    - 0.0005
    - 0.0
  - - glass_triax
    - 0.003
    - 0.0
  - - glass_uniax
    - 0.02207101
    - 0.0
  - - glass_triax
    - 0.003
    - 0.0
- type: shell
  elementSet: layup_1
  layup:
  - - gelcoat
    - 0.0005
    - 0.0
  - - glass_triax
    - 0.003
    - 0.0
  - - medium_density_foam
    - 0.06125
    - 0.0
  - - glass_triax
    - 0.003
    - 0.0
- type: shell
  elementSet: layup_2
  layup:
  - - gelcoat
    - 0.0005
    - 0.0
  - - glass_triax
    - 0.003
    - 0.0
  - - carbon_uniax
    - 0.07904335
    - 0.0
  - - glass_triax
    - 0.003
    - 0.0
- type: shell
  elementSet: layup_3
  layup:
  - - gelcoat
    - 0.0005
    - 0.0
  - - glass_triax
    - 0.003
    - 0.0
  - - glass_uniax
    - 0.01806213
    - 0.0
  - - glass_triax
    - 0.003
    - 0.0
- type: shell
  elementSet: layup_4
  layup:
  - - gelcoat
    - 0.0005
    - 0.0
  - - glass_triax
    - 0.003
    - 0.0
  - - carbon_uniax
    - 0.07638653
    - 0.0
  - - glass_triax
    - 0.003
    - 0.0
- type: shell
  elementSet: layup_5
  layup:
  - - glass_biax
    - 0.002
    - 0.0
  - - medium_density_foam
    - 0.038
    - 0.0
  - - glass_biax
    - 0.002
    - 0.0
elementOrientations:
- [0.0, 0.0, 1.0, -0.9811422859238157, 0.19328687170159636, 0.0, -0.19328687170159636,
  -0.9811422859238157, 0.0]
- [0.0, 0.0, 1.0, -0.9699344785035384, 0.24336620022112537, 0.0, -0.24336620022112537,
  -0.9699344785035384, 0.0]
- [0.0, 0.0, 1.0, -0.9704183128992029, 0.24142969574984924, 0.0, -0.24142969574984924,
  -0.9704183128992029, 0.0]
- [0.0, 0.0, 1.0, -0.9707732295269955, 0.23999861839962183, 0.0, -0.23999861839962183,
  -0.9707732295269955, 0.0]
- [0.0, 0.0, 1.0, -0.9709479987499336, 0.23929058427673042, 0.0, -0.23929058427673042,
  -0.9709479987499336, 0.0]
- [0.0, 0.0, 1.0, -0.9708682160807703, 0.2396140793111767, 0.0, -0.2396140793111767,
  -0.9708682160807703, 0.0]
- [0.0, 0.0, 1.0, -0.9706034277997648, 0.24068441150881958, 0.0, -0.24068441150881958,
  -0.9706034277997648, 0.0]
- [0.0, 0.0, 1.0, -0.9703509542146498, 0.24170028062606497, 0.0, -0.24170028062606497,
  -0.9703509542146498, 0.0]
- [0.0, 0.0, 1.0, -0.9696350671743267, 0.24455640761558295, 0.0, -0.24455640761558295,
  -0.9696350671743267, 0.0]
- [0.0, 0.0, 1.0, -0.9692417282443878, 0.246110691010838, 0.0, -0.246110691010838,
  -0.9692417282443878, 0.0]
- [0.0, 0.0, 1.0, -0.9689831492969876, 0.2471268022260879, 0.0, -0.2471268022260879,
  -0.9689831492969876, 0.0]
- [0.0, 0.0, 1.0, -0.9685465072614751, 0.2488326009018863, 0.0, -0.2488326009018863,
  -0.9685465072614751, 0.0]
- [0.0, 0.0, 1.0, -0.9944160593995856, 0.10553056812222786, 0.0, -0.10553056812222786,
  -0.9944160593995856, 0.0]
- [0.0, 0.0, 1.0, -0.9944211038215716, 0.10548302363076019, 0.0, -0.10548302363076019,
  -0.9944211038215716, 0.0]
- [0.0, 0.0, 1.0, -0.9679184255138842, 0.25126464445027535, 0.0, -0.25126464445027535,
  -0.9679184255138842, 0.0]
- [0.0, 0.0, 1.0, -0.9679145297110336, 0.25127965133346614, 0.0, -0.25127965133346614,
  -0.9679145297110336, 0.0]
- [0.0, 0.0, 1.0, -0.9676546868640298, 0.2522784314801333, 0.0, -0.2522784314801333,
  -0.9676546868640298, 0.0]
- [0.0, 0.0, 1.0, -0.9676166940336045, 0.2524241141956875, 0.0, -0.2524241141956875,
  -0.9676166940336045, 0.0]
- [0.0, 0.0, 1.0, -0.9676003667237143, 0.2524866933446863, 0.0, -0.2524866933446863,
  -0.9676003667237143, 0.0]
- [0.0, 0.0, 1.0, -0.9674769563357859, 0.25295916460813167, 0.0, -0.25295916460813167,
  -0.9674769563357859, 0.0]
- [0.0, 0.0, 1.0, -0.9677161296913226, 0.2520426399148507, 0.0, -0.2520426399148507,
  -0.9677161296913226, 0.0]
- [0.0, 0.0, 1.0, -0.9677184449744167, 0.25203375023257696, 0.0, -0.25203375023257696,
  -0.9677184449744167, 0.0]
- [0.0, 0.0, 1.0, -0.9677775658354038, 0.2518066382478842, 0.0, -0.2518066382478842,
  -0.9677775658354038, 0.0]
- [0.0, 0.0, 1.0, -0.967887439831924, 0.2513839768473793, 0.0, -0.2513839768473793,
  -0.967887439831924, 0.0]
- [0.0, 0.0, 1.0, -0.967952118711067, 0.25113481615012356, 0.0, -0.25113481615012356,
  -0.967952118711067, 0.0]
- [0.0, 0.0, 1.0, -0.9680774005379967, 0.2506514443756413, 0.0, -0.2506514443756413,
  -0.9680774005379967, 0.0]
- [0.0, 0.0, 1.0, -0.9683124433524736, 0.2497418908568655, 0.0, -0.2497418908568655,
  -0.9683124433524736, 0.0]
- [0.0, 0.0, 1.0, -0.9685428407542093, 0.24884687183841858, 0.0, -0.24884687183841858,
  -0.9685428407542093, 0.0]
- [0.0, 0.0, 1.0, -0.9686695816998175, 0.2483530581440474, 0.0, -0.2483530581440474,
  -0.9686695816998175, 0.0]
- [0.0, 0.0, 1.0, -0.9689127088419258, 0.2474028347545792, 0.0, -0.2474028347545792,
  -0.9689127088419258, 0.0]
- [0.0, 0.0, 1.0, -0.9695146287597699, 0.24503343572011846, 0.0, -0.24503343572011846,
  -0.9695146287597699, 0.0]
- [0.0, 0.0, 1.0, -0.9697484092577662, 0.2441065807020201, 0.0, -0.2441065807020201,
  -0.9697484092577662, 0.0]
- [0.0, 0.0, 1.0, -0.9699672724585394, 0.24323546279138952, 0.0, -0.24323546279138952,
  -0.9699672724585394, 0.0]
- [0.0, 0.0, 1.0, -0.9704118266322038, 0.24145576558108836, 0.0, -0.24145576558108836,
  -0.9704118266322038, 0.0]
- [0.0, 0.0, 1.0, -0.9708223057062346, 0.23980002240039522, 0.0, -0.23980002240039522,
  -0.9708223057062346, 0.0]
- [0.0, 0.0, 1.0, -0.971242819562418, 0.23809112845388483, 0.0, -0.23809112845388483,
  -0.971242819562418, 0.0]
- [0.0, 0.0, 1.0, -0.9714642582736704, 0.237185992201873, 0.0, -0.237185992201873,
  -0.9714642582736704, 0.0]
- [0.0, 0.0, 1.0, -0.9722267102028517, 0.234041073250274, 0.0, -0.234041073250274,
  -0.9722267102028517, 0.0]
- [0.0, 0.0, 1.0, -0.972641703177523, 0.23231038986650465, 0.0, -0.23231038986650465,
  -0.972641703177523, 0.0]
- [0.0, 0.0, 1.0, -0.9729922978417865, 0.23083758000065796, 0.0, -0.23083758000065796,
  -0.9729922978417865, 0.0]
- [0.0, 0.0, 1.0, -0.973406126779652, 0.22908625525735093, 0.0, -0.22908625525735093,
  -0.973406126779652, 0.0]
- [0.0, 0.0, 1.0, -0.9743501889185845, 0.2250371288350407, 0.0, -0.2250371288350407,
  -0.9743501889185845, 0.0]
- [0.0, 0.0, 1.0, -0.9747066436954818, 0.22348816240662364, 0.0, -0.22348816240662364,
  -0.9747066436954818, 0.0]
- [0.0, 0.0, 1.0, -0.9751350914114104, 0.2216112666315957, 0.0, -0.2216112666315957,
  -0.9751350914114104, 0.0]
- [0.0, 0.0, 1.0, -0.975770904318445, 0.21879474921844874, 0.0, -0.21879474921844874,
  -0.975770904318445, 0.0]
- [0.0, 0.0, 1.0, -0.9768648117955766, 0.21385775523836587, 0.0, -0.21385775523836587,
  -0.9768648117955766, 0.0]
- [0.0, 0.0, 1.0, -0.9771714279301554, 0.21245234862655907, 0.0, -0.21245234862655907,
  -0.9771714279301554, 0.0]
- [0.0, 0.0, 1.0, -0.9776792636161934, 0.21010296879125198, 0.0, -0.21010296879125198,
  -0.9776792636161934, 0.0]
- [0.0, 0.0, 1.0, -0.9787204441882689, 0.20519817769151258, 0.0, -0.20519817769151258,
  -0.9787204441882689, 0.0]
- [0.0, 0.0, 1.0, -0.979479126499577, 0.20154562945304894, 0.0, -0.20154562945304894,
  -0.979479126499577, 0.0]
- [0.0, 0.0, 1.0, -0.9800959486290832, 0.19852438510383955, 0.0, -0.19852438510383955,
  -0.9800959486290832, 0.0]
- [0.0, 0.0, 1.0, -0.9806906047295372, 0.19556568665083998, 0.0, -0.19556568665083998,
  -0.9806906047295372, 0.0]
- [0.0, 0.0, 1.0, -0.9819970686671019, 0.18889615435264695, 0.0, -0.18889615435264695,
  -0.9819970686671019, 0.0]
- [0.0, 0.0, 1.0, -0.9827236147261048, 0.1850791643045172, 0.0, -0.1850791643045172,
  -0.9827236147261048, 0.0]
- [0.0, 0.0, 1.0, -0.9832959799110143, 0.1820137793982595, 0.0, -0.1820137793982595,
  -0.9832959799110143, 0.0]
- [0.0, 0.0, 1.0, -0.9844368544653992, 0.17573866839790928, 0.0, -0.17573866839790928,
  -0.9844368544653992, 0.0]
- [0.0, 0.0, 1.0, -0.985933047009887, 0.16714073953946712, 0.0, -0.16714073953946712,
  -0.985933047009887, 0.0]
- [0.0, 0.0, 1.0, -0.9865502700774651, 0.1634581432969323, 0.0, -0.1634581432969323,
  -0.9865502700774651, 0.0]
- [0.0, 0.0, 1.0, -0.9873103849140719, 0.1588024050221769, 0.0, -0.1588024050221769,
  -0.9873103849140719, 0.0]
- [0.0, 0.0, 1.0, -0.9888673082869438, 0.1488000221819011, 0.0, -0.1488000221819011,
  -0.9888673082869438, 0.0]
- [0.0, 0.0, 1.0, -0.9898848916723948, 0.14187283474552514, 0.0, -0.14187283474552514,
  -0.9898848916723948, 0.0]
- [0.0, 0.0, 1.0, -0.9906190654231684, 0.1366523589995012, 0.0, -0.1366523589995012,
  -0.9906190654231684, 0.0]
- [0.0, 0.0, 1.0, -0.991541489612932, 0.1297901166351568, 0.0, -0.1297901166351568,
  -0.991541489612932, 0.0]
- [0.0, 0.0, 1.0, -0.9931527986797973, 0.1168225940239561, 0.0, -0.1168225940239561,
  -0.9931527986797973, 0.0]
- [0.0, 0.0, 1.0, -0.9938680580109711, 0.11057252491238921, 0.0, -0.11057252491238921,
  -0.9938680580109711, 0.0]
- [0.0, 0.0, 1.0, -0.9945435206468065, 0.10432250734839134, 0.0, -0.10432250734839134,
  -0.9945435206468065, 0.0]
- [0.0, 0.0, 1.0, -0.999693998780609, 0.024736790455427177, 0.0, -0.024736790455427177,
  -0.999693998780609, 0.0]
- [0.0, 0.0, 1.0, -0.9994409661658737, 0.03343284536836336, 0.0, -0.03343284536836336,
  -0.9994409661658737, 0.0]
- [0.0, 0.0, 1.0, -0.9976132371221366, 0.06904946863439049, 0.0, -0.06904946863439049,
  -0.9976132371221366, 0.0]
- [0.0, 0.0, 1.0, -0.9986142811077485, 0.052626206092159906, 0.0, -0.052626206092159906,
  -0.9986142811077485, 0.0]
- [0.0, 0.0, 1.0, -0.9991293487308934, 0.04171983346779797, 0.0, -0.04171983346779797,
  -0.9991293487308934, 0.0]
- [0.0, 0.0, 1.0, -0.9994557525995152, 0.03298785527639775, 0.0, -0.03298785527639775,
  -0.9994557525995152, 0.0]
- [0.0, 0.0, 1.0, -0.9998093269260404, 0.019527155238235804, 0.0, -0.019527155238235804,
  -0.9998093269260404, 0.0]
- [0.0, 0.0, 1.0, -0.9999991148468403, -0.0013305282919603414, 0.0, 0.0013305282919603414,
  -0.9999991148468403, 0.0]
- [0.0, 0.0, 1.0, -0.9999409619983426, -0.010866117882168236, 0.0, 0.010866117882168236,
  -0.9999409619983426, 0.0]
- [0.0, 0.0, 1.0, -0.9996941789950271, -0.02472950633270032, 0.0, 0.02472950633270032,
  -0.9996941789950271, 0.0]
- [0.0, 0.0, 1.0, -0.9988216001676148, -0.048532577085967914, 0.0, 0.048532577085967914,
  -0.9988216001676148, 0.0]
- [0.0, 0.0, 1.0, -0.9980940777923053, -0.06171071119285236, 0.0, 0.06171071119285236,
  -0.9980940777923053, 0.0]
- [0.0, 0.0, 1.0, -0.9972776106341306, -0.07373850641204689, 0.0, 0.07373850641204689,
  -0.9972776106341306, 0.0]
- [0.0, 0.0, 1.0, -0.9942120778099477, -0.10743530302850264, 0.0, 0.10743530302850264,
  -0.9942120778099477, 0.0]
- [0.0, 0.0, 1.0, -0.9969731273454926, -0.07774691859455311, 0.0, 0.07774691859455311,
  -0.9969731273454926, 0.0]
- [0.0, 0.0, 1.0, -0.9965056347985661, -0.08352556383950224, 0.0, 0.08352556383950224,
  -0.9965056347985661, 0.0]
- [0.0, 0.0, 1.0, -0.983079549690971, -0.1831791444990334, 0.0, 0.1831791444990334,
  -0.983079549690971, 0.0]
- [0.0, 0.0, 1.0, -0.9799194885541097, -0.1993935704877465, 0.0, 0.1993935704877465,
  -0.9799194885541097, 0.0]
- [0.0, 0.0, 1.0, -0.9734039754831687, -0.2290953960985738, 0.0, 0.2290953960985738,
  -0.9734039754831687, 0.0]
- [0.0, 0.0, 1.0, -0.9655232055067096, -0.2603169983463396, 0.0, 0.2603169983463396,
  -0.9655232055067096, 0.0]
- [0.0, 0.0, 1.0, -0.9603061821941279, -0.2789480891487492, 0.0, 0.2789480891487492,
  -0.9603061821941279, 0.0]
- [0.0, 0.0, 1.0, -0.9488294860380806, -0.31578886368064313, 0.0, 0.31578886368064313,
  -0.9488294860380806, 0.0]
- [0.0, 0.0, 1.0, -0.9388037636764833, -0.3444524543487383, 0.0, 0.3444524543487383,
  -0.9388037636764833, 0.0]
- [0.0, 0.0, 1.0, -0.9289333221504409, -0.37024705670477, 0.0, 0.37024705670477, -0.9289333221504409,
  0.0]
- [0.0, 0.0, 1.0, -0.911570654305334, -0.411143456970125, 0.0, 0.411143456970125,
  -0.911570654305334, 0.0]
- [0.0, 0.0, 1.0, -0.8995791590380496, -0.43675775508214526, 0.0, 0.43675775508214526,
  -0.8995791590380496, 0.0]
- [0.0, 0.0, 1.0, -0.8804087118877573, -0.47421566826934325, 0.0, 0.47421566826934325,
  -0.8804087118877573, 0.0]
- [0.0, 0.0, 1.0, -0.859557644608968, -0.5110388004782839, 0.0, 0.5110388004782839,
  -0.859557644608968, 0.0]
- [0.0, 0.0, 1.0, -0.8393628848457638, -0.5435714741810844, 0.0, 0.5435714741810844,
  -0.8393628848457638, 0.0]
- [0.0, 0.0, 1.0, -0.8114715375048968, -0.5843919436640437, 0.0, 0.5843919436640437,
  -0.8114715375048968, 0.0]
- [0.0, 0.0, 1.0, -0.7886064843454194, -0.6148982134047535, 0.0, 0.6148982134047535,
  -0.7886064843454194, 0.0]
- [0.0, 0.0, 1.0, -0.7511058243840063, -0.6601818238761366, 0.0, 0.6601818238761366,
  -0.7511058243840063, 0.0]
- [0.0, 0.0, 1.0, -0.7229040553188749, -0.690948425574243, 0.0, 0.690948425574243,
  -0.7229040553188749, 0.0]
- [0.0, 0.0, 1.0, -0.6753575262119849, -0.7374904825072852, 0.0, 0.7374904825072852,
  -0.6753575262119849, 0.0]
- [0.0, 0.0, 1.0, -0.6407098251902293, -0.7677831203567228, 0.0, 0.7677831203567228,
  -0.6407098251902293, 0.0]
- [0.0, 0.0, 1.0, -0.5831088853622631, -0.8123940102016873, 0.0, 0.8123940102016873,
  -0.5831088853622631, 0.0]
- [0.0, 0.0, 1.0, -0.5318652825155195, -0.8468289799331898, 0.0, 0.8468289799331898,
  -0.5318652825155195, 0.0]
- [0.0, 0.0, 1.0, -0.6116719874827673, -0.7911114837549013, 0.0, 0.7911114837549013,
  -0.6116719874827673, 0.0]
- [0.0, 0.0, 1.0, -0.5249751480194292, -0.8511175559004633, 0.0, 0.8511175559004633,
  -0.5249751480194292, 0.0]
- [0.0, 0.0, 1.0, -0.2956943061204385, -0.9552826164690491, 0.0, 0.9552826164690491,
  -0.2956943061204385, 0.0]
- [0.0, 0.0, 1.0, -0.21134140027651724, -0.9774123042652783, 0.0, 0.9774123042652783,
  -0.21134140027651724, 0.0]
- [0.0, 0.0, 1.0, -0.11836847099929516, -0.9929697402606431, 0.0, 0.9929697402606431,
  -0.11836847099929516, 0.0]
- [0.0, 0.0, 1.0, -0.0059788071252534665, -0.9999821267729534, 0.0, 0.9999821267729534,
  -0.0059788071252534665, 0.0]
- [0.0, 0.0, 1.0, 0.12701277375562492, -0.9919010814102898, 0.0, 0.9919010814102898,
  0.12701277375562492, 0.0]
- [0.0, 0.0, 1.0, 0.22928984075721293, -0.9733581914822169, 0.0, 0.9733581914822169,
  0.22928984075721293, 0.0]
- [0.0, 0.0, 1.0, 0.3228974774080885, -0.9464339486110445, 0.0, 0.9464339486110445,
  0.3228974774080885, 0.0]
- [0.0, 0.0, 1.0, 0.5590489815368906, -0.8291346309511894, 0.0, 0.8291346309511894,
  0.5590489815368906, 0.0]
- [0.0, 0.0, 1.0, 0.630700383906022, -0.7760264336611198, 0.0, 0.7760264336611198,
  0.630700383906022, 0.0]
- [0.0, 0.0, 1.0, 0.5642676730032056, -0.8255919047589722, 0.0, 0.8255919047589722,
  0.5642676730032056, 0.0]
- [0.0, 0.0, 1.0, 0.6096508313608502, -0.7926700851054139, 0.0, 0.7926700851054139,
  0.6096508313608502, 0.0]
- [0.0, 0.0, 1.0, 0.6638913234831647, -0.7478290650969459, 0.0, 0.7478290650969459,
  0.6638913234831647, 0.0]
- [0.0, 0.0, 1.0, 0.6999985834198037, -0.7141442313778557, 0.0, 0.7141442313778557,
  0.6999985834198037, 0.0]
- [0.0, 0.0, 1.0, 0.741957788107685, -0.670446597922871, 0.0, 0.670446597922871, 0.741957788107685,
  0.0]
- [0.0, 0.0, 1.0, 0.7717994372984399, -0.6358660461023308, 0.0, 0.6358660461023308,
  0.7717994372984399, 0.0]
- [0.0, 0.0, 1.0, 0.8017054848235833, -0.5977192615298449, 0.0, 0.5977192615298449,
  0.8017054848235833, 0.0]
- [0.0, 0.0, 1.0, 0.8228647600211026, -0.5682372626952699, 0.0, 0.5682372626952699,
  0.8228647600211026, 0.0]
- [0.0, 0.0, 1.0, 0.8502907667402437, -0.526313226127074, 0.0, 0.526313226127074,
  0.8502907667402437, 0.0]
- [0.0, 0.0, 1.0, 0.864763144943573, -0.5021799509611079, 0.0, 0.5021799509611079,
  0.864763144943573, 0.0]
- [0.0, 0.0, 1.0, 0.887263853920542, -0.4612622394322642, 0.0, 0.4612622394322642,
  0.887263853920542, 0.0]
- [0.0, 0.0, 1.0, 0.9015066109641485, -0.43276532946613844, 0.0, 0.43276532946613844,
  0.9015066109641485, 0.0]
- [0.0, 0.0, 1.0, 0.9140946655894048, -0.4055008536871337, 0.0, 0.4055008536871337,
  0.9140946655894048, 0.0]
- [0.0, 0.0, 1.0, 0.9289857058218003, -0.37011560137174926, 0.0, 0.37011560137174926,
  0.9289857058218003, 0.0]
- [0.0, 0.0, 1.0, 0.9368270105030851, -0.34979301364071314, 0.0, 0.34979301364071314,
  0.9368270105030851, 0.0]
- [0.0, 0.0, 1.0, 0.9482110142085426, -0.31764110649222793, 0.0, 0.31764110649222793,
  0.9482110142085426, 0.0]
- [0.0, 0.0, 1.0, 0.9565591763109362, -0.29153823456854344, 0.0, 0.29153823456854344,
  0.9565591763109362, 0.0]
- [0.0, 0.0, 1.0, 0.9623957008489926, -0.2716514586512952, 0.0, 0.2716514586512952,
  0.9623957008489926, 0.0]
- [0.0, 0.0, 1.0, 0.9835192274344261, -0.18080356541503637, 0.0, 0.18080356541503637,
  0.9835192274344261, 0.0]
- [0.0, 0.0, 1.0, 0.9878646480363659, -0.15531721462860196, 0.0, 0.15531721462860196,
  0.9878646480363659, 0.0]
- [0.0, 0.0, 1.0, 0.978775687166855, -0.20493451200578902, 0.0, 0.20493451200578902,
  0.978775687166855, 0.0]
- [0.0, 0.0, 1.0, 0.9857349118388075, -0.16830532844250226, 0.0, 0.16830532844250226,
  0.9857349118388075, 0.0]
- [0.0, 0.0, 1.0, 0.9882076309948837, -0.15311981597258972, 0.0, 0.15311981597258972,
  0.9882076309948837, 0.0]
- [0.0, 0.0, 1.0, 0.9906091367387928, -0.13672431462480863, 0.0, 0.13672431462480863,
  0.9906091367387928, 0.0]
- [0.0, 0.0, 1.0, 0.9941796192971584, -0.107735252235084, 0.0, 0.107735252235084,
  0.9941796192971584, 0.0]
- [0.0, 0.0, 1.0, 0.9959114693077079, -0.09033462958003487, 0.0, 0.09033462958003487,
  0.9959114693077079, 0.0]
- [0.0, 0.0, 1.0, 0.9969977112158174, -0.07743102627772412, 0.0, 0.07743102627772412,
  0.9969977112158174, 0.0]
- [0.0, 0.0, 1.0, 0.9988700117451433, -0.04752577864966789, 0.0, 0.04752577864966789,
  0.9988700117451433, 0.0]
- [0.0, 0.0, 1.0, 0.9995118292053393, -0.031242651593559316, 0.0, 0.031242651593559316,
  0.9995118292053393, 0.0]
- [0.0, 0.0, 1.0, 0.9998202271491441, -0.01896083815219736, 0.0, 0.01896083815219736,
  0.9998202271491441, 0.0]
- [0.0, 0.0, 1.0, 0.9999955251934151, 0.0029915870613564286, 0.0, -0.0029915870613564286,
  0.9999955251934151, 0.0]
- [0.0, 0.0, 1.0, 0.999677033679286, 0.02541315277929401, 0.0, -0.02541315277929401,
  0.999677033679286, 0.0]
- [0.0, 0.0, 1.0, 0.9993401898882647, 0.0363205847156568, 0.0, -0.0363205847156568,
  0.9993401898882647, 0.0]
- [0.0, 0.0, 1.0, 0.9999959446948786, -0.0028479104264672603, 0.0, 0.0028479104264672603,
  0.9999959446948786, 0.0]
- [0.0, 0.0, 1.0, 0.9997982018540664, 0.020088692575068883, 0.0, -0.020088692575068883,
  0.9997982018540664, 0.0]
- [0.0, 0.0, 1.0, 0.9960912601426346, 0.08833007113921208, 0.0, -0.08833007113921208,
  0.9960912601426346, 0.0]
- [0.0, 0.0, 1.0, 0.9951566145074027, 0.09830214952972632, 0.0, -0.09830214952972632,
  0.9951566145074027, 0.0]
- [0.0, 0.0, 1.0, 0.9922970656397311, 0.12388112658019881, 0.0, -0.12388112658019881,
  0.9922970656397311, 0.0]
- [0.0, 0.0, 1.0, 0.990465209644219, 0.1377630882509286, 0.0, -0.1377630882509286,
  0.990465209644219, 0.0]
- [0.0, 0.0, 1.0, 0.9891238317221069, 0.14708516417156778, 0.0, -0.14708516417156778,
  0.9891238317221069, 0.0]
- [0.0, 0.0, 1.0, 0.9871092246328006, 0.16004805104977413, 0.0, -0.16004805104977413,
  0.9871092246328006, 0.0]
- [0.0, 0.0, 1.0, 0.9829639703720922, 0.18379834860610827, 0.0, -0.18379834860610827,
  0.9829639703720922, 0.0]
- [0.0, 0.0, 1.0, 0.9813111722068194, 0.1924276053534884, 0.0, -0.1924276053534884,
  0.9813111722068194, 0.0]
- [0.0, 0.0, 1.0, 0.9793184868983158, 0.20232474198474432, 0.0, -0.20232474198474432,
  0.9793184868983158, 0.0]
- [0.0, 0.0, 1.0, 0.975740957762372, 0.218928260727045, 0.0, -0.218928260727045, 0.975740957762372,
  0.0]
- [0.0, 0.0, 1.0, 0.9720215939031779, 0.2348915089694086, 0.0, -0.2348915089694086,
  0.9720215939031779, 0.0]
- [0.0, 0.0, 1.0, 0.9698770127527878, 0.24359511516803553, 0.0, -0.24359511516803553,
  0.9698770127527878, 0.0]
- [0.0, 0.0, 1.0, 0.9677364035283887, 0.25196478580535775, 0.0, -0.25196478580535775,
  0.9677364035283887, 0.0]
- [0.0, 0.0, 1.0, 0.9629276173558472, 0.2697599001582542, 0.0, -0.2697599001582542,
  0.9629276173558472, 0.0]
- [0.0, 0.0, 1.0, 0.9596506866990702, 0.2811948781859356, 0.0, -0.2811948781859356,
  0.9596506866990702, 0.0]
- [0.0, 0.0, 1.0, 0.9576934305742282, 0.2877903629987736, 0.0, -0.2877903629987736,
  0.9576934305742282, 0.0]
- [0.0, 0.0, 1.0, 0.9557742308649366, 0.29410137642408074, 0.0, -0.29410137642408074,
  0.9557742308649366, 0.0]
- [0.0, 0.0, 1.0, 0.9505453621426951, 0.31058576031269186, 0.0, -0.31058576031269186,
  0.9505453621426951, 0.0]
- [0.0, 0.0, 1.0, 0.9480256507886219, 0.31819391170606964, 0.0, -0.31819391170606964,
  0.9480256507886219, 0.0]
- [0.0, 0.0, 1.0, 0.9463095432285769, 0.32326188824932944, 0.0, -0.32326188824932944,
  0.9463095432285769, 0.0]
- [0.0, 0.0, 1.0, 0.9441030373559065, 0.3296505041029845, 0.0, -0.3296505041029845,
  0.9441030373559065, 0.0]
- [0.0, 0.0, 1.0, 0.9399867214089664, 0.34121102499013994, 0.0, -0.34121102499013994,
  0.9399867214089664, 0.0]
- [0.0, 0.0, 1.0, 0.9380212473924856, 0.34657775381614625, 0.0, -0.34657775381614625,
  0.9380212473924856, 0.0]
- [0.0, 0.0, 1.0, 0.93611232756488, 0.3517011660217562, 0.0, -0.3517011660217562,
  0.93611232756488, 0.0]
- [0.0, 0.0, 1.0, 0.9344625340631261, 0.35606147282782635, 0.0, -0.35606147282782635,
  0.9344625340631261, 0.0]
- [0.0, 0.0, 1.0, 0.9316901884156882, 0.36325389579457995, 0.0, -0.36325389579457995,
  0.9316901884156882, 0.0]
- [0.0, 0.0, 1.0, 0.9302698397648868, 0.36687603522690354, 0.0, -0.36687603522690354,
  0.9302698397648868, 0.0]
- [0.0, 0.0, 1.0, 0.9292150292995563, 0.36953948276716625, 0.0, -0.36953948276716625,
  0.9292150292995563, 0.0]
- [0.0, 0.0, 1.0, 0.9284240644002156, 0.3715222155438142, 0.0, -0.3715222155438142,
  0.9284240644002156, 0.0]
- [0.0, 0.0, 1.0, 0.9273671586183275, 0.3741525799940041, 0.0, -0.3741525799940041,
  0.9273671586183275, 0.0]
- [0.0, 0.0, 1.0, 0.9270351950306536, 0.37497432868728214, 0.0, -0.37497432868728214,
  0.9270351950306536, 0.0]
- [0.0, 0.0, 1.0, 0.9267804413380896, 0.3756035324024202, 0.0, -0.3756035324024202,
  0.9267804413380896, 0.0]
- [0.0, 0.0, 1.0, 0.9269538705749729, 0.3751753214512866, 0.0, -0.3751753214512866,
  0.9269538705749729, 0.0]
- [0.0, 0.0, 1.0, 0.9278759134986748, 0.3728891110625245, 0.0, -0.3728891110625245,
  0.9278759134986748, 0.0]
- [0.0, 0.0, 1.0, 0.9282710903725445, 0.3719042656095343, 0.0, -0.3719042656095343,
  0.9282710903725445, 0.0]
- [0.0, 0.0, 1.0, 0.9289653479504291, 0.370166695297319, 0.0, -0.370166695297319,
  0.9289653479504291, 0.0]
- [0.0, 0.0, 1.0, 0.930717350686438, 0.3657392693316075, 0.0, -0.3657392693316075,
