nodes:
- [2.79426115 0.01718758 0.00000000]
- [2.76089603 0.02244392 0.00000000]
- [2.72282042 0.03058582 0.00000000]
- [2.68473932 0.03870634 0.00000000]
- [2.64665844 0.04682708 0.00000000]
- [2.60857229 0.05492484 0.00000000]
- [2.57047846 0.06302802 0.00000000]
- [2.53239307 0.07118833 0.00000000]
- [2.49431212 0.07938685 0.00000000]
- [2.45625033 0.08767550 0.00000000]
- [2.41820330 0.09600364 0.00000000]
- [2.38016122 0.10436720 0.00000000]
- [2.34213542 0.11279648 0.00000000]
- [2.30411528 0.12124430 0.00000000]
- [2.26610458 0.12974481 0.00000000]
- [2.22810526 0.13828438 0.00000000]
- [2.19011486 0.14685193 0.00000000]
- [2.15212905 0.15543551 0.00000000]
- [2.11414726 0.16403902 0.00000000]
- [2.07616982 0.17266318 0.00000000]
- [2.03819759 0.18131023 0.00000000]
- [1.99895050 0.18436034 0.00000000]
- [1.95939980 0.18747822 0.00000000]
- [1.92112618 0.19620620 0.00000000]
- [1.88285220 0.20494662 0.00000000]
- [1.84458931 0.21368943 0.00000000]
- [1.80632067 0.22240410 0.00000000]
- [1.76805368 0.23112066 0.00000000]
- [1.72978335 0.23980369 0.00000000]
- [1.69151092 0.24847254 0.00000000]
- [1.65323871 0.25710262 0.00000000]
- [1.61495278 0.26568559 0.00000000]
- [1.57699844 0.27416814 0.00000000]
- [1.53904160 0.28259143 0.00000000]
- [1.50106427 0.29095118 0.00000000]
- [1.46308475 0.29927704 0.00000000]
- [1.42508794 0.30751794 0.00000000]
- [1.38708959 0.31571999 0.00000000]
- [1.34907594 0.32380979 0.00000000]
- [1.31103253 0.33183238 0.00000000]
- [1.27298998 0.33980028 0.00000000]
- [1.23494048 0.34764771 0.00000000]
- [1.19686106 0.35537599 0.00000000]
- [1.15875158 0.36301022 0.00000000]
- [1.12064041 0.37056324 0.00000000]
- [1.08251541 0.37796212 0.00000000]
- [1.04434791 0.38522377 0.00000000]
- [1.00615333 0.39239683 0.00000000]
- [0.96797293 0.39946259 0.00000000]
- [0.92976838 0.40630524 0.00000000]
- [0.89150150 0.41299020 0.00000000]
- [0.85320915 0.41958706 0.00000000]
- [0.81494690 0.42605028 0.00000000]
- [0.77664148 0.43222142 0.00000000]
- [0.73827419 0.43825446 0.00000000]
- [0.69990656 0.44414481 0.00000000]
- [0.66155266 0.44979997 0.00000000]
- [0.62313133 0.45513075 0.00000000]
- [0.58465031 0.46031893 0.00000000]
- [0.54618901 0.46532809 0.00000000]
- [0.50772670 0.47001699 0.00000000]
- [0.46920019 0.47438492 0.00000000]
- [0.43061339 0.47854155 0.00000000]
- [0.39208021 0.48250934 0.00000000]
- [0.35352287 0.48597457 0.00000000]
- [0.31487038 0.48917150 0.00000000]
- [0.27579664 0.48647545 0.00000000]
- [0.24265292 0.48305746 0.00000000]
- [0.20986956 0.48488164 0.00000000]
- [0.17698453 0.48650057 0.00000000]
- [0.13711611 0.48817301 0.00000000]
- [0.09734635 0.48934733 0.00000000]
- [0.05751789 0.48993863 0.00000000]
- [0.01762778 0.49015034 0.00000000]
- [-0.02209901 0.48992765 0.00000000]
- [-0.06181653 0.48891012 0.00000000]
- [-0.10165630 0.48745989 0.00000000]
- [-0.14128514 0.48557198 0.00000000]
- [-0.18082945 0.48276859 0.00000000]
- [-0.22052612 0.47942729 0.00000000]
- [-0.25997640 0.47568369 0.00000000]
- [-0.29923662 0.47089471 0.00000000]
- [-0.33860163 0.46547038 0.00000000]
- [-0.37769076 0.45949786 0.00000000]
- [-0.41655471 0.45243747 0.00000000]
- [-0.45543623 0.44467089 0.00000000]
- [-0.49397680 0.43623312 0.00000000]
- [-0.53225273 0.42664131 0.00000000]
- [-0.57038601 0.41634709 0.00000000]
- [-0.60806924 0.40505678 0.00000000]
- [-0.65161624 0.39065627 0.00000000]
- [-0.69664741 0.38033940 0.00000000]
- [-0.73630629 0.37042324 0.00000000]
- [-0.77349927 0.35427171 0.00000000]
- [-0.80998734 0.33669153 0.00000000]
- [-0.84589408 0.31803927 0.00000000]
- [-0.88091248 0.29788201 0.00000000]
- [-0.91510745 0.27654192 0.00000000]
- [-0.94803057 0.25348064 0.00000000]
- [-0.98383882 0.23387097 0.00000000]
- [-1.01763395 0.21292200 0.00000000]
- [-1.04599738 0.18560608 0.00000000]
- [-1.07226121 0.15649524 0.00000000]
- [-1.09540643 0.12502606 0.00000000]
- [-1.11481225 0.09133856 0.00000000]
- [-1.12900350 0.05543793 0.00000000]
- [-1.13688361 0.01793364 0.00000000]
- [-1.13609276 -0.02004558 0.00000000]
- [-1.12569553 -0.05654621 0.00000000]
- [-1.10746370 -0.09041220 0.00000000]
- [-1.08415811 -0.12156498 0.00000000]
- [-1.05761721 -0.15039734 0.00000000]
- [-1.02894958 -0.17732840 0.00000000]
- [-0.99857755 -0.20246288 0.00000000]
- [-0.96325646 -0.22098454 0.00000000]
- [-0.92655030 -0.23849485 0.00000000]
- [-0.89285166 -0.26015812 0.00000000]
- [-0.85835735 -0.28052542 0.00000000]
- [-0.82318400 -0.29979838 0.00000000]
- [-0.78735434 -0.31793818 0.00000000]
- [-0.75105503 -0.33509298 0.00000000]
- [-0.71413267 -0.35104726 0.00000000]
- [-0.67689838 -0.36626262 0.00000000]
- [-0.63729908 -0.37486865 0.00000000]
- [-0.58927674 -0.38537863 0.00000000]
- [-0.55145658 -0.39702658 0.00000000]
- [-0.51320163 -0.40791889 0.00000000]
- [-0.47486666 -0.41803038 0.00000000]
- [-0.43620682 -0.42700553 0.00000000]
- [-0.39724746 -0.43536120 0.00000000]
- [-0.35831508 -0.44291802 0.00000000]
- [-0.31909339 -0.44935948 0.00000000]
- [-0.27964599 -0.45527501 0.00000000]
- [-0.24024465 -0.46039102 0.00000000]
- [-0.20063975 -0.46457012 0.00000000]
- [-0.16088056 -0.46820899 0.00000000]
- [-0.12121534 -0.47114191 0.00000000]
- [-0.08140717 -0.47314450 0.00000000]
- [-0.04144788 -0.47466775 0.00000000]
- [-0.00166733 -0.47558268 0.00000000]
- [0.03817662 -0.47550934 0.00000000]
- [0.07821667 -0.47496247 0.00000000]
- [0.11804896 -0.47394450 0.00000000]
- [0.15782909 -0.47194618 0.00000000]
- [0.19779503 -0.46942152 0.00000000]
- [0.23212775 -0.46688195 0.00000000]
- [0.26627604 -0.46389236 0.00000000]
- [0.30043140 -0.46020463 0.00000000]
- [0.33540382 -0.46183489 0.00000000]
- [0.37451509 -0.46261244 0.00000000]
- [0.41278106 -0.45707715 0.00000000]
- [0.45103129 -0.45091156 0.00000000]
- [0.48928610 -0.44435352 0.00000000]
- [0.52737086 -0.43746362 0.00000000]
- [0.56528451 -0.42977483 0.00000000]
- [0.60323557 -0.42164776 0.00000000]
- [0.64112647 -0.41319904 0.00000000]
- [0.67882270 -0.40440235 0.00000000]
- [0.71635468 -0.39485952 0.00000000]
- [0.75392511 -0.38497703 0.00000000]
- [0.79140175 -0.37482419 0.00000000]
- [0.82870364 -0.36430338 0.00000000]
- [0.86588787 -0.35323530 0.00000000]
- [0.90308453 -0.34190224 0.00000000]
- [0.94019492 -0.33037337 0.00000000]
- [0.97716699 -0.31852282 0.00000000]
- [1.01407407 -0.30632619 0.00000000]
- [1.05097499 -0.29395043 0.00000000]
- [1.08781419 -0.28143692 0.00000000]
- [1.12457595 -0.26870794 0.00000000]
- [1.16131258 -0.25581511 0.00000000]
- [1.19803714 -0.24280908 0.00000000]
- [1.23475840 -0.22974054 0.00000000]
- [1.27148439 -0.21662696 0.00000000]
- [1.30822319 -0.20352687 0.00000000]
- [1.34496570 -0.19041358 0.00000000]
- [1.38177177 -0.17732892 0.00000000]
- [1.41865514 -0.16441537 0.00000000]
- [1.45555755 -0.15161316 0.00000000]
- [1.49251998 -0.13891028 0.00000000]
- [1.52962582 -0.12637798 0.00000000]
- [1.56686794 -0.11425633 0.00000000]
- [1.60412239 -0.10234968 0.00000000]
- [1.64147809 -0.09064032 0.00000000]
- [1.67902450 -0.07933575 0.00000000]
- [1.71666671 -0.06849538 0.00000000]
- [1.75435499 -0.05793854 0.00000000]
- [1.79225541 -0.04767800 0.00000000]
- [1.83036587 -0.03817225 0.00000000]
- [1.86847347 -0.02907652 0.00000000]
- [1.90676172 -0.02033537 0.00000000]
- [1.94529823 -0.01233403 0.00000000]
- [1.98493146 -0.01073369 0.00000000]
- [2.02442777 -0.00961334 0.00000000]
- [2.06303149 -0.00347354 0.00000000]
- [2.10172986 0.00190654 0.00000000]
- [2.14047075 0.00681690 0.00000000]
- [2.17931138 0.01115435 0.00000000]
- [2.21822254 0.01471782 0.00000000]
- [2.25716336 0.01778972 0.00000000]
- [2.29618163 0.02020377 0.00000000]
- [2.33523025 0.02181531 0.00000000]
- [2.37430948 0.02288662 0.00000000]
- [2.41341919 0.02304055 0.00000000]
- [2.45249509 0.02248421 0.00000000]
- [2.49158599 0.02131064 0.00000000]
- [2.53062135 0.01915178 0.00000000]
- [2.56961732 0.01650981 0.00000000]
- [2.60855090 0.01297857 0.00000000]
- [2.64740643 0.00888698 0.00000000]
- [2.68618448 0.00412690 0.00000000]
- [2.72486414 -0.00118027 0.00000000]
- [2.76344587 -0.00688968 0.00000000]
- [2.79530582 -0.01467437 0.00000000]
- [1.60532577 -0.06145687 0.00000000]
- [1.60652914 -0.02056406 0.00000000]
- [1.60773252 0.02032875 0.00000000]
- [1.60893590 0.06122155 0.00000000]
- [1.61013927 0.10211436 0.00000000]
- [1.61134265 0.14300717 0.00000000]
- [1.61254603 0.18389997 0.00000000]
- [1.61374940 0.22479278 0.00000000]
- [-0.59021637 -0.34585686 0.00000000]
- [-0.59115599 -0.30633509 0.00000000]
- [-0.59209562 -0.26681332 0.00000000]
- [-0.59303524 -0.22729155 0.00000000]
- [-0.59397487 -0.18776978 0.00000000]
- [-0.59491449 -0.14824801 0.00000000]
- [-0.59585411 -0.10872624 0.00000000]
- [-0.59679374 -0.06920447 0.00000000]
- [-0.59773336 -0.02968270 0.00000000]
- [-0.59867299 0.00983907 0.00000000]
- [-0.59961261 0.04936084 0.00000000]
- [-0.60055224 0.08888261 0.00000000]
- [-0.60149186 0.12840438 0.00000000]
- [-0.60243149 0.16792615 0.00000000]
- [-0.60337111 0.20744792 0.00000000]
- [-0.60431074 0.24696969 0.00000000]
- [-0.60525036 0.28649147 0.00000000]
- [-0.60618999 0.32601324 0.00000000]
- [-0.60712961 0.36553501 0.00000000]
- [0.19692792 -0.42959144 0.00000000]
- [0.19606082 -0.38976135 0.00000000]
- [0.19519371 -0.34993126 0.00000000]
- [0.19432661 -0.31010117 0.00000000]
- [0.19345951 -0.27027109 0.00000000]
- [0.19259240 -0.23044100 0.00000000]
- [0.19172530 -0.19061091 0.00000000]
- [0.19085819 -0.15078083 0.00000000]
- [0.18999109 -0.11095074 0.00000000]
- [0.18912399 -0.07112065 0.00000000]
- [0.18825688 -0.03129056 0.00000000]
- [0.18738978 0.00853952 0.00000000]
- [0.18652267 0.04836961 0.00000000]
- [0.18565557 0.08819970 0.00000000]
- [0.18478847 0.12802979 0.00000000]
- [0.18392136 0.16785987 0.00000000]
- [0.18305426 0.20768996 0.00000000]
- [0.18218715 0.24752005 0.00000000]
- [0.18132005 0.28735013 0.00000000]
- [0.18045295 0.32718022 0.00000000]
- [0.17958584 0.36701031 0.00000000]
- [0.17871874 0.40684040 0.00000000]
- [0.17785163 0.44667048 0.00000000]
elements:
- [1 2]
- [2 3]
- [3 4]
- [4 5]
- [5 6]
- [6 7]
- [7 8]
- [8 9]
- [9 10]
- [10 11]
- [11 12]
- [12 13]
- [13 14]
- [14 15]
- [15 16]
- [16 17]
- [17 18]
- [18 19]
- [19 20]
- [20 21]
- [21 22]
- [22 23]
- [23 24]
- [24 25]
- [25 26]
- [26 27]
- [27 28]
- [28 29]
- [29 30]
- [30 31]
- [31 32]
- [32 33]
- [33 34]
- [34 35]
- [35 36]
- [36 37]
- [37 38]
- [38 39]
- [39 40]
- [40 41]
- [41 42]
- [42 43]
- [43 44]
- [44 45]
- [45 46]
- [46 47]
- [47 48]
- [48 49]
- [49 50]
- [50 51]
- [51 52]
- [52 53]
- [53 54]
- [54 55]
- [55 56]
- [56 57]
- [57 58]
- [58 59]
- [59 60]
- [60 61]
- [61 62]
- [62 63]
- [63 64]
- [64 65]
- [65 66]
- [66 67]
- [67 68]
- [68 69]
- [69 70]
- [70 71]
- [71 72]
- [72 73]
- [73 74]
- [74 75]
- [75 76]
- [76 77]
- [77 78]
- [78 79]
- [79 80]
- [80 81]
- [81 82]
- [82 83]
- [83 84]
- [84 85]
- [85 86]
- [86 87]
- [87 88]
- [88 89]
- [89 90]
- [90 91]
- [91 92]
- [92 93]
- [93 94]
- [94 95]
- [95 96]
- [96 97]
- [97 98]
- [98 99]
- [99 100]
- [100 101]
- [101 102]
- [102 103]
- [103 104]
- [104 105]
- [105 106]
- [106 107]
- [107 108]
- [108 109]
- [109 110]
- [110 111]
- [111 112]
- [112 113]
- [113 114]
- [114 115]
- [115 116]
- [116 117]
- [117 118]
- [118 119]
- [119 120]
- [120 121]
- [121 122]
- [122 123]
- [123 124]
- [124 125]
- [125 126]
- [126 127]
- [127 128]
- [128 129]
- [129 130]
- [130 131]
- [131 132]
- [132 133]
- [133 134]
- [134 135]
- [135 136]
- [136 137]
- [137 138]
- [138 139]
- [139 140]
- [140 141]
- [141 142]
- [142 143]
- [143 144]
- [144 145]
- [145 146]
- [146 147]
- [147 148]
- [148 149]
- [149 150]
- [150 151]
- [151 152]
- [152 153]
- [153 154]
- [154 155]
- [155 156]
- [156 157]
- [157 158]
- [158 159]
- [159 160]
- [160 161]
- [161 162]
- [162 163]
- [163 164]
- [164 165]
- [165 166]
- [166 167]
- [167 168]
- [168 169]
- [169 170]
- [170 171]
- [171 172]
- [172 173]
- [173 174]
- [174 175]
- [175 176]
- [176 177]
- [177 178]
- [178 179]
- [179 180]
- [180 181]
- [181 182]
- [182 183]
- [183 184]
- [184 185]
- [185 186]
- [186 187]
- [187 188]
- [188 189]
- [189 190]
- [190 191]
- [191 192]
- [192 193]
- [193 194]
- [194 195]
- [195 196]
- [196 197]
- [197 198]
- [198 199]
- [199 200]
- [200 201]
- [201 202]
- [202 203]
- [203 204]
- [204 205]
- [205 206]
- [206 207]
- [207 208]
- [208 209]
- [209 210]
- [210 211]
- [211 212]
- [212 213]
- [213 214]
- [214 1]
- [183 215]
- [215 216]
- [216 217]
- [217 218]
- [218 219]
- [219 220]
- [220 221]
- [221 222]
- [222 32]
- [125 223]
- [223 224]
- [224 225]
- [225 226]
- [226 227]
- [227 228]
- [228 229]
- [229 230]
- [230 231]
- [231 232]
- [232 233]
- [233 234]
- [234 235]
- [235 236]
- [236 237]
- [237 238]
- [238 239]
- [239 240]
- [240 241]
- [241 90]
- [145 242]
- [242 243]
- [243 244]
- [244 245]
- [245 246]
- [246 247]
- [247 248]
- [248 249]
- [249 250]
- [250 251]
- [251 252]
- [252 253]
- [253 254]
- [254 255]
- [255 256]
- [256 257]
- [257 258]
- [258 259]
- [259 260]
- [260 261]
- [261 262]
- [262 263]
- [263 264]
- [264 70]
sets:
  element:
  - name: layup_0
    labels:
    - 1
    - 2
    - 3
    - 4
    - 5
    - 6
    - 7
    - 8
    - 9
    - 10
    - 11
    - 12
    - 13
    - 14
    - 15
    - 16
    - 17
    - 18
    - 19
    - 20
    - 21
    - 193
    - 194
    - 195
    - 196
    - 197
    - 198
    - 199
    - 200
    - 201
    - 202
    - 203
    - 204
    - 205
    - 206
    - 207
    - 208
    - 209
    - 210
    - 211
    - 212
    - 213
    - 214
  - name: layup_1
    labels:
    - 22
    - 23
    - 24
    - 25
    - 26
    - 27
    - 28
    - 29
    - 30
    - 31
    - 32
    - 33
    - 34
    - 35
    - 36
    - 37
    - 38
    - 39
    - 40
    - 41
    - 42
    - 43
    - 44
    - 45
    - 46
    - 47
    - 48
    - 49
    - 50
    - 51
    - 52
    - 53
    - 54
    - 55
    - 56
    - 57
    - 58
    - 59
    - 60
    - 61
    - 62
    - 63
    - 64
    - 65
    - 66
    - 92
    - 93
    - 94
    - 95
    - 96
    - 97
    - 98
    - 99
    - 115
    - 116
    - 117
    - 118
    - 119
    - 120
    - 121
    - 122
    - 123
    - 149
    - 150
    - 151
    - 152
    - 153
    - 154
    - 155
    - 156
    - 157
    - 158
    - 159
    - 160
    - 161
    - 162
    - 163
    - 164
    - 165
    - 166
    - 167
    - 168
    - 169
    - 170
    - 171
    - 172
    - 173
    - 174
    - 175
    - 176
    - 177
    - 178
    - 179
    - 180
    - 181
    - 182
    - 183
    - 184
    - 185
    - 186
    - 187
    - 188
    - 189
    - 190
    - 191
    - 192
  - name: layup_2
    labels:
    - 67
    - 68
    - 69
    - 70
    - 71
    - 72
    - 73
    - 74
    - 75
    - 76
    - 77
    - 78
    - 79
    - 80
    - 81
    - 82
    - 83
    - 84
    - 85
    - 86
    - 87
    - 88
    - 89
    - 90
    - 91
  - name: layup_3
    labels:
    - 100
    - 101
    - 102
    - 103
    - 104
    - 105
    - 106
    - 107
    - 108
    - 109
    - 110
    - 111
    - 112
    - 113
    - 114
  - name: layup_4
    labels:
    - 124
    - 125
    - 126
    - 127
    - 128
    - 129
    - 130
    - 131
    - 132
    - 133
    - 134
    - 135
    - 136
    - 137
    - 138
    - 139
    - 140
    - 141
    - 142
    - 143
    - 144
    - 145
    - 146
    - 147
    - 148
  - name: layup_5
    labels:
    - 215
    - 216
    - 217
    - 218
    - 219
    - 220
    - 221
    - 222
    - 223
  - name: layup_6
    labels:
    - 224
    - 225
    - 226
    - 227
    - 228
    - 229
    - 230
    - 231
    - 232
    - 233
    - 234
    - 235
    - 236
    - 237
    - 238
    - 239
    - 240
    - 241
    - 242
    - 243
    - 244
    - 245
    - 246
    - 247
    - 248
    - 249
    - 250
    - 251
    - 252
    - 253
    - 254
    - 255
    - 256
    - 257
    - 258
    - 259
    - 260
    - 261
    - 262
    - 263
    - 264
    - 265
    - 266
    - 267
sections:
- type: shell
  elementSet: layup_0
  layup:
  - - gelcoat
    - 0.0005
    - 0.0
  - - glass_triax
    - 0.003
    - 0.0
  - - glass_uniax
    - 0.0100801
    - 0.0
  - - glass_triax
    - 0.003
    - 0.0
- type: shell
  elementSet: layup_1
  layup:
  - - gelcoat
    - 0.0005
    - 0.0
  - - glass_triax
    - 0.003
    - 0.0
  - - medium_density_foam
    - 0.033125
    - 0.0
  - - glass_triax
    - 0.003
    - 0.0
- type: shell
  elementSet: layup_2
  layup:
  - - gelcoat
    - 0.0005
    - 0.0
  - - glass_triax
    - 0.003
    - 0.0
  - - carbon_uniax
    - 0.0558651
    - 0.0
  - - glass_triax
    - 0.003
    - 0.0
- type: shell
  elementSet: layup_3
  layup:
  - - gelcoat
    - 0.0005
    - 0.0
  - - glass_triax
    - 0.003
    - 0.0
  - - glass_uniax
    - 0.00758562
    - 0.0
  - - glass_triax
    - 0.003
    - 0.0
- type: shell
  elementSet: layup_4
  layup:
  - - gelcoat
    - 0.0005
    - 0.0
  - - glass_triax
    - 0.003
    - 0.0
  - - carbon_uniax
    - 0.05583252
    - 0.0
  - - glass_triax
    - 0.003
    - 0.0
- type: shell
  elementSet: layup_5
  layup:
  - - glass_biax
    - 0.002
    - 0.0
  - - medium_density_foam
    - 0.03
    - 0.0
  - - glass_biax
    - 0.002
    - 0.0
- type: shell
  elementSet: layup_6
  layup:
  - - glass_biax
    - 0.002
    - 0.0
  - - medium_density_foam
    - 0.026
    - 0.0
  - - glass_biax
    - 0.002
    - 0.0
elementOrientations:
- [0.0, 0.0, 1.0, -0.9878168840412939, 0.15562070428753672, 0.0, -0.15562070428753672,
  -0.9878168840412939, 0.0]
- [0.0, 0.0, 1.0, -0.9778925925796815, 0.20910781280906066, 0.0, -0.20910781280906066,
  -0.9778925925796815, 0.0]
- [0.0, 0.0, 1.0, -0.9780109312587153, 0.2085536342010381, 0.0, -0.2085536342010381,
  -0.9780109312587153, 0.0]
- [0.0, 0.0, 1.0, -0.9780094976020902, 0.20856035721130492, 0.0, -0.20856035721130492,
  -0.9780094976020902, 0.0]
- [0.0, 0.0, 1.0, -0.9781355781942095, 0.2079682443804334, 0.0, -0.2079682443804334,
  -0.9781355781942095, 0.0]
- [0.0, 0.0, 1.0, -0.9781158235291602, 0.20806113467409712, 0.0, -0.20806113467409712,
  -0.9781158235291602, 0.0]
- [0.0, 0.0, 1.0, -0.9778068421801919, 0.20950842318532492, 0.0, -0.20950842318532492,
  -0.9778068421801919, 0.0]
- [0.0, 0.0, 1.0, -0.9776004527527793, 0.2104693677891415, 0.0, -0.2104693677891415,
  -0.9776004527527793, 0.0]
- [0.0, 0.0, 1.0, -0.9770998119763867, 0.21278147813122658, 0.0, -0.21278147813122658,
  -0.9770998119763867, 0.0]
- [0.0, 0.0, 1.0, -0.9768713069749985, 0.21382808423815242, 0.0, -0.21382808423815242,
  -0.9768713069749985, 0.0]
- [0.0, 0.0, 1.0, -0.976675185030982, 0.21472210632512229, 0.0, -0.21472210632512229,
  -0.976675185030982, 0.0]
- [0.0, 0.0, 1.0, -0.9763005594653404, 0.21641907861291537, 0.0, -0.21641907861291537,
  -0.9763005594653404, 0.0]
- [0.0, 0.0, 1.0, -0.9761930222347079, 0.2169036268490383, 0.0, -0.2169036268490383,
  -0.9761930222347079, 0.0]
- [0.0, 0.0, 1.0, -0.9758942900808604, 0.2182437503975169, 0.0, -0.2182437503975169,
  -0.9758942900808604, 0.0]
- [0.0, 0.0, 1.0, -0.9756662071949649, 0.21926115054380219, 0.0, -0.21926115054380219,
  -0.9756662071949649, 0.0]
- [0.0, 0.0, 1.0, -0.9755012432295602, 0.21999391913773933, 0.0, -0.21999391913773933,
  -0.9755012432295602, 0.0]
- [0.0, 0.0, 1.0, -0.975407154235188, 0.22041071540833057, 0.0, -0.22041071540833057,
  -0.975407154235188, 0.0]
- [0.0, 0.0, 1.0, -0.9752919489146985, 0.22091992753522466, 0.0, -0.22091992753522466,
  -0.9752919489146985, 0.0]
- [0.0, 0.0, 1.0, -0.9751721061927728, 0.22144833100195502, 0.0, -0.22144833100195502,
  -0.9751721061927728, 0.0]
- [0.0, 0.0, 1.0, -0.9750384405129611, 0.22203612211091453, 0.0, -0.22203612211091453,
  -0.9750384405129611, 0.0]
- [0.0, 0.0, 1.0, -0.9969937573583961, 0.07748191910625056, 0.0, -0.07748191910625056,
  -0.9969937573583961, 0.0]
- [0.0, 0.0, 1.0, -0.9969071170840099, 0.07858880268363903, 0.0, -0.07858880268363903,
  -0.9969071170840099, 0.0]
- [0.0, 0.0, 1.0, -0.9749706066258595, 0.22233379458733504, 0.0, -0.22233379458733504,
  -0.9749706066258595, 0.0]
- [0.0, 0.0, 1.0, -0.9749022823254314, 0.2226331959000378, 0.0, -0.2226331959000378,
  -0.9749022823254314, 0.0]
- [0.0, 0.0, 1.0, -0.9748750929156543, 0.222752223810884, 0.0, -0.222752223810884,
  -0.9748750929156543, 0.0]
- [0.0, 0.0, 1.0, -0.9750377523582556, 0.2220391440178079, 0.0, -0.2220391440178079,
  -0.9750377523582556, 0.0]
- [0.0, 0.0, 1.0, -0.9750252569441413, 0.22209400784580233, 0.0, -0.22209400784580233,
  -0.9750252569441413, 0.0]
- [0.0, 0.0, 1.0, -0.975214187184777, 0.22126294112104428, 0.0, -0.22126294112104428,
  -0.975214187184777, 0.0]
- [0.0, 0.0, 1.0, -0.9752946527032437, 0.22090799082074725, 0.0, -0.22090799082074725,
  -0.9752946527032437, 0.0]
- [0.0, 0.0, 1.0, -0.9755068391437457, 0.21996910415733, 0.0, -0.21996910415733, -0.9755068391437457,
  0.0]
- [0.0, 0.0, 1.0, -0.9757806644393104, 0.21875121692547891, 0.0, -0.21875121692547891,
  -0.9757806644393104, 0.0]
- [0.0, 0.0, 1.0, -0.97592360553142, 0.21811262266671577, 0.0, -0.21811262266671577,
  -0.97592360553142, 0.0]
- [0.0, 0.0, 1.0, -0.9762499740916494, 0.21664715111455773, 0.0, -0.21664715111455773,
  -0.9762499740916494, 0.0]
- [0.0, 0.0, 1.0, -0.9766188865261416, 0.21497802324991144, 0.0, -0.21497802324991144,
  -0.9766188865261416, 0.0]
- [0.0, 0.0, 1.0, -0.9768041735767539, 0.21413455228672187, 0.0, -0.21413455228672187,
  -0.9768041735767539, 0.0]
- [0.0, 0.0, 1.0, -0.9772791737644353, 0.2119561665210585, 0.0, -0.2119561665210585,
  -0.9772791737644353, 0.0]
- [0.0, 0.0, 1.0, -0.9774874799910068, 0.21099342752993677, 0.0, -0.21099342752993677,
  -0.9774874799910068, 0.0]
- [0.0, 0.0, 1.0, -0.9780965116537302, 0.20815190100213887, 0.0, -0.20815190100213887,
  -0.9780965116537302, 0.0]
- [0.0, 0.0, 1.0, -0.9784800057023265, 0.20634165464291268, 0.0, -0.20634165464291268,
  -0.9784800057023265, 0.0]
- [0.0, 0.0, 1.0, -0.9787622038573592, 0.20499889829041743, 0.0, -0.20499889829041743,
  -0.9787622038573592, 0.0]
- [0.0, 0.0, 1.0, -0.9793872999404157, 0.20199137782445603, 0.0, -0.20199137782445603,
  -0.9793872999404157, 0.0]
- [0.0, 0.0, 1.0, -0.9800204448937481, 0.19889677621887183, 0.0, -0.19889677621887183,
  -0.9800204448937481, 0.0]
- [0.0, 0.0, 1.0, -0.9805195937440172, 0.1964212979390663, 0.0, -0.1964212979390663,
  -0.9805195937440172, 0.0]
- [0.0, 0.0, 1.0, -0.9809217826454232, 0.19440281976279347, 0.0, -0.19440281976279347,
  -0.9809217826454232, 0.0]
- [0.0, 0.0, 1.0, -0.9816843768767581, 0.19051452489532442, 0.0, -0.19051452489532442,
  -0.9816843768767581, 0.0]
- [0.0, 0.0, 1.0, -0.9823780486321805, 0.18690470717889643, 0.0, -0.18690470717889643,
  -0.9823780486321805, 0.0]
- [0.0, 0.0, 1.0, -0.9828182144168309, 0.1845761561267112, 0.0, -0.1845761561267112,
  -0.9828182144168309, 0.0]
- [0.0, 0.0, 1.0, -0.9833035649749134, 0.18197279771335634, 0.0, -0.18197279771335634,
  -0.9833035649749134, 0.0]
- [0.0, 0.0, 1.0, -0.9843364741241327, 0.1763000445515277, 0.0, -0.1763000445515277,
  -0.9843364741241327, 0.0]
- [0.0, 0.0, 1.0, -0.9850817301925291, 0.17208714315977577, 0.0, -0.17208714315977577,
  -0.9850817301925291, 0.0]
- [0.0, 0.0, 1.0, -0.9854828423029144, 0.16977504977637012, 0.0, -0.16977504977637012,
  -0.9854828423029144, 0.0]
- [0.0, 0.0, 1.0, -0.986031422360318, 0.16655940116993678, 0.0, -0.16655940116993678,
  -0.986031422360318, 0.0]
- [0.0, 0.0, 1.0, -0.9872700923282491, 0.1590527107413468, 0.0, -0.1590527107413468,
  -0.9872700923282491, 0.0]
- [0.0, 0.0, 1.0, -0.9878617362884222, 0.15533573309842016, 0.0, -0.15533573309842016,
  -0.9878617362884222, 0.0]
- [0.0, 0.0, 1.0, -0.9884194827698147, 0.15174625557506188, 0.0, -0.15174625557506188,
  -0.9884194827698147, 0.0]
- [0.0, 0.0, 1.0, -0.9893038281874496, 0.14586958399082856, 0.0, -0.14586958399082856,
  -0.9893038281874496, 0.0]
- [0.0, 0.0, 1.0, -0.990511625386923, 0.1374289633714668, 0.0, -0.1374289633714668,
  -0.990511625386923, 0.0]
- [0.0, 0.0, 1.0, -0.9910332695308807, 0.13361533850173327, 0.0, -0.13361533850173327,
  -0.9910332695308807, 0.0]
- [0.0, 0.0, 1.0, -0.9916252983782567, 0.12914823892037122, 0.0, -0.12914823892037122,
  -0.9916252983782567, 0.0]
- [0.0, 0.0, 1.0, -0.992650912234486, 0.1210130837556115, 0.0, -0.1210130837556115,
  -0.992650912234486, 0.0]
- [0.0, 0.0, 1.0, -0.993634398173449, 0.1126529305721249, 0.0, -0.1126529305721249,
  -0.993634398173449, 0.0]
- [0.0, 0.0, 1.0, -0.9942480413976577, 0.10710197092921138, 0.0, -0.10710197092921138,
  -0.9942480413976577, 0.0]
- [0.0, 0.0, 1.0, -0.9947403168221182, 0.10242900999537162, 0.0, -0.10242900999537162,
  -0.9947403168221182, 0.0]
- [0.0, 0.0, 1.0, -0.995985789793902, 0.08951148824937159, 0.0, -0.08951148824937159,
  -0.995985789793902, 0.0]
- [0.0, 0.0, 1.0, -0.9965970114754381, 0.08242813062435315, 0.0, -0.08242813062435315,
  -0.9965970114754381, 0.0]
- [0.0, 0.0, 1.0, -0.9976280306264764, -0.06883540156299037, 0.0, 0.06883540156299037,
  -0.9976280306264764, 0.0]
- [0.0, 0.0, 1.0, -0.9947245260893476, -0.10258224600935051, 0.0, 0.10258224600935051,
  -0.9947245260893476, 0.0]
- [0.0, 0.0, 1.0, -0.9984554879757465, 0.05555752452291257, 0.0, -0.05555752452291257,
  -0.9984554879757465, 0.0]
- [0.0, 0.0, 1.0, -0.9987904034861163, 0.04917041696021348, 0.0, -0.04917041696021348,
  -0.9987904034861163, 0.0]
- [0.0, 0.0, 1.0, -0.9991213025731805, 0.04191208351384026, 0.0, -0.04191208351384026,
  -0.9991213025731805, 0.0]
- [0.0, 0.0, 1.0, -0.999564337250171, 0.029515008006545627, 0.0, -0.029515008006545627,
  -0.999564337250171, 0.0]
- [0.0, 0.0, 1.0, -0.9998898108826207, 0.014844732840867602, 0.0, -0.014844732840867602,
  -0.9998898108826207, 0.0]
- [0.0, 0.0, 1.0, -0.9999859165215401, 0.005307236434851889, 0.0, -0.005307236434851889,
  -0.9999859165215401, 0.0]
- [0.0, 0.0, 1.0, -0.9999842895048159, -0.005605420907366917, 0.0, 0.005605420907366917,
  -0.9999842895048159, 0.0]
- [0.0, 0.0, 1.0, -0.9996719853770456, -0.02561096742249078, 0.0, 0.02561096742249078,
  -0.9996719853770456, 0.0]
- [0.0, 0.0, 1.0, -0.9993381215798924, -0.036377448469789624, 0.0, 0.036377448469789624,
  -0.9993381215798924, 0.0]
- [0.0, 0.0, 1.0, -0.9988671507616689, -0.047585871109664266, 0.0, 0.047585871109664266,
  -0.9988671507616689, 0.0]
- [0.0, 0.0, 1.0, -0.9974965709182623, -0.07071485704085219, 0.0, 0.07071485704085219,
  -0.9974965709182623, 0.0]
- [0.0, 0.0, 1.0, -0.9964763530364003, -0.08387417862057044, 0.0, 0.08387417862057044,
  -0.9964763530364003, 0.0]
- [0.0, 0.0, 1.0, -0.9955277347603593, -0.09446972701827744, 0.0, 0.09446972701827744,
  -0.9955277347603593, 0.0]
- [0.0, 0.0, 1.0, -0.9926423853045095, -0.12108300829172368, 0.0, 0.12108300829172368,
  -0.9926423853045095, 0.0]
- [0.0, 0.0, 1.0, -0.9906392776184191, -0.13650575680042548, 0.0, 0.13650575680042548,
  -0.9906392776184191, 0.0]
- [0.0, 0.0, 1.0, -0.9885277217757952, -0.1510395421098597, 0.0, 0.1510395421098597,
  -0.9885277217757952, 0.0]
- [0.0, 0.0, 1.0, -0.9838956757521105, -0.17874366908032846, 0.0, 0.17874366908032846,
  -0.9838956757521105, 0.0]
- [0.0, 0.0, 1.0, -0.9806277973446853, -0.19588037950471385, 0.0, 0.19588037950471385,
  -0.9806277973446853, 0.0]
- [0.0, 0.0, 1.0, -0.9768628843508471, -0.21386655927877923, 0.0, 0.21386655927877923,
  -0.9768628843508471, 0.0]
- [0.0, 0.0, 1.0, -0.9700062078971635, -0.24308014448112503, 0.0, 0.24308014448112503,
  -0.9700062078971635, 0.0]
- [0.0, 0.0, 1.0, -0.9654403222249125, -0.26062422032930305, 0.0, 0.26062422032930305,
  -0.9654403222249125, 0.0]
- [0.0, 0.0, 1.0, -0.9579287602716247, -0.28700608050086396, 0.0, 0.28700608050086396,
  -0.9579287602716247, 0.0]
- [0.0, 0.0, 1.0, -0.9494338526348947, -0.3139671311950678, 0.0, 0.3139671311950678,
  -0.9494338526348947, 0.0]
- [0.0, 0.0, 1.0, -0.9747453989574238, -0.22331907041570045, 0.0, 0.22331907041570045,
  -0.9747453989574238, 0.0]
- [0.0, 0.0, 1.0, -0.9701342005754859, -0.24256882090195095, 0.0, 0.24256882090195095,
  -0.9701342005754859, 0.0]
- [0.0, 0.0, 1.0, -0.9172442777006122, -0.3983251624307484, 0.0, 0.3983251624307484,
  -0.9172442777006122, 0.0]
- [0.0, 0.0, 1.0, -0.900887293753999, -0.43405308886424915, 0.0, 0.43405308886424915,
  -0.900887293753999, 0.0]
- [0.0, 0.0, 1.0, -0.8874113496836115, -0.4609784121330533, 0.0, 0.4609784121330533,
  -0.8874113496836115, 0.0]
- [0.0, 0.0, 1.0, -0.8666743777866376, -0.49887425558766263, 0.0, 0.49887425558766263,
  -0.8666743777866376, 0.0]
- [0.0, 0.0, 1.0, -0.848352316682131, -0.5294320983658446, 0.0, 0.5294320983658446,
  -0.848352316682131, 0.0]
- [0.0, 0.0, 1.0, -0.8190554581025875, -0.5737143510078516, 0.0, 0.5737143510078516,
  -0.8190554581025875, 0.0]
- [0.0, 0.0, 1.0, -0.8770922474460938, -0.4803219643842659, 0.0, 0.4803219643842659,
  -0.8770922474460938, 0.0]
- [0.0, 0.0, 1.0, -0.8499479308649617, -0.5268666954917254, 0.0, 0.5268666954917254,
  -0.8499479308649617, 0.0]
- [0.0, 0.0, 1.0, -0.7202822315825458, -0.6936811276562653, 0.0, 0.6936811276562653,
  -0.7202822315825458, 0.0]
- [0.0, 0.0, 1.0, -0.6698671679546977, -0.7424809608982259, 0.0, 0.7424809608982259,
  -0.6698671679546977, 0.0]
- [0.0, 0.0, 1.0, -0.5924920326276987, -0.8055763100245054, 0.0, 0.8055763100245054,
  -0.5924920326276987, 0.0]
- [0.0, 0.0, 1.0, -0.49915740486249616, -0.8665113300880366, 0.0, 0.8665113300880366,
  -0.49915740486249616, 0.0]
- [0.0, 0.0, 1.0, -0.36761356161818626, -0.9299786391710252, 0.0, 0.9299786391710252,
  -0.36761356161818626, 0.0]
- [0.0, 0.0, 1.0, -0.20562225703151027, -0.9786314359416763, 0.0, 0.9786314359416763,
  -0.20562225703151027, 0.0]
- [0.0, 0.0, 1.0, 0.02081851824898548, -0.9997832711632639, 0.0, 0.9997832711632639,
  0.02081851824898548, 0.0]
- [0.0, 0.0, 1.0, 0.27395320155533, -0.9617430235554532, 0.0, 0.9617430235554532,
  0.27395320155533, 0.0]
- [0.0, 0.0, 1.0, 0.47402517578354825, -0.8805112905144239, 0.0, 0.8805112905144239,
  0.47402517578354825, 0.0]
- [0.0, 0.0, 1.0, 0.5990291267883583, -0.8007272352425494, 0.0, 0.8007272352425494,
  0.5990291267883583, 0.0]
- [0.0, 0.0, 1.0, 0.6772654765181318, -0.7357387269382167, 0.0, 0.7357387269382167,
  0.6772654765181318, 0.0]
- [0.0, 0.0, 1.0, 0.7288371593692803, -0.6846870782499976, 0.0, 0.6846870782499976,
  0.7288371593692803, 0.0]
- [0.0, 0.0, 1.0, 0.7704067079830031, -0.6375527462844086, 0.0, 0.6375527462844086,
  0.7704067079830031, 0.0]
- [0.0, 0.0, 1.0, 0.8856239973334943, -0.4644029880901316, 0.0, 0.4644029880901316,
  0.8856239973334943, 0.0]
- [0.0, 0.0, 1.0, 0.9025625535792896, -0.43055874962243174, 0.0, 0.43055874962243174,
  0.9025625535792896, 0.0]
- [0.0, 0.0, 1.0, 0.8411801640750682, -0.5407549644401255, 0.0, 0.5407549644401255,
  0.8411801640750682, 0.0]
- [0.0, 0.0, 1.0, 0.8610981777340534, -0.508438716369134, 0.0, 0.508438716369134,
  0.8610981777340534, 0.0]
- [0.0, 0.0, 1.0, 0.8769767845786224, -0.48053274530477175, 0.0, 0.48053274530477175,
  0.8769767845786224, 0.0]
- [0.0, 0.0, 1.0, 0.8921752822580142, -0.45168934648476355, 0.0, 0.45168934648476355,
  0.8921752822580142, 0.0]
- [0.0, 0.0, 1.0, 0.9041190928911289, -0.4272805470293753, 0.0, 0.4272805470293753,
  0.9041190928911289, 0.0]
- [0.0, 0.0, 1.0, 0.9179670772015597, -0.39665658342453597, 0.0, 0.39665658342453597,
  0.9179670772015597, 0.0]
- [0.0, 0.0, 1.0, 0.925693633225115, -0.37827410353668967, 0.0, 0.37827410353668967,
  0.925693633225115, 0.0]
- [0.0, 0.0, 1.0, 0.9771892478779961, -0.21237036947662102, 0.0, 0.21237036947662102,
  0.9771892478779961, 0.0]
- [0.0, 0.0, 1.0, 0.9768783778230483, -0.21379577858743992, 0.0, 0.21379577858743992,
  0.9768783778230483, 0.0]
- [0.0, 0.0, 1.0, 0.9557010449830264, -0.2943391116014847, 0.0, 0.2943391116014847,
  0.9557010449830264, 0.0]
- [0.0, 0.0, 1.0, 0.9617737370684405, -0.2738453554205479, 0.0, 0.2738453554205479,
  0.9617737370684405, 0.0]
- [0.0, 0.0, 1.0, 0.9669295125918126, -0.2550437564006614, 0.0, 0.2550437564006614,
  0.9669295125918126, 0.0]
- [0.0, 0.0, 1.0, 0.9740941521385006, -0.22614283709544178, 0.0, 0.22614283709544178,
  0.9740941521385006, 0.0]
- [0.0, 0.0, 1.0, 0.9777652164452504, -0.20970260253457174, 0.0, 0.20970260253457174,
  0.9777652164452504, 0.0]
- [0.0, 0.0, 1.0, 0.9816784836248955, -0.19054488916768664, 0.0, 0.19054488916768664,
  0.9816784836248955, 0.0]
- [0.0, 0.0, 1.0, 0.9867807023466086, -0.16206123989508986, 0.0, 0.16206123989508986,
  0.9867807023466086, 0.0]
- [0.0, 0.0, 1.0, 0.9889421598562353, -0.1483017345107076, 0.0, 0.1483017345107076,
  0.9889421598562353, 0.0]
- [0.0, 0.0, 1.0, 0.9916754478209995, -0.1287625962343889, 0.0, 0.1287625962343889,
  0.9916754478209995, 0.0]
- [0.0, 0.0, 1.0, 0.9944788487493781, -0.10493721642063689, 0.0, 0.10493721642063689,
  0.9944788487493781, 0.0]
- [0.0, 0.0, 1.0, 0.9958379201432951, -0.09114184990813018, 0.0, 0.09114184990813018,
  0.9958379201432951, 0.0]
- [0.0, 0.0, 1.0, 0.9972774649640141, -0.07374047650340633, 0.0, 0.07374047650340633,
  0.9972774649640141, 0.0]
- [0.0, 0.0, 1.0, 0.9987370529691049, -0.0502424026753041, 0.0, 0.0502424026753041,
  0.9987370529691049, 0.0]
- [0.0, 0.0, 1.0, 0.9992742185251242, -0.038092468953878564, 0.0, 0.038092468953878564,
  0.9992742185251242, 0.0]
- [0.0, 0.0, 1.0, 0.9997356216063571, -0.022993192282733808, 0.0, 0.022993192282733808,
  0.9997356216063571, 0.0]
- [0.0, 0.0, 1.0, 0.9999983061729164, 0.0018405573335344302, 0.0, -0.0018405573335344302,
  0.9999983061729164, 0.0]
- [0.0, 0.0, 1.0, 0.9999067407008715, 0.013656862778839714, 0.0, -0.013656862778839714,
  0.9999067407008715, 0.0]
- [0.0, 0.0, 1.0, 0.9996735958151307, 0.025548029866248257, 0.0, -0.025548029866248257,
  0.9996735958151307, 0.0]
- [0.0, 0.0, 1.0, 0.9987406483792063, 0.05017088074852359, 0.0, -0.05017088074852359,
  0.9987406483792063, 0.0]
- [0.0, 0.0, 1.0, 0.9980107163827484, 0.06304450797010921, 0.0, -0.06304450797010921,
  0.9980107163827484, 0.0]
- [0.0, 0.0, 1.0, 0.9972754362568624, 0.07376790791858268, 0.0, -0.07376790791858268,
  0.9972754362568624, 0.0]
- [0.0, 0.0, 1.0, 0.9961896255329652, 0.08721370293990797, 0.0, -0.08721370293990797,
  0.9961896255329652, 0.0]
- [0.0, 0.0, 1.0, 0.9942217694762738, 0.10734557792227327, 0.0, -0.10734557792227327,
  0.9942217694762738, 0.0]
- [0.0, 0.0, 1.0, 0.9989152500055313, -0.04656525857747515, 0.0, 0.04656525857747515,
  0.9989152500055313, 0.0]
- [0.0, 0.0, 1.0, 0.9998024421371038, -0.019876536335175304, 0.0, 0.019876536335175304,
  0.9998024421371038, 0.0]
- [0.0, 0.0, 1.0, 0.9896990910417447, 0.14316322569411555, 0.0, -0.14316322569411555,
  0.9896990910417447, 0.0]
- [0.0, 0.0, 1.0, 0.9872565478073557, 0.15913676134539864, 0.0, -0.15913676134539864,
  0.9872565478073557, 0.0]
- [0.0, 0.0, 1.0, 0.9856219479706708, 0.16896560501622837, 0.0, -0.16896560501622837,
  0.9856219479706708, 0.0]
- [0.0, 0.0, 1.0, 0.9840269097167962, 0.17801977685979886, 0.0, -0.17801977685979886,
  0.9840269097167962, 0.0]
- [0.0, 0.0, 1.0, 0.9800498855462139, 0.1987516587122054, 0.0, -0.1987516587122054,
  0.9800498855462139, 0.0]
- [0.0, 0.0, 1.0, 0.9778303552870196, 0.20939865395761542, 0.0, -0.20939865395761542,
  0.9778303552870196, 0.0]
- [0.0, 0.0, 1.0, 0.9760312377539971, 0.21763047334507216, 0.0, -0.21763047334507216,
  0.9760312377539971, 0.0]
- [0.0, 0.0, 1.0, 0.973836082855962, 0.22725158685420863, 0.0, -0.22725158685420863,
  0.973836082855962, 0.0]
- [0.0, 0.0, 1.0, 0.9691635631243394, 0.2464183189459225, 0.0, -0.2464183189459225,
  0.9691635631243394, 0.0]
- [0.0, 0.0, 1.0, 0.9671028227219336, 0.2543857902542286, 0.0, -0.2543857902542286,
  0.9671028227219336, 0.0]
- [0.0, 0.0, 1.0, 0.9652074213316648, 0.26148543708259975, 0.0, -0.26148543708259975,
  0.9652074213316648, 0.0]
- [0.0, 0.0, 1.0, 0.962451270243324, 0.271454512592832, 0.0, -0.271454512592832, 0.962451270243324,
  0.0]
- [0.0, 0.0, 1.0, 0.9584426008060987, 0.2852854376936224, 0.0, -0.2852854376936224,
  0.9584426008060987, 0.0]
- [0.0, 0.0, 1.0, 0.9565854535761035, 0.2914520029208936, 0.0, -0.2914520029208936,
  0.9565854535761035, 0.0]
- [0.0, 0.0, 1.0, 0.9549777769821937, 0.296677342360598, 0.0, -0.296677342360598,
  0.9549777769821937, 0.0]
- [0.0, 0.0, 1.0, 0.9522783308058634, 0.30523102836638083, 0.0, -0.30523102836638083,
  0.9522783308058634, 0.0]
- [0.0, 0.0, 1.0, 0.9494961301287462, 0.3137787419034863, 0.0, -0.3137787419034863,
  0.9494961301287462, 0.0]
- [0.0, 0.0, 1.0, 0.9481001014007858, 0.31797200776769613, 0.0, -0.31797200776769613,
  0.9481001014007858, 0.0]
- [0.0, 0.0, 1.0, 0.9468653126631933, 0.32163034632203663, 0.0, -0.32163034632203663,
  0.9468653126631933, 0.0]
- [0.0, 0.0, 1.0, 0.9449562284259065, 0.3271967700926858, 0.0, -0.3271967700926858,
  0.9449562284259065, 0.0]
- [0.0, 0.0, 1.0, 0.943577610455623, 0.33115146541553564, 0.0, -0.33115146541553564,
  0.943577610455623, 0.0]
- [0.0, 0.0, 1.0, 0.942631993435574, 0.33383367857613755, 0.0, -0.33383367857613755,
  0.942631993435574, 0.0]
- [0.0, 0.0, 1.0, 0.94211673465217, 0.3352850403586964, 0.0, -0.3352850403586964,
  0.94211673465217, 0.0]
- [0.0, 0.0, 1.0, 0.9417649822806652, 0.33627179208178964, 0.0, -0.33627179208178964,
  0.9417649822806652, 0.0]
- [0.0, 0.0, 1.0, 0.9419115939764242, 0.3358609074197114, 0.0, -0.3358609074197114,
  0.9419115939764242, 0.0]
- [0.0, 0.0, 1.0, 0.9418152257478785, 0.3361310466908296, 0.0, -0.3361310466908296,
  0.9418152257478785, 0.0]
- [0.0, 0.0, 1.0, 0.9422304319796917, 0.33496539082622173, 0.0, -0.33496539082622173,
  0.9422304319796917, 0.0]
- [0.0, 0.0, 1.0, 0.9438235118250279, 0.3304499637256321, 0.0, -0.3304499637256321,
  0.9438235118250279, 0.0]
- [0.0, 0.0, 1.0, 0.9447618318229052, 0.32775765609765467, 0.0, -0.32775765609765467,
  0.9447618318229052, 0.0]
- [0.0, 0.0, 1.0, 0.9457098682121171, 0.32501206926238924, 0.0, -0.32501206926238924,
  0.9457098682121171, 0.0]
- [0.0, 0.0, 1.0, 0.9474220057413273, 0.3199867857225988, 0.0, -0.3199867857225988,
  0.9474220057413273, 0.0]
- [0.0, 0.0, 1.0, 0.9508992030518353, 0.30950073608213663, 0.0, -0.30950073608213663,
  0.9508992030518353, 0.0]
- [0.0, 0.0, 1.0, 0.9525336789289093, 0.30443322832134745, 0.0, -0.30443322832134745,
  0.9525336789289093, 0.0]
- [0.0, 0.0, 1.0, 0.9542200282756641, 0.29910556269917626, 0.0, -0.29910556269917626,
  0.9542200282756641, 0.0]
- [0.0, 0.0, 1.0, 0.9575405062393015, 0.2882987667524475, 0.0, -0.2882987667524475,
  0.9575405062393015, 0.0]
- [0.0, 0.0, 1.0, 0.9609455770016302, 0.276737417132205, 0.0, -0.276737417132205,
  0.9609455770016302, 0.0]
- [0.0, 0.0, 1.0, 0.9629366547953557, 0.2697276382789317, 0.0, -0.2697276382789317,
  0.9629366547953557, 0.0]
- [0.0, 0.0, 1.0, 0.9652531124709673, 0.2613167213653005, 0.0, -0.2613167213653005,
  0.9652531124709673, 0.0]
- [0.0, 0.0, 1.0, 0.9702733435731319, 0.24201165003242087, 0.0, -0.24201165003242087,
  0.9702733435731319, 0.0]
- [0.0, 0.0, 1.0, 0.972676677592585, 0.2321639094851965, 0.0, -0.2321639094851965,
  0.972676677592585, 0.0]
- [0.0, 0.0, 1.0, 0.9749162463089321, 0.22257203931065012, 0.0, -0.22257203931065012,
  0.9749162463089321, 0.0]
- [0.0, 0.0, 1.0, 0.9791176970931027, 0.203294208572451, 0.0, -0.203294208572451,
  0.9791176970931027, 0.0]
- [0.0, 0.0, 1.0, 0.9991857775453714, 0.04034577984190767, 0.0, -0.04034577984190767,
  0.9991857775453714, 0.0]
- [0.0, 0.0, 1.0, 0.9995979241539762, 0.02835471789775939, 0.0, -0.02835471789775939,
  0.9995979241539762, 0.0]
- [0.0, 0.0, 1.0, 0.9875870813434809, 0.1570724570491745, 0.0, -0.1570724570491745,
  0.9875870813434809, 0.0]
- [0.0, 0.0, 1.0, 0.9904737349517306, 0.13770178056499077, 0.0, -0.13770178056499077,
  0.9904737349517306, 0.0]
- [0.0, 0.0, 1.0, 0.9920628858034134, 0.12574271593775702, 0.0, -0.12574271593775702,
  0.9920628858034134, 0.0]
- [0.0, 0.0, 1.0, 0.9938222904077582, 0.11098312974807377, 0.0, -0.11098312974807377,
  0.9938222904077582, 0.0]
- [0.0, 0.0, 1.0, 0.9958327799674254, 0.09119799527593504, 0.0, -0.09119799527593504,
  0.9958327799674254, 0.0]
- [0.0, 0.0, 1.0, 0.996902914506011, 0.07864209464034541, 0.0, -0.07864209464034541,
  0.996902914506011, 0.0]
- [0.0, 0.0, 1.0, 0.998091555139665, 0.0617514984343303, 0.0, -0.0617514984343303,
  0.998091555139665, 0.0]
- [0.0, 0.0, 1.0, 0.999149477077402, 0.04123496642358453, 0.0, -0.04123496642358453,
  0.999149477077402, 0.0]
