nodes:
- [4.08545579 0.04696195 0.00000000]
- [4.03735809 0.05570148 0.00000000]
- [3.98247416 0.06872447 0.00000000]
- [3.92755847 0.08163022 0.00000000]
- [3.87262907 0.09452771 0.00000000]
- [3.81769228 0.10741044 0.00000000]
- [3.76274423 0.12032049 0.00000000]
- [3.70782911 0.13336886 0.00000000]
- [3.65291606 0.14643922 0.00000000]
- [3.59803199 0.15967781 0.00000000]
- [3.54319343 0.17303386 0.00000000]
- [3.48835836 0.18640594 0.00000000]
- [3.43355275 0.19990328 0.00000000]
- [3.37876527 0.21342444 0.00000000]
- [3.32397119 0.22696687 0.00000000]
- [3.26716224 0.23243329 0.00000000]
- [3.20744272 0.23862976 0.00000000]
- [3.14976312 0.25305230 0.00000000]
- [3.09210141 0.26753100 0.00000000]
- [3.03445565 0.28200896 0.00000000]
- [2.97681532 0.29648051 0.00000000]
- [2.91916781 0.31092846 0.00000000]
- [2.86151666 0.32537738 0.00000000]
- [2.80387814 0.33981358 0.00000000]
- [2.74622403 0.35418932 0.00000000]
- [2.68855448 0.36856135 0.00000000]
- [2.63091133 0.38292155 0.00000000]
- [2.57324920 0.39715944 0.00000000]
- [2.51554579 0.41135624 0.00000000]
- [2.45785758 0.42554896 0.00000000]
- [2.40018584 0.43962055 0.00000000]
- [2.34244470 0.45352134 0.00000000]
- [2.28466660 0.46742752 0.00000000]
- [2.22694791 0.48128766 0.00000000]
- [2.16917288 0.49487109 0.00000000]
- [2.11131491 0.50840437 0.00000000]
- [2.05348272 0.52193098 0.00000000]
- [1.99568395 0.53526903 0.00000000]
- [1.93918586 0.54800065 0.00000000]
- [1.88261450 0.56074822 0.00000000]
- [1.82613439 0.57347470 0.00000000]
- [1.76961377 0.58582877 0.00000000]
- [1.71296688 0.59804421 0.00000000]
- [1.65628775 0.61026569 0.00000000]
- [1.59974499 0.62242520 0.00000000]
- [1.54308535 0.63401492 0.00000000]
- [1.48627385 0.64559329 0.00000000]
- [1.42949999 0.65716302 0.00000000]
- [1.37282550 0.66851406 0.00000000]
- [1.31599585 0.67932733 0.00000000]
- [1.25902820 0.69016577 0.00000000]
- [1.20218619 0.70097945 0.00000000]
- [1.14536152 0.71127227 0.00000000]
- [1.08833280 0.72115238 0.00000000]
- [1.03119696 0.73104972 0.00000000]
- [0.97430071 0.74089440 0.00000000]
- [0.91729560 0.74977150 0.00000000]
- [0.86001674 0.75848205 0.00000000]
- [0.80274988 0.76718906 0.00000000]
- [0.74572075 0.77560259 0.00000000]
- [0.68847943 0.78293895 0.00000000]
- [0.63096240 0.79029623 0.00000000]
- [0.57367319 0.79762310 0.00000000]
- [0.51644483 0.80401093 0.00000000]
- [0.45891135 0.80975475 0.00000000]
- [0.40125087 0.81550941 0.00000000]
- [0.34398695 0.82105851 0.00000000]
- [0.28655993 0.82498065 0.00000000]
- [0.22832788 0.82307421 0.00000000]
- [0.17909113 0.82056129 0.00000000]
- [0.13065077 0.82312361 0.00000000]
- [0.07401956 0.82487124 0.00000000]
- [0.01703830 0.82660927 0.00000000]
- [-0.03930924 0.82806246 0.00000000]
- [-0.09562731 0.82771817 0.00000000]
- [-0.15258984 0.82697001 0.00000000]
- [-0.20900766 0.82623101 0.00000000]
- [-0.26504213 0.82359047 0.00000000]
- [-0.32172124 0.82002797 0.00000000]
- [-0.37810840 0.81648502 0.00000000]
- [-0.43382793 0.81129148 0.00000000]
- [-0.49002573 0.80460810 0.00000000]
- [-0.54604769 0.79794965 0.00000000]
- [-0.60119788 0.78947180 0.00000000]
- [-0.65676550 0.77922565 0.00000000]
- [-0.70217462 0.77085419 0.00000000]
- [-0.74779484 0.76721425 0.00000000]
- [-0.80516350 0.75847703 0.00000000]
- [-0.86120983 0.74409168 0.00000000]
- [-0.91614169 0.72733710 0.00000000]
- [-0.97103376 0.70886284 0.00000000]
- [-1.02527647 0.68987363 0.00000000]
- [-1.07837829 0.66771171 0.00000000]
- [-1.13139735 0.64508449 0.00000000]
- [-1.18288685 0.61990392 0.00000000]
- [-1.23388594 0.59310274 0.00000000]
- [-1.28365135 0.56483974 0.00000000]
- [-1.33202482 0.53389814 0.00000000]
- [-1.37947822 0.50204106 0.00000000]
- [-1.42462286 0.46698977 0.00000000]
- [-1.46883008 0.43091348 0.00000000]
- [-1.51005192 0.39182320 0.00000000]
- [-1.54959931 0.35097635 0.00000000]
- [-1.58606121 0.30803422 0.00000000]
- [-1.62652234 0.26734942 0.00000000]
- [-1.66528613 0.22291545 0.00000000]
- [-1.69036457 0.17027809 0.00000000]
- [-1.70947024 0.11534885 0.00000000]
- [-1.72211498 0.05863432 0.00000000]
- [-1.72725276 0.00097378 0.00000000]
- [-1.72239932 -0.05646186 0.00000000]
- [-1.70818914 -0.11255397 0.00000000]
- [-1.68697253 -0.16668750 0.00000000]
- [-1.65984782 -0.21826192 0.00000000]
- [-1.61959775 -0.26127059 0.00000000]
- [-1.57732429 -0.29972679 0.00000000]
- [-1.54049530 -0.34187482 0.00000000]
- [-1.49993317 -0.38094992 0.00000000]
- [-1.45820245 -0.41922596 0.00000000]
- [-1.41401306 -0.45475647 0.00000000]
- [-1.36915010 -0.48943974 0.00000000]
- [-1.32201033 -0.52121972 0.00000000]
- [-1.27453144 -0.55256997 0.00000000]
- [-1.22528180 -0.58085919 0.00000000]
- [-1.17524663 -0.60854800 0.00000000]
- [-1.12458366 -0.63426442 0.00000000]
- [-1.07246310 -0.65812495 0.00000000]
- [-1.02070049 -0.68170544 0.00000000]
- [-0.96738637 -0.70156396 0.00000000]
- [-0.91348726 -0.72155573 0.00000000]
- [-0.85960036 -0.73975360 0.00000000]
- [-0.80308745 -0.75064750 0.00000000]
- [-0.74814771 -0.76101197 0.00000000]
- [-0.69421827 -0.77414985 0.00000000]
- [-0.63911586 -0.78609778 0.00000000]
- [-0.58447484 -0.79795426 0.00000000]
- [-0.52965796 -0.80703691 0.00000000]
- [-0.47371244 -0.81537197 0.00000000]
- [-0.41833360 -0.82362858 0.00000000]
- [-0.36299535 -0.82932100 0.00000000]
- [-0.30666254 -0.83410997 0.00000000]
- [-0.25063919 -0.83887412 0.00000000]
- [-0.19502726 -0.84172972 0.00000000]
- [-0.13867728 -0.84313902 0.00000000]
- [-0.08213480 -0.84455265 0.00000000]
- [-0.02640186 -0.84502498 0.00000000]
- [0.02964480 -0.84321176 0.00000000]
- [0.09849179 -0.84096473 0.00000000]
- [0.16688104 -0.84302446 0.00000000]
- [0.22430713 -0.84339503 0.00000000]
- [0.28188053 -0.83832359 0.00000000]
- [0.33886585 -0.83312599 0.00000000]
- [0.39549176 -0.82563417 0.00000000]
- [0.45262540 -0.81748972 0.00000000]
- [0.50966877 -0.80935530 0.00000000]
- [0.56606328 -0.80037162 0.00000000]
- [0.62235935 -0.78939422 0.00000000]
- [0.67914836 -0.77832109 0.00000000]
- [0.73547743 -0.76733800 0.00000000]
- [0.79119962 -0.75459240 0.00000000]
- [0.84718083 -0.74088257 0.00000000]
- [0.90331799 -0.72713174 0.00000000]
- [0.95893086 -0.71325977 0.00000000]
- [1.01402470 -0.69757557 0.00000000]
- [1.06947363 -0.68139321 0.00000000]
- [1.12490300 -0.66521310 0.00000000]
- [1.17983143 -0.64870314 0.00000000]
- [1.23437935 -0.63072532 0.00000000]
- [1.28924099 -0.61247319 0.00000000]
- [1.34402320 -0.59424527 0.00000000]
- [1.39837312 -0.57564516 0.00000000]
- [1.45245398 -0.55592920 0.00000000]
- [1.50679526 -0.53608417 0.00000000]
- [1.56104752 -0.51627025 0.00000000]
- [1.61500166 -0.49613363 0.00000000]
- [1.66881767 -0.47534186 0.00000000]
- [1.72278938 -0.45448931 0.00000000]
- [1.77672067 -0.43365177 0.00000000]
- [1.83054640 -0.41267089 0.00000000]
- [1.88434538 -0.39150240 0.00000000]
- [1.93818881 -0.37031640 0.00000000]
- [1.99340414 -0.34859598 0.00000000]
- [2.04875150 -0.32711278 0.00000000]
- [2.10409349 -0.30579753 0.00000000]
- [2.15942939 -0.28448639 0.00000000]
- [2.21501469 -0.26321504 0.00000000]
- [2.27092653 -0.24277467 0.00000000]
- [2.32669833 -0.22258623 0.00000000]
- [2.38258312 -0.20235996 0.00000000]
- [2.43897541 -0.18267030 0.00000000]
- [2.49560895 -0.16419966 0.00000000]
- [2.55198349 -0.14581888 0.00000000]
- [2.60883007 -0.12740855 0.00000000]
- [2.66628107 -0.11077272 0.00000000]
- [2.72339942 -0.09462029 0.00000000]
- [2.78084559 -0.07838367 0.00000000]
- [2.83902738 -0.06376642 0.00000000]
- [2.89710551 -0.05048145 0.00000000]
- [2.95519923 -0.03720192 0.00000000]
- [3.01396714 -0.02513543 0.00000000]
- [3.07275594 -0.01481422 0.00000000]
- [3.13147919 -0.00451526 0.00000000]
- [3.19083007 0.00442671 0.00000000]
- [3.25109685 0.00325838 0.00000000]
- [3.30833347 0.00169409 0.00000000]
- [3.36486722 0.00670597 0.00000000]
- [3.42134090 0.01039226 0.00000000]
- [3.47793248 0.01385128 0.00000000]
- [3.53466763 0.01503080 0.00000000]
- [3.59127897 0.01543405 0.00000000]
- [3.64801414 0.01488488 0.00000000]
- [3.70464201 0.01231048 0.00000000]
- [3.76126111 0.00935241 0.00000000]
- [3.81774773 0.00426026 0.00000000]
- [3.87420156 -0.00140938 0.00000000]
- [3.93041466 -0.00937004 0.00000000]
- [3.98641521 -0.01827961 0.00000000]
- [4.04209902 -0.02876525 0.00000000]
- [4.08730696 -0.04239570 0.00000000]
- [1.94178225 -0.31371731 0.00000000]
- [1.94537570 -0.25711822 0.00000000]
- [1.94896915 -0.20051913 0.00000000]
- [1.95256259 -0.14392004 0.00000000]
- [1.95615604 -0.08732095 0.00000000]
- [1.95974949 -0.03072186 0.00000000]
- [1.96334293 0.02587723 0.00000000]
- [1.96693638 0.08247632 0.00000000]
- [1.97052982 0.13907541 0.00000000]
- [1.97412327 0.19567450 0.00000000]
- [1.97771672 0.25227358 0.00000000]
- [1.98131016 0.30887267 0.00000000]
- [1.98490361 0.36547176 0.00000000]
- [1.98849706 0.42207085 0.00000000]
- [1.99209050 0.47866994 0.00000000]
- [-0.74463301 -0.70177206 0.00000000]
- [-0.74111831 -0.64253215 0.00000000]
- [-0.73760361 -0.58329225 0.00000000]
- [-0.73408891 -0.52405234 0.00000000]
- [-0.73057421 -0.46481243 0.00000000]
- [-0.72705951 -0.40557252 0.00000000]
- [-0.72354481 -0.34633261 0.00000000]
- [-0.72003010 -0.28709270 0.00000000]
- [-0.71651540 -0.22785279 0.00000000]
- [-0.71300070 -0.16861289 0.00000000]
- [-0.70948600 -0.10937298 0.00000000]
- [-0.70597130 -0.05013307 0.00000000]
- [-0.70245660 0.00910684 0.00000000]
- [-0.69894190 0.06834675 0.00000000]
- [-0.69542720 0.12758666 0.00000000]
- [-0.69191250 0.18682657 0.00000000]
- [-0.68839780 0.24606648 0.00000000]
- [-0.68488310 0.30530638 0.00000000]
- [-0.68136840 0.36454629 0.00000000]
- [-0.67785370 0.42378620 0.00000000]
- [-0.67433900 0.48302611 0.00000000]
- [-0.67082430 0.54226602 0.00000000]
- [-0.66730960 0.60150593 0.00000000]
- [-0.66379490 0.66074584 0.00000000]
- [-0.66028020 0.71998574 0.00000000]
- [0.03312776 -0.78575192 0.00000000]
- [0.03661073 -0.72829207 0.00000000]
- [0.04009369 -0.67083223 0.00000000]
- [0.04357666 -0.61337239 0.00000000]
- [0.04705962 -0.55591255 0.00000000]
- [0.05054259 -0.49845271 0.00000000]
- [0.05402555 -0.44099287 0.00000000]
- [0.05750851 -0.38353303 0.00000000]
- [0.06099148 -0.32607319 0.00000000]
- [0.06447444 -0.26861335 0.00000000]
- [0.06795741 -0.21115351 0.00000000]
- [0.07144037 -0.15369367 0.00000000]
- [0.07492334 -0.09623383 0.00000000]
- [0.07840630 -0.03877399 0.00000000]
- [0.08188926 0.01868585 0.00000000]
- [0.08537223 0.07614569 0.00000000]
- [0.08885519 0.13360553 0.00000000]
- [0.09233816 0.19106537 0.00000000]
- [0.09582112 0.24852521 0.00000000]
- [0.09930409 0.30598505 0.00000000]
- [0.10278705 0.36344489 0.00000000]
- [0.10627001 0.42090473 0.00000000]
- [0.10975298 0.47836457 0.00000000]
- [0.11323594 0.53582441 0.00000000]
- [0.11671891 0.59328425 0.00000000]
- [0.12020187 0.65074409 0.00000000]
- [0.12368484 0.70820393 0.00000000]
- [0.12716780 0.76566377 0.00000000]
elements:
- [1 2]
- [2 3]
- [3 4]
- [4 5]
- [5 6]
- [6 7]
- [7 8]
- [8 9]
- [9 10]
- [10 11]
- [11 12]
- [12 13]
- [13 14]
- [14 15]
- [15 16]
- [16 17]
- [17 18]
- [18 19]
- [19 20]
- [20 21]
- [21 22]
- [22 23]
- [23 24]
- [24 25]
- [25 26]
- [26 27]
- [27 28]
- [28 29]
- [29 30]
- [30 31]
- [31 32]
- [32 33]
- [33 34]
- [34 35]
- [35 36]
- [36 37]
- [37 38]
- [38 39]
- [39 40]
- [40 41]
- [41 42]
- [42 43]
- [43 44]
- [44 45]
- [45 46]
- [46 47]
- [47 48]
- [48 49]
- [49 50]
- [50 51]
- [51 52]
- [52 53]
- [53 54]
- [54 55]
- [55 56]
- [56 57]
- [57 58]
- [58 59]
- [59 60]
- [60 61]
- [61 62]
- [62 63]
- [63 64]
- [64 65]
- [65 66]
- [66 67]
- [67 68]
- [68 69]
- [69 70]
- [70 71]
- [71 72]
- [72 73]
- [73 74]
- [74 75]
- [75 76]
- [76 77]
- [77 78]
- [78 79]
- [79 80]
- [80 81]
- [81 82]
- [82 83]
- [83 84]
- [84 85]
- [85 86]
- [86 87]
- [87 88]
- [88 89]
- [89 90]
- [90 91]
- [91 92]
- [92 93]
- [93 94]
- [94 95]
- [95 96]
- [96 97]
- [97 98]
- [98 99]
- [99 100]
- [100 101]
- [101 102]
- [102 103]
- [103 104]
- [104 105]
- [105 106]
- [106 107]
- [107 108]
- [108 109]
- [109 110]
- [110 111]
- [111 112]
- [112 113]
- [113 114]
- [114 115]
- [115 116]
- [116 117]
- [117 118]
- [118 119]
- [119 120]
- [120 121]
- [121 122]
- [122 123]
- [123 124]
- [124 125]
- [125 126]
- [126 127]
- [127 128]
- [128 129]
- [129 130]
- [130 131]
- [131 132]
- [132 133]
- [133 134]
- [134 135]
- [135 136]
- [136 137]
- [137 138]
- [138 139]
- [139 140]
- [140 141]
- [141 142]
- [142 143]
- [143 144]
- [144 145]
- [145 146]
- [146 147]
- [147 148]
- [148 149]
- [149 150]
- [150 151]
- [151 152]
- [152 153]
- [153 154]
- [154 155]
- [155 156]
- [156 157]
- [157 158]
- [158 159]
- [159 160]
- [160 161]
- [161 162]
- [162 163]
- [163 164]
- [164 165]
- [165 166]
- [166 167]
- [167 168]
- [168 169]
- [169 170]
- [170 171]
- [171 172]
- [172 173]
- [173 174]
- [174 175]
- [175 176]
- [176 177]
- [177 178]
- [178 179]
- [179 180]
- [180 181]
- [181 182]
- [182 183]
- [183 184]
- [184 185]
- [185 186]
- [186 187]
- [187 188]
- [188 189]
- [189 190]
- [190 191]
- [191 192]
- [192 193]
- [193 194]
- [194 195]
- [195 196]
- [196 197]
- [197 198]
- [198 199]
- [199 200]
- [200 201]
- [201 202]
- [202 203]
- [203 204]
- [204 205]
- [205 206]
- [206 207]
- [207 208]
- [208 209]
- [209 210]
- [210 211]
- [211 212]
- [212 213]
- [213 214]
- [214 215]
- [215 216]
- [216 217]
- [217 218]
- [218 219]
- [219 1]
- [181 220]
- [220 221]
- [221 222]
- [222 223]
- [223 224]
- [224 225]
- [225 226]
- [226 227]
- [227 228]
- [228 229]
- [229 230]
- [230 231]
- [231 232]
- [232 233]
- [233 234]
- [234 38]
- [133 235]
- [235 236]
- [236 237]
- [237 238]
- [238 239]
- [239 240]
- [240 241]
- [241 242]
- [242 243]
- [243 244]
- [244 245]
- [245 246]
- [246 247]
- [247 248]
- [248 249]
- [249 250]
- [250 251]
- [251 252]
- [252 253]
- [253 254]
- [254 255]
- [255 256]
- [256 257]
- [257 258]
- [258 259]
- [259 85]
- [147 260]
- [260 261]
- [261 262]
- [262 263]
- [263 264]
- [264 265]
- [265 266]
- [266 267]
- [267 268]
- [268 269]
- [269 270]
- [270 271]
- [271 272]
- [272 273]
- [273 274]
- [274 275]
- [275 276]
- [276 277]
- [277 278]
- [278 279]
- [279 280]
- [280 281]
- [281 282]
- [282 283]
- [283 284]
- [284 285]
- [285 286]
- [286 287]
- [287 71]
sets:
  element:
  - name: layup_0
    labels:
    - 1
    - 2
    - 3
    - 4
    - 5
    - 6
    - 7
    - 8
    - 9
    - 10
    - 11
    - 12
    - 13
    - 14
    - 15
    - 204
    - 205
    - 206
    - 207
    - 208
    - 209
    - 210
    - 211
    - 212
    - 213
    - 214
    - 215
    - 216
    - 217
    - 218
    - 219
  - name: layup_1
    labels:
    - 16
    - 17
    - 18
    - 19
    - 20
    - 21
    - 22
    - 23
    - 24
    - 25
    - 26
    - 27
    - 28
    - 29
    - 30
    - 31
    - 32
    - 33
    - 34
    - 35
    - 36
    - 37
    - 38
    - 39
    - 40
    - 41
    - 42
    - 43
    - 44
    - 45
    - 46
    - 47
    - 48
    - 49
    - 50
    - 51
    - 52
    - 53
    - 54
    - 55
    - 56
    - 57
    - 58
    - 59
    - 60
    - 61
    - 62
    - 63
    - 64
    - 65
    - 66
    - 67
    - 68
    - 87
    - 88
    - 89
    - 90
    - 91
    - 92
    - 93
    - 94
    - 95
    - 96
    - 97
    - 98
    - 99
    - 100
    - 101
    - 102
    - 103
    - 104
    - 115
    - 116
    - 117
    - 118
    - 119
    - 120
    - 121
    - 122
    - 123
    - 124
    - 125
    - 126
    - 127
    - 128
    - 129
    - 130
    - 131
    - 149
    - 150
    - 151
    - 152
    - 153
    - 154
    - 155
    - 156
    - 157
    - 158
    - 159
    - 160
    - 161
    - 162
    - 163
    - 164
    - 165
    - 166
    - 167
    - 168
    - 169
    - 170
    - 171
    - 172
    - 173
    - 174
    - 175
    - 176
    - 177
    - 178
    - 179
    - 180
    - 181
    - 182
    - 183
    - 184
    - 185
    - 186
    - 187
    - 188
    - 189
    - 190
    - 191
    - 192
    - 193
    - 194
    - 195
    - 196
    - 197
    - 198
    - 199
    - 200
    - 201
    - 202
    - 203
  - name: layup_2
    labels:
    - 69
    - 70
    - 71
    - 72
    - 73
    - 74
    - 75
    - 76
    - 77
    - 78
    - 79
    - 80
    - 81
    - 82
    - 83
    - 84
    - 85
    - 86
  - name: layup_3
    labels:
    - 105
    - 106
    - 107
    - 108
    - 109
    - 110
    - 111
    - 112
    - 113
    - 114
  - name: layup_4
    labels:
    - 132
    - 133
    - 134
    - 135
    - 136
    - 137
    - 138
    - 139
    - 140
    - 141
    - 142
    - 143
    - 144
    - 145
    - 146
    - 147
    - 148
  - name: layup_5
    labels:
    - 220
    - 221
    - 222
    - 223
    - 224
    - 225
    - 226
    - 227
    - 228
    - 229
    - 230
    - 231
    - 232
    - 233
    - 234
    - 235
    - 236
    - 237
    - 238
    - 239
    - 240
    - 241
    - 242
    - 243
    - 244
    - 245
    - 246
    - 247
    - 248
    - 249
    - 250
    - 251
    - 252
    - 253
    - 254
    - 255
    - 256
    - 257
    - 258
    - 259
    - 260
    - 261
    - 262
    - 263
    - 264
    - 265
    - 266
    - 267
    - 268
    - 269
    - 270
    - 271
    - 272
    - 273
    - 274
    - 275
    - 276
    - 277
    - 278
    - 279
    - 280
    - 281
    - 282
    - 283
    - 284
    - 285
    - 286
    - 287
    - 288
    - 289
    - 290
sections:
- type: shell
  elementSet: layup_0
  layup:
  - - gelcoat
    - 0.0005
    - 0.0
  - - glass_triax
    - 0.003
    - 0.0
  - - glass_uniax
    - 0.01804734
    - 0.0
  - - glass_triax
    - 0.003
    - 0.0
- type: shell
  elementSet: layup_1
  layup:
  - - gelcoat
    - 0.0005
    - 0.0
  - - glass_triax
    - 0.003
    - 0.0
  - - medium_density_foam
    - 0.051875
    - 0.0
  - - glass_triax
    - 0.003
    - 0.0
- type: shell
  elementSet: layup_2
  layup:
  - - gelcoat
    - 0.0005
    - 0.0
  - - glass_triax
    - 0.003
    - 0.0
  - - carbon_uniax
    - 0.07510903
    - 0.0
  - - glass_triax
    - 0.003
    - 0.0
- type: shell
  elementSet: layup_3
  layup:
  - - gelcoat
    - 0.0005
    - 0.0
  - - glass_triax
    - 0.003
    - 0.0
  - - glass_uniax
    - 0.01454142
    - 0.0
  - - glass_triax
    - 0.003
    - 0.0
- type: shell
  elementSet: layup_4
  layup:
  - - gelcoat
    - 0.0005
    - 0.0
  - - glass_triax
    - 0.003
    - 0.0
  - - carbon_uniax
    - 0.07326158
    - 0.0
  - - glass_triax
    - 0.003
    - 0.0
- type: shell
  elementSet: layup_5
  layup:
  - - glass_biax
    - 0.002
    - 0.0
  - - medium_density_foam
    - 0.034
    - 0.0
  - - glass_biax
    - 0.002
    - 0.0
elementOrientations:
- [0.0, 0.0, 1.0, -0.9838897235627994, 0.17877642984330552, 0.0, -0.17877642984330552,
  -0.9838897235627994, 0.0]
- [0.0, 0.0, 1.0, -0.9729841338215487, 0.2308719890578555, 0.0, -0.2308719890578555,
  -0.9729841338215487, 0.0]
- [0.0, 0.0, 1.0, -0.973478728610693, 0.22877754466404462, 0.0, -0.22877754466404462,
  -0.973478728610693, 0.0]
- [0.0, 0.0, 1.0, -0.9735240596725031, 0.22858456911779632, 0.0, -0.22858456911779632,
  -0.9735240596725031, 0.0]
- [0.0, 0.0, 1.0, -0.9735890455894881, 0.2283076220982331, 0.0, -0.2283076220982331,
  -0.9735890455894881, 0.0]
- [0.0, 0.0, 1.0, -0.9734917915399605, 0.22872195304412346, 0.0, -0.22872195304412346,
  -0.9734917915399605, 0.0]
- [0.0, 0.0, 1.0, -0.9729125110694711, 0.23117362696574262, 0.0, -0.23117362696574262,
  -0.9729125110694711, 0.0]
- [0.0, 0.0, 1.0, -0.9728228899752883, 0.23155047989613023, 0.0, -0.23155047989613023,
  -0.9728228899752883, 0.0]
- [0.0, 0.0, 1.0, -0.9721197272711531, 0.2344850439799069, 0.0, -0.2344850439799069,
  -0.9721197272711531, 0.0]
- [0.0, 0.0, 1.0, -0.9715986147448649, 0.23663501817326085, 0.0, -0.23663501817326085,
  -0.9715986147448649, 0.0]
- [0.0, 0.0, 1.0, -0.9715298405137462, 0.23691721970201912, 0.0, -0.23691721970201912,
  -0.9715298405137462, 0.0]
- [0.0, 0.0, 1.0, -0.9709872237560349, 0.2391313682948098, 0.0, -0.2391313682948098,
  -0.9709872237560349, 0.0]
- [0.0, 0.0, 1.0, -0.9708706825453174, 0.23960408547015513, 0.0, -0.23960408547015513,
  -0.9708706825453174, 0.0]
- [0.0, 0.0, 1.0, -0.97078970376682, 0.23993197173434372, 0.0, -0.23993197173434372,
  -0.97078970376682, 0.0]
- [0.0, 0.0, 1.0, -0.9954023136357347, 0.0957822217774596, 0.0, -0.0957822217774596,
  -0.9954023136357347, 0.0]
- [0.0, 0.0, 1.0, -0.9946600602447886, 0.10320544827592058, 0.0, -0.10320544827592058,
  -0.9946600602447886, 0.0]
- [0.0, 0.0, 1.0, -0.9701320483271618, 0.24257742848118696, 0.0, -0.24257742848118696,
  -0.9701320483271618, 0.0]
- [0.0, 0.0, 1.0, -0.9698915844122012, 0.243537090576343, 0.0, -0.243537090576343,
  -0.9698915844122012, 0.0]
- [0.0, 0.0, 1.0, -0.9698785866926118, 0.24358884842114978, 0.0, -0.24358884842114978,
  -0.9698785866926118, 0.0]
- [0.0, 0.0, 1.0, -0.9698986660700466, 0.24350888598887757, 0.0, -0.24350888598887757,
  -0.9698986660700466, 0.0]
- [0.0, 0.0, 1.0, -0.9699994843369494, 0.2431069731333356, 0.0, -0.2431069731333356,
  -0.9699994843369494, 0.0]
- [0.0, 0.0, 1.0, -0.9699992779340707, 0.2431077966815985, 0.0, -0.2431077966815985,
  -0.9699992779340707, 0.0]
- [0.0, 0.0, 1.0, -0.9700371916365059, 0.24295647108476168, 0.0, -0.24295647108476168,
  -0.9700371916365059, 0.0]
- [0.0, 0.0, 1.0, -0.9702919621352736, 0.24193699224318876, 0.0, -0.24193699224318876,
  -0.9702919621352736, 0.0]
- [0.0, 0.0, 1.0, -0.970321806708596, 0.2418172686674094, 0.0, -0.2418172686674094,
  -0.970321806708596, 0.0]
- [0.0, 0.0, 1.0, -0.9703425451241076, 0.24173403798817641, 0.0, -0.24173403798817641,
  -0.9703425451241076, 0.0]
- [0.0, 0.0, 1.0, -0.970842149335754, 0.23971967185263202, 0.0, -0.23971967185263202,
  -0.970842149335754, 0.0]
- [0.0, 0.0, 1.0, -0.971042672703938, 0.23890610663604422, 0.0, -0.23890610663604422,
  -0.971042672703938, 0.0]
- [0.0, 0.0, 1.0, -0.9710439844109247, 0.2389007750915764, 0.0, -0.2389007750915764,
  -0.9710439844109247, 0.0]
- [0.0, 0.0, 1.0, -0.9714997330492807, 0.2370406477488116, 0.0, -0.2370406477488116,
  -0.9714997330492807, 0.0]
- [0.0, 0.0, 1.0, -0.9722230981669582, 0.2340560774486347, 0.0, -0.2340560774486347,
  -0.9722230981669582, 0.0]
- [0.0, 0.0, 1.0, -0.9722364981015892, 0.23400040974143277, 0.0, -0.23400040974143277,
  -0.9722364981015892, 0.0]
- [0.0, 0.0, 1.0, -0.9723580268447026, 0.23349489851103059, 0.0, -0.23349489851103059,
  -0.9723580268447026, 0.0]
- [0.0, 0.0, 1.0, -0.9734573609591174, 0.22886844779154353, 0.0, -0.22886844779154353,
  -0.9734573609591174, 0.0]
- [0.0, 0.0, 1.0, -0.9737178299824076, 0.22775773878037864, 0.0, -0.22775773878037864,
  -0.9737178299824076, 0.0]
- [0.0, 0.0, 1.0, -0.9737202485164339, 0.22774739873178398, 0.0, -0.22774739873178398,
  -0.9737202485164339, 0.0]
- [0.0, 0.0, 1.0, -0.9743916515260378, 0.22485753142014286, 0.0, -0.22485753142014286,
  -0.9743916515260378, 0.0]
- [0.0, 0.0, 1.0, -0.975537418377023, 0.2198334491070303, 0.0, -0.2198334491070303,
  -0.975537418377023, 0.0]
- [0.0, 0.0, 1.0, -0.9755394764780858, 0.2198243158362198, 0.0, -0.2198243158362198,
  -0.9755394764780858, 0.0]
- [0.0, 0.0, 1.0, -0.97554144791744, 0.21981556677165678, 0.0, -0.21981556677165678,
  -0.97554144791744, 0.0]
- [0.0, 0.0, 1.0, -0.9769354383651444, 0.21353489004446838, 0.0, -0.21353489004446838,
  -0.9769354383651444, 0.0]
- [0.0, 0.0, 1.0, -0.9775299789779301, 0.21079644256819743, 0.0, -0.21079644256819743,
  -0.9775299789779301, 0.0]
- [0.0, 0.0, 1.0, -0.9775332235990926, 0.21078139566851384, 0.0, -0.21078139566851384,
  -0.9775332235990926, 0.0]
- [0.0, 0.0, 1.0, -0.9776491372449383, 0.21024310795892406, 0.0, -0.21024310795892406,
  -0.9776491372449383, 0.0]
- [0.0, 0.0, 1.0, -0.9797140875945759, 0.20040036569010464, 0.0, -0.20040036569010464,
  -0.9797140875945759, 0.0]
- [0.0, 0.0, 1.0, -0.979857441820492, 0.19969825664987936, 0.0, -0.19969825664987936,
  -0.979857441820492, 0.0]
- [0.0, 0.0, 1.0, -0.9798607294380731, 0.19968212465087395, 0.0, -0.19968212465087395,
  -0.9798607294380731, 0.0]
- [0.0, 0.0, 1.0, -0.980526935615621, 0.1963846443392145, 0.0, -0.1963846443392145,
  -0.980526935615621, 0.0]
- [0.0, 0.0, 1.0, -0.9823748452824527, 0.18692154331771718, 0.0, -0.18692154331771718,
  -0.9823748452824527, 0.0]
- [0.0, 0.0, 1.0, -0.9823783135395304, 0.1869033148107012, 0.0, -0.1869033148107012,
  -0.9823783135395304, 0.0]
- [0.0, 0.0, 1.0, -0.9823810069101978, 0.1868891576900756, 0.0, -0.1868891576900756,
  -0.9823810069101978, 0.0]
- [0.0, 0.0, 1.0, -0.9839883648997326, 0.1782327067121819, 0.0, -0.1782327067121819,
  -0.9839883648997326, 0.0]
- [0.0, 0.0, 1.0, -0.9853221769426844, 0.17070503104750392, 0.0, -0.17070503104750392,
  -0.9853221769426844, 0.0]
- [0.0, 0.0, 1.0, -0.9853260123249986, 0.17068289145581222, 0.0, -0.17068289145581222,
  -0.9853260123249986, 0.0]
- [0.0, 0.0, 1.0, -0.9853584870862178, 0.1704953135049754, 0.0, -0.1704953135049754,
  -0.9853584870862178, 0.0]
- [0.0, 0.0, 1.0, -0.988091095455633, 0.15387003308405098, 0.0, -0.15387003308405098,
  -0.988091095455633, 0.0]
- [0.0, 0.0, 1.0, -0.9886337206231166, 0.15034416000261994, 0.0, -0.15034416000261994,
  -0.9886337206231166, 0.0]
- [0.0, 0.0, 1.0, -0.9886381252597853, 0.15031519312037922, 0.0, -0.15031519312037922,
  -0.9886381252597853, 0.0]
- [0.0, 0.0, 1.0, -0.9892918710789487, 0.14595065541857866, 0.0, -0.14595065541857866,
  -0.9892918710789487, 0.0]
- [0.0, 0.0, 1.0, -0.9918866233396662, 0.12712563250515305, 0.0, -0.12712563250515305,
  -0.9918866233396662, 0.0]
- [0.0, 0.0, 1.0, -0.9919179435456501, 0.126881020141582, 0.0, -0.126881020141582,
  -0.9919179435456501, 0.0]
- [0.0, 0.0, 1.0, -0.9919207129531196, 0.12685936786290128, 0.0, -0.12685936786290128,
  -0.9919207129531196, 0.0]
- [0.0, 0.0, 1.0, -0.9938280919732835, 0.11093116606591065, 0.0, -0.11093116606591065,
  -0.9938280919732835, 0.0]
- [0.0, 0.0, 1.0, -0.9950534909733447, 0.09934057631078899, 0.0, -0.09934057631078899,
  -0.9950534909733447, 0.0]
- [0.0, 0.0, 1.0, -0.9950566292894715, 0.09930913607053145, 0.0, -0.09930913607053145,
  -0.9950566292894715, 0.0]
- [0.0, 0.0, 1.0, -0.9953376353453025, 0.09645201742432101, 0.0, -0.09645201742432101,
  -0.9953376353453025, 0.0]
- [0.0, 0.0, 1.0, -0.9976758261028654, 0.06813916649009542, 0.0, -0.06813916649009542,
  -0.9976758261028654, 0.0]
- [0.0, 0.0, 1.0, -0.9994645192119588, -0.03272116801717593, 0.0, 0.03272116801717593,
  -0.9994645192119588, 0.0]
- [0.0, 0.0, 1.0, -0.9987001277514527, -0.050971117598422266, 0.0, 0.050971117598422266,
  -0.9987001277514527, 0.0]
- [0.0, 0.0, 1.0, -0.9986039152802515, 0.05282253673340844, 0.0, -0.05282253673340844,
  -0.9986039152802515, 0.0]
- [0.0, 0.0, 1.0, -0.9995241768049127, 0.030845096570795066, 0.0, -0.030845096570795066,
  -0.9995241768049127, 0.0]
- [0.0, 0.0, 1.0, -0.9995351454900243, 0.03048758649411342, 0.0, -0.03048758649411342,
  -0.9995351454900243, 0.0]
- [0.0, 0.0, 1.0, -0.9996676062900278, 0.02578132918152107, 0.0, -0.02578132918152107,
  -0.9996676062900278, 0.0]
- [0.0, 0.0, 1.0, -0.999981313820833, -0.006113265016395386, 0.0, 0.006113265016395386,
  -0.999981313820833, 0.0]
- [0.0, 0.0, 1.0, -0.9999137574469272, -0.01313307535833176, 0.0, 0.01313307535833176,
  -0.9999137574469272, 0.0]
- [0.0, 0.0, 1.0, -0.9999142212467869, -0.013097715389787018, 0.0, 0.013097715389787018,
  -0.9999142212467869, 0.0]
- [0.0, 0.0, 1.0, -0.9988915342679779, -0.04707125203099171, 0.0, 0.04707125203099171,
  -0.9988915342679779, 0.0]
- [0.0, 0.0, 1.0, -0.9980305395577761, -0.06272991399654763, 0.0, 0.06272991399654763,
  -0.9980305395577761, 0.0]
- [0.0, 0.0, 1.0, -0.998031851118506, -0.0627090436298329, 0.0, 0.0627090436298329,
  -0.998031851118506, 0.0]
- [0.0, 0.0, 1.0, -0.9956841850388257, -0.0928062695272773, 0.0, 0.0928062695272773,
  -0.9956841850388257, 0.0]
- [0.0, 0.0, 1.0, -0.9930024388598666, -0.11809384581068172, 0.0, 0.11809384581068172,
  -0.9930024388598666, 0.0]
- [0.0, 0.0, 1.0, -0.9930107913266737, -0.1180235921702664, 0.0, 0.1180235921702664,
  -0.9930107913266737, 0.0]
- [0.0, 0.0, 1.0, -0.9883899933231418, -0.15193821474099165, 0.0, 0.15193821474099165,
  -0.9883899933231418, 0.0]
- [0.0, 0.0, 1.0, -0.9834216247605089, -0.18133369227311547, 0.0, 0.18133369227311547,
  -0.9834216247605089, 0.0]
- [0.0, 0.0, 1.0, -0.9834276075712591, -0.18130124287127639, 0.0, 0.18130124287127639,
  -0.9834276075712591, 0.0]
- [0.0, 0.0, 1.0, -0.9968320716803438, -0.07953502919766745, 0.0, 0.07953502919766745,
  -0.9968320716803438, 0.0]
- [0.0, 0.0, 1.0, -0.988600350433079, -0.15056343222573465, 0.0, 0.15056343222573465,
  -0.988600350433079, 0.0]
- [0.0, 0.0, 1.0, -0.9686035877430288, -0.24861031718601823, 0.0, 0.24861031718601823,
  -0.9686035877430288, 0.0]
- [0.0, 0.0, 1.0, -0.9564981726580783, -0.2917383171641278, 0.0, 0.2917383171641278,
  -0.9564981726580783, 0.0]
- [0.0, 0.0, 1.0, -0.9477630199937719, -0.31897532495835035, 0.0, 0.31897532495835035,
  -0.9477630199937719, 0.0]
- [0.0, 0.0, 1.0, -0.9438352077043014, -0.3304165563312141, 0.0, 0.3304165563312141,
  -0.9438352077043014, 0.0]
- [0.0, 0.0, 1.0, -0.9228536858256443, -0.385150716678579, 0.0, 0.385150716678579,
  -0.9228536858256443, 0.0]
- [0.0, 0.0, 1.0, -0.9197421208700871, -0.39252315995033205, 0.0, 0.39252315995033205,
  -0.9197421208700871, 0.0]
- [0.0, 0.0, 1.0, -0.8983297814865621, -0.43932175417830793, 0.0, 0.43932175417830793,
  -0.8983297814865621, 0.0]
- [0.0, 0.0, 1.0, -0.8852074147123494, -0.4651965530163338, 0.0, 0.4651965530163338,
  -0.8852074147123494, 0.0]
- [0.0, 0.0, 1.0, -0.8695525845057489, -0.4938403616345798, 0.0, 0.4938403616345798,
  -0.8695525845057489, 0.0]
- [0.0, 0.0, 1.0, -0.8424091472529419, -0.5388384067831202, 0.0, 0.5388384067831202,
  -0.8424091472529419, 0.0]
- [0.0, 0.0, 1.0, -0.8302574335670225, -0.5573801162642074, 0.0, 0.5573801162642074,
  -0.8302574335670225, 0.0]
- [0.0, 0.0, 1.0, -0.78987094888408, -0.6132730909708685, 0.0, 0.6132730909708685,
  -0.78987094888408, 0.0]
- [0.0, 0.0, 1.0, -0.7747576609026908, -0.6322583070807304, 0.0, 0.6322583070807304,
  -0.7747576609026908, 0.0]
- [0.0, 0.0, 1.0, -0.7256185101358265, -0.6880972153324437, 0.0, 0.6880972153324437,
  -0.7256185101358265, 0.0]
- [0.0, 0.0, 1.0, -0.6955865191503333, -0.7184423389363428, 0.0, 0.7184423389363428,
  -0.6955865191503333, 0.0]
- [0.0, 0.0, 1.0, -0.6472473450309056, -0.7622800498179418, 0.0, 0.7622800498179418,
  -0.6472473450309056, 0.0]
- [0.0, 0.0, 1.0, -0.7051550440166693, -0.7090531460319806, 0.0, 0.7090531460319806,
  -0.7051550440166693, 0.0]
- [0.0, 0.0, 1.0, -0.6573903531032259, -0.7535502130892248, 0.0, 0.7535502130892248,
  -0.6573903531032259, 0.0]
- [0.0, 0.0, 1.0, -0.4301156984417028, -0.9027737734083807, 0.0, 0.9027737734083807,
  -0.4301156984417028, 0.0]
- [0.0, 0.0, 1.0, -0.32851837167496506, -0.9444975804479487, 0.0, 0.9444975804479487,
  -0.32851837167496506, 0.0]
- [0.0, 0.0, 1.0, -0.21761116568117017, -0.9760355426780739, 0.0, 0.9760355426780739,
  -0.21761116568117017, 0.0]
- [0.0, 0.0, 1.0, -0.08875225730018423, -0.9960537318960869, 0.0, 0.9960537318960869,
  -0.08875225730018423, 0.0]
- [0.0, 0.0, 1.0, 0.08420208379045681, -0.9964486986721117, 0.0, 0.9964486986721117,
  0.08420208379045681, 0.0]
- [0.0, 0.0, 1.0, 0.2455785930755892, -0.969376683556508, 0.0, 0.969376683556508,
  0.2455785930755892, 0.0]
- [0.0, 0.0, 1.0, 0.3649053340517978, -0.9310446268469337, 0.0, 0.9310446268469337,
  0.3649053340517978, 0.0]
- [0.0, 0.0, 1.0, 0.46548136257701245, -0.8850576823537819, 0.0, 0.8850576823537819,
  0.46548136257701245, 0.0]
- [0.0, 0.0, 1.0, 0.6833034224401295, -0.7301345306733588, 0.0, 0.7301345306733588,
  0.6833034224401295, 0.0]
- [0.0, 0.0, 1.0, 0.7397154571729297, -0.6729197889937876, 0.0, 0.6729197889937876,
  0.7397154571729297, 0.0]
- [0.0, 0.0, 1.0, 0.6579930916117483, -0.7530239646858614, 0.0, 0.7530239646858614,
  0.6579930916117483, 0.0]
- [0.0, 0.0, 1.0, 0.7201847185567687, -0.6937823658448721, 0.0, 0.6937823658448721,
  0.7201847185567687, 0.0]
- [0.0, 0.0, 1.0, 0.736952845060619, -0.6759441575729902, 0.0, 0.6759441575729902,
  0.736952845060619, 0.0]
- [0.0, 0.0, 1.0, 0.7793264826713807, -0.626618092147884, 0.0, 0.626618092147884,
  0.7793264826713807, 0.0]
- [0.0, 0.0, 1.0, 0.7911447692772815, -0.6116289349313004, 0.0, 0.6116289349313004,
  0.7911447692772815, 0.0]
- [0.0, 0.0, 1.0, 0.8291696347454243, -0.5589970633340928, 0.0, 0.5589970633340928,
  0.8291696347454243, 0.0]
- [0.0, 0.0, 1.0, 0.834494773710546, -0.5510158551709602, 0.0, 0.5510158551709602,
  0.834494773710546, 0.0]
- [0.0, 0.0, 1.0, 0.8671293052380689, -0.4980830934666864, 0.0, 0.4980830934666864,
  0.8671293052380689, 0.0]
- [0.0, 0.0, 1.0, 0.8749616157205169, -0.4841922872328126, 0.0, 0.4841922872328126,
  0.8749616157205169, 0.0]
- [0.0, 0.0, 1.0, 0.8917006819583292, -0.45262555583511904, 0.0, 0.45262555583511904,
  0.8917006819583292, 0.0]
- [0.0, 0.0, 1.0, 0.9092501450280265, -0.4162501336534475, 0.0, 0.4162501336534475,
  0.9092501450280265, 0.0]
- [0.0, 0.0, 1.0, 0.9100215993401524, -0.4145608383993732, 0.0, 0.4145608383993732,
  0.9100215993401524, 0.0]
- [0.0, 0.0, 1.0, 0.9371028202116738, -0.3490534405378747, 0.0, 0.3490534405378747,
  0.9371028202116738, 0.0]
- [0.0, 0.0, 1.0, 0.9375836022683484, -0.3477599585310355, 0.0, 0.3477599585310355,
  0.9375836022683484, 0.0]
- [0.0, 0.0, 1.0, 0.9474334378025624, -0.3199529354977357, 0.0, 0.3199529354977357,
  0.9474334378025624, 0.0]
- [0.0, 0.0, 1.0, 0.9819224794103387, -0.18928350279053097, 0.0, 0.18928350279053097,
  0.9819224794103387, 0.0]
- [0.0, 0.0, 1.0, 0.9826665854557908, -0.18538171924075217, 0.0, 0.18538171924075217,
  0.9826665854557908, 0.0]
- [0.0, 0.0, 1.0, 0.9715851852973155, -0.23669015127541945, 0.0, 0.23669015127541945,
  0.9715851852973155, 0.0]
- [0.0, 0.0, 1.0, 0.9772898334889736, -0.21190701111358815, 0.0, 0.21190701111358815,
  0.9772898334889736, 0.0]
- [0.0, 0.0, 1.0, 0.9772579481068403, -0.21205400930425292, 0.0, 0.21205400930425292,
  0.9772579481068403, 0.0]
- [0.0, 0.0, 1.0, 0.9865496105777838, -0.16346212365200483, 0.0, 0.16346212365200483,
  0.9865496105777838, 0.0]
- [0.0, 0.0, 1.0, 0.989083092087395, -0.14735887128652259, 0.0, 0.14735887128652259,
  0.989083092087395, 0.0]
- [0.0, 0.0, 1.0, 0.9890675408030808, -0.1474632148359246, 0.0, 0.1474632148359246,
  0.9890675408030808, 0.0]
- [0.0, 0.0, 1.0, 0.9947509280207952, -0.10232590679669812, 0.0, 0.10232590679669812,
  0.9947509280207952, 0.0]
- [0.0, 0.0, 1.0, 0.9964059317827063, -0.08470666507564022, 0.0, 0.08470666507564022,
  0.9964059317827063, 0.0]
- [0.0, 0.0, 1.0, 0.9964037153609051, -0.08473273284265365, 0.0, 0.08473273284265365,
  0.9964037153609051, 0.0]
- [0.0, 0.0, 1.0, 0.9986842582174575, -0.05128111142171644, 0.0, 0.05128111142171644,
  0.9986842582174575, 0.0]
- [0.0, 0.0, 1.0, 0.9996874005426674, -0.025002023842970827, 0.0, 0.025002023842970827,
  0.9996874005426674, 0.0]
- [0.0, 0.0, 1.0, 0.9996876184264101, -0.024993310403635106, 0.0, 0.024993310403635106,
  0.9996876184264101, 0.0]
- [0.0, 0.0, 1.0, 0.9999640902393636, -0.008474563809533852, 0.0, 0.008474563809533852,
  0.9999640902393636, 0.0]
- [0.0, 0.0, 1.0, 0.9994770848402308, 0.032335071969521484, 0.0, -0.032335071969521484,
  0.9994770848402308, 0.0]
- [0.0, 0.0, 1.0, 0.9994678079110996, 0.03262056022482413, 0.0, -0.03262056022482413,
  0.9994678079110996, 0.0]
- [0.0, 0.0, 1.0, 0.999546769954187, -0.030104064080316198, 0.0, 0.030104064080316198,
  0.999546769954187, 0.0]
- [0.0, 0.0, 1.0, 0.9999791796932145, -0.006452920275791929, 0.0, 0.006452920275791929,
  0.9999791796932145, 0.0]
- [0.0, 0.0, 1.0, 0.9961428168350004, 0.08774672910160844, 0.0, -0.08774672910160844,
  0.9961428168350004, 0.0]
- [0.0, 0.0, 1.0, 0.9958661927192192, 0.09083240720649795, 0.0, -0.09083240720649795,
  0.9958661927192192, 0.0]
- [0.0, 0.0, 1.0, 0.991361099786405, 0.1311608547939888, 0.0, -0.1311608547939888,
  0.991361099786405, 0.0]
- [0.0, 0.0, 1.0, 0.9899918863398354, 0.1411242891259143, 0.0, -0.1411242891259143,
  0.9899918863398354, 0.0]
- [0.0, 0.0, 1.0, 0.9899850218374702, 0.14117243547330263, 0.0, -0.14117243547330263,
  0.9899850218374702, 0.0]
- [0.0, 0.0, 1.0, 0.9875481669274524, 0.1573169348742493, 0.0, -0.1573169348742493,
  0.9875481669274524, 0.0]
- [0.0, 0.0, 1.0, 0.9815141612064349, 0.19138952779927293, 0.0, -0.19138952779927293,
  0.9815141612064349, 0.0]
- [0.0, 0.0, 1.0, 0.9815154403595403, 0.1913829677265398, 0.0, -0.1913829677265398,
  0.9815154403595403, 0.0]
- [0.0, 0.0, 1.0, 0.9815166154518726, 0.19137694111857115, 0.0, -0.19137694111857115,
  0.9815166154518726, 0.0]
- [0.0, 0.0, 1.0, 0.9748239174102313, 0.22297607505059935, 0.0, -0.22297607505059935,
  0.9748239174102313, 0.0]
- [0.0, 0.0, 1.0, 0.9712967286627417, 0.23787110982432524, 0.0, -0.23787110982432524,
  0.9712967286627417, 0.0]
- [0.0, 0.0, 1.0, 0.9712855216474724, 0.23791686665303372, 0.0, -0.23791686665303372,
  0.9712855216474724, 0.0]
- [0.0, 0.0, 1.0, 0.9702706105832308, 0.24202260687473898, 0.0, -0.24202260687473898,
  0.9702706105832308, 0.0]
- [0.0, 0.0, 1.0, 0.9617858786908333, 0.2738027091737802, 0.0, -0.2738027091737802,
  0.9617858786908333, 0.0]
- [0.0, 0.0, 1.0, 0.9599545983301764, 0.2801556159436214, 0.0, -0.2801556159436214,
  0.9599545983301764, 0.0]
- [0.0, 0.0, 1.0, 0.9599384840761518, 0.2802108256109666, 0.0, -0.2802108256109666,
  0.9599384840761518, 0.0]
- [0.0, 0.0, 1.0, 0.9576753550344906, 0.28785050696422687, 0.0, -0.28785050696422687,
  0.9576753550344906, 0.0]
- [0.0, 0.0, 1.0, 0.9497477053029065, 0.31301644728650213, 0.0, -0.31301644728650213,
  0.9497477053029065, 0.0]
- [0.0, 0.0, 1.0, 0.9488651765789958, 0.31568160648937227, 0.0, -0.31568160648937227,
  0.9488651765789958, 0.0]
- [0.0, 0.0, 1.0, 0.9488536626083011, 0.31571621268920036, 0.0, -0.31571621268920036,
  0.9488536626083011, 0.0]
- [0.0, 0.0, 1.0, 0.9461281566772722, 0.3237923889508015, 0.0, -0.3237923889508015,
  0.9461281566772722, 0.0]
- [0.0, 0.0, 1.0, 0.9395130865016039, 0.3425130074788836, 0.0, -0.3425130074788836,
  0.9395130865016039, 0.0]
- [0.0, 0.0, 1.0, 0.9393230764330204, 0.34303375647362483, 0.0, -0.34303375647362483,
  0.9393230764330204, 0.0]
- [0.0, 0.0, 1.0, 0.939315233385996, 0.34305523218428263, 0.0, -0.34305523218428263,
  0.939315233385996, 0.0]
- [0.0, 0.0, 1.0, 0.9368771597126011, 0.3496586730067614, 0.0, -0.3496586730067614,
  0.9368771597126011, 0.0]
- [0.0, 0.0, 1.0, 0.9328026678173976, 0.3603875454462123, 0.0, -0.3603875454462123,
  0.9328026678173976, 0.0]
- [0.0, 0.0, 1.0, 0.932799039406221, 0.3603969368388575, 0.0, -0.3603969368388575,
  0.932799039406221, 0.0]
- [0.0, 0.0, 1.0, 0.9327955425659964, 0.36040598742114216, 0.0, -0.36040598742114216,
  0.9327955425659964, 0.0]
- [0.0, 0.0, 1.0, 0.9317198679812093, 0.3631777630982904, 0.0, -0.3631777630982904,
  0.9317198679812093, 0.0]
- [0.0, 0.0, 1.0, 0.9305560703414643, 0.36614942298282, 0.0, -0.36614942298282, 0.9305560703414643,
  0.0]
- [0.0, 0.0, 1.0, 0.9305559223780354, 0.3661497990265239, 0.0, -0.3661497990265239,
  0.9305559223780354, 0.0]
- [0.0, 0.0, 1.0, 0.9305868983257665, 0.36607106504670606, 0.0, -0.36607106504670606,
  0.9305868983257665, 0.0]
- [0.0, 0.0, 1.0, 0.9322364834056889, 0.3618496082730983, 0.0, -0.3618496082730983,
  0.9322364834056889, 0.0]
- [0.0, 0.0, 1.0, 0.9331767010952253, 0.35941792461288374, 0.0, -0.35941792461288374,
  0.9331767010952253, 0.0]
- [0.0, 0.0, 1.0, 0.933186749982661, 0.3593918330413179, 0.0, -0.3593918330413179,
  0.933186749982661, 0.0]
- [0.0, 0.0, 1.0, 0.9339500898678089, 0.3574034549859747, 0.0, -0.3574034549859747,
  0.9339500898678089, 0.0]
- [0.0, 0.0, 1.0, 0.9392050954957777, 0.3433566492654062, 0.0, -0.3433566492654062,
  0.9392050954957777, 0.0]
- [0.0, 0.0, 1.0, 0.9402917370859744, 0.3403695773241797, 0.0, -0.3403695773241797,
  0.9402917370859744, 0.0]
- [0.0, 0.0, 1.0, 0.940308302040747, 0.3403238121455024, 0.0, -0.3403238121455024,
  0.940308302040747, 0.0]
- [0.0, 0.0, 1.0, 0.9441068094500309, 0.32963970080996474, 0.0, -0.32963970080996474,
  0.9441068094500309, 0.0]
- [0.0, 0.0, 1.0, 0.9507140577322084, 0.3100689930166495, 0.0, -0.3100689930166495,
  0.9507140577322084, 0.0]
- [0.0, 0.0, 1.0, 0.9507408685407922, 0.30998677534098146, 0.0, -0.30998677534098146,
  0.9507408685407922, 0.0]
