nodes:
- [1.46389898 0.00210973 0.00000000]
- [1.44541916 0.00437983 0.00000000]
- [1.42410518 0.00826567 0.00000000]
- [1.40278064 0.01214204 0.00000000]
- [1.38145715 0.01605794 0.00000000]
- [1.36013913 0.02001710 0.00000000]
- [1.33883298 0.02403645 0.00000000]
- [1.31753611 0.02809302 0.00000000]
- [1.29624560 0.03219069 0.00000000]
- [1.27496586 0.03633887 0.00000000]
- [1.25369349 0.04051917 0.00000000]
- [1.23242938 0.04474056 0.00000000]
- [1.21117158 0.04899318 0.00000000]
- [1.18992182 0.05328593 0.00000000]
- [1.16867830 0.05761022 0.00000000]
- [1.14744538 0.06197554 0.00000000]
- [1.12621556 0.06635318 0.00000000]
- [1.10499335 0.07076737 0.00000000]
- [1.08377371 0.07519368 0.00000000]
- [1.06236868 0.07874918 0.00000000]
- [1.04040919 0.08244902 0.00000000]
- [1.01865222 0.08709815 0.00000000]
- [0.99689982 0.09175965 0.00000000]
- [0.97515303 0.09645166 0.00000000]
- [0.95341225 0.10116204 0.00000000]
- [0.93167624 0.10588951 0.00000000]
- [0.90994420 0.11062867 0.00000000]
- [0.88821486 0.11537594 0.00000000]
- [0.86648835 0.12012887 0.00000000]
- [0.84476415 0.12487943 0.00000000]
- [0.82303718 0.12961799 0.00000000]
- [0.80227067 0.13414624 0.00000000]
- [0.78150649 0.13866819 0.00000000]
- [0.76074017 0.14316617 0.00000000]
- [0.73996536 0.14764070 0.00000000]
- [0.71919110 0.15211252 0.00000000]
- [0.69841713 0.15655173 0.00000000]
- [0.67763256 0.16094427 0.00000000]
- [0.65683662 0.16531099 0.00000000]
- [0.63604549 0.16966564 0.00000000]
- [0.61524812 0.17394662 0.00000000]
- [0.59443492 0.17816233 0.00000000]
- [0.57360291 0.18232264 0.00000000]
- [0.55277703 0.18646218 0.00000000]
- [0.53193509 0.19048048 0.00000000]
- [0.51107013 0.19443507 0.00000000]
- [0.49019006 0.19833710 0.00000000]
- [0.46931745 0.20220276 0.00000000]
- [0.44842418 0.20592656 0.00000000]
- [0.42750421 0.20958749 0.00000000]
- [0.40615273 0.21068456 0.00000000]
- [0.38314209 0.21195798 0.00000000]
- [0.36053424 0.21558927 0.00000000]
- [0.33787896 0.21911678 0.00000000]
- [0.31524801 0.22259684 0.00000000]
- [0.29382233 0.22566984 0.00000000]
- [0.27234266 0.22862945 0.00000000]
- [0.25085694 0.23150851 0.00000000]
- [0.22939426 0.23424549 0.00000000]
- [0.20790280 0.23675298 0.00000000]
- [0.18634974 0.23913053 0.00000000]
- [0.16483015 0.24144422 0.00000000]
- [0.14332152 0.24347162 0.00000000]
- [0.12174695 0.24529955 0.00000000]
- [0.10016727 0.24701967 0.00000000]
- [0.07862800 0.24851718 0.00000000]
- [0.05705892 0.24970030 0.00000000]
- [0.03543148 0.25070443 0.00000000]
- [0.01385986 0.25157110 0.00000000]
- [-0.00767817 0.25202907 0.00000000]
- [-0.02929659 0.25218570 0.00000000]
- [-0.05089272 0.25221279 0.00000000]
- [-0.07241005 0.25185413 0.00000000]
- [-0.09398334 0.25108761 0.00000000]
- [-0.11555841 0.25017833 0.00000000]
- [-0.13702804 0.24889388 0.00000000]
- [-0.15851467 0.24715030 0.00000000]
- [-0.18001353 0.24520529 0.00000000]
- [-0.20139627 0.24291990 0.00000000]
- [-0.22275622 0.24013637 0.00000000]
- [-0.24412377 0.23712938 0.00000000]
- [-0.26535865 0.23377784 0.00000000]
- [-0.28654893 0.22991449 0.00000000]
- [-0.30770292 0.22584515 0.00000000]
- [-0.32869510 0.22129432 0.00000000]
- [-0.34967228 0.21630653 0.00000000]
- [-0.37052302 0.21113572 0.00000000]
- [-0.39116799 0.20527161 0.00000000]
- [-0.41181572 0.19911867 0.00000000]
- [-0.43224576 0.19259208 0.00000000]
- [-0.45250180 0.18545863 0.00000000]
- [-0.47262186 0.17803198 0.00000000]
- [-0.49456737 0.16907133 0.00000000]
- [-0.51628959 0.15965942 0.00000000]
- [-0.53759510 0.14941979 0.00000000]
- [-0.55980664 0.14086113 0.00000000]
- [-0.58131455 0.13151737 0.00000000]
- [-0.60113659 0.11916434 0.00000000]
- [-0.62031517 0.10599257 0.00000000]
- [-0.63850451 0.09159815 0.00000000]
- [-0.65645571 0.07689403 0.00000000]
- [-0.67243858 0.06147227 0.00000000]
- [-0.68560725 0.04379703 0.00000000]
- [-0.69553663 0.02444671 0.00000000]
- [-0.70044730 0.00376116 0.00000000]
- [-0.69771718 -0.01685245 0.00000000]
- [-0.68660167 -0.03485708 0.00000000]
- [-0.67124990 -0.05045435 0.00000000]
- [-0.65325585 -0.06349512 0.00000000]
- [-0.63507179 -0.07460602 0.00000000]
- [-0.61676081 -0.08562076 0.00000000]
- [-0.59799761 -0.09598632 0.00000000]
- [-0.57881233 -0.10562480 0.00000000]
- [-0.55935001 -0.11475507 0.00000000]
- [-0.53959833 -0.12329868 0.00000000]
- [-0.51966759 -0.13142879 0.00000000]
- [-0.49949345 -0.13899689 0.00000000]
- [-0.47838668 -0.14384356 0.00000000]
- [-0.45665880 -0.14822230 0.00000000]
- [-0.43568791 -0.15482234 0.00000000]
- [-0.41487612 -0.16072392 0.00000000]
- [-0.39390218 -0.16633351 0.00000000]
- [-0.37288531 -0.17161505 0.00000000]
- [-0.35173717 -0.17644790 0.00000000]
- [-0.33053729 -0.18103330 0.00000000]
- [-0.30926185 -0.18514618 0.00000000]
- [-0.28786707 -0.18895043 0.00000000]
- [-0.26646844 -0.19249359 0.00000000]
- [-0.24500794 -0.19556857 0.00000000]
- [-0.22343056 -0.19836013 0.00000000]
- [-0.20189309 -0.20095755 0.00000000]
- [-0.18031698 -0.20302684 0.00000000]
- [-0.15861037 -0.20484792 0.00000000]
- [-0.13697948 -0.20653190 0.00000000]
- [-0.11533513 -0.20763745 0.00000000]
- [-0.09355796 -0.20852983 0.00000000]
- [-0.07187039 -0.20929523 0.00000000]
- [-0.05020311 -0.20949167 0.00000000]
- [-0.02842062 -0.20944634 0.00000000]
- [-0.00670128 -0.20925336 0.00000000]
- [0.01495956 -0.20858782 0.00000000]
- [0.03668996 -0.20759450 0.00000000]
- [0.05842163 -0.20642603 0.00000000]
- [0.08005600 -0.20497425 0.00000000]
- [0.10167221 -0.20305489 0.00000000]
- [0.12335348 -0.20090415 0.00000000]
- [0.14495312 -0.19861281 0.00000000]
- [0.16645201 -0.19585963 0.00000000]
- [0.18800467 -0.19277691 0.00000000]
- [0.20955006 -0.18958320 0.00000000]
- [0.23095273 -0.18612223 0.00000000]
- [0.25231704 -0.18218084 0.00000000]
- [0.27373429 -0.17810331 0.00000000]
- [0.29505339 -0.17384548 0.00000000]
- [0.31627051 -0.16924794 0.00000000]
- [0.33747938 -0.16434165 0.00000000]
- [0.35871567 -0.15928542 0.00000000]
- [0.38092564 -0.15391415 0.00000000]
- [0.40302306 -0.14807920 0.00000000]
- [0.42520319 -0.14215626 0.00000000]
- [0.44733891 -0.13616435 0.00000000]
- [0.46940864 -0.13002264 0.00000000]
- [0.49216520 -0.12616457 0.00000000]
- [0.51441355 -0.12239742 0.00000000]
- [0.53594191 -0.11616547 0.00000000]
- [0.55743320 -0.10981453 0.00000000]
- [0.57893426 -0.10343185 0.00000000]
- [0.60044140 -0.09704604 0.00000000]
- [0.62195641 -0.09067626 0.00000000]
- [0.64348087 -0.08432332 0.00000000]
- [0.66501897 -0.07801472 0.00000000]
- [0.68657918 -0.07172354 0.00000000]
- [0.70819248 -0.06557970 0.00000000]
- [0.72982182 -0.05952751 0.00000000]
- [0.75147653 -0.05356396 0.00000000]
- [0.77318474 -0.04768693 0.00000000]
- [0.79497320 -0.04208676 0.00000000]
- [0.81676609 -0.03663334 0.00000000]
- [0.83828196 -0.03132444 0.00000000]
- [0.85989148 -0.02630662 0.00000000]
- [0.88152797 -0.02151934 0.00000000]
- [0.90318743 -0.01686884 0.00000000]
- [0.92492612 -0.01239145 0.00000000]
- [0.94674444 -0.00832914 0.00000000]
- [0.96854776 -0.00444137 0.00000000]
- [0.99042784 -0.00065890 0.00000000]
- [1.01240959 0.00257996 0.00000000]
- [1.03435458 0.00560049 0.00000000]
- [1.05648206 0.00760169 0.00000000]
- [1.07822608 0.00895691 0.00000000]
- [1.09983042 0.01106671 0.00000000]
- [1.12148839 0.01301272 0.00000000]
- [1.14318548 0.01445750 0.00000000]
- [1.16486720 0.01572257 0.00000000]
- [1.18659425 0.01673539 0.00000000]
- [1.20832848 0.01727948 0.00000000]
- [1.23005991 0.01765443 0.00000000]
- [1.25181783 0.01762210 0.00000000]
- [1.27354887 0.01720394 0.00000000]
- [1.29529680 0.01658884 0.00000000]
- [1.31701827 0.01539650 0.00000000]
- [1.33871188 0.01402404 0.00000000]
- [1.36038794 0.01223262 0.00000000]
- [1.38201781 0.01014630 0.00000000]
- [1.40361492 0.00782223 0.00000000]
- [1.42517536 0.00527770 0.00000000]
- [1.44670345 0.00260605 0.00000000]
- [1.46441705 -0.00129764 0.00000000]
- [0.81754998 -0.01585192 0.00000000]
- [0.81833386 0.00492949 0.00000000]
- [0.81911775 0.02571091 0.00000000]
- [0.81990164 0.04649233 0.00000000]
- [0.82068552 0.06727374 0.00000000]
- [0.82146941 0.08805516 0.00000000]
- [0.82225329 0.10883658 0.00000000]
- [-0.43815017 -0.13263205 0.00000000]
- [-0.44061244 -0.11044176 0.00000000]
- [-0.44307470 -0.08825147 0.00000000]
- [-0.44553696 -0.06606118 0.00000000]
- [-0.44799923 -0.04387090 0.00000000]
- [-0.45046149 -0.02168061 0.00000000]
- [-0.45292375 0.00050968 0.00000000]
- [-0.45538602 0.02269997 0.00000000]
- [-0.45784828 0.04489026 0.00000000]
- [-0.46031054 0.06708054 0.00000000]
- [-0.46277281 0.08927083 0.00000000]
- [-0.46523507 0.11146112 0.00000000]
- [-0.46769733 0.13365141 0.00000000]
- [-0.47015960 0.15584170 0.00000000]
- [0.35630080 -0.13806973 0.00000000]
- [0.35388593 -0.11685405 0.00000000]
- [0.35147106 -0.09563837 0.00000000]
- [0.34905619 -0.07442269 0.00000000]
- [0.34664132 -0.05320701 0.00000000]
- [0.34422645 -0.03199133 0.00000000]
- [0.34181158 -0.01077565 0.00000000]
- [0.33939671 0.01044003 0.00000000]
- [0.33698184 0.03165571 0.00000000]
- [0.33456697 0.05287139 0.00000000]
- [0.33215210 0.07408708 0.00000000]
- [0.32973723 0.09530276 0.00000000]
- [0.32732236 0.11651844 0.00000000]
- [0.32490749 0.13773412 0.00000000]
- [0.32249262 0.15894980 0.00000000]
- [0.32007775 0.18016548 0.00000000]
- [0.31766288 0.20138116 0.00000000]
elements:
- [1 2]
- [2 3]
- [3 4]
- [4 5]
- [5 6]
- [6 7]
- [7 8]
- [8 9]
- [9 10]
- [10 11]
- [11 12]
- [12 13]
- [13 14]
- [14 15]
- [15 16]
- [16 17]
- [17 18]
- [18 19]
- [19 20]
- [20 21]
- [21 22]
- [22 23]
- [23 24]
- [24 25]
- [25 26]
- [26 27]
- [27 28]
- [28 29]
- [29 30]
- [30 31]
- [31 32]
- [32 33]
- [33 34]
- [34 35]
- [35 36]
- [36 37]
- [37 38]
- [38 39]
- [39 40]
- [40 41]
- [41 42]
- [42 43]
- [43 44]
- [44 45]
- [45 46]
- [46 47]
- [47 48]
- [48 49]
- [49 50]
- [50 51]
- [51 52]
- [52 53]
- [53 54]
- [54 55]
- [55 56]
- [56 57]
- [57 58]
- [58 59]
- [59 60]
- [60 61]
- [61 62]
- [62 63]
- [63 64]
- [64 65]
- [65 66]
- [66 67]
- [67 68]
- [68 69]
- [69 70]
- [70 71]
- [71 72]
- [72 73]
- [73 74]
- [74 75]
- [75 76]
- [76 77]
- [77 78]
- [78 79]
- [79 80]
- [80 81]
- [81 82]
- [82 83]
- [83 84]
- [84 85]
- [85 86]
- [86 87]
- [87 88]
- [88 89]
- [89 90]
- [90 91]
- [91 92]
- [92 93]
- [93 94]
- [94 95]
- [95 96]
- [96 97]
- [97 98]
- [98 99]
- [99 100]
- [100 101]
- [101 102]
- [102 103]
- [103 104]
- [104 105]
- [105 106]
- [106 107]
- [107 108]
- [108 109]
- [109 110]
- [110 111]
- [111 112]
- [112 113]
- [113 114]
- [114 115]
- [115 116]
- [116 117]
- [117 118]
- [118 119]
- [119 120]
- [120 121]
- [121 122]
- [122 123]
- [123 124]
- [124 125]
- [125 126]
- [126 127]
- [127 128]
- [128 129]
- [129 130]
- [130 131]
- [131 132]
- [132 133]
- [133 134]
- [134 135]
- [135 136]
- [136 137]
- [137 138]
- [138 139]
- [139 140]
- [140 141]
- [141 142]
- [142 143]
- [143 144]
- [144 145]
- [145 146]
- [146 147]
- [147 148]
- [148 149]
- [149 150]
- [150 151]
- [151 152]
- [152 153]
- [153 154]
- [154 155]
- [155 156]
- [156 157]
- [157 158]
- [158 159]
- [159 160]
- [160 161]
- [161 162]
- [162 163]
- [163 164]
- [164 165]
- [165 166]
- [166 167]
- [167 168]
- [168 169]
- [169 170]
- [170 171]
- [171 172]
- [172 173]
- [173 174]
- [174 175]
- [175 176]
- [176 177]
- [177 178]
- [178 179]
- [179 180]
- [180 181]
- [181 182]
- [182 183]
- [183 184]
- [184 185]
- [185 186]
- [186 187]
- [187 188]
- [188 189]
- [189 190]
- [190 191]
- [191 192]
- [192 193]
- [193 194]
- [194 195]
- [195 196]
- [196 197]
- [197 198]
- [198 199]
- [199 200]
- [200 201]
- [201 202]
- [202 203]
- [203 204]
- [204 205]
- [205 206]
- [206 207]
- [207 208]
- [208 1]
- [178 209]
- [209 210]
- [210 211]
- [211 212]
- [212 213]
- [213 214]
- [214 215]
- [215 31]
- [120 216]
- [216 217]
- [217 218]
- [218 219]
- [219 220]
- [220 221]
- [221 222]
- [222 223]
- [223 224]
- [224 225]
- [225 226]
- [226 227]
- [227 228]
- [228 229]
- [229 92]
- [157 230]
- [230 231]
- [231 232]
- [232 233]
- [233 234]
- [234 235]
- [235 236]
- [236 237]
- [237 238]
- [238 239]
- [239 240]
- [240 241]
- [241 242]
- [242 243]
- [243 244]
- [244 245]
- [245 246]
- [246 55]
sets:
  element:
  - name: layup_0
    labels:
    - 1
    - 2
    - 3
    - 4
    - 5
    - 6
    - 7
    - 8
    - 9
    - 10
    - 11
    - 12
    - 13
    - 14
    - 15
    - 16
    - 17
    - 18
    - 19
    - 189
    - 190
    - 191
    - 192
    - 193
    - 194
    - 195
    - 196
    - 197
    - 198
    - 199
    - 200
    - 201
    - 202
    - 203
    - 204
    - 205
    - 206
    - 207
    - 208
  - name: layup_1
    labels:
    - 20
    - 21
    - 22
    - 23
    - 24
    - 25
    - 26
    - 27
    - 28
    - 29
    - 30
    - 31
    - 32
    - 33
    - 34
    - 35
    - 36
    - 37
    - 38
    - 39
    - 40
    - 41
    - 42
    - 43
    - 44
    - 45
    - 46
    - 47
    - 48
    - 49
    - 50
    - 96
    - 97
    - 98
    - 99
    - 100
    - 109
    - 110
    - 111
    - 112
    - 113
    - 114
    - 115
    - 116
    - 117
    - 163
    - 164
    - 165
    - 166
    - 167
    - 168
    - 169
    - 170
    - 171
    - 172
    - 173
    - 174
    - 175
    - 176
    - 177
    - 178
    - 179
    - 180
    - 181
    - 182
    - 183
    - 184
    - 185
    - 186
    - 187
    - 188
  - name: layup_2
    labels:
    - 51
    - 52
    - 53
    - 54
    - 55
    - 56
    - 57
    - 58
    - 59
    - 60
    - 61
    - 62
    - 63
    - 64
    - 65
    - 66
    - 67
    - 68
    - 69
    - 70
    - 71
    - 72
    - 73
    - 74
    - 75
    - 76
    - 77
    - 78
    - 79
    - 80
    - 81
    - 82
    - 83
    - 84
    - 85
    - 86
    - 87
    - 88
    - 89
    - 90
    - 91
    - 92
    - 93
    - 94
    - 95
    - 118
    - 119
    - 120
    - 121
    - 122
    - 123
    - 124
    - 125
    - 126
    - 127
    - 128
    - 129
    - 130
    - 131
    - 132
    - 133
    - 134
    - 135
    - 136
    - 137
    - 138
    - 139
    - 140
    - 141
    - 142
    - 143
    - 144
    - 145
    - 146
    - 147
    - 148
    - 149
    - 150
    - 151
    - 152
    - 153
    - 154
    - 155
    - 156
    - 157
    - 158
    - 159
    - 160
    - 161
    - 162
  - name: layup_3
    labels:
    - 101
    - 102
    - 103
    - 104
    - 105
    - 106
    - 107
    - 108
  - name: layup_4
    labels:
    - 209
    - 210
    - 211
    - 212
    - 213
    - 214
    - 215
    - 216
  - name: layup_5
    labels:
    - 217
    - 218
    - 219
    - 220
    - 221
    - 222
    - 223
    - 224
    - 225
    - 226
    - 227
    - 228
    - 229
    - 230
    - 231
    - 232
    - 233
    - 234
    - 235
    - 236
    - 237
    - 238
    - 239
    - 240
    - 241
    - 242
    - 243
    - 244
    - 245
    - 246
    - 247
    - 248
    - 249
sections:
- type: shell
  elementSet: layup_0
  layup:
  - - gelcoat
    - 0.0005
    - 0.0
  - - glass_triax
    - 0.0029954
    - 0.0
  - - glass_uniax
    - 0.00314
    - 0.0
  - - glass_triax
    - 0.0029954
    - 0.0
- type: shell
  elementSet: layup_1
  layup:
  - - gelcoat
    - 0.0005
    - 0.0
  - - glass_triax
    - 0.0029954
    - 0.0
  - - medium_density_foam
    - 0.00684873
    - 0.0
  - - glass_triax
    - 0.0029954
    - 0.0
- type: shell
  elementSet: layup_2
  layup:
  - - gelcoat
    - 0.0005
    - 0.0
  - - glass_triax
    - 0.0029954
    - 0.0
  - - carbon_uniax
    - 0.01706719
    - 0.0
  - - glass_triax
    - 0.0029954
    - 0.0
- type: shell
  elementSet: layup_3
  layup:
  - - gelcoat
    - 0.0005
    - 0.0
  - - glass_triax
    - 0.0029954
    - 0.0
  - - glass_uniax
    - 0.00239
    - 0.0
  - - glass_triax
    - 0.0029954
    - 0.0
- type: shell
  elementSet: layup_4
  layup:
  - - glass_biax
    - 0.002
    - 0.0
  - - medium_density_foam
    - 0.03
    - 0.0
  - - glass_biax
    - 0.002
    - 0.0
- type: shell
  elementSet: layup_5
  layup:
  - - glass_biax
    - 0.002
    - 0.0
  - - medium_density_foam
    - 0.014512
    - 0.0
  - - glass_biax
    - 0.002
    - 0.0
elementOrientations:
- [0.0, 0.0, 1.0, -0.992539277947229, 0.12192531210537547, 0.0, -0.12192531210537547,
  -0.992539277947229, 0.0]
- [0.0, 0.0, 1.0, -0.9837839033594924, 0.179357830859879, 0.0, -0.179357830859879,
  -0.9837839033594924, 0.0]
- [0.0, 0.0, 1.0, -0.9838765495503414, 0.17884891737137987, 0.0, -0.17884891737137987,
  -0.9838765495503414, 0.0]
- [0.0, 0.0, 1.0, -0.983552609146828, 0.18062188416819036, 0.0, -0.18062188416819036,
  -0.983552609146828, 0.0]
- [0.0, 0.0, 1.0, -0.9831879334145219, 0.18259651581583275, 0.0, -0.18259651581583275,
  -0.9831879334145219, 0.0]
- [0.0, 0.0, 1.0, -0.9826673632098238, 0.18537759649497101, 0.0, -0.18537759649497101,
  -0.9826673632098238, 0.0]
- [0.0, 0.0, 1.0, -0.9823383290965556, 0.1871133538467715, 0.0, -0.1871133538467715,
  -0.9823383290965556, 0.0]
- [0.0, 0.0, 1.0, -0.9819778505945453, 0.18899603419573804, 0.0, -0.18899603419573804,
  -0.9819778505945453, 0.0]
- [0.0, 0.0, 1.0, -0.9815249763359526, 0.19133405559049793, 0.0, -0.19133405559049793,
  -0.9815249763359526, 0.0]
- [0.0, 0.0, 1.0, -0.9812330737112628, 0.19282545230116152, 0.0, -0.19282545230116152,
  -0.9812330737112628, 0.0]
- [0.0, 0.0, 1.0, -0.9808585107517995, 0.19472180639507788, 0.0, -0.19472180639507788,
  -0.9808585107517995, 0.0]
- [0.0, 0.0, 1.0, -0.980571313343479, 0.1961629410664628, 0.0, -0.1961629410664628,
  -0.980571313343479, 0.0]
- [0.0, 0.0, 1.0, -0.9801991823072409, 0.19801404749213186, 0.0, -0.19801404749213186,
  -0.9801991823072409, 0.0]
- [0.0, 0.0, 1.0, -0.9799044269104935, 0.1994675766163949, 0.0, -0.1994675766163949,
  -0.9799044269104935, 0.0]
- [0.0, 0.0, 1.0, -0.979513139440061, 0.20138026135715362, 0.0, -0.20138026135715362,
  -0.979513139440061, 0.0]
- [0.0, 0.0, 1.0, -0.9793951087318284, 0.201953511958, 0.0, -0.201953511958, -0.9793951087318284,
  0.0]
- [0.0, 0.0, 1.0, -0.9790458289236318, 0.20364003748585116, 0.0, -0.20364003748585116,
  -0.9790458289236318, 0.0]
- [0.0, 0.0, 1.0, -0.978929212183639, 0.20419989601740715, 0.0, -0.20419989601740715,
  -0.978929212183639, 0.0]
- [0.0, 0.0, 1.0, -0.9864835110486025, 0.163860557881455, 0.0, -0.163860557881455,
  -0.9864835110486025, 0.0]
- [0.0, 0.0, 1.0, -0.9861016364318121, 0.1661431991581427, 0.0, -0.1661431991581427,
  -0.9861016364318121, 0.0]
- [0.0, 0.0, 1.0, -0.9779227397941294, 0.20896677964103208, 0.0, -0.20896677964103208,
  -0.9779227397941294, 0.0]
- [0.0, 0.0, 1.0, -0.977799864487943, 0.20954098646174274, 0.0, -0.20954098646174274,
  -0.977799864487943, 0.0]
- [0.0, 0.0, 1.0, -0.9775069148894189, 0.21090336968235088, 0.0, -0.21090336968235088,
  -0.9775069148894189, 0.0]
- [0.0, 0.0, 1.0, -0.9773243186335552, 0.21174790720915546, 0.0, -0.21174790720915546,
  -0.9773243186335552, 0.0]
- [0.0, 0.0, 1.0, -0.977155292357624, 0.21252655038250248, 0.0, -0.21252655038250248,
  -0.977155292357624, 0.0]
- [0.0, 0.0, 1.0, -0.9770380169773693, 0.2130650449532487, 0.0, -0.2130650449532487,
  -0.9770380169773693, 0.0]
- [0.0, 0.0, 1.0, -0.9769565071044853, 0.21343847644275296, 0.0, -0.21343847644275296,
  -0.9769565071044853, 0.0]
- [0.0, 0.0, 1.0, -0.9768976382134448, 0.21370775477973075, 0.0, -0.21370775477973075,
  -0.9768976382134448, 0.0]
- [0.0, 0.0, 1.0, -0.9769151003154422, 0.21362791665807548, 0.0, -0.21362791665807548,
  -0.9769151003154422, 0.0]
- [0.0, 0.0, 1.0, -0.9770332528188975, 0.21308689046049825, 0.0, -0.21308689046049825,
  -0.9770332528188975, 0.0]
- [0.0, 0.0, 1.0, -0.977041482710191, 0.21304915175487432, 0.0, -0.21304915175487432,
  -0.977041482710191, 0.0]
- [0.0, 0.0, 1.0, -0.9770982311257453, 0.21278873732164355, 0.0, -0.21278873732164355,
  -0.9770982311257453, 0.0]
- [0.0, 0.0, 1.0, -0.9773366583633045, 0.21169094505729188, 0.0, -0.21169094505729188,
  -0.9773366583633045, 0.0]
- [0.0, 0.0, 1.0, -0.9775822356425921, 0.21055396589955702, 0.0, -0.21055396589955702,
  -0.9775822356425921, 0.0]
- [0.0, 0.0, 1.0, -0.9776073168948721, 0.21043748229250667, 0.0, -0.21043748229250667,
  -0.9776073168948721, 0.0]
- [0.0, 0.0, 1.0, -0.977921398774856, 0.20897305524451998, 0.0, -0.20897305524451998,
  -0.977921398774856, 0.0]
- [0.0, 0.0, 1.0, -0.9783896060410463, 0.20676986915613696, 0.0, -0.20676986915613696,
  -0.9783896060410463, 0.0]
- [0.0, 0.0, 1.0, -0.9786575650165598, 0.2054978599301174, 0.0, -0.2054978599301174,
  -0.9786575650165598, 0.0]
- [0.0, 0.0, 1.0, -0.9787621169159969, 0.20499931338937838, 0.0, -0.20499931338937838,
  -0.9787621169159969, 0.0]
- [0.0, 0.0, 1.0, -0.9794647866773106, 0.2016153061133264, 0.0, -0.2016153061133264,
  -0.9794647866773106, 0.0]
- [0.0, 0.0, 1.0, -0.9800971622488175, 0.19851839348487316, 0.0, -0.19851839348487316,
  -0.9800971622488175, 0.0]
- [0.0, 0.0, 1.0, -0.9806357863027598, 0.1958403804693203, 0.0, -0.1958403804693203,
  -0.9806357863027598, 0.0]
- [0.0, 0.0, 1.0, -0.9808121236242319, 0.19495532347623806, 0.0, -0.19495532347623806,
  -0.9808121236242319, 0.0]
- [0.0, 0.0, 1.0, -0.9819169512835667, 0.18931217811325762, 0.0, -0.18931217811325762,
  -0.9819169512835667, 0.0]
- [0.0, 0.0, 1.0, -0.9825085569918679, 0.1862174412823826, 0.0, -0.1862174412823826,
  -0.9825085569918679, 0.0]
- [0.0, 0.0, 1.0, -0.9829827718691494, 0.1836977686539596, 0.0, -0.1836977686539596,
  -0.9829827718691494, 0.0]
- [0.0, 0.0, 1.0, -0.9832789113634091, 0.1821059649434618, 0.0, -0.1821059649434618,
  -0.9832789113634091, 0.0]
- [0.0, 0.0, 1.0, -0.9844857722728516, 0.17546442429258075, 0.0, -0.17546442429258075,
  -0.9844857722728516, 0.0]
- [0.0, 0.0, 1.0, -0.9850309930475911, 0.17237732662875477, 0.0, -0.17237732662875477,
  -0.9850309930475911, 0.0]
- [0.0, 0.0, 1.0, -0.9986825630466882, 0.051314113716381046, 0.0, -0.051314113716381046,
  -0.9986825630466882, 0.0]
- [0.0, 0.0, 1.0, -0.9984722371725291, 0.05525569288032706, 0.0, -0.05525569288032706,
  -0.9984722371725291, 0.0]
- [0.0, 0.0, 1.0, -0.9873448015833762, 0.15858828073437004, 0.0, -0.15858828073437004,
  -0.9873448015833762, 0.0]
- [0.0, 0.0, 1.0, -0.9880942579937317, 0.1538497231710757, 0.0, -0.1538497231710757,
  -0.9880942579937317, 0.0]
- [0.0, 0.0, 1.0, -0.988382339600941, 0.15198799546335973, 0.0, -0.15198799546335973,
  -0.988382339600941, 0.0]
- [0.0, 0.0, 1.0, -0.9898705200416826, 0.14197307333578738, 0.0, -0.14197307333578738,
  -0.9898705200416826, 0.0]
- [0.0, 0.0, 1.0, -0.9906404926723376, 0.13649693871258922, 0.0, -0.13649693871258922,
  -0.9906404926723376, 0.0]
- [0.0, 0.0, 1.0, -0.9911412633689237, 0.13281188217721196, 0.0, -0.13281188217721196,
  -0.9911412633689237, 0.0]
- [0.0, 0.0, 1.0, -0.9919668164651061, 0.12649835979996898, 0.0, -0.12649835979996898,
  -0.9919668164651061, 0.0]
- [0.0, 0.0, 1.0, -0.9932623621948489, 0.11588735844391584, 0.0, -0.11588735844391584,
  -0.9932623621948489, 0.0]
- [0.0, 0.0, 1.0, -0.9939706337145976, 0.10964661104202585, 0.0, -0.10964661104202585,
  -0.9939706337145976, 0.0]
- [0.0, 0.0, 1.0, -0.9942698515527802, 0.10689930913346495, 0.0, -0.10689930913346495,
  -0.9942698515527802, 0.0]
- [0.0, 0.0, 1.0, -0.9955869113303106, 0.09384403011258789, 0.0, -0.09384403011258789,
  -0.9955869113303106, 0.0]
- [0.0, 0.0, 1.0, -0.9964299584034557, 0.08442356303833283, 0.0, -0.08442356303833283,
  -0.9964299584034557, 0.0]
- [0.0, 0.0, 1.0, -0.9968382228004865, 0.07945789805908345, 0.0, -0.07945789805908345,
  -0.9968382228004865, 0.0]
- [0.0, 0.0, 1.0, -0.997591869912891, 0.06935748758210412, 0.0, -0.06935748758210412,
  -0.997591869912891, 0.0]
- [0.0, 0.0, 1.0, -0.9984989862698609, 0.05477019643985274, 0.0, -0.05477019643985274,
  -0.9984989862698609, 0.0]
- [0.0, 0.0, 1.0, -0.9989239442716089, 0.04637837384871975, 0.0, -0.04637837384871975,
  -0.9989239442716089, 0.0]
- [0.0, 0.0, 1.0, -0.9991939050872183, 0.040143991288301595, 0.0, -0.040143991288301595,
  -0.9991939050872183, 0.0]
- [0.0, 0.0, 1.0, -0.9997740093228904, 0.02125865194299012, 0.0, -0.02125865194299012,
  -0.9997740093228904, 0.0]
- [0.0, 0.0, 1.0, -0.9999737525496023, 0.007245288942951944, 0.0, -0.007245288942951944,
  -0.9999737525496023, 0.0]
- [0.0, 0.0, 1.0, -0.9999992133465553, 0.0012543150603706447, 0.0, -0.0012543150603706447,
  -0.9999992133465553, 0.0]
- [0.0, 0.0, 1.0, -0.9998611082243545, -0.016666261139371436, 0.0, 0.016666261139371436,
  -0.9998611082243545, 0.0]
- [0.0, 0.0, 1.0, -0.99936937569159, -0.03550846279130852, 0.0, 0.03550846279130852,
  -0.99936937569159, 0.0]
- [0.0, 0.0, 1.0, -0.9991130864502482, -0.04210748726602897, 0.0, 0.04210748726602897,
  -0.9991130864502482, 0.0]
- [0.0, 0.0, 1.0, -0.9982151702476261, -0.059719962219537105, 0.0, 0.059719962219537105,
  -0.9982151702476261, 0.0]
- [0.0, 0.0, 1.0, -0.9967237644233099, -0.08088100786851182, 0.0, 0.08088100786851182,
  -0.9967237644233099, 0.0]
- [0.0, 0.0, 1.0, -0.9959324787237216, -0.0901027070804402, 0.0, 0.0901027070804402,
  -0.9959324787237216, 0.0]
- [0.0, 0.0, 1.0, -0.9943368206170592, -0.1062745838155016, 0.0, 0.1062745838155016,
  -0.9943368206170592, 0.0]
- [0.0, 0.0, 1.0, -0.9916156068584845, -0.1292226305051845, 0.0, 0.1292226305051845,
  -0.9916156068584845, 0.0]
- [0.0, 0.0, 1.0, -0.9902426063127489, -0.13935415545628466, 0.0, 0.13935415545628466,
  -0.9902426063127489, 0.0]
- [0.0, 0.0, 1.0, -0.9877725552899723, -0.1559018249281219, 0.0, 0.1559018249281219,
  -0.9877725552899723, 0.0]
- [0.0, 0.0, 1.0, -0.9837834395626004, -0.17936037478322583, 0.0, 0.17936037478322583,
  -0.9837834395626004, 0.0]
- [0.0, 0.0, 1.0, -0.9819955508150464, -0.188904044899662, 0.0, 0.188904044899662,
  -0.9819955508150464, 0.0]
- [0.0, 0.0, 1.0, -0.9772987661362083, -0.21186581061758145, 0.0, 0.21186581061758145,
  -0.9772987661362083, 0.0]
- [0.0, 0.0, 1.0, -0.9728769780579435, -0.2313231193911319, 0.0, 0.2313231193911319,
  -0.9728769780579435, 0.0]
- [0.0, 0.0, 1.0, -0.9705994276770392, -0.24070054215353143, 0.0, 0.24070054215353143,
  -0.9705994276770392, 0.0]
- [0.0, 0.0, 1.0, -0.9619469194539568, -0.27323638877909895, 0.0, 0.27323638877909895,
  -0.9619469194539568, 0.0]
- [0.0, 0.0, 1.0, -0.9583532656213137, -0.2855853957627449, 0.0, 0.2855853957627449,
  -0.9583532656213137, 0.0]
- [0.0, 0.0, 1.0, -0.9525731258797823, -0.3043097761354708, 0.0, 0.3043097761354708,
  -0.9525731258797823, 0.0]
- [0.0, 0.0, 1.0, -0.943220215905008, -0.3321680663581468, 0.0, 0.3321680663581468,
  -0.943220215905008, 0.0]
- [0.0, 0.0, 1.0, -0.9381312592812994, -0.34627985843719455, 0.0, 0.34627985843719455,
  -0.9381312592812994, 0.0]
- [0.0, 0.0, 1.0, -0.9257989228291389, -0.3780163415626447, 0.0, 0.3780163415626447,
  -0.9257989228291389, 0.0]
- [0.0, 0.0, 1.0, -0.9175718840349971, -0.3975699153966079, 0.0, 0.3975699153966079,
  -0.9175718840349971, 0.0]
- [0.0, 0.0, 1.0, -0.9013085398969175, -0.43317769553485397, 0.0, 0.43317769553485397,
  -0.9013085398969175, 0.0]
- [0.0, 0.0, 1.0, -0.9331236320966485, -0.3595556802815923, 0.0, 0.3595556802815923,
  -0.9331236320966485, 0.0]
- [0.0, 0.0, 1.0, -0.9171870826895775, -0.39845684251544977, 0.0, 0.39845684251544977,
  -0.9171870826895775, 0.0]
- [0.0, 0.0, 1.0, -0.8486854551692936, -0.5288979090373577, 0.0, 0.5288979090373577,
  -0.8486854551692936, 0.0]
- [0.0, 0.0, 1.0, -0.8243127029343479, -0.5661347611488537, 0.0, 0.5661347611488537,
  -0.8243127029343479, 0.0]
- [0.0, 0.0, 1.0, -0.7841606109716779, -0.6205579233242653, 0.0, 0.6205579233242653,
  -0.7841606109716779, 0.0]
- [0.0, 0.0, 1.0, -0.7736030783723645, -0.6336704799284887, 0.0, 0.6336704799284887,
  -0.7736030783723645, 0.0]
- [0.0, 0.0, 1.0, -0.7196256219111169, -0.6943622716486245, 0.0, 0.6943622716486245,
  -0.7196256219111169, 0.0]
- [0.0, 0.0, 1.0, -0.597449040883512, -0.8019068795984802, 0.0, 0.8019068795984802,
  -0.597449040883512, 0.0]
- [0.0, 0.0, 1.0, -0.45654003445010505, -0.8897028700326288, 0.0, 0.8897028700326288,
  -0.45654003445010505, 0.0]
- [0.0, 0.0, 1.0, -0.23097662457118964, -0.9729592997148954, 0.0, 0.9729592997148954,
  -0.23097662457118964, 0.0]
- [0.0, 0.0, 1.0, 0.13129608648468483, -0.9913431987328134, 0.0, 0.9913431987328134,
  0.13129608648468483, 0.0]
- [0.0, 0.0, 1.0, 0.5253220004648935, -0.8509035173435132, 0.0, 0.8509035173435132,
  0.5253220004648935, 0.0]
- [0.0, 0.0, 1.0, 0.701475604684747, -0.7126934656864538, 0.0, 0.7126934656864538,
  0.701475604684747, 0.0]
- [0.0, 0.0, 1.0, 0.809715346727514, -0.5868228499930299, 0.0, 0.5868228499930299,
  0.809715346727514, 0.0]
- [0.0, 0.0, 1.0, 0.8533150032300341, -0.521395728082353, 0.0, 0.521395728082353,
  0.8533150032300341, 0.0]
- [0.0, 0.0, 1.0, 0.8569111414458407, -0.5154641555588385, 0.0, 0.5154641555588385,
  0.8569111414458407, 0.0]
- [0.0, 0.0, 1.0, 0.8753121164590555, -0.48355837163673315, 0.0, 0.48355837163673315,
  0.8753121164590555, 0.0]
- [0.0, 0.0, 1.0, 0.8935715276372054, -0.4489208449115622, 0.0, 0.4489208449115622,
  0.8935715276372054, 0.0]
- [0.0, 0.0, 1.0, 0.9053283197147419, -0.42471241272475435, 0.0, 0.42471241272475435,
  0.9053283197147419, 0.0]
- [0.0, 0.0, 1.0, 0.9178173363847425, -0.3970029433538451, 0.0, 0.3970029433538451,
  0.9178173363847425, 0.0]
- [0.0, 0.0, 1.0, 0.9259270667085984, -0.377702352569336, 0.0, 0.377702352569336,
  0.9259270667085984, 0.0]
- [0.0, 0.0, 1.0, 0.9362864837188236, -0.35123727080912276, 0.0, 0.35123727080912276,
  0.9362864837188236, 0.0]
- [0.0, 0.0, 1.0, 0.9746346921271368, -0.22380173569979578, 0.0, 0.22380173569979578,
  0.9746346921271368, 0.0]
- [0.0, 0.0, 1.0, 0.9802918990721197, -0.1975545307341173, 0.0, 0.1975545307341173,
  0.9802918990721197, 0.0]
- [0.0, 0.0, 1.0, 0.9538740905470534, -0.30020696091701776, 0.0, 0.30020696091701776,
  0.9538740905470534, 0.0]
- [0.0, 0.0, 1.0, 0.9620672040855931, -0.2728125635357171, 0.0, 0.2728125635357171,
  0.9620672040855931, 0.0]
- [0.0, 0.0, 1.0, 0.9660449773239959, -0.2583739572539777, 0.0, 0.2583739572539777,
  0.9660449773239959, 0.0]
- [0.0, 0.0, 1.0, 0.9698451344233595, -0.24372200400319985, 0.0, 0.24372200400319985,
  0.9698451344233595, 0.0]
- [0.0, 0.0, 1.0, 0.9748686283071782, -0.22278051427914572, 0.0, 0.22278051427914572,
  0.9748686283071782, 0.0]
- [0.0, 0.0, 1.0, 0.9773985253366527, -0.21140511505102397, 0.0, 0.21140511505102397,
  0.9773985253366527, 0.0]
- [0.0, 0.0, 1.0, 0.9818223762554544, -0.1898020586929787, 0.0, 0.1898020586929787,
  0.9818223762554544, 0.0]
- [0.0, 0.0, 1.0, 0.9845567421777552, -0.1750657631643758, 0.0, 0.1750657631643758,
  0.9845567421777552, 0.0]
- [0.0, 0.0, 1.0, 0.9865674119487301, -0.16335465001273997, 0.0, 0.16335465001273997,
  0.9865674119487301, 0.0]
- [0.0, 0.0, 1.0, 0.9898900380319146, -0.14183692257369016, 0.0, 0.14183692257369016,
  0.9898900380319146, 0.0]
- [0.0, 0.0, 1.0, 0.9917347268958085, -0.12830522775357175, 0.0, 0.12830522775357175,
  0.9917347268958085, 0.0]
- [0.0, 0.0, 1.0, 0.9928062055403758, -0.11973236087424755, 0.0, 0.11973236087424755,
  0.9928062055403758, 0.0]
- [0.0, 0.0, 1.0, 0.9954324252375955, -0.09546877387711114, 0.0, 0.09546877387711114,
  0.9954324252375955, 0.0]
- [0.0, 0.0, 1.0, 0.9964992974377295, -0.08360113758862092, 0.0, 0.08360113758862092,
  0.9964992974377295, 0.0]
- [0.0, 0.0, 1.0, 0.99698330898079, -0.07761624581049115, 0.0, 0.07761624581049115,
  0.99698330898079, 0.0]
- [0.0, 0.0, 1.0, 0.9986980741654847, -0.051011338525388784, 0.0, 0.051011338525388784,
  0.9986980741654847, 0.0]
- [0.0, 0.0, 1.0, 0.9991614650188361, -0.04094345883548806, 0.0, 0.04094345883548806,
  0.9991614650188361, 0.0]
- [0.0, 0.0, 1.0, 0.9993778247366506, -0.035269865673695125, 0.0, 0.035269865673695125,
  0.9993778247366506, 0.0]
- [0.0, 0.0, 1.0, 0.9999589010423837, -0.00906621343826848, 0.0, 0.00906621343826848,
  0.9999589010423837, 0.0]
- [0.0, 0.0, 1.0, 0.9999978342980518, 0.0020812013852870305, 0.0, -0.0020812013852870305,
  0.9999978342980518, 0.0]
- [0.0, 0.0, 1.0, 0.9999605307534675, 0.008884646039305706, 0.0, -0.008884646039305706,
  0.9999605307534675, 0.0]
- [0.0, 0.0, 1.0, 0.9995283054848338, 0.03071101650249631, 0.0, -0.03071101650249631,
  0.9995283054848338, 0.0]
- [0.0, 0.0, 1.0, 0.9989568666163537, 0.04566375630668385, 0.0, -0.04566375630668385,
  0.9989568666163537, 0.0]
- [0.0, 0.0, 1.0, 0.9985576465643605, 0.05369009673902209, 0.0, -0.05369009673902209,
  0.9985576465643605, 0.0]
- [0.0, 0.0, 1.0, 0.9977560075580997, 0.06695483090652533, 0.0, -0.06695483090652533,
  0.9977560075580997, 0.0]
- [0.0, 0.0, 1.0, 0.9960810704276105, 0.08844490452132092, 0.0, -0.08844490452132092,
  0.9960810704276105, 0.0]
- [0.0, 0.0, 1.0, 0.9951158865695354, 0.09871358719511376, 0.0, -0.09871358719511376,
  0.9951158865695354, 0.0]
- [0.0, 0.0, 1.0, 0.9944203548450278, 0.10549008422543323, 0.0, -0.10549008422543323,
  0.9944203548450278, 0.0]
- [0.0, 0.0, 1.0, 0.9918995951908554, 0.12702437978678446, 0.0, -0.12702437978678446,
  0.9918995951908554, 0.0]
- [0.0, 0.0, 1.0, 0.9899252317954161, 0.14159108536483372, 0.0, -0.14159108536483372,
  0.9899252317954161, 0.0]
- [0.0, 0.0, 1.0, 0.9891915011111608, 0.14662937676143986, 0.0, -0.14662937676143986,
  0.9891915011111608, 0.0]
- [0.0, 0.0, 1.0, 0.9871762970258896, 0.15963382658525863, 0.0, -0.15963382658525863,
  0.9871762970258896, 0.0]
- [0.0, 0.0, 1.0, 0.9834051612293876, 0.18142295573438968, 0.0, -0.18142295573438968,
  0.9834051612293876, 0.0]
- [0.0, 0.0, 1.0, 0.9823549482047774, 0.18702608304081245, 0.0, -0.18702608304081245,
  0.9823549482047774, 0.0]
- [0.0, 0.0, 1.0, 0.9806336357455677, 0.19585114869315773, 0.0, -0.19585114869315773,
  0.9806336357455677, 0.0]
- [0.0, 0.0, 1.0, 0.9773184083200231, 0.21177518447357493, 0.0, -0.21177518447357493,
  0.9773184083200231, 0.0]
- [0.0, 0.0, 1.0, 0.9742709357137569, 0.2253799987209171, 0.0, -0.2253799987209171,
  0.9742709357137569, 0.0]
- [0.0, 0.0, 1.0, 0.9728064375045646, 0.2316195914634111, 0.0, -0.2316195914634111,
  0.9728064375045646, 0.0]
- [0.0, 0.0, 1.0, 0.9719799180371274, 0.2350639039336733, 0.0, -0.2350639039336733,
  0.9719799180371274, 0.0]
- [0.0, 0.0, 1.0, 0.9668605516441162, 0.2553050600251298, 0.0, -0.2553050600251298,
  0.9668605516441162, 0.0]
- [0.0, 0.0, 1.0, 0.9661455407176466, 0.25799766307353655, 0.0, -0.25799766307353655,
  0.9661455407176466, 0.0]
- [0.0, 0.0, 1.0, 0.9652613034780785, 0.2612864634989741, 0.0, -0.2612864634989741,
  0.9652613034780785, 0.0]
- [0.0, 0.0, 1.0, 0.9633914325323055, 0.2680987648672634, 0.0, -0.2680987648672634,
  0.9633914325323055, 0.0]
- [0.0, 0.0, 1.0, 0.9859312328926295, 0.16715144033725596, 0.0, -0.16715144033725596,
  0.9859312328926295, 0.0]
- [0.0, 0.0, 1.0, 0.9859659431171127, 0.16694657532630783, 0.0, -0.16694657532630783,
  0.9859659431171127, 0.0]
- [0.0, 0.0, 1.0, 0.9605636599877738, 0.27806016455237254, 0.0, -0.27806016455237254,
  0.9605636599877738, 0.0]
- [0.0, 0.0, 1.0, 0.9590026978419219, 0.28339693987747194, 0.0, -0.28339693987747194,
  0.9590026978419219, 0.0]
- [0.0, 0.0, 1.0, 0.9586522926584039, 0.28458000945390677, 0.0, -0.28458000945390677,
  0.9586522926584039, 0.0]
- [0.0, 0.0, 1.0, 0.9586361994852082, 0.2846342162083755, 0.0, -0.2846342162083755,
  0.9586361994852082, 0.0]
- [0.0, 0.0, 1.0, 0.9588592263428742, 0.28388198966673533, 0.0, -0.28388198966673533,
  0.9588592263428742, 0.0]
- [0.0, 0.0, 1.0, 0.9590970678783546, 0.2830773999936116, 0.0, -0.2830773999936116,
  0.9590970678783546, 0.0]
- [0.0, 0.0, 1.0, 0.9596802104936233, 0.2810941009464886, 0.0, -0.2810941009464886,
  0.9596802104936233, 0.0]
- [0.0, 0.0, 1.0, 0.9599666308884377, 0.2801143830307577, 0.0, -0.2801143830307577,
  0.9599666308884377, 0.0]
- [0.0, 0.0, 1.0, 0.9618920405749152, 0.27342951976446456, 0.0, -0.27342951976446456,
  0.9618920405749152, 0.0]
- [0.0, 0.0, 1.0, 0.9630105153491972, 0.26946381450367995, 0.0, -0.26946381450367995,
  0.9630105153491972, 0.0]
- [0.0, 0.0, 1.0, 0.9641085846717501, 0.2655082615705863, 0.0, -0.2655082615705863,
  0.9641085846717501, 0.0]
- [0.0, 0.0, 1.0, 0.9652518626645061, 0.2613213378633696, 0.0, -0.2613213378633696,
  0.9652518626645061, 0.0]
- [0.0, 0.0, 1.0, 0.9685205454227968, 0.2489336319060328, 0.0, -0.2489336319060328,
  0.9685205454227968, 0.0]
- [0.0, 0.0, 1.0, 0.970088053668572, 0.24275330714435586, 0.0, -0.24275330714435586,
  0.970088053668572, 0.0]
- [0.0, 0.0, 1.0, 0.9708819246620427, 0.23955852805635514, 0.0, -0.23955852805635514,
  0.9708819246620427, 0.0]
- [0.0, 0.0, 1.0, 0.9740839663295184, 0.22618670725697793, 0.0, -0.22618670725697793,
  0.9740839663295184, 0.0]
- [0.0, 0.0, 1.0, 0.9763857762595389, 0.2160342933843083, 0.0, -0.2160342933843083,
  0.9763857762595389, 0.0]
- [0.0, 0.0, 1.0, 0.9777173306228901, 0.20992575211166958, 0.0, -0.20992575211166958,
  0.9777173306228901, 0.0]
- [0.0, 0.0, 1.0, 0.9794412642065882, 0.2017295465949406, 0.0, -0.2017295465949406,
  0.9794412642065882, 0.0]
- [0.0, 0.0, 1.0, 0.9831050236612322, 0.18304237884175334, 0.0, -0.18304237884175334,
  0.9831050236612322, 0.0]
- [0.0, 0.0, 1.0, 0.984471889323384, 0.17554230012178426, 0.0, -0.17554230012178426,
  0.984471889323384, 0.0]
- [0.0, 0.0, 1.0, 0.9853842913086351, 0.17034611366913777, 0.0, -0.17034611366913777,
  0.9853842913086351, 0.0]
- [0.0, 0.0, 1.0, 0.9893185997333499, 0.14576936654058562, 0.0, -0.14576936654058562,
  0.9893185997333499, 0.0]
- [0.0, 0.0, 1.0, 0.990659981620701, 0.1363554209236749, 0.0, -0.1363554209236749,
  0.990659981620701, 0.0]
- [0.0, 0.0, 1.0, 0.9959352517525648, 0.09007205069584619, 0.0, -0.09007205069584619,
  0.9959352517525648, 0.0]
- [0.0, 0.0, 1.0, 0.9980633700391905, 0.06220538068377825, 0.0, -0.06220538068377825,
  0.9980633700391905, 0.0]
- [0.0, 0.0, 1.0, 0.9952654611322842, 0.09719393950829308, 0.0, -0.09719393950829308,
  0.9952654611322842, 0.0]
- [0.0, 0.0, 1.0, 0.995987621940164, 0.0894910997919738, 0.0, -0.0894910997919738,
  0.995987621940164, 0.0]
- [0.0, 0.0, 1.0, 0.9977903057734198, 0.0664417467002901, 0.0, -0.0664417467002901,
  0.9977903057734198, 0.0]
- [0.0, 0.0, 1.0, 0.998302130199845, 0.05824823463807146, 0.0, -0.05824823463807146,
  0.998302130199845, 0.0]
- [0.0, 0.0, 1.0, 0.9989152534761558, 0.04656518412577603, 0.0, -0.04656518412577603,
  0.9989152534761558, 0.0]
- [0.0, 0.0, 1.0, 0.9996868085439324, 0.025025683272334554, 0.0, -0.025025683272334554,
  0.9996868085439324, 0.0]
- [0.0, 0.0, 1.0, 0.9998511861707516, 0.017251246706867385, 0.0, -0.017251246706867385,
  0.9998511861707516, 0.0]
- [0.0, 0.0, 1.0, 0.9999988960534794, -0.0014858976487064348, 0.0, 0.0014858976487064348,
  0.9999988960534794, 0.0]
- [0.0, 0.0, 1.0, 0.9998149135058383, -0.01923898987247082, 0.0, 0.01923898987247082,
  0.9998149135058383, 0.0]
- [0.0, 0.0, 1.0, 0.9996002767755547, -0.028271658427378617, 0.0, 0.028271658427378617,
  0.9996002767755547, 0.0]
- [0.0, 0.0, 1.0, 0.9984968158660548, -0.05480975009384668, 0.0, 0.05480975009384668,
  0.9984968158660548, 0.0]
- [0.0, 0.0, 1.0, 0.9980047166927035, -0.06313941288226135, 0.0, 0.06313941288226135,
  0.9980047166927035, 0.0]
- [0.0, 0.0, 1.0, 0.9966022783687029, -0.08236442648565319, 0.0, 0.08236442648565319,
  0.9966022783687029, 0.0]
- [0.0, 0.0, 1.0, 0.9953803770948781, -0.09600992081268679, 0.0, 0.09600992081268679,
  0.9953803770948781, 0.0]
- [0.0, 0.0, 1.0, 0.9942598421306224, -0.1069923657388217, 0.0, 0.1069923657388217,
  0.9942598421306224, 0.0]
- [0.0, 0.0, 1.0, 0.9931077196428865, -0.11720519265675018, 0.0, 0.11720519265675018,
  0.9931077196428865, 0.0]
- [0.0, 0.0, 1.0, 0.9923873624954198, -0.12315568504695203, 0.0, 0.12315568504695203,
  0.9923873624954198, 0.0]
- [0.0, 0.0, 1.0, 0.9765668479649525, -0.21521429194130481, 0.0, 0.21521429194130481,
  0.9765668479649525, 0.0]
- [0.0, 0.0, 1.0, -0.15031617175045808, 0.9886379764657469, 0.0, -0.9886379764657469,
  -0.15031617175045808, 0.0]
- [0.0, 0.0, 1.0, 0.03769373459271889, 0.9992893386664613, 0.0, -0.9992893386664613,
  0.03769373459271889, 0.0]
- [0.0, 0.0, 1.0, 0.03769373459272955, 0.999289338666461, 0.0, -0.999289338666461,
  0.03769373459272955, 0.0]
- [0.0, 0.0, 1.0, 0.03769373459271889, 0.9992893386664613, 0.0, -0.9992893386664613,
  0.03769373459271889, 0.0]
- [0.0, 0.0, 1.0, 0.03769373459272955, 0.999289338666461, 0.0, -0.999289338666461,
  0.03769373459272955, 0.0]
- [0.0, 0.0, 1.0, 0.03769373459271888, 0.9992893386664613, 0.0, -0.9992893386664613,
  0.03769373459271888, 0.0]
