nodes:
- [3.70352360 0.03553448 0.00000000]
- [3.65881937 0.04334071 0.00000000]
- [3.60793733 0.05500316 0.00000000]
- [3.55703488 0.06659074 0.00000000]
- [3.50612598 0.07817495 0.00000000]
- [3.45520888 0.08973509 0.00000000]
- [3.40428244 0.10131823 0.00000000]
- [3.35337893 0.11300778 0.00000000]
- [3.30247505 0.12473138 0.00000000]
- [3.25161110 0.13663493 0.00000000]
- [3.20077241 0.14858435 0.00000000]
- [3.14994092 0.16058416 0.00000000]
- [3.09913466 0.17267408 0.00000000]
- [3.04833319 0.18477821 0.00000000]
- [2.99754661 0.19696163 0.00000000]
- [2.94677805 0.20919466 0.00000000]
- [2.89421884 0.21401109 0.00000000]
- [2.84195722 0.21878672 0.00000000]
- [2.79150115 0.23101628 0.00000000]
- [2.74105117 0.24326173 0.00000000]
- [2.69060839 0.25551237 0.00000000]
- [2.64016584 0.26775697 0.00000000]
- [2.58972822 0.28000059 0.00000000]
- [2.53928896 0.29221829 0.00000000]
- [2.48883970 0.30442035 0.00000000]
- [2.43839232 0.31662010 0.00000000]
- [2.38795652 0.32878940 0.00000000]
- [2.33750388 0.34088643 0.00000000]
- [2.28703070 0.35295863 0.00000000]
- [2.23656939 0.36500907 0.00000000]
- [2.18610616 0.37696313 0.00000000]
- [2.13560069 0.38882584 0.00000000]
- [2.08508536 0.40067526 0.00000000]
- [2.03459195 0.41244485 0.00000000]
- [1.98405426 0.42404961 0.00000000]
- [1.93321228 0.43567356 0.00000000]
- [1.88237731 0.44724387 0.00000000]
- [1.83155165 0.45868544 0.00000000]
- [1.78066400 0.46993715 0.00000000]
- [1.72972930 0.48115012 0.00000000]
- [1.67883611 0.49230262 0.00000000]
- [1.62790461 0.50319795 0.00000000]
- [1.57690191 0.51398922 0.00000000]
- [1.52588104 0.52471226 0.00000000]
- [1.47491171 0.53532050 0.00000000]
- [1.42386301 0.54557477 0.00000000]
- [1.37272860 0.55577005 0.00000000]
- [1.32161131 0.56588398 0.00000000]
- [1.27052023 0.57578529 0.00000000]
- [1.21934075 0.58535880 0.00000000]
- [1.16807916 0.59484212 0.00000000]
- [1.11687123 0.60422943 0.00000000]
- [1.06564870 0.61323251 0.00000000]
- [1.01430816 0.62195676 0.00000000]
- [0.96291463 0.63057816 0.00000000]
- [0.91161880 0.63902531 0.00000000]
- [0.86024378 0.64687504 0.00000000]
- [0.80871957 0.65452780 0.00000000]
- [0.75720700 0.66204073 0.00000000]
- [0.70576831 0.66919696 0.00000000]
- [0.65420153 0.67574619 0.00000000]
- [0.60250509 0.68214777 0.00000000]
- [0.55092295 0.68835103 0.00000000]
- [0.49932535 0.69384701 0.00000000]
- [0.44754951 0.69892476 0.00000000]
- [0.39575550 0.70382764 0.00000000]
- [0.34410479 0.70828744 0.00000000]
- [0.29233037 0.71186550 0.00000000]
- [0.23999644 0.70913089 0.00000000]
- [0.19081807 0.70596285 0.00000000]
- [0.14207186 0.70793516 0.00000000]
- [0.08900888 0.70956428 0.00000000]
- [0.03607303 0.71093379 0.00000000]
- [-0.01661145 0.71141399 0.00000000]
- [-0.06949452 0.71091464 0.00000000]
- [-0.12243568 0.71006799 0.00000000]
- [-0.17500723 0.70842397 0.00000000]
- [-0.22767311 0.70547506 0.00000000]
- [-0.28045714 0.70211941 0.00000000]
- [-0.33278464 0.69788789 0.00000000]
- [-0.38515888 0.69219004 0.00000000]
- [-0.43755276 0.68607069 0.00000000]
- [-0.48939408 0.67874343 0.00000000]
- [-0.54126993 0.66991591 0.00000000]
- [-0.59291827 0.66056517 0.00000000]
- [-0.64400063 0.64945002 0.00000000]
- [-0.68858807 0.63875117 0.00000000]
- [-0.73434348 0.63353145 0.00000000]
- [-0.78639809 0.62464839 0.00000000]
- [-0.83666733 0.60873080 0.00000000]
- [-0.88626836 0.59157414 0.00000000]
- [-0.93526711 0.57242124 0.00000000]
- [-0.98381009 0.55246823 0.00000000]
- [-1.03127539 0.53017102 0.00000000]
- [-1.07830064 0.50692052 0.00000000]
- [-1.12401683 0.48149629 0.00000000]
- [-1.16897079 0.45468173 0.00000000]
- [-1.21251861 0.42586065 0.00000000]
- [-1.25482087 0.39548372 0.00000000]
- [-1.29522007 0.36267926 0.00000000]
- [-1.33411756 0.32843782 0.00000000]
- [-1.37020843 0.29136810 0.00000000]
- [-1.41109471 0.25811927 0.00000000]
- [-1.44973071 0.22094180 0.00000000]
- [-1.47764797 0.17569016 0.00000000]
- [-1.50096628 0.12815104 0.00000000]
- [-1.51743129 0.07810211 0.00000000]
- [-1.52590363 0.02621264 0.00000000]
- [-1.52591929 -0.02602826 0.00000000]
- [-1.51545991 -0.07714885 0.00000000]
- [-1.49630273 -0.12614586 0.00000000]
- [-1.47028817 -0.17220557 0.00000000]
- [-1.43911227 -0.21533792 0.00000000]
- [-1.39858200 -0.25066021 0.00000000]
- [-1.35766584 -0.28078566 0.00000000]
- [-1.32079316 -0.31484645 0.00000000]
- [-1.28248980 -0.34747293 0.00000000]
- [-1.24253183 -0.37826317 0.00000000]
- [-1.20162695 -0.40787358 0.00000000]
- [-1.15941846 -0.43559162 0.00000000]
- [-1.11628309 -0.46213517 0.00000000]
- [-1.07232130 -0.48713424 0.00000000]
- [-1.02737512 -0.51068497 0.00000000]
- [-0.98200866 -0.53317236 0.00000000]
- [-0.93562145 -0.55375831 0.00000000]
- [-0.88891850 -0.57372521 0.00000000]
- [-0.84160450 -0.59178085 0.00000000]
- [-0.79354683 -0.60879240 0.00000000]
- [-0.74379298 -0.61950310 0.00000000]
- [-0.69066929 -0.62875427 0.00000000]
- [-0.64001069 -0.64267966 0.00000000]
- [-0.58938710 -0.65515217 0.00000000]
- [-0.53806743 -0.66604239 0.00000000]
- [-0.48664588 -0.67642503 0.00000000]
- [-0.43515577 -0.68508333 0.00000000]
- [-0.38302439 -0.69264811 0.00000000]
- [-0.33106824 -0.69974165 0.00000000]
- [-0.27904745 -0.70498153 0.00000000]
- [-0.22645341 -0.70940609 0.00000000]
- [-0.17410741 -0.71333405 0.00000000]
- [-0.12180847 -0.71559027 0.00000000]
- [-0.06902713 -0.71699660 0.00000000]
- [-0.01643032 -0.71797769 0.00000000]
- [0.03595508 -0.71754829 0.00000000]
- [0.08867995 -0.71610587 0.00000000]
- [0.13451326 -0.71446989 0.00000000]
- [0.17992017 -0.71237128 0.00000000]
- [0.22574774 -0.71467886 0.00000000]
- [0.27758960 -0.71608587 0.00000000]
- [0.32874895 -0.71143994 0.00000000]
- [0.37960091 -0.70562361 0.00000000]
- [0.43055583 -0.69876373 0.00000000]
- [0.48162907 -0.69157600 0.00000000]
- [0.53230451 -0.68405150 0.00000000]
- [0.58271753 -0.67489084 0.00000000]
- [0.63341424 -0.66531470 0.00000000]
- [0.68394701 -0.65548717 0.00000000]
- [0.73410464 -0.64491666 0.00000000]
- [0.78414744 -0.63321911 0.00000000]
- [0.83433132 -0.62118229 0.00000000]
- [0.88426484 -0.60891371 0.00000000]
- [0.93383285 -0.59567086 0.00000000]
- [0.98340758 -0.58168696 0.00000000]
- [1.03303412 -0.56742564 0.00000000]
- [1.08239058 -0.55301199 0.00000000]
- [1.13138136 -0.53755919 0.00000000]
- [1.18047398 -0.52164599 0.00000000]
- [1.22954659 -0.50555460 0.00000000]
- [1.27839095 -0.48925745 0.00000000]
- [1.32698673 -0.47223295 0.00000000]
- [1.37564808 -0.45490232 0.00000000]
- [1.42428010 -0.43744427 0.00000000]
- [1.47276123 -0.41981989 0.00000000]
- [1.52109683 -0.40175508 0.00000000]
- [1.56947997 -0.38351641 0.00000000]
- [1.61786433 -0.36522308 0.00000000]
- [1.66620723 -0.34687456 0.00000000]
- [1.71451799 -0.32840336 0.00000000]
- [1.76286181 -0.30990575 0.00000000]
- [1.81124968 -0.29142566 0.00000000]
- [1.85972366 -0.27304573 0.00000000]
- [1.90826499 -0.25486328 0.00000000]
- [1.95682437 -0.23677881 0.00000000]
- [2.00646881 -0.21844336 0.00000000]
- [2.05634290 -0.20052050 0.00000000]
- [2.10630384 -0.18303926 0.00000000]
- [2.15629474 -0.16575950 0.00000000]
- [2.20655173 -0.14869938 0.00000000]
- [2.25712533 -0.13251216 0.00000000]
- [2.30767205 -0.11675691 0.00000000]
- [2.35839774 -0.10126122 0.00000000]
- [2.40950002 -0.08647167 0.00000000]
- [2.46075946 -0.07263346 0.00000000]
- [2.51202348 -0.05915368 0.00000000]
- [2.56374572 -0.04618464 0.00000000]
- [2.61580503 -0.03481925 0.00000000]
- [2.66766509 -0.02394731 0.00000000]
- [2.71993229 -0.01344154 0.00000000]
- [2.77253062 -0.00465279 0.00000000]
- [2.82492346 0.00359071 0.00000000]
- [2.87864311 0.00371102 0.00000000]
- [2.93171810 0.00226667 0.00000000]
- [2.98377610 0.00775475 0.00000000]
- [3.03601699 0.01264472 0.00000000]
- [3.08838389 0.01571456 0.00000000]
- [3.14071736 0.01829890 0.00000000]
- [3.19318316 0.01962524 0.00000000]
- [3.24560501 0.01960475 0.00000000]
- [3.29806109 0.01895101 0.00000000]
- [3.35046358 0.01656981 0.00000000]
- [3.40281794 0.01360000 0.00000000]
- [3.45509027 0.00908736 0.00000000]
- [3.50726712 0.00369883 0.00000000]
- [3.55929824 -0.00308905 0.00000000]
- [3.61114862 -0.01094962 0.00000000]
- [3.66276251 -0.01987477 0.00000000]
- [3.70509604 -0.03167756 0.00000000]
- [1.95891897 -0.18594585 0.00000000]
- [1.96101358 -0.13511290 0.00000000]
- [1.96310819 -0.08427994 0.00000000]
- [1.96520280 -0.03344699 0.00000000]
- [1.96729740 0.01738597 0.00000000]
- [1.96939201 0.06821892 0.00000000]
- [1.97148662 0.11905188 0.00000000]
- [1.97358123 0.16988483 0.00000000]
- [1.97567583 0.22071779 0.00000000]
- [1.97777044 0.27155075 0.00000000]
- [1.97986505 0.32238370 0.00000000]
- [1.98195966 0.37321666 0.00000000]
- [-0.68872476 -0.57549575 0.00000000]
- [-0.68678024 -0.52223724 0.00000000]
- [-0.68483571 -0.46897873 0.00000000]
- [-0.68289118 -0.41572022 0.00000000]
- [-0.68094665 -0.36246171 0.00000000]
- [-0.67900213 -0.30920319 0.00000000]
- [-0.67705760 -0.25594468 0.00000000]
- [-0.67511307 -0.20268617 0.00000000]
- [-0.67316854 -0.14942766 0.00000000]
- [-0.67122401 -0.09616915 0.00000000]
- [-0.66927949 -0.04291063 0.00000000]
- [-0.66733496 0.01034788 0.00000000]
- [-0.66539043 0.06360639 0.00000000]
- [-0.66344590 0.11686490 0.00000000]
- [-0.66150138 0.17012341 0.00000000]
- [-0.65955685 0.22338193 0.00000000]
- [-0.65761232 0.27664044 0.00000000]
- [-0.65566779 0.32989895 0.00000000]
- [-0.65372326 0.38315746 0.00000000]
- [-0.65177874 0.43641598 0.00000000]
- [-0.64983421 0.48967449 0.00000000]
- [-0.64788968 0.54293300 0.00000000]
- [-0.64594515 0.59619151 0.00000000]
- [0.09065743 -0.66336361 0.00000000]
- [0.09263490 -0.61062135 0.00000000]
- [0.09461238 -0.55787909 0.00000000]
- [0.09658986 -0.50513683 0.00000000]
- [0.09856734 -0.45239457 0.00000000]
- [0.10054482 -0.39965231 0.00000000]
- [0.10252230 -0.34691005 0.00000000]
- [0.10449977 -0.29416779 0.00000000]
- [0.10647725 -0.24142553 0.00000000]
- [0.10845473 -0.18868327 0.00000000]
- [0.11043221 -0.13594101 0.00000000]
- [0.11240969 -0.08319874 0.00000000]
- [0.11438716 -0.03045648 0.00000000]
- [0.11636464 0.02228578 0.00000000]
- [0.11834212 0.07502804 0.00000000]
- [0.12031960 0.12777030 0.00000000]
- [0.12229708 0.18051256 0.00000000]
- [0.12427456 0.23325482 0.00000000]
- [0.12625203 0.28599708 0.00000000]
- [0.12822951 0.33873934 0.00000000]
- [0.13020699 0.39148160 0.00000000]
- [0.13218447 0.44422386 0.00000000]
- [0.13416195 0.49696612 0.00000000]
- [0.13613942 0.54970838 0.00000000]
- [0.13811690 0.60245064 0.00000000]
- [0.14009438 0.65519290 0.00000000]
elements:
- [1 2]
- [2 3]
- [3 4]
- [4 5]
- [5 6]
- [6 7]
- [7 8]
- [8 9]
- [9 10]
- [10 11]
- [11 12]
- [12 13]
- [13 14]
- [14 15]
- [15 16]
- [16 17]
- [17 18]
- [18 19]
- [19 20]
- [20 21]
- [21 22]
- [22 23]
- [23 24]
- [24 25]
- [25 26]
- [26 27]
- [27 28]
- [28 29]
- [29 30]
- [30 31]
- [31 32]
- [32 33]
- [33 34]
- [34 35]
- [35 36]
- [36 37]
- [37 38]
- [38 39]
- [39 40]
- [40 41]
- [41 42]
- [42 43]
- [43 44]
- [44 45]
- [45 46]
- [46 47]
- [47 48]
- [48 49]
- [49 50]
- [50 51]
- [51 52]
- [52 53]
- [53 54]
- [54 55]
- [55 56]
- [56 57]
- [57 58]
- [58 59]
- [59 60]
- [60 61]
- [61 62]
- [62 63]
- [63 64]
- [64 65]
- [65 66]
- [66 67]
- [67 68]
- [68 69]
- [69 70]
- [70 71]
- [71 72]
- [72 73]
- [73 74]
- [74 75]
- [75 76]
- [76 77]
- [77 78]
- [78 79]
- [79 80]
- [80 81]
- [81 82]
- [82 83]
- [83 84]
- [84 85]
- [85 86]
- [86 87]
- [87 88]
- [88 89]
- [89 90]
- [90 91]
- [91 92]
- [92 93]
- [93 94]
- [94 95]
- [95 96]
- [96 97]
- [97 98]
- [98 99]
- [99 100]
- [100 101]
- [101 102]
- [102 103]
- [103 104]
- [104 105]
- [105 106]
- [106 107]
- [107 108]
- [108 109]
- [109 110]
- [110 111]
- [111 112]
- [112 113]
- [113 114]
- [114 115]
- [115 116]
- [116 117]
- [117 118]
- [118 119]
- [119 120]
- [120 121]
- [121 122]
- [122 123]
- [123 124]
- [124 125]
- [125 126]
- [126 127]
- [127 128]
- [128 129]
- [129 130]
- [130 131]
- [131 132]
- [132 133]
- [133 134]
- [134 135]
- [135 136]
- [136 137]
- [137 138]
- [138 139]
- [139 140]
- [140 141]
- [141 142]
- [142 143]
- [143 144]
- [144 145]
- [145 146]
- [146 147]
- [147 148]
- [148 149]
- [149 150]
- [150 151]
- [151 152]
- [152 153]
- [153 154]
- [154 155]
- [155 156]
- [156 157]
- [157 158]
- [158 159]
- [159 160]
- [160 161]
- [161 162]
- [162 163]
- [163 164]
- [164 165]
- [165 166]
- [166 167]
- [167 168]
- [168 169]
- [169 170]
- [170 171]
- [171 172]
- [172 173]
- [173 174]
- [174 175]
- [175 176]
- [176 177]
- [177 178]
- [178 179]
- [179 180]
- [180 181]
- [181 182]
- [182 183]
- [183 184]
- [184 185]
- [185 186]
- [186 187]
- [187 188]
- [188 189]
- [189 190]
- [190 191]
- [191 192]
- [192 193]
- [193 194]
- [194 195]
- [195 196]
- [196 197]
- [197 198]
- [198 199]
- [199 200]
- [200 201]
- [201 202]
- [202 203]
- [203 204]
- [204 205]
- [205 206]
- [206 207]
- [207 208]
- [208 209]
- [209 210]
- [210 211]
- [211 212]
- [212 213]
- [213 214]
- [214 215]
- [215 216]
- [216 217]
- [217 1]
- [183 218]
- [218 219]
- [219 220]
- [220 221]
- [221 222]
- [222 223]
- [223 224]
- [224 225]
- [225 226]
- [226 227]
- [227 228]
- [228 229]
- [229 35]
- [130 230]
- [230 231]
- [231 232]
- [232 233]
- [233 234]
- [234 235]
- [235 236]
- [236 237]
- [237 238]
- [238 239]
- [239 240]
- [240 241]
- [241 242]
- [242 243]
- [243 244]
- [244 245]
- [245 246]
- [246 247]
- [247 248]
- [248 249]
- [249 250]
- [250 251]
- [251 252]
- [252 86]
- [145 253]
- [253 254]
- [254 255]
- [255 256]
- [256 257]
- [257 258]
- [258 259]
- [259 260]
- [260 261]
- [261 262]
- [262 263]
- [263 264]
- [264 265]
- [265 266]
- [266 267]
- [267 268]
- [268 269]
- [269 270]
- [270 271]
- [271 272]
- [272 273]
- [273 274]
- [274 275]
- [275 276]
- [276 277]
- [277 278]
- [278 71]
sets:
  element:
  - name: layup_0
    labels:
    - 1
    - 2
    - 3
    - 4
    - 5
    - 6
    - 7
    - 8
    - 9
    - 10
    - 11
    - 12
    - 13
    - 14
    - 15
    - 16
    - 201
    - 202
    - 203
    - 204
    - 205
    - 206
    - 207
    - 208
    - 209
    - 210
    - 211
    - 212
    - 213
    - 214
    - 215
    - 216
    - 217
  - name: layup_1
    labels:
    - 17
    - 18
    - 19
    - 20
    - 21
    - 22
    - 23
    - 24
    - 25
    - 26
    - 27
    - 28
    - 29
    - 30
    - 31
    - 32
    - 33
    - 34
    - 35
    - 36
    - 37
    - 38
    - 39
    - 40
    - 41
    - 42
    - 43
    - 44
    - 45
    - 46
    - 47
    - 48
    - 49
    - 50
    - 51
    - 52
    - 53
    - 54
    - 55
    - 56
    - 57
    - 58
    - 59
    - 60
    - 61
    - 62
    - 63
    - 64
    - 65
    - 66
    - 67
    - 68
    - 88
    - 89
    - 90
    - 91
    - 92
    - 93
    - 94
    - 95
    - 96
    - 97
    - 98
    - 99
    - 100
    - 101
    - 102
    - 114
    - 115
    - 116
    - 117
    - 118
    - 119
    - 120
    - 121
    - 122
    - 123
    - 124
    - 125
    - 126
    - 127
    - 128
    - 148
    - 149
    - 150
    - 151
    - 152
    - 153
    - 154
    - 155
    - 156
    - 157
    - 158
    - 159
    - 160
    - 161
    - 162
    - 163
    - 164
    - 165
    - 166
    - 167
    - 168
    - 169
    - 170
    - 171
    - 172
    - 173
    - 174
    - 175
    - 176
    - 177
    - 178
    - 179
    - 180
    - 181
    - 182
    - 183
    - 184
    - 185
    - 186
    - 187
    - 188
    - 189
    - 190
    - 191
    - 192
    - 193
    - 194
    - 195
    - 196
    - 197
    - 198
    - 199
    - 200
  - name: layup_2
    labels:
    - 69
    - 70
    - 71
    - 72
    - 73
    - 74
    - 75
    - 76
    - 77
    - 78
    - 79
    - 80
    - 81
    - 82
    - 83
    - 84
    - 85
    - 86
    - 87
  - name: layup_3
    labels:
    - 103
    - 104
    - 105
    - 106
    - 107
    - 108
    - 109
    - 110
    - 111
    - 112
    - 113
  - name: layup_4
    labels:
    - 129
    - 130
    - 131
    - 132
    - 133
    - 134
    - 135
    - 136
    - 137
    - 138
    - 139
    - 140
    - 141
    - 142
    - 143
    - 144
    - 145
    - 146
    - 147
  - name: layup_5
    labels:
    - 218
    - 219
    - 220
    - 221
    - 222
    - 223
    - 224
    - 225
    - 226
    - 227
    - 228
    - 229
    - 230
    - 231
    - 232
    - 233
    - 234
    - 235
    - 236
    - 237
    - 238
    - 239
    - 240
    - 241
    - 242
    - 243
    - 244
    - 245
    - 246
    - 247
    - 248
    - 249
    - 250
    - 251
    - 252
    - 253
    - 254
    - 255
    - 256
    - 257
    - 258
    - 259
    - 260
    - 261
    - 262
    - 263
    - 264
    - 265
    - 266
    - 267
    - 268
    - 269
    - 270
    - 271
    - 272
    - 273
    - 274
    - 275
    - 276
    - 277
    - 278
    - 279
    - 280
    - 281
sections:
- type: shell
  elementSet: layup_0
  layup:
  - - gelcoat
    - 0.0005
    - 0.0
  - - glass_triax
    - 0.003
    - 0.0
  - - glass_uniax
    - 0.01563314
    - 0.0
  - - glass_triax
    - 0.003
    - 0.0
- type: shell
  elementSet: layup_1
  layup:
  - - gelcoat
    - 0.0005
    - 0.0
  - - glass_triax
    - 0.003
    - 0.0
  - - medium_density_foam
    - 0.04625
    - 0.0
  - - glass_triax
    - 0.003
    - 0.0
- type: shell
  elementSet: layup_2
  layup:
  - - gelcoat
    - 0.0005
    - 0.0
  - - glass_triax
    - 0.003
    - 0.0
  - - carbon_uniax
    - 0.07072026
    - 0.0
  - - glass_triax
    - 0.003
    - 0.0
- type: shell
  elementSet: layup_3
  layup:
  - - gelcoat
    - 0.0005
    - 0.0
  - - glass_triax
    - 0.003
    - 0.0
  - - glass_uniax
    - 0.01242899
    - 0.0
  - - glass_triax
    - 0.003
    - 0.0
- type: shell
  elementSet: layup_4
  layup:
  - - gelcoat
    - 0.0005
    - 0.0
  - - glass_triax
    - 0.003
    - 0.0
  - - carbon_uniax
    - 0.06936772
    - 0.0
  - - glass_triax
    - 0.003
    - 0.0
- type: shell
  elementSet: layup_5
  layup:
  - - glass_biax
    - 0.002
    - 0.0
  - - medium_density_foam
    - 0.0316
    - 0.0
  - - glass_biax
    - 0.002
    - 0.0
elementOrientations:
- [0.0, 0.0, 1.0, -0.985094062641228, 0.17201653335944223, 0.0, -0.17201653335944223,
  -0.985094062641228, 0.0]
- [0.0, 0.0, 1.0, -0.9747240562634859, 0.22341220678659615, 0.0, -0.22341220678659615,
  -0.9747240562634859, 0.0]
- [0.0, 0.0, 1.0, -0.9750547688102608, 0.2219644066519879, 0.0, -0.2219644066519879,
  -0.9750547688102608, 0.0]
- [0.0, 0.0, 1.0, -0.9750748615224213, 0.2218761240580674, 0.0, -0.2218761240580674,
  -0.9750748615224213, 0.0]
- [0.0, 0.0, 1.0, -0.9751821862472424, 0.221403937693187, 0.0, -0.221403937693187,
  -0.9751821862472424, 0.0]
- [0.0, 0.0, 1.0, -0.9750958163932254, 0.22178401396951333, 0.0, -0.22178401396951333,
  -0.9750958163932254, 0.0]
- [0.0, 0.0, 1.0, -0.9746315050081722, 0.22381561483843232, 0.0, -0.22381561483843232,
  -0.9746315050081722, 0.0]
- [0.0, 0.0, 1.0, -0.9744894674767619, 0.22443323679182872, 0.0, -0.22443323679182872,
  -0.9744894674767619, 0.0]
- [0.0, 0.0, 1.0, -0.9736914733913437, 0.22787039001369672, 0.0, -0.22787039001369672,
  -0.9736914733913437, 0.0]
- [0.0, 0.0, 1.0, -0.9734710477028842, 0.22881022548008903, 0.0, -0.22881022548008903,
  -0.9734710477028842, 0.0]
- [0.0, 0.0, 1.0, -0.9732484724523128, 0.22975511064879445, 0.0, -0.22975511064879445,
  -0.9732484724523128, 0.0]
- [0.0, 0.0, 1.0, -0.9728355795432531, 0.2314971601872101, 0.0, -0.2314971601872101,
  -0.9728355795432531, 0.0]
- [0.0, 0.0, 1.0, -0.9727693375654614, 0.23177535652535086, 0.0, -0.23177535652535086,
  -0.9727693375654614, 0.0]
- [0.0, 0.0, 1.0, -0.9724105867967471, 0.23327591107014461, 0.0, -0.23327591107014461,
  -0.9724105867967471, 0.0]
- [0.0, 0.0, 1.0, -0.9721758150246338, 0.23425239525176442, 0.0, -0.23425239525176442,
  -0.9721758150246338, 0.0]
- [0.0, 0.0, 1.0, -0.9958274872237417, 0.09125577071971212, 0.0, -0.09125577071971212,
  -0.9958274872237417, 0.0]
- [0.0, 0.0, 1.0, -0.9958508812113885, 0.0910001230246474, 0.0, -0.0910001230246474,
  -0.9958508812113885, 0.0]
- [0.0, 0.0, 1.0, -0.9718598517876912, 0.2355598193309019, 0.0, -0.2355598193309019,
  -0.9718598517876912, 0.0]
- [0.0, 0.0, 1.0, -0.9717832474527454, 0.23587564513996834, 0.0, -0.23587564513996834,
  -0.9717832474527454, 0.0]
- [0.0, 0.0, 1.0, -0.9717525690314734, 0.23600200122187778, 0.0, -0.23600200122187778,
  -0.9717525690314734, 0.0]
- [0.0, 0.0, 1.0, -0.9717790611040178, 0.23589289179581863, 0.0, -0.23589289179581863,
  -0.9717790611040178, 0.0]
- [0.0, 0.0, 1.0, -0.9717780564421369, 0.23589703053990105, 0.0, -0.23589703053990105,
  -0.9717780564421369, 0.0]
- [0.0, 0.0, 1.0, -0.9718941958554043, 0.23541807930271036, 0.0, -0.23541807930271036,
  -0.9718941958554043, 0.0]
- [0.0, 0.0, 1.0, -0.9719737774713006, 0.23508929347839452, 0.0, -0.23508929347839452,
  -0.9719737774713006, 0.0]
- [0.0, 0.0, 1.0, -0.9719819485910813, 0.2350555075148946, 0.0, -0.2350555075148946,
  -0.9719819485910813, 0.0]
- [0.0, 0.0, 1.0, -0.9721035590664422, 0.23455206341099655, 0.0, -0.23455206341099655,
  -0.9721035590664422, 0.0]
- [0.0, 0.0, 1.0, -0.9724380422280261, 0.23316143340553458, 0.0, -0.23316143340553458,
  -0.9724380422280261, 0.0]
- [0.0, 0.0, 1.0, -0.9725678903094983, 0.23261921403644098, 0.0, -0.23261921403644098,
  -0.9725678903094983, 0.0]
- [0.0, 0.0, 1.0, -0.9726502962545548, 0.23227440925751314, 0.0, -0.23227440925751314,
  -0.9726502962545548, 0.0]
- [0.0, 0.0, 1.0, -0.9730705952397996, 0.23050730287707216, 0.0, -0.23050730287707216,
  -0.9730705952397996, 0.0]
- [0.0, 0.0, 1.0, -0.9735070617002781, 0.22865695007956977, 0.0, -0.22865695007956977,
  -0.9735070617002781, 0.0]
- [0.0, 0.0, 1.0, -0.9735739175759254, 0.22837212399035253, 0.0, -0.22837212399035253,
  -0.9735739175759254, 0.0]
- [0.0, 0.0, 1.0, -0.9738932714279063, 0.22700637847305163, 0.0, -0.22700637847305163,
  -0.9738932714279063, 0.0]
- [0.0, 0.0, 1.0, -0.9746347897400146, 0.22380131060482517, 0.0, -0.22380131060482517,
  -0.9746347897400146, 0.0]
- [0.0, 0.0, 1.0, -0.974846337938937, 0.22287803258070008, 0.0, -0.22287803258070008,
  -0.974846337938937, 0.0]
- [0.0, 0.0, 1.0, -0.9750627350804631, 0.22192940917644619, 0.0, -0.22192940917644619,
  -0.9750627350804631, 0.0]
- [0.0, 0.0, 1.0, -0.9755858982277796, 0.2196182032052363, 0.0, -0.2196182032052363,
  -0.9755858982277796, 0.0]
- [0.0, 0.0, 1.0, -0.9764167455180961, 0.2158942775338185, 0.0, -0.2158942775338185,
  -0.9764167455180961, 0.0]
- [0.0, 0.0, 1.0, -0.976614933964111, 0.21499597847000534, 0.0, -0.21499597847000534,
  -0.976614933964111, 0.0]
- [0.0, 0.0, 1.0, -0.976821347820025, 0.2140561945916764, 0.0, -0.2140561945916764,
  -0.976821347820025, 0.0]
- [0.0, 0.0, 1.0, -0.9778753587347345, 0.209188390642058, 0.0, -0.209188390642058,
  -0.9778753587347345, 0.0]
- [0.0, 0.0, 1.0, -0.9783410260690166, 0.20699960557987512, 0.0, -0.20699960557987512,
  -0.9783410260690166, 0.0]
- [0.0, 0.0, 1.0, -0.9786200651035766, 0.20567636756971291, 0.0, -0.20567636756971291,
  -0.9786200651035766, 0.0]
- [0.0, 0.0, 1.0, -0.9790202031434927, 0.20376320039907644, 0.0, -0.20376320039907644,
  -0.9790202031434927, 0.0]
- [0.0, 0.0, 1.0, -0.9804158373210078, 0.19693853338071554, 0.0, -0.19693853338071554,
  -0.9804158373210078, 0.0]
- [0.0, 0.0, 1.0, -0.9806970762631453, 0.19553323146953475, 0.0, -0.19553323146953475,
  -0.9806970762631453, 0.0]
- [0.0, 0.0, 1.0, -0.9809828260364649, 0.1940945517563818, 0.0, -0.1940945517563818,
  -0.9809828260364649, 0.0]
- [0.0, 0.0, 1.0, -0.9817342385203146, 0.19025741750832803, 0.0, -0.19025741750832803,
  -0.9817342385203146, 0.0]
- [0.0, 0.0, 1.0, -0.9829508413213903, 0.1838685496368834, 0.0, -0.1838685496368834,
  -0.9829508413213903, 0.0]
- [0.0, 0.0, 1.0, -0.9833148484772428, 0.18191181590038893, 0.0, -0.18191181590038893,
  -0.9833148484772428, 0.0]
- [0.0, 0.0, 1.0, -0.9836093193745162, 0.1803128027612043, 0.0, -0.1803128027612043,
  -0.9836093193745162, 0.0]
- [0.0, 0.0, 1.0, -0.9849024246384412, 0.17311040968503205, 0.0, -0.17311040968503205,
  -0.9849024246384412, 0.0]
- [0.0, 0.0, 1.0, -0.9858673992758896, 0.1675275232461632, 0.0, -0.1675275232461632,
  -0.9858673992758896, 0.0]
- [0.0, 0.0, 1.0, -0.9862196995224879, 0.16544093892919512, 0.0, -0.16544093892919512,
  -0.9862196995224879, 0.0]
- [0.0, 0.0, 1.0, -0.9867107241606804, 0.16248675892609096, 0.0, -0.16248675892609096,
  -0.9867107241606804, 0.0]
- [0.0, 0.0, 1.0, -0.9885276642611475, 0.15103991853281745, 0.0, -0.15103991853281745,
  -0.9885276642611475, 0.0]
- [0.0, 0.0, 1.0, -0.9891490034202406, 0.14691578891577567, 0.0, -0.14691578891577567,
  -0.9891490034202406, 0.0]
- [0.0, 0.0, 1.0, -0.9895311291670782, 0.14431959121798807, 0.0, -0.14431959121798807,
  -0.9895311291670782, 0.0]
- [0.0, 0.0, 1.0, -0.9904608533619168, 0.13779440466718307, 0.0, -0.13779440466718307,
  -0.9904608533619168, 0.0]
- [0.0, 0.0, 1.0, -0.9920311450469474, 0.12599288573900605, 0.0, -0.12599288573900605,
  -0.9920311450469474, 0.0]
- [0.0, 0.0, 1.0, -0.9924201047014714, 0.12289156107854125, 0.0, -0.12289156107854125,
  -0.9924201047014714, 0.0]
- [0.0, 0.0, 1.0, -0.9928462857404992, 0.11939955147024395, 0.0, -0.11939955147024395,
  -0.9928462857404992, 0.0]
- [0.0, 0.0, 1.0, -0.99437497037996, 0.10591703489927284, 0.0, -0.10591703489927284,
  -0.99437497037996, 0.0]
- [0.0, 0.0, 1.0, -0.9952253802177033, 0.09760349671260729, 0.0, -0.09760349671260729,
  -0.9952253802177033, 0.0]
- [0.0, 0.0, 1.0, -0.9955495266529618, 0.09423980040865847, 0.0, -0.09423980040865847,
  -0.9955495266529618, 0.0]
- [0.0, 0.0, 1.0, -0.9962929566188192, 0.08602525554586714, 0.0, -0.08602525554586714,
  -0.9962929566188192, 0.0]
- [0.0, 0.0, 1.0, -0.9976205135229462, 0.0689442600817, 0.0, -0.0689442600817, -0.9976205135229462,
  0.0]
- [0.0, 0.0, 1.0, -0.9986375955059392, -0.05218192064418355, 0.0, 0.05218192064418355,
  -0.9986375955059392, 0.0]
- [0.0, 0.0, 1.0, -0.9979315094373125, -0.0642860985918972, 0.0, 0.0642860985918972,
  -0.9979315094373125, 0.0]
- [0.0, 0.0, 1.0, -0.9991824634831361, 0.040427770996823056, 0.0, -0.040427770996823056,
  -0.9991824634831361, 0.0]
- [0.0, 0.0, 1.0, -0.9995290421877456, 0.03068703021225239, 0.0, -0.03068703021225239,
  -0.9995290421877456, 0.0]
- [0.0, 0.0, 1.0, -0.9996655095116366, 0.02586250360734977, 0.0, -0.02586250360734977,
  -0.9996655095116366, 0.0]
- [0.0, 0.0, 1.0, -0.999958463153668, 0.009114382445025503, 0.0, -0.009114382445025503,
  -0.999958463153668, 0.0]
- [0.0, 0.0, 1.0, -0.9999554222334051, -0.009442115547515393, 0.0, 0.009442115547515393,
  -0.9999554222334051, 0.0]
- [0.0, 0.0, 1.0, -0.9998721468390493, -0.015990308798470233, 0.0, 0.015990308798470233,
  -0.9998721468390493, 0.0]
- [0.0, 0.0, 1.0, -0.9995113846458471, -0.03125687065817124, 0.0, 0.03125687065817124,
  -0.9995113846458471, 0.0]
- [0.0, 0.0, 1.0, -0.9984360882511676, -0.05590507738753791, 0.0, 0.05590507738753791,
  -0.9984360882511676, 0.0]
- [0.0, 0.0, 1.0, -0.997985319679849, -0.06344526541444712, 0.0, 0.06344526541444712,
  -0.997985319679849, 0.0]
- [0.0, 0.0, 1.0, -0.9967462966937368, -0.08060285371698311, 0.0, 0.08060285371698311,
  -0.9967462966937368, 0.0]
- [0.0, 0.0, 1.0, -0.9941342550593106, -0.1081530532054898, 0.0, 0.1081530532054898,
  -0.9941342550593106, 0.0]
- [0.0, 0.0, 1.0, -0.9932484525999385, -0.11600651450598677, 0.0, 0.11600651450598677,
  -0.9932484525999385, 0.0]
- [0.0, 0.0, 1.0, -0.9901587008631952, -0.13994908754582674, 0.0, 0.13994908754582674,
  -0.9901587008631952, 0.0]
- [0.0, 0.0, 1.0, -0.9858287521664575, -0.1677547954662561, 0.0, 0.1677547954662561,
  -0.9858287521664575, 0.0]
- [0.0, 0.0, 1.0, -0.9840032917190854, -0.17815027893889085, 0.0, 0.17815027893889085,
  -0.9840032917190854, 0.0]
- [0.0, 0.0, 1.0, -0.9771355135123306, -0.21261746925639452, 0.0, 0.21261746925639452,
  -0.9771355135123306, 0.0]
- [0.0, 0.0, 1.0, -0.9723978438406722, -0.23332902368546338, 0.0, 0.23332902368546338,
  -0.9723978438406722, 0.0]
- [0.0, 0.0, 1.0, -0.9935558505109717, -0.1133436011225146, 0.0, 0.1133436011225146,
  -0.9935558505109717, 0.0]
- [0.0, 0.0, 1.0, -0.9857499890388799, -0.16821700006196744, 0.0, 0.16821700006196744,
  -0.9857499890388799, 0.0]
- [0.0, 0.0, 1.0, -0.9533476830311479, -0.3018744693728536, 0.0, 0.3018744693728536,
  -0.9533476830311479, 0.0]
- [0.0, 0.0, 1.0, -0.945062190700183, -0.3268905867549123, 0.0, 0.3268905867549123,
  -0.945062190700183, 0.0]
- [0.0, 0.0, 1.0, -0.9313750481511217, -0.364061148272506, 0.0, 0.364061148272506,
  -0.9313750481511217, 0.0]
- [0.0, 0.0, 1.0, -0.9249145509789298, -0.38017505624047016, 0.0, 0.38017505624047016,
  -0.9249145509789298, 0.0]
- [0.0, 0.0, 1.0, -0.9051079965350132, -0.4251817430327585, 0.0, 0.4251817430327585,
  -0.9051079965350132, 0.0]
- [0.0, 0.0, 1.0, -0.896416988486828, -0.4432116681137873, 0.0, 0.4432116681137873,
  -0.896416988486828, 0.0]
- [0.0, 0.0, 1.0, -0.8739433661401308, -0.4860277695560793, 0.0, 0.4860277695560793,
  -0.8739433661401308, 0.0]
- [0.0, 0.0, 1.0, -0.858820215552406, -0.5122771099302788, 0.0, 0.5122771099302788,
  -0.858820215552406, 0.0]
- [0.0, 0.0, 1.0, -0.8339086181073694, -0.5519025427068238, 0.0, 0.5519025427068238,
  -0.8339086181073694, 0.0]
- [0.0, 0.0, 1.0, -0.8122684545984542, -0.5832837711305187, 0.0, 0.5832837711305187,
  -0.8122684545984542, 0.0]
- [0.0, 0.0, 1.0, -0.7763010341016577, -0.6303623596414183, 0.0, 0.6303623596414183,
  -0.7763010341016577, 0.0]
- [0.0, 0.0, 1.0, -0.7506020183113093, -0.6607545763042347, 0.0, 0.6607545763042347,
  -0.7506020183113093, 0.0]
- [0.0, 0.0, 1.0, -0.6975836546445918, -0.7165033459605717, 0.0, 0.7165033459605717,
  -0.6975836546445918, 0.0]
- [0.0, 0.0, 1.0, -0.7758470829793123, -0.6309209965062916, 0.0, 0.6309209965062916,
  -0.7758470829793123, 0.0]
- [0.0, 0.0, 1.0, -0.7205770525556152, -0.6933748707086679, 0.0, 0.6933748707086679,
  -0.7205770525556152, 0.0]
- [0.0, 0.0, 1.0, -0.5250534209218216, -0.8510692716684656, 0.0, 0.8510692716684656,
  -0.5250534209218216, 0.0]
- [0.0, 0.0, 1.0, -0.4403827477996705, -0.8978101332912275, 0.0, 0.8978101332912275,
  -0.4403827477996705, 0.0]
- [0.0, 0.0, 1.0, -0.31250211545011325, -0.9499170636635622, 0.0, 0.9499170636635622,
  -0.31250211545011325, 0.0]
- [0.0, 0.0, 1.0, -0.16114287392199358, -0.9869310888730582, 0.0, 0.9869310888730582,
  -0.16114287392199358, 0.0]
- [0.0, 0.0, 1.0, -0.0002998154026987139, -0.9999999550553612, 0.0, 0.9999999550553612,
  -0.0002998154026987139, 0.0]
- [0.0, 0.0, 1.0, 0.20044946494179033, -0.9797040430683901, 0.0, 0.9797040430683901,
  0.20044946494179033, 0.0]
- [0.0, 0.0, 1.0, 0.36414281538916693, -0.9313431215188369, 0.0, 0.9313431215188369,
  0.36414281538916693, 0.0]
- [0.0, 0.0, 1.0, 0.4917823998656323, -0.8707181353241699, 0.0, 0.8707181353241699,
  0.4917823998656323, 0.0]
- [0.0, 0.0, 1.0, 0.5857962153590517, -0.810458385156827, 0.0, 0.810458385156827,
  0.5857962153590517, 0.0]
- [0.0, 0.0, 1.0, 0.753881346309326, -0.6570105902394863, 0.0, 0.6570105902394863,
  0.753881346309326, 0.0]
- [0.0, 0.0, 1.0, 0.8052747175989352, -0.5929018714728054, 0.0, 0.5929018714728054,
  0.8052747175989352, 0.0]
- [0.0, 0.0, 1.0, 0.7345604202424015, -0.6785432845539823, 0.0, 0.6785432845539823,
  0.7345604202424015, 0.0]
- [0.0, 0.0, 1.0, 0.7612660206556314, -0.6484397009708304, 0.0, 0.6484397009708304,
  0.7612660206556314, 0.0]
- [0.0, 0.0, 1.0, 0.7921126688333984, -0.610374901084269, 0.0, 0.610374901084269,
  0.7921126688333984, 0.0]
- [0.0, 0.0, 1.0, 0.810039592947496, -0.5863751852333582, 0.0, 0.5863751852333582,
  0.810039592947496, 0.0]
- [0.0, 0.0, 1.0, 0.8358777644633633, -0.548915624550559, 0.0, 0.548915624550559,
  0.8358777644633633, 0.0]
- [0.0, 0.0, 1.0, 0.8516698138996976, -0.5240787422630823, 0.0, 0.5240787422630823,
  0.8516698138996976, 0.0]
- [0.0, 0.0, 1.0, 0.8692799456249691, -0.49432011504110424, 0.0, 0.49432011504110424,
  0.8692799456249691, 0.0]
- [0.0, 0.0, 1.0, 0.8857709164472644, -0.46412270314667153, 0.0, 0.46412270314667153,
  0.8857709164472644, 0.0]
- [0.0, 0.0, 1.0, 0.8959689217791222, -0.44411675402528666, 0.0, 0.44411675402528666,
  0.8959689217791222, 0.0]
- [0.0, 0.0, 1.0, 0.9140350795006422, -0.40563514818399876, 0.0, 0.40563514818399876,
  0.9140350795006422, 0.0]
- [0.0, 0.0, 1.0, 0.9194914504314892, -0.393110000614836, 0.0, 0.393110000614836,
  0.9194914504314892, 0.0]
- [0.0, 0.0, 1.0, 0.9342822641603971, -0.35653422118405664, 0.0, 0.35653422118405664,
  0.9342822641603971, 0.0]
- [0.0, 0.0, 1.0, 0.9426819728241712, -0.3336925203122304, 0.0, 0.3336925203122304,
  0.9426819728241712, 0.0]
- [0.0, 0.0, 1.0, 0.977604088233992, -0.21045248078410744, 0.0, 0.21045248078410744,
  0.977604088233992, 0.0]
- [0.0, 0.0, 1.0, 0.985173332150205, -0.17156195854577358, 0.0, 0.17156195854577358,
  0.985173332150205, 0.0]
- [0.0, 0.0, 1.0, 0.9642332361745717, -0.2650552135995682, 0.0, 0.2650552135995682,
  0.9642332361745717, 0.0]
- [0.0, 0.0, 1.0, 0.9709644592836603, -0.2392237839513233, 0.0, 0.2392237839513233,
  0.9709644592836603, 0.0]
- [0.0, 0.0, 1.0, 0.978217780639791, -0.2075812458777569, 0.0, 0.2075812458777569,
  0.978217780639791, 0.0]
- [0.0, 0.0, 1.0, 0.9802185423774192, -0.19791818809671718, 0.0, 0.19791818809671718,
  0.9802185423774192, 0.0]
- [0.0, 0.0, 1.0, 0.986154949955495, -0.16582645952403113, 0.0, 0.16582645952403113,
  0.986154949955495, 0.0]
- [0.0, 0.0, 1.0, 0.9896349589688934, -0.14360587727052398, 0.0, 0.14360587727052398,
  0.9896349589688934, 0.0]
- [0.0, 0.0, 1.0, 0.9908081669623177, -0.13527444799655253, 0.0, 0.13527444799655253,
  0.9908081669623177, 0.0]
- [0.0, 0.0, 1.0, 0.9949653558911894, -0.10021946206360807, 0.0, 0.10021946206360807,
  0.9949653558911894, 0.0]
- [0.0, 0.0, 1.0, 0.996480030818685, -0.08383047285798025, 0.0, 0.08383047285798025,
  0.996480030818685, 0.0]
- [0.0, 0.0, 1.0, 0.9971964517189704, -0.07482804740934518, 0.0, 0.07482804740934518,
  0.9971964517189704, 0.0]
- [0.0, 0.0, 1.0, 0.9990707290090166, -0.0431007939299502, 0.0, 0.0431007939299502,
  0.9990707290090166, 0.0]
- [0.0, 0.0, 1.0, 0.9996452244882674, -0.02663503628308705, 0.0, 0.02663503628308705,
  0.9996452244882674, 0.0]
- [0.0, 0.0, 1.0, 0.9998260777672037, -0.01864977792494433, 0.0, 0.01864977792494433,
  0.9998260777672037, 0.0]
- [0.0, 0.0, 1.0, 0.9999664073943118, 0.008196589712384458, 0.0, -0.008196589712384458,
  0.9999664073943118, 0.0]
- [0.0, 0.0, 1.0, 0.999625992039898, 0.027347322323215028, 0.0, -0.027347322323215028,
  0.999625992039898, 0.0]
- [0.0, 0.0, 1.0, 0.9993635744851389, 0.03567136095366027, 0.0, -0.03567136095366027,
  0.9993635744851389, 0.0]
- [0.0, 0.0, 1.0, 0.9989336609453981, 0.046168615208001036, 0.0, -0.046168615208001036,
  0.9989336609453981, 0.0]
- [0.0, 0.0, 1.0, 0.9987346637264876, -0.05028987443949185, 0.0, 0.05028987443949185,
  0.9987346637264876, 0.0]
- [0.0, 0.0, 1.0, 0.9996319029505001, -0.027130399988981223, 0.0, 0.027130399988981223,
  0.9996319029505001, 0.0]
- [0.0, 0.0, 1.0, 0.9959018379939494, 0.09044074900327484, 0.0, -0.09044074900327484,
  0.9959018379939494, 0.0]
- [0.0, 0.0, 1.0, 0.9935223625963808, 0.11363676790944714, 0.0, -0.11363676790944714,
  0.9935223625963808, 0.0]
- [0.0, 0.0, 1.0, 0.9910592111219864, 0.13342278684792241, 0.0, -0.13342278684792241,
  0.9910592111219864, 0.0]
- [0.0, 0.0, 1.0, 0.9902416996323343, 0.1393605981232351, 0.0, -0.1393605981232351,
  0.9902416996323343, 0.0]
- [0.0, 0.0, 1.0, 0.9891552420934988, 0.1468737792764646, 0.0, -0.1468737792764646,
  0.9891552420934988, 0.0]
- [0.0, 0.0, 1.0, 0.9838882404019275, 0.1787845921739316, 0.0, -0.1787845921739316,
  0.9838882404019275, 0.0]
- [0.0, 0.0, 1.0, 0.9826237652296199, 0.18560855585334662, 0.0, -0.18560855585334662,
  0.9826237652296199, 0.0]
- [0.0, 0.0, 1.0, 0.9816091830319656, 0.1909015761781893, 0.0, -0.1909015761781893,
  0.9816091830319656, 0.0]
- [0.0, 0.0, 1.0, 0.9785064716211926, 0.20621611235653736, 0.0, -0.20621611235653736,
  0.9785064716211926, 0.0]
- [0.0, 0.0, 1.0, 0.9737511164937142, 0.2276153842060008, 0.0, -0.2276153842060008,
  0.9737511164937142, 0.0]
- [0.0, 0.0, 1.0, 0.9724194395601513, 0.23323900524037836, 0.0, -0.23323900524037836,
  0.9724194395601513, 0.0]
- [0.0, 0.0, 1.0, 0.9711174764784419, 0.23860185849683302, 0.0, -0.23860185849683302,
  0.9711174764784419, 0.0]
- [0.0, 0.0, 1.0, 0.9661149052080878, 0.25811235912828256, 0.0, -0.25811235912828256,
  0.9661149052080878, 0.0]
- [0.0, 0.0, 1.0, 0.962443183887443, 0.27148318141019645, 0.0, -0.27148318141019645,
  0.962443183887443, 0.0]
- [0.0, 0.0, 1.0, 0.9611017556728333, 0.27619452428061875, 0.0, -0.27619452428061875,
  0.9611017556728333, 0.0]
- [0.0, 0.0, 1.0, 0.9599057565278015, 0.2803229184080192, 0.0, -0.2803229184080192,
  0.9599057565278015, 0.0]
- [0.0, 0.0, 1.0, 0.9536830961908006, 0.3008131513746167, 0.0, -0.3008131513746167,
  0.9536830961908006, 0.0]
- [0.0, 0.0, 1.0, 0.9512724549672353, 0.3083516116718207, 0.0, -0.3083516116718207,
  0.9512724549672353, 0.0]
- [0.0, 0.0, 1.0, 0.9502180229848742, 0.3115857968436897, 0.0, -0.3115857968436897,
  0.9502180229848742, 0.0]
- [0.0, 0.0, 1.0, 0.9485918148972257, 0.31650208326326607, 0.0, -0.31650208326326607,
  0.9485918148972257, 0.0]
- [0.0, 0.0, 1.0, 0.9437615546914481, 0.3306268710894213, 0.0, -0.3306268710894213,
  0.9437615546914481, 0.0]
- [0.0, 0.0, 1.0, 0.9420384314852499, 0.3355049829805962, 0.0, -0.3355049829805962,
  0.9420384314852499, 0.0]
- [0.0, 0.0, 1.0, 0.9411922395126243, 0.337871526295441, 0.0, -0.337871526295441,
  0.9411922395126243, 0.0]
- [0.0, 0.0, 1.0, 0.9398252783034465, 0.3416554496299589, 0.0, -0.3416554496299589,
  0.9398252783034465, 0.0]
- [0.0, 0.0, 1.0, 0.936717508071906, 0.3500861466433067, 0.0, -0.3500861466433067,
  0.936717508071906, 0.0]
- [0.0, 0.0, 1.0, 0.9357238485721098, 0.35273343931841705, 0.0, -0.35273343931841705,
  0.9357238485721098, 0.0]
- [0.0, 0.0, 1.0, 0.9353774864935349, 0.3536508981482118, 0.0, -0.3536508981482118,
  0.9353774864935349, 0.0]
- [0.0, 0.0, 1.0, 0.9349233887563269, 0.3548496261184251, 0.0, -0.3548496261184251,
  0.9349233887563269, 0.0]
- [0.0, 0.0, 1.0, 0.9340554165014313, 0.3571280987325664, 0.0, -0.3571280987325664,
  0.9340554165014313, 0.0]
- [0.0, 0.0, 1.0, 0.9339667356808348, 0.3573599538863943, 0.0, -0.3573599538863943,
  0.9339667356808348, 0.0]
- [0.0, 0.0, 1.0, 0.9341879524062834, 0.356781262931443, 0.0, -0.356781262931443,
  0.9341879524062834, 0.0]
- [0.0, 0.0, 1.0, 0.9350407380551219, 0.35454029133137016, 0.0, -0.35454029133137016,
  0.9350407380551219, 0.0]
- [0.0, 0.0, 1.0, 0.9364594580676388, 0.3507758306891515, 0.0, -0.3507758306891515,
  0.9364594580676388, 0.0]
- [0.0, 0.0, 1.0, 0.9371217159024959, 0.3490027071298467, 0.0, -0.3490027071298467,
  0.9371217159024959, 0.0]
- [0.0, 0.0, 1.0, 0.9380645587615792, 0.34646050798820316, 0.0, -0.34646050798820316,
  0.9380645587615792, 0.0]
- [0.0, 0.0, 1.0, 0.9410786013964647, 0.3381879152093906, 0.0, -0.3381879152093906,
  0.9410786013964647, 0.0]
- [0.0, 0.0, 1.0, 0.9438883356274923, 0.33026475722723175, 0.0, -0.33026475722723175,
  0.9438883356274923, 0.0]
- [0.0, 0.0, 1.0, 0.9451308156712479, 0.3266921199977152, 0.0, -0.3266921199977152,
  0.9451308156712479, 0.0]
- [0.0, 0.0, 1.0, 0.9469291241572091, 0.3214424269178864, 0.0, -0.3214424269178864,
  0.9469291241572091, 0.0]
- [0.0, 0.0, 1.0, 0.9524041026180302, 0.3048383593256346, 0.0, -0.3048383593256346,
  0.9524041026180302, 0.0]
- [0.0, 0.0, 1.0, 0.9546980472140736, 0.29757627366044254, 0.0, -0.29757627366044254,
  0.9546980472140736, 0.0]
- [0.0, 0.0, 1.0, 0.9563717192214592, 0.2921525879970776, 0.0, -0.2921525879970776,
  0.9563717192214592, 0.0]
- [0.0, 0.0, 1.0, 0.9605803925182476, 0.2780023552229181, 0.0, -0.2780023552229181,
  0.9605803925182476, 0.0]
- [0.0, 0.0, 1.0, 0.9654377904103767, 0.26063359884621456, 0.0, -0.26063359884621456,
  0.9654377904103767, 0.0]
- [0.0, 0.0, 1.0, 0.9671244429568971, 0.25430358203397635, 0.0, -0.25430358203397635,
  0.9671244429568971, 0.0]
- [0.0, 0.0, 1.0, 0.9699724946670569, 0.24321463687320755, 0.0, -0.24321463687320755,
  0.9699724946670569, 0.0]
- [0.0, 0.0, 1.0, 0.9769884028685838, 0.21329242991792688, 0.0, -0.21329242991792688,
  0.9769884028685838, 0.0]
- [0.0, 0.0, 1.0, 0.9787243166697762, 0.205179706499643, 0.0, -0.205179706499643,
  0.9787243166697762, 0.0]
