nodes:
- [3.83381914 0.03918851 0.00000000]
- [3.78573300 0.04782319 0.00000000]
- [3.73126185 0.06044642 0.00000000]
- [3.67676666 0.07298440 0.00000000]
- [3.62226297 0.08551581 0.00000000]
- [3.56774797 0.09802719 0.00000000]
- [3.51323284 0.11059552 0.00000000]
- [3.45874172 0.12326505 0.00000000]
- [3.40425011 0.13598584 0.00000000]
- [3.34981292 0.14892234 0.00000000]
- [3.29539150 0.16187069 0.00000000]
- [3.24098871 0.17491685 0.00000000]
- [3.18660714 0.18801996 0.00000000]
- [3.13222718 0.20115125 0.00000000]
- [3.07787338 0.21438887 0.00000000]
- [3.02165458 0.21995244 0.00000000]
- [2.96816305 0.22487254 0.00000000]
- [2.91656443 0.23752631 0.00000000]
- [2.86497319 0.25018405 0.00000000]
- [2.81339025 0.26285617 0.00000000]
- [2.76180858 0.27551523 0.00000000]
- [2.71022507 0.28817371 0.00000000]
- [2.65864783 0.30082455 0.00000000]
- [2.60706709 0.31344352 0.00000000]
- [2.55547159 0.32604327 0.00000000]
- [2.50388444 0.33864738 0.00000000]
- [2.45230696 0.35119798 0.00000000]
- [2.40070309 0.36367314 0.00000000]
- [2.34907686 0.37613399 0.00000000]
- [2.29748404 0.38857849 0.00000000]
- [2.24586763 0.40086378 0.00000000]
- [2.19419949 0.41309665 0.00000000]
- [2.14253122 0.42531735 0.00000000]
- [2.09089878 0.43745428 0.00000000]
- [2.03920084 0.44937845 0.00000000]
- [1.98745496 0.46130037 0.00000000]
- [1.93489077 0.47336655 0.00000000]
- [1.88232358 0.48525399 0.00000000]
- [1.82968063 0.49696583 0.00000000]
- [1.77699187 0.50865176 0.00000000]
- [1.72437130 0.52028834 0.00000000]
- [1.67169128 0.53158957 0.00000000]
- [1.61892194 0.54282270 0.00000000]
- [1.56614686 0.55400367 0.00000000]
- [1.51344165 0.56506185 0.00000000]
- [1.46063617 0.57571009 0.00000000]
- [1.40773076 0.58633307 0.00000000]
- [1.35486669 0.59689201 0.00000000]
- [1.30202798 0.60718694 0.00000000]
- [1.24907712 0.61714383 0.00000000]
- [1.19603907 0.62704415 0.00000000]
- [1.14309390 0.63687043 0.00000000]
- [1.09011849 0.64620890 0.00000000]
- [1.03699227 0.65528971 0.00000000]
- [0.98382406 0.66430222 0.00000000]
- [0.93078390 0.67312973 0.00000000]
- [0.87764105 0.68127338 0.00000000]
- [0.82432047 0.68925398 0.00000000]
- [0.77103720 0.69713243 0.00000000]
- [0.71784958 0.70460055 0.00000000]
- [0.66449829 0.71139251 0.00000000]
- [0.61099476 0.71808864 0.00000000]
- [0.55765223 0.72462052 0.00000000]
- [0.50429197 0.73032625 0.00000000]
- [0.45070832 0.73561170 0.00000000]
- [0.39711068 0.74077718 0.00000000]
- [0.34370898 0.74549153 0.00000000]
- [0.29015487 0.74917268 0.00000000]
- [0.23598129 0.74666492 0.00000000]
- [0.18683593 0.74367415 0.00000000]
- [0.13818813 0.74573083 0.00000000]
- [0.08515398 0.74737461 0.00000000]
- [0.03212890 0.74885187 0.00000000]
- [-0.02047120 0.74968794 0.00000000]
- [-0.07322342 0.74918650 0.00000000]
- [-0.12630691 0.74844055 0.00000000]
- [-0.17887440 0.74726653 0.00000000]
- [-0.23137697 0.74449571 0.00000000]
- [-0.28435858 0.74124139 0.00000000]
- [-0.33672381 0.73778897 0.00000000]
- [-0.38881662 0.73227900 0.00000000]
- [-0.44146954 0.72622355 0.00000000]
- [-0.49348269 0.71981638 0.00000000]
- [-0.54509069 0.71137809 0.00000000]
- [-0.59709323 0.70213776 0.00000000]
- [-0.64842986 0.69234279 0.00000000]
- [-0.69270187 0.68194093 0.00000000]
- [-0.73886679 0.67680873 0.00000000]
- [-0.79288801 0.66889156 0.00000000]
- [-0.84476792 0.65267687 0.00000000]
- [-0.89655364 0.63583125 0.00000000]
- [-0.94737438 0.61707791 0.00000000]
- [-0.99783982 0.59661468 0.00000000]
- [-1.04759875 0.57534270 0.00000000]
- [-1.09617836 0.55123714 0.00000000]
- [-1.14441644 0.52666712 0.00000000]
- [-1.19090080 0.49912754 0.00000000]
- [-1.23692708 0.47075056 0.00000000]
- [-1.28098445 0.43971774 0.00000000]
- [-1.32407626 0.40741821 0.00000000]
- [-1.36493509 0.37243537 0.00000000]
- [-1.40437721 0.33631251 0.00000000]
- [-1.44037995 0.29700274 0.00000000]
- [-1.48148205 0.26128172 0.00000000]
- [-1.51925699 0.22323907 0.00000000]
- [-1.54548585 0.17704740 0.00000000]
- [-1.56742167 0.12886985 0.00000000]
- [-1.58277736 0.07846841 0.00000000]
- [-1.59054497 0.02641800 0.00000000]
- [-1.59074267 -0.02589035 0.00000000]
- [-1.58134214 -0.07726854 0.00000000]
- [-1.56365538 -0.12680775 0.00000000]
- [-1.53934364 -0.17375795 0.00000000]
- [-1.51008468 -0.21816058 0.00000000]
- [-1.47106133 -0.25486781 0.00000000]
- [-1.42752408 -0.28894817 0.00000000]
- [-1.38852747 -0.32731892 0.00000000]
- [-1.34753245 -0.36353283 0.00000000]
- [-1.30460811 -0.39784223 0.00000000]
- [-1.26052999 -0.43067874 0.00000000]
- [-1.21483737 -0.46132826 0.00000000]
- [-1.16817581 -0.49070446 0.00000000]
- [-1.12037130 -0.51808560 0.00000000]
- [-1.07154878 -0.54404838 0.00000000]
- [-1.02217623 -0.56857817 0.00000000]
- [-0.97154501 -0.59106953 0.00000000]
- [-0.92092108 -0.61306023 0.00000000]
- [-0.86911360 -0.63204955 0.00000000]
- [-0.81679144 -0.65066340 0.00000000]
- [-0.76256531 -0.66206433 0.00000000]
- [-0.70853972 -0.67154963 0.00000000]
- [-0.65818312 -0.68538852 0.00000000]
- [-0.60747041 -0.69710052 0.00000000]
- [-0.55590953 -0.70803872 0.00000000]
- [-0.50483192 -0.71849540 0.00000000]
- [-0.45336279 -0.72648148 0.00000000]
- [-0.40108347 -0.73408214 0.00000000]
- [-0.34927831 -0.74112574 0.00000000]
- [-0.29731631 -0.74617972 0.00000000]
- [-0.24467739 -0.75060632 0.00000000]
- [-0.19245858 -0.75467950 0.00000000]
- [-0.14030550 -0.75683569 0.00000000]
- [-0.08751822 -0.75822273 0.00000000]
- [-0.03491500 -0.75933469 0.00000000]
- [0.01731103 -0.75913047 0.00000000]
- [0.06991515 -0.75762336 0.00000000]
- [0.11591869 -0.75607916 0.00000000]
- [0.16129772 -0.75440124 0.00000000]
- [0.20690433 -0.75669784 0.00000000]
- [0.26063554 -0.75786181 0.00000000]
- [0.31381880 -0.75315288 0.00000000]
- [0.36656466 -0.74763849 0.00000000]
- [0.41926985 -0.74051036 0.00000000]
- [0.47228088 -0.73307268 0.00000000]
- [0.52494442 -0.72542228 0.00000000]
- [0.57722777 -0.71632114 0.00000000]
- [0.62969716 -0.70636930 0.00000000]
- [0.68220862 -0.69619244 0.00000000]
- [0.73429641 -0.68561332 0.00000000]
- [0.78608730 -0.67353999 0.00000000]
- [0.83812880 -0.66102909 0.00000000]
- [0.89004013 -0.64836152 0.00000000]
- [0.94149929 -0.63506604 0.00000000]
- [0.99275994 -0.62048899 0.00000000]
- [1.04425195 -0.60567255 0.00000000]
- [1.09552720 -0.59075014 0.00000000]
- [1.14638723 -0.57504698 0.00000000]
- [1.19717772 -0.55849575 0.00000000]
- [1.24809569 -0.54176146 0.00000000]
- [1.29881236 -0.52495347 0.00000000]
- [1.34918424 -0.50742517 0.00000000]
- [1.39955867 -0.48936681 0.00000000]
- [1.44999977 -0.47118074 0.00000000]
- [1.50030249 -0.45295479 0.00000000]
- [1.55036977 -0.43422426 0.00000000]
- [1.60046645 -0.41519839 0.00000000]
- [1.65060286 -0.39611470 0.00000000]
- [1.70069491 -0.37700494 0.00000000]
- [1.75072401 -0.35774116 0.00000000]
- [1.80077489 -0.33841069 0.00000000]
- [1.85085835 -0.31907570 0.00000000]
- [1.90102256 -0.29978625 0.00000000]
- [1.95128023 -0.28071763 0.00000000]
- [2.00231071 -0.26147003 0.00000000]
- [2.05340356 -0.24229507 0.00000000]
- [2.10473235 -0.22328697 0.00000000]
- [2.15629374 -0.20498422 0.00000000]
- [2.20775951 -0.18687491 0.00000000]
- [2.25942883 -0.16882634 0.00000000]
- [2.31150670 -0.15152562 0.00000000]
- [2.36365209 -0.13495557 0.00000000]
- [2.41574757 -0.11859445 0.00000000]
- [2.46827266 -0.10238821 0.00000000]
- [2.52124794 -0.08776392 0.00000000]
- [2.57394762 -0.07345337 0.00000000]
- [2.62706075 -0.05928902 0.00000000]
- [2.68071563 -0.04671910 0.00000000]
- [2.73421777 -0.03503834 0.00000000]
- [2.78789794 -0.02358974 0.00000000]
- [2.84205614 -0.01340576 0.00000000]
- [2.89616831 -0.00443010 0.00000000]
- [2.95035645 0.00428046 0.00000000]
- [3.00595384 0.00386828 0.00000000]
- [3.06267392 0.00232236 0.00000000]
- [3.11850726 0.00828688 0.00000000]
- [3.17455990 0.01243942 0.00000000]
- [3.23056769 0.01562603 0.00000000]
- [3.28674412 0.01811657 0.00000000]
- [3.34294140 0.01832683 0.00000000]
- [3.39910593 0.01818128 0.00000000]
- [3.45527850 0.01607792 0.00000000]
- [3.51136256 0.01311394 0.00000000]
- [3.56739002 0.00872497 0.00000000]
- [3.62330826 0.00305873 0.00000000]
- [3.67907620 -0.00402205 0.00000000]
- [3.73462970 -0.01254385 0.00000000]
- [3.78990154 -0.02226923 0.00000000]
- [3.83548223 -0.03510071 0.00000000]
- [1.95386414 -0.22771634 0.00000000]
- [1.95644805 -0.17471506 0.00000000]
- [1.95903195 -0.12171377 0.00000000]
- [1.96161586 -0.06871248 0.00000000]
- [1.96419977 -0.01571120 0.00000000]
- [1.96678368 0.03729009 0.00000000]
- [1.96936759 0.09029137 0.00000000]
- [1.97195150 0.14329266 0.00000000]
- [1.97453541 0.19629394 0.00000000]
- [1.97711932 0.24929523 0.00000000]
- [1.97970323 0.30229652 0.00000000]
- [1.98228714 0.35529780 0.00000000]
- [1.98487105 0.40829909 0.00000000]
- [-0.70613532 -0.61699393 0.00000000]
- [-0.70373093 -0.56243824 0.00000000]
- [-0.70132653 -0.50788254 0.00000000]
- [-0.69892214 -0.45332684 0.00000000]
- [-0.69651775 -0.39877115 0.00000000]
- [-0.69411335 -0.34421545 0.00000000]
- [-0.69170896 -0.28965975 0.00000000]
- [-0.68930456 -0.23510406 0.00000000]
- [-0.68690017 -0.18054836 0.00000000]
- [-0.68449577 -0.12599266 0.00000000]
- [-0.68209138 -0.07143697 0.00000000]
- [-0.67968699 -0.01688127 0.00000000]
- [-0.67728259 0.03767443 0.00000000]
- [-0.67487820 0.09223012 0.00000000]
- [-0.67247380 0.14678582 0.00000000]
- [-0.67006941 0.20134152 0.00000000]
- [-0.66766502 0.25589722 0.00000000]
- [-0.66526062 0.31045291 0.00000000]
- [-0.66285623 0.36500861 0.00000000]
- [-0.66045183 0.41956431 0.00000000]
- [-0.65804744 0.47412000 0.00000000]
- [-0.65564304 0.52867570 0.00000000]
- [-0.65323865 0.58323140 0.00000000]
- [-0.65083426 0.63778709 0.00000000]
- [0.07235347 -0.70393213 0.00000000]
- [0.07479179 -0.65024091 0.00000000]
- [0.07723011 -0.59654969 0.00000000]
- [0.07966843 -0.54285847 0.00000000]
- [0.08210675 -0.48916725 0.00000000]
- [0.08454507 -0.43547603 0.00000000]
- [0.08698339 -0.38178481 0.00000000]
- [0.08942171 -0.32809359 0.00000000]
- [0.09186003 -0.27440237 0.00000000]
- [0.09429835 -0.22071115 0.00000000]
- [0.09673667 -0.16701992 0.00000000]
- [0.09917500 -0.11332870 0.00000000]
- [0.10161332 -0.05963748 0.00000000]
- [0.10405164 -0.00594626 0.00000000]
- [0.10648996 0.04774496 0.00000000]
- [0.10892828 0.10143618 0.00000000]
- [0.11136660 0.15512740 0.00000000]
- [0.11380492 0.20881862 0.00000000]
- [0.11624324 0.26250984 0.00000000]
- [0.11868156 0.31620106 0.00000000]
- [0.12111988 0.36989229 0.00000000]
- [0.12355820 0.42358351 0.00000000]
- [0.12599652 0.47727473 0.00000000]
- [0.12843484 0.53096595 0.00000000]
- [0.13087317 0.58465717 0.00000000]
- [0.13331149 0.63834839 0.00000000]
- [0.13574981 0.69203961 0.00000000]
elements:
- [1 2]
- [2 3]
- [3 4]
- [4 5]
- [5 6]
- [6 7]
- [7 8]
- [8 9]
- [9 10]
- [10 11]
- [11 12]
- [12 13]
- [13 14]
- [14 15]
- [15 16]
- [16 17]
- [17 18]
- [18 19]
- [19 20]
- [20 21]
- [21 22]
- [22 23]
- [23 24]
- [24 25]
- [25 26]
- [26 27]
- [27 28]
- [28 29]
- [29 30]
- [30 31]
- [31 32]
- [32 33]
- [33 34]
- [34 35]
- [35 36]
- [36 37]
- [37 38]
- [38 39]
- [39 40]
- [40 41]
- [41 42]
- [42 43]
- [43 44]
- [44 45]
- [45 46]
- [46 47]
- [47 48]
- [48 49]
- [49 50]
- [50 51]
- [51 52]
- [52 53]
- [53 54]
- [54 55]
- [55 56]
- [56 57]
- [57 58]
- [58 59]
- [59 60]
- [60 61]
- [61 62]
- [62 63]
- [63 64]
- [64 65]
- [65 66]
- [66 67]
- [67 68]
- [68 69]
- [69 70]
- [70 71]
- [71 72]
- [72 73]
- [73 74]
- [74 75]
- [75 76]
- [76 77]
- [77 78]
- [78 79]
- [79 80]
- [80 81]
- [81 82]
- [82 83]
- [83 84]
- [84 85]
- [85 86]
- [86 87]
- [87 88]
- [88 89]
- [89 90]
- [90 91]
- [91 92]
- [92 93]
- [93 94]
- [94 95]
- [95 96]
- [96 97]
- [97 98]
- [98 99]
- [99 100]
- [100 101]
- [101 102]
- [102 103]
- [103 104]
- [104 105]
- [105 106]
- [106 107]
- [107 108]
- [108 109]
- [109 110]
- [110 111]
- [111 112]
- [112 113]
- [113 114]
- [114 115]
- [115 116]
- [116 117]
- [117 118]
- [118 119]
- [119 120]
- [120 121]
- [121 122]
- [122 123]
- [123 124]
- [124 125]
- [125 126]
- [126 127]
- [127 128]
- [128 129]
- [129 130]
- [130 131]
- [131 132]
- [132 133]
- [133 134]
- [134 135]
- [135 136]
- [136 137]
- [137 138]
- [138 139]
- [139 140]
- [140 141]
- [141 142]
- [142 143]
- [143 144]
- [144 145]
- [145 146]
- [146 147]
- [147 148]
- [148 149]
- [149 150]
- [150 151]
- [151 152]
- [152 153]
- [153 154]
- [154 155]
- [155 156]
- [156 157]
- [157 158]
- [158 159]
- [159 160]
- [160 161]
- [161 162]
- [162 163]
- [163 164]
- [164 165]
- [165 166]
- [166 167]
- [167 168]
- [168 169]
- [169 170]
- [170 171]
- [171 172]
- [172 173]
- [173 174]
- [174 175]
- [175 176]
- [176 177]
- [177 178]
- [178 179]
- [179 180]
- [180 181]
- [181 182]
- [182 183]
- [183 184]
- [184 185]
- [185 186]
- [186 187]
- [187 188]
- [188 189]
- [189 190]
- [190 191]
- [191 192]
- [192 193]
- [193 194]
- [194 195]
- [195 196]
- [196 197]
- [197 198]
- [198 199]
- [199 200]
- [200 201]
- [201 202]
- [202 203]
- [203 204]
- [204 205]
- [205 206]
- [206 207]
- [207 208]
- [208 209]
- [209 210]
- [210 211]
- [211 212]
- [212 213]
- [213 214]
- [214 215]
- [215 216]
- [216 217]
- [217 218]
- [218 1]
- [183 219]
- [219 220]
- [220 221]
- [221 222]
- [222 223]
- [223 224]
- [224 225]
- [225 226]
- [226 227]
- [227 228]
- [228 229]
- [229 230]
- [230 231]
- [231 36]
- [131 232]
- [232 233]
- [233 234]
- [234 235]
- [235 236]
- [236 237]
- [237 238]
- [238 239]
- [239 240]
- [240 241]
- [241 242]
- [242 243]
- [243 244]
- [244 245]
- [245 246]
- [246 247]
- [247 248]
- [248 249]
- [249 250]
- [250 251]
- [251 252]
- [252 253]
- [253 254]
- [254 255]
- [255 86]
- [146 256]
- [256 257]
- [257 258]
- [258 259]
- [259 260]
- [260 261]
- [261 262]
- [262 263]
- [263 264]
- [264 265]
- [265 266]
- [266 267]
- [267 268]
- [268 269]
- [269 270]
- [270 271]
- [271 272]
- [272 273]
- [273 274]
- [274 275]
- [275 276]
- [276 277]
- [277 278]
- [278 279]
- [279 280]
- [280 281]
- [281 282]
- [282 71]
sets:
  element:
  - name: layup_0
    labels:
    - 1
    - 2
    - 3
    - 4
    - 5
    - 6
    - 7
    - 8
    - 9
    - 10
    - 11
    - 12
    - 13
    - 14
    - 15
    - 203
    - 204
    - 205
    - 206
    - 207
    - 208
    - 209
    - 210
    - 211
    - 212
    - 213
    - 214
    - 215
    - 216
    - 217
    - 218
  - name: layup_1
    labels:
    - 16
    - 17
    - 18
    - 19
    - 20
    - 21
    - 22
    - 23
    - 24
    - 25
    - 26
    - 27
    - 28
    - 29
    - 30
    - 31
    - 32
    - 33
    - 34
    - 35
    - 36
    - 37
    - 38
    - 39
    - 40
    - 41
    - 42
    - 43
    - 44
    - 45
    - 46
    - 47
    - 48
    - 49
    - 50
    - 51
    - 52
    - 53
    - 54
    - 55
    - 56
    - 57
    - 58
    - 59
    - 60
    - 61
    - 62
    - 63
    - 64
    - 65
    - 66
    - 67
    - 68
    - 88
    - 89
    - 90
    - 91
    - 92
    - 93
    - 94
    - 95
    - 96
    - 97
    - 98
    - 99
    - 100
    - 101
    - 102
    - 103
    - 115
    - 116
    - 117
    - 118
    - 119
    - 120
    - 121
    - 122
    - 123
    - 124
    - 125
    - 126
    - 127
    - 128
    - 129
    - 149
    - 150
    - 151
    - 152
    - 153
    - 154
    - 155
    - 156
    - 157
    - 158
    - 159
    - 160
    - 161
    - 162
    - 163
    - 164
    - 165
    - 166
    - 167
    - 168
    - 169
    - 170
    - 171
    - 172
    - 173
    - 174
    - 175
    - 176
    - 177
    - 178
    - 179
    - 180
    - 181
    - 182
    - 183
    - 184
    - 185
    - 186
    - 187
    - 188
    - 189
    - 190
    - 191
    - 192
    - 193
    - 194
    - 195
    - 196
    - 197
    - 198
    - 199
    - 200
    - 201
    - 202
  - name: layup_2
    labels:
    - 69
    - 70
    - 71
    - 72
    - 73
    - 74
    - 75
    - 76
    - 77
    - 78
    - 79
    - 80
    - 81
    - 82
    - 83
    - 84
    - 85
    - 86
    - 87
  - name: layup_3
    labels:
    - 104
    - 105
    - 106
    - 107
    - 108
    - 109
    - 110
    - 111
    - 112
    - 113
    - 114
  - name: layup_4
    labels:
    - 130
    - 131
    - 132
    - 133
    - 134
    - 135
    - 136
    - 137
    - 138
    - 139
    - 140
    - 141
    - 142
    - 143
    - 144
    - 145
    - 146
    - 147
    - 148
  - name: layup_5
    labels:
    - 219
    - 220
    - 221
    - 222
    - 223
    - 224
    - 225
    - 226
    - 227
    - 228
    - 229
    - 230
    - 231
    - 232
    - 233
    - 234
    - 235
    - 236
    - 237
    - 238
    - 239
    - 240
    - 241
    - 242
    - 243
    - 244
    - 245
    - 246
    - 247
    - 248
    - 249
    - 250
    - 251
    - 252
    - 253
    - 254
    - 255
    - 256
    - 257
    - 258
    - 259
    - 260
    - 261
    - 262
    - 263
    - 264
    - 265
    - 266
    - 267
    - 268
    - 269
    - 270
    - 271
    - 272
    - 273
    - 274
    - 275
    - 276
    - 277
    - 278
    - 279
    - 280
    - 281
    - 282
    - 283
    - 284
    - 285
sections:
- type: shell
  elementSet: layup_0
  layup:
  - - gelcoat
    - 0.0005
    - 0.0
  - - glass_triax
    - 0.003
    - 0.0
  - - glass_uniax
    - 0.01643787
    - 0.0
  - - glass_triax
    - 0.003
    - 0.0
- type: shell
  elementSet: layup_1
  layup:
  - - gelcoat
    - 0.0005
    - 0.0
  - - glass_triax
    - 0.003
    - 0.0
  - - medium_density_foam
    - 0.048125
    - 0.0
  - - glass_triax
    - 0.003
    - 0.0
- type: shell
  elementSet: layup_2
  layup:
  - - gelcoat
    - 0.0005
    - 0.0
  - - glass_triax
    - 0.003
    - 0.0
  - - carbon_uniax
    - 0.07234481
    - 0.0
  - - glass_triax
    - 0.003
    - 0.0
- type: shell
  elementSet: layup_3
  layup:
  - - gelcoat
    - 0.0005
    - 0.0
  - - glass_triax
    - 0.003
    - 0.0
  - - glass_uniax
    - 0.01313314
    - 0.0
  - - glass_triax
    - 0.003
    - 0.0
- type: shell
  elementSet: layup_4
  layup:
  - - gelcoat
    - 0.0005
    - 0.0
  - - glass_triax
    - 0.003
    - 0.0
  - - carbon_uniax
    - 0.07081953
    - 0.0
  - - glass_triax
    - 0.003
    - 0.0
- type: shell
  elementSet: layup_5
  layup:
  - - glass_biax
    - 0.002
    - 0.0
  - - medium_density_foam
    - 0.0324
    - 0.0
  - - glass_biax
    - 0.002
    - 0.0
elementOrientations:
- [0.0, 0.0, 1.0, -0.9842575535793993, 0.1767401149198902, 0.0, -0.1767401149198902,
  -0.9842575535793993, 0.0]
- [0.0, 0.0, 1.0, -0.9741832663614525, 0.22575864001479892, 0.0, -0.22575864001479892,
  -0.9741832663614525, 0.0]
- [0.0, 0.0, 1.0, -0.9745392123106696, 0.22421713509207852, 0.0, -0.22421713509207852,
  -0.9745392123106696, 0.0]
- [0.0, 0.0, 1.0, -0.9745725317470566, 0.22407226594144217, 0.0, -0.22407226594144217,
  -0.9745725317470566, 0.0]
- [0.0, 0.0, 1.0, -0.9746607964747688, 0.22368802340574526, 0.0, -0.22368802340574526,
  -0.9746607964747688, 0.0]
- [0.0, 0.0, 1.0, -0.9744384744286871, 0.22465453379153713, 0.0, -0.22465453379153713,
  -0.9744384744286871, 0.0]
- [0.0, 0.0, 1.0, -0.9740191867183402, 0.22646550268096738, 0.0, -0.22646550268096738,
  -0.9740191867183402, 0.0]
- [0.0, 0.0, 1.0, -0.9738171352612892, 0.22733276726309415, 0.0, -0.22733276726309415,
  -0.9738171352612892, 0.0]
- [0.0, 0.0, 1.0, -0.9729057613704274, 0.23120203176492432, 0.0, -0.23120203176492432,
  -0.9729057613704274, 0.0]
- [0.0, 0.0, 1.0, -0.9728429639474396, 0.2314661260270291, 0.0, -0.2314661260270291,
  -0.9728429639474396, 0.0]
- [0.0, 0.0, 1.0, -0.9724299068133176, 0.23319536087804607, 0.0, -0.23319536087804607,
  -0.9724299068133176, 0.0]
- [0.0, 0.0, 1.0, -0.9721778631827162, 0.23424389498445433, 0.0, -0.23424389498445433,
  -0.9721778631827162, 0.0]
- [0.0, 0.0, 1.0, -0.9720614534994954, 0.23472650174287632, 0.0, -0.23472650174287632,
  -0.9720614534994954, 0.0]
- [0.0, 0.0, 1.0, -0.9716001277342913, 0.23662880591066895, 0.0, -0.23662880591066895,
  -0.9716001277342913, 0.0]
- [0.0, 0.0, 1.0, -0.9951388642312801, 0.09848167797350789, 0.0, -0.09848167797350789,
  -0.9951388642312801, 0.0]
- [0.0, 0.0, 1.0, -0.995796563949766, 0.09159259372809268, 0.0, -0.09159259372809268,
  -0.995796563949766, 0.0]
- [0.0, 0.0, 1.0, -0.9712217572655769, 0.23817703124769404, 0.0, -0.23817703124769404,
  -0.9712217572655769, 0.0]
- [0.0, 0.0, 1.0, -0.971196510811775, 0.2382799559069827, 0.0, -0.2382799559069827,
  -0.971196510811775, 0.0]
- [0.0, 0.0, 1.0, -0.9711249840062239, 0.2385713005348948, 0.0, -0.2385713005348948,
  -0.9711249840062239, 0.0]
- [0.0, 0.0, 1.0, -0.9711805158520178, 0.23834513972264826, 0.0, -0.23834513972264826,
  -0.9711805158520178, 0.0]
- [0.0, 0.0, 1.0, -0.9711850510554798, 0.23832665945371087, 0.0, -0.23832665945371087,
  -0.9711850510554798, 0.0]
- [0.0, 0.0, 1.0, -0.97121163538174, 0.23821830177197983, 0.0, -0.23821830177197983,
  -0.97121163538174, 0.0]
- [0.0, 0.0, 1.0, -0.9713540514746961, 0.23763692197066796, 0.0, -0.23763692197066796,
  -0.9713540514746961, 0.0]
- [0.0, 0.0, 1.0, -0.9714532312654828, 0.23723115196755343, 0.0, -0.23723115196755343,
  -0.9714532312654828, 0.0]
- [0.0, 0.0, 1.0, -0.9714254226875193, 0.2373449981701203, 0.0, -0.2373449981701203,
  -0.9714254226875193, 0.0]
- [0.0, 0.0, 1.0, -0.9716471115480152, 0.23643580655306587, 0.0, -0.23643580655306587,
  -0.9716471115480152, 0.0]
- [0.0, 0.0, 1.0, -0.97200030806911, 0.2349795759498161, 0.0, -0.2349795759498161,
  -0.97200030806911, 0.0]
- [0.0, 0.0, 1.0, -0.972085000300013, 0.23462896707722128, 0.0, -0.23462896707722128,
  -0.972085000300013, 0.0]
- [0.0, 0.0, 1.0, -0.9721206175334887, 0.2344813531313496, 0.0, -0.2344813531313496,
  -0.9721206175334887, 0.0]
- [0.0, 0.0, 1.0, -0.972824626736841, 0.23154318304438576, 0.0, -0.23154318304438576,
  -0.972824626736841, 0.0]
- [0.0, 0.0, 1.0, -0.9730985084430469, 0.23038943740093065, 0.0, -0.23038943740093065,
  -0.9730985084430469, 0.0]
- [0.0, 0.0, 1.0, -0.9731500486880955, 0.23017163756283548, 0.0, -0.23017163756283548,
  -0.9731500486880955, 0.0]
- [0.0, 0.0, 1.0, -0.9734670661958285, 0.22882716410445336, 0.0, -0.22882716410445336,
  -0.9734670661958285, 0.0]
- [0.0, 0.0, 1.0, -0.9744164870216357, 0.22474988280400562, 0.0, -0.22474988280400562,
  -0.9744164870216357, 0.0]
- [0.0, 0.0, 1.0, -0.9744713243363607, 0.22451199978205885, 0.0, -0.22451199978205885,
  -0.9744713243363607, 0.0]
- [0.0, 0.0, 1.0, -0.9746506407633654, 0.22373226959819884, 0.0, -0.22373226959819884,
  -0.9746506407633654, 0.0]
- [0.0, 0.0, 1.0, -0.9753714473973503, 0.2205686732108578, 0.0, -0.2205686732108578,
  -0.9753714473973503, 0.0]
- [0.0, 0.0, 1.0, -0.976134402310731, 0.21716728258527287, 0.0, -0.21716728258527287,
  -0.976134402310731, 0.0]
- [0.0, 0.0, 1.0, -0.9762759925048654, 0.21652987428675965, 0.0, -0.21652987428675965,
  -0.9762759925048654, 0.0]
- [0.0, 0.0, 1.0, -0.976410046030768, 0.21592457481767455, 0.0, -0.21592457481767455,
  -0.976410046030768, 0.0]
- [0.0, 0.0, 1.0, -0.9777542667546539, 0.2097536503688769, 0.0, -0.2097536503688769,
  -0.9777542667546539, 0.0]
- [0.0, 0.0, 1.0, -0.9780847461831351, 0.20820717875201128, 0.0, -0.20820717875201128,
  -0.9780847461831351, 0.0]
- [0.0, 0.0, 1.0, -0.978285821688544, 0.2072603461426479, 0.0, -0.2072603461426479,
  -0.978285821688544, 0.0]
- [0.0, 0.0, 1.0, -0.9786905088497281, 0.20534090651270687, 0.0, -0.20534090651270687,
  -0.9786905088497281, 0.0]
- [0.0, 0.0, 1.0, -0.9802683316310776, 0.1976714395182665, 0.0, -0.1976714395182665,
  -0.9802683316310776, 0.0]
- [0.0, 0.0, 1.0, -0.9804310836558026, 0.1968626175826908, 0.0, -0.1968626175826908,
  -0.9804310836558026, 0.0]
- [0.0, 0.0, 1.0, -0.9806301189599224, 0.1958687565403129, 0.0, -0.1958687565403129,
  -0.9806301189599224, 0.0]
- [0.0, 0.0, 1.0, -0.9815431702900104, 0.19124069874646374, 0.0, -0.19124069874646374,
  -0.9815431702900104, 0.0]
- [0.0, 0.0, 1.0, -0.982775881343776, 0.1848014259927777, 0.0, -0.1848014259927777,
  -0.982775881343776, 0.0]
- [0.0, 0.0, 1.0, -0.983020631401357, 0.183495063255875, 0.0, -0.183495063255875,
  -0.983020631401357, 0.0]
- [0.0, 0.0, 1.0, -0.9832100382763548, 0.18247745239510793, 0.0, -0.18247745239510793,
  -0.9832100382763548, 0.0]
- [0.0, 0.0, 1.0, -0.9848157966776186, 0.17360255359362436, 0.0, -0.17360255359362436,
  -0.9848157966776186, 0.0]
- [0.0, 0.0, 1.0, -0.9857041468181962, 0.16848541463703018, 0.0, -0.16848541463703018,
  -0.9857041468181962, 0.0]
- [0.0, 0.0, 1.0, -0.9859356643950618, 0.16712529932319697, 0.0, -0.16712529932319697,
  -0.9859356643950618, 0.0]
- [0.0, 0.0, 1.0, -0.9864316443665783, 0.1641725037643285, 0.0, -0.1641725037643285,
  -0.9864316443665783, 0.0]
- [0.0, 0.0, 1.0, -0.9884614640624677, 0.1514725521785479, 0.0, -0.1514725521785479,
  -0.9884614640624677, 0.0]
- [0.0, 0.0, 1.0, -0.988983875296193, 0.14802329007329976, 0.0, -0.14802329007329976,
  -0.988983875296193, 0.0]
- [0.0, 0.0, 1.0, -0.9892447794784563, 0.1462694987843337, 0.0, -0.1462694987843337,
  -0.9892447794784563, 0.0]
- [0.0, 0.0, 1.0, -0.9902858009242628, 0.13904687154981787, 0.0, -0.13904687154981787,
  -0.9902858009242628, 0.0]
- [0.0, 0.0, 1.0, -0.9919937307078976, 0.1262871261698, 0.0, -0.1262871261698, -0.9919937307078976,
  0.0]
- [0.0, 0.0, 1.0, -0.9922591790448642, 0.12418422444582984, 0.0, -0.12418422444582984,
  -0.9922591790448642, 0.0]
- [0.0, 0.0, 1.0, -0.9925860624432653, 0.12154385481534795, 0.0, -0.12154385481534795,
  -0.9925860624432653, 0.0]
- [0.0, 0.0, 1.0, -0.9943317159478007, 0.10632233377941933, 0.0, -0.10632233377941933,
  -0.9943317159478007, 0.0]
- [0.0, 0.0, 1.0, -0.9951703618354036, 0.09816287956448572, 0.0, -0.09816287956448572,
  -0.9951703618354036, 0.0]
- [0.0, 0.0, 1.0, -0.9953880223363298, 0.09593062591982822, 0.0, -0.09593062591982822,
  -0.9953880223363298, 0.0]
- [0.0, 0.0, 1.0, -0.9961258709635645, 0.08793889467738372, 0.0, -0.08793889467738372,
  -0.9961258709635645, 0.0]
- [0.0, 0.0, 1.0, -0.9976459469906984, 0.06857524664944657, 0.0, -0.06857524664944657,
  -0.9976459469906984, 0.0]
- [0.0, 0.0, 1.0, -0.9989302808496207, -0.0462416911639054, 0.0, 0.0462416911639054,
  -0.9989302808496207, 0.0]
- [0.0, 0.0, 1.0, -0.9981534171452623, -0.06074336047039247, 0.0, 0.06074336047039247,
  -0.9981534171452623, 0.0]
- [0.0, 0.0, 1.0, -0.999107520704979, 0.04223934268842565, 0.0, -0.04223934268842565,
  -0.999107520704979, 0.0]
- [0.0, 0.0, 1.0, -0.9995200116059461, 0.030979774034835216, 0.0, -0.030979774034835216,
  -0.9995200116059461, 0.0]
- [0.0, 0.0, 1.0, -0.9996121440066382, 0.027848905803496138, 0.0, -0.027848905803496138,
  -0.9996121440066382, 0.0]
- [0.0, 0.0, 1.0, -0.9998737000986175, 0.01589288680824769, 0.0, -0.01589288680824769,
  -0.9998737000986175, 0.0]
- [0.0, 0.0, 1.0, -0.999954824416011, -0.00950521578633058, 0.0, 0.00950521578633058,
  -0.999954824416011, 0.0]
- [0.0, 0.0, 1.0, -0.9999012811486427, -0.014050905924638661, 0.0, 0.014050905924638661,
  -0.9999012811486427, 0.0]
- [0.0, 0.0, 1.0, -0.9997506986641296, -0.022328020973315103, 0.0, 0.022328020973315103,
  -0.9997506986641296, 0.0]
- [0.0, 0.0, 1.0, -0.9986103019378826, -0.05270165902067183, 0.0, 0.05270165902067183,
  -0.9986103019378826, 0.0]
- [0.0, 0.0, 1.0, -0.9981188934401766, -0.06130803012458699, 0.0, 0.06130803012458699,
  -0.9981188934401766, 0.0]
- [0.0, 0.0, 1.0, -0.9978336950643265, -0.0657869059484686, 0.0, 0.0657869059484686,
  -0.9978336950643265, 0.0]
- [0.0, 0.0, 1.0, -0.9944526350582836, -0.1051853441579966, 0.0, 0.1051853441579966,
  -0.9944526350582836, 0.0]
- [0.0, 0.0, 1.0, -0.9934515954650989, -0.11425378535457713, 0.0, 0.11425378535457713,
  -0.9934515954650989, 0.0]
- [0.0, 0.0, 1.0, -0.9924981699172678, -0.12225948924674213, 0.0, 0.12225948924674213,
  -0.9924981699172678, 0.0]
- [0.0, 0.0, 1.0, -0.9868948481964992, -0.16136467582221584, 0.0, 0.16136467582221584,
  -0.9868948481964992, 0.0]
- [0.0, 0.0, 1.0, -0.984577414382292, -0.17494946438409173, 0.0, 0.17494946438409173,
  -0.984577414382292, 0.0]
- [0.0, 0.0, 1.0, -0.9822802440498657, -0.18741804115222266, 0.0, 0.18741804115222266,
  -0.9822802440498657, 0.0]
- [0.0, 0.0, 1.0, -0.9734910655751591, -0.2287250428906762, 0.0, 0.2287250428906762,
  -0.9734910655751591, 0.0]
- [0.0, 0.0, 1.0, -0.99387720783247, -0.11049025183758648, 0.0, 0.11049025183758648,
  -0.99387720783247, 0.0]
- [0.0, 0.0, 1.0, -0.9894305181610491, -0.14500775748751535, 0.0, 0.14500775748751535,
  -0.9894305181610491, 0.0]
- [0.0, 0.0, 1.0, -0.9544683658390071, -0.29831214962286656, 0.0, 0.29831214962286656,
  -0.9544683658390071, 0.0]
- [0.0, 0.0, 1.0, -0.9509516906232822, -0.30933942862286634, 0.0, 0.30933942862286634,
  -0.9509516906232822, 0.0]
- [0.0, 0.0, 1.0, -0.9381638681113416, -0.3461915027414239, 0.0, 0.3461915027414239,
  -0.9381638681113416, 0.0]
- [0.0, 0.0, 1.0, -0.9267119747013425, -0.37577242573815645, 0.0, 0.37577242573815645,
  -0.9267119747013425, 0.0]
- [0.0, 0.0, 1.0, -0.9195011362742377, -0.39308734448006066, 0.0, 0.39308734448006066,
  -0.9195011362742377, 0.0]
- [0.0, 0.0, 1.0, -0.8957819857548552, -0.4444936827414853, 0.0, 0.4444936827414853,
  -0.8957819857548552, 0.0]
- [0.0, 0.0, 1.0, -0.8910700978280885, -0.4538657078438959, 0.0, 0.4538657078438959,
  -0.8910700978280885, 0.0]
- [0.0, 0.0, 1.0, -0.8603459513825484, -0.5097105491743895, 0.0, 0.5097105491743895,
  -0.8603459513825484, 0.0]
- [0.0, 0.0, 1.0, -0.8512195929348128, -0.5248096841750273, 0.0, 0.5248096841750273,
  -0.8512195929348128, 0.0]
- [0.0, 0.0, 1.0, -0.8175488531552848, -0.5758592473030876, 0.0, 0.5758592473030876,
  -0.8175488531552848, 0.0]
- [0.0, 0.0, 1.0, -0.8001721811825887, -0.5997703564377772, 0.0, 0.5997703564377772,
  -0.8001721811825887, 0.0]
- [0.0, 0.0, 1.0, -0.7596148750494364, -0.6503731556603711, 0.0, 0.6503731556603711,
  -0.7596148750494364, 0.0]
- [0.0, 0.0, 1.0, -0.7374559847658807, -0.6753951958172231, 0.0, 0.6753951958172231,
  -0.7374559847658807, 0.0]
- [0.0, 0.0, 1.0, -0.6754063287953461, -0.7374457885317353, 0.0, 0.7374457885317353,
  -0.6754063287953461, 0.0]
- [0.0, 0.0, 1.0, -0.7547867710425623, -0.6559702205581763, 0.0, 0.6559702205581763,
  -0.7547867710425623, 0.0]
- [0.0, 0.0, 1.0, -0.7046055568237712, -0.7095991891857425, 0.0, 0.7095991891857425,
  -0.7046055568237712, 0.0]
- [0.0, 0.0, 1.0, -0.49377599501530145, -0.8695891367459974, 0.0, 0.8695891367459974,
  -0.49377599501530145, 0.0]
- [0.0, 0.0, 1.0, -0.4143810968369258, -0.9101034592749477, 0.0, 0.9101034592749477,
  -0.4143810968369258, 0.0]
- [0.0, 0.0, 1.0, -0.29144160213907927, -0.9565886224195888, 0.0, 0.9565886224195888,
  -0.29144160213907927, 0.0]
- [0.0, 0.0, 1.0, -0.14759804471590598, -0.9890474291943948, 0.0, 0.9890474291943948,
  -0.14759804471590598, 0.0]
- [0.0, 0.0, 1.0, -0.0037793566030026016, -0.9999928582063311, 0.0, 0.9999928582063311,
  -0.0037793566030026016, 0.0]
- [0.0, 0.0, 1.0, 0.17997943358120685, -0.9836703733913043, 0.0, 0.9836703733913043,
  0.17997943358120685, 0.0]
- [0.0, 0.0, 1.0, 0.3362383578364058, -0.9417769198273428, 0.0, 0.9417769198273428,
  0.3362383578364058, 0.0]
- [0.0, 0.0, 1.0, 0.4598281364513054, -0.8880079306671307, 0.0, 0.8880079306671307,
  0.4598281364513054, 0.0]
- [0.0, 0.0, 1.0, 0.5502292526226111, -0.8350136343547708, 0.0, 0.8350136343547708,
  0.5502292526226111, 0.0]
- [0.0, 0.0, 1.0, 0.7283921521612068, -0.6851604722033849, 0.0, 0.6851604722033849,
  0.7283921521612068, 0.0]
- [0.0, 0.0, 1.0, 0.7874371542824992, -0.6163949448652866, 0.0, 0.6163949448652866,
  0.7874371542824992, 0.0]
- [0.0, 0.0, 1.0, 0.7128035662880714, -0.701363725813509, 0.0, 0.701363725813509,
  0.7128035662880714, 0.0]
- [0.0, 0.0, 1.0, 0.7494582839038139, -0.6620515695079578, 0.0, 0.6620515695079578,
  0.7494582839038139, 0.0]
- [0.0, 0.0, 1.0, 0.7811357348118471, -0.6243612446332296, 0.0, 0.6243612446332296,
  0.7811357348118471, 0.0]
- [0.0, 0.0, 1.0, 0.8019351823749361, -0.5974110505081722, 0.0, 0.5974110505081722,
  0.8019351823749361, 0.0]
- [0.0, 0.0, 1.0, 0.8304718458373084, -0.5570606010763763, 0.0, 0.5570606010763763,
  0.8304718458373084, 0.0]
- [0.0, 0.0, 1.0, 0.8462598221621072, -0.5327704133997672, 0.0, 0.5327704133997672,
  0.8462598221621072, 0.0]
- [0.0, 0.0, 1.0, 0.8677400831526854, -0.49701825730064547, 0.0, 0.49701825730064547,
  0.8677400831526854, 0.0]
- [0.0, 0.0, 1.0, 0.8829221536502095, -0.46951940385214735, 0.0, 0.46951940385214735,
  0.8829221536502095, 0.0]
- [0.0, 0.0, 1.0, 0.895559744155988, -0.44494128224661433, 0.0, 0.44494128224661433,
  0.895559744155988, 0.0]
- [0.0, 0.0, 1.0, 0.9138878920217791, -0.4059666498814762, 0.0, 0.4059666498814762,
  0.9138878920217791, 0.0]
- [0.0, 0.0, 1.0, 0.9172005561470581, -0.39842582722951975, 0.0, 0.39842582722951975,
  0.9172005561470581, 0.0]
- [0.0, 0.0, 1.0, 0.9389159252616343, -0.34414660435647104, 0.0, 0.34414660435647104,
  0.9389159252616343, 0.0]
- [0.0, 0.0, 1.0, 0.9421554421922487, -0.3351762562406956, 0.0, 0.3351762562406956,
  0.9421554421922487, 0.0]
- [0.0, 0.0, 1.0, 0.9786046612993831, -0.20574964613121402, 0.0, 0.20574964613121402,
  0.9786046612993831, 0.0]
- [0.0, 0.0, 1.0, 0.9849349265955072, -0.17292538961154014, 0.0, 0.17292538961154014,
  0.9849349265955072, 0.0]
- [0.0, 0.0, 1.0, 0.9642502935070583, -0.26499315363147, 0.0, 0.26499315363147, 0.9642502935070583,
  0.0]
- [0.0, 0.0, 1.0, 0.9743530029061032, -0.22502494467916054, 0.0, 0.22502494467916054,
  0.9743530029061032, 0.0]
- [0.0, 0.0, 1.0, 0.9782301245107722, -0.2075230673916501, 0.0, 0.2075230673916501,
  0.9782301245107722, 0.0]
- [0.0, 0.0, 1.0, 0.9796810756004641, -0.20056168654635345, 0.0, 0.20056168654635345,
  0.9796810756004641, 0.0]
- [0.0, 0.0, 1.0, 0.9881753811135144, -0.1533278062230093, 0.0, 0.1533278062230093,
  0.9881753811135144, 0.0]
- [0.0, 0.0, 1.0, 0.9895961509742195, -0.14387306202694758, 0.0, 0.14387306202694758,
  0.9895961509742195, 0.0]
- [0.0, 0.0, 1.0, 0.9908831951536389, -0.13472376762143976, 0.0, 0.13472376762143976,
  0.9908831951536389, 0.0]
- [0.0, 0.0, 1.0, 0.9953032529888259, -0.09680617020552608, 0.0, 0.09680617020552608,
  0.9953032529888259, 0.0]
- [0.0, 0.0, 1.0, 0.9964827776636985, -0.08379781512450091, 0.0, 0.08379781512450091,
  0.9964827776636985, 0.0]
- [0.0, 0.0, 1.0, 0.9969716375450508, -0.07776602041212957, 0.0, 0.07776602041212957,
  0.9969716375450508, 0.0]
- [0.0, 0.0, 1.0, 0.9991464492092724, -0.04130826833096594, 0.0, 0.04130826833096594,
  0.9991464492092724, 0.0]
- [0.0, 0.0, 1.0, 0.999654967908527, -0.02626680673020075, 0.0, 0.02626680673020075,
  0.999654967908527, 0.0]
- [0.0, 0.0, 1.0, 0.9997766523243793, -0.021133988432314003, 0.0, 0.021133988432314003,
  0.9997766523243793, 0.0]
- [0.0, 0.0, 1.0, 0.9999923552132941, 0.003910180938135383, 0.0, -0.003910180938135383,
  0.9999923552132941, 0.0]
- [0.0, 0.0, 1.0, 0.9995898350793493, 0.028638463751377418, 0.0, -0.028638463751377418,
  0.9995898350793493, 0.0]
- [0.0, 0.0, 1.0, 0.9994371044472258, 0.03354808868095458, 0.0, -0.03354808868095458,
  0.9994371044472258, 0.0]
- [0.0, 0.0, 1.0, 0.9993171003612282, 0.03695041171119693, 0.0, -0.03695041171119693,
  0.9993171003612282, 0.0]
- [0.0, 0.0, 1.0, 0.9987345054016701, -0.050293018601803685, 0.0, 0.050293018601803685,
  0.9987345054016701, 0.0]
- [0.0, 0.0, 1.0, 0.9997654405969122, -0.021657880507147023, 0.0, 0.021657880507147023,
  0.9997654405969122, 0.0]
- [0.0, 0.0, 1.0, 0.9961030863263748, 0.08819660657344347, 0.0, -0.08819660657344347,
  0.9961030863263748, 0.0]
- [0.0, 0.0, 1.0, 0.99457942295385, 0.10397966838178917, 0.0, -0.10397966838178917,
  0.99457942295385, 0.0]
- [0.0, 0.0, 1.0, 0.9909779300426188, 0.13402515498385595, 0.0, -0.13402515498385595,
  0.9909779300426188, 0.0]
- [0.0, 0.0, 1.0, 0.9903003203669504, 0.13894342546920077, 0.0, -0.13894342546920077,
  0.9903003203669504, 0.0]
- [0.0, 0.0, 1.0, 0.9896125144755046, 0.1437604646398626, 0.0, -0.1437604646398626,
  0.9896125144755046, 0.0]
- [0.0, 0.0, 1.0, 0.985185076557451, 0.17149450407662972, 0.0, -0.17149450407662972,
  0.985185076557451, 0.0]
- [0.0, 0.0, 1.0, 0.9824839557529821, 0.18634719393640523, 0.0, -0.18634719393640523,
  0.9824839557529821, 0.0]
- [0.0, 0.0, 1.0, 0.9817332634863261, 0.19026244864525405, 0.0, -0.19026244864525405,
  0.9817332634863261, 0.0]
- [0.0, 0.0, 1.0, 0.9799917537151939, 0.1990380934650918, 0.0, -0.1990380934650918,
  0.9799917537151939, 0.0]
- [0.0, 0.0, 1.0, 0.9738878673099349, 0.22702956174583622, 0.0, -0.22702956174583622,
  0.9738878673099349, 0.0]
- [0.0, 0.0, 1.0, 0.9722984339236058, 0.23374292586023487, 0.0, -0.23374292586023487,
  0.9722984339236058, 0.0]
- [0.0, 0.0, 1.0, 0.9714933111646048, 0.23706696598731822, 0.0, -0.23706696598731822,
  0.9714933111646048, 0.0]
- [0.0, 0.0, 1.0, 0.9682058241425112, 0.25015491619498686, 0.0, -0.25015491619498686,
  0.9682058241425112, 0.0]
- [0.0, 0.0, 1.0, 0.961864468546033, 0.273526496246081, 0.0, -0.273526496246081, 0.961864468546033,
  0.0]
- [0.0, 0.0, 1.0, 0.9610074033709667, 0.2765226404224291, 0.0, -0.2765226404224291,
  0.9610074033709667, 0.0]
- [0.0, 0.0, 1.0, 0.9601652600347989, 0.27943277084534507, 0.0, -0.27943277084534507,
  0.9601652600347989, 0.0]
- [0.0, 0.0, 1.0, 0.955493839009867, 0.29501105676599065, 0.0, -0.29501105676599065,
  0.955493839009867, 0.0]
- [0.0, 0.0, 1.0, 0.9507898879326397, 0.30983639070489816, 0.0, -0.30983639070489816,
  0.9507898879326397, 0.0]
- [0.0, 0.0, 1.0, 0.9500090904486178, 0.3122222414642976, 0.0, -0.3122222414642976,
  0.9500090904486178, 0.0]
- [0.0, 0.0, 1.0, 0.9492296962313347, 0.31458382633658727, 0.0, -0.31458382633658727,
  0.9492296962313347, 0.0]
- [0.0, 0.0, 1.0, 0.9444523147130303, 0.32864848277939634, 0.0, -0.32864848277939634,
  0.9444523147130303, 0.0]
- [0.0, 0.0, 1.0, 0.9413417892951589, 0.33745464247301243, 0.0, -0.33745464247301243,
  0.9413417892951589, 0.0]
- [0.0, 0.0, 1.0, 0.940725159759044, 0.3391698303156122, 0.0, -0.3391698303156122,
  0.940725159759044, 0.0]
- [0.0, 0.0, 1.0, 0.9401886442066585, 0.3406542430454165, 0.0, -0.3406542430454165,
  0.9401886442066585, 0.0]
- [0.0, 0.0, 1.0, 0.9366038368281632, 0.3503901437523087, 0.0, -0.3503901437523087,
  0.9366038368281632, 0.0]
- [0.0, 0.0, 1.0, 0.9348509259926631, 0.3550404852557808, 0.0, -0.3550404852557808,
  0.9348509259926631, 0.0]
- [0.0, 0.0, 1.0, 0.9345862148404053, 0.35573671026516795, 0.0, -0.35573671026516795,
  0.9345862148404053, 0.0]
- [0.0, 0.0, 1.0, 0.9343196407177675, 0.35643626214096386, 0.0, -0.35643626214096386,
  0.9343196407177675, 0.0]
- [0.0, 0.0, 1.0, 0.9332092204155334, 0.3593334815062915, 0.0, -0.3593334815062915,
  0.9332092204155334, 0.0]
- [0.0, 0.0, 1.0, 0.9328442722406528, 0.36027984088456394, 0.0, -0.36027984088456394,
  0.9328442722406528, 0.0]
- [0.0, 0.0, 1.0, 0.9328947972138896, 0.36014899323926464, 0.0, -0.36014899323926464,
  0.9328947972138896, 0.0]
- [0.0, 0.0, 1.0, 0.9333735318812038, 0.3589064641151054, 0.0, -0.3589064641151054,
  0.9333735318812038, 0.0]
- [0.0, 0.0, 1.0, 0.9349643671263451, 0.35474164148579, 0.0, -0.35474164148579, 0.9349643671263451,
  0.0]
- [0.0, 0.0, 1.0, 0.935657315009471, 0.3529098877465287, 0.0, -0.3529098877465287,
  0.935657315009471, 0.0]
- [0.0, 0.0, 1.0, 0.936237958273504, 0.3513665970007119, 0.0, -0.3513665970007119,
  0.936237958273504, 0.0]
- [0.0, 0.0, 1.0, 0.9377639951952391, 0.3472732199802683, 0.0, -0.3472732199802683,
  0.9377639951952391, 0.0]
- [0.0, 0.0, 1.0, 0.9423887597907052, 0.33451969362077416, 0.0, -0.33451969362077416,
  0.9423887597907052, 0.0]
- [0.0, 0.0, 1.0, 0.9433067067136155, 0.3319223660272275, 0.0, -0.3319223660272275,
  0.9433067067136155, 0.0]
- [0.0, 0.0, 1.0, 0.9440615498935772, 0.32976929816545547, 0.0, -0.32976929816545547,
  0.9440615498935772, 0.0]
- [0.0, 0.0, 1.0, 0.9490029906741237, 0.3152670672486564, 0.0, -0.3152670672486564,
  0.9490029906741237, 0.0]
- [0.0, 0.0, 1.0, 0.9530400986991484, 0.3028441352767418, 0.0, -0.3028441352767418,
  0.9530400986991484, 0.0]
- [0.0, 0.0, 1.0, 0.9540552673082261, 0.2996306842121303, 0.0, -0.2996306842121303,
  0.9540552673082261, 0.0]
- [0.0, 0.0, 1.0, 0.9555502456376043, 0.2948283026812628, 0.0, -0.2948283026812628,
  0.9555502456376043, 0.0]
- [0.0, 0.0, 1.0, 0.9639440081232447, 0.2661051468936559, 0.0, -0.2661051468936559,
  0.9639440081232447, 0.0]
- [0.0, 0.0, 1.0, 0.9650518549191228, 0.26205899587146464, 0.0, -0.26205899587146464,
  0.9650518549191228, 0.0]
