nodes:
- [2.84778240 0.01072108 0.00000000]
- [2.84587374 0.06718257 0.00000000]
- [2.84395195 0.12427198 0.00000000]
- [2.84154077 0.18022330 0.00000000]
- [2.83671352 0.23605301 0.00000000]
- [2.83136236 0.29277447 0.00000000]
- [2.82569120 0.34864224 0.00000000]
- [2.81784835 0.40398649 0.00000000]
- [2.80894521 0.46010889 0.00000000]
- [2.79987956 0.51575390 0.00000000]
- [2.78904013 0.57052848 0.00000000]
- [2.77667036 0.62585842 0.00000000]
- [2.76425922 0.68106602 0.00000000]
- [2.75046574 0.73509145 0.00000000]
- [2.73469860 0.78936963 0.00000000]
- [2.71885328 0.84395183 0.00000000]
- [2.70222787 0.89713374 0.00000000]
- [2.68315595 0.95006659 0.00000000]
- [2.66383436 1.00373078 0.00000000]
- [2.64426345 1.05600239 0.00000000]
- [2.62215101 1.10751936 0.00000000]
- [2.59949579 1.15985649 0.00000000]
- [2.57674568 1.21105859 0.00000000]
- [2.55188823 1.26121822 0.00000000]
- [2.52605650 1.31192040 0.00000000]
- [2.50020504 1.36185318 0.00000000]
- [2.47267496 1.41049058 0.00000000]
- [2.44376320 1.45935932 0.00000000]
- [2.41486750 1.50783910 0.00000000]
- [2.38474901 1.55483130 0.00000000]
- [2.35289909 1.60170459 0.00000000]
- [2.32107412 1.64855019 0.00000000]
- [2.28847060 1.69373884 0.00000000]
- [2.25385699 1.73835515 0.00000000]
- [2.21897611 1.78333207 0.00000000]
- [2.18407344 1.82676798 0.00000000]
- [2.14616977 1.86972190 0.00000000]
- [2.10772235 1.91331473 0.00000000]
- [2.06949135 1.95551261 0.00000000]
- [2.02919419 1.99609864 0.00000000]
- [1.98812455 2.03716935 0.00000000]
- [1.94731863 2.07707069 0.00000000]
- [1.90479942 2.11523196 0.00000000]
- [1.86129612 2.15360208 0.00000000]
- [1.81806301 2.19104328 0.00000000]
- [1.77346063 2.22663134 0.00000000]
- [1.72768040 2.26213655 0.00000000]
- [1.68214709 2.29696235 0.00000000]
- [1.63560369 2.32987190 0.00000000]
- [1.58773413 2.36239034 0.00000000]
- [1.54006649 2.39447171 0.00000000]
- [1.49174414 2.42460959 0.00000000]
- [1.44198591 2.45404065 0.00000000]
- [1.39237472 2.48325881 0.00000000]
- [1.34245033 2.51050809 0.00000000]
- [1.29100365 2.53671258 0.00000000]
- [1.23957899 2.56291802 0.00000000]
- [1.18820739 2.58723047 0.00000000]
- [1.13534009 2.61010783 0.00000000]
- [1.08220306 2.63311337 0.00000000]
- [1.02956744 2.65454185 0.00000000]
- [0.97554684 2.67398134 0.00000000]
- [0.92093078 2.69364869 0.00000000]
- [0.86711566 2.71204332 0.00000000]
- [0.81214758 2.72808494 0.00000000]
- [0.75637713 2.74427944 0.00000000]
- [0.70142061 2.75942170 0.00000000]
- [0.64567725 2.77224129 0.00000000]
- [0.58905913 2.78489553 0.00000000]
- [0.53090364 2.78525560 0.00000000]
- [0.48319395 2.78160340 0.00000000]
- [0.43621457 2.78905296 0.00000000]
- [0.37845524 2.79815492 0.00000000]
- [0.32145347 2.80517070 0.00000000]
- [0.26300053 2.81067744 0.00000000]
- [0.20470671 2.81618664 0.00000000]
- [0.14739970 2.81970898 0.00000000]
- [0.08877110 2.82154901 0.00000000]
- [0.03014424 2.82340591 0.00000000]
- [-0.02725196 2.82349899 0.00000000]
- [-0.08575869 2.82164399 0.00000000]
- [-0.14450658 2.81979851 0.00000000]
- [-0.20182519 2.81646087 0.00000000]
- [-0.25999992 2.81096052 0.00000000]
- [-0.31877662 2.80541929 0.00000000]
- [-0.36444816 2.80020431 0.00000000]
- [-0.41223088 2.80469813 0.00000000]
- [-0.47079847 2.80725014 0.00000000]
- [-0.52665183 2.79790010 0.00000000]
- [-0.58190925 2.78649441 0.00000000]
- [-0.63780744 2.77400002 0.00000000]
- [-0.69315581 2.76134516 0.00000000]
- [-0.74757813 2.74683629 0.00000000]
- [-0.80253593 2.73087572 0.00000000]
- [-0.85718087 2.71494357 0.00000000]
- [-0.91058366 2.69737787 0.00000000]
- [-0.96431577 2.67802528 0.00000000]
- [-1.01807409 2.65867369 0.00000000]
- [-1.07041060 2.63822386 0.00000000]
- [-1.12262455 2.61561216 0.00000000]
- [-1.17524618 2.59283579 0.00000000]
- [-1.22642758 2.56951768 0.00000000]
- [-1.27698738 2.54385344 0.00000000]
- [-1.32812588 2.51780175 0.00000000]
- [-1.37796549 2.49144373 0.00000000]
- [-1.42687635 2.46297931 0.00000000]
- [-1.47623464 2.43378127 0.00000000]
- [-1.52456260 2.40444779 0.00000000]
- [-1.57169136 2.37329042 0.00000000]
- [-1.61909438 2.34108546 0.00000000]
- [-1.66573034 2.30889337 0.00000000]
- [-1.71090360 2.27515073 0.00000000]
- [-1.75615714 2.24005015 0.00000000]
- [-1.80092701 2.20508506 0.00000000]
- [-1.84399594 2.16886502 0.00000000]
- [-1.88690801 2.13101157 0.00000000]
- [-1.92963853 2.09333274 0.00000000]
- [-1.97052390 2.05477675 0.00000000]
- [-2.01087644 2.01441626 0.00000000]
- [-2.05133564 1.97396234 0.00000000]
- [-2.09011689 1.93328845 0.00000000]
- [-2.12770022 1.89066235 0.00000000]
- [-2.16563594 1.84765500 0.00000000]
- [-2.20207876 1.80474812 0.00000000]
- [-2.23699253 1.76009953 0.00000000]
- [-2.27214012 1.71478406 0.00000000]
- [-2.30607816 1.66969317 0.00000000]
- [-2.33829953 1.62319550 0.00000000]
- [-2.37051263 1.57577949 0.00000000]
- [-2.40182882 1.52865824 0.00000000]
- [-2.43127317 1.48047541 0.00000000]
- [-2.46044730 1.43115631 0.00000000]
- [-2.48902765 1.38218322 0.00000000]
- [-2.51558063 1.33248768 0.00000000]
- [-2.54158213 1.28144557 0.00000000]
- [-2.56731009 1.23076036 0.00000000]
- [-2.59090498 1.17971037 0.00000000]
- [-2.61362423 1.12721685 0.00000000]
- [-2.63629021 1.07487156 0.00000000]
- [-2.65702878 1.02264865 0.00000000]
- [-2.67633025 0.96902331 0.00000000]
- [-2.69572906 0.91515757 0.00000000]
- [-2.71358909 0.86184826 0.00000000]
- [-2.72948107 0.80733919 0.00000000]
- [-2.74547092 0.75227663 0.00000000]
- [-2.76022010 0.69788207 0.00000000]
- [-2.77291614 0.64265763 0.00000000]
- [-2.78542006 0.58671367 0.00000000]
- [-2.79700649 0.53142605 0.00000000]
- [-2.80647692 0.47567554 0.00000000]
- [-2.81545484 0.41906904 0.00000000]
- [-2.82382796 0.36309042 0.00000000]
- [-2.83002011 0.30701658 0.00000000]
- [-2.83540119 0.24996048 0.00000000]
- [-2.84050092 0.19345073 0.00000000]
- [-2.84342554 0.13721720 0.00000000]
- [-2.84522854 0.07994353 0.00000000]
- [-2.84702966 0.02310238 0.00000000]
- [-2.84671033 -0.03308447 0.00000000]
- [-2.84490459 -0.09021810 0.00000000]
- [-2.84310942 -0.14731195 0.00000000]
- [-2.83980026 -0.20341468 0.00000000]
- [-2.83444593 -0.26008496 0.00000000]
- [-2.82907007 -0.31710210 0.00000000]
- [-2.82257197 -0.37299732 0.00000000]
- [-2.81386665 -0.42907956 0.00000000]
- [-2.80489107 -0.48568082 0.00000000]
- [-2.79512495 -0.54123648 0.00000000]
- [-2.78320796 -0.59660815 0.00000000]
- [-2.77070773 -0.65254222 0.00000000]
- [-2.75772348 -0.70755368 0.00000000]
- [-2.74264246 -0.76201421 0.00000000]
- [-2.72665778 -0.81706393 0.00000000]
- [-2.71048621 -0.87134119 0.00000000]
- [-2.69229239 -0.92469803 0.00000000]
- [-2.67286636 -0.97864350 0.00000000]
- [-2.65353668 -1.03200461 0.00000000]
- [-2.63229786 -1.08408653 0.00000000]
- [-2.60954054 -1.13665058 0.00000000]
- [-2.58692318 -1.18891786 0.00000000]
- [-2.56285605 -1.23970019 0.00000000]
- [-2.53693504 -1.29056701 0.00000000]
- [-2.51098727 -1.34150762 0.00000000]
- [-2.48419637 -1.39092421 0.00000000]
- [-2.45528189 -1.43988763 0.00000000]
- [-2.42612094 -1.48918761 0.00000000]
- [-2.39645354 -1.53707809 0.00000000]
- [-2.36480984 -1.58417282 0.00000000]
- [-2.33261386 -1.63156634 0.00000000]
- [-2.30018262 -1.67775511 0.00000000]
- [-2.26592012 -1.72280253 0.00000000]
- [-2.23079253 -1.76809448 0.00000000]
- [-2.19568409 -1.81241914 0.00000000]
- [-2.15892170 -1.85526588 0.00000000]
- [-2.12098718 -1.89827373 0.00000000]
- [-2.08330007 -1.94058871 0.00000000]
- [-2.04417854 -1.98111708 0.00000000]
- [-2.00360760 -2.02168509 0.00000000]
- [-1.96346408 -2.06184374 0.00000000]
- [-1.92214433 -2.09993728 0.00000000]
- [-1.87919857 -2.13781131 0.00000000]
- [-1.83643908 -2.17553388 0.00000000]
- [-1.79315899 -2.21136034 0.00000000]
- [-1.74810675 -2.24629381 0.00000000]
- [-1.70291411 -2.28134952 0.00000000]
- [-1.65762313 -2.31472652 0.00000000]
- [-1.61069422 -2.34679188 0.00000000]
- [-1.56332802 -2.37897384 0.00000000]
- [-1.51610177 -2.40975832 0.00000000]
- [-1.46749214 -2.43895237 0.00000000]
- [-1.41345413 -2.46007329 0.00000000]
- [-1.36213963 -2.47878774 0.00000000]
- [-1.31052743 -2.50581159 0.00000000]
- [-1.25772547 -2.53271232 0.00000000]
- [-1.20556050 -2.55860946 0.00000000]
- [-1.15243986 -2.58236073 0.00000000]
- [-1.09804045 -2.60590870 0.00000000]
- [-1.04436415 -2.62856710 0.00000000]
- [-0.98992429 -2.64896060 0.00000000]
- [-0.93413732 -2.66904669 0.00000000]
- [-0.87914462 -2.68836730 0.00000000]
- [-0.82359066 -2.70532103 0.00000000]
- [-0.76662859 -2.72185886 0.00000000]
- [-0.71051391 -2.73776723 0.00000000]
- [-0.65405376 -2.75123828 0.00000000]
- [-0.58974370 -2.76561047 0.00000000]
- [-0.52789822 -2.78817926 0.00000000]
- [-0.47377731 -2.80677784 0.00000000]
- [-0.41701855 -2.81578006 0.00000000]
- [-0.36098284 -2.82416605 0.00000000]
- [-0.30476786 -2.83023177 0.00000000]
- [-0.24749785 -2.83563346 0.00000000]
- [-0.19096795 -2.84079388 0.00000000]
- [-0.13462163 -2.84350644 0.00000000]
- [-0.07712422 -2.84531743 0.00000000]
- [-0.02024348 -2.84712145 0.00000000]
- [0.03606668 -2.84661527 0.00000000]
- [0.09341005 -2.84480396 0.00000000]
- [0.15053322 -2.84300926 0.00000000]
- [0.20674586 -2.83948440 0.00000000]
- [0.26363547 -2.83411098 0.00000000]
- [0.32067383 -2.82873435 0.00000000]
- [0.37665823 -2.82199772 0.00000000]
- [0.43296578 -2.81325026 0.00000000]
- [0.48961691 -2.80426750 0.00000000]
- [0.54522304 -2.79431877 0.00000000]
- [0.60077756 -2.78227598 0.00000000]
- [0.65681832 -2.76975243 0.00000000]
- [0.71184821 -2.75664227 0.00000000]
- [0.76644086 -2.74135673 0.00000000]
- [0.82165205 -2.72532573 0.00000000]
- [0.87592262 -2.70908763 0.00000000]
- [0.92935169 -2.69061588 0.00000000]
- [0.98351129 -2.67111364 0.00000000]
- [1.03684903 -2.65177914 0.00000000]
- [1.08893507 -2.63019754 0.00000000]
- [1.14174657 -2.60733457 0.00000000]
- [1.19398100 -2.58473471 0.00000000]
- [1.24472328 -2.56029463 0.00000000]
- [1.29584639 -2.53424536 0.00000000]
- [1.34675492 -2.50831655 0.00000000]
- [1.39609840 -2.48116248 0.00000000]
- [1.44529711 -2.45208183 0.00000000]
- [1.49459722 -2.42292266 0.00000000]
- [1.54239249 -2.39296127 0.00000000]
- [1.58965089 -2.36108810 0.00000000]
- [1.63709137 -2.32886156 0.00000000]
- [1.68316909 -2.29620270 0.00000000]
- [1.72803679 -2.26186010 0.00000000]
- [1.77316627 -2.22685948 0.00000000]
- [1.81714030 -2.19182472 0.00000000]
- [1.85973654 -2.15497774 0.00000000]
- [1.90264210 -2.11713438 0.00000000]
- [1.94465941 -2.07962808 0.00000000]
- [1.98486410 -2.04043013 0.00000000]
- [2.02537410 -1.99991859 0.00000000]
- [2.06528632 -1.96002576 0.00000000]
- [2.10301281 -1.91865529 0.00000000]
- [2.14084033 -1.87576433 0.00000000]
- [2.17834384 -1.83325629 0.00000000]
- [2.21382943 -1.78997254 0.00000000]
- [2.24870921 -1.74499244 0.00000000]
- [2.28357526 -1.70004651 0.00000000]
- [2.31664785 -1.65480378 0.00000000]
- [2.34864645 -1.60796436 0.00000000]
- [2.38068091 -1.56081626 0.00000000]
- [2.41123296 -1.51373037 0.00000000]
- [2.44029476 -1.46522276 0.00000000]
- [2.46937108 -1.41607341 0.00000000]
- [2.49729977 -1.36730795 0.00000000]
- [2.52330740 -1.31731688 0.00000000]
- [2.54928218 -1.26633230 0.00000000]
- [2.57449655 -1.21601250 0.00000000]
- [2.59739034 -1.16472087 0.00000000]
- [2.62016323 -1.11211113 0.00000000]
- [2.64257071 -1.06038578 0.00000000]
- [2.66229936 -1.00799488 0.00000000]
- [2.68169004 -0.95413779 0.00000000]
- [2.70088463 -0.90085750 0.00000000]
- [2.71782169 -0.84750935 0.00000000]
- [2.73370497 -0.79279176 0.00000000]
- [2.74956069 -0.73820477 0.00000000]
- [2.76356302 -0.68394710 0.00000000]
- [2.77606486 -0.62856779 0.00000000]
- [2.78849537 -0.57296328 0.00000000]
- [2.79949468 -0.51794384 0.00000000]
- [2.80862893 -0.46210326 0.00000000]
- [2.81757432 -0.40571245 0.00000000]
- [2.82552787 -0.35011557 0.00000000]
- [2.83124387 -0.29403087 0.00000000]
- [2.83661937 -0.23705029 0.00000000]
- [2.84150450 -0.18096530 0.00000000]
- [2.84393498 -0.12477646 0.00000000]
- [2.84586518 -0.06743696 0.00000000]
- [2.84778240 -0.01072108 0.00000000]
- [1.69012610 -2.23893922 0.00000000]
- [1.69708310 -2.18167574 0.00000000]
- [1.70404010 -2.12441226 0.00000000]
- [1.71099711 -2.06714877 0.00000000]
- [1.71795411 -2.00988529 0.00000000]
- [1.72491112 -1.95262181 0.00000000]
- [1.73186812 -1.89535833 0.00000000]
- [1.73882513 -1.83809485 0.00000000]
- [1.74578213 -1.78083137 0.00000000]
- [1.75273914 -1.72356788 0.00000000]
- [1.75969614 -1.66630440 0.00000000]
- [1.76665315 -1.60904092 0.00000000]
- [1.77361015 -1.55177744 0.00000000]
- [1.78056716 -1.49451396 0.00000000]
- [1.78752416 -1.43725048 0.00000000]
- [1.79448117 -1.37998699 0.00000000]
- [1.80143817 -1.32272351 0.00000000]
- [1.80839518 -1.26546003 0.00000000]
- [1.81535218 -1.20819655 0.00000000]
- [1.82230919 -1.15093307 0.00000000]
- [1.82926619 -1.09366959 0.00000000]
- [1.83622320 -1.03640610 0.00000000]
- [1.84318020 -0.97914262 0.00000000]
- [1.85013721 -0.92187914 0.00000000]
- [1.85709421 -0.86461566 0.00000000]
- [1.86405121 -0.80735218 0.00000000]
- [1.87100822 -0.75008869 0.00000000]
- [1.87796522 -0.69282521 0.00000000]
- [1.88492223 -0.63556173 0.00000000]
- [1.89187923 -0.57829825 0.00000000]
- [1.89883624 -0.52103477 0.00000000]
- [1.90579324 -0.46377129 0.00000000]
- [1.91275025 -0.40650780 0.00000000]
- [1.91970725 -0.34924432 0.00000000]
- [1.92666426 -0.29198084 0.00000000]
- [1.93362126 -0.23471736 0.00000000]
- [1.94057827 -0.17745388 0.00000000]
- [1.94753527 -0.12019040 0.00000000]
- [1.95449228 -0.06292691 0.00000000]
- [1.96144928 -0.00566343 0.00000000]
- [1.96840629 0.05160005 0.00000000]
- [1.97536329 0.10886353 0.00000000]
- [1.98232030 0.16612701 0.00000000]
- [1.98927730 0.22339049 0.00000000]
- [1.99623431 0.28065398 0.00000000]
- [2.00319131 0.33791746 0.00000000]
- [2.01014832 0.39518094 0.00000000]
- [2.01710532 0.45244442 0.00000000]
- [2.02406233 0.50970790 0.00000000]
- [2.03101933 0.56697138 0.00000000]
- [2.03797633 0.62423487 0.00000000]
- [2.04493334 0.68149835 0.00000000]
- [2.05189034 0.73876183 0.00000000]
- [2.05884735 0.79602531 0.00000000]
- [2.06580435 0.85328879 0.00000000]
- [2.07276136 0.91055227 0.00000000]
- [2.07971836 0.96781576 0.00000000]
- [2.08667537 1.02507924 0.00000000]
- [2.09363237 1.08234272 0.00000000]
- [2.10058938 1.13960620 0.00000000]
- [2.10754638 1.19686968 0.00000000]
- [2.11450339 1.25413316 0.00000000]
- [2.12146039 1.31139665 0.00000000]
- [2.12841740 1.36866013 0.00000000]
- [2.13537440 1.42592361 0.00000000]
- [2.14233141 1.48318709 0.00000000]
- [2.14928841 1.54045057 0.00000000]
- [2.15624542 1.59771405 0.00000000]
- [2.16320242 1.65497754 0.00000000]
- [2.17015943 1.71224102 0.00000000]
- [2.17711643 1.76950450 0.00000000]
- [-1.35092067 -2.42196831 0.00000000]
- [-1.33970171 -2.36514888 0.00000000]
- [-1.32848276 -2.30832945 0.00000000]
- [-1.31726380 -2.25151002 0.00000000]
- [-1.30604484 -2.19469059 0.00000000]
- [-1.29482589 -2.13787116 0.00000000]
- [-1.28360693 -2.08105173 0.00000000]
- [-1.27238797 -2.02423230 0.00000000]
- [-1.26116901 -1.96741287 0.00000000]
- [-1.24995006 -1.91059344 0.00000000]
- [-1.23873110 -1.85377401 0.00000000]
- [-1.22751214 -1.79695458 0.00000000]
- [-1.21629319 -1.74013515 0.00000000]
- [-1.20507423 -1.68331572 0.00000000]
- [-1.19385527 -1.62649629 0.00000000]
- [-1.18263632 -1.56967686 0.00000000]
- [-1.17141736 -1.51285743 0.00000000]
- [-1.16019840 -1.45603800 0.00000000]
- [-1.14897944 -1.39921856 0.00000000]
- [-1.13776049 -1.34239913 0.00000000]
- [-1.12654153 -1.28557970 0.00000000]
- [-1.11532257 -1.22876027 0.00000000]
- [-1.10410362 -1.17194084 0.00000000]
- [-1.09288466 -1.11512141 0.00000000]
- [-1.08166570 -1.05830198 0.00000000]
- [-1.07044674 -1.00148255 0.00000000]
- [-1.05922779 -0.94466312 0.00000000]
- [-1.04800883 -0.88784369 0.00000000]
- [-1.03678987 -0.83102426 0.00000000]
- [-1.02557092 -0.77420483 0.00000000]
- [-1.01435196 -0.71738540 0.00000000]
- [-1.00313300 -0.66056597 0.00000000]
- [-0.99191405 -0.60374654 0.00000000]
- [-0.98069509 -0.54692711 0.00000000]
- [-0.96947613 -0.49010768 0.00000000]
- [-0.95825717 -0.43328825 0.00000000]
- [-0.94703822 -0.37646882 0.00000000]
- [-0.93581926 -0.31964939 0.00000000]
- [-0.92460030 -0.26282996 0.00000000]
- [-0.91338135 -0.20601053 0.00000000]
- [-0.90216239 -0.14919109 0.00000000]
- [-0.89094343 -0.09237166 0.00000000]
- [-0.87972447 -0.03555223 0.00000000]
- [-0.86850552 0.02126720 0.00000000]
- [-0.85728656 0.07808663 0.00000000]
- [-0.84606760 0.13490606 0.00000000]
- [-0.83484865 0.19172549 0.00000000]
- [-0.82362969 0.24854492 0.00000000]
- [-0.81241073 0.30536435 0.00000000]
- [-0.80119177 0.36218378 0.00000000]
- [-0.78997282 0.41900321 0.00000000]
- [-0.77875386 0.47582264 0.00000000]
- [-0.76753490 0.53264207 0.00000000]
- [-0.75631595 0.58946150 0.00000000]
- [-0.74509699 0.64628093 0.00000000]
- [-0.73387803 0.70310036 0.00000000]
- [-0.72265908 0.75991979 0.00000000]
- [-0.71144012 0.81673922 0.00000000]
- [-0.70022116 0.87355865 0.00000000]
- [-0.68900220 0.93037808 0.00000000]
- [-0.67778325 0.98719751 0.00000000]
- [-0.66656429 1.04401694 0.00000000]
- [-0.65534533 1.10083637 0.00000000]
- [-0.64412638 1.15765581 0.00000000]
- [-0.63290742 1.21447524 0.00000000]
- [-0.62168846 1.27129467 0.00000000]
- [-0.61046950 1.32811410 0.00000000]
- [-0.59925055 1.38493353 0.00000000]
- [-0.58803159 1.44175296 0.00000000]
- [-0.57681263 1.49857239 0.00000000]
- [-0.56559368 1.55539182 0.00000000]
- [-0.55437472 1.61221125 0.00000000]
- [-0.54315576 1.66903068 0.00000000]
- [-0.53193680 1.72585011 0.00000000]
- [-0.52071785 1.78266954 0.00000000]
- [-0.50949889 1.83948897 0.00000000]
- [-0.49827993 1.89630840 0.00000000]
- [-0.48706098 1.95312783 0.00000000]
- [-0.47584202 2.00994726 0.00000000]
- [-0.46462306 2.06676669 0.00000000]
- [-0.45340411 2.12358612 0.00000000]
- [-0.44218515 2.18040555 0.00000000]
- [-0.43096619 2.23722498 0.00000000]
- [-0.41974723 2.29404441 0.00000000]
- [-0.40852828 2.35086384 0.00000000]
- [-0.39730932 2.40768328 0.00000000]
- [-0.38609036 2.46450271 0.00000000]
- [-0.37487141 2.52132214 0.00000000]
- [-0.36365245 2.57814157 0.00000000]
- [-0.35243349 2.63496100 0.00000000]
- [-0.34121453 2.69178043 0.00000000]
- [-0.32999558 2.74859986 0.00000000]
- [-0.64281388 -2.69412187 0.00000000]
- [-0.63157400 -2.63700547 0.00000000]
- [-0.62033412 -2.57988906 0.00000000]
- [-0.60909424 -2.52277266 0.00000000]
- [-0.59785436 -2.46565625 0.00000000]
- [-0.58661448 -2.40853985 0.00000000]
- [-0.57537460 -2.35142345 0.00000000]
- [-0.56413472 -2.29430704 0.00000000]
- [-0.55289484 -2.23719064 0.00000000]
- [-0.54165496 -2.18007423 0.00000000]
- [-0.53041508 -2.12295783 0.00000000]
- [-0.51917520 -2.06584142 0.00000000]
- [-0.50793532 -2.00872502 0.00000000]
- [-0.49669544 -1.95160861 0.00000000]
- [-0.48545556 -1.89449221 0.00000000]
- [-0.47421568 -1.83737580 0.00000000]
- [-0.46297580 -1.78025940 0.00000000]
- [-0.45173592 -1.72314300 0.00000000]
- [-0.44049604 -1.66602659 0.00000000]
- [-0.42925616 -1.60891019 0.00000000]
- [-0.41801628 -1.55179378 0.00000000]
- [-0.40677640 -1.49467738 0.00000000]
- [-0.39553652 -1.43756097 0.00000000]
- [-0.38429664 -1.38044457 0.00000000]
- [-0.37305676 -1.32332816 0.00000000]
- [-0.36181688 -1.26621176 0.00000000]
- [-0.35057700 -1.20909535 0.00000000]
- [-0.33933712 -1.15197895 0.00000000]
- [-0.32809725 -1.09486255 0.00000000]
- [-0.31685737 -1.03774614 0.00000000]
- [-0.30561749 -0.98062974 0.00000000]
- [-0.29437761 -0.92351333 0.00000000]
- [-0.28313773 -0.86639693 0.00000000]
- [-0.27189785 -0.80928052 0.00000000]
- [-0.26065797 -0.75216412 0.00000000]
- [-0.24941809 -0.69504771 0.00000000]
- [-0.23817821 -0.63793131 0.00000000]
- [-0.22693833 -0.58081490 0.00000000]
- [-0.21569845 -0.52369850 0.00000000]
- [-0.20445857 -0.46658210 0.00000000]
- [-0.19321869 -0.40946569 0.00000000]
- [-0.18197881 -0.35234929 0.00000000]
- [-0.17073893 -0.29523288 0.00000000]
- [-0.15949905 -0.23811648 0.00000000]
- [-0.14825917 -0.18100007 0.00000000]
- [-0.13701929 -0.12388367 0.00000000]
- [-0.12577941 -0.06676726 0.00000000]
- [-0.11453953 -0.00965086 0.00000000]
- [-0.10329965 0.04746555 0.00000000]
- [-0.09205977 0.10458195 0.00000000]
- [-0.08081989 0.16169835 0.00000000]
- [-0.06958001 0.21881476 0.00000000]
- [-0.05834013 0.27593116 0.00000000]
- [-0.04710025 0.33304757 0.00000000]
- [-0.03586037 0.39016397 0.00000000]
- [-0.02462049 0.44728038 0.00000000]
- [-0.01338061 0.50439678 0.00000000]
- [-0.00214073 0.56151319 0.00000000]
- [0.00909915 0.61862959 0.00000000]
- [0.02033903 0.67574600 0.00000000]
- [0.03157891 0.73286240 0.00000000]
- [0.04281879 0.78997880 0.00000000]
- [0.05405866 0.84709521 0.00000000]
- [0.06529854 0.90421161 0.00000000]
- [0.07653842 0.96132802 0.00000000]
- [0.08777830 1.01844442 0.00000000]
- [0.09901818 1.07556083 0.00000000]
- [0.11025806 1.13267723 0.00000000]
- [0.12149794 1.18979364 0.00000000]
- [0.13273782 1.24691004 0.00000000]
- [0.14397770 1.30402645 0.00000000]
- [0.15521758 1.36114285 0.00000000]
- [0.16645746 1.41825925 0.00000000]
- [0.17769734 1.47537566 0.00000000]
- [0.18893722 1.53249206 0.00000000]
- [0.20017710 1.58960847 0.00000000]
- [0.21141698 1.64672487 0.00000000]
- [0.22265686 1.70384128 0.00000000]
- [0.23389674 1.76095768 0.00000000]
- [0.24513662 1.81807409 0.00000000]
- [0.25637650 1.87519049 0.00000000]
- [0.26761638 1.93230689 0.00000000]
- [0.27885626 1.98942330 0.00000000]
- [0.29009614 2.04653970 0.00000000]
- [0.30133602 2.10365611 0.00000000]
- [0.31257590 2.16077251 0.00000000]
- [0.32381578 2.21788892 0.00000000]
- [0.33505566 2.27500532 0.00000000]
- [0.34629554 2.33212173 0.00000000]
- [0.35753542 2.38923813 0.00000000]
- [0.36877530 2.44635454 0.00000000]
- [0.38001518 2.50347094 0.00000000]
- [0.39125506 2.56058734 0.00000000]
- [0.40249494 2.61770375 0.00000000]
- [0.41373482 2.67482015 0.00000000]
- [0.42497470 2.73193656 0.00000000]
elements:
- [1 2]
- [2 3]
- [3 4]
- [4 5]
- [5 6]
- [6 7]
- [7 8]
- [8 9]
- [9 10]
- [10 11]
- [11 12]
- [12 13]
- [13 14]
- [14 15]
- [15 16]
- [16 17]
- [17 18]
- [18 19]
- [19 20]
- [20 21]
- [21 22]
- [22 23]
- [23 24]
- [24 25]
- [25 26]
- [26 27]
- [27 28]
- [28 29]
- [29 30]
- [30 31]
- [31 32]
- [32 33]
- [33 34]
- [34 35]
- [35 36]
- [36 37]
- [37 38]
- [38 39]
- [39 40]
- [40 41]
- [41 42]
- [42 43]
- [43 44]
- [44 45]
- [45 46]
- [46 47]
- [47 48]
- [48 49]
- [49 50]
- [50 51]
- [51 52]
- [52 53]
- [53 54]
- [54 55]
- [55 56]
- [56 57]
- [57 58]
- [58 59]
- [59 60]
- [60 61]
- [61 62]
- [62 63]
- [63 64]
- [64 65]
- [65 66]
- [66 67]
- [67 68]
- [68 69]
- [69 70]
- [70 71]
- [71 72]
- [72 73]
- [73 74]
- [74 75]
- [75 76]
- [76 77]
- [77 78]
- [78 79]
- [79 80]
- [80 81]
- [81 82]
- [82 83]
- [83 84]
- [84 85]
- [85 86]
- [86 87]
- [87 88]
- [88 89]
- [89 90]
- [90 91]
- [91 92]
- [92 93]
- [93 94]
- [94 95]
- [95 96]
- [96 97]
- [97 98]
- [98 99]
- [99 100]
- [100 101]
- [101 102]
- [102 103]
- [103 104]
- [104 105]
- [105 106]
- [106 107]
- [107 108]
- [108 109]
- [109 110]
- [110 111]
- [111 112]
- [112 113]
- [113 114]
- [114 115]
- [115 116]
- [116 117]
- [117 118]
- [118 119]
- [119 120]
- [120 121]
- [121 122]
- [122 123]
- [123 124]
- [124 125]
- [125 126]
- [126 127]
- [127 128]
- [128 129]
- [129 130]
- [130 131]
- [131 132]
- [132 133]
- [133 134]
- [134 135]
- [135 136]
- [136 137]
- [137 138]
- [138 139]
- [139 140]
- [140 141]
- [141 142]
- [142 143]
- [143 144]
- [144 145]
- [145 146]
- [146 147]
- [147 148]
- [148 149]
- [149 150]
- [150 151]
- [151 152]
- [152 153]
- [153 154]
- [154 155]
- [155 156]
- [156 157]
- [157 158]
- [158 159]
- [159 160]
- [160 161]
- [161 162]
- [162 163]
- [163 164]
- [164 165]
- [165 166]
- [166 167]
- [167 168]
- [168 169]
- [169 170]
- [170 171]
- [171 172]
- [172 173]
- [173 174]
- [174 175]
- [175 176]
- [176 177]
- [177 178]
- [178 179]
- [179 180]
- [180 181]
- [181 182]
- [182 183]
- [183 184]
- [184 185]
- [185 186]
- [186 187]
- [187 188]
- [188 189]
- [189 190]
- [190 191]
- [191 192]
- [192 193]
- [193 194]
- [194 195]
- [195 196]
- [196 197]
- [197 198]
- [198 199]
- [199 200]
- [200 201]
- [201 202]
- [202 203]
- [203 204]
- [204 205]
- [205 206]
- [206 207]
- [207 208]
- [208 209]
- [209 210]
- [210 211]
- [211 212]
- [212 213]
- [213 214]
- [214 215]
- [215 216]
- [216 217]
- [217 218]
- [218 219]
- [219 220]
- [220 221]
- [221 222]
- [222 223]
- [223 224]
- [224 225]
- [225 226]
- [226 227]
- [227 228]
- [228 229]
- [229 230]
- [230 231]
- [231 232]
- [232 233]
- [233 234]
- [234 235]
- [235 236]
- [236 237]
- [237 238]
- [238 239]
- [239 240]
- [240 241]
- [241 242]
- [242 243]
- [243 244]
- [244 245]
- [245 246]
- [246 247]
- [247 248]
- [248 249]
- [249 250]
- [250 251]
- [251 252]
- [252 253]
- [253 254]
- [254 255]
- [255 256]
- [256 257]
- [257 258]
- [258 259]
- [259 260]
- [260 261]
- [261 262]
- [262 263]
- [263 264]
- [264 265]
- [265 266]
- [266 267]
- [267 268]
- [268 269]
- [269 270]
- [270 271]
- [271 272]
- [272 273]
- [273 274]
- [274 275]
- [275 276]
- [276 277]
- [277 278]
- [278 279]
- [279 280]
- [280 281]
- [281 282]
- [282 283]
- [283 284]
- [284 285]
- [285 286]
- [286 287]
- [287 288]
- [288 289]
- [289 290]
- [290 291]
- [291 292]
- [292 293]
- [293 294]
- [294 295]
- [295 296]
- [296 297]
- [297 298]
- [298 299]
- [299 300]
- [300 301]
- [301 302]
- [302 303]
- [303 304]
- [304 305]
- [305 306]
- [306 307]
- [307 308]
- [308 309]
- [309 310]
- [310 311]
- [311 312]
- [312 313]
- [313 314]
- [314 315]
- [315 1]
- [268 316]
- [316 317]
- [317 318]
- [318 319]
- [319 320]
- [320 321]
- [321 322]
- [322 323]
- [323 324]
- [324 325]
- [325 326]
- [326 327]
- [327 328]
- [328 329]
- [329 330]
- [330 331]
- [331 332]
- [332 333]
- [333 334]
- [334 335]
- [335 336]
- [336 337]
- [337 338]
- [338 339]
- [339 340]
- [340 341]
- [341 342]
- [342 343]
- [343 344]
- [344 345]
- [345 346]
- [346 347]
- [347 348]
- [348 349]
- [349 350]
- [350 351]
- [351 352]
- [352 353]
- [353 354]
- [354 355]
- [355 356]
- [356 357]
- [357 358]
- [358 359]
- [359 360]
- [360 361]
- [361 362]
- [362 363]
- [363 364]
- [364 365]
- [365 366]
- [366 367]
- [367 368]
- [368 369]
- [369 370]
- [370 371]
- [371 372]
- [372 373]
- [373 374]
- [374 375]
- [375 376]
- [376 377]
- [377 378]
- [378 379]
- [379 380]
- [380 381]
- [381 382]
- [382 383]
- [383 384]
- [384 385]
- [385 386]
- [386 36]
- [212 387]
- [387 388]
- [388 389]
- [389 390]
- [390 391]
- [391 392]
- [392 393]
- [393 394]
- [394 395]
- [395 396]
- [396 397]
- [397 398]
- [398 399]
- [399 400]
- [400 401]
- [401 402]
- [402 403]
- [403 404]
- [404 405]
- [405 406]
- [406 407]
- [407 408]
- [408 409]
- [409 410]
- [410 411]
- [411 412]
- [412 413]
- [413 414]
- [414 415]
- [415 416]
- [416 417]
- [417 418]
- [418 419]
- [419 420]
- [420 421]
- [421 422]
- [422 423]
- [423 424]
- [424 425]
- [425 426]
- [426 427]
- [427 428]
- [428 429]
- [429 430]
- [430 431]
- [431 432]
- [432 433]
- [433 434]
- [434 435]
- [435 436]
- [436 437]
- [437 438]
- [438 439]
- [439 440]
- [440 441]
- [441 442]
- [442 443]
- [443 444]
- [444 445]
- [445 446]
- [446 447]
- [447 448]
- [448 449]
- [449 450]
- [450 451]
- [451 452]
- [452 453]
- [453 454]
- [454 455]
- [455 456]
- [456 457]
- [457 458]
- [458 459]
- [459 460]
- [460 461]
- [461 462]
- [462 463]
- [463 464]
- [464 465]
- [465 466]
- [466 467]
- [467 468]
- [468 469]
- [469 470]
- [470 471]
- [471 472]
- [472 473]
- [473 474]
- [474 475]
- [475 476]
- [476 477]
- [477 478]
- [478 85]
- [225 479]
- [479 480]
- [480 481]
- [481 482]
- [482 483]
- [483 484]
- [484 485]
- [485 486]
- [486 487]
- [487 488]
- [488 489]
- [489 490]
- [490 491]
- [491 492]
- [492 493]
- [493 494]
- [494 495]
- [495 496]
- [496 497]
- [497 498]
- [498 499]
- [499 500]
- [500 501]
- [501 502]
- [502 503]
- [503 504]
- [504 505]
- [505 506]
- [506 507]
- [507 508]
- [508 509]
- [509 510]
- [510 511]
- [511 512]
- [512 513]
- [513 514]
- [514 515]
- [515 516]
- [516 517]
- [517 518]
- [518 519]
- [519 520]
- [520 521]
- [521 522]
- [522 523]
- [523 524]
- [524 525]
- [525 526]
- [526 527]
- [527 528]
- [528 529]
- [529 530]
- [530 531]
- [531 532]
- [532 533]
- [533 534]
- [534 535]
- [535 536]
- [536 537]
- [537 538]
- [538 539]
- [539 540]
- [540 541]
- [541 542]
- [542 543]
- [543 544]
- [544 545]
- [545 546]
- [546 547]
- [547 548]
- [548 549]
- [549 550]
- [550 551]
- [551 552]
- [552 553]
- [553 554]
- [554 555]
- [555 556]
- [556 557]
- [557 558]
- [558 559]
- [559 560]
- [560 561]
- [561 562]
- [562 563]
- [563 564]
- [564 565]
- [565 566]
- [566 567]
- [567 568]
- [568 569]
- [569 570]
- [570 571]
- [571 572]
- [572 573]
- [573 574]
- [574 72]
sets:
  element:
  - name: layup_0
    labels:
    - 1
    - 2
    - 3
    - 4
    - 5
    - 6
    - 7
    - 8
    - 9
    - 10
    - 11
    - 12
    - 13
    - 14
    - 15
    - 16
    - 17
    - 18
    - 19
    - 20
    - 21
    - 22
    - 23
    - 24
    - 25
    - 26
    - 27
    - 28
    - 29
    - 30
    - 31
    - 32
    - 33
    - 34
    - 35
    - 36
    - 37
    - 38
    - 39
    - 40
    - 41
    - 42
    - 43
    - 44
    - 45
    - 46
    - 47
    - 48
    - 49
    - 50
    - 51
    - 52
    - 53
    - 54
    - 55
    - 56
    - 57
    - 58
    - 59
    - 60
    - 61
    - 62
    - 63
    - 64
    - 65
    - 66
    - 67
    - 68
    - 69
    - 87
    - 88
    - 89
    - 90
    - 91
    - 92
    - 93
    - 94
    - 95
    - 96
    - 97
    - 98
    - 99
    - 100
    - 101
    - 102
    - 103
    - 104
    - 105
    - 106
    - 107
    - 108
    - 109
    - 110
    - 111
    - 112
    - 113
    - 114
    - 115
    - 116
    - 117
    - 118
    - 119
    - 120
    - 121
    - 122
    - 123
    - 124
    - 125
    - 126
    - 127
    - 128
    - 129
    - 130
    - 131
    - 132
    - 133
    - 134
    - 135
    - 136
    - 137
    - 138
    - 139
    - 140
    - 141
    - 142
    - 143
    - 144
    - 145
    - 146
    - 147
    - 148
    - 149
    - 150
    - 151
    - 152
    - 153
    - 154
    - 155
    - 156
    - 157
    - 158
    - 159
    - 160
    - 161
    - 162
    - 163
    - 164
    - 165
    - 166
    - 167
    - 168
    - 169
    - 170
    - 171
    - 172
    - 173
    - 174
    - 175
    - 176
    - 177
    - 178
    - 179
    - 180
    - 181
    - 182
    - 183
    - 184
    - 185
    - 186
    - 187
    - 188
    - 189
    - 190
    - 191
    - 192
    - 193
    - 194
    - 195
    - 196
    - 197
    - 198
    - 199
    - 200
    - 201
    - 202
    - 203
    - 204
    - 205
    - 206
    - 207
    - 208
    - 209
    - 210
    - 227
    - 228
    - 229
    - 230
    - 231
    - 232
    - 233
    - 234
    - 235
    - 236
    - 237
    - 238
    - 239
    - 240
    - 241
    - 242
    - 243
    - 244
    - 245
    - 246
    - 247
    - 248
    - 249
    - 250
    - 251
    - 252
    - 253
    - 254
    - 255
    - 256
    - 257
    - 258
    - 259
    - 260
    - 261
    - 262
    - 263
    - 264
    - 265
    - 266
    - 267
    - 268
    - 269
    - 270
    - 271
    - 272
    - 273
    - 274
    - 275
    - 276
    - 277
    - 278
    - 279
    - 280
    - 281
    - 282
    - 283
    - 284
    - 285
    - 286
    - 287
    - 288
    - 289
    - 290
    - 291
    - 292
    - 293
    - 294
    - 295
    - 296
    - 297
    - 298
    - 299
    - 300
    - 301
    - 302
    - 303
    - 304
    - 305
    - 306
    - 307
    - 308
    - 309
    - 310
    - 311
    - 312
    - 313
    - 314
    - 315
  - name: layup_1
    labels:
    - 70
    - 71
    - 72
    - 73
    - 74
    - 75
    - 76
    - 77
    - 78
    - 79
    - 80
    - 81
    - 82
    - 83
    - 84
    - 85
    - 86
  - name: layup_2
    labels:
    - 211
    - 212
    - 213
    - 214
    - 215
    - 216
    - 217
    - 218
    - 219
    - 220
    - 221
    - 222
    - 223
    - 224
    - 225
    - 226
  - name: layup_3
    labels:
    - 316
    - 317
    - 318
    - 319
    - 320
    - 321
    - 322
    - 323
    - 324
    - 325
    - 326
    - 327
    - 328
    - 329
    - 330
    - 331
    - 332
    - 333
    - 334
    - 335
    - 336
    - 337
    - 338
    - 339
    - 340
    - 341
    - 342
    - 343
    - 344
    - 345
    - 346
    - 347
    - 348
    - 349
    - 350
    - 351
    - 352
    - 353
    - 354
    - 355
    - 356
    - 357
    - 358
    - 359
    - 360
    - 361
    - 362
    - 363
    - 364
    - 365
    - 366
    - 367
    - 368
    - 369
    - 370
    - 371
    - 372
    - 373
    - 374
    - 375
    - 376
    - 377
    - 378
    - 379
    - 380
    - 381
    - 382
    - 383
    - 384
    - 385
    - 386
    - 387
    - 388
    - 389
    - 390
    - 391
    - 392
    - 393
    - 394
    - 395
    - 396
    - 397
    - 398
    - 399
    - 400
    - 401
    - 402
    - 403
    - 404
    - 405
    - 406
    - 407
    - 408
    - 409
    - 410
    - 411
    - 412
    - 413
    - 414
    - 415
    - 416
    - 417
    - 418
    - 419
    - 420
    - 421
    - 422
    - 423
    - 424
    - 425
    - 426
    - 427
    - 428
    - 429
    - 430
    - 431
    - 432
    - 433
    - 434
    - 435
    - 436
    - 437
    - 438
    - 439
    - 440
    - 441
    - 442
    - 443
    - 444
    - 445
    - 446
    - 447
    - 448
    - 449
    - 450
    - 451
    - 452
    - 453
    - 454
    - 455
    - 456
    - 457
    - 458
    - 459
    - 460
    - 461
    - 462
    - 463
    - 464
    - 465
    - 466
    - 467
    - 468
    - 469
    - 470
    - 471
    - 472
    - 473
    - 474
    - 475
    - 476
    - 477
    - 478
    - 479
    - 480
    - 481
    - 482
    - 483
    - 484
    - 485
    - 486
    - 487
    - 488
    - 489
    - 490
    - 491
    - 492
    - 493
    - 494
    - 495
    - 496
    - 497
    - 498
    - 499
    - 500
    - 501
    - 502
    - 503
    - 504
    - 505
    - 506
    - 507
    - 508
    - 509
    - 510
    - 511
    - 512
    - 513
    - 514
    - 515
    - 516
    - 517
    - 518
    - 519
    - 520
    - 521
    - 522
    - 523
    - 524
    - 525
    - 526
    - 527
    - 528
    - 529
    - 530
    - 531
    - 532
    - 533
    - 534
    - 535
    - 536
    - 537
    - 538
    - 539
    - 540
    - 541
    - 542
    - 543
    - 544
    - 545
    - 546
    - 547
    - 548
    - 549
    - 550
    - 551
    - 552
    - 553
    - 554
    - 555
    - 556
    - 557
    - 558
    - 559
    - 560
    - 561
    - 562
    - 563
    - 564
    - 565
    - 566
    - 567
    - 568
    - 569
    - 570
    - 571
    - 572
    - 573
    - 574
    - 575
    - 576
    - 577
sections:
- type: shell
  elementSet: layup_0
  layup:
  - - gelcoat
    - 0.0005
    - 0.0
  - - glass_triax
    - 0.051975
    - 0.0
  - - glass_triax
    - 0.051975
    - 0.0
- type: shell
  elementSet: layup_1
  layup:
  - - gelcoat
    - 0.0005
    - 0.0
  - - glass_triax
    - 0.051975
    - 0.0
  - - carbon_uniax
    - 0.04677916
    - 0.0
  - - glass_triax
    - 0.051975
    - 0.0
- type: shell
  elementSet: layup_2
  layup:
  - - gelcoat
    - 0.0005
    - 0.0
  - - glass_triax
    - 0.051975
    - 0.0
  - - carbon_uniax
    - 0.03734392
    - 0.0
  - - glass_triax
    - 0.051975
    - 0.0
- type: shell
  elementSet: layup_3
  layup:
  - - glass_biax
    - 0.002
    - 0.0
  - - medium_density_foam
    - 0.046
    - 0.0
  - - glass_biax
    - 0.002
    - 0.0
elementOrientations:
- [0.0, 0.0, 1.0, -0.03378524579928282, 0.9994291156286583, 0.0, -0.9994291156286583,
  -0.03378524579928282, 0.0]
- [0.0, 0.0, 1.0, -0.03364384738173948, 0.9994338855238771, 0.0, -0.9994338855238771,
  -0.03364384738173948, 0.0]
- [0.0, 0.0, 1.0, -0.04305430511027428, 0.9990727334941493, 0.0, -0.9990727334941493,
  -0.04305430511027428, 0.0]
- [0.0, 0.0, 1.0, -0.08614239823286152, 0.996282834955361, 0.0, -0.996282834955361,
  -0.08614239823286152, 0.0]
- [0.0, 0.0, 1.0, -0.09392388848203602, 0.9955793806484815, 0.0, -0.9955793806484815,
  -0.09392388848203602, 0.0]
- [0.0, 0.0, 1.0, -0.10099142273224325, 0.9948872963981987, 0.0, -0.9948872963981987,
  -0.10099142273224325, 0.0]
- [0.0, 0.0, 1.0, -0.14030850965558064, 0.9901078335808832, 0.0, -0.9901078335808832,
  -0.14030850965558064, 0.0]
- [0.0, 0.0, 1.0, -0.15667863909152566, 0.9876496362842582, 0.0, -0.9876496362842582,
  -0.15667863909152566, 0.0]
- [0.0, 0.0, 1.0, -0.16079931219088808, 0.9869871231170836, 0.0, -0.9869871231170836,
  -0.16079931219088808, 0.0]
- [0.0, 0.0, 1.0, -0.19412696754000655, 0.9809764117825267, 0.0, -0.9809764117825267,
  -0.19412696754000655, 0.0]
- [0.0, 0.0, 1.0, -0.2181779294905635, 0.9759090075838068, 0.0, -0.9759090075838068,
  -0.2181779294905635, 0.0]
- [0.0, 0.0, 1.0, -0.21933433699272029, 0.975649757144419, 0.0, -0.975649757144419,
  -0.21933433699272029, 0.0]
- [0.0, 0.0, 1.0, -0.24737909902793362, 0.968918769228942, 0.0, -0.968918769228942,
  -0.24737909902793362, 0.0]
- [0.0, 0.0, 1.0, -0.2789563530185287, 0.9603037816808815, 0.0, -0.9603037816808815,
  -0.2789563530185287, 0.0]
- [0.0, 0.0, 1.0, -0.27879195034549586, 0.9603515233613964, 0.0, -0.9603515233613964,
  -0.27879195034549586, 0.0]
- [0.0, 0.0, 1.0, -0.2983741608139004, 0.9544489824807822, 0.0, -0.9544489824807822,
  -0.2983741608139004, 0.0]
- [0.0, 0.0, 1.0, -0.338972682960386, 0.9407962160886052, 0.0, -0.9407962160886052,
  -0.338972682960386, 0.0]
- [0.0, 0.0, 1.0, -0.33875799936008605, 0.9408735397860607, 0.0, -0.9408735397860607,
  -0.33875799936008605, 0.0]
- [0.0, 0.0, 1.0, -0.35063733630812105, 0.9365113231492429, 0.0, -0.9365113231492429,
  -0.35063733630812105, 0.0]
- [0.0, 0.0, 1.0, -0.39442769179849235, 0.9189269807457573, 0.0, -0.9189269807457573,
  -0.39442769179849235, 0.0]
- [0.0, 0.0, 1.0, -0.39725013383309316, 0.9177103743390883, 0.0, -0.9177103743390883,
  -0.39725013383309316, 0.0]
- [0.0, 0.0, 1.0, -0.40604328061987155, 0.913853847321032, 0.0, -0.913853847321032,
  -0.40604328061987155, 0.0]
- [0.0, 0.0, 1.0, -0.4440331855544725, 0.8960103404126247, 0.0, -0.8960103404126247,
  -0.4440331855544725, 0.0]
- [0.0, 0.0, 1.0, -0.4539580702040484, 0.891023047118657, 0.0, -0.891023047118657,
  -0.4539580702040484, 0.0]
- [0.0, 0.0, 1.0, -0.4597619495388141, 0.8880422004365947, 0.0, -0.8880422004365947,
  -0.4597619495388141, 0.0]
- [0.0, 0.0, 1.0, -0.4925910914775228, 0.8702608899617301, 0.0, -0.8702608899617301,
  -0.4925910914775228, 0.0]
- [0.0, 0.0, 1.0, -0.5091831248772228, 0.8606582047132686, 0.0, -0.8606582047132686,
  -0.5091831248772228, 0.0]
- [0.0, 0.0, 1.0, -0.51198996873014, 0.8589914271514648, 0.0, -0.8589914271514648,
  -0.51198996873014, 0.0]
- [0.0, 0.0, 1.0, -0.5396062221096605, 0.8419175286573738, 0.0, -0.8419175286573738,
  -0.5396062221096605, 0.0]
- [0.0, 0.0, 1.0, -0.562021419456172, 0.8271226777645923, 0.0, -0.8271226777645923,
  -0.562021419456172, 0.0]
- [0.0, 0.0, 1.0, -0.5619473222791481, 0.827173021189216, 0.0, -0.827173021189216,
  -0.5619473222791481, 0.0]
- [0.0, 0.0, 1.0, -0.5851044754509119, 0.8109579229573586, 0.0, -0.8109579229573586,
  -0.5851044754509119, 0.0]
- [0.0, 0.0, 1.0, -0.612969506952204, 0.7901065646776845, 0.0, -0.7901065646776845,
  -0.612969506952204, 0.0]
- [0.0, 0.0, 1.0, -0.6128324925646222, 0.7902128422501321, 0.0, -0.7902128422501321,
  -0.6128324925646222, 0.0]
- [0.0, 0.0, 1.0, -0.6263782434963864, 0.7795192724201127, 0.0, -0.7795192724201127,
  -0.6263782434963864, 0.0]
- [0.0, 0.0, 1.0, -0.6616525024227456, 0.7498106201153185, 0.0, -0.7498106201153185,
  -0.6616525024227456, 0.0]
- [0.0, 0.0, 1.0, -0.6614587703946723, 0.7499815298178805, 0.0, -0.7499815298178805,
  -0.6614587703946723, 0.0]
- [0.0, 0.0, 1.0, -0.6714150203605762, 0.7410815545094933, 0.0, -0.7410815545094933,
  -0.6714150203605762, 0.0]
- [0.0, 0.0, 1.0, -0.7045768477919393, 0.7096276950313977, 0.0, -0.7096276950313977,
  -0.7045768477919393, 0.0]
- [0.0, 0.0, 1.0, -0.707097605746929, 0.7071159565071069, 0.0, -0.7071159565071069,
  -0.707097605746929, 0.0]
- [0.0, 0.0, 1.0, -0.714987245685287, 0.6991374961388975, 0.0, -0.6991374961388975,
  -0.714987245685287, 0.0]
- [0.0, 0.0, 1.0, -0.7442160710456271, 0.6679389490046304, 0.0, -0.6679389490046304,
  -0.7442160710456271, 0.0]
- [0.0, 0.0, 1.0, -0.7499673856370732, 0.6614748071398436, 0.0, -0.6614748071398436,
