nodes:
- [3.17551201 0.02292593 0.00000000]
- [3.13617757 0.02940748 0.00000000]
- [3.09149933 0.03918290 0.00000000]
- [3.04681259 0.04892714 0.00000000]
- [3.00212662 0.05867183 0.00000000]
- [2.95743088 0.06837918 0.00000000]
- [2.91272816 0.07810448 0.00000000]
- [2.86803307 0.08789408 0.00000000]
- [2.82334994 0.09775942 0.00000000]
- [2.77869442 0.10773025 0.00000000]
- [2.73405101 0.11773617 0.00000000]
- [2.68942231 0.12780921 0.00000000]
- [2.64480422 0.13792146 0.00000000]
- [2.60019525 0.14808508 0.00000000]
- [2.55560277 0.15831144 0.00000000]
- [2.51102033 0.16856804 0.00000000]
- [2.46644875 0.17885885 0.00000000]
- [2.42187987 0.18915270 0.00000000]
- [2.37582364 0.19305027 0.00000000]
- [2.32919826 0.19712512 0.00000000]
- [2.28407044 0.20761744 0.00000000]
- [2.23895337 0.21811354 0.00000000]
- [2.19382392 0.22857826 0.00000000]
- [2.14869543 0.23906981 0.00000000]
- [2.10357902 0.24954596 0.00000000]
- [2.05845201 0.25998750 0.00000000]
- [2.01332767 0.27042638 0.00000000]
- [1.96819909 0.28081574 0.00000000]
- [1.92306348 0.29117520 0.00000000]
- [1.87792318 0.30148593 0.00000000]
- [1.83276905 0.31174188 0.00000000]
- [1.78944967 0.32153866 0.00000000]
- [1.74611507 0.33124298 0.00000000]
- [1.70275034 0.34088965 0.00000000]
- [1.65939977 0.35050521 0.00000000]
- [1.61602330 0.35997938 0.00000000]
- [1.57262478 0.36940991 0.00000000]
- [1.52921979 0.37874422 0.00000000]
- [1.48579163 0.38797880 0.00000000]
- [1.44235585 0.39712474 0.00000000]
- [1.39888595 0.40612958 0.00000000]
- [1.35540629 0.41506450 0.00000000]
- [1.31190853 0.42383684 0.00000000]
- [1.26837985 0.43248475 0.00000000]
- [1.22482273 0.44099570 0.00000000]
- [1.18124505 0.44938599 0.00000000]
- [1.13765011 0.45762601 0.00000000]
- [1.09402942 0.46570166 0.00000000]
- [1.05038675 0.47360845 0.00000000]
- [1.00670349 0.48131858 0.00000000]
- [0.96298799 0.48888292 0.00000000]
- [0.91926697 0.49627115 0.00000000]
- [0.87551027 0.50341792 0.00000000]
- [0.83171856 0.51037618 0.00000000]
- [0.78791429 0.51710767 0.00000000]
- [0.74408023 0.52356024 0.00000000]
- [0.70019219 0.52974468 0.00000000]
- [0.65627869 0.53571006 0.00000000]
- [0.61234483 0.54138366 0.00000000]
- [0.56837827 0.54676779 0.00000000]
- [0.52438794 0.55184664 0.00000000]
- [0.48035914 0.55658730 0.00000000]
- [0.43630921 0.56102553 0.00000000]
- [0.39224040 0.56508351 0.00000000]
- [0.34813536 0.56877085 0.00000000]
- [0.30400635 0.57209353 0.00000000]
- [0.25951770 0.56901215 0.00000000]
- [0.21004500 0.56570886 0.00000000]
- [0.16091511 0.56788026 0.00000000]
- [0.11676759 0.56932531 0.00000000]
- [0.07260761 0.57026366 0.00000000]
- [0.02845382 0.57069313 0.00000000]
- [-0.01564432 0.57058133 0.00000000]
- [-0.05972649 0.56981347 0.00000000]
- [-0.10380754 0.56848202 0.00000000]
- [-0.14781089 0.56652954 0.00000000]
- [-0.19175311 0.56387679 0.00000000]
- [-0.23565879 0.56054111 0.00000000]
- [-0.27946226 0.55653511 0.00000000]
- [-0.32315503 0.55173485 0.00000000]
- [-0.36674183 0.54618989 0.00000000]
- [-0.41014649 0.53981953 0.00000000]
- [-0.45338991 0.53253686 0.00000000]
- [-0.49645973 0.52438995 0.00000000]
- [-0.53930660 0.51529437 0.00000000]
- [-0.58192020 0.50526410 0.00000000]
- [-0.62421842 0.49425256 0.00000000]
- [-0.66805204 0.48161169 0.00000000]
- [-0.71342037 0.47350012 0.00000000]
- [-0.75814447 0.46433865 0.00000000]
- [-0.80046452 0.44825378 0.00000000]
- [-0.84223888 0.43083882 0.00000000]
- [-0.88343442 0.41219635 0.00000000]
- [-0.92388303 0.39213800 0.00000000]
- [-0.96355544 0.37064167 0.00000000]
- [-1.00233523 0.34770325 0.00000000]
- [-1.03999901 0.32323654 0.00000000]
- [-1.07629081 0.29696478 0.00000000]
- [-1.11112107 0.26890438 0.00000000]
- [-1.14934656 0.24418085 0.00000000]
- [-1.18650239 0.21739934 0.00000000]
- [-1.21611177 0.18323752 0.00000000]
- [-1.24236377 0.14663111 0.00000000]
- [-1.26416103 0.10746951 0.00000000]
- [-1.28009814 0.06587801 0.00000000]
- [-1.28869783 0.02242956 0.00000000]
- [-1.28810882 -0.02152689 0.00000000]
- [-1.27699612 -0.06400237 0.00000000]
- [-1.25752826 -0.10396234 0.00000000]
- [-1.23201863 -0.14085167 0.00000000]
- [-1.20254197 -0.17508191 0.00000000]
- [-1.17060066 -0.20727501 0.00000000]
- [-1.13197523 -0.23190950 0.00000000]
- [-1.09412750 -0.25278486 0.00000000]
- [-1.05983081 -0.27816581 0.00000000]
- [-1.02475266 -0.30246645 0.00000000]
- [-0.98883627 -0.32548218 0.00000000]
- [-0.95215589 -0.34733633 0.00000000]
- [-0.91476486 -0.36800092 0.00000000]
- [-0.87670653 -0.38754083 0.00000000]
- [-0.83810852 -0.40605958 0.00000000]
- [-0.79900678 -0.42348941 0.00000000]
- [-0.75942102 -0.43986110 0.00000000]
- [-0.71940489 -0.45522682 0.00000000]
- [-0.67715259 -0.46402543 0.00000000]
- [-0.62710585 -0.47409673 0.00000000]
- [-0.58509860 -0.48657645 0.00000000]
- [-0.54277778 -0.49806251 0.00000000]
- [-0.50016578 -0.50855862 0.00000000]
- [-0.45729375 -0.51813369 0.00000000]
- [-0.41428399 -0.52679580 0.00000000]
- [-0.37102836 -0.53438347 0.00000000]
- [-0.32755229 -0.54118420 0.00000000]
- [-0.28397739 -0.54711783 0.00000000]
- [-0.24027117 -0.55217321 0.00000000]
- [-0.19641495 -0.55642022 0.00000000]
- [-0.15254347 -0.55994221 0.00000000]
- [-0.10859713 -0.56251978 0.00000000]
- [-0.06452938 -0.56440093 0.00000000]
- [-0.02048166 -0.56555637 0.00000000]
- [0.02358044 -0.56589276 0.00000000]
- [0.06771510 -0.56550550 0.00000000]
- [0.11180901 -0.56448790 0.00000000]
- [0.15584887 -0.56266822 0.00000000]
- [0.20155419 -0.56004774 0.00000000]
- [0.24722380 -0.55674675 0.00000000]
- [0.29335734 -0.55859285 0.00000000]
- [0.33771055 -0.55981856 0.00000000]
- [0.38146789 -0.55460383 0.00000000]
- [0.42513248 -0.54876453 0.00000000]
- [0.46871701 -0.54228479 0.00000000]
- [0.51221770 -0.53522053 0.00000000]
- [0.55562142 -0.52754577 0.00000000]
- [0.59892918 -0.51931195 0.00000000]
- [0.64212474 -0.51049571 0.00000000]
- [0.68522132 -0.50113303 0.00000000]
- [0.72821124 -0.49124716 0.00000000]
- [0.77107946 -0.48086044 0.00000000]
- [0.81382025 -0.46994250 0.00000000]
- [0.85645455 -0.45853669 0.00000000]
- [0.89898082 -0.44667584 0.00000000]
- [0.94138446 -0.43439556 0.00000000]
- [0.98366240 -0.42165094 0.00000000]
- [1.02585882 -0.40851900 0.00000000]
- [1.06796097 -0.39505788 0.00000000]
- [1.10995971 -0.38125249 0.00000000]
- [1.15187892 -0.36714447 0.00000000]
- [1.19372476 -0.35276446 0.00000000]
- [1.23550337 -0.33815193 0.00000000]
- [1.27722552 -0.32331322 0.00000000]
- [1.31890827 -0.30832332 0.00000000]
- [1.36054458 -0.29316065 0.00000000]
- [1.40217486 -0.27789727 0.00000000]
- [1.44381279 -0.26256165 0.00000000]
- [1.48547185 -0.24724928 0.00000000]
- [1.52713253 -0.23191618 0.00000000]
- [1.56884967 -0.21662965 0.00000000]
- [1.61062627 -0.20145594 0.00000000]
- [1.65246104 -0.18640014 0.00000000]
- [1.69438999 -0.17150625 0.00000000]
- [1.73643460 -0.15685284 0.00000000]
- [1.77858946 -0.14247827 0.00000000]
- [1.82086037 -0.12840057 0.00000000]
- [1.86487693 -0.11413571 0.00000000]
- [1.90904951 -0.10029808 0.00000000]
- [1.95336713 -0.08688974 0.00000000]
- [1.99785175 -0.07395868 0.00000000]
- [2.04251402 -0.06155223 0.00000000]
- [2.08734581 -0.04973951 0.00000000]
- [2.13234777 -0.03849349 0.00000000]
- [2.17758832 -0.02792510 0.00000000]
- [2.22303155 -0.01822279 0.00000000]
- [2.26859481 -0.00926579 0.00000000]
- [2.31432944 -0.00104768 0.00000000]
- [2.36119080 -0.00021125 0.00000000]
- [2.40760114 -0.00015408 0.00000000]
- [2.45313300 0.00564298 0.00000000]
- [2.49875626 0.01066902 0.00000000]
- [2.54445447 0.01492338 0.00000000]
- [2.59023273 0.01843315 0.00000000]
- [2.63608457 0.02101131 0.00000000]
- [2.68197271 0.02273141 0.00000000]
- [2.72790418 0.02354993 0.00000000]
- [2.77384426 0.02333160 0.00000000]
- [2.81976036 0.02219743 0.00000000]
- [2.86564157 0.02012299 0.00000000]
- [2.91147115 0.01714845 0.00000000]
- [2.95722547 0.01326680 0.00000000]
- [3.00290046 0.00855144 0.00000000]
- [3.04847196 0.00294096 0.00000000]
- [3.09390990 -0.00346889 0.00000000]
- [3.13920154 -0.01049303 0.00000000]
- [3.17674859 -0.01991776 0.00000000]
- [1.82205124 -0.08438633 0.00000000]
- [1.82324211 -0.04037208 0.00000000]
- [1.82443298 0.00364216 0.00000000]
- [1.82562384 0.04765641 0.00000000]
- [1.82681471 0.09167065 0.00000000]
- [1.82800558 0.13568490 0.00000000]
- [1.82919644 0.17969914 0.00000000]
- [1.83038731 0.22371339 0.00000000]
- [1.83157818 0.26772763 0.00000000]
- [-0.62697461 -0.43008085 0.00000000]
- [-0.62684336 -0.38606498 0.00000000]
- [-0.62671211 -0.34204910 0.00000000]
- [-0.62658087 -0.29803322 0.00000000]
- [-0.62644962 -0.25401735 0.00000000]
- [-0.62631837 -0.21000147 0.00000000]
- [-0.62618713 -0.16598559 0.00000000]
- [-0.62605588 -0.12196971 0.00000000]
- [-0.62592463 -0.07795384 0.00000000]
- [-0.62579338 -0.03393796 0.00000000]
- [-0.62566214 0.01007792 0.00000000]
- [-0.62553089 0.05409379 0.00000000]
- [-0.62539964 0.09810967 0.00000000]
- [-0.62526840 0.14212555 0.00000000]
- [-0.62513715 0.18614142 0.00000000]
- [-0.62500590 0.23015730 0.00000000]
- [-0.62487466 0.27417318 0.00000000]
- [-0.62474341 0.31818906 0.00000000]
- [-0.62461216 0.36220493 0.00000000]
- [-0.62448092 0.40622081 0.00000000]
- [-0.62434967 0.45023669 0.00000000]
- [0.15605152 -0.51744628 0.00000000]
- [0.15625417 -0.47222434 0.00000000]
- [0.15645682 -0.42700240 0.00000000]
- [0.15665947 -0.38178046 0.00000000]
- [0.15686212 -0.33655852 0.00000000]
- [0.15706477 -0.29133658 0.00000000]
- [0.15726742 -0.24611464 0.00000000]
- [0.15747007 -0.20089271 0.00000000]
- [0.15767272 -0.15567077 0.00000000]
- [0.15787537 -0.11044883 0.00000000]
- [0.15807802 -0.06522689 0.00000000]
- [0.15828067 -0.02000495 0.00000000]
- [0.15848331 0.02521699 0.00000000]
- [0.15868596 0.07043893 0.00000000]
- [0.15888861 0.11566087 0.00000000]
- [0.15909126 0.16088281 0.00000000]
- [0.15929391 0.20610475 0.00000000]
- [0.15949656 0.25132669 0.00000000]
- [0.15969921 0.29654863 0.00000000]
- [0.15990186 0.34177057 0.00000000]
- [0.16010451 0.38699251 0.00000000]
- [0.16030716 0.43221445 0.00000000]
- [0.16050981 0.47743639 0.00000000]
- [0.16071246 0.52265833 0.00000000]
elements:
- [1 2]
- [2 3]
- [3 4]
- [4 5]
- [5 6]
- [6 7]
- [7 8]
- [8 9]
- [9 10]
- [10 11]
- [11 12]
- [12 13]
- [13 14]
- [14 15]
- [15 16]
- [16 17]
- [17 18]
- [18 19]
- [19 20]
- [20 21]
- [21 22]
- [22 23]
- [23 24]
- [24 25]
- [25 26]
- [26 27]
- [27 28]
- [28 29]
- [29 30]
- [30 31]
- [31 32]
- [32 33]
- [33 34]
- [34 35]
- [35 36]
- [36 37]
- [37 38]
- [38 39]
- [39 40]
- [40 41]
- [41 42]
- [42 43]
- [43 44]
- [44 45]
- [45 46]
- [46 47]
- [47 48]
- [48 49]
- [49 50]
- [50 51]
- [51 52]
- [52 53]
- [53 54]
- [54 55]
- [55 56]
- [56 57]
- [57 58]
- [58 59]
- [59 60]
- [60 61]
- [61 62]
- [62 63]
- [63 64]
- [64 65]
- [65 66]
- [66 67]
- [67 68]
- [68 69]
- [69 70]
- [70 71]
- [71 72]
- [72 73]
- [73 74]
- [74 75]
- [75 76]
- [76 77]
- [77 78]
- [78 79]
- [79 80]
- [80 81]
- [81 82]
- [82 83]
- [83 84]
- [84 85]
- [85 86]
- [86 87]
- [87 88]
- [88 89]
- [89 90]
- [90 91]
- [91 92]
- [92 93]
- [93 94]
- [94 95]
- [95 96]
- [96 97]
- [97 98]
- [98 99]
- [99 100]
- [100 101]
- [101 102]
- [102 103]
- [103 104]
- [104 105]
- [105 106]
- [106 107]
- [107 108]
- [108 109]
- [109 110]
- [110 111]
- [111 112]
- [112 113]
- [113 114]
- [114 115]
- [115 116]
- [116 117]
- [117 118]
- [118 119]
- [119 120]
- [120 121]
- [121 122]
- [122 123]
- [123 124]
- [124 125]
- [125 126]
- [126 127]
- [127 128]
- [128 129]
- [129 130]
- [130 131]
- [131 132]
- [132 133]
- [133 134]
- [134 135]
- [135 136]
- [136 137]
- [137 138]
- [138 139]
- [139 140]
- [140 141]
- [141 142]
- [142 143]
- [143 144]
- [144 145]
- [145 146]
- [146 147]
- [147 148]
- [148 149]
- [149 150]
- [150 151]
- [151 152]
- [152 153]
- [153 154]
- [154 155]
- [155 156]
- [156 157]
- [157 158]
- [158 159]
- [159 160]
- [160 161]
- [161 162]
- [162 163]
- [163 164]
- [164 165]
- [165 166]
- [166 167]
- [167 168]
- [168 169]
- [169 170]
- [170 171]
- [171 172]
- [172 173]
- [173 174]
- [174 175]
- [175 176]
- [176 177]
- [177 178]
- [178 179]
- [179 180]
- [180 181]
- [181 182]
- [182 183]
- [183 184]
- [184 185]
- [185 186]
- [186 187]
- [187 188]
- [188 189]
- [189 190]
- [190 191]
- [191 192]
- [192 193]
- [193 194]
- [194 195]
- [195 196]
- [196 197]
- [197 198]
- [198 199]
- [199 200]
- [200 201]
- [201 202]
- [202 203]
- [203 204]
- [204 205]
- [205 206]
- [206 207]
- [207 208]
- [208 209]
- [209 210]
- [210 211]
- [211 212]
- [212 213]
- [213 1]
- [183 214]
- [214 215]
- [215 216]
- [216 217]
- [217 218]
- [218 219]
- [219 220]
- [220 221]
- [221 222]
- [222 31]
- [126 223]
- [223 224]
- [224 225]
- [225 226]
- [226 227]
- [227 228]
- [228 229]
- [229 230]
- [230 231]
- [231 232]
- [232 233]
- [233 234]
- [234 235]
- [235 236]
- [236 237]
- [237 238]
- [238 239]
- [239 240]
- [240 241]
- [241 242]
- [242 243]
- [243 87]
- [144 244]
- [244 245]
- [245 246]
- [246 247]
- [247 248]
- [248 249]
- [249 250]
- [250 251]
- [251 252]
- [252 253]
- [253 254]
- [254 255]
- [255 256]
- [256 257]
- [257 258]
- [258 259]
- [259 260]
- [260 261]
- [261 262]
- [262 263]
- [263 264]
- [264 265]
- [265 266]
- [266 267]
- [267 69]
sets:
  element:
  - name: layup_0
    labels:
    - 1
    - 2
    - 3
    - 4
    - 5
    - 6
    - 7
    - 8
    - 9
    - 10
    - 11
    - 12
    - 13
    - 14
    - 15
    - 16
    - 17
    - 18
    - 195
    - 196
    - 197
    - 198
    - 199
    - 200
    - 201
    - 202
    - 203
    - 204
    - 205
    - 206
    - 207
    - 208
    - 209
    - 210
    - 211
    - 212
    - 213
  - name: layup_1
    labels:
    - 19
    - 20
    - 21
    - 22
    - 23
    - 24
    - 25
    - 26
    - 27
    - 28
    - 29
    - 30
    - 31
    - 32
    - 33
    - 34
    - 35
    - 36
    - 37
    - 38
    - 39
    - 40
    - 41
    - 42
    - 43
    - 44
    - 45
    - 46
    - 47
    - 48
    - 49
    - 50
    - 51
    - 52
    - 53
    - 54
    - 55
    - 56
    - 57
    - 58
    - 59
    - 60
    - 61
    - 62
    - 63
    - 64
    - 65
    - 66
    - 89
    - 90
    - 91
    - 92
    - 93
    - 94
    - 95
    - 96
    - 97
    - 98
    - 99
    - 113
    - 114
    - 115
    - 116
    - 117
    - 118
    - 119
    - 120
    - 121
    - 122
    - 123
    - 124
    - 147
    - 148
    - 149
    - 150
    - 151
    - 152
    - 153
    - 154
    - 155
    - 156
    - 157
    - 158
    - 159
    - 160
    - 161
    - 162
    - 163
    - 164
    - 165
    - 166
    - 167
    - 168
    - 169
    - 170
    - 171
    - 172
    - 173
    - 174
    - 175
    - 176
    - 177
    - 178
    - 179
    - 180
    - 181
    - 182
    - 183
    - 184
    - 185
    - 186
    - 187
    - 188
    - 189
    - 190
    - 191
    - 192
    - 193
    - 194
  - name: layup_2
    labels:
    - 67
    - 68
    - 69
    - 70
    - 71
    - 72
    - 73
    - 74
    - 75
    - 76
    - 77
    - 78
    - 79
    - 80
    - 81
    - 82
    - 83
    - 84
    - 85
    - 86
    - 87
    - 88
  - name: layup_3
    labels:
    - 100
    - 101
    - 102
    - 103
    - 104
    - 105
    - 106
    - 107
    - 108
    - 109
    - 110
    - 111
    - 112
  - name: layup_4
    labels:
    - 125
    - 126
    - 127
    - 128
    - 129
    - 130
    - 131
    - 132
    - 133
    - 134
    - 135
    - 136
    - 137
    - 138
    - 139
    - 140
    - 141
    - 142
    - 143
    - 144
    - 145
    - 146
  - name: layup_5
    labels:
    - 214
    - 215
    - 216
    - 217
    - 218
    - 219
    - 220
    - 221
    - 222
    - 223
  - name: layup_6
    labels:
    - 224
    - 225
    - 226
    - 227
    - 228
    - 229
    - 230
    - 231
    - 232
    - 233
    - 234
    - 235
    - 236
    - 237
    - 238
    - 239
    - 240
    - 241
    - 242
    - 243
    - 244
    - 245
    - 246
    - 247
    - 248
    - 249
    - 250
    - 251
    - 252
    - 253
    - 254
    - 255
    - 256
    - 257
    - 258
    - 259
    - 260
    - 261
    - 262
    - 263
    - 264
    - 265
    - 266
    - 267
    - 268
    - 269
    - 270
sections:
- type: shell
  elementSet: layup_0
  layup:
  - - gelcoat
    - 0.0005
    - 0.0
  - - glass_triax
    - 0.003
    - 0.0
  - - glass_uniax
    - 0.0124142
    - 0.0
  - - glass_triax
    - 0.003
    - 0.0
- type: shell
  elementSet: layup_1
  layup:
  - - gelcoat
    - 0.0005
    - 0.0
  - - glass_triax
    - 0.003
    - 0.0
  - - medium_density_foam
    - 0.03875
    - 0.0
  - - glass_triax
    - 0.003
    - 0.0
- type: shell
  elementSet: layup_2
  layup:
  - - gelcoat
    - 0.0005
    - 0.0
  - - glass_triax
    - 0.003
    - 0.0
  - - carbon_uniax
    - 0.06283905
    - 0.0
  - - glass_triax
    - 0.003
    - 0.0
- type: shell
  elementSet: layup_3
  layup:
  - - gelcoat
    - 0.0005
    - 0.0
  - - glass_triax
    - 0.003
    - 0.0
  - - glass_uniax
    - 0.00961243
    - 0.0
  - - glass_triax
    - 0.003
    - 0.0
- type: shell
  elementSet: layup_4
  layup:
  - - gelcoat
    - 0.0005
    - 0.0
  - - glass_triax
    - 0.003
    - 0.0
  - - carbon_uniax
    - 0.06226004
    - 0.0
  - - glass_triax
    - 0.003
    - 0.0
- type: shell
  elementSet: layup_5
  layup:
  - - glass_biax
    - 0.002
    - 0.0
  - - medium_density_foam
    - 0.03
    - 0.0
  - - glass_biax
    - 0.002
    - 0.0
- type: shell
  elementSet: layup_6
  layup:
  - - glass_biax
    - 0.002
    - 0.0
  - - medium_density_foam
    - 0.0284
    - 0.0
  - - glass_biax
    - 0.002
    - 0.0
elementOrientations:
- [0.0, 0.0, 1.0, -0.986694054205961, 0.16258795587190367, 0.0, -0.16258795587190367,
  -0.986694054205961, 0.0]
- [0.0, 0.0, 1.0, -0.976890671824338, 0.21373959694589453, 0.0, -0.21373959694589453,
  -0.976890671824338, 0.0]
- [0.0, 0.0, 1.0, -0.9770412122784344, 0.21305039194868264, 0.0, -0.21305039194868264,
  -0.9770412122784344, 0.0]
- [0.0, 0.0, 1.0, -0.9770384171646369, 0.21306320983318827, 0.0, -0.21306320983318827,
  -0.9770384171646369, 0.0]
- [0.0, 0.0, 1.0, -0.9772177245311322, 0.21223929622526658, 0.0, -0.21223929622526658,
  -0.9772177245311322, 0.0]
- [0.0, 0.0, 1.0, -0.977143150185435, 0.21258237002556074, 0.0, -0.21258237002556074,
  -0.977143150185435, 0.0]
- [0.0, 0.0, 1.0, -0.9768427312075504, 0.21395859058933198, 0.0, -0.21395859058933198,
  -0.9768427312075504, 0.0]
- [0.0, 0.0, 1.0, -0.9764834197813153, 0.21559251121545922, 0.0, -0.21559251121545922,
  -0.9764834197813153, 0.0]
- [0.0, 0.0, 1.0, -0.9759672819349174, 0.21791710486460067, 0.0, -0.21791710486460067,
  -0.9759672819349174, 0.0]
- [0.0, 0.0, 1.0, -0.9757912677724973, 0.218703913405642, 0.0, -0.218703913405642,
  -0.9757912677724973, 0.0]
- [0.0, 0.0, 1.0, -0.975461712073378, 0.22016913561822024, 0.0, -0.22016913561822024,
  -0.975461712073378, 0.0]
- [0.0, 0.0, 1.0, -0.9752659954355075, 0.2210344727575059, 0.0, -0.2210344727575059,
  -0.9752659954355075, 0.0]
- [0.0, 0.0, 1.0, -0.9750135969137946, 0.22214519088475507, 0.0, -0.22214519088475507,
  -0.9750135969137946, 0.0]
- [0.0, 0.0, 1.0, -0.9746977890195803, 0.2235267770991696, 0.0, -0.2235267770991696,
  -0.9746977890195803, 0.0]
- [0.0, 0.0, 1.0, -0.9745425824512288, 0.22420248658141562, 0.0, -0.22420248658141562,
  -0.9745425824512288, 0.0]
- [0.0, 0.0, 1.0, -0.9743669402099383, 0.2249645879375743, 0.0, -0.2249645879375743,
  -0.9743669402099383, 0.0]
- [0.0, 0.0, 1.0, -0.9743494122011365, 0.22504049178603375, 0.0, -0.22504049178603375,
  -0.9743494122011365, 0.0]
- [0.0, 0.0, 1.0, -0.9964383113901369, 0.08432491680382855, 0.0, -0.08432491680382855,
  -0.9964383113901369, 0.0]
- [0.0, 0.0, 1.0, -0.9962027501159118, 0.08706365867280373, 0.0, -0.08706365867280373,
  -0.9962027501159118, 0.0]
- [0.0, 0.0, 1.0, -0.9740200449883086, 0.2264618112640036, 0.0, -0.2264618112640036,
  -0.9740200449883086, 0.0]
- [0.0, 0.0, 1.0, -0.9739901210596659, 0.22659047658314632, 0.0, -0.22659047658314632,
  -0.9739901210596659, 0.0]
- [0.0, 0.0, 1.0, -0.974153090320522, 0.22588881472746025, 0.0, -0.22588881472746025,
  -0.974153090320522, 0.0]
- [0.0, 0.0, 1.0, -0.9740244103256206, 0.2264430349775124, 0.0, -0.2264430349775124,
  -0.9740244103256206, 0.0]
- [0.0, 0.0, 1.0, -0.9740843817963619, 0.22618491802151489, 0.0, -0.22618491802151489,
  -0.9740843817963619, 0.0]
- [0.0, 0.0, 1.0, -0.9742603980358217, 0.22542554606584028, 0.0, -0.22542554606584028,
  -0.9742603980358217, 0.0]
- [0.0, 0.0, 1.0, -0.9742701030182539, 0.22538359826038978, 0.0, -0.22538359826038978,
  -0.9742701030182539, 0.0]
- [0.0, 0.0, 1.0, -0.9745090269949177, 0.2243482924058454, 0.0, -0.2243482924058454,
  -0.9745090269949177, 0.0]
- [0.0, 0.0, 1.0, -0.9746575416920387, 0.22370220477865632, 0.0, -0.22370220477865632,
  -0.9746575416920387, 0.0]
- [0.0, 0.0, 1.0, -0.9748916253513751, 0.2226798572384897, 0.0, -0.2226798572384897,
  -0.9748916253513751, 0.0]
- [0.0, 0.0, 1.0, -0.975162500052422, 0.22149062845075437, 0.0, -0.22149062845075437,
  -0.975162500052422, 0.0]
- [0.0, 0.0, 1.0, -0.9753684306431594, 0.2205820131032907, 0.0, -0.2205820131032907,
  -0.9753684306431594, 0.0]
- [0.0, 0.0, 1.0, -0.9758309223087117, 0.21852691153752496, 0.0, -0.21852691153752496,
  -0.9758309223087117, 0.0]
- [0.0, 0.0, 1.0, -0.9761390715684349, 0.21714629390692744, 0.0, -0.21714629390692744,
  -0.9761390715684349, 0.0]
- [0.0, 0.0, 1.0, -0.9762723655302654, 0.21654622670907928, 0.0, -0.21654622670907928,
  -0.9762723655302654, 0.0]
- [0.0, 0.0, 1.0, -0.9769678230112147, 0.2133866743747787, 0.0, -0.2133866743747787,
  -0.9769678230112147, 0.0]
- [0.0, 0.0, 1.0, -0.9771947112263056, 0.21234522917018225, 0.0, -0.21234522917018225,
  -0.9771947112263056, 0.0]
- [0.0, 0.0, 1.0, -0.9776487907368109, 0.21024471924605226, 0.0, -0.21024471924605226,
  -0.9776487907368109, 0.0]
- [0.0, 0.0, 1.0, -0.9781309093072235, 0.20799020231209042, 0.0, -0.20799020231209042,
  -0.9781309093072235, 0.0]
- [0.0, 0.0, 1.0, -0.9785426780431898, 0.2060442361437518, 0.0, -0.2060442361437518,
  -0.9785426780431898, 0.0]
- [0.0, 0.0, 1.0, -0.9792109036202734, 0.20284478359368152, 0.0, -0.20284478359368152,
  -0.9792109036202734, 0.0]
- [0.0, 0.0, 1.0, -0.9795316622729955, 0.20129014532436088, 0.0, -0.20129014532436088,
  -0.9795316622729955, 0.0]
- [0.0, 0.0, 1.0, -0.980263943861307, 0.19769319757006368, 0.0, -0.19769319757006368,
  -0.980263943861307, 0.0]
- [0.0, 0.0, 1.0, -0.9808304425017459, 0.19486313931020785, 0.0, -0.19486313931020785,
  -0.9808304425017459, 0.0]
- [0.0, 0.0, 1.0, -0.9814397557790236, 0.19177071146661134, 0.0, -0.19177071146661134,
  -0.9814397557790236, 0.0]
- [0.0, 0.0, 1.0, -0.9819647483066106, 0.18906409781641478, 0.0, -0.18906409781641478,
  -0.9819647483066106, 0.0]
- [0.0, 0.0, 1.0, -0.9826018359046362, 0.18572461354607345, 0.0, -0.18572461354607345,
  -0.9826018359046362, 0.0]
- [0.0, 0.0, 1.0, -0.9832910937081578, 0.1820401742314443, 0.0, -0.1820401742314443,
  -0.9832910937081578, 0.0]
- [0.0, 0.0, 1.0, -0.983981771391395, 0.1782691043603812, 0.0, -0.1782691043603812,
  -0.983981771391395, 0.0]
- [0.0, 0.0, 1.0, -0.9847784544379852, 0.17381425624710228, 0.0, -0.17381425624710228,
  -0.9847784544379852, 0.0]
- [0.0, 0.0, 1.0, -0.9853573517607562, 0.17050187486074564, 0.0, -0.17050187486074564,
  -0.9853573517607562, 0.0]
- [0.0, 0.0, 1.0, -0.9860206033454588, 0.16662343706170932, 0.0, -0.16662343706170932,
  -0.9860206033454588, 0.0]
- [0.0, 0.0, 1.0, -0.9869227570056232, 0.1611938947492107, 0.0, -0.1611938947492107,
  -0.9869227570056232, 0.0]
- [0.0, 0.0, 1.0, -0.9876104244318008, 0.1569256179010877, 0.0, -0.1569256179010877,
  -0.9876104244318008, 0.0]
- [0.0, 0.0, 1.0, -0.9883975352482118, 0.1518891448236505, 0.0, -0.1518891448236505,
  -0.9883975352482118, 0.0]
- [0.0, 0.0, 1.0, -0.989338392154462, 0.14563497453985458, 0.0, -0.14563497453985458,
  -0.989338392154462, 0.0]
- [0.0, 0.0, 1.0, -0.9902170500011154, 0.1395356366205018, 0.0, -0.1395356366205018,
  -0.9902170500011154, 0.0]
- [0.0, 0.0, 1.0, -0.9908990016539722, 0.13460746086737158, 0.0, -0.13460746086737158,
  -0.9908990016539722, 0.0]
- [0.0, 0.0, 1.0, -0.9917643645449553, 0.12807593536156986, 0.0, -0.12807593536156986,
  -0.9917643645449553, 0.0]
- [0.0, 0.0, 1.0, -0.9925850942426955, 0.12155176134972004, 0.0, -0.12155176134972004,
  -0.9925850942426955, 0.0]
- [0.0, 0.0, 1.0, -0.9934011162659858, 0.11469185760764924, 0.0, -0.11469185760764924,
  -0.9934011162659858, 0.0]
- [0.0, 0.0, 1.0, -0.9942533179385702, 0.10705297645625966, 0.0, -0.10705297645625966,
  -0.9942533179385702, 0.0]
- [0.0, 0.0, 1.0, -0.9949625852647423, 0.10024696465878684, 0.0, -0.10024696465878684,
  -0.9949625852647423, 0.0]
- [0.0, 0.0, 1.0, -0.9957871440068766, 0.09169494986436066, 0.0, -0.09169494986436066,
  -0.9957871440068766, 0.0]
- [0.0, 0.0, 1.0, -0.9965234241568007, 0.08331305484019268, 0.0, -0.08331305484019268,
  -0.9965234241568007, 0.0]
- [0.0, 0.0, 1.0, -0.9971773623398678, 0.07508200874313435, 0.0, -0.07508200874313435,
  -0.9971773623398678, 0.0]
- [0.0, 0.0, 1.0, -0.9976099809188018, -0.06909649753198491, 0.0, 0.06909649753198491,
  -0.9976099809188018, 0.0]
- [0.0, 0.0, 1.0, -0.9977783106830105, -0.06662163860607093, 0.0, 0.06662163860607093,
  -0.9977783106830105, 0.0]
- [0.0, 0.0, 1.0, -0.9990247320817707, 0.04415410160955003, 0.0, -0.04415410160955003,
  -0.9990247320817707, 0.0]
- [0.0, 0.0, 1.0, -0.9994647280569352, 0.03271478824746262, 0.0, -0.03271478824746262,
  -0.9994647280569352, 0.0]
- [0.0, 0.0, 1.0, -0.9997743204765547, 0.0212440136425148, 0.0, -0.0212440136425148,
  -0.9997743204765547, 0.0]
- [0.0, 0.0, 1.0, -0.9999526988374737, 0.009726257638615775, 0.0, -0.009726257638615775,
  -0.9999526988374737, 0.0]
- [0.0, 0.0, 1.0, -0.9999967860475997, -0.0025353292628448303, 0.0, 0.0025353292628448303,
  -0.9999967860475997, 0.0]
- [0.0, 0.0, 1.0, -0.9998483272308996, -0.01741615725618029, 0.0, 0.01741615725618029,
  -0.9998483272308996, 0.0]
- [0.0, 0.0, 1.0, -0.9995441551929188, -0.030190757189480923, 0.0, 0.030190757189480923,
  -0.9995441551929188, 0.0]
- [0.0, 0.0, 1.0, -0.9990170453519207, -0.04432767867053853, 0.0, 0.04432767867053853,
  -0.9990170453519207, 0.0]
- [0.0, 0.0, 1.0, -0.9981827507547442, -0.06025940669880613, 0.0, 0.06025940669880613,
  -0.9981827507547442, 0.0]
- [0.0, 0.0, 1.0, -0.9971264370273895, -0.075755320480238, 0.0, 0.075755320480238,
  -0.9971264370273895, 0.0]
- [0.0, 0.0, 1.0, -0.9958441404463519, -0.091073859798883, 0.0, 0.091073859798883,
  -0.9958441404463519, 0.0]
- [0.0, 0.0, 1.0, -0.9940190403994699, -0.10920690144545414, 0.0, 0.10920690144545414,
  -0.9940190403994699, 0.0]
- [0.0, 0.0, 1.0, -0.9920048934087472, -0.1261994114609893, 0.0, 0.1261994114609893,
  -0.9920048934087472, 0.0]
- [0.0, 0.0, 1.0, -0.9894006993108804, -0.1452110746573448, 0.0, 0.1452110746573448,
  -0.9894006993108804, 0.0]
- [0.0, 0.0, 1.0, -0.9861135523628956, -0.1660724596260043, 0.0, 0.1660724596260043,
  -0.9861135523628956, 0.0]
- [0.0, 0.0, 1.0, -0.9825762145806993, -0.18586011551772916, 0.0, 0.18586011551772916,
  -0.9825762145806993, 0.0]
- [0.0, 0.0, 1.0, -0.9782024036580118, -0.20765369603666595, 0.0, 0.20765369603666595,
  -0.9782024036580118, 0.0]
- [0.0, 0.0, 1.0, -0.9733991041662806, -0.22911609286185572, 0.0, 0.22911609286185572,
  -0.9733991041662806, 0.0]
- [0.0, 0.0, 1.0, -0.9677444692816333, -0.2519338051449423, 0.0, 0.2519338051449423,
  -0.9677444692816333, 0.0]
- [0.0, 0.0, 1.0, -0.9608436785124952, -0.27709100574103246, 0.0, 0.27709100574103246,
  -0.9608436785124952, 0.0]
- [0.0, 0.0, 1.0, -0.9843896662303169, -0.17600279832708707, 0.0, 0.17600279832708707,
  -0.9843896662303169, 0.0]
- [0.0, 0.0, 1.0, -0.9796574820849708, -0.20067689900667468, 0.0, 0.20067689900667468,
  -0.9796574820849708, 0.0]
- [0.0, 0.0, 1.0, -0.9347596912404015, -0.35528062096341423, 0.0, 0.35528062096341423,
  -0.9347596912404015, 0.0]
- [0.0, 0.0, 1.0, -0.9230065305090459, -0.3847842832518678, 0.0, 0.3847842832518678,
  -0.9230065305090459, 0.0]
- [0.0, 0.0, 1.0, -0.9110547906760913, -0.412285299745387, 0.0, 0.412285299745387,
  -0.9110547906760913, 0.0]
- [0.0, 0.0, 1.0, -0.8958926069722293, -0.44427067962279815, 0.0, 0.44427067962279815,
  -0.8958926069722293, 0.0]
- [0.0, 0.0, 1.0, -0.8792259775951012, -0.47640495413244643, 0.0, 0.47640495413244643,
  -0.8792259775951012, 0.0]
- [0.0, 0.0, 1.0, -0.8607020551957753, -0.5091089983311716, 0.0, 0.5091089983311716,
  -0.8607020551957753, 0.0]
- [0.0, 0.0, 1.0, -0.8385936519151614, -0.5447574570096247, 0.0, 0.5447574570096247,
  -0.8385936519151614, 0.0]
- [0.0, 0.0, 1.0, -0.8100322871046727, -0.5863852776528186, 0.0, 0.5863852776528186,
  -0.8100322871046727, 0.0]
- [0.0, 0.0, 1.0, -0.7787244605145528, -0.6273660929603374, 0.0, 0.6273660929603374,
  -0.7787244605145528, 0.0]
- [0.0, 0.0, 1.0, -0.8396764655834441, -0.5430869480527915, 0.0, 0.5430869480527915,
  -0.8396764655834441, 0.0]
- [0.0, 0.0, 1.0, -0.8112307540459004, -0.584726144182146, 0.0, 0.584726144182146,
  -0.8112307540459004, 0.0]
- [0.0, 0.0, 1.0, -0.654961783817654, -0.7556620023121428, 0.0, 0.7556620023121428,
  -0.654961783817654, 0.0]
- [0.0, 0.0, 1.0, -0.5827741724660774, -0.8126341513291688, 0.0, 0.8126341513291688,
  -0.5827741724660774, 0.0]
- [0.0, 0.0, 1.0, -0.48633865449293917, -0.8737704007037532, 0.0, 0.8737704007037532,
  -0.48633865449293917, 0.0]
- [0.0, 0.0, 1.0, -0.3578127359682427, -0.9337933636404365, 0.0, 0.9337933636404365,
  -0.3578127359682427, 0.0]
- [0.0, 0.0, 1.0, -0.19416198880287078, -0.9809694807200242, 0.0, 0.9809694807200242,
  -0.19416198880287078, 0.0]
- [0.0, 0.0, 1.0, 0.01339877149203801, -0.9999102324321439, 0.0, 0.9999102324321439,
  0.01339877149203801, 0.0]
- [0.0, 0.0, 1.0, 0.2531071915427454, -0.9674382407106636, 0.0, 0.9674382407106636,
  0.2531071915427454, 0.0]
- [0.0, 0.0, 1.0, 0.4379726057034215, -0.8989883184187407, 0.0, 0.8989883184187407,
  0.4379726057034215, 0.0]
- [0.0, 0.0, 1.0, 0.5687707306440873, -0.8224961130379832, 0.0, 0.8224961130379832,
  0.5687707306440873, 0.0]
- [0.0, 0.0, 1.0, 0.6525310790296809, -0.7577619618985638, 0.0, 0.7577619618985638,
  0.6525310790296809, 0.0]
- [0.0, 0.0, 1.0, 0.7043252947245636, -0.7098773691357942, 0.0, 0.7098773691357942,
  0.7043252947245636, 0.0]
- [0.0, 0.0, 1.0, 0.8431205509814428, -0.5377245916942506, 0.0, 0.5377245916942506,
  0.8431205509814428, 0.0]
- [0.0, 0.0, 1.0, 0.8756378107203684, -0.48296834724114224, 0.0, 0.48296834724114224,
  0.8756378107203684, 0.0]
- [0.0, 0.0, 1.0, 0.8038262763794137, -0.5948641167544119, 0.0, 0.5948641167544119,
  0.8038262763794137, 0.0]
- [0.0, 0.0, 1.0, 0.8220191050373262, -0.5694599116299878, 0.0, 0.5694599116299878,
  0.8220191050373262, 0.0]
- [0.0, 0.0, 1.0, 0.8419600889338558, -0.5395398119161307, 0.0, 0.5395398119161307,
  0.8419600889338558, 0.0]
- [0.0, 0.0, 1.0, 0.8590809158020533, -0.5118397992582305, 0.0, 0.5118397992582305,
  0.8590809158020533, 0.0]
- [0.0, 0.0, 1.0, 0.8752303398800284, -0.48370636976733106, 0.0, 0.48370636976733106,
  0.8752303398800284, 0.0]
- [0.0, 0.0, 1.0, 0.8896007745425999, -0.4567389428691257, 0.0, 0.4567389428691257,
  0.8896007745425999, 0.0]
- [0.0, 0.0, 1.0, 0.901598670562047, -0.4325735050147539, 0.0, 0.4325735050147539,
  0.901598670562047, 0.0]
- [0.0, 0.0, 1.0, 0.913366448254174, -0.40713846686791383, 0.0, 0.40713846686791383,
  0.913366448254174, 0.0]
- [0.0, 0.0, 1.0, 0.9240879149654814, -0.3821799646956252, 0.0, 0.3821799646956252,
  0.9240879149654814, 0.0]
- [0.0, 0.0, 1.0, 0.9335416301307291, -0.3584690011881937, 0.0, 0.3584690011881937,
  0.9335416301307291, 0.0]
- [0.0, 0.0, 1.0, 0.9789987160683727, -0.20386641198706024, 0.0, 0.20386641198706024,
  0.9789987160683727, 0.0]
- [0.0, 0.0, 1.0, 0.980346601773217, -0.1972828943210884, 0.0, 0.1972828943210884,
  0.980346601773217, 0.0]
- [0.0, 0.0, 1.0, 0.9585919742223021, -0.2847831226680912, 0.0, 0.2847831226680912,
  0.9585919742223021, 0.0]
- [0.0, 0.0, 1.0, 0.965087161569134, -0.261928941841928, 0.0, 0.261928941841928, 0.965087161569134,
  0.0]
- [0.0, 0.0, 1.0, 0.9709778198181434, -0.23916954952753744, 0.0, 0.23916954952753744,
  0.9709778198181434, 0.0]
- [0.0, 0.0, 1.0, 0.9759553165065417, -0.21797068652141305, 0.0, 0.21797068652141305,
  0.9759553165065417, 0.0]
- [0.0, 0.0, 1.0, 0.9803161281631935, -0.19743426466326794, 0.0, 0.19743426466326794,
  0.9803161281631935, 0.0]
- [0.0, 0.0, 1.0, 0.9849610312711902, -0.17277663869051682, 0.0, 0.17277663869051682,
  0.9849610312711902, 0.0]
- [0.0, 0.0, 1.0, 0.9879857174050949, -0.15454521087222298, 0.0, 0.15454521087222298,
  0.9879857174050949, 0.0]
- [0.0, 0.0, 1.0, 0.9908557135090302, -0.13492573885849385, 0.0, 0.13492573885849385,
  0.9908557135090302, 0.0]
- [0.0, 0.0, 1.0, 0.9933769156629592, -0.1149012768769181, 0.0, 0.1149012768769181,
  0.9933769156629592, 0.0]
- [0.0, 0.0, 1.0, 0.9953438024906238, -0.09638835429400196, 0.0, 0.09638835429400196,
  0.9953438024906238, 0.0]
- [0.0, 0.0, 1.0, 0.996793063822638, -0.08002242132726585, 0.0, 0.08002242132726585,
  0.996793063822638, 0.0]
- [0.0, 0.0, 1.0, 0.9982843590718973, -0.058552014759626146, 0.0, 0.058552014759626146,
  0.9982843590718973, 0.0]
- [0.0, 0.0, 1.0, 0.9990901265977943, -0.042648785853801524, 0.0, 0.042648785853801524,
  0.9990901265977943, 0.0]
- [0.0, 0.0, 1.0, 0.9996561326427806, -0.026222442099841044, 0.0, 0.026222442099841044,
  0.9996561326427806, 0.0]
- [0.0, 0.0, 1.0, 0.9999708584074746, -0.007634286857226519, 0.0, 0.007634286857226519,
  0.9999708584074746, 0.0]
- [0.0, 0.0, 1.0, 0.9999615054418037, 0.008774259772859502, 0.0, -0.008774259772859502,
  0.9999615054418037, 0.0]
- [0.0, 0.0, 1.0, 0.9997338122486468, 0.023071728300831065, 0.0, -0.023071728300831065,
  0.9997338122486468, 0.0]
- [0.0, 0.0, 1.0, 0.9991474629689613, 0.04128374065765073, 0.0, -0.04128374065765073,
  0.9991474629689613, 0.0]
- [0.0, 0.0, 1.0, 0.9983604291968594, 0.057240312838616615, 0.0, -0.057240312838616615,
  0.9983604291968594, 0.0]
- [0.0, 0.0, 1.0, 0.9973980143459772, 0.07209161517611995, 0.0, -0.07209161517611995,
  0.9973980143459772, 0.0]
- [0.0, 0.0, 1.0, 0.9992003077013436, -0.03998431054226405, 0.0, 0.03998431054226405,
  0.9992003077013436, 0.0]
- [0.0, 0.0, 1.0, 0.9996183608471089, -0.027624855788573877, 0.0, 0.027624855788573877,
  0.9996183608471089, 0.0]
- [0.0, 0.0, 1.0, 0.9929735329101729, 0.11833665087321701, 0.0, -0.11833665087321701,
  0.9929735329101729, 0.0]
- [0.0, 0.0, 1.0, 0.9911762210048034, 0.1325507409056522, 0.0, -0.1325507409056522,
  0.9911762210048034, 0.0]
- [0.0, 0.0, 1.0, 0.9891284313471383, 0.14705422911548433, 0.0, -0.14705422911548433,
  0.9891284313471383, 0.0]
- [0.0, 0.0, 1.0, 0.9870692528372425, 0.1602943857511176, 0.0, -0.1602943857511176,
  0.9870692528372425, 0.0]
- [0.0, 0.0, 1.0, 0.9847241746261218, 0.17412150903005422, 0.0, -0.17412150903005422,
  0.9847241746261218, 0.0]
- [0.0, 0.0, 1.0, 0.9824022035514204, 0.18677770331951718, 0.0, -0.18677770331951718,
  0.9824022035514204, 0.0]
- [0.0, 0.0, 1.0, 0.9798004215674379, 0.1999778335122949, 0.0, -0.1999778335122949,
  0.9798004215674379, 0.0]
- [0.0, 0.0, 1.0, 0.9772052568471706, 0.21229669330975276, 0.0, -0.21229669330975276,
  0.9772052568471706, 0.0]
- [0.0, 0.0, 1.0, 0.9745641458816404, 0.2241087360233617, 0.0, -0.2241087360233617,
  0.9745641458816404, 0.0]
- [0.0, 0.0, 1.0, 0.9718790297688245, 0.23548068178856746, 0.0, -0.23548068178856746,
  0.9718790297688245, 0.0]
- [0.0, 0.0, 1.0, 0.9688884058742424, 0.2474979938554439, 0.0, -0.2474979938554439,
  0.9688884058742424, 0.0]
- [0.0, 0.0, 1.0, 0.9660277960000383, 0.25843818865506024, 0.0, -0.25843818865506024,
  0.9660277960000383, 0.0]
- [0.0, 0.0, 1.0, 0.9632370292857246, 0.2686529832568631, 0.0, -0.2686529832568631,
  0.9632370292857246, 0.0]
- [0.0, 0.0, 1.0, 0.9605307406433861, 0.27817385980546117, 0.0, -0.27817385980546117,
  0.9605307406433861, 0.0]
- [0.0, 0.0, 1.0, 0.957443727063749, 0.28862000884602096, 0.0, -0.28862000884602096,
  0.957443727063749, 0.0]
- [0.0, 0.0, 1.0, 0.9548300550158845, 0.2971524289625828, 0.0, -0.2971524289625828,
  0.9548300550158845, 0.0]
- [0.0, 0.0, 1.0, 0.9525000612507634, 0.3045383938312081, 0.0, -0.3045383938312081,
  0.9525000612507634, 0.0]
- [0.0, 0.0, 1.0, 0.9499928171120401, 0.31227175254180467, 0.0, -0.31227175254180467,
  0.9499928171120401, 0.0]
- [0.0, 0.0, 1.0, 0.9477640065250003, 0.3189723936889823, 0.0, -0.3189723936889823,
  0.9477640065250003, 0.0]
- [0.0, 0.0, 1.0, 0.9457178228818505, 0.324988922093681, 0.0, -0.324988922093681,
  0.9457178228818505, 0.0]
- [0.0, 0.0, 1.0, 0.9439286993865488, 0.3301493760018615, 0.0, -0.3301493760018615,
  0.9439286993865488, 0.0]
- [0.0, 0.0, 1.0, 0.9421849255667966, 0.33509336912969484, 0.0, -0.33509336912969484,
  0.9421849255667966, 0.0]
- [0.0, 0.0, 1.0, 0.941001703693169, 0.33840182275891084, 0.0, -0.33840182275891084,
  0.941001703693169, 0.0]
- [0.0, 0.0, 1.0, 0.939632435152182, 0.3421854567482092, 0.0, -0.3421854567482092,
  0.939632435152182, 0.0]
- [0.0, 0.0, 1.0, 0.9388840152610852, 0.3442336501378423, 0.0, -0.3442336501378423,
  0.9388840152610852, 0.0]
- [0.0, 0.0, 1.0, 0.9383772349030103, 0.3456127385033438, 0.0, -0.3456127385033438,
  0.9383772349030103, 0.0]
- [0.0, 0.0, 1.0, 0.9386038319268566, 0.3449968792499742, 0.0, -0.3449968792499742,
  0.9386038319268566, 0.0]
- [0.0, 0.0, 1.0, 0.9384568776383303, 0.3453964226990716, 0.0, -0.3453964226990716,
  0.9384568776383303, 0.0]
- [0.0, 0.0, 1.0, 0.9389472518542653, 0.344061125725245, 0.0, -0.344061125725245,
  0.9389472518542653, 0.0]
- [0.0, 0.0, 1.0, 0.9399217973065221, 0.34138982841917986, 0.0, -0.34138982841917986,
  0.9399217973065221, 0.0]
- [0.0, 0.0, 1.0, 0.9409212119256628, 0.33862556452273646, 0.0, -0.33862556452273646,
  0.9409212119256628, 0.0]
- [0.0, 0.0, 1.0, 0.9423152615529463, 0.33472667632622644, 0.0, -0.33472667632622644,
  0.9423152615529463, 0.0]
- [0.0, 0.0, 1.0, 0.9442931866919521, 0.3291054201424799, 0.0, -0.3291054201424799,
  0.9442931866919521, 0.0]
- [0.0, 0.0, 1.0, 0.9464854994307047, 0.3227463390457118, 0.0, -0.3227463390457118,
  0.9464854994307047, 0.0]
- [0.0, 0.0, 1.0, 0.9487681751709963, 0.31597302065634925, 0.0, -0.31597302065634925,
  0.9487681751709963, 0.0]
- [0.0, 0.0, 1.0, 0.9512911188454547, 0.3082940271976787, 0.0, -0.3082940271976787,
  0.9512911188454547, 0.0]
- [0.0, 0.0, 1.0, 0.954272486925866, 0.2989381553036062, 0.0, -0.2989381553036062,
  0.954272486925866, 0.0]
- [0.0, 0.0, 1.0, 0.9571516390455033, 0.2895871887230282, 0.0, -0.2895871887230282,
  0.9571516390455033, 0.0]
- [0.0, 0.0, 1.0, 0.9602527189671854, 0.2791320757564908, 0.0, -0.2791320757564908,
  0.9602527189671854, 0.0]
- [0.0, 0.0, 1.0, 0.9635164705609938, 0.2676490443802961, 0.0, -0.2676490443802961,
  0.9635164705609938, 0.0]
- [0.0, 0.0, 1.0, 0.9669954628114651, 0.25479359274134106, 0.0, -0.25479359274134106,
  0.9669954628114651, 0.0]
- [0.0, 0.0, 1.0, 0.9701651983222603, 0.24244481426569878, 0.0, -0.24244481426569878,
  0.9701651983222603, 0.0]
- [0.0, 0.0, 1.0, 0.9737827750810654, 0.22747990450898983, 0.0, -0.22747990450898983,
  0.9737827750810654, 0.0]
- [0.0, 0.0, 1.0, 0.9779587786073081, 0.2087980539777665, 0.0, -0.2087980539777665,
  0.9779587786073081, 0.0]
- [0.0, 0.0, 1.0, 0.9812199937875694, 0.19289200033055365, 0.0, -0.19289200033055365,
  0.9812199937875694, 0.0]
- [0.0, 0.0, 1.0, 0.9842362735847641, 0.17685858124495282, 0.0, -0.17685858124495282,
  0.9842362735847641, 0.0]
- [0.0, 0.0, 1.0, 0.9998407445665548, 0.0178461621811866, 0.0, -0.0178461621811866,
  0.9998407445665548, 0.0]
- [0.0, 0.0, 1.0, 0.9999992411083397, 0.0012319832566821693, 0.0, -0.0012319832566821693,
  0.9999992411083397, 0.0]
- [0.0, 0.0, 1.0, 0.9919922051438873, 0.12629910899831343, 0.0, -0.12629910899831343,
  0.9919922051438873, 0.0]
- [0.0, 0.0, 1.0, 0.9939866258068338, 0.10950154207656425, 0.0, -0.10950154207656425,
  0.9939866258068338, 0.0]
- [0.0, 0.0, 1.0, 0.9956944493236899, 0.09269608182654802, 0.0, -0.09269608182654802,
  0.9956944493236899, 0.0]
- [0.0, 0.0, 1.0, 0.9970738334674518, 0.07644455909036375, 0.0, -0.07644455909036375,
  0.9970738334674518, 0.0]
- [0.0, 0.0, 1.0, 0.9984229423136359, 0.056139364636429365, 0.0, -0.056139364636429365,
  0.9984229423136359, 0.0]
