nodes:
- [4.64954062 0.18899757 0.00000000]
- [4.58810364 0.20642945 0.00000000]
- [4.51838330 0.22955725 0.00000000]
- [4.44846254 0.25203682 0.00000000]
- [4.37835529 0.27406916 0.00000000]
- [4.30811750 0.29582040 0.00000000]
- [4.23783352 0.31745326 0.00000000]
- [4.16747709 0.33887237 0.00000000]
- [4.09706349 0.36023759 0.00000000]
- [4.02669085 0.38171339 0.00000000]
- [3.95628172 0.40306467 0.00000000]
- [3.88590393 0.42451706 0.00000000]
- [3.81549274 0.44583868 0.00000000]
- [3.74177748 0.45631082 0.00000000]
- [3.66951291 0.46631266 0.00000000]
- [3.60052882 0.48714098 0.00000000]
- [3.53151559 0.50796330 0.00000000]
- [3.46254955 0.52878601 0.00000000]
- [3.39355936 0.54942966 0.00000000]
- [3.32448679 0.57000425 0.00000000]
- [3.25542077 0.59061593 0.00000000]
- [3.18638009 0.61114282 0.00000000]
- [3.11728767 0.63153957 0.00000000]
- [3.04817587 0.65191302 0.00000000]
- [2.97907077 0.67218471 0.00000000]
- [2.90988721 0.69231696 0.00000000]
- [2.84072791 0.71247983 0.00000000]
- [2.77154945 0.73243007 0.00000000]
- [2.70230224 0.75228298 0.00000000]
- [2.63304307 0.77206988 0.00000000]
- [2.56376330 0.79172029 0.00000000]
- [2.49442527 0.81125148 0.00000000]
- [2.42507324 0.83073369 0.00000000]
- [2.35575054 0.85007307 0.00000000]
- [2.28631543 0.86913820 0.00000000]
- [2.21685380 0.88820919 0.00000000]
- [2.14736571 0.90708475 0.00000000]
- [2.07787381 0.92586205 0.00000000]
- [2.00826163 0.94438608 0.00000000]
- [1.93858527 0.96279992 0.00000000]
- [1.86890375 0.98105753 0.00000000]
- [1.79919159 0.99906498 0.00000000]
- [1.72939016 1.01681289 0.00000000]
- [1.65947806 1.03441350 0.00000000]
- [1.58965621 1.05197713 0.00000000]
- [1.51978010 1.06901654 0.00000000]
- [1.44971943 1.08581292 0.00000000]
- [1.37961942 1.10253875 0.00000000]
- [1.30964271 1.11903014 0.00000000]
- [1.23947382 1.13483555 0.00000000]
- [1.16916913 1.15059140 0.00000000]
- [1.09887934 1.16606823 0.00000000]
- [1.02862875 1.18117662 0.00000000]
- [0.95823587 1.19560680 0.00000000]
- [0.88765197 1.20971615 0.00000000]
- [0.81706025 1.22357944 0.00000000]
- [0.74652213 1.23692437 0.00000000]
- [0.67576367 1.24950884 0.00000000]
- [0.60480898 1.26191101 0.00000000]
- [0.53407721 1.27407340 0.00000000]
- [0.46325225 1.28507440 0.00000000]
- [0.39209886 1.29558149 0.00000000]
- [0.32093036 1.30583029 0.00000000]
- [0.24970718 1.31346253 0.00000000]
- [0.15391031 1.32269334 0.00000000]
- [0.08285412 1.33061457 0.00000000]
- [0.01202096 1.33789703 0.00000000]
- [-0.05897049 1.34383544 0.00000000]
- [-0.13027525 1.34929425 0.00000000]
- [-0.20139036 1.35428251 0.00000000]
- [-0.27232193 1.35802101 0.00000000]
- [-0.34353124 1.36047568 0.00000000]
- [-0.41491264 1.36241408 0.00000000]
- [-0.48592285 1.36356607 0.00000000]
- [-0.55697352 1.36292670 0.00000000]
- [-0.62824281 1.36161933 0.00000000]
- [-0.72070578 1.36054509 0.00000000]
- [-0.79199712 1.35780559 0.00000000]
- [-0.86356816 1.35241915 0.00000000]
- [-0.93446019 1.34626373 0.00000000]
- [-1.00505313 1.33725506 0.00000000]
- [-1.07600766 1.32740117 0.00000000]
- [-1.14611806 1.31649881 0.00000000]
- [-1.21577059 1.30239603 0.00000000]
- [-1.28563898 1.28745052 0.00000000]
- [-1.35446601 1.27085885 0.00000000]
- [-1.42275427 1.25124703 0.00000000]
- [-1.49077266 1.23067013 0.00000000]
- [-1.55745908 1.20737056 0.00000000]
- [-1.62368487 1.18161676 0.00000000]
- [-1.68900413 1.15455318 0.00000000]
- [-1.75282356 1.12410065 0.00000000]
- [-1.81602283 1.09226170 0.00000000]
- [-1.87718164 1.05751792 0.00000000]
- [-1.93710680 1.02006887 0.00000000]
- [-1.99528900 0.98085675 0.00000000]
- [-2.05100067 0.93769986 0.00000000]
- [-2.10549939 0.89370284 0.00000000]
- [-2.15584864 0.84511956 0.00000000]
- [-2.20525215 0.79514304 0.00000000]
- [-2.25069774 0.74196679 0.00000000]
- [-2.29409608 0.68703474 0.00000000]
- [-2.33337145 0.62930266 0.00000000]
- [-2.36990790 0.56979904 0.00000000]
- [-2.40201327 0.50786075 0.00000000]
- [-2.43117164 0.44434667 0.00000000]
- [-2.45588638 0.37918055 0.00000000]
- [-2.48886955 0.31669236 0.00000000]
- [-2.51482437 0.24890490 0.00000000]
- [-2.52555708 0.17670865 0.00000000]
- [-2.53511901 0.10441604 0.00000000]
- [-2.54074646 0.03243038 0.00000000]
- [-2.53823351 -0.03984675 0.00000000]
- [-2.53270942 -0.11231648 0.00000000]
- [-2.52292801 -0.18437770 0.00000000]
- [-2.49825757 -0.25266058 0.00000000]
- [-2.46651895 -0.31475844 0.00000000]
- [-2.44307698 -0.37919484 0.00000000]
- [-2.41443062 -0.44164734 0.00000000]
- [-2.38263139 -0.50247695 0.00000000]
- [-2.34590456 -0.56044004 0.00000000]
- [-2.30596950 -0.61639387 0.00000000]
- [-2.26179070 -0.66938263 0.00000000]
- [-2.21529063 -0.72043119 0.00000000]
- [-2.16514504 -0.76822150 0.00000000]
- [-2.11339630 -0.81426519 0.00000000]
- [-2.05841492 -0.85667751 0.00000000]
- [-2.00217202 -0.89776315 0.00000000]
- [-1.94367777 -0.93541359 0.00000000]
- [-1.88380075 -0.97139820 0.00000000]
- [-1.82251537 -1.00461443 0.00000000]
- [-1.75953717 -1.03572416 0.00000000]
- [-1.69629881 -1.06557830 0.00000000]
- [-1.63144152 -1.09205062 0.00000000]
- [-1.56588337 -1.11789022 0.00000000]
- [-1.49995088 -1.14145127 0.00000000]
- [-1.43282721 -1.16285149 0.00000000]
- [-1.36556534 -1.18351413 0.00000000]
- [-1.29771608 -1.20148184 0.00000000]
- [-1.22903496 -1.21825246 0.00000000]
- [-1.16019391 -1.23319327 0.00000000]
- [-1.10494091 -1.24316801 0.00000000]
- [-1.03466731 -1.25567942 0.00000000]
- [-0.96453255 -1.26740415 0.00000000]
- [-0.89431006 -1.27688969 0.00000000]
- [-0.82337718 -1.28487330 0.00000000]
- [-0.75254472 -1.29238363 0.00000000]
- [-0.68184712 -1.29776962 0.00000000]
- [-0.61064105 -1.30162455 0.00000000]
- [-0.53931453 -1.30476111 0.00000000]
- [-0.46836424 -1.30661676 0.00000000]
- [-0.39718579 -1.30633103 0.00000000]
- [-0.32554544 -1.30544422 0.00000000]
- [-0.26082208 -1.30416641 0.00000000]
- [-0.19620742 -1.30158206 0.00000000]
- [-0.12339100 -1.29774824 0.00000000]
- [-0.05089753 -1.29270411 0.00000000]
- [0.02105061 -1.28597733 0.00000000]
- [0.09321568 -1.27741019 0.00000000]
- [0.16563149 -1.26856136 0.00000000]
- [0.23740973 -1.25902140 0.00000000]
- [0.30886423 -1.24725972 0.00000000]
- [0.38066665 -1.23468131 0.00000000]
- [0.45225394 -1.22164876 0.00000000]
- [0.52324383 -1.20747310 0.00000000]
- [0.59409598 -1.19145720 0.00000000]
- [0.66519036 -1.17502743 0.00000000]
- [0.73588436 -1.15805503 0.00000000]
- [0.80607242 -1.13983937 0.00000000]
- [0.87623061 -1.12027517 0.00000000]
- [0.94660884 -1.10049269 0.00000000]
- [1.01650289 -1.08052230 0.00000000]
- [1.08583479 -1.05896833 0.00000000]
- [1.15537281 -1.03668944 0.00000000]
- [1.22489366 -1.01425636 0.00000000]
- [1.29392049 -0.99144081 0.00000000]
- [1.36260320 -0.96722509 0.00000000]
- [1.43147361 -0.94287954 0.00000000]
- [1.50009789 -0.91795969 0.00000000]
- [1.56856306 -0.89288278 0.00000000]
- [1.63664228 -0.86691316 0.00000000]
- [1.70481001 -0.84049414 0.00000000]
- [1.77293991 -0.81401439 0.00000000]
- [1.84063689 -0.78723444 0.00000000]
- [1.90816670 -0.75991296 0.00000000]
- [1.97571657 -0.73229228 0.00000000]
- [2.04327947 -0.70457925 0.00000000]
- [2.11076686 -0.67679307 0.00000000]
- [2.17818741 -0.64877966 0.00000000]
- [2.24560924 -0.62076127 0.00000000]
- [2.31305351 -0.59249100 0.00000000]
- [2.38077248 -0.56457376 0.00000000]
- [2.44842577 -0.53691586 0.00000000]
- [2.51604262 -0.50910039 0.00000000]
- [2.58403575 -0.48146854 0.00000000]
- [2.65231889 -0.45466450 0.00000000]
- [2.72047422 -0.42809478 0.00000000]
- [2.78889225 -0.40154923 0.00000000]
- [2.85792221 -0.37589384 0.00000000]
- [2.92709945 -0.35134354 0.00000000]
- [2.99615479 -0.32698702 0.00000000]
- [3.06580911 -0.30287112 0.00000000]
- [3.13606312 -0.28062072 0.00000000]
- [3.20604142 -0.25882227 0.00000000]
- [3.27660149 -0.23734882 0.00000000]
- [3.34780239 -0.21783548 0.00000000]
- [3.41876826 -0.19917924 0.00000000]
- [3.49032435 -0.18075675 0.00000000]
- [3.56265037 -0.16490015 0.00000000]
- [3.63472354 -0.15007954 0.00000000]
- [3.70937991 -0.14732678 0.00000000]
- [3.78446177 -0.14723207 0.00000000]
- [3.85766771 -0.13702500 0.00000000]
- [3.93125969 -0.12865003 0.00000000]
- [4.00501862 -0.12281917 0.00000000]
- [4.07889636 -0.11808453 0.00000000]
- [4.15292251 -0.11626613 0.00000000]
- [4.22697004 -0.11578767 0.00000000]
- [4.30106355 -0.11815920 0.00000000]
- [4.37516731 -0.12276691 0.00000000]
- [4.44903276 -0.13110183 0.00000000]
- [4.52246908 -0.14263921 0.00000000]
- [4.59513832 -0.15763964 0.00000000]
- [4.65275091 -0.17779959 0.00000000]
- [1.78564549 -0.74151954 0.00000000]
- [1.79835107 -0.66902469 0.00000000]
- [1.81105665 -0.59652983 0.00000000]
- [1.82376223 -0.52403498 0.00000000]
- [1.83646781 -0.45154013 0.00000000]
- [1.84917338 -0.37904528 0.00000000]
- [1.86187896 -0.30655043 0.00000000]
- [1.87458454 -0.23405558 0.00000000]
- [1.88729012 -0.16156072 0.00000000]
- [1.89999570 -0.08906587 0.00000000]
- [1.91270128 -0.01657102 0.00000000]
- [1.92540686 0.05592383 0.00000000]
- [1.93811244 0.12841868 0.00000000]
- [1.95081802 0.20091353 0.00000000]
- [1.96352360 0.27340839 0.00000000]
- [1.97622918 0.34590324 0.00000000]
- [1.98893476 0.41839809 0.00000000]
- [2.00164034 0.49089294 0.00000000]
- [2.01434592 0.56338779 0.00000000]
- [2.02705150 0.63588265 0.00000000]
- [2.03975708 0.70837750 0.00000000]
- [2.05246266 0.78087235 0.00000000]
- [2.06516824 0.85336720 0.00000000]
- [-1.09205718 -1.17276835 0.00000000]
- [-1.07917344 -1.10236869 0.00000000]
- [-1.06628971 -1.03196904 0.00000000]
- [-1.05340598 -0.96156938 0.00000000]
- [-1.04052225 -0.89116972 0.00000000]
- [-1.02763852 -0.82077006 0.00000000]
- [-1.01475478 -0.75037041 0.00000000]
- [-1.00187105 -0.67997075 0.00000000]
- [-0.98898732 -0.60957109 0.00000000]
- [-0.97610359 -0.53917143 0.00000000]
- [-0.96321985 -0.46877177 0.00000000]
- [-0.95033612 -0.39837212 0.00000000]
- [-0.93745239 -0.32797246 0.00000000]
- [-0.92456866 -0.25757280 0.00000000]
- [-0.91168492 -0.18717314 0.00000000]
- [-0.89880119 -0.11677349 0.00000000]
- [-0.88591746 -0.04637383 0.00000000]
- [-0.87303373 0.02402583 0.00000000]
- [-0.86015000 0.09442549 0.00000000]
- [-0.84726626 0.16482515 0.00000000]
- [-0.83438253 0.23522480 0.00000000]
- [-0.82149880 0.30562446 0.00000000]
- [-0.80861507 0.37602412 0.00000000]
- [-0.79573133 0.44642378 0.00000000]
- [-0.78284760 0.51682344 0.00000000]
- [-0.76996387 0.58722309 0.00000000]
- [-0.75708014 0.65762275 0.00000000]
- [-0.74419641 0.72802241 0.00000000]
- [-0.73131267 0.79842207 0.00000000]
- [-0.71842894 0.86882172 0.00000000]
- [-0.70554521 0.93922138 0.00000000]
- [-0.69266148 1.00962104 0.00000000]
- [-0.67977774 1.08002070 0.00000000]
- [-0.66689401 1.15042036 0.00000000]
- [-0.65401028 1.22082001 0.00000000]
- [-0.64112655 1.29121967 0.00000000]
- [-0.31258718 -1.23441347 0.00000000]
- [-0.29962892 -1.16338273 0.00000000]
- [-0.28667065 -1.09235198 0.00000000]
- [-0.27371239 -1.02132124 0.00000000]
- [-0.26075413 -0.95029049 0.00000000]
- [-0.24779586 -0.87925975 0.00000000]
- [-0.23483760 -0.80822900 0.00000000]
- [-0.22187934 -0.73719826 0.00000000]
- [-0.20892107 -0.66616751 0.00000000]
- [-0.19596281 -0.59513677 0.00000000]
- [-0.18300454 -0.52410602 0.00000000]
- [-0.17004628 -0.45307528 0.00000000]
- [-0.15708802 -0.38204454 0.00000000]
- [-0.14412975 -0.31101379 0.00000000]
- [-0.13117149 -0.23998305 0.00000000]
- [-0.11821323 -0.16895230 0.00000000]
- [-0.10525496 -0.09792156 0.00000000]
- [-0.09229670 -0.02689081 0.00000000]
- [-0.07933844 0.04413993 0.00000000]
- [-0.06638017 0.11517068 0.00000000]
- [-0.05342191 0.18620142 0.00000000]
- [-0.04046365 0.25723217 0.00000000]
- [-0.02750538 0.32826291 0.00000000]
- [-0.01454712 0.39929366 0.00000000]
- [-0.00158885 0.47032440 0.00000000]
- [0.01136941 0.54135515 0.00000000]
- [0.02432767 0.61238589 0.00000000]
- [0.03728594 0.68341664 0.00000000]
- [0.05024420 0.75444738 0.00000000]
- [0.06320246 0.82547813 0.00000000]
- [0.07616073 0.89650887 0.00000000]
- [0.08911899 0.96753962 0.00000000]
- [0.10207725 1.03857036 0.00000000]
- [0.11503552 1.10960111 0.00000000]
- [0.12799378 1.18063185 0.00000000]
- [0.14095204 1.25166260 0.00000000]
elements:
- [1 2]
- [2 3]
- [3 4]
- [4 5]
- [5 6]
- [6 7]
- [7 8]
- [8 9]
- [9 10]
- [10 11]
- [11 12]
- [12 13]
- [13 14]
- [14 15]
- [15 16]
- [16 17]
- [17 18]
- [18 19]
- [19 20]
- [20 21]
- [21 22]
- [22 23]
- [23 24]
- [24 25]
- [25 26]
- [26 27]
- [27 28]
- [28 29]
- [29 30]
- [30 31]
- [31 32]
- [32 33]
- [33 34]
- [34 35]
- [35 36]
- [36 37]
- [37 38]
- [38 39]
- [39 40]
- [40 41]
- [41 42]
- [42 43]
- [43 44]
- [44 45]
- [45 46]
- [46 47]
- [47 48]
- [48 49]
- [49 50]
- [50 51]
- [51 52]
- [52 53]
- [53 54]
- [54 55]
- [55 56]
- [56 57]
- [57 58]
- [58 59]
- [59 60]
- [60 61]
- [61 62]
- [62 63]
- [63 64]
- [64 65]
- [65 66]
- [66 67]
- [67 68]
- [68 69]
- [69 70]
- [70 71]
- [71 72]
- [72 73]
- [73 74]
- [74 75]
- [75 76]
- [76 77]
- [77 78]
- [78 79]
- [79 80]
- [80 81]
- [81 82]
- [82 83]
- [83 84]
- [84 85]
- [85 86]
- [86 87]
- [87 88]
- [88 89]
- [89 90]
- [90 91]
- [91 92]
- [92 93]
- [93 94]
- [94 95]
- [95 96]
- [96 97]
- [97 98]
- [98 99]
- [99 100]
- [100 101]
- [101 102]
- [102 103]
- [103 104]
- [104 105]
- [105 106]
- [106 107]
- [107 108]
- [108 109]
- [109 110]
- [110 111]
- [111 112]
- [112 113]
- [113 114]
- [114 115]
- [115 116]
- [116 117]
- [117 118]
- [118 119]
- [119 120]
- [120 121]
- [121 122]
- [122 123]
- [123 124]
- [124 125]
- [125 126]
- [126 127]
- [127 128]
- [128 129]
- [129 130]
- [130 131]
- [131 132]
- [132 133]
- [133 134]
- [134 135]
- [135 136]
- [136 137]
- [137 138]
- [138 139]
- [139 140]
- [140 141]
- [141 142]
- [142 143]
- [143 144]
- [144 145]
- [145 146]
- [146 147]
- [147 148]
- [148 149]
- [149 150]
- [150 151]
- [151 152]
- [152 153]
- [153 154]
- [154 155]
- [155 156]
- [156 157]
- [157 158]
- [158 159]
- [159 160]
- [160 161]
- [161 162]
- [162 163]
- [163 164]
- [164 165]
- [165 166]
- [166 167]
- [167 168]
- [168 169]
- [169 170]
- [170 171]
- [171 172]
- [172 173]
- [173 174]
- [174 175]
- [175 176]
- [176 177]
- [177 178]
- [178 179]
- [179 180]
- [180 181]
- [181 182]
- [182 183]
- [183 184]
- [184 185]
- [185 186]
- [186 187]
- [187 188]
- [188 189]
- [189 190]
- [190 191]
- [191 192]
- [192 193]
- [193 194]
- [194 195]
- [195 196]
- [196 197]
- [197 198]
- [198 199]
- [199 200]
- [200 201]
- [201 202]
- [202 203]
- [203 204]
- [204 205]
- [205 206]
- [206 207]
- [207 208]
- [208 209]
- [209 210]
- [210 211]
- [211 212]
- [212 213]
- [213 214]
- [214 215]
- [215 216]
- [216 217]
- [217 218]
- [218 219]
- [219 220]
- [220 221]
- [221 222]
- [222 223]
- [223 224]
- [224 1]
- [183 225]
- [225 226]
- [226 227]
- [227 228]
- [228 229]
- [229 230]
- [230 231]
- [231 232]
- [232 233]
- [233 234]
- [234 235]
- [235 236]
- [236 237]
- [237 238]
- [238 239]
- [239 240]
- [240 241]
- [241 242]
- [242 243]
- [243 244]
- [244 245]
- [245 246]
- [246 247]
- [247 38]
- [142 248]
- [248 249]
- [249 250]
- [250 251]
- [251 252]
- [252 253]
- [253 254]
- [254 255]
- [255 256]
- [256 257]
- [257 258]
- [258 259]
- [259 260]
- [260 261]
- [261 262]
- [262 263]
- [263 264]
- [264 265]
- [265 266]
- [266 267]
- [267 268]
- [268 269]
- [269 270]
- [270 271]
- [271 272]
- [272 273]
- [273 274]
- [274 275]
- [275 276]
- [276 277]
- [277 278]
- [278 279]
- [279 280]
- [280 281]
- [281 282]
- [282 283]
- [283 76]
- [153 284]
- [284 285]
- [285 286]
- [286 287]
- [287 288]
- [288 289]
- [289 290]
- [290 291]
- [291 292]
- [292 293]
- [293 294]
- [294 295]
- [295 296]
- [296 297]
- [297 298]
- [298 299]
- [299 300]
- [300 301]
- [301 302]
- [302 303]
- [303 304]
- [304 305]
- [305 306]
- [306 307]
- [307 308]
- [308 309]
- [309 310]
- [310 311]
- [311 312]
- [312 313]
- [313 314]
- [314 315]
- [315 316]
- [316 317]
- [317 318]
- [318 319]
- [319 65]
sets:
  element:
  - name: layup_0
    labels:
    - 1
    - 2
    - 3
    - 4
    - 5
    - 6
    - 7
    - 8
    - 9
    - 10
    - 11
    - 12
    - 13
    - 211
    - 212
    - 213
    - 214
    - 215
    - 216
    - 217
    - 218
    - 219
    - 220
    - 221
    - 222
    - 223
    - 224
  - name: layup_1
    labels:
    - 14
    - 15
    - 16
    - 17
    - 18
    - 19
    - 20
    - 21
    - 22
    - 23
    - 24
    - 25
    - 26
    - 27
    - 28
    - 29
    - 30
    - 31
    - 32
    - 33
    - 34
    - 35
    - 36
    - 37
    - 38
    - 39
    - 40
    - 41
    - 42
    - 43
    - 44
    - 45
    - 46
    - 47
    - 48
    - 49
    - 50
    - 51
    - 52
    - 53
    - 54
    - 55
    - 56
    - 57
    - 58
    - 59
    - 60
    - 61
    - 62
    - 63
    - 77
    - 78
    - 79
    - 80
    - 81
    - 82
    - 83
    - 84
    - 85
    - 86
    - 87
    - 88
    - 89
    - 90
    - 91
    - 92
    - 93
    - 94
    - 95
    - 96
    - 97
    - 98
    - 99
    - 100
    - 101
    - 102
    - 103
    - 104
    - 105
    - 106
    - 107
    - 116
    - 117
    - 118
    - 119
    - 120
    - 121
    - 122
    - 123
    - 124
    - 125
    - 126
    - 127
    - 128
    - 129
    - 130
    - 131
    - 132
    - 133
    - 134
    - 135
    - 136
    - 137
    - 138
    - 139
    - 140
    - 155
    - 156
    - 157
    - 158
    - 159
    - 160
    - 161
    - 162
    - 163
    - 164
    - 165
    - 166
    - 167
    - 168
    - 169
    - 170
    - 171
    - 172
    - 173
    - 174
    - 175
    - 176
    - 177
    - 178
    - 179
    - 180
    - 181
    - 182
    - 183
    - 184
    - 185
    - 186
    - 187
    - 188
    - 189
    - 190
    - 191
    - 192
    - 193
    - 194
    - 195
    - 196
    - 197
    - 198
    - 199
    - 200
    - 201
    - 202
    - 203
    - 204
    - 205
    - 206
    - 207
    - 208
    - 209
    - 210
  - name: layup_2
    labels:
    - 64
    - 65
    - 66
    - 67
    - 68
    - 69
    - 70
    - 71
    - 72
    - 73
    - 74
    - 75
    - 76
  - name: layup_3
    labels:
    - 108
    - 109
    - 110
    - 111
    - 112
    - 113
    - 114
    - 115
  - name: layup_4
    labels:
    - 141
    - 142
    - 143
    - 144
    - 145
    - 146
    - 147
    - 148
    - 149
    - 150
    - 151
    - 152
    - 153
    - 154
  - name: layup_5
    labels:
    - 225
    - 226
    - 227
    - 228
    - 229
    - 230
    - 231
    - 232
    - 233
    - 234
    - 235
    - 236
    - 237
    - 238
    - 239
    - 240
    - 241
    - 242
    - 243
    - 244
    - 245
    - 246
    - 247
    - 248
    - 249
    - 250
    - 251
    - 252
    - 253
    - 254
    - 255
    - 256
    - 257
    - 258
    - 259
    - 260
    - 261
    - 262
    - 263
    - 264
    - 265
    - 266
    - 267
    - 268
    - 269
    - 270
    - 271
    - 272
    - 273
    - 274
    - 275
    - 276
    - 277
    - 278
    - 279
    - 280
    - 281
    - 282
    - 283
    - 284
    - 285
    - 286
    - 287
    - 288
    - 289
    - 290
    - 291
    - 292
    - 293
    - 294
    - 295
    - 296
    - 297
    - 298
    - 299
    - 300
    - 301
    - 302
    - 303
    - 304
    - 305
    - 306
    - 307
    - 308
    - 309
    - 310
    - 311
    - 312
    - 313
    - 314
    - 315
    - 316
    - 317
    - 318
    - 319
    - 320
    - 321
    - 322
sections:
- type: shell
  elementSet: layup_0
  layup:
  - - gelcoat
    - 0.0005
    - 0.0
  - - glass_triax
    - 0.00301752
    - 0.0
  - - glass_uniax
    - 0.02689941
    - 0.0
  - - glass_triax
    - 0.00301752
    - 0.0
- type: shell
  elementSet: layup_1
  layup:
  - - gelcoat
    - 0.0005
    - 0.0
  - - glass_triax
    - 0.00301752
    - 0.0
  - - medium_density_foam
    - 0.07247559
    - 0.0
  - - glass_triax
    - 0.00301752
    - 0.0
- type: shell
  elementSet: layup_2
  layup:
  - - gelcoat
    - 0.0005
    - 0.0
  - - glass_triax
    - 0.00301752
    - 0.0
  - - carbon_uniax
    - 0.08040089
    - 0.0
  - - glass_triax
    - 0.00301752
    - 0.0
- type: shell
  elementSet: layup_3
  layup:
  - - gelcoat
    - 0.0005
    - 0.0
  - - glass_triax
    - 0.00301752
    - 0.0
  - - glass_uniax
    - 0.02228698
    - 0.0
  - - glass_triax
    - 0.00301752
    - 0.0
- type: shell
  elementSet: layup_4
  layup:
  - - gelcoat
    - 0.0005
    - 0.0
  - - glass_triax
    - 0.00301752
    - 0.0
  - - carbon_uniax
    - 0.07600455
    - 0.0
  - - glass_triax
    - 0.00301752
    - 0.0
- type: shell
  elementSet: layup_5
  layup:
  - - glass_biax
    - 0.002
    - 0.0
  - - medium_density_foam
    - 0.0428
    - 0.0
  - - glass_biax
    - 0.002
    - 0.0
elementOrientations:
- [0.0, 0.0, 1.0, -0.9620250740808538, 0.2729610903402313, 0.0, -0.2729610903402313,
  -0.9620250740808538, 0.0]
- [0.0, 0.0, 1.0, -0.9491409983161313, 0.31485133843682117, 0.0, -0.31485133843682117,
  -0.9491409983161313, 0.0]
- [0.0, 0.0, 1.0, -0.952008573234377, 0.30607135849054146, 0.0, -0.30607135849054146,
  -0.952008573234377, 0.0]
- [0.0, 0.0, 1.0, -0.9539990328759724, 0.2998096817511225, 0.0, -0.2998096817511225,
  -0.9539990328759724, 0.0]
- [0.0, 0.0, 1.0, -0.9552437228523973, 0.29581992825212433, 0.0, -0.29581992825212433,
  -0.9552437228523973, 0.0]
- [0.0, 0.0, 1.0, -0.9557521911175829, 0.2941729919179179, 0.0, -0.2941729919179179,
  -0.9557521911175829, 0.0]
- [0.0, 0.0, 1.0, -0.9566500711142089, 0.29123983490789696, 0.0, -0.29123983490789696,
  -0.9566500711142089, 0.0]
- [0.0, 0.0, 1.0, -0.9569196260929435, 0.29035293902101555, 0.0, -0.29035293902101555,
  -0.9569196260929435, 0.0]
- [0.0, 0.0, 1.0, -0.9564538640957175, 0.29188354845104053, 0.0, -0.29188354845104053,
  -0.9564538640957175, 0.0]
- [0.0, 0.0, 1.0, -0.9569671416537491, 0.2901962952814068, 0.0, -0.2901962952814068,
  -0.9569671416537491, 0.0]
- [0.0, 0.0, 1.0, -0.9565486194236571, 0.29157287027207346, 0.0, -0.29157287027207346,
  -0.9565486194236571, 0.0]
- [0.0, 0.0, 1.0, -0.9570813532716123, 0.2898193975906017, 0.0, -0.2898193975906017,
  -0.9570813532716123, 0.0]
- [0.0, 0.0, 1.0, -0.9900593969417759, 0.14064988633940265, 0.0, -0.14064988633940265,
  -0.9900593969417759, 0.0]
- [0.0, 0.0, 1.0, -0.9905573707992255, 0.13709885176516132, 0.0, -0.13709885176516132,
  -0.9905573707992255, 0.0]
- [0.0, 0.0, 1.0, -0.957316440885942, 0.28904192085140995, 0.0, -0.28904192085140995,
  -0.957316440885942, 0.0]
- [0.0, 0.0, 1.0, -0.9573732359988706, 0.2888537467180422, 0.0, -0.2888537467180422,
  -0.9573732359988706, 0.0]
- [0.0, 0.0, 1.0, -0.9573170577067281, 0.2890398779126041, 0.0, -0.2890398779126041,
  -0.9573170577067281, 0.0]
- [0.0, 0.0, 1.0, -0.9580301644339358, 0.28666741013705366, 0.0, -0.28666741013705366,
  -0.9580301644339358, 0.0]
- [0.0, 0.0, 1.0, -0.9583864799397334, 0.28547391311418796, 0.0, -0.28547391311418796,
  -0.9583864799397334, 0.0]
- [0.0, 0.0, 1.0, -0.9582382079765881, 0.2859712166876541, 0.0, -0.2859712166876541,
  -0.9582382079765881, 0.0]
- [0.0, 0.0, 1.0, -0.9585314951375111, 0.284986618684891, 0.0, -0.284986618684891,
  -0.9585314951375111, 0.0]
- [0.0, 0.0, 1.0, -0.9590815005271168, 0.2831301385346568, 0.0, -0.2831301385346568,
  -0.9590815005271168, 0.0]
- [0.0, 0.0, 1.0, -0.9591907979186927, 0.2827596385414679, 0.0, -0.2827596385414679,
  -0.9591907979186927, 0.0]
- [0.0, 0.0, 1.0, -0.9595657381894886, 0.28148462496708765, 0.0, -0.28148462496708765,
  -0.9595657381894886, 0.0]
- [0.0, 0.0, 1.0, -0.9601725083634309, 0.2794078634954232, 0.0, -0.2794078634954232,
  -0.9601725083634309, 0.0]
- [0.0, 0.0, 1.0, -0.9600320626153251, 0.27989004760899344, 0.0, -0.27989004760899344,
  -0.9600320626153251, 0.0]
- [0.0, 0.0, 1.0, -0.9608423960835635, 0.2770954526663987, 0.0, -0.2770954526663987,
  -0.9608423960835635, 0.0]
- [0.0, 0.0, 1.0, -0.9612742321693346, 0.2755936330310555, 0.0, -0.2755936330310555,
  -0.9612742321693346, 0.0]
- [0.0, 0.0, 1.0, -0.961529192408717, 0.2747027705463496, 0.0, -0.2747027705463496,
  -0.961529192408717, 0.0]
- [0.0, 0.0, 1.0, -0.9620496877678842, 0.27287432687176094, 0.0, -0.27287432687176094,
  -0.9620496877678842, 0.0]
- [0.0, 0.0, 1.0, -0.9625427998601872, 0.27112978153886297, 0.0, -0.27112978153886297,
  -0.9625427998601872, 0.0]
- [0.0, 0.0, 1.0, -0.9627342907840553, 0.27044904390387864, 0.0, -0.27044904390387864,
  -0.9627342907840553, 0.0]
- [0.0, 0.0, 1.0, -0.9632196450294103, 0.26871530553620654, 0.0, -0.26871530553620654,
  -0.9632196450294103, 0.0]
- [0.0, 0.0, 1.0, -0.9643101514102789, 0.2647752478746553, 0.0, -0.2647752478746553,
  -0.9643101514102789, 0.0]
- [0.0, 0.0, 1.0, -0.9643152023459889, 0.26475685170437924, 0.0, -0.26475685170437924,
  -0.9643152023459889, 0.0]
- [0.0, 0.0, 1.0, -0.9650303277279367, 0.2621382584921764, 0.0, -0.2621382584921764,
  -0.9650303277279367, 0.0]
- [0.0, 0.0, 1.0, -0.9653783914612791, 0.2608535246064986, 0.0, -0.2608535246064986,
  -0.9653783914612791, 0.0]
- [0.0, 0.0, 1.0, -0.9663703762684566, 0.25715422584659525, 0.0, -0.25715422584659525,
  -0.9663703762684566, 0.0]
- [0.0, 0.0, 1.0, -0.9668077913787165, 0.2555047837701049, 0.0, -0.2555047837701049,
  -0.9668077913787165, 0.0]
- [0.0, 0.0, 1.0, -0.9673460258647726, 0.2534593976234274, 0.0, -0.2534593976234274,
  -0.9673460258647726, 0.0]
- [0.0, 0.0, 1.0, -0.9682194534431672, 0.2501021590754761, 0.0, -0.2501021590754761,
  -0.9682194534431672, 0.0]
- [0.0, 0.0, 1.0, -0.9691626266972336, 0.2464220018856241, 0.0, -0.2464220018856241,
  -0.9691626266972336, 0.0]
- [0.0, 0.0, 1.0, -0.9697410871056878, 0.24413566715881277, 0.0, -0.24413566715881277,
  -0.9697410871056878, 0.0]
- [0.0, 0.0, 1.0, -0.9697879707501956, 0.24394936316419763, 0.0, -0.24394936316419763,
  -0.9697879707501956, 0.0]
- [0.0, 0.0, 1.0, -0.971531667096863, 0.23690972928098622, 0.0, -0.23690972928098622,
  -0.971531667096863, 0.0]
- [0.0, 0.0, 1.0, -0.9724445596546997, 0.23313424973173166, 0.0, -0.23313424973173166,
  -0.9724445596546997, 0.0]
- [0.0, 0.0, 1.0, -0.9726955748430438, 0.23208472306629835, 0.0, -0.23208472306629835,
  -0.9726955748430438, 0.0]
- [0.0, 0.0, 1.0, -0.9733356004657757, 0.22938572071061425, 0.0, -0.22938572071061425,
  -0.9733356004657757, 0.0]
- [0.0, 0.0, 1.0, -0.9755578952267381, 0.21974256087698832, 0.0, -0.21974256087698832,
  -0.9755578952267381, 0.0]
- [0.0, 0.0, 1.0, -0.9757958002385824, 0.21868368991935516, 0.0, -0.21868368991935516,
  -0.9757958002385824, 0.0]
- [0.0, 0.0, 1.0, -0.9766063273891789, 0.21503506993841717, 0.0, -0.21503506993841717,
  -0.9766063273891789, 0.0]
- [0.0, 0.0, 1.0, -0.977646188267473, 0.2102568204983629, 0.0, -0.2102568204983629,
  -0.977646188267473, 0.0]
- [0.0, 0.0, 1.0, -0.9796284053248637, 0.2008187926481602, 0.0, -0.2008187926481602,
  -0.9796284053248637, 0.0]
- [0.0, 0.0, 1.0, -0.9806005318345559, 0.19601682827192765, 0.0, -0.19601682827192765,
  -0.9806005318345559, 0.0]
- [0.0, 0.0, 1.0, -0.9812565293743247, 0.19270605480953368, 0.0, -0.19270605480953368,
  -0.9812565293743247, 0.0]
- [0.0, 0.0, 1.0, -0.9825705558198046, 0.18589002887718437, 0.0, -0.18589002887718437,
  -0.9825705558198046, 0.0]
- [0.0, 0.0, 1.0, -0.984550064481601, 0.17510331387291186, 0.0, -0.17510331387291186,
  -0.984550064481601, 0.0]
- [0.0, 0.0, 1.0, -0.9850655702816999, 0.17217962203928008, 0.0, -0.17217962203928008,
  -0.9850655702816999, 0.0]
- [0.0, 0.0, 1.0, -0.9855364113462804, 0.16946380708191042, 0.0, -0.16946380708191042,
  -0.9855364113462804, 0.0]
- [0.0, 0.0, 1.0, -0.9881508030016424, 0.15348612486869756, 0.0, -0.15348612486869756,
  -0.9881508030016424, 0.0]
- [0.0, 0.0, 1.0, -0.9892721958985266, 0.14608395675811686, 0.0, -0.14608395675811686,
  -0.9892721958985266, 0.0]
- [0.0, 0.0, 1.0, -0.989789449373762, 0.14253717377717642, 0.0, -0.14253717377717642,
  -0.989789449373762, 0.0]
- [0.0, 0.0, 1.0, -0.9943074052125295, 0.10654944363780976, 0.0, -0.10654944363780976,
  -0.9943074052125295, 0.0]
- [0.0, 0.0, 1.0, -0.9953896327808472, 0.09591391427947346, 0.0, -0.09591391427947346,
  -0.9953896327808472, 0.0]
- [0.0, 0.0, 1.0, -0.9938436045109116, 0.1107921015811098, 0.0, -0.1107921015811098,
  -0.9938436045109116, 0.0]
- [0.0, 0.0, 1.0, -0.9947564354610228, 0.10227235261242365, 0.0, -0.10227235261242365,
  -0.9947564354610228, 0.0]
- [0.0, 0.0, 1.0, -0.9965196235835669, 0.08335850174316942, 0.0, -0.08335850174316942,
  -0.9965196235835669, 0.0]
- [0.0, 0.0, 1.0, -0.9970824028460732, 0.07633270553767071, 0.0, -0.07633270553767071,
  -0.9970824028460732, 0.0]
- [0.0, 0.0, 1.0, -0.9975489898705027, 0.06997151426359167, 0.0, -0.06997151426359167,
  -0.9975489898705027, 0.0]
- [0.0, 0.0, 1.0, -0.9986139363142744, 0.05263274835034065, 0.0, -0.05263274835034065,
  -0.9986139363142744, 0.0]
- [0.0, 0.0, 1.0, -0.9994063980750885, 0.03445071097347524, 0.0, -0.03445071097347524,
  -0.9994063980750885, 0.0]
- [0.0, 0.0, 1.0, -0.9996314937908675, 0.02714547147203667, 0.0, -0.02714547147203667,
  -0.9996314937908675, 0.0]
- [0.0, 0.0, 1.0, -0.9998684352122048, 0.016220735689144027, 0.0, -0.016220735689144027,
  -0.9998684352122048, 0.0]
- [0.0, 0.0, 1.0, -0.9999595139223124, -0.008998361864961824, 0.0, 0.008998361864961824,
  -0.9999595139223124, 0.0]
- [0.0, 0.0, 1.0, -0.9998317886533297, -0.018341057719868166, 0.0, 0.018341057719868166,
  -0.9998317886533297, 0.0]
- [0.0, 0.0, 1.0, -0.999932517003205, -0.011617290546221447, 0.0, 0.011617290546221447,
  -0.999932517003205, 0.0]
- [0.0, 0.0, 1.0, -0.9992625062672695, -0.03839848393432752, 0.0, 0.03839848393432752,
  -0.9992625062672695, 0.0]
- [0.0, 0.0, 1.0, -0.9971799415136169, -0.0750477464211918, 0.0, 0.0750477464211918,
  -0.9971799415136169, 0.0]
- [0.0, 0.0, 1.0, -0.9962516179144372, -0.08650268089987753, 0.0, 0.08650268089987753,
  -0.9962516179144372, 0.0]
- [0.0, 0.0, 1.0, -0.9919554156640189, -0.12658772979567712, 0.0, 0.12658772979567712,
  -0.9919554156640189, 0.0]
- [0.0, 0.0, 1.0, -0.9904939932788491, -0.13755598597850704, 0.0, 0.13755598597850704,
  -0.9904939932788491, 0.0]
- [0.0, 0.0, 1.0, -0.9881244040434018, -0.15365598632618258, 0.0, 0.15365598632618258,
  -0.9881244040434018, 0.0]
- [0.0, 0.0, 1.0, -0.9801117114147525, -0.19844654985069682, 0.0, 0.19844654985069682,
  -0.9801117114147525, 0.0]
- [0.0, 0.0, 1.0, -0.9778777488847413, -0.20917721729698638, 0.0, 0.20917721729698638,
  -0.9778777488847413, 0.0]
- [0.0, 0.0, 1.0, -0.972152240096922, -0.23435021244824264, 0.0, 0.23435021244824264,
  -0.972152240096922, 0.0]
- [0.0, 0.0, 1.0, -0.9611479658526038, -0.27603367138340607, 0.0, 0.27603367138340607,
  -0.9611479658526038, 0.0]
- [0.0, 0.0, 1.0, -0.9571599393234567, -0.28955975299463993, 0.0, 0.28955975299463993,
  -0.9571599393234567, 0.0]
- [0.0, 0.0, 1.0, -0.9440377540976341, -0.3298374127328417, 0.0, 0.3298374127328417,
  -0.9440377540976341, 0.0]
- [0.0, 0.0, 1.0, -0.9320079107486583, -0.36243793165440175, 0.0, 0.36243793165440175,
  -0.9320079107486583, 0.0]
- [0.0, 0.0, 1.0, -0.9238421978711407, -0.38277355372676936, 0.0, 0.38277355372676936,
  -0.9238421978711407, 0.0]
- [0.0, 0.0, 1.0, -0.9025180915974015, -0.4306519410607414, 0.0, 0.4306519410607414,
  -0.9025180915974015, 0.0]
- [0.0, 0.0, 1.0, -0.8930704032402744, -0.44991694217516826, 0.0, 0.44991694217516826,
  -0.8930704032402744, 0.0]
- [0.0, 0.0, 1.0, -0.8694904565346799, -0.4939497403533214, 0.0, 0.4939497403533214,
  -0.8694904565346799, 0.0]
- [0.0, 0.0, 1.0, -0.8480247973195756, -0.5299565483424964, 0.0, 0.5299565483424964,
  -0.8480247973195756, 0.0]
- [0.0, 0.0, 1.0, -0.8292507903186884, -0.5588766650664801, 0.0, 0.5588766650664801,
  -0.8292507903186884, 0.0]
- [0.0, 0.0, 1.0, -0.7905500284541662, -0.6123974628548986, 0.0, 0.6123974628548986,
  -0.7905500284541662, 0.0]
- [0.0, 0.0, 1.0, -0.7780889912260129, -0.6281540589161908, 0.0, 0.6281540589161908,
  -0.7780889912260129, 0.0]
- [0.0, 0.0, 1.0, -0.7196141927575082, -0.6943741164400933, 0.0, 0.6943741164400933,
  -0.7196141927575082, 0.0]
- [0.0, 0.0, 1.0, -0.7030180223916102, -0.7111720327688577, 0.0, 0.7111720327688577,
  -0.7030180223916102, 0.0]
- [0.0, 0.0, 1.0, -0.6496858407543259, -0.7602028073634988, 0.0, 0.7602028073634988,
  -0.6496858407543259, 0.0]
- [0.0, 0.0, 1.0, -0.6199165234635668, -0.7846677665973317, 0.0, 0.7846677665973317,
  -0.6199165234635668, 0.0]
- [0.0, 0.0, 1.0, -0.5624818730852502, -0.8268096168106104, 0.0, 0.8268096168106104,
  -0.5624818730852502, 0.0]
- [0.0, 0.0, 1.0, -0.5232540806665719, -0.8521767229077433, 0.0, 0.8521767229077433,
  -0.5232540806665719, 0.0]
- [0.0, 0.0, 1.0, -0.46019535296262976, -0.887817682360292, 0.0, 0.887817682360292,
  -0.46019535296262976, 0.0]
- [0.0, 0.0, 1.0, -0.41721928800340974, -0.9088058459967827, 0.0, 0.9088058459967827,
  -0.41721928800340974, 0.0]
- [0.0, 0.0, 1.0, -0.35461106257735, -0.9350139005906611, 0.0, 0.9350139005906611,
  -0.35461106257735, 0.0]
- [0.0, 0.0, 1.0, -0.46679501423942843, -0.8843655435854632, 0.0, 0.8843655435854632,
  -0.46679501423942843, 0.0]
- [0.0, 0.0, 1.0, -0.35757123132113994, -0.9338858680435654, 0.0, 0.9338858680435654,
  -0.35757123132113994, 0.0]
- [0.0, 0.0, 1.0, -0.147044168965002, -0.9891299269425589, 0.0, 0.9891299269425589,
  -0.147044168965002, 0.0]
- [0.0, 0.0, 1.0, -0.13112512460649295, -0.9913658263713411, 0.0, 0.9913658263713411,
  -0.13112512460649295, 0.0]
- [0.0, 0.0, 1.0, -0.07793670828415376, -0.9969583088082625, 0.0, 0.9969583088082625,
  -0.07793670828415376, 0.0]
- [0.0, 0.0, 1.0, 0.03474721952060866, -0.9993961330401407, 0.0, 0.9993961330401407,
  0.03474721952060866, 0.0]
- [0.0, 0.0, 1.0, 0.07600573044714601, -0.9971073808468152, 0.0, 0.9971073808468152,
  0.07600573044714601, 0.0]
- [0.0, 0.0, 1.0, 0.13450394733591933, -0.990913057816404, 0.0, 0.990913057816404,
  0.13450394733591933, 0.0]
- [0.0, 0.0, 1.0, 0.33979964064047097, -0.9404978491313029, 0.0, 0.9404978491313029,
  0.33979964064047097, 0.0]
- [0.0, 0.0, 1.0, 0.45510784959422057, -0.8904363229550579, 0.0, 0.8904363229550579,
  0.45510784959422057, 0.0]
- [0.0, 0.0, 1.0, 0.341878953131108, -0.9397439978025812, 0.0, 0.9397439978025812,
  0.341878953131108, 0.0]
- [0.0, 0.0, 1.0, 0.4169228604084795, -0.9089418729868327, 0.0, 0.9089418729868327,
  0.4169228604084795, 0.0]
- [0.0, 0.0, 1.0, 0.46327631829088567, -0.8862138866610263, 0.0, 0.8862138866610263,
  0.46327631829088567, 0.0]
- [0.0, 0.0, 1.0, 0.5352276834219074, -0.8447078352299204, 0.0, 0.8447078352299204,
  0.5352276834219074, 0.0]
- [0.0, 0.0, 1.0, 0.5809302104967299, -0.8139533712272621, 0.0, 0.8139533712272621,
  0.5809302104967299, 0.0]
- [0.0, 0.0, 1.0, 0.6403683403578724, -0.7680679583652114, 0.0, 0.7680679583652114,
  0.6403683403578724, 0.0]
- [0.0, 0.0, 1.0, 0.6734042145739708, -0.7392744847443427, 0.0, 0.7392744847443427,
  0.6734042145739708, 0.0]
- [0.0, 0.0, 1.0, 0.7239028177425583, -0.6899019571391174, 0.0, 0.6899019571391174,
  0.7239028177425583, 0.0]
- [0.0, 0.0, 1.0, 0.7470879915387171, -0.6647251559093021, 0.0, 0.6647251559093021,
  0.7470879915387171, 0.0]
- [0.0, 0.0, 1.0, 0.7917953592458584, -0.610786467660116, 0.0, 0.610786467660116,
  0.7917953592458584, 0.0]
- [0.0, 0.0, 1.0, 0.8074933186394406, -0.5898767162320129, 0.0, 0.5898767162320129,
  0.8074933186394406, 0.0]
- [0.0, 0.0, 1.0, 0.8408710551081785, -0.5412355020517949, 0.0, 0.5412355020517949,
  0.8408710551081785, 0.0]
- [0.0, 0.0, 1.0, 0.8571239166118421, -0.5151102712740021, 0.0, 0.5151102712740021,
  0.8571239166118421, 0.0]
- [0.0, 0.0, 1.0, 0.8791718775391295, -0.47650478459751255, 0.0, 0.47650478459751255,
  0.8791718775391295, 0.0]
- [0.0, 0.0, 1.0, 0.8965771201041517, -0.4428876468199869, 0.0, 0.4428876468199869,
  0.8965771201041517, 0.0]
- [0.0, 0.0, 1.0, 0.9042951038196853, -0.42690791185892124, 0.0, 0.42690791185892124,
  0.9042951038196853, 0.0]
- [0.0, 0.0, 1.0, 0.92584785163001, -0.3778964879859232, 0.0, 0.3778964879859232,
  0.92584785163001, 0.0]
- [0.0, 0.0, 1.0, 0.9303422746431235, -0.3666923124526325, 0.0, 0.3666923124526325,
  0.9303422746431235, 0.0]
- [0.0, 0.0, 1.0, 0.941679752114903, -0.3365103927916862, 0.0, 0.3365103927916862,
  0.941679752114903, 0.0]
- [0.0, 0.0, 1.0, 0.9527505749870744, -0.30375375201271015, 0.0, 0.30375375201271015,
  0.9527505749870744, 0.0]
- [0.0, 0.0, 1.0, 0.9559120243549162, -0.2936531996993835, 0.0, 0.2936531996993835,
  0.9559120243549162, 0.0]
- [0.0, 0.0, 1.0, 0.9666783606165276, -0.25599403726599296, 0.0, 0.25599403726599296,
  0.9666783606165276, 0.0]
- [0.0, 0.0, 1.0, 0.9714580387873997, -0.23721146446860317, 0.0, 0.23721146446860317,
  0.9714580387873997, 0.0]
- [0.0, 0.0, 1.0, 0.9772488872414258, -0.21209576229947463, 0.0, 0.21209576229947463,
  0.9772488872414258, 0.0]
- [0.0, 0.0, 1.0, 0.9840925345378597, -0.17765664487108623, 0.0, 0.17765664487108623,
  0.9840925345378597, 0.0]
- [0.0, 0.0, 1.0, 0.9845182229693588, -0.1752822542109045, 0.0, 0.1752822542109045,
  0.9845182229693588, 0.0]
- [0.0, 0.0, 1.0, 0.986312613584131, -0.16488610700977974, 0.0, 0.16488610700977974,
  0.986312613584131, 0.0]
- [0.0, 0.0, 1.0, 0.9909998907929952, -0.1338626775777023, 0.0, 0.1338626775777023,
  0.9909998907929952, 0.0]
- [0.0, 0.0, 1.0, 0.9937256159941679, -0.11184542957587242, 0.0, 0.11184542957587242,
  0.9937256159941679, 0.0]
- [0.0, 0.0, 1.0, 0.9944258347999312, -0.10543841369472455, 0.0, 0.10543841369472455,
  0.9944258347999312, 0.0]
- [0.0, 0.0, 1.0, 0.997110610063788, -0.07596335496948947, 0.0, 0.07596335496948947,
  0.997110610063788, 0.0]
- [0.0, 0.0, 1.0, 0.9985377728534944, -0.0540584515573941, 0.0, 0.0540584515573941,
  0.9985377728534944, 0.0]
- [0.0, 0.0, 1.0, 0.9990345128685397, -0.04393224439429034, 0.0, 0.04393224439429034,
  0.9990345128685397, 0.0]
- [0.0, 0.0, 1.0, 0.999658151625887, -0.026145360734076587, 0.0, 0.026145360734076587,
  0.999658151625887, 0.0]
- [0.0, 0.0, 1.0, 0.9999919427161075, 0.004014287342144237, 0.0, -0.004014287342144237,
  0.9999919427161075, 0.0]
- [0.0, 0.0, 1.0, 0.9999233928091746, 0.012377742645135659, 0.0, -0.012377742645135659,
  0.9999233928091746, 0.0]
- [0.0, 0.0, 1.0, 0.9998051730200487, 0.01973869302538453, 0.0, -0.01973869302538453,
  0.9998051730200487, 0.0]
- [0.0, 0.0, 1.0, 0.9992010994629467, 0.03996451966480299, 0.0, -0.03996451966480299,
  0.9992010994629467, 0.0]
- [0.0, 0.0, 1.0, 0.9986168442850312, 0.052577545684500994, 0.0, -0.052577545684500994,
  0.9986168442850312, 0.0]
- [0.0, 0.0, 1.0, 0.9975880303059728, 0.06941269185278257, 0.0, -0.06941269185278257,
  0.9975880303059728, 0.0]
- [0.0, 0.0, 1.0, 0.9956578009028536, 0.09308890106394771, 0.0, -0.09308890106394771,
  0.9956578009028536, 0.0]
- [0.0, 0.0, 1.0, 0.9930268940675537, 0.11788803017502461, 0.0, -0.11788803017502461,
  0.9930268940675537, 0.0]
- [0.0, 0.0, 1.0, 0.9926167954571107, 0.1212926105599859, 0.0, -0.1212926105599859,
  0.9926167954571107, 0.0]
- [0.0, 0.0, 1.0, 0.9912829609398675, 0.13175010948871832, 0.0, -0.13175010948871832,
  0.9912829609398675, 0.0]
- [0.0, 0.0, 1.0, 0.9867220156932276, 0.16241817554169843, 0.0, -0.16241817554169843,
  0.9867220156932276, 0.0]
- [0.0, 0.0, 1.0, 0.9850002017281987, 0.17255318772890896, 0.0, -0.17255318772890896,
  0.9850002017281987, 0.0]
- [0.0, 0.0, 1.0, 0.983829528600434, 0.17910739419088167, 0.0, -0.17910739419088167,
  0.983829528600434, 0.0]
- [0.0, 0.0, 1.0, 0.9806399290758984, 0.19581963512890338, 0.0, -0.19581963512890338,
  0.9806399290758984, 0.0]
- [0.0, 0.0, 1.0, 0.9753906145555451, 0.22048389745502073, 0.0, -0.22048389745502073,
  0.9753906145555451, 0.0]
- [0.0, 0.0, 1.0, 0.9743209603953821, 0.22516364301152259, 0.0, -0.22516364301152259,
  0.9743209603953821, 0.0]
- [0.0, 0.0, 1.0, 0.9723690566203722, 0.23344896171798987, 0.0, -0.23344896171798987,
  0.9723690566203722, 0.0]
- [0.0, 0.0, 1.0, 0.9679340447789505, 0.25120446842733607, 0.0, -0.25120446842733607,
  0.9679340447789505, 0.0]
- [0.0, 0.0, 1.0, 0.9632489823735826, 0.2686101225871013, 0.0, -0.2686101225871013,
  0.9632489823735826, 0.0]
- [0.0, 0.0, 1.0, 0.9626915597627643, 0.2706011100522983, 0.0, -0.2706011100522983,
  0.9626915597627643, 0.0]
- [0.0, 0.0, 1.0, 0.9615215398086223, 0.27472955517027303, 0.0, -0.27472955517027303,
  0.9615215398086223, 0.0]
- [0.0, 0.0, 1.0, 0.954919086553454, 0.29686619567730665, 0.0, -0.29686619567730665,
  0.954919086553454, 0.0]
- [0.0, 0.0, 1.0, 0.9523178895232834, 0.30510758314719016, 0.0, -0.30510758314719016,
  0.9523178895232834, 0.0]
