nodes:
- [4.41629476 0.46062643 0.00000000]
- [4.36068267 0.48528549 0.00000000]
- [4.29781664 0.51557657 0.00000000]
- [4.23430327 0.54420810 0.00000000]
- [4.16995217 0.57132104 0.00000000]
- [4.10522368 0.59805062 0.00000000]
- [4.04044497 0.62464696 0.00000000]
- [3.97551644 0.65072812 0.00000000]
- [3.91027257 0.67630793 0.00000000]
- [3.84513547 0.70219955 0.00000000]
- [3.77988585 0.72764085 0.00000000]
- [3.71458178 0.75294323 0.00000000]
- [3.64913425 0.77781582 0.00000000]
- [3.58349770 0.80243135 0.00000000]
- [3.51797547 0.82724489 0.00000000]
- [3.45227505 0.85148081 0.00000000]
- [3.38650076 0.87568204 0.00000000]
- [3.31658663 0.88827527 0.00000000]
- [3.24674067 0.90030375 0.00000000]
- [3.18095624 0.92347426 0.00000000]
- [3.11481032 0.94612147 0.00000000]
- [3.04868846 0.96901197 0.00000000]
- [2.98266677 0.99141694 0.00000000]
- [2.91624781 1.01331735 0.00000000]
- [2.84995113 1.03549174 0.00000000]
- [2.78366437 1.05692558 0.00000000]
- [2.71696278 1.07795848 0.00000000]
- [2.65035218 1.09918369 0.00000000]
- [2.58375077 1.11977156 0.00000000]
- [2.51694464 1.13994832 0.00000000]
- [2.44996543 1.15980658 0.00000000]
- [2.38293079 1.17946722 0.00000000]
- [2.31573184 1.19879636 0.00000000]
- [2.24856532 1.21812939 0.00000000]
- [2.18146764 1.23696066 0.00000000]
- [2.11409452 1.25517790 0.00000000]
- [2.04666626 1.27328719 0.00000000]
- [1.97917626 1.29081022 0.00000000]
- [1.91085905 1.30810974 0.00000000]
- [1.84260739 1.32544387 0.00000000]
- [1.77439835 1.34214067 0.00000000]
- [1.70599045 1.35826180 0.00000000]
- [1.63737648 1.37400883 0.00000000]
- [1.56881470 1.38952264 0.00000000]
- [1.49997925 1.40432052 0.00000000]
- [1.43112705 1.41928956 0.00000000]
- [1.36247341 1.43362347 0.00000000]
- [1.29350141 1.44707347 0.00000000]
- [1.22432038 1.46043999 0.00000000]
- [1.15532670 1.47347161 0.00000000]
- [1.08607151 1.48558470 0.00000000]
- [1.01673926 1.49772990 0.00000000]
- [0.94754153 1.50916591 0.00000000]
- [0.87816485 1.51979490 0.00000000]
- [0.80861072 1.52993477 0.00000000]
- [0.73919369 1.53957149 0.00000000]
- [0.66949649 1.54802977 0.00000000]
- [0.59969478 1.55644750 0.00000000]
- [0.52992376 1.56398017 0.00000000]
- [0.46003571 1.57103034 0.00000000]
- [0.39010850 1.57742890 0.00000000]
- [0.32030259 1.58324423 0.00000000]
- [0.25038808 1.58783757 0.00000000]
- [0.18036616 1.59188147 0.00000000]
- [0.09113527 1.59578976 0.00000000]
- [0.02148439 1.59820813 0.00000000]
- [-0.04836911 1.59954310 0.00000000]
- [-0.11799730 1.60076693 0.00000000]
- [-0.18748149 1.60015001 0.00000000]
- [-0.25741381 1.59891538 0.00000000]
- [-0.32714868 1.59735850 0.00000000]
- [-0.39665192 1.59456112 0.00000000]
- [-0.46610637 1.59080241 0.00000000]
- [-0.53559105 1.58578420 0.00000000]
- [-0.60488639 1.58017743 0.00000000]
- [-0.67400773 1.57285092 0.00000000]
- [-0.75718113 1.56329562 0.00000000]
- [-0.82727881 1.55382091 0.00000000]
- [-0.89722359 1.54298677 0.00000000]
- [-0.96693964 1.53089633 0.00000000]
- [-1.03642390 1.51744370 0.00000000]
- [-1.10566080 1.50278577 0.00000000]
- [-1.17448916 1.48679602 0.00000000]
- [-1.24293990 1.46925387 0.00000000]
- [-1.31090520 1.45042256 0.00000000]
- [-1.37823876 1.42961729 0.00000000]
- [-1.44524179 1.40729733 0.00000000]
- [-1.51155492 1.38357375 0.00000000]
- [-1.57709016 1.35779195 0.00000000]
- [-1.64207606 1.33053335 0.00000000]
- [-1.70615152 1.30145769 0.00000000]
- [-1.76941204 1.27062471 0.00000000]
- [-1.83161209 1.23809795 0.00000000]
- [-1.89266758 1.20329461 0.00000000]
- [-1.95278713 1.16707072 0.00000000]
- [-2.01133404 1.12851420 0.00000000]
- [-2.06875071 1.08828739 0.00000000]
- [-2.12418076 1.04606971 0.00000000]
- [-2.17758057 1.00106751 0.00000000]
- [-2.22956817 0.95430447 0.00000000]
- [-2.27927919 0.90542411 0.00000000]
- [-2.32685321 0.85446289 0.00000000]
- [-2.37205799 0.80149555 0.00000000]
- [-2.41473604 0.74654530 0.00000000]
- [-2.45470232 0.68972179 0.00000000]
- [-2.49160037 0.63107372 0.00000000]
- [-2.52523697 0.57027936 0.00000000]
- [-2.55630734 0.50809847 0.00000000]
- [-2.58386552 0.44445294 0.00000000]
- [-2.60810298 0.38000216 0.00000000]
- [-2.62704554 0.31433384 0.00000000]
- [-2.65441972 0.24929759 0.00000000]
- [-2.67809415 0.18587321 0.00000000]
- [-2.68688309 0.11960168 0.00000000]
- [-2.69373615 0.05335958 0.00000000]
- [-2.69667278 -0.01266811 0.00000000]
- [-2.69334008 -0.07876989 0.00000000]
- [-2.68682271 -0.14509322 0.00000000]
- [-2.67807439 -0.21112816 0.00000000]
- [-2.65279803 -0.27353776 0.00000000]
- [-2.62283019 -0.33794456 0.00000000]
- [-2.60117641 -0.40366455 0.00000000]
- [-2.57490244 -0.46804695 0.00000000]
- [-2.54493000 -0.53110758 0.00000000]
- [-2.51141500 -0.59252300 0.00000000]
- [-2.47495461 -0.65215726 0.00000000]
- [-2.43518076 -0.70934299 0.00000000]
- [-2.39176920 -0.76424731 0.00000000]
- [-2.34600391 -0.81729575 0.00000000]
- [-2.29717254 -0.86772649 0.00000000]
- [-2.24622141 -0.91660301 0.00000000]
- [-2.19361798 -0.96337522 0.00000000]
- [-2.13882703 -1.00761232 0.00000000]
- [-2.08230698 -1.04996630 0.00000000]
- [-2.02426092 -1.09014647 0.00000000]
- [-1.96461944 -1.12818801 0.00000000]
- [-1.90374246 -1.16441703 0.00000000]
- [-1.84155884 -1.19872858 0.00000000]
- [-1.77868604 -1.23159724 0.00000000]
- [-1.71464454 -1.26217396 0.00000000]
- [-1.64978409 -1.29144373 0.00000000]
- [-1.58413941 -1.31895983 0.00000000]
- [-1.51798592 -1.34508959 0.00000000]
- [-1.45093954 -1.36931914 0.00000000]
- [-1.38356502 -1.39268258 0.00000000]
- [-1.31601837 -1.41534684 0.00000000]
- [-1.26286792 -1.43247877 0.00000000]
- [-1.19695311 -1.45061985 0.00000000]
- [-1.13072566 -1.46773353 0.00000000]
- [-1.06432145 -1.48363057 0.00000000]
- [-0.99743953 -1.49812362 0.00000000]
- [-0.93043358 -1.51191174 0.00000000]
- [-0.86333917 -1.52414018 0.00000000]
- [-0.79562450 -1.53499899 0.00000000]
- [-0.72802811 -1.54561193 0.00000000]
- [-0.66034655 -1.55422363 0.00000000]
- [-0.59228631 -1.56196776 0.00000000]
- [-0.52407929 -1.56866640 0.00000000]
- [-0.45970829 -1.57424214 0.00000000]
- [-0.39517811 -1.57733760 0.00000000]
- [-0.32414002 -1.57999835 0.00000000]
- [-0.25317463 -1.58232204 0.00000000]
- [-0.18183256 -1.58355936 0.00000000]
- [-0.11061807 -1.58432705 0.00000000]
- [-0.03946544 -1.58353940 0.00000000]
- [0.03170553 -1.58207444 0.00000000]
- [0.10267689 -1.57917607 0.00000000]
- [0.17380226 -1.57504755 0.00000000]
- [0.24488255 -1.57021317 0.00000000]
- [0.31585869 -1.56415600 0.00000000]
- [0.38671352 -1.55736469 0.00000000]
- [0.45756458 -1.54915344 0.00000000]
- [0.52818798 -1.54072667 0.00000000]
- [0.59847012 -1.53022622 0.00000000]
- [0.66910551 -1.51921559 0.00000000]
- [0.73945999 -1.50758964 0.00000000]
- [0.80951454 -1.49493187 0.00000000]
- [0.87936292 -1.48125081 0.00000000]
- [0.94924872 -1.46641317 0.00000000]
- [1.01886596 -1.45150033 0.00000000]
- [1.08817423 -1.43464394 0.00000000]
- [1.15762981 -1.41807438 0.00000000]
- [1.22645212 -1.39990682 0.00000000]
- [1.29549931 -1.38122167 0.00000000]
- [1.36430785 -1.36206231 0.00000000]
- [1.43275688 -1.34217924 0.00000000]
- [1.50106264 -1.32126916 0.00000000]
- [1.56982779 -1.29993702 0.00000000]
- [1.63823265 -1.27802162 0.00000000]
- [1.70629600 -1.25532915 0.00000000]
- [1.77432934 -1.23163959 0.00000000]
- [1.84239214 -1.20811349 0.00000000]
- [1.91001231 -1.18363897 0.00000000]
- [1.97763285 -1.15896913 0.00000000]
- [2.04482573 -1.13359291 0.00000000]
- [2.11194873 -1.10747578 0.00000000]
- [2.17924625 -1.08115583 0.00000000]
- [2.24638157 -1.05500183 0.00000000]
- [2.31320171 -1.02805498 0.00000000]
- [2.38019584 -1.00113604 0.00000000]
- [2.44691795 -0.97396861 0.00000000]
- [2.51358159 -0.94633040 0.00000000]
- [2.58042153 -0.91872587 0.00000000]
- [2.64734738 -0.89114893 0.00000000]
- [2.71437256 -0.86389670 0.00000000]
- [2.78131310 -0.83662403 0.00000000]
- [2.84832853 -0.80942242 0.00000000]
- [2.91544763 -0.78228264 0.00000000]
- [2.98285472 -0.75540075 0.00000000]
- [3.05064902 -0.72910978 0.00000000]
- [3.11862879 -0.70365250 0.00000000]
- [3.18663584 -0.67847009 0.00000000]
- [3.25899991 -0.66530924 0.00000000]
- [3.32934794 -0.65333459 0.00000000]
- [3.39593032 -0.63069458 0.00000000]
- [3.46275593 -0.60887427 0.00000000]
- [3.52983592 -0.58765366 0.00000000]
- [3.59734759 -0.56769411 0.00000000]
- [3.66513240 -0.54870358 0.00000000]
- [3.73329982 -0.53094188 0.00000000]
- [3.80181683 -0.51454014 0.00000000]
- [3.87070001 -0.49945146 0.00000000]
- [3.93993321 -0.48625886 0.00000000]
- [4.00935116 -0.47408666 0.00000000]
- [4.07913627 -0.46379639 0.00000000]
- [4.14931071 -0.45504802 0.00000000]
- [4.21987603 -0.44962619 0.00000000]
- [4.29046648 -0.44623917 0.00000000]
- [4.36118191 -0.44538929 0.00000000]
- [4.41893485 -0.45195334 0.00000000]
- [1.51398463 -1.25067242 0.00000000]
- [1.52690662 -1.18007568 0.00000000]
- [1.53982861 -1.10947894 0.00000000]
- [1.55275060 -1.03888220 0.00000000]
- [1.56567259 -0.96828546 0.00000000]
- [1.57859458 -0.89768872 0.00000000]
- [1.59151657 -0.82709198 0.00000000]
- [1.60443856 -0.75649524 0.00000000]
- [1.61736055 -0.68589850 0.00000000]
- [1.63028254 -0.61530176 0.00000000]
- [1.64320453 -0.54470502 0.00000000]
- [1.65612652 -0.47410828 0.00000000]
- [1.66904851 -0.40351154 0.00000000]
- [1.68197050 -0.33291480 0.00000000]
- [1.69489249 -0.26231806 0.00000000]
- [1.70781448 -0.19172132 0.00000000]
- [1.72073647 -0.12112458 0.00000000]
- [1.73365846 -0.05052784 0.00000000]
- [1.74658045 0.02006890 0.00000000]
- [1.75950244 0.09066564 0.00000000]
- [1.77242443 0.16126238 0.00000000]
- [1.78534642 0.23185912 0.00000000]
- [1.79826841 0.30245586 0.00000000]
- [1.81119040 0.37305260 0.00000000]
- [1.82411238 0.44364934 0.00000000]
- [1.83703437 0.51424608 0.00000000]
- [1.84995636 0.58484282 0.00000000]
- [1.86287835 0.65543956 0.00000000]
- [1.87580034 0.72603630 0.00000000]
- [1.88872233 0.79663304 0.00000000]
- [1.90164432 0.86722978 0.00000000]
- [1.91456631 0.93782652 0.00000000]
- [1.92748830 1.00842326 0.00000000]
- [1.94041029 1.07902000 0.00000000]
- [1.95333228 1.14961674 0.00000000]
- [1.96625427 1.22021348 0.00000000]
- [-1.24917349 -1.36258738 0.00000000]
- [-1.23547907 -1.29269599 0.00000000]
- [-1.22178465 -1.22280461 0.00000000]
- [-1.20809023 -1.15291322 0.00000000]
- [-1.19439580 -1.08302183 0.00000000]
- [-1.18070138 -1.01313044 0.00000000]
- [-1.16700696 -0.94323905 0.00000000]
- [-1.15331253 -0.87334766 0.00000000]
- [-1.13961811 -0.80345628 0.00000000]
- [-1.12592369 -0.73356489 0.00000000]
- [-1.11222926 -0.66367350 0.00000000]
- [-1.09853484 -0.59378211 0.00000000]
- [-1.08484042 -0.52389072 0.00000000]
- [-1.07114600 -0.45399934 0.00000000]
- [-1.05745157 -0.38410795 0.00000000]
- [-1.04375715 -0.31421656 0.00000000]
- [-1.03006273 -0.24432517 0.00000000]
- [-1.01636830 -0.17443378 0.00000000]
- [-1.00267388 -0.10454239 0.00000000]
- [-0.98897946 -0.03465101 0.00000000]
- [-0.97528503 0.03524038 0.00000000]
- [-0.96159061 0.10513177 0.00000000]
- [-0.94789619 0.17502316 0.00000000]
- [-0.93420177 0.24491455 0.00000000]
- [-0.92050734 0.31480593 0.00000000]
- [-0.90681292 0.38469732 0.00000000]
- [-0.89311850 0.45458871 0.00000000]
- [-0.87942407 0.52448010 0.00000000]
- [-0.86572965 0.59437149 0.00000000]
- [-0.85203523 0.66426288 0.00000000]
- [-0.83834080 0.73415426 0.00000000]
- [-0.82464638 0.80404565 0.00000000]
- [-0.81095196 0.87393704 0.00000000]
- [-0.79725754 0.94382843 0.00000000]
- [-0.78356311 1.01371982 0.00000000]
- [-0.76986869 1.08361120 0.00000000]
- [-0.75617427 1.15350259 0.00000000]
- [-0.74247984 1.22339398 0.00000000]
- [-0.72878542 1.29328537 0.00000000]
- [-0.71509100 1.36317676 0.00000000]
- [-0.70139658 1.43306815 0.00000000]
- [-0.68770215 1.50295953 0.00000000]
- [-0.51040786 -1.49834515 0.00000000]
- [-0.49673642 -1.42802390 0.00000000]
- [-0.48306499 -1.35770266 0.00000000]
- [-0.46939355 -1.28738141 0.00000000]
- [-0.45572212 -1.21706016 0.00000000]
- [-0.44205068 -1.14673891 0.00000000]
- [-0.42837925 -1.07641766 0.00000000]
- [-0.41470781 -1.00609642 0.00000000]
- [-0.40103638 -0.93577517 0.00000000]
- [-0.38736494 -0.86545392 0.00000000]
- [-0.37369351 -0.79513267 0.00000000]
- [-0.36002207 -0.72481142 0.00000000]
- [-0.34635064 -0.65449018 0.00000000]
- [-0.33267920 -0.58416893 0.00000000]
- [-0.31900777 -0.51384768 0.00000000]
- [-0.30533634 -0.44352643 0.00000000]
- [-0.29166490 -0.37320518 0.00000000]
- [-0.27799347 -0.30288393 0.00000000]
- [-0.26432203 -0.23256269 0.00000000]
- [-0.25065060 -0.16224144 0.00000000]
- [-0.23697916 -0.09192019 0.00000000]
- [-0.22330773 -0.02159894 0.00000000]
- [-0.20963629 0.04872231 0.00000000]
- [-0.19596486 0.11904355 0.00000000]
- [-0.18229342 0.18936480 0.00000000]
- [-0.16862199 0.25968605 0.00000000]
- [-0.15495055 0.33000730 0.00000000]
- [-0.14127912 0.40032855 0.00000000]
- [-0.12760769 0.47064979 0.00000000]
- [-0.11393625 0.54097104 0.00000000]
- [-0.10026482 0.61129229 0.00000000]
- [-0.08659338 0.68161354 0.00000000]
- [-0.07292195 0.75193479 0.00000000]
- [-0.05925051 0.82225603 0.00000000]
- [-0.04557908 0.89257728 0.00000000]
- [-0.03190764 0.96289853 0.00000000]
- [-0.01823621 1.03321978 0.00000000]
- [-0.00456477 1.10354103 0.00000000]
- [0.00910666 1.17386227 0.00000000]
- [0.02277810 1.24418352 0.00000000]
- [0.03644953 1.31450477 0.00000000]
- [0.05012096 1.38482602 0.00000000]
- [0.06379240 1.45514727 0.00000000]
- [0.07746383 1.52546851 0.00000000]
elements:
- [1 2]
- [2 3]
- [3 4]
- [4 5]
- [5 6]
- [6 7]
- [7 8]
- [8 9]
- [9 10]
- [10 11]
- [11 12]
- [12 13]
- [13 14]
- [14 15]
- [15 16]
- [16 17]
- [17 18]
- [18 19]
- [19 20]
- [20 21]
- [21 22]
- [22 23]
- [23 24]
- [24 25]
- [25 26]
- [26 27]
- [27 28]
- [28 29]
- [29 30]
- [30 31]
- [31 32]
- [32 33]
- [33 34]
- [34 35]
- [35 36]
- [36 37]
- [37 38]
- [38 39]
- [39 40]
- [40 41]
- [41 42]
- [42 43]
- [43 44]
- [44 45]
- [45 46]
- [46 47]
- [47 48]
- [48 49]
- [49 50]
- [50 51]
- [51 52]
- [52 53]
- [53 54]
- [54 55]
- [55 56]
- [56 57]
- [57 58]
- [58 59]
- [59 60]
- [60 61]
- [61 62]
- [62 63]
- [63 64]
- [64 65]
- [65 66]
- [66 67]
- [67 68]
- [68 69]
- [69 70]
- [70 71]
- [71 72]
- [72 73]
- [73 74]
- [74 75]
- [75 76]
- [76 77]
- [77 78]
- [78 79]
- [79 80]
- [80 81]
- [81 82]
- [82 83]
- [83 84]
- [84 85]
- [85 86]
- [86 87]
- [87 88]
- [88 89]
- [89 90]
- [90 91]
- [91 92]
- [92 93]
- [93 94]
- [94 95]
- [95 96]
- [96 97]
- [97 98]
- [98 99]
- [99 100]
- [100 101]
- [101 102]
- [102 103]
- [103 104]
- [104 105]
- [105 106]
- [106 107]
- [107 108]
- [108 109]
- [109 110]
- [110 111]
- [111 112]
- [112 113]
- [113 114]
- [114 115]
- [115 116]
- [116 117]
- [117 118]
- [118 119]
- [119 120]
- [120 121]
- [121 122]
- [122 123]
- [123 124]
- [124 125]
- [125 126]
- [126 127]
- [127 128]
- [128 129]
- [129 130]
- [130 131]
- [131 132]
- [132 133]
- [133 134]
- [134 135]
- [135 136]
- [136 137]
- [137 138]
- [138 139]
- [139 140]
- [140 141]
- [141 142]
- [142 143]
- [143 144]
- [144 145]
- [145 146]
- [146 147]
- [147 148]
- [148 149]
- [149 150]
- [150 151]
- [151 152]
- [152 153]
- [153 154]
- [154 155]
- [155 156]
- [156 157]
- [157 158]
- [158 159]
- [159 160]
- [160 161]
- [161 162]
- [162 163]
- [163 164]
- [164 165]
- [165 166]
- [166 167]
- [167 168]
- [168 169]
- [169 170]
- [170 171]
- [171 172]
- [172 173]
- [173 174]
- [174 175]
- [175 176]
- [176 177]
- [177 178]
- [178 179]
- [179 180]
- [180 181]
- [181 182]
- [182 183]
- [183 184]
- [184 185]
- [185 186]
- [186 187]
- [187 188]
- [188 189]
- [189 190]
- [190 191]
- [191 192]
- [192 193]
- [193 194]
- [194 195]
- [195 196]
- [196 197]
- [197 198]
- [198 199]
- [199 200]
- [200 201]
- [201 202]
- [202 203]
- [203 204]
- [204 205]
- [205 206]
- [206 207]
- [207 208]
- [208 209]
- [209 210]
- [210 211]
- [211 212]
- [212 213]
- [213 214]
- [214 215]
- [215 216]
- [216 217]
- [217 218]
- [218 219]
- [219 220]
- [220 221]
- [221 222]
- [222 223]
- [223 224]
- [224 225]
- [225 226]
- [226 227]
- [227 228]
- [228 229]
- [229 230]
- [230 1]
- [187 231]
- [231 232]
- [232 233]
- [233 234]
- [234 235]
- [235 236]
- [236 237]
- [237 238]
- [238 239]
- [239 240]
- [240 241]
- [241 242]
- [242 243]
- [243 244]
- [244 245]
- [245 246]
- [246 247]
- [247 248]
- [248 249]
- [249 250]
- [250 251]
- [251 252]
- [252 253]
- [253 254]
- [254 255]
- [255 256]
- [256 257]
- [257 258]
- [258 259]
- [259 260]
- [260 261]
- [261 262]
- [262 263]
- [263 264]
- [264 265]
- [265 266]
- [266 38]
- [147 267]
- [267 268]
- [268 269]
- [269 270]
- [270 271]
- [271 272]
- [272 273]
- [273 274]
- [274 275]
- [275 276]
- [276 277]
- [277 278]
- [278 279]
- [279 280]
- [280 281]
- [281 282]
- [282 283]
- [283 284]
- [284 285]
- [285 286]
- [286 287]
- [287 288]
- [288 289]
- [289 290]
- [290 291]
- [291 292]
- [292 293]
- [293 294]
- [294 295]
- [295 296]
- [296 297]
- [297 298]
- [298 299]
- [299 300]
- [300 301]
- [301 302]
- [302 303]
- [303 304]
- [304 305]
- [305 306]
- [306 307]
- [307 308]
- [308 76]
- [158 309]
- [309 310]
- [310 311]
- [311 312]
- [312 313]
- [313 314]
- [314 315]
- [315 316]
- [316 317]
- [317 318]
- [318 319]
- [319 320]
- [320 321]
- [321 322]
- [322 323]
- [323 324]
- [324 325]
- [325 326]
- [326 327]
- [327 328]
- [328 329]
- [329 330]
- [330 331]
- [331 332]
- [332 333]
- [333 334]
- [334 335]
- [335 336]
- [336 337]
- [337 338]
- [338 339]
- [339 340]
- [340 341]
- [341 342]
- [342 343]
- [343 344]
- [344 345]
- [345 346]
- [346 347]
- [347 348]
- [348 349]
- [349 350]
- [350 351]
- [351 352]
- [352 65]
sets:
  element:
  - name: layup_0
    labels:
    - 1
    - 2
    - 3
    - 4
    - 5
    - 6
    - 7
    - 8
    - 9
    - 10
    - 11
    - 12
    - 13
    - 14
    - 15
    - 16
    - 17
    - 213
    - 214
    - 215
    - 216
    - 217
    - 218
    - 219
    - 220
    - 221
    - 222
    - 223
    - 224
    - 225
    - 226
    - 227
    - 228
    - 229
    - 230
  - name: layup_1
    labels:
    - 18
    - 19
    - 20
    - 21
    - 22
    - 23
    - 24
    - 25
    - 26
    - 27
    - 28
    - 29
    - 30
    - 31
    - 32
    - 33
    - 34
    - 35
    - 36
    - 37
    - 38
    - 39
    - 40
    - 41
    - 42
    - 43
    - 44
    - 45
    - 46
    - 47
    - 48
    - 49
    - 50
    - 51
    - 52
    - 53
    - 54
    - 55
    - 56
    - 57
    - 58
    - 59
    - 60
    - 61
    - 62
    - 63
    - 77
    - 78
    - 79
    - 80
    - 81
    - 82
    - 83
    - 84
    - 85
    - 86
    - 87
    - 88
    - 89
    - 90
    - 91
    - 92
    - 93
    - 94
    - 95
    - 96
    - 97
    - 98
    - 99
    - 100
    - 101
    - 102
    - 103
    - 104
    - 105
    - 106
    - 107
    - 108
    - 109
    - 110
    - 111
    - 120
    - 121
    - 122
    - 123
    - 124
    - 125
    - 126
    - 127
    - 128
    - 129
    - 130
    - 131
    - 132
    - 133
    - 134
    - 135
    - 136
    - 137
    - 138
    - 139
    - 140
    - 141
    - 142
    - 143
    - 144
    - 145
    - 160
    - 161
    - 162
    - 163
    - 164
    - 165
    - 166
    - 167
    - 168
    - 169
    - 170
    - 171
    - 172
    - 173
    - 174
    - 175
    - 176
    - 177
    - 178
    - 179
    - 180
    - 181
    - 182
    - 183
    - 184
    - 185
    - 186
    - 187
    - 188
    - 189
    - 190
    - 191
    - 192
    - 193
    - 194
    - 195
    - 196
    - 197
    - 198
    - 199
    - 200
    - 201
    - 202
    - 203
    - 204
    - 205
    - 206
    - 207
    - 208
    - 209
    - 210
    - 211
    - 212
  - name: layup_2
    labels:
    - 64
    - 65
    - 66
    - 67
    - 68
    - 69
    - 70
    - 71
    - 72
    - 73
    - 74
    - 75
    - 76
  - name: layup_3
    labels:
    - 112
    - 113
    - 114
    - 115
    - 116
    - 117
    - 118
    - 119
  - name: layup_4
    labels:
    - 146
    - 147
    - 148
    - 149
    - 150
    - 151
    - 152
    - 153
    - 154
    - 155
    - 156
    - 157
    - 158
    - 159
  - name: layup_5
    labels:
    - 231
    - 232
    - 233
    - 234
    - 235
    - 236
    - 237
    - 238
    - 239
    - 240
    - 241
    - 242
    - 243
    - 244
    - 245
    - 246
    - 247
    - 248
    - 249
    - 250
    - 251
    - 252
    - 253
    - 254
    - 255
    - 256
    - 257
    - 258
    - 259
    - 260
    - 261
    - 262
    - 263
    - 264
    - 265
    - 266
    - 267
    - 268
    - 269
    - 270
    - 271
    - 272
    - 273
    - 274
    - 275
    - 276
    - 277
    - 278
    - 279
    - 280
    - 281
    - 282
    - 283
    - 284
    - 285
    - 286
    - 287
    - 288
    - 289
    - 290
    - 291
    - 292
    - 293
    - 294
    - 295
    - 296
    - 297
    - 298
    - 299
    - 300
    - 301
    - 302
    - 303
    - 304
    - 305
    - 306
    - 307
    - 308
    - 309
    - 310
    - 311
    - 312
    - 313
    - 314
    - 315
    - 316
    - 317
    - 318
    - 319
    - 320
    - 321
    - 322
    - 323
    - 324
    - 325
    - 326
    - 327
    - 328
    - 329
    - 330
    - 331
    - 332
    - 333
    - 334
    - 335
    - 336
    - 337
    - 338
    - 339
    - 340
    - 341
    - 342
    - 343
    - 344
    - 345
    - 346
    - 347
    - 348
    - 349
    - 350
    - 351
    - 352
    - 353
    - 354
    - 355
sections:
- type: shell
  elementSet: layup_0
  layup:
  - - gelcoat
    - 0.0005
    - 0.0
  - - glass_triax
    - 0.00301275
    - 0.0
  - - glass_uniax
    - 0.02850888
    - 0.0
  - - glass_triax
    - 0.00301275
    - 0.0
- type: shell
  elementSet: layup_1
  layup:
  - - gelcoat
    - 0.0005
    - 0.0
  - - glass_triax
    - 0.00301275
    - 0.0
  - - medium_density_foam
    - 0.07727062
    - 0.0
  - - glass_triax
    - 0.00301275
    - 0.0
- type: shell
  elementSet: layup_2
  layup:
  - - gelcoat
    - 0.0005
    - 0.0
  - - glass_triax
    - 0.00301275
    - 0.0
  - - carbon_uniax
    - 0.0774674
    - 0.0
  - - glass_triax
    - 0.00301275
    - 0.0
- type: shell
  elementSet: layup_3
  layup:
  - - gelcoat
    - 0.0005
    - 0.0
  - - glass_triax
    - 0.00301275
    - 0.0
  - - glass_uniax
    - 0.02369527
    - 0.0
  - - glass_triax
    - 0.00301275
    - 0.0
- type: shell
  elementSet: layup_4
  layup:
  - - gelcoat
    - 0.0005
    - 0.0
  - - glass_triax
    - 0.00301275
    - 0.0
  - - carbon_uniax
    - 0.07200494
    - 0.0
  - - glass_triax
    - 0.00301275
    - 0.0
- type: shell
  elementSet: layup_5
  layup:
  - - glass_biax
    - 0.002
    - 0.0
  - - medium_density_foam
    - 0.044464
    - 0.0
  - - glass_biax
    - 0.002
    - 0.0
elementOrientations:
- [0.0, 0.0, 1.0, -0.914161525726725, 0.4053501016170913, 0.0, -0.4053501016170913,
  -0.914161525726725, 0.0]
- [0.0, 0.0, 1.0, -0.900876968745295, 0.43407451800847385, 0.0, -0.43407451800847385,
  -0.900876968745295, 0.0]
- [0.0, 0.0, 1.0, -0.9116499861436554, 0.41096752032766914, 0.0, -0.41096752032766914,
  -0.9116499861436554, 0.0]
- [0.0, 0.0, 1.0, -0.9215445089335053, 0.3882727366871184, 0.0, -0.3882727366871184,
  -0.9215445089335053, 0.0]
- [0.0, 0.0, 1.0, -0.9242921506204368, 0.38168576119819797, 0.0, -0.38168576119819797,
  -0.9242921506204368, 0.0]
- [0.0, 0.0, 1.0, -0.9250660026602076, 0.3798063858366059, 0.0, -0.3798063858366059,
  -0.9250660026602076, 0.0]
- [0.0, 0.0, 1.0, -0.9279348349353983, 0.3727424608404778, 0.0, -0.3727424608404778,
  -0.9279348349353983, 0.0]
- [0.0, 0.0, 1.0, -0.9310024199667576, 0.3650130052697317, 0.0, -0.3650130052697317,
  -0.9310024199667576, 0.0]
- [0.0, 0.0, 1.0, -0.9292774560638144, 0.36938247068799235, 0.0, -0.36938247068799235,
  -0.9292774560638144, 0.0]
- [0.0, 0.0, 1.0, -0.9316838409283451, 0.36327017569985864, 0.0, -0.36327017569985864,
  -0.9316838409283451, 0.0]
- [0.0, 0.0, 1.0, -0.9324556095801771, 0.36128456396926256, 0.0, -0.36128456396926256,
  -0.9324556095801771, 0.0]
- [0.0, 0.0, 1.0, -0.934771593911853, 0.355249302906415, 0.0, -0.355249302906415,
  -0.934771593911853, 0.0]
- [0.0, 0.0, 1.0, -0.9363206343908286, 0.3511462225540181, 0.0, -0.3511462225540181,
  -0.9363206343908286, 0.0]
- [0.0, 0.0, 1.0, -0.9351853790957594, 0.3541585897949123, 0.0, -0.3541585897949123,
  -0.9351853790957594, 0.0]
- [0.0, 0.0, 1.0, -0.9382017448600175, 0.34608884111109206, 0.0, -0.34608884111109206,
  -0.9382017448600175, 0.0]
- [0.0, 0.0, 1.0, -0.9384883615356784, 0.3453108675701908, 0.0, -0.3453108675701908,
  -0.9384883615356784, 0.0]
- [0.0, 0.0, 1.0, -0.9841620174441114, 0.1772713271240918, 0.0, -0.1772713271240918,
  -0.9841620174441114, 0.0]
- [0.0, 0.0, 1.0, -0.9854929859938864, 0.16971615879713328, 0.0, -0.16971615879713328,
  -0.9854929859938864, 0.0]
- [0.0, 0.0, 1.0, -0.9432039964337793, 0.3322141193738569, 0.0, -0.3322141193738569,
  -0.9432039964337793, 0.0]
- [0.0, 0.0, 1.0, -0.9460835975983872, 0.3239225622819333, 0.0, -0.3239225622819333,
  -0.9460835975983872, 0.0]
- [0.0, 0.0, 1.0, -0.9449765360256723, 0.327138115114887, 0.0, -0.327138115114887,
  -0.9449765360256723, 0.0]
- [0.0, 0.0, 1.0, -0.9469579514289063, 0.32135749287292087, 0.0, -0.32135749287292087,
  -0.9469579514289063, 0.0]
- [0.0, 0.0, 1.0, -0.9497045340504604, 0.31314740619075515, 0.0, -0.31314740619075515,
  -0.9497045340504604, 0.0]
- [0.0, 0.0, 1.0, -0.948358808700698, 0.31719957433734514, 0.0, -0.31719957433734514,
  -0.948358808700698, 0.0]
- [0.0, 0.0, 1.0, -0.9514944539423132, 0.3076658969028236, 0.0, -0.3076658969028236,
  -0.9514944539423132, 0.0]
- [0.0, 0.0, 1.0, -0.95370887503729, 0.30073141118796826, 0.0, -0.30073141118796826,
  -0.95370887503729, 0.0]
- [0.0, 0.0, 1.0, -0.952797853927956, 0.30360541752459125, 0.0, -0.30360541752459125,
  -0.952797853927956, 0.0]
- [0.0, 0.0, 1.0, -0.9553946569581991, 0.2953321002798801, 0.0, -0.2953321002798801,
  -0.9553946569581991, 0.0]
- [0.0, 0.0, 1.0, -0.957292518183586, 0.28912114178961146, 0.0, -0.28912114178961146,
  -0.957292518183586, 0.0]
- [0.0, 0.0, 1.0, -0.9587491115408571, 0.28425365629947, 0.0, -0.28425365629947, -0.9587491115408571,
  0.0]
- [0.0, 0.0, 1.0, -0.959579995358462, 0.28143601849772854, 0.0, -0.28143601849772854,
  -0.959579995358462, 0.0]
- [0.0, 0.0, 1.0, -0.9610334365070072, 0.2764321506546081, 0.0, -0.2764321506546081,
  -0.9610334365070072, 0.0]
- [0.0, 0.0, 1.0, -0.9609831754591954, 0.2766068265324649, 0.0, -0.2766068265324649,
  -0.9609831754591954, 0.0]
- [0.0, 0.0, 1.0, -0.9628002160454209, 0.2702142556988636, 0.0, -0.2702142556988636,
  -0.9628002160454209, 0.0]
- [0.0, 0.0, 1.0, -0.9653334721302299, 0.2610197072732148, 0.0, -0.2610197072732148,
  -0.9653334721302299, 0.0]
- [0.0, 0.0, 1.0, -0.9657754905732483, 0.25937945525426975, 0.0, -0.25937945525426975,
  -0.9657754905732483, 0.0]
- [0.0, 0.0, 1.0, -0.967907553057137, 0.2513065234627733, 0.0, -0.2513065234627733,
  -0.967907553057137, 0.0]
- [0.0, 0.0, 1.0, -0.9694027856630923, 0.24547553676209116, 0.0, -0.24547553676209116,
  -0.9694027856630923, 0.0]
- [0.0, 0.0, 1.0, -0.9692295091220151, 0.246158807778836, 0.0, -0.246158807778836,
  -0.9692295091220151, 0.0]
- [0.0, 0.0, 1.0, -0.9713218493494001, 0.2377685113223809, 0.0, -0.2377685113223809,
  -0.9713218493494001, 0.0]
- [0.0, 0.0, 1.0, -0.9733373018051626, 0.22937850142209454, 0.0, -0.22937850142209454,
  -0.9733373018051626, 0.0]
- [0.0, 0.0, 1.0, -0.9746611658944263, 0.2236864137521934, 0.0, -0.2236864137521934,
  -0.9746611658944263, 0.0]
- [0.0, 0.0, 1.0, -0.9753427341884278, 0.22069560681137684, 0.0, -0.22069560681137684,
  -0.9753427341884278, 0.0]
- [0.0, 0.0, 1.0, -0.9776641881192518, 0.2101731078637899, 0.0, -0.2101731078637899,
  -0.9776641881192518, 0.0]
- [0.0, 0.0, 1.0, -0.9771729083871319, 0.2124455391723583, 0.0, -0.2124455391723583,
  -0.9771729083871319, 0.0]
- [0.0, 0.0, 1.0, -0.9788918998042963, 0.20437868895150438, 0.0, -0.20437868895150438,
  -0.9788918998042963, 0.0]
- [0.0, 0.0, 1.0, -0.9815118428649156, 0.1914014167030053, 0.0, -0.1914014167030053,
  -0.9815118428649156, 0.0]
- [0.0, 0.0, 1.0, -0.9818416465124191, 0.18970234888841508, 0.0, -0.18970234888841508,
  -0.9818416465124191, 0.0]
- [0.0, 0.0, 1.0, -0.9826254370603814, 0.18559970485400643, 0.0, -0.18559970485400643,
  -0.9826254370603814, 0.0]
- [0.0, 0.0, 1.0, -0.9850463354116202, 0.17228963141215908, 0.0, -0.17228963141215908,
  -0.9850463354116202, 0.0]
- [0.0, 0.0, 1.0, -0.9850013640439862, 0.1725465526502532, 0.0, -0.1725465526502532,
  -0.9850013640439862, 0.0]
- [0.0, 0.0, 1.0, -0.9866171642861487, 0.16305389028158332, 0.0, -0.16305389028158332,
  -0.9866171642861487, 0.0]
- [0.0, 0.0, 1.0, -0.9884664451819147, 0.15144004341464287, 0.0, -0.15144004341464287,
  -0.9884664451819147, 0.0]
- [0.0, 0.0, 1.0, -0.9895399770702067, 0.14425891230663895, 0.0, -0.14425891230663895,
  -0.9895399770702067, 0.0]
- [0.0, 0.0, 1.0, -0.9905010908466129, 0.1375048691198615, 0.0, -0.1375048691198615,
  -0.9905010908466129, 0.0]
- [0.0, 0.0, 1.0, -0.9927165178507865, 0.1204737115980461, 0.0, -0.1204737115980461,
  -0.9927165178507865, 0.0]
- [0.0, 0.0, 1.0, -0.9928068103124102, 0.11972734607138773, 0.0, -0.11972734607138773,
  -0.9928068103124102, 0.0]
- [0.0, 0.0, 1.0, -0.9942224731468624, 0.10733906041016196, 0.0, -0.10733906041016196,
  -0.9942224731468624, 0.0]
- [0.0, 0.0, 1.0, -0.9949503203671783, 0.10036862060050991, 0.0, -0.10036862060050991,
  -0.9949503203671783, 0.0]
- [0.0, 0.0, 1.0, -0.9958397009898523, 0.09112238985255802, 0.0, -0.09112238985255802,
  -0.9958397009898523, 0.0]
- [0.0, 0.0, 1.0, -0.9965479203256192, 0.08301953080259772, 0.0, -0.08301953080259772,
  -0.9965479203256192, 0.0]
- [0.0, 0.0, 1.0, -0.9978487528717958, 0.06555811461750698, 0.0, -0.06555811461750698,
  -0.9978487528717958, 0.0]
- [0.0, 0.0, 1.0, -0.9983365186655345, 0.05765583664106137, 0.0, -0.05765583664106137,
  -0.9983365186655345, 0.0]
- [0.0, 0.0, 1.0, -0.9990421683781496, 0.04375780847214427, 0.0, -0.04375780847214427,
  -0.9990421683781496, 0.0]
- [0.0, 0.0, 1.0, -0.9993977608566886, 0.03470036879684076, 0.0, -0.03470036879684076,
  -0.9993977608566886, 0.0]
- [0.0, 0.0, 1.0, -0.999817434112361, 0.019107549423581813, 0.0, -0.019107549423581813,
  -0.999817434112361, 0.0]
- [0.0, 0.0, 1.0, -0.9998455667935227, 0.01757391713135223, 0.0, -0.01757391713135223,
  -0.9998455667935227, 0.0]
- [0.0, 0.0, 1.0, -0.9999605871251047, -0.008878299184854456, 0.0, 0.008878299184854456,
  -0.9999605871251047, 0.0]
- [0.0, 0.0, 1.0, -0.9998441948460011, -0.017651799702911208, 0.0, 0.017651799702911208,
  -0.9998441948460011, 0.0]
- [0.0, 0.0, 1.0, -0.999750872696624, -0.0223202272017769, 0.0, 0.0223202272017769,
  -0.999750872696624, 0.0]
- [0.0, 0.0, 1.0, -0.999191025360688, -0.04021560441740127, 0.0, 0.04021560441740127,
  -0.999191025360688, 0.0]
- [0.0, 0.0, 1.0, -0.9985388496297121, -0.05403855827250702, 0.0, 0.05403855827250702,
  -0.9985388496297121, 0.0]
- [0.0, 0.0, 1.0, -0.997402264394495, -0.0720327910103026, 0.0, 0.0720327910103026,
  -0.997402264394495, 0.0]
- [0.0, 0.0, 1.0, -0.9967426770213804, -0.08064760259457428, 0.0, 0.08064760259457428,
  -0.9967426770213804, 0.0]
- [0.0, 0.0, 1.0, -0.9944294370812166, -0.10540443380776217, 0.0, 0.10540443380776217,
  -0.9944294370812166, 0.0]
- [0.0, 0.0, 1.0, -0.9934654408390168, -0.11413333368713165, 0.0, 0.11413333368713165,
  -0.9934654408390168, 0.0]
- [0.0, 0.0, 1.0, -0.990988568724326, -0.13394646937382113, 0.0, 0.13394646937382113,
  -0.990988568724326, 0.0]
- [0.0, 0.0, 1.0, -0.9882153228349085, -0.1530701659837658, 0.0, 0.1530701659837658,
  -0.9882153228349085, 0.0]
- [0.0, 0.0, 1.0, -0.9852929640335018, -0.1708735644448165, 0.0, 0.1708735644448165,
  -0.9852929640335018, 0.0]
- [0.0, 0.0, 1.0, -0.9817691384721373, -0.19007724415004856, 0.0, 0.19007724415004856,
  -0.9817691384721373, 0.0]
- [0.0, 0.0, 1.0, -0.9783163375062622, -0.20711625664909342, 0.0, 0.20711625664909342,
  -0.9783163375062622, 0.0]
- [0.0, 0.0, 1.0, -0.9740605981461423, -0.2262873198815599, 0.0, 0.2262873198815599,
  -0.9740605981461423, 0.0]
- [0.0, 0.0, 1.0, -0.9686955717634657, -0.2482516651421541, 0.0, 0.2482516651421541,
  -0.9686955717634657, 0.0]
- [0.0, 0.0, 1.0, -0.9636930158555875, -0.2670126798321798, 0.0, 0.2670126798321798,
  -0.9636930158555875, 0.0]
- [0.0, 0.0, 1.0, -0.9554303257008603, -0.29521668775858206, 0.0, 0.29521668775858206,
  -0.9554303257008603, 0.0]
- [0.0, 0.0, 1.0, -0.9487443864246343, -0.3160444418554839, 0.0, 0.3160444418554839,
  -0.9487443864246343, 0.0]
- [0.0, 0.0, 1.0, -0.9415604357666654, -0.33684409717091257, 0.0, 0.33684409717091257,
  -0.9415604357666654, 0.0]
- [0.0, 0.0, 1.0, -0.9305783615123552, -0.36609276568238885, 0.0, 0.36609276568238885,
  -0.9305783615123552, 0.0]
- [0.0, 0.0, 1.0, -0.9221617438450366, -0.3868044960812646, 0.0, 0.3868044960812646,
  -0.9221617438450366, 0.0]
- [0.0, 0.0, 1.0, -0.9106315552143781, -0.4132192767137601, 0.0, 0.4132192767137601,
  -0.9106315552143781, 0.0]
- [0.0, 0.0, 1.0, -0.8989129024579257, -0.4381273716565399, 0.0, 0.4381273716565399,
  -0.8989129024579257, 0.0]
- [0.0, 0.0, 1.0, -0.8861487960855318, -0.4634008105260097, 0.0, 0.4634008105260097,
  -0.8861487960855318, 0.0]
- [0.0, 0.0, 1.0, -0.8687668299795763, -0.49522135972435394, 0.0, 0.49522135972435394,
  -0.8687668299795763, 0.0]
- [0.0, 0.0, 1.0, -0.856535035559402, -0.5160888807746724, 0.0, 0.5160888807746724,
  -0.856535035559402, 0.0]
- [0.0, 0.0, 1.0, -0.8351627753698574, -0.5500028532985234, 0.0, 0.5500028532985234,
  -0.8351627753698574, 0.0]
- [0.0, 0.0, 1.0, -0.8189963329756408, -0.573798750933159, 0.0, 0.573798750933159,
  -0.8189963329756408, 0.0]
- [0.0, 0.0, 1.0, -0.7955337227082683, -0.6059093133744722, 0.0, 0.6059093133744722,
  -0.7955337227082683, 0.0]
- [0.0, 0.0, 1.0, -0.7646716867095844, -0.6444200583041462, 0.0, 0.6444200583041462,
  -0.7646716867095844, 0.0]
- [0.0, 0.0, 1.0, -0.7434775839361634, -0.6687608557507275, 0.0, 0.6687608557507275,
  -0.7434775839361634, 0.0]
- [0.0, 0.0, 1.0, -0.7130390282849678, -0.7011243428539826, 0.0, 0.7011243428539826,
  -0.7130390282849678, 0.0]
- [0.0, 0.0, 1.0, -0.6823965030285295, -0.7309822245817159, 0.0, 0.7309822245817159,
  -0.6823965030285295, 0.0]
- [0.0, 0.0, 1.0, -0.6491690135536299, -0.7606441952988316, 0.0, 0.7606441952988316,
  -0.6491690135536299, 0.0]
- [0.0, 0.0, 1.0, -0.6133939205520234, -0.7897771193379929, 0.0, 0.7897771193379929,
  -0.6133939205520234, 0.0]
- [0.0, 0.0, 1.0, -0.5752947745808438, -0.8179461610277147, 0.0, 0.8179461610277147,
  -0.5752947745808438, 0.0]
- [0.0, 0.0, 1.0, -0.5325184750460249, -0.8464183798421772, 0.0, 0.8464183798421772,
  -0.5325184750460249, 0.0]
- [0.0, 0.0, 1.0, -0.48412408008599, -0.874999357188846, 0.0, 0.874999357188846, -0.48412408008599,
  0.0]
- [0.0, 0.0, 1.0, -0.44698240892698626, -0.8945427469438385, 0.0, 0.8945427469438385,
  -0.44698240892698626, 0.0]
- [0.0, 0.0, 1.0, -0.3973459345625604, -0.9176688990516164, 0.0, 0.9176688990516164,
  -0.3973459345625604, 0.0]
- [0.0, 0.0, 1.0, -0.3519943819844314, -0.9360021127387471, 0.0, 0.9360021127387471,
  -0.3519943819844314, 0.0]
- [0.0, 0.0, 1.0, -0.27715756339401265, -0.9608244819182606, 0.0, 0.9608244819182606,
  -0.27715756339401265, 0.0]
- [0.0, 0.0, 1.0, -0.38794251677591796, -0.9216835702547629, 0.0, 0.9216835702547629,
  -0.38794251677591796, 0.0]
- [0.0, 0.0, 1.0, -0.3497023530426073, -0.9368608564116999, 0.0, 0.9368608564116999,
  -0.3497023530426073, 0.0]
- [0.0, 0.0, 1.0, -0.13146898073951319, -0.9913202848238877, 0.0, 0.9913202848238877,
  -0.13146898073951319, 0.0]
- [0.0, 0.0, 1.0, -0.10290552971521605, -0.9946911339476344, 0.0, 0.9946911339476344,
  -0.10290552971521605, 0.0]
- [0.0, 0.0, 1.0, -0.04443185281319192, -0.9990124175682636, 0.0, 0.9990124175682636,
  -0.04443185281319192, 0.0]
- [0.0, 0.0, 1.0, 0.050353775616087545, -0.9987314440234695, 0.0, 0.9987314440234695,
  0.050353775616087545, 0.0]
- [0.0, 0.0, 1.0, 0.09779561214123308, -0.9952065203996211, 0.0, 0.9952065203996211,
  0.09779561214123308, 0.0]
- [0.0, 0.0, 1.0, 0.13133270624432977, -0.9913383480278266, 0.0, 0.9913383480278266,
  0.13133270624432977, 0.0]
- [0.0, 0.0, 1.0, 0.37538835114521313, -0.9268676204423576, 0.0, 0.9268676204423576,
  0.37538835114521313, 0.0]
- [0.0, 0.0, 1.0, 0.42186025207444167, -0.9066608669837298, 0.0, 0.9066608669837298,
  0.42186025207444167, 0.0]
- [0.0, 0.0, 1.0, 0.3129366970244162, -0.9497739855646966, 0.0, 0.9497739855646966,
  0.3129366970244162, 0.0]
- [0.0, 0.0, 1.0, 0.37784075811965373, -0.9258705965217631, 0.0, 0.9258705965217631,
  0.37784075811965373, 0.0]
- [0.0, 0.0, 1.0, 0.4292746086023774, -0.9031740200034961, 0.0, 0.9031740200034961,
  0.4292746086023774, 0.0]
- [0.0, 0.0, 1.0, 0.47902481222259813, -0.8778013609439808, 0.0, 0.8778013609439808,
  0.47902481222259813, 0.0]
- [0.0, 0.0, 1.0, 0.5216295753117344, -0.8531720730076081, 0.0, 0.8531720730076081,
  0.5216295753117344, 0.0]
- [0.0, 0.0, 1.0, 0.5709915986333893, -0.8209559027682829, 0.0, 0.8209559027682829,
  0.5709915986333893, 0.0]
- [0.0, 0.0, 1.0, 0.6202254761790974, -0.7844235837214557, 0.0, 0.7844235837214557,
  0.6202254761790974, 0.0]
- [0.0, 0.0, 1.0, 0.6532169082205994, -0.7571708333095781, 0.0, 0.7571708333095781,
  0.6532169082205994, 0.0]
- [0.0, 0.0, 1.0, 0.6956231727541523, -0.7184068495827743, 0.0, 0.7184068495827743,
  0.6956231727541523, 0.0]
- [0.0, 0.0, 1.0, 0.7216459973280308, -0.6922622729431612, 0.0, 0.6922622729431612,
  0.7216459973280308, 0.0]
- [0.0, 0.0, 1.0, 0.7473133084363863, -0.6644718346430211, 0.0, 0.6644718346430211,
  0.7473133084363863, 0.0]
- [0.0, 0.0, 1.0, 0.7780600844466088, -0.6281898638078586, 0.0, 0.6281898638078586,
  0.7780600844466088, 0.0]
- [0.0, 0.0, 1.0, 0.8002449532644447, -0.5996732566779903, 0.0, 0.5996732566779903,
  0.8002449532644447, 0.0]
- [0.0, 0.0, 1.0, 0.8222290901345365, -0.5691566773187611, 0.0, 0.5691566773187611,
  0.8222290901345365, 0.0]
- [0.0, 0.0, 1.0, 0.8430984523007136, -0.5377592395562735, 0.0, 0.5377592395562735,
  0.8430984523007136, 0.0]
- [0.0, 0.0, 1.0, 0.8593380014929798, -0.5114080554606579, 0.0, 0.5114080554606579,
  0.8593380014929798, 0.0]
- [0.0, 0.0, 1.0, 0.8755577237088368, -0.48311351922069046, 0.0, 0.48311351922069046,
  0.8755577237088368, 0.0]
- [0.0, 0.0, 1.0, 0.8862061608041594, -0.4632910969927573, 0.0, 0.4632910969927573,
  0.8862061608041594, 0.0]
- [0.0, 0.0, 1.0, 0.902418308309728, -0.4308609947853351, 0.0, 0.4308609947853351,
  0.902418308309728, 0.0]
- [0.0, 0.0, 1.0, 0.9114867435283308, -0.4113294499207648, 0.0, 0.4113294499207648,
  0.9114867435283308, 0.0]
- [0.0, 0.0, 1.0, 0.922256095936364, -0.3865794789020961, 0.0, 0.3865794789020961,
  0.922256095936364, 0.0]
- [0.0, 0.0, 1.0, 0.930075780032249, -0.36736772231294823, 0.0, 0.36736772231294823,
  0.930075780032249, 0.0]
- [0.0, 0.0, 1.0, 0.9404716120861797, -0.3398722507943573, 0.0, 0.3398722507943573,
  0.9404716120861797, 0.0]
- [0.0, 0.0, 1.0, 0.9448060791442513, -0.3276300853280518, 0.0, 0.3276300853280518,
  0.9448060791442513, 0.0]
- [0.0, 0.0, 1.0, 0.9480552450882159, -0.3181057249731965, 0.0, 0.3181057249731965,
  0.9480552450882159, 0.0]
- [0.0, 0.0, 1.0, 0.951778600165853, -0.3067857497771521, 0.0, 0.3067857497771521,
  0.951778600165853, 0.0]
- [0.0, 0.0, 1.0, 0.9641511215447658, -0.2653537541169712, 0.0, 0.2653537541169712,
  0.9641511215447658, 0.0]
- [0.0, 0.0, 1.0, 0.9681968766144385, -0.25018954437395186, 0.0, 0.25018954437395186,
  0.9681968766144385, 0.0]
- [0.0, 0.0, 1.0, 0.9725199922977028, -0.23281938188491916, 0.0, 0.23281938188491916,
  0.9725199922977028, 0.0]
- [0.0, 0.0, 1.0, 0.9773171962607665, -0.21178077791195804, 0.0, 0.21178077791195804,
  0.9773171962607665, 0.0]
- [0.0, 0.0, 1.0, 0.9794778761105465, -0.201551706045801, 0.0, 0.201551706045801,
  0.9794778761105465, 0.0]
- [0.0, 0.0, 1.0, 0.9837938125556035, -0.17930347006488698, 0.0, 0.17930347006488698,
  0.9837938125556035, 0.0]
- [0.0, 0.0, 1.0, 0.9873849250087584, -0.15833827669091485, 0.0, 0.15833827669091485,
  0.9873849250087584, 0.0]
- [0.0, 0.0, 1.0, 0.9878980688732099, -0.15510449869872542, 0.0, 0.15510449869872542,
  0.9878980688732099, 0.0]
- [0.0, 0.0, 1.0, 0.9920021654404477, -0.12622085311652217, 0.0, 0.12622085311652217,
  0.9920021654404477, 0.0]
- [0.0, 0.0, 1.0, 0.9935888472402385, -0.11305398108785988, 0.0, 0.11305398108785988,
