nodes:
- [3.71429584 1.15273663 0.00000000]
- [3.66254041 1.17095148 0.00000000]
- [3.60204018 1.19564206 0.00000000]
- [3.54133570 1.21921595 0.00000000]
- [3.47993592 1.24075519 0.00000000]
- [3.41786564 1.26097955 0.00000000]
- [3.35530567 1.28062819 0.00000000]
- [3.29284613 1.30072394 0.00000000]
- [3.23036901 1.32037052 0.00000000]
- [3.16778085 1.33968619 0.00000000]
- [3.10489742 1.35869192 0.00000000]
- [3.04226696 1.37861117 0.00000000]
- [2.97979272 1.39829620 0.00000000]
- [2.91705436 1.41749761 0.00000000]
- [2.85444262 1.43723852 0.00000000]
- [2.79185799 1.45668242 0.00000000]
- [2.72906903 1.47595866 0.00000000]
- [2.66642555 1.49593312 0.00000000]
- [2.60398949 1.51610183 0.00000000]
- [2.54155856 1.53603336 0.00000000]
- [2.47895958 1.55573242 0.00000000]
- [2.41644692 1.57580443 0.00000000]
- [2.35399661 1.59578764 0.00000000]
- [2.28817846 1.60501130 0.00000000]
- [2.21957778 1.61489727 0.00000000]
- [2.15435457 1.63560239 0.00000000]
- [2.08896934 1.65623793 0.00000000]
- [2.02374949 1.67755956 0.00000000]
- [1.95914129 1.69875115 0.00000000]
- [1.89373339 1.71879351 0.00000000]
- [1.82844189 1.74028778 0.00000000]
- [1.76358381 1.76137317 0.00000000]
- [1.69858747 1.78212802 0.00000000]
- [1.63340062 1.80278073 0.00000000]
- [1.56818750 1.82358544 0.00000000]
- [1.50467295 1.84392885 0.00000000]
- [1.44127683 1.86469012 0.00000000]
- [1.37810766 1.88551265 0.00000000]
- [1.31504040 1.90609514 0.00000000]
- [1.25187446 1.92626984 0.00000000]
- [1.18850837 1.94619526 0.00000000]
- [1.12496048 1.96612588 0.00000000]
- [1.06145228 1.98631865 0.00000000]
- [0.99812908 2.00653968 0.00000000]
- [0.93505988 2.02639252 0.00000000]
- [0.87155527 2.04528641 0.00000000]
- [0.80758765 2.06448368 0.00000000]
- [0.74400189 2.08424701 0.00000000]
- [0.68071812 2.10341706 0.00000000]
- [0.61695579 2.12187107 0.00000000]
- [0.55322668 2.14065891 0.00000000]
- [0.48966934 2.15874687 0.00000000]
- [0.42561898 2.17612274 0.00000000]
- [0.36153209 2.19380288 0.00000000]
- [0.29788603 2.21090093 0.00000000]
- [0.23349246 2.22658642 0.00000000]
- [0.16950550 2.24293488 0.00000000]
- [0.10530673 2.25698018 0.00000000]
- [0.04042938 2.27087135 0.00000000]
- [-0.02422635 2.28441987 0.00000000]
- [-0.08867503 2.29725498 0.00000000]
- [-0.17451727 2.31227261 0.00000000]
- [-0.23696516 2.32271492 0.00000000]
- [-0.29936463 2.33123946 0.00000000]
- [-0.36223723 2.33867999 0.00000000]
- [-0.42528169 2.34529037 0.00000000]
- [-0.48826822 2.35099909 0.00000000]
- [-0.55113460 2.35540115 0.00000000]
- [-0.61420441 2.35821295 0.00000000]
- [-0.67738603 2.36009219 0.00000000]
- [-0.74036682 2.36061331 0.00000000]
- [-0.80366400 2.35949884 0.00000000]
- [-0.86646082 2.35804417 0.00000000]
- [-0.95176591 2.35119615 0.00000000]
- [-1.01665511 2.34386344 0.00000000]
- [-1.08153853 2.33630625 0.00000000]
- [-1.14554266 2.32696236 0.00000000]
- [-1.20907565 2.31492407 0.00000000]
- [-1.27267055 2.30084890 0.00000000]
- [-1.33582264 2.28558443 0.00000000]
- [-1.39821280 2.26793641 0.00000000]
- [-1.46038988 2.24861787 0.00000000]
- [-1.52166622 2.22785055 0.00000000]
- [-1.58191695 2.20434495 0.00000000]
- [-1.64146845 2.17925354 0.00000000]
- [-1.69973408 2.15135096 0.00000000]
- [-1.75757621 2.12164204 0.00000000]
- [-1.81447898 2.09043361 0.00000000]
- [-1.87012547 2.05741504 0.00000000]
- [-1.92444955 2.02244885 0.00000000]
- [-1.97756169 1.98523344 0.00000000]
- [-2.02986969 1.94664999 0.00000000]
- [-2.08071725 1.90657427 0.00000000]
- [-2.12999414 1.86473353 0.00000000]
- [-2.17775777 1.82105097 0.00000000]
- [-2.22423203 1.77565238 0.00000000]
- [-2.26960330 1.72905332 0.00000000]
- [-2.31340555 1.68133926 0.00000000]
- [-2.35525283 1.63211516 0.00000000]
- [-2.39538252 1.58121098 0.00000000]
- [-2.43408908 1.52916911 0.00000000]
- [-2.47090548 1.47587689 0.00000000]
- [-2.50611497 1.42119370 0.00000000]
- [-2.54005289 1.36583278 0.00000000]
- [-2.57168874 1.30961804 0.00000000]
- [-2.60114584 1.25168876 0.00000000]
- [-2.62979641 1.19322355 0.00000000]
- [-2.65623780 1.13387211 0.00000000]
- [-2.68145453 1.07387301 0.00000000]
- [-2.70470588 1.01334719 0.00000000]
- [-2.72608131 0.95178782 0.00000000]
- [-2.74650527 0.88979791 0.00000000]
- [-2.76512159 0.82755229 0.00000000]
- [-2.78186054 0.76469368 0.00000000]
- [-2.79718377 0.70122819 0.00000000]
- [-2.81126915 0.63759598 0.00000000]
- [-2.82347027 0.57376813 0.00000000]
- [-2.83382002 0.50984291 0.00000000]
- [-2.84161903 0.44555887 0.00000000]
- [-2.84768001 0.38053944 0.00000000]
- [-2.85285627 0.31502283 0.00000000]
- [-2.85755411 0.24909799 0.00000000]
- [-2.86249799 0.18318278 0.00000000]
- [-2.87889199 0.11837760 0.00000000]
- [-2.89378758 0.06051106 0.00000000]
- [-2.89501141 0.00210039 0.00000000]
- [-2.89376138 -0.05648399 0.00000000]
- [-2.87998465 -0.11488185 0.00000000]
- [-2.86521627 -0.17958121 0.00000000]
- [-2.86126188 -0.24461687 0.00000000]
- [-2.85636554 -0.30966994 0.00000000]
- [-2.85057392 -0.37456687 0.00000000]
- [-2.84363520 -0.43894667 0.00000000]
- [-2.83461545 -0.50266087 0.00000000]
- [-2.82319533 -0.56616170 0.00000000]
- [-2.81014261 -0.62949392 0.00000000]
- [-2.79514237 -0.69250320 0.00000000]
- [-2.77884400 -0.75526498 0.00000000]
- [-2.76090747 -0.81743290 0.00000000]
- [-2.74129247 -0.87916734 0.00000000]
- [-2.72029951 -0.94023063 0.00000000]
- [-2.69716740 -1.00023459 0.00000000]
- [-2.67180750 -1.05950844 0.00000000]
- [-2.64469582 -1.11819921 0.00000000]
- [-2.61594421 -1.17614067 0.00000000]
- [-2.58567143 -1.23323478 0.00000000]
- [-2.55374151 -1.28920421 0.00000000]
- [-2.51985951 -1.34394549 0.00000000]
- [-2.48407287 -1.39764052 0.00000000]
- [-2.44673075 -1.45032482 0.00000000]
- [-2.40779210 -1.50177482 0.00000000]
- [-2.36712118 -1.55217453 0.00000000]
- [-2.32575036 -1.60142557 0.00000000]
- [-2.28194682 -1.64830443 0.00000000]
- [-2.23642903 -1.69439747 0.00000000]
- [-2.18996687 -1.73940098 0.00000000]
- [-2.14238915 -1.78258366 0.00000000]
- [-2.09274245 -1.82391280 0.00000000]
- [-2.04224573 -1.86457127 0.00000000]
- [-1.99075125 -1.90343873 0.00000000]
- [-1.93814478 -1.94060558 0.00000000]
- [-1.88411177 -1.97589014 0.00000000]
- [-1.82885855 -2.01000968 0.00000000]
- [-1.77363102 -2.04282166 0.00000000]
- [-1.71723977 -2.07484715 0.00000000]
- [-1.67282623 -2.10122416 0.00000000]
- [-1.61616936 -2.12869425 0.00000000]
- [-1.55801408 -2.15384984 0.00000000]
- [-1.49912723 -2.17819733 0.00000000]
- [-1.44022198 -2.20095719 0.00000000]
- [-1.38023208 -2.22090499 0.00000000]
- [-1.31935178 -2.23988570 0.00000000]
- [-1.25848473 -2.25765972 0.00000000]
- [-1.19697655 -2.27307293 0.00000000]
- [-1.13502103 -2.28740288 0.00000000]
- [-1.07326169 -2.29985189 0.00000000]
- [-1.01083535 -2.30915320 0.00000000]
- [-0.95299958 -2.31652840 0.00000000]
- [-0.89574601 -2.32151681 0.00000000]
- [-0.83159001 -2.32315267 0.00000000]
- [-0.76702829 -2.32680807 0.00000000]
- [-0.70288810 -2.32815856 0.00000000]
- [-0.63834383 -2.32744428 0.00000000]
- [-0.57399128 -2.32562009 0.00000000]
- [-0.50963857 -2.32119014 0.00000000]
- [-0.44555327 -2.31607166 0.00000000]
- [-0.38188034 -2.30769627 0.00000000]
- [-0.31749848 -2.29831373 0.00000000]
- [-0.25396342 -2.28837572 0.00000000]
- [-0.19130768 -2.27533867 0.00000000]
- [-0.12796915 -2.26043177 0.00000000]
- [-0.06469238 -2.24565824 0.00000000]
- [-0.00276242 -2.22919323 0.00000000]
- [0.05856400 -2.21018215 0.00000000]
- [0.12051809 -2.18927633 0.00000000]
- [0.18206293 -2.16960438 0.00000000]
- [0.24208276 -2.14617493 0.00000000]
- [0.30313649 -2.12294523 0.00000000]
- [0.36261807 -2.09894641 0.00000000]
- [0.42178256 -2.07172655 0.00000000]
- [0.48197294 -2.04589953 0.00000000]
- [0.54057281 -2.01867743 0.00000000]
- [0.59915346 -1.99027362 0.00000000]
- [0.65769509 -1.96144327 0.00000000]
- [0.71579323 -1.93215667 0.00000000]
- [0.77367254 -1.90185108 0.00000000]
- [0.83156676 -1.87181255 0.00000000]
- [0.88862454 -1.84068562 0.00000000]
- [0.94584848 -1.80893167 0.00000000]
- [1.00324571 -1.77714182 0.00000000]
- [1.06042937 -1.74553989 0.00000000]
- [1.11757456 -1.71301526 0.00000000]
- [1.17475344 -1.68066065 0.00000000]
- [1.23144123 -1.64743608 0.00000000]
- [1.28876456 -1.61407856 0.00000000]
- [1.34650915 -1.58158311 0.00000000]
- [1.40395972 -1.54924510 0.00000000]
- [1.46146774 -1.51675539 0.00000000]
- [1.51930391 -1.48452696 0.00000000]
- [1.57728942 -1.45267410 0.00000000]
- [1.63537073 -1.42102565 0.00000000]
- [1.69385582 -1.38956509 0.00000000]
- [1.75306376 -1.35894267 0.00000000]
- [1.81270574 -1.32939578 0.00000000]
- [1.87251556 -1.30061509 0.00000000]
- [1.93256425 -1.27233958 0.00000000]
- [1.99305794 -1.24469185 0.00000000]
- [2.05423829 -1.21784518 0.00000000]
- [2.11622245 -1.19253038 0.00000000]
- [2.17863922 -1.16863196 0.00000000]
- [2.24515788 -1.15645119 0.00000000]
- [2.31135069 -1.14592347 0.00000000]
- [2.37422602 -1.12599696 0.00000000]
- [2.43748909 -1.10728506 0.00000000]
- [2.50117014 -1.08972378 0.00000000]
- [2.56538052 -1.07393832 0.00000000]
- [2.62992304 -1.05976034 0.00000000]
- [2.69483706 -1.04714662 0.00000000]
- [2.76012844 -1.03646869 0.00000000]
- [2.82566560 -1.02756298 0.00000000]
- [2.89144846 -1.02049501 0.00000000]
- [2.95753175 -1.01541530 0.00000000]
- [3.02373781 -1.01291430 0.00000000]
- [3.08992961 -1.01223997 0.00000000]
- [3.15615345 -1.01380558 0.00000000]
- [3.22213328 -1.01743925 0.00000000]
- [3.28820779 -1.02224375 0.00000000]
- [3.35420225 -1.03027367 0.00000000]
- [3.41978179 -1.04101849 0.00000000]
- [3.48479964 -1.05492293 0.00000000]
- [3.54887439 -1.07148164 0.00000000]
- [3.61292323 -1.08928098 0.00000000]
- [3.67545045 -1.11154811 0.00000000]
- [3.71934439 -1.13647247 0.00000000]
- [1.06983230 -1.67944497 0.00000000]
- [1.07923523 -1.61335006 0.00000000]
- [1.08863816 -1.54725515 0.00000000]
- [1.09804108 -1.48116023 0.00000000]
- [1.10744401 -1.41506532 0.00000000]
- [1.11684694 -1.34897041 0.00000000]
- [1.12624987 -1.28287549 0.00000000]
- [1.13565280 -1.21678058 0.00000000]
- [1.14505573 -1.15068566 0.00000000]
- [1.15445865 -1.08459075 0.00000000]
- [1.16386158 -1.01849584 0.00000000]
- [1.17326451 -0.95240092 0.00000000]
- [1.18266744 -0.88630601 0.00000000]
- [1.19207037 -0.82021110 0.00000000]
- [1.20147330 -0.75411618 0.00000000]
- [1.21087622 -0.68802127 0.00000000]
- [1.22027915 -0.62192636 0.00000000]
- [1.22968208 -0.55583144 0.00000000]
- [1.23908501 -0.48973653 0.00000000]
- [1.24848794 -0.42364162 0.00000000]
- [1.25789087 -0.35754670 0.00000000]
- [1.26729379 -0.29145179 0.00000000]
- [1.27669672 -0.22535688 0.00000000]
- [1.28609965 -0.15926196 0.00000000]
- [1.29550258 -0.09316705 0.00000000]
- [1.30490551 -0.02707214 0.00000000]
- [1.31430844 0.03902278 0.00000000]
- [1.32371136 0.10511769 0.00000000]
- [1.33311429 0.17121260 0.00000000]
- [1.34251722 0.23730752 0.00000000]
- [1.35192015 0.30340243 0.00000000]
- [1.36132308 0.36949735 0.00000000]
- [1.37072601 0.43559226 0.00000000]
- [1.38012893 0.50168717 0.00000000]
- [1.38953186 0.56778209 0.00000000]
- [1.39893479 0.63387700 0.00000000]
- [1.40833772 0.69997191 0.00000000]
- [1.41774065 0.76606683 0.00000000]
- [1.42714358 0.83216174 0.00000000]
- [1.43654650 0.89825665 0.00000000]
- [1.44594943 0.96435157 0.00000000]
- [1.45535236 1.03044648 0.00000000]
- [1.46475529 1.09654139 0.00000000]
- [1.47415822 1.16263631 0.00000000]
- [1.48356115 1.22873122 0.00000000]
- [1.49296407 1.29482613 0.00000000]
- [1.50236700 1.36092105 0.00000000]
- [1.51176993 1.42701596 0.00000000]
- [1.52117286 1.49311087 0.00000000]
- [1.53057579 1.55920579 0.00000000]
- [1.53997871 1.62530070 0.00000000]
- [1.54938164 1.69139561 0.00000000]
- [1.55878457 1.75749053 0.00000000]
- [-1.66096792 -2.03564669 0.00000000]
- [-1.64910960 -1.97006921 0.00000000]
- [-1.63725129 -1.90449174 0.00000000]
- [-1.62539297 -1.83891426 0.00000000]
- [-1.61353466 -1.77333679 0.00000000]
- [-1.60167634 -1.70775931 0.00000000]
- [-1.58981803 -1.64218183 0.00000000]
- [-1.57795971 -1.57660436 0.00000000]
- [-1.56610140 -1.51102688 0.00000000]
- [-1.55424308 -1.44544941 0.00000000]
- [-1.54238477 -1.37987193 0.00000000]
- [-1.53052645 -1.31429446 0.00000000]
- [-1.51866814 -1.24871698 0.00000000]
- [-1.50680982 -1.18313951 0.00000000]
- [-1.49495151 -1.11756203 0.00000000]
- [-1.48309319 -1.05198456 0.00000000]
- [-1.47123488 -0.98640708 0.00000000]
- [-1.45937656 -0.92082960 0.00000000]
- [-1.44751825 -0.85525213 0.00000000]
- [-1.43565993 -0.78967465 0.00000000]
- [-1.42380162 -0.72409718 0.00000000]
- [-1.41194330 -0.65851970 0.00000000]
- [-1.40008499 -0.59294223 0.00000000]
- [-1.38822668 -0.52736475 0.00000000]
- [-1.37636836 -0.46178728 0.00000000]
- [-1.36451005 -0.39620980 0.00000000]
- [-1.35265173 -0.33063232 0.00000000]
- [-1.34079342 -0.26505485 0.00000000]
- [-1.32893510 -0.19947737 0.00000000]
- [-1.31707679 -0.13389990 0.00000000]
- [-1.30521847 -0.06832242 0.00000000]
- [-1.29336016 -0.00274495 0.00000000]
- [-1.28150184 0.06283253 0.00000000]
- [-1.26964353 0.12841000 0.00000000]
- [-1.25778521 0.19398748 0.00000000]
- [-1.24592690 0.25956495 0.00000000]
- [-1.23406858 0.32514243 0.00000000]
- [-1.22221027 0.39071991 0.00000000]
- [-1.21035195 0.45629738 0.00000000]
- [-1.19849364 0.52187486 0.00000000]
- [-1.18663532 0.58745233 0.00000000]
- [-1.17477701 0.65302981 0.00000000]
- [-1.16291869 0.71860728 0.00000000]
- [-1.15106038 0.78418476 0.00000000]
- [-1.13920206 0.84976223 0.00000000]
- [-1.12734375 0.91533971 0.00000000]
- [-1.11548543 0.98091719 0.00000000]
- [-1.10362712 1.04649466 0.00000000]
- [-1.09176880 1.11207214 0.00000000]
- [-1.07991049 1.17764961 0.00000000]
- [-1.06805217 1.24322709 0.00000000]
- [-1.05619386 1.30880456 0.00000000]
- [-1.04433554 1.37438204 0.00000000]
- [-1.03247723 1.43995951 0.00000000]
- [-1.02061891 1.50553699 0.00000000]
- [-1.00876060 1.57111446 0.00000000]
- [-0.99690228 1.63669194 0.00000000]
- [-0.98504397 1.70226942 0.00000000]
- [-0.97318565 1.76784689 0.00000000]
- [-0.96132734 1.83342437 0.00000000]
- [-0.94946902 1.89900184 0.00000000]
- [-0.93761071 1.96457932 0.00000000]
- [-0.92575239 2.03015679 0.00000000]
- [-0.91389408 2.09573427 0.00000000]
- [-0.90203576 2.16131174 0.00000000]
- [-0.89017745 2.22688922 0.00000000]
- [-0.87831913 2.29246670 0.00000000]
- [-0.99905622 -2.24406270 0.00000000]
- [-0.98727709 -2.17897219 0.00000000]
- [-0.97549796 -2.11388169 0.00000000]
- [-0.96371883 -2.04879118 0.00000000]
- [-0.95193971 -1.98370068 0.00000000]
- [-0.94016058 -1.91861018 0.00000000]
- [-0.92838145 -1.85351967 0.00000000]
- [-0.91660232 -1.78842917 0.00000000]
- [-0.90482320 -1.72333866 0.00000000]
- [-0.89304407 -1.65824816 0.00000000]
- [-0.88126494 -1.59315765 0.00000000]
- [-0.86948581 -1.52806715 0.00000000]
- [-0.85770668 -1.46297664 0.00000000]
- [-0.84592756 -1.39788614 0.00000000]
- [-0.83414843 -1.33279564 0.00000000]
- [-0.82236930 -1.26770513 0.00000000]
- [-0.81059017 -1.20261463 0.00000000]
- [-0.79881105 -1.13752412 0.00000000]
- [-0.78703192 -1.07243362 0.00000000]
- [-0.77525279 -1.00734311 0.00000000]
- [-0.76347366 -0.94225261 0.00000000]
- [-0.75169453 -0.87716210 0.00000000]
- [-0.73991541 -0.81207160 0.00000000]
- [-0.72813628 -0.74698110 0.00000000]
- [-0.71635715 -0.68189059 0.00000000]
- [-0.70457802 -0.61680009 0.00000000]
- [-0.69279890 -0.55170958 0.00000000]
- [-0.68101977 -0.48661908 0.00000000]
- [-0.66924064 -0.42152857 0.00000000]
- [-0.65746151 -0.35643807 0.00000000]
- [-0.64568238 -0.29134757 0.00000000]
- [-0.63390326 -0.22625706 0.00000000]
- [-0.62212413 -0.16116656 0.00000000]
- [-0.61034500 -0.09607605 0.00000000]
- [-0.59856587 -0.03098555 0.00000000]
- [-0.58678675 0.03410496 0.00000000]
- [-0.57500762 0.09919546 0.00000000]
- [-0.56322849 0.16428597 0.00000000]
- [-0.55144936 0.22937647 0.00000000]
- [-0.53967023 0.29446697 0.00000000]
- [-0.52789111 0.35955748 0.00000000]
- [-0.51611198 0.42464798 0.00000000]
- [-0.50433285 0.48973849 0.00000000]
- [-0.49255372 0.55482899 0.00000000]
- [-0.48077460 0.61991950 0.00000000]
- [-0.46899547 0.68501000 0.00000000]
- [-0.45721634 0.75010051 0.00000000]
- [-0.44543721 0.81519101 0.00000000]
- [-0.43365808 0.88028151 0.00000000]
- [-0.42187896 0.94537202 0.00000000]
- [-0.41009983 1.01046252 0.00000000]
- [-0.39832070 1.07555303 0.00000000]
- [-0.38654157 1.14064353 0.00000000]
- [-0.37476245 1.20573404 0.00000000]
- [-0.36298332 1.27082454 0.00000000]
- [-0.35120419 1.33591504 0.00000000]
- [-0.33942506 1.40100555 0.00000000]
- [-0.32764593 1.46609605 0.00000000]
- [-0.31586681 1.53118656 0.00000000]
- [-0.30408768 1.59627706 0.00000000]
- [-0.29230855 1.66136757 0.00000000]
- [-0.28052942 1.72645807 0.00000000]
- [-0.26875029 1.79154858 0.00000000]
- [-0.25697117 1.85663908 0.00000000]
- [-0.24519204 1.92172958 0.00000000]
- [-0.23341291 1.98682009 0.00000000]
- [-0.22163378 2.05191059 0.00000000]
- [-0.20985466 2.11700110 0.00000000]
- [-0.19807553 2.18209160 0.00000000]
- [-0.18629640 2.24718211 0.00000000]
elements:
- [1 2]
- [2 3]
- [3 4]
- [4 5]
- [5 6]
- [6 7]
- [7 8]
- [8 9]
- [9 10]
- [10 11]
- [11 12]
- [12 13]
- [13 14]
- [14 15]
- [15 16]
- [16 17]
- [17 18]
- [18 19]
- [19 20]
- [20 21]
- [21 22]
- [22 23]
- [23 24]
- [24 25]
- [25 26]
- [26 27]
- [27 28]
- [28 29]
- [29 30]
- [30 31]
- [31 32]
- [32 33]
- [33 34]
- [34 35]
- [35 36]
- [36 37]
- [37 38]
- [38 39]
- [39 40]
- [40 41]
- [41 42]
- [42 43]
- [43 44]
- [44 45]
- [45 46]
- [46 47]
- [47 48]
- [48 49]
- [49 50]
- [50 51]
- [51 52]
- [52 53]
- [53 54]
- [54 55]
- [55 56]
- [56 57]
- [57 58]
- [58 59]
- [59 60]
- [60 61]
- [61 62]
- [62 63]
- [63 64]
- [64 65]
- [65 66]
- [66 67]
- [67 68]
- [68 69]
- [69 70]
- [70 71]
- [71 72]
- [72 73]
- [73 74]
- [74 75]
- [75 76]
- [76 77]
- [77 78]
- [78 79]
- [79 80]
- [80 81]
- [81 82]
- [82 83]
- [83 84]
- [84 85]
- [85 86]
- [86 87]
- [87 88]
- [88 89]
- [89 90]
- [90 91]
- [91 92]
- [92 93]
- [93 94]
- [94 95]
- [95 96]
- [96 97]
- [97 98]
- [98 99]
- [99 100]
- [100 101]
- [101 102]
- [102 103]
- [103 104]
- [104 105]
- [105 106]
- [106 107]
- [107 108]
- [108 109]
- [109 110]
- [110 111]
- [111 112]
- [112 113]
- [113 114]
- [114 115]
- [115 116]
- [116 117]
- [117 118]
- [118 119]
- [119 120]
- [120 121]
- [121 122]
- [122 123]
- [123 124]
- [124 125]
- [125 126]
- [126 127]
- [127 128]
- [128 129]
- [129 130]
- [130 131]
- [131 132]
- [132 133]
- [133 134]
- [134 135]
- [135 136]
- [136 137]
- [137 138]
- [138 139]
- [139 140]
- [140 141]
- [141 142]
- [142 143]
- [143 144]
- [144 145]
- [145 146]
- [146 147]
- [147 148]
- [148 149]
- [149 150]
- [150 151]
- [151 152]
- [152 153]
- [153 154]
- [154 155]
- [155 156]
- [156 157]
- [157 158]
- [158 159]
- [159 160]
- [160 161]
- [161 162]
- [162 163]
- [163 164]
- [164 165]
- [165 166]
- [166 167]
- [167 168]
- [168 169]
- [169 170]
- [170 171]
- [171 172]
- [172 173]
- [173 174]
- [174 175]
- [175 176]
- [176 177]
- [177 178]
- [178 179]
- [179 180]
- [180 181]
- [181 182]
- [182 183]
- [183 184]
- [184 185]
- [185 186]
- [186 187]
- [187 188]
- [188 189]
- [189 190]
- [190 191]
- [191 192]
- [192 193]
- [193 194]
- [194 195]
- [195 196]
- [196 197]
- [197 198]
- [198 199]
- [199 200]
- [200 201]
- [201 202]
- [202 203]
- [203 204]
- [204 205]
- [205 206]
- [206 207]
- [207 208]
- [208 209]
- [209 210]
- [210 211]
- [211 212]
- [212 213]
- [213 214]
- [214 215]
- [215 216]
- [216 217]
- [217 218]
- [218 219]
- [219 220]
- [220 221]
- [221 222]
- [222 223]
- [223 224]
- [224 225]
- [225 226]
- [226 227]
- [227 228]
- [228 229]
- [229 230]
- [230 231]
- [231 232]
- [232 233]
- [233 234]
- [234 235]
- [235 236]
- [236 237]
- [237 238]
- [238 239]
- [239 240]
- [240 241]
- [241 242]
- [242 243]
- [243 244]
- [244 245]
- [245 246]
- [246 247]
- [247 248]
- [248 249]
- [249 250]
- [250 251]
- [251 252]
- [252 253]
- [253 254]
- [254 1]
- [211 255]
- [255 256]
- [256 257]
- [257 258]
- [258 259]
- [259 260]
- [260 261]
- [261 262]
- [262 263]
- [263 264]
- [264 265]
- [265 266]
- [266 267]
- [267 268]
- [268 269]
- [269 270]
- [270 271]
- [271 272]
- [272 273]
- [273 274]
- [274 275]
- [275 276]
- [276 277]
- [277 278]
- [278 279]
- [279 280]
- [280 281]
- [281 282]
- [282 283]
- [283 284]
- [284 285]
- [285 286]
- [286 287]
- [287 288]
- [288 289]
- [289 290]
- [290 291]
- [291 292]
- [292 293]
- [293 294]
- [294 295]
- [295 296]
- [296 297]
- [297 298]
- [298 299]
- [299 300]
- [300 301]
- [301 302]
- [302 303]
- [303 304]
- [304 305]
- [305 306]
- [306 307]
- [307 35]
- [166 308]
- [308 309]
- [309 310]
- [310 311]
- [311 312]
- [312 313]
- [313 314]
- [314 315]
- [315 316]
- [316 317]
- [317 318]
- [318 319]
- [319 320]
- [320 321]
- [321 322]
- [322 323]
- [323 324]
- [324 325]
- [325 326]
- [326 327]
- [327 328]
- [328 329]
- [329 330]
- [330 331]
- [331 332]
- [332 333]
- [333 334]
- [334 335]
- [335 336]
- [336 337]
- [337 338]
- [338 339]
- [339 340]
- [340 341]
- [341 342]
- [342 343]
- [343 344]
- [344 345]
- [345 346]
- [346 347]
- [347 348]
- [348 349]
- [349 350]
- [350 351]
- [351 352]
- [352 353]
- [353 354]
- [354 355]
- [355 356]
- [356 357]
- [357 358]
- [358 359]
- [359 360]
- [360 361]
- [361 362]
- [362 363]
- [363 364]
- [364 365]
- [365 366]
- [366 367]
- [367 368]
- [368 369]
- [369 370]
- [370 371]
- [371 372]
- [372 373]
- [373 374]
- [374 73]
- [177 375]
- [375 376]
- [376 377]
- [377 378]
- [378 379]
- [379 380]
- [380 381]
- [381 382]
- [382 383]
- [383 384]
- [384 385]
- [385 386]
- [386 387]
- [387 388]
- [388 389]
- [389 390]
- [390 391]
- [391 392]
- [392 393]
- [393 394]
- [394 395]
- [395 396]
- [396 397]
- [397 398]
- [398 399]
- [399 400]
- [400 401]
- [401 402]
- [402 403]
- [403 404]
- [404 405]
- [405 406]
- [406 407]
- [407 408]
- [408 409]
- [409 410]
- [410 411]
- [411 412]
- [412 413]
- [413 414]
- [414 415]
- [415 416]
- [416 417]
- [417 418]
- [418 419]
- [419 420]
- [420 421]
- [421 422]
- [422 423]
- [423 424]
- [424 425]
- [425 426]
- [426 427]
- [427 428]
- [428 429]
- [429 430]
- [430 431]
- [431 432]
- [432 433]
- [433 434]
- [434 435]
- [435 436]
- [436 437]
- [437 438]
- [438 439]
- [439 440]
- [440 441]
- [441 442]
- [442 443]
- [443 444]
- [444 62]
sets:
  element:
  - name: layup_0
    labels:
    - 1
    - 2
    - 3
    - 4
    - 5
    - 6
    - 7
    - 8
    - 9
    - 10
    - 11
    - 12
    - 13
    - 14
    - 15
    - 16
    - 17
    - 18
    - 19
    - 20
    - 21
    - 22
    - 23
    - 231
    - 232
    - 233
    - 234
    - 235
    - 236
    - 237
    - 238
    - 239
    - 240
    - 241
    - 242
    - 243
    - 244
    - 245
    - 246
    - 247
    - 248
    - 249
    - 250
    - 251
    - 252
    - 253
    - 254
  - name: layup_1
    labels:
    - 24
    - 25
    - 26
    - 27
    - 28
    - 29
    - 30
    - 31
    - 32
    - 33
    - 34
    - 35
    - 36
    - 37
    - 38
    - 39
    - 40
    - 41
    - 42
    - 43
    - 44
    - 45
    - 46
    - 47
    - 48
    - 49
    - 50
    - 51
    - 52
    - 53
    - 54
    - 55
    - 56
    - 57
    - 58
    - 59
    - 60
    - 74
    - 75
    - 76
    - 77
    - 78
    - 79
    - 80
    - 81
    - 82
    - 83
    - 84
    - 85
    - 86
    - 87
    - 88
    - 89
    - 90
    - 91
    - 92
    - 93
    - 94
    - 95
    - 96
    - 97
    - 98
    - 99
    - 100
    - 101
    - 102
    - 103
    - 104
    - 105
    - 106
    - 107
    - 108
    - 109
    - 110
    - 111
    - 112
    - 113
    - 114
    - 115
    - 116
    - 117
    - 118
    - 119
    - 120
    - 121
    - 122
    - 123
    - 128
    - 129
    - 130
    - 131
    - 132
    - 133
    - 134
    - 135
    - 136
    - 137
    - 138
    - 139
    - 140
    - 141
    - 142
    - 143
    - 144
    - 145
    - 146
    - 147
    - 148
    - 149
    - 150
    - 151
    - 152
    - 153
    - 154
    - 155
    - 156
    - 157
    - 158
    - 159
    - 160
    - 161
    - 162
    - 163
    - 164
    - 179
    - 180
    - 181
    - 182
    - 183
    - 184
    - 185
    - 186
    - 187
    - 188
    - 189
    - 190
    - 191
    - 192
    - 193
    - 194
    - 195
    - 196
    - 197
    - 198
    - 199
    - 200
    - 201
    - 202
    - 203
    - 204
    - 205
    - 206
    - 207
    - 208
    - 209
    - 210
    - 211
    - 212
    - 213
    - 214
    - 215
    - 216
    - 217
    - 218
    - 219
    - 220
    - 221
    - 222
    - 223
    - 224
    - 225
    - 226
    - 227
    - 228
    - 229
    - 230
  - name: layup_2
    labels:
    - 61
    - 62
    - 63
    - 64
    - 65
    - 66
    - 67
    - 68
    - 69
    - 70
    - 71
    - 72
    - 73
  - name: layup_3
    labels:
    - 124
    - 125
    - 126
    - 127
  - name: layup_4
    labels:
    - 165
    - 166
    - 167
    - 168
    - 169
    - 170
    - 171
    - 172
    - 173
    - 174
    - 175
    - 176
    - 177
    - 178
  - name: layup_5
    labels:
    - 255
    - 256
    - 257
    - 258
    - 259
    - 260
    - 261
    - 262
    - 263
    - 264
    - 265
    - 266
    - 267
    - 268
    - 269
    - 270
    - 271
    - 272
    - 273
    - 274
    - 275
    - 276
    - 277
    - 278
    - 279
    - 280
    - 281
    - 282
    - 283
    - 284
    - 285
    - 286
    - 287
    - 288
    - 289
    - 290
    - 291
    - 292
    - 293
    - 294
    - 295
    - 296
    - 297
    - 298
    - 299
    - 300
    - 301
    - 302
    - 303
    - 304
    - 305
    - 306
    - 307
    - 308
    - 309
    - 310
    - 311
    - 312
    - 313
    - 314
    - 315
    - 316
    - 317
    - 318
    - 319
    - 320
    - 321
    - 322
    - 323
    - 324
    - 325
    - 326
    - 327
    - 328
    - 329
    - 330
    - 331
    - 332
    - 333
    - 334
    - 335
    - 336
    - 337
    - 338
    - 339
    - 340
    - 341
    - 342
    - 343
    - 344
    - 345
    - 346
    - 347
    - 348
    - 349
    - 350
    - 351
    - 352
    - 353
    - 354
    - 355
    - 356
    - 357
    - 358
    - 359
    - 360
    - 361
    - 362
    - 363
    - 364
    - 365
    - 366
    - 367
    - 368
    - 369
    - 370
    - 371
    - 372
    - 373
    - 374
    - 375
    - 376
    - 377
    - 378
    - 379
    - 380
    - 381
    - 382
    - 383
    - 384
    - 385
    - 386
    - 387
    - 388
    - 389
    - 390
    - 391
    - 392
    - 393
    - 394
    - 395
    - 396
    - 397
    - 398
    - 399
    - 400
    - 401
    - 402
    - 403
    - 404
    - 405
    - 406
    - 407
    - 408
    - 409
    - 410
    - 411
    - 412
    - 413
    - 414
    - 415
    - 416
    - 417
    - 418
    - 419
    - 420
    - 421
    - 422
    - 423
    - 424
    - 425
    - 426
    - 427
    - 428
    - 429
    - 430
    - 431
    - 432
    - 433
    - 434
    - 435
    - 436
    - 437
    - 438
    - 439
    - 440
    - 441
    - 442
    - 443
    - 444
    - 445
    - 446
    - 447
sections:
- type: shell
  elementSet: layup_0
  layup:
  - - gelcoat
    - 0.0005
    - 0.0
  - - glass_triax
    - 0.00820074
    - 0.0
  - - glass_uniax
    - 0.02190398
    - 0.0
  - - glass_triax
    - 0.00820074
    - 0.0
- type: shell
  elementSet: layup_1
  layup:
  - - gelcoat
    - 0.0005
    - 0.0
  - - glass_triax
    - 0.00820074
    - 0.0
  - - medium_density_foam
    - 0.06618649
    - 0.0
  - - glass_triax
    - 0.00820074
    - 0.0
- type: shell
  elementSet: layup_2
  layup:
  - - gelcoat
    - 0.0005
    - 0.0
  - - glass_triax
    - 0.00820074
    - 0.0
  - - carbon_uniax
    - 0.06397987
    - 0.0
  - - glass_triax
    - 0.00820074
    - 0.0
- type: shell
  elementSet: layup_3
  layup:
  - - gelcoat
    - 0.0005
    - 0.0
  - - glass_triax
    - 0.00820074
    - 0.0
  - - glass_uniax
    - 0.01826237
    - 0.0
  - - glass_triax
    - 0.00820074
    - 0.0
- type: shell
  elementSet: layup_4
  layup:
  - - gelcoat
    - 0.0005
    - 0.0
  - - glass_triax
    - 0.00820074
    - 0.0
  - - carbon_uniax
    - 0.0561456
    - 0.0
  - - glass_triax
    - 0.00820074
    - 0.0
- type: shell
  elementSet: layup_5
  layup:
  - - glass_biax
    - 0.002
    - 0.0
  - - medium_density_foam
    - 0.046
    - 0.0
  - - glass_biax
    - 0.002
    - 0.0
elementOrientations:
- [0.0, 0.0, 1.0, -0.9432860839998274, 0.331980968930857, 0.0, -0.331980968930857,
  -0.9432860839998274, 0.0]
- [0.0, 0.0, 1.0, -0.925865808906151, 0.37785248960217077, 0.0, -0.37785248960217077,
  -0.925865808906151, 0.0]
- [0.0, 0.0, 1.0, -0.9321778323223538, 0.36200067531262614, 0.0, -0.36200067531262614,
  -0.9321778323223538, 0.0]
- [0.0, 0.0, 1.0, -0.943621803881584, 0.3310255144838016, 0.0, -0.3310255144838016,
  -0.943621803881584, 0.0]
- [0.0, 0.0, 1.0, -0.9508018024061293, 0.3097998265675048, 0.0, -0.3097998265675048,
  -0.9508018024061293, 0.0]
- [0.0, 0.0, 1.0, -0.9540506951496213, 0.29964524205220466, 0.0, -0.29964524205220466,
  -0.9540506951496213, 0.0]
- [0.0, 0.0, 1.0, -0.9519421012240686, 0.30627803694862815, 0.0, -0.30627803694862815,
  -0.9519421012240686, 0.0]
- [0.0, 0.0, 1.0, -0.9539460407673203, 0.29997825138558654, 0.0, -0.29997825138558654,
  -0.9539460407673203, 0.0]
- [0.0, 0.0, 1.0, -0.9555307152746626, 0.29489159392341413, 0.0, -0.29489159392341413,
  -0.9555307152746626, 0.0]
- [0.0, 0.0, 1.0, -0.9572348156657792, 0.2893121284656106, 0.0, -0.2893121284656106,
  -0.9572348156657792, 0.0]
- [0.0, 0.0, 1.0, -0.9529636731322993, 0.3030845388504604, 0.0, -0.3030845388504604,
  -0.9529636731322993, 0.0]
- [0.0, 0.0, 1.0, -0.9537739455703756, 0.30052497525350197, 0.0, -0.30052497525350197,
  -0.9537739455703756, 0.0]
- [0.0, 0.0, 1.0, -0.9562179032696387, 0.29265563631445046, 0.0, -0.29265563631445046,
  -0.9562179032696387, 0.0]
- [0.0, 0.0, 1.0, -0.9537191203334299, 0.30069891837256163, 0.0, -0.30069891837256163,
  -0.9537191203334299, 0.0]
- [0.0, 0.0, 1.0, -0.954973035930461, 0.29669260295086275, 0.0, -0.29669260295086275,
  -0.954973035930461, 0.0]
- [0.0, 0.0, 1.0, -0.9559646910966111, 0.29348170194504597, 0.0, -0.29348170194504597,
  -0.9559646910966111, 0.0]
- [0.0, 0.0, 1.0, -0.9527390949790787, 0.30378975772472294, 0.0, -0.30378975772472294,
  -0.9527390949790787, 0.0]
- [0.0, 0.0, 1.0, -0.95158364937423, 0.30738991239730423, 0.0, -0.30738991239730423,
  -0.95158364937423, 0.0]
- [0.0, 0.0, 1.0, -0.9526293078185015, 0.30413385521056757, 0.0, -0.30413385521056757,
  -0.9526293078185015, 0.0]
- [0.0, 0.0, 1.0, -0.953884269617475, 0.3001746161425654, 0.0, -0.3001746161425654,
  -0.953884269617475, 0.0]
- [0.0, 0.0, 1.0, -0.9521232421839474, 0.30571446104678823, 0.0, -0.30571446104678823,
  -0.9521232421839474, 0.0]
- [0.0, 0.0, 1.0, -0.9524280631851905, 0.3047634893771015, 0.0, -0.3047634893771015,
  -0.9524280631851905, 0.0]
- [0.0, 0.0, 1.0, -0.9903229031181461, 0.13878237481628283, 0.0, -0.13878237481628283,
  -0.9903229031181461, 0.0]
- [0.0, 0.0, 1.0, -0.989775286838232, 0.1426354849407945, 0.0, -0.1426354849407945,
  -0.989775286838232, 0.0]
- [0.0, 0.0, 1.0, -0.9531270665180005, 0.30257031425900194, 0.0, -0.30257031425900194,
  -0.9531270665180005, 0.0]
- [0.0, 0.0, 1.0, -0.9536346801607347, 0.3009666041186849, 0.0, -0.3009666041186849,
  -0.9536346801607347, 0.0]
- [0.0, 0.0, 1.0, -0.9504963803221395, 0.3107356287819449, 0.0, -0.3107356287819449,
  -0.9504963803221395, 0.0]
- [0.0, 0.0, 1.0, -0.9501922461024759, 0.3116643955390669, 0.0, -0.3116643955390669,
  -0.9501922461024759, 0.0]
- [0.0, 0.0, 1.0, -0.9561199854038314, 0.29297538038438914, 0.0, -0.29297538038438914,
  -0.9561199854038314, 0.0]
- [0.0, 0.0, 1.0, -0.9498531910051233, 0.31269620326666075, 0.0, -0.31269620326666075,
  -0.9498531910051233, 0.0]
- [0.0, 0.0, 1.0, -0.9510059925339599, 0.3091724472919565, 0.0, -0.3091724472919565,
  -0.9510059925339599, 0.0]
- [0.0, 0.0, 1.0, -0.9526110734339563, 0.3041909643151904, 0.0, -0.3041909643151904,
  -0.9526110734339563, 0.0]
- [0.0, 0.0, 1.0, -0.9532992537973626, 0.30202737079508507, 0.0, -0.30202737079508507,
  -0.9532992537973626, 0.0]
- [0.0, 0.0, 1.0, -0.9526930030726415, 0.3039342723294495, 0.0, -0.3039342723294495,
  -0.9526930030726415, 0.0]
- [0.0, 0.0, 1.0, -0.9523424828713244, 0.30503081044130764, 0.0, -0.30503081044130764,
  -0.9523424828713244, 0.0]
- [0.0, 0.0, 1.0, -0.9503375250930869, 0.31122112460427015, 0.0, -0.31122112460427015,
  -0.9503375250930869, 0.0]
- [0.0, 0.0, 1.0, -0.9497328323524882, 0.3130615708638168, 0.0, -0.3130615708638168,
  -0.9497328323524882, 0.0]
- [0.0, 0.0, 1.0, -0.9506539303937438, 0.3102532910815405, 0.0, -0.3102532910815405,
  -0.9506539303937438, 0.0]
- [0.0, 0.0, 1.0, -0.9525921144104865, 0.3042503304237464, 0.0, -0.3042503304237464,
  -0.9525921144104865, 0.0]
- [0.0, 0.0, 1.0, -0.9539490464577336, 0.29996869297041745, 0.0, -0.29996869297041745,
  -0.9539490464577336, 0.0]
- [0.0, 0.0, 1.0, -0.9541721032308623, 0.2992584124398053, 0.0, -0.2992584124398053,
  -0.9541721032308623, 0.0]
- [0.0, 0.0, 1.0, -0.9529881318151029, 0.30300762468881864, 0.0, -0.30300762468881864,
  -0.9529881318151029, 0.0]
- [0.0, 0.0, 1.0, -0.9526090996497496, 0.3041971453917565, 0.0, -0.3041971453917565,
  -0.9526090996497496, 0.0]
- [0.0, 0.0, 1.0, -0.9538591125011431, 0.30025454783988187, 0.0, -0.30025454783988187,
  -0.9538591125011431, 0.0]
- [0.0, 0.0, 1.0, -0.9584780430800497, 0.28516633906097427, 0.0, -0.28516633906097427,
  -0.9584780430800497, 0.0]
- [0.0, 0.0, 1.0, -0.9577975121014288, 0.2874437785242765, 0.0, -0.2874437785242765,
  -0.9577975121014288, 0.0]
- [0.0, 0.0, 1.0, -0.9549372652282698, 0.2968077146543751, 0.0, -0.2968077146543751,
  -0.9549372652282698, 0.0]
- [0.0, 0.0, 1.0, -0.9570531750896484, 0.28991243514348053, 0.0, -0.28991243514348053,
  -0.9570531750896484, 0.0]
- [0.0, 0.0, 1.0, -0.9605783776005787, 0.27800931726515915, 0.0, -0.27800931726515915,
  -0.9605783776005787, 0.0]
- [0.0, 0.0, 1.0, -0.9591861010486263, 0.28277557100134054, 0.0, -0.28277557100134054,
  -0.9591861010486263, 0.0]
- [0.0, 0.0, 1.0, -0.9618083418243951, 0.2737237907033436, 0.0, -0.2737237907033436,
  -0.9618083418243951, 0.0]
- [0.0, 0.0, 1.0, -0.965116421107337, 0.261821110128586, 0.0, -0.261821110128586,
  -0.965116421107337, 0.0]
- [0.0, 0.0, 1.0, -0.9639887777321225, 0.2659429194517662, 0.0, -0.2659429194517662,
  -0.9639887777321225, 0.0]
- [0.0, 0.0, 1.0, -0.9657581782341725, 0.25944390756734304, 0.0, -0.25944390756734304,
  -0.9657581782341725, 0.0]
- [0.0, 0.0, 1.0, -0.9715906592635831, 0.2366676801588164, 0.0, -0.2366676801588164,
  -0.9715906592635831, 0.0]
- [0.0, 0.0, 1.0, -0.9688764611486834, 0.24754474955450745, 0.0, -0.24754474955450745,
  -0.9688764611486834, 0.0]
- [0.0, 0.0, 1.0, -0.9768942385186781, 0.21372329482069122, 0.0, -0.21372329482069122,
  -0.9768942385186781, 0.0]
- [0.0, 0.0, 1.0, -0.9778367276225729, 0.20936889480622048, 0.0, -0.20936889480622048,
  -0.9778367276225729, 0.0]
- [0.0, 0.0, 1.0, -0.9787422691642017, 0.20509405293988667, 0.0, -0.20509405293988667,
  -0.9787422691642017, 0.0]
- [0.0, 0.0, 1.0, -0.9807402012786786, 0.19531681339776394, 0.0, -0.19531681339776394,
  -0.9807402012786786, 0.0]
- [0.0, 0.0, 1.0, -0.9850397469485929, 0.17232729595584112, 0.0, -0.17232729595584112,
  -0.9850397469485929, 0.0]
- [0.0, 0.0, 1.0, -0.9863058504349176, 0.16492655758807814, 0.0, -0.16492655758807814,
  -0.9863058504349176, 0.0]
- [0.0, 0.0, 1.0, -0.9907971552431487, 0.1353550780801508, 0.0, -0.1353550780801508,
  -0.9907971552431487, 0.0]
- [0.0, 0.0, 1.0, -0.9930701687850361, 0.11752293337583136, 0.0, -0.11752293337583136,
  -0.9930701687850361, 0.0]
- [0.0, 0.0, 1.0, -0.9945478818863028, 0.10428092172333644, 0.0, -0.10428092172333644,
  -0.9945478818863028, 0.0]
- [0.0, 0.0, 1.0, -0.9959178695750782, 0.09026404079719567, 0.0, -0.09026404079719567,
  -0.9959178695750782, 0.0]
- [0.0, 0.0, 1.0, -0.9975574049472327, 0.0698514411801405, 0.0, -0.0698514411801405,
  -0.9975574049472327, 0.0]
- [0.0, 0.0, 1.0, -0.9990076898903801, 0.04453802352918225, 0.0, -0.04453802352918225,
  -0.9990076898903801, 0.0]
- [0.0, 0.0, 1.0, -0.9995579555653253, 0.029730345878701606, 0.0, -0.029730345878701606,
  -0.9995579555653253, 0.0]
- [0.0, 0.0, 1.0, -0.9999657699024479, 0.008273996821652611, 0.0, -0.008273996821652611,
  -0.9999657699024479, 0.0]
- [0.0, 0.0, 1.0, -0.9998450335521917, -0.017604229066232255, 0.0, 0.017604229066232255,
  -0.9998450335521917, 0.0]
- [0.0, 0.0, 1.0, -0.9997318071881423, -0.023158447623518843, 0.0, 0.023158447623518843,
  -0.9997318071881423, 0.0]
- [0.0, 0.0, 1.0, -0.9967933088252786, -0.08001936941236613, 0.0, 0.08001936941236613,
  -0.9967933088252786, 0.0]
- [0.0, 0.0, 1.0, -0.9936756078711598, -0.11228885217100107, 0.0, 0.11228885217100107,
  -0.9936756078711598, 0.0]
- [0.0, 0.0, 1.0, -0.9932852074599696, -0.1156913853370482, 0.0, 0.1156913853370482,
  -0.9932852074599696, 0.0]
- [0.0, 0.0, 1.0, -0.9895110056372781, -0.14445750144143588, 0.0, 0.14445750144143588,
  -0.9895110056372781, 0.0]
- [0.0, 0.0, 1.0, -0.9825178526616791, -0.1861683893712434, 0.0, 0.1861683893712434,
  -0.9825178526616791, 0.0]
- [0.0, 0.0, 1.0, -0.9763721052686568, -0.21609607135080217, 0.0, 0.21609607135080217,
  -0.9763721052686568, 0.0]
- [0.0, 0.0, 1.0, -0.9720089270130452, -0.23494392055754174, 0.0, 0.23494392055754174,
  -0.9720089270130452, 0.0]
- [0.0, 0.0, 1.0, -0.9622447263159417, -0.27218575766773456, 0.0, 0.27218575766773456,
  -0.9622447263159417, 0.0]
- [0.0, 0.0, 1.0, -0.9549675695676143, -0.29671019711854124, 0.0, 0.29671019711854124,
  -0.9549675695676143, 0.0]
- [0.0, 0.0, 1.0, -0.9470861694975354, -0.32097941919457335, 0.0, 0.32097941919457335,
  -0.9470861694975354, 0.0]
- [0.0, 0.0, 1.0, -0.9316136081423894, -0.36345025123656, 0.0, 0.36345025123656, -0.9316136081423894,
  0.0]
- [0.0, 0.0, 1.0, -0.9215407543761566, -0.3882816478071353, 0.0, 0.3882816478071353,
  -0.9215407543761566, 0.0]
- [0.0, 0.0, 1.0, -0.9019147211751473, -0.431914153191993, 0.0, 0.431914153191993,
  -0.9019147211751473, 0.0]
- [0.0, 0.0, 1.0, -0.8895283074579903, -0.45688006110020046, 0.0, 0.45688006110020046,
  -0.8895283074579903, 0.0]
- [0.0, 0.0, 1.0, -0.8767883843271301, -0.4808764177093953, 0.0, 0.4808764177093953,
  -0.8767883843271301, 0.0]
- [0.0, 0.0, 1.0, -0.860000863988046, -0.5102925768025773, 0.0, 0.5102925768025773,
  -0.860000863988046, 0.0]
- [0.0, 0.0, 1.0, -0.8408715335334995, -0.541234758762795, 0.0, 0.541234758762795,
  -0.8408715335334995, 0.0]
- [0.0, 0.0, 1.0, -0.8189645071466805, -0.5738441740002199, 0.0, 0.5738441740002199,
  -0.8189645071466805, 0.0]
- [0.0, 0.0, 1.0, -0.8047565693723597, -0.5936049730688164, 0.0, 0.5936049730688164,
  -0.8047565693723597, 0.0]
- [0.0, 0.0, 1.0, -0.7853864958389623, -0.6190056963823484, 0.0, 0.6190056963823484,
  -0.7853864958389623, 0.0]
- [0.0, 0.0, 1.0, -0.7622797985985078, -0.6472476408984573, 0.0, 0.6472476408984573,
  -0.7622797985985078, 0.0]
- [0.0, 0.0, 1.0, -0.737929169185483, -0.6748781677200878, 0.0, 0.6748781677200878,
  -0.737929169185483, 0.0]
- [0.0, 0.0, 1.0, -0.7153366739449859, -0.6987799674499299, 0.0, 0.6987799674499299,
  -0.7153366739449859, 0.0]
- [0.0, 0.0, 1.0, -0.6976048687003396, -0.7164826914626634, 0.0, 0.7164826914626634,
  -0.6976048687003396, 0.0]
- [0.0, 0.0, 1.0, -0.6762643717913798, -0.7366590116503091, 0.0, 0.7366590116503091,
  -0.6762643717913798, 0.0]
- [0.0, 0.0, 1.0, -0.6477095164063884, -0.7618873816756663, 0.0, 0.7618873816756663,
  -0.6477095164063884, 0.0]
- [0.0, 0.0, 1.0, -0.6190945840687195, -0.7853164304767724, 0.0, 0.7853164304767724,
  -0.6190945840687195, 0.0]
- [0.0, 0.0, 1.0, -0.5967898064259479, -0.8023976115032246, 0.0, 0.8023976115032246,
  -0.5967898064259479, 0.0]
- [0.0, 0.0, 1.0, -0.5683933477414601, -0.8227569521087352, 0.0, 0.8227569521087352,
  -0.5683933477414601, 0.0]
- [0.0, 0.0, 1.0, -0.5413668183246069, -0.8407865175043496, 0.0, 0.8407865175043496,
  -0.5413668183246069, 0.0]
- [0.0, 0.0, 1.0, -0.5226409017108635, -0.852552923787641, 0.0, 0.852552923787641,
  -0.5226409017108635, 0.0]
- [0.0, 0.0, 1.0, -0.4904384603980975, -0.8714758267228896, 0.0, 0.8714758267228896,
  -0.4904384603980975, 0.0]
- [0.0, 0.0, 1.0, -0.4532655253129151, -0.8913755457509516, 0.0, 0.8913755457509516,
  -0.4532655253129151, 0.0]
- [0.0, 0.0, 1.0, -0.4400475358884492, -0.8979744796810788, 0.0, 0.8979744796810788,
  -0.4400475358884492, 0.0]
