nodes:
- [4.70852238 0.09722431 0.00000000]
- [4.64563825 0.11238283 0.00000000]
- [4.57429659 0.13324911 0.00000000]
- [4.50287098 0.15381718 0.00000000]
- [4.43138521 0.17420650 0.00000000]
- [4.35982140 0.19437860 0.00000000]
- [4.28823095 0.21451114 0.00000000]
- [4.21660742 0.23455518 0.00000000]
- [4.14496581 0.25463257 0.00000000]
- [4.07336442 0.27485113 0.00000000]
- [4.00177642 0.29508965 0.00000000]
- [3.93020483 0.31540525 0.00000000]
- [3.85561161 0.32508399 0.00000000]
- [3.78193214 0.33450421 0.00000000]
- [3.71131153 0.35467521 0.00000000]
- [3.64070702 0.37485838 0.00000000]
- [3.57009929 0.39504549 0.00000000]
- [3.49950042 0.41526337 0.00000000]
- [3.42890959 0.43548178 0.00000000]
- [3.35832836 0.45570066 0.00000000]
- [3.28774132 0.47588802 0.00000000]
- [3.21714393 0.49606932 0.00000000]
- [3.14656241 0.51624571 0.00000000]
- [3.07596803 0.53635100 0.00000000]
- [3.00534871 0.55643477 0.00000000]
- [2.93473984 0.57651243 0.00000000]
- [2.86413396 0.59651423 0.00000000]
- [2.79348487 0.61643190 0.00000000]
- [2.72281964 0.63635301 0.00000000]
- [2.65219930 0.65623035 0.00000000]
- [2.58151966 0.67590555 0.00000000]
- [2.51078292 0.69557578 0.00000000]
- [2.44008338 0.71522914 0.00000000]
- [2.36937174 0.73470555 0.00000000]
- [2.29858030 0.75405743 0.00000000]
- [2.22775426 0.77341194 0.00000000]
- [2.15702660 0.79272778 0.00000000]
- [2.08619404 0.81165082 0.00000000]
- [2.01626888 0.83031535 0.00000000]
- [1.94638743 0.84896141 0.00000000]
- [1.87655185 0.86739680 0.00000000]
- [1.80657363 0.88548214 0.00000000]
- [1.73650074 0.90358490 0.00000000]
- [1.66653729 0.92164445 0.00000000]
- [1.59653114 0.93925600 0.00000000]
- [1.52634805 0.95663078 0.00000000]
- [1.45609643 0.97400443 0.00000000]
- [1.38604051 0.99130526 0.00000000]
- [1.31582230 1.00782732 0.00000000]
- [1.24537393 1.02428554 0.00000000]
- [1.17495776 1.04072415 0.00000000]
- [1.10472729 1.05686462 0.00000000]
- [1.03423159 1.07210074 0.00000000]
- [0.96349303 1.08737181 0.00000000]
- [0.89294025 1.10257918 0.00000000]
- [0.82241787 1.11701620 0.00000000]
- [0.75156450 1.13078506 0.00000000]
- [0.68054967 1.14455533 0.00000000]
- [0.60985413 1.15813727 0.00000000]
- [0.53898014 1.17039402 0.00000000]
- [0.46770166 1.18236562 0.00000000]
- [0.39651345 1.19428970 0.00000000]
- [0.32556590 1.20545428 0.00000000]
- [0.25390020 1.21270893 0.00000000]
- [0.15658819 1.22335921 0.00000000]
- [0.08566782 1.23250119 0.00000000]
- [0.01442936 1.23988982 0.00000000]
- [-0.05732017 1.24716007 0.00000000]
- [-0.12856235 1.25422884 0.00000000]
- [-0.19974336 1.25939445 0.00000000]
- [-0.27154637 1.26373350 0.00000000]
- [-0.34318289 1.26800880 0.00000000]
- [-0.41435220 1.27083668 0.00000000]
- [-0.48599293 1.27188430 0.00000000]
- [-0.55783216 1.27287307 0.00000000]
- [-0.62891980 1.27271822 0.00000000]
- [-0.72354270 1.27179491 0.00000000]
- [-0.79550649 1.27153273 0.00000000]
- [-0.86673738 1.26642749 0.00000000]
- [-0.93839524 1.25926720 0.00000000]
- [-1.00976875 1.25205234 0.00000000]
- [-1.08024410 1.24188089 0.00000000]
- [-1.15122682 1.22966589 0.00000000]
- [-1.22150926 1.21747579 0.00000000]
- [-1.29061570 1.20090182 0.00000000]
- [-1.36039190 1.18312570 0.00000000]
- [-1.42886057 1.16456930 0.00000000]
- [-1.49614335 1.14122932 0.00000000]
- [-1.56362883 1.11769616 0.00000000]
- [-1.62911988 1.09067926 0.00000000]
- [-1.69428518 1.06123028 0.00000000]
- [-1.75801974 1.03073763 0.00000000]
- [-1.81956325 0.99523343 0.00000000]
- [-1.88077107 0.95974766 0.00000000]
- [-1.93823025 0.91886876 0.00000000]
- [-1.99546203 0.87706809 0.00000000]
- [-2.04892379 0.83141911 0.00000000]
- [-2.10089150 0.78353533 0.00000000]
- [-2.14954185 0.73285329 0.00000000]
- [-2.19545403 0.67941786 0.00000000]
- [-2.23818758 0.62373865 0.00000000]
- [-2.27718455 0.56533391 0.00000000]
- [-2.31279202 0.50491498 0.00000000]
- [-2.34425195 0.44231967 0.00000000]
- [-2.37162509 0.37784988 0.00000000]
- [-2.40640193 0.31593788 0.00000000]
- [-2.43475262 0.24862056 0.00000000]
- [-2.44652918 0.17608690 0.00000000]
- [-2.45717286 0.10338802 0.00000000]
- [-2.46265950 0.03095764 0.00000000]
- [-2.45875117 -0.04184044 0.00000000]
- [-2.45227350 -0.11477004 0.00000000]
- [-2.43990683 -0.18702405 0.00000000]
- [-2.41378191 -0.25512396 0.00000000]
- [-2.37898890 -0.31607514 0.00000000]
- [-2.35257590 -0.38008006 0.00000000]
- [-2.32051094 -0.44150927 0.00000000]
- [-2.28561802 -0.50126912 0.00000000]
- [-2.24540961 -0.55763444 0.00000000]
- [-2.20233314 -0.61207494 0.00000000]
- [-2.15503650 -0.66316539 0.00000000]
- [-2.10551091 -0.71222572 0.00000000]
- [-2.05247048 -0.75794755 0.00000000]
- [-1.99819870 -0.80193253 0.00000000]
- [-1.94049395 -0.84176596 0.00000000]
- [-1.88198691 -0.88060551 0.00000000]
- [-1.82082811 -0.91527245 0.00000000]
- [-1.75894998 -0.94916645 0.00000000]
- [-1.69541227 -0.97935469 0.00000000]
- [-1.63059802 -1.00822932 0.00000000]
- [-1.56550748 -1.03515809 0.00000000]
- [-1.49873400 -1.05899340 0.00000000]
- [-1.43183969 -1.08249724 0.00000000]
- [-1.36416960 -1.10259993 0.00000000]
- [-1.29541525 -1.12149648 0.00000000]
- [-1.22692256 -1.13939109 0.00000000]
- [-1.15757080 -1.15406857 0.00000000]
- [-1.08716812 -1.16673767 0.00000000]
- [-1.03115194 -1.17568633 0.00000000]
- [-0.96046279 -1.18595300 0.00000000]
- [-0.88898972 -1.19574381 0.00000000]
- [-0.81836619 -1.20480465 0.00000000]
- [-0.74720582 -1.21009119 0.00000000]
- [-0.67515269 -1.21535591 0.00000000]
- [-0.60395402 -1.21981515 0.00000000]
- [-0.53253205 -1.22109842 0.00000000]
- [-0.46021058 -1.22194640 0.00000000]
- [-0.38880509 -1.22267704 0.00000000]
- [-0.31757696 -1.21979681 0.00000000]
- [-0.24533629 -1.21637911 0.00000000]
- [-0.17971858 -1.21319573 0.00000000]
- [-0.11465510 -1.20995245 0.00000000]
- [-0.04223237 -1.20405941 0.00000000]
- [0.03048694 -1.19643591 0.00000000]
- [0.10227898 -1.18852880 0.00000000]
- [0.17369404 -1.17722935 0.00000000]
- [0.24596637 -1.16567393 0.00000000]
- [0.31766817 -1.15414615 0.00000000]
- [0.38859292 -1.14045217 0.00000000]
- [0.45980504 -1.12518349 0.00000000]
- [0.53129562 -1.10979267 0.00000000]
- [0.60191876 -1.09422462 0.00000000]
- [0.67184408 -1.07561922 0.00000000]
- [0.74250372 -1.05661018 0.00000000]
- [0.81290115 -1.03761403 0.00000000]
- [0.88252639 -1.01761294 0.00000000]
- [0.95191796 -0.99577688 0.00000000]
- [1.02174368 -0.97375598 0.00000000]
- [1.09116107 -0.95181232 0.00000000]
- [1.15986802 -0.92840880 0.00000000]
- [1.22868868 -0.90405356 0.00000000]
- [1.29770229 -0.87958773 0.00000000]
- [1.36627657 -0.85524181 0.00000000]
- [1.43417575 -0.82926988 0.00000000]
- [1.50239558 -0.80285484 0.00000000]
- [1.57063730 -0.77640116 0.00000000]
- [1.63851912 -0.74990515 0.00000000]
- [1.70595883 -0.72225423 0.00000000]
- [1.77365780 -0.69438478 0.00000000]
- [1.84132676 -0.66651305 0.00000000]
- [1.90792406 -0.63886217 0.00000000]
- [1.97432509 -0.61062326 0.00000000]
- [2.04086556 -0.58229092 0.00000000]
- [2.10741110 -0.55395576 0.00000000]
- [2.17394850 -0.52561312 0.00000000]
- [2.24048456 -0.49725178 0.00000000]
- [2.30703471 -0.46889834 0.00000000]
- [2.37370882 -0.44051336 0.00000000]
- [2.44066843 -0.41253758 0.00000000]
- [2.50767573 -0.38499044 0.00000000]
- [2.57463307 -0.35749970 0.00000000]
- [2.64197203 -0.33002736 0.00000000]
- [2.70987013 -0.30377405 0.00000000]
- [2.77760187 -0.27804137 0.00000000]
- [2.84545302 -0.25231455 0.00000000]
- [2.91405070 -0.22720826 0.00000000]
- [2.98309220 -0.20395834 0.00000000]
- [3.05169635 -0.18093054 0.00000000]
- [3.12102507 -0.15773917 0.00000000]
- [3.19128223 -0.13725141 0.00000000]
- [3.26096673 -0.11733832 0.00000000]
- [3.33116552 -0.09744771 0.00000000]
- [3.40222029 -0.07964089 0.00000000]
- [3.47303941 -0.06323355 0.00000000]
- [3.54423410 -0.04682775 0.00000000]
- [3.61636144 -0.03297145 0.00000000]
- [3.68811953 -0.02080521 0.00000000]
- [3.76042919 -0.00868188 0.00000000]
- [3.83471585 -0.01117499 0.00000000]
- [3.91017970 -0.01469479 0.00000000]
- [3.98478377 -0.00830773 0.00000000]
- [4.05955760 -0.00545830 0.00000000]
- [4.13432052 -0.00316858 0.00000000]
- [4.20918647 -0.00415288 0.00000000]
- [4.28399754 -0.00648783 0.00000000]
- [4.35874711 -0.01174452 0.00000000]
- [4.43339380 -0.01937042 0.00000000]
- [4.50766391 -0.03061717 0.00000000]
- [4.58137789 -0.04526606 0.00000000]
- [4.65409740 -0.06345618 0.00000000]
- [4.71172018 -0.08621663 0.00000000]
- [1.85298710 -0.59612430 0.00000000]
- [1.86464745 -0.52573554 0.00000000]
- [1.87630780 -0.45534678 0.00000000]
- [1.88796814 -0.38495803 0.00000000]
- [1.89962849 -0.31456927 0.00000000]
- [1.91128884 -0.24418052 0.00000000]
- [1.92294919 -0.17379176 0.00000000]
- [1.93460953 -0.10340300 0.00000000]
- [1.94626988 -0.03301425 0.00000000]
- [1.95793023 0.03737451 0.00000000]
- [1.96959057 0.10776326 0.00000000]
- [1.98125092 0.17815202 0.00000000]
- [1.99291127 0.24854078 0.00000000]
- [2.00457161 0.31892953 0.00000000]
- [2.01623196 0.38931829 0.00000000]
- [2.02789231 0.45970704 0.00000000]
- [2.03955266 0.53009580 0.00000000]
- [2.05121300 0.60048456 0.00000000]
- [2.06287335 0.67087331 0.00000000]
- [2.07453370 0.74126207 0.00000000]
- [-1.01932158 -1.10367443 0.00000000]
- [-1.00749123 -1.03166253 0.00000000]
- [-0.99566087 -0.95965063 0.00000000]
- [-0.98383051 -0.88763874 0.00000000]
- [-0.97200016 -0.81562684 0.00000000]
- [-0.96016980 -0.74361494 0.00000000]
- [-0.94833944 -0.67160304 0.00000000]
- [-0.93650909 -0.59959114 0.00000000]
- [-0.92467873 -0.52757924 0.00000000]
- [-0.91284837 -0.45556734 0.00000000]
- [-0.90101802 -0.38355545 0.00000000]
- [-0.88918766 -0.31154355 0.00000000]
- [-0.87735730 -0.23953165 0.00000000]
- [-0.86552694 -0.16751975 0.00000000]
- [-0.85369659 -0.09550785 0.00000000]
- [-0.84186623 -0.02349595 0.00000000]
- [-0.83003587 0.04851594 0.00000000]
- [-0.81820552 0.12052784 0.00000000]
- [-0.80637516 0.19253974 0.00000000]
- [-0.79454480 0.26455164 0.00000000]
- [-0.78271445 0.33656354 0.00000000]
- [-0.77088409 0.40857544 0.00000000]
- [-0.75905373 0.48058734 0.00000000]
- [-0.74722337 0.55259923 0.00000000]
- [-0.73539302 0.62461113 0.00000000]
- [-0.72356266 0.69662303 0.00000000]
- [-0.71173230 0.76863493 0.00000000]
- [-0.69990195 0.84064683 0.00000000]
- [-0.68807159 0.91265873 0.00000000]
- [-0.67624123 0.98467062 0.00000000]
- [-0.66441088 1.05668252 0.00000000]
- [-0.65258052 1.12869442 0.00000000]
- [-0.64075016 1.20070632 0.00000000]
- [-0.23351498 -1.14462210 0.00000000]
- [-0.22169367 -1.07286509 0.00000000]
- [-0.20987237 -1.00110808 0.00000000]
- [-0.19805106 -0.92935107 0.00000000]
- [-0.18622975 -0.85759406 0.00000000]
- [-0.17440844 -0.78583705 0.00000000]
- [-0.16258713 -0.71408005 0.00000000]
- [-0.15076582 -0.64232304 0.00000000]
- [-0.13894452 -0.57056603 0.00000000]
- [-0.12712321 -0.49880902 0.00000000]
- [-0.11530190 -0.42705201 0.00000000]
- [-0.10348059 -0.35529500 0.00000000]
- [-0.09165928 -0.28353799 0.00000000]
- [-0.07983798 -0.21178098 0.00000000]
- [-0.06801667 -0.14002397 0.00000000]
- [-0.05619536 -0.06826696 0.00000000]
- [-0.04437405 0.00349005 0.00000000]
- [-0.03255274 0.07524706 0.00000000]
- [-0.02073143 0.14700407 0.00000000]
- [-0.00891013 0.21876108 0.00000000]
- [0.00291118 0.29051809 0.00000000]
- [0.01473249 0.36227509 0.00000000]
- [0.02655380 0.43403210 0.00000000]
- [0.03837511 0.50578911 0.00000000]
- [0.05019642 0.57754612 0.00000000]
- [0.06201772 0.64930313 0.00000000]
- [0.07383903 0.72106014 0.00000000]
- [0.08566034 0.79281715 0.00000000]
- [0.09748165 0.86457416 0.00000000]
- [0.10930296 0.93633117 0.00000000]
- [0.12112426 1.00808818 0.00000000]
- [0.13294557 1.07984519 0.00000000]
- [0.14476688 1.15160220 0.00000000]
elements:
- [1 2]
- [2 3]
- [3 4]
- [4 5]
- [5 6]
- [6 7]
- [7 8]
- [8 9]
- [9 10]
- [10 11]
- [11 12]
- [12 13]
- [13 14]
- [14 15]
- [15 16]
- [16 17]
- [17 18]
- [18 19]
- [19 20]
- [20 21]
- [21 22]
- [22 23]
- [23 24]
- [24 25]
- [25 26]
- [26 27]
- [27 28]
- [28 29]
- [29 30]
- [30 31]
- [31 32]
- [32 33]
- [33 34]
- [34 35]
- [35 36]
- [36 37]
- [37 38]
- [38 39]
- [39 40]
- [40 41]
- [41 42]
- [42 43]
- [43 44]
- [44 45]
- [45 46]
- [46 47]
- [47 48]
- [48 49]
- [49 50]
- [50 51]
- [51 52]
- [52 53]
- [53 54]
- [54 55]
- [55 56]
- [56 57]
- [57 58]
- [58 59]
- [59 60]
- [60 61]
- [61 62]
- [62 63]
- [63 64]
- [64 65]
- [65 66]
- [66 67]
- [67 68]
- [68 69]
- [69 70]
- [70 71]
- [71 72]
- [72 73]
- [73 74]
- [74 75]
- [75 76]
- [76 77]
- [77 78]
- [78 79]
- [79 80]
- [80 81]
- [81 82]
- [82 83]
- [83 84]
- [84 85]
- [85 86]
- [86 87]
- [87 88]
- [88 89]
- [89 90]
- [90 91]
- [91 92]
- [92 93]
- [93 94]
- [94 95]
- [95 96]
- [96 97]
- [97 98]
- [98 99]
- [99 100]
- [100 101]
- [101 102]
- [102 103]
- [103 104]
- [104 105]
- [105 106]
- [106 107]
- [107 108]
- [108 109]
- [109 110]
- [110 111]
- [111 112]
- [112 113]
- [113 114]
- [114 115]
- [115 116]
- [116 117]
- [117 118]
- [118 119]
- [119 120]
- [120 121]
- [121 122]
- [122 123]
- [123 124]
- [124 125]
- [125 126]
- [126 127]
- [127 128]
- [128 129]
- [129 130]
- [130 131]
- [131 132]
- [132 133]
- [133 134]
- [134 135]
- [135 136]
- [136 137]
- [137 138]
- [138 139]
- [139 140]
- [140 141]
- [141 142]
- [142 143]
- [143 144]
- [144 145]
- [145 146]
- [146 147]
- [147 148]
- [148 149]
- [149 150]
- [150 151]
- [151 152]
- [152 153]
- [153 154]
- [154 155]
- [155 156]
- [156 157]
- [157 158]
- [158 159]
- [159 160]
- [160 161]
- [161 162]
- [162 163]
- [163 164]
- [164 165]
- [165 166]
- [166 167]
- [167 168]
- [168 169]
- [169 170]
- [170 171]
- [171 172]
- [172 173]
- [173 174]
- [174 175]
- [175 176]
- [176 177]
- [177 178]
- [178 179]
- [179 180]
- [180 181]
- [181 182]
- [182 183]
- [183 184]
- [184 185]
- [185 186]
- [186 187]
- [187 188]
- [188 189]
- [189 190]
- [190 191]
- [191 192]
- [192 193]
- [193 194]
- [194 195]
- [195 196]
- [196 197]
- [197 198]
- [198 199]
- [199 200]
- [200 201]
- [201 202]
- [202 203]
- [203 204]
- [204 205]
- [205 206]
- [206 207]
- [207 208]
- [208 209]
- [209 210]
- [210 211]
- [211 212]
- [212 213]
- [213 214]
- [214 215]
- [215 216]
- [216 217]
- [217 218]
- [218 219]
- [219 220]
- [220 221]
- [221 1]
- [180 222]
- [222 223]
- [223 224]
- [224 225]
- [225 226]
- [226 227]
- [227 228]
- [228 229]
- [229 230]
- [230 231]
- [231 232]
- [232 233]
- [233 234]
- [234 235]
- [235 236]
- [236 237]
- [237 238]
- [238 239]
- [239 240]
- [240 241]
- [241 38]
- [139 242]
- [242 243]
- [243 244]
- [244 245]
- [245 246]
- [246 247]
- [247 248]
- [248 249]
- [249 250]
- [250 251]
- [251 252]
- [252 253]
- [253 254]
- [254 255]
- [255 256]
- [256 257]
- [257 258]
- [258 259]
- [259 260]
- [260 261]
- [261 262]
- [262 263]
- [263 264]
- [264 265]
- [265 266]
- [266 267]
- [267 268]
- [268 269]
- [269 270]
- [270 271]
- [271 272]
- [272 273]
- [273 274]
- [274 76]
- [150 275]
- [275 276]
- [276 277]
- [277 278]
- [278 279]
- [279 280]
- [280 281]
- [281 282]
- [282 283]
- [283 284]
- [284 285]
- [285 286]
- [286 287]
- [287 288]
- [288 289]
- [289 290]
- [290 291]
- [291 292]
- [292 293]
- [293 294]
- [294 295]
- [295 296]
- [296 297]
- [297 298]
- [298 299]
- [299 300]
- [300 301]
- [301 302]
- [302 303]
- [303 304]
- [304 305]
- [305 306]
- [306 307]
- [307 65]
sets:
  element:
  - name: layup_0
    labels:
    - 1
    - 2
    - 3
    - 4
    - 5
    - 6
    - 7
    - 8
    - 9
    - 10
    - 11
    - 12
    - 209
    - 210
    - 211
    - 212
    - 213
    - 214
    - 215
    - 216
    - 217
    - 218
    - 219
    - 220
    - 221
  - name: layup_1
    labels:
    - 13
    - 14
    - 15
    - 16
    - 17
    - 18
    - 19
    - 20
    - 21
    - 22
    - 23
    - 24
    - 25
    - 26
    - 27
    - 28
    - 29
    - 30
    - 31
    - 32
    - 33
    - 34
    - 35
    - 36
    - 37
    - 38
    - 39
    - 40
    - 41
    - 42
    - 43
    - 44
    - 45
    - 46
    - 47
    - 48
    - 49
    - 50
    - 51
    - 52
    - 53
    - 54
    - 55
    - 56
    - 57
    - 58
    - 59
    - 60
    - 61
    - 62
    - 63
    - 77
    - 78
    - 79
    - 80
    - 81
    - 82
    - 83
    - 84
    - 85
    - 86
    - 87
    - 88
    - 89
    - 90
    - 91
    - 92
    - 93
    - 94
    - 95
    - 96
    - 97
    - 98
    - 99
    - 100
    - 101
    - 102
    - 103
    - 104
    - 105
    - 114
    - 115
    - 116
    - 117
    - 118
    - 119
    - 120
    - 121
    - 122
    - 123
    - 124
    - 125
    - 126
    - 127
    - 128
    - 129
    - 130
    - 131
    - 132
    - 133
    - 134
    - 135
    - 136
    - 137
    - 152
    - 153
    - 154
    - 155
    - 156
    - 157
    - 158
    - 159
    - 160
    - 161
    - 162
    - 163
    - 164
    - 165
    - 166
    - 167
    - 168
    - 169
    - 170
    - 171
    - 172
    - 173
    - 174
    - 175
    - 176
    - 177
    - 178
    - 179
    - 180
    - 181
    - 182
    - 183
    - 184
    - 185
    - 186
    - 187
    - 188
    - 189
    - 190
    - 191
    - 192
    - 193
    - 194
    - 195
    - 196
    - 197
    - 198
    - 199
    - 200
    - 201
    - 202
    - 203
    - 204
    - 205
    - 206
    - 207
    - 208
  - name: layup_2
    labels:
    - 64
    - 65
    - 66
    - 67
    - 68
    - 69
    - 70
    - 71
    - 72
    - 73
    - 74
    - 75
    - 76
  - name: layup_3
    labels:
    - 106
    - 107
    - 108
    - 109
    - 110
    - 111
    - 112
    - 113
  - name: layup_4
    labels:
    - 138
    - 139
    - 140
    - 141
    - 142
    - 143
    - 144
    - 145
    - 146
    - 147
    - 148
    - 149
    - 150
    - 151
  - name: layup_5
    labels:
    - 222
    - 223
    - 224
    - 225
    - 226
    - 227
    - 228
    - 229
    - 230
    - 231
    - 232
    - 233
    - 234
    - 235
    - 236
    - 237
    - 238
    - 239
    - 240
    - 241
    - 242
    - 243
    - 244
    - 245
    - 246
    - 247
    - 248
    - 249
    - 250
    - 251
    - 252
    - 253
    - 254
    - 255
    - 256
    - 257
    - 258
    - 259
    - 260
    - 261
    - 262
    - 263
    - 264
    - 265
    - 266
    - 267
    - 268
    - 269
    - 270
    - 271
    - 272
    - 273
    - 274
    - 275
    - 276
    - 277
    - 278
    - 279
    - 280
    - 281
    - 282
    - 283
    - 284
    - 285
    - 286
    - 287
    - 288
    - 289
    - 290
    - 291
    - 292
    - 293
    - 294
    - 295
    - 296
    - 297
    - 298
    - 299
    - 300
    - 301
    - 302
    - 303
    - 304
    - 305
    - 306
    - 307
    - 308
    - 309
    - 310
sections:
- type: shell
  elementSet: layup_0
  layup:
  - - gelcoat
    - 0.0005
    - 0.0
  - - glass_triax
    - 0.00300294
    - 0.0
  - - glass_uniax
    - 0.02609467
    - 0.0
  - - glass_triax
    - 0.00300294
    - 0.0
- type: shell
  elementSet: layup_1
  layup:
  - - gelcoat
    - 0.0005
    - 0.0
  - - glass_triax
    - 0.00300294
    - 0.0
  - - medium_density_foam
    - 0.07060815
    - 0.0
  - - glass_triax
    - 0.00300294
    - 0.0
- type: shell
  elementSet: layup_2
  layup:
  - - gelcoat
    - 0.0005
    - 0.0
  - - glass_triax
    - 0.00300294
    - 0.0
  - - carbon_uniax
    - 0.08105991
    - 0.0
  - - glass_triax
    - 0.00300294
    - 0.0
- type: shell
  elementSet: layup_3
  layup:
  - - gelcoat
    - 0.0005
    - 0.0
  - - glass_triax
    - 0.00300294
    - 0.0
  - - glass_uniax
    - 0.02158284
    - 0.0
  - - glass_triax
    - 0.00300294
    - 0.0
- type: shell
  elementSet: layup_4
  layup:
  - - gelcoat
    - 0.0005
    - 0.0
  - - glass_triax
    - 0.00300294
    - 0.0
  - - carbon_uniax
    - 0.07707452
    - 0.0
  - - glass_triax
    - 0.00300294
    - 0.0
- type: shell
  elementSet: layup_5
  layup:
  - - glass_biax
    - 0.002
    - 0.0
  - - medium_density_foam
    - 0.042
    - 0.0
  - - glass_biax
    - 0.002
    - 0.0
elementOrientations:
- [0.0, 0.0, 1.0, -0.9721541292349604, 0.2343423756204075, 0.0, -0.2343423756204075,
  -0.9721541292349604, 0.0]
- [0.0, 0.0, 1.0, -0.959788925022821, 0.2807226734760443, 0.0, -0.2807226734760443,
  -0.959788925022821, 0.0]
- [0.0, 0.0, 1.0, -0.9609505787951242, 0.2767200482677681, 0.0, -0.2767200482677681,
  -0.9609505787951242, 0.0]
- [0.0, 0.0, 1.0, -0.9616488621851234, 0.27428355010473693, 0.0, -0.27428355010473693,
  -0.9616488621851234, 0.0]
- [0.0, 0.0, 1.0, -0.9624938233734127, 0.27130359372487056, 0.0, -0.27130359372487056,
  -0.9624938233734127, 0.0]
- [0.0, 0.0, 1.0, -0.9626589175725304, 0.27071721115969727, 0.0, -0.27071721115969727,
  -0.9626589175725304, 0.0]
- [0.0, 0.0, 1.0, -0.9630008397905985, 0.2694983906493732, 0.0, -0.2694983906493732,
  -0.9630008397905985, 0.0]
- [0.0, 0.0, 1.0, -0.9629020893122561, 0.26985100777668414, 0.0, -0.26985100777668414,
  -0.9629020893122561, 0.0]
- [0.0, 0.0, 1.0, -0.9623678111992098, 0.2717502455705273, 0.0, -0.2717502455705273,
  -0.9623678111992098, 0.0]
- [0.0, 0.0, 1.0, -0.96228432700243, 0.27204572043221087, 0.0, -0.27204572043221087,
  -0.96228432700243, 0.0]
- [0.0, 0.0, 1.0, -0.9619962223534102, 0.27306275501753857, 0.0, -0.27306275501753857,
  -0.9619962223534102, 0.0]
- [0.0, 0.0, 1.0, -0.9916868256869048, 0.12867493834865645, 0.0, -0.12867493834865645,
  -0.9916868256869048, 0.0]
- [0.0, 0.0, 1.0, -0.9919255389814094, 0.1268216271636673, 0.0, -0.1268216271636673,
  -0.9919255389814094, 0.0]
- [0.0, 0.0, 1.0, -0.9615466308721399, 0.2746417241761289, 0.0, -0.2746417241761289,
  -0.9615466308721399, 0.0]
- [0.0, 0.0, 1.0, -0.9614863385467993, 0.2748527256329648, 0.0, -0.2748527256329648,
  -0.9614863385467993, 0.0]
- [0.0, 0.0, 1.0, -0.9614754773336183, 0.27489071735162485, 0.0, -0.27489071735162485,
  -0.9614754773336183, 0.0]
- [0.0, 0.0, 1.0, -0.9613555234511023, 0.2753099299517858, 0.0, -0.2753099299517858,
  -0.9613555234511023, 0.0]
- [0.0, 0.0, 1.0, -0.9613453116099143, 0.2753455862105597, 0.0, -0.2753455862105597,
  -0.9613453116099143, 0.0]
- [0.0, 0.0, 1.0, -0.9613337226268165, 0.2753860449268754, 0.0, -0.2753860449268754,
  -0.9613337226268165, 0.0]
- [0.0, 0.0, 1.0, -0.9614532549190195, 0.2749684320165189, 0.0, -0.2749684320165189,
  -0.9614532549190195, 0.0]
- [0.0, 0.0, 1.0, -0.9614857462402163, 0.27485479762393494, 0.0, -0.27485479762393494,
  -0.9614857462402163, 0.0]
- [0.0, 0.0, 1.0, -0.9614871082763942, 0.2748500329603355, 0.0, -0.2748500329603355,
  -0.9614871082763942, 0.0]
- [0.0, 0.0, 1.0, -0.9617558220754002, 0.2739082669509471, 0.0, -0.2739082669509471,
  -0.9617558220754002, 0.0]
- [0.0, 0.0, 1.0, -0.961858485288506, 0.27354753568347295, 0.0, -0.27354753568347295,
  -0.961858485288506, 0.0]
- [0.0, 0.0, 1.0, -0.9618697160899485, 0.27350804242113597, 0.0, -0.27350804242113597,
  -0.9618697160899485, 0.0]
- [0.0, 0.0, 1.0, -0.9621381487453806, 0.2725622547764304, 0.0, -0.2725622547764304,
  -0.9621381487453806, 0.0]
- [0.0, 0.0, 1.0, -0.9624816911637716, 0.27134663103588785, 0.0, -0.27134663103588785,
  -0.9624816911637716, 0.0]
- [0.0, 0.0, 1.0, -0.9624856501479546, 0.271332587905082, 0.0, -0.271332587905082,
  -0.9624856501479546, 0.0]
- [0.0, 0.0, 1.0, -0.962596313156225, 0.27093973111753633, 0.0, -0.27093973111753633,
  -0.962596313156225, 0.0]
- [0.0, 0.0, 1.0, -0.9633702568988123, 0.2681748461782286, 0.0, -0.2681748461782286,
  -0.9633702568988123, 0.0]
- [0.0, 0.0, 1.0, -0.9634436450518588, 0.2679110725766819, 0.0, -0.2679110725766819,
  -0.9634436450518588, 0.0]
- [0.0, 0.0, 1.0, -0.9634665704681435, 0.267828616078181, 0.0, -0.267828616078181,
  -0.9634665704681435, 0.0]
- [0.0, 0.0, 1.0, -0.9640982587490786, 0.2655457540180124, 0.0, -0.2655457540180124,
  -0.9640982587490786, 0.0]
- [0.0, 0.0, 1.0, -0.9646075852156657, 0.26368960264751107, 0.0, -0.26368960264751107,
  -0.9646075852156657, 0.0]
- [0.0, 0.0, 1.0, -0.9646312150499474, 0.26360314670212504, 0.0, -0.26360314670212504,
  -0.9646312150499474, 0.0]
- [0.0, 0.0, 1.0, -0.9646720872222253, 0.2634535331596737, 0.0, -0.2634535331596737,
  -0.9646720872222253, 0.0]
- [0.0, 0.0, 1.0, -0.9661181605235556, 0.25810017416999437, 0.0, -0.25810017416999437,
  -0.9661181605235556, 0.0]
- [0.0, 0.0, 1.0, -0.9661736417700606, 0.25789240769898375, 0.0, -0.25789240769898375,
  -0.9661736417700606, 0.0]
- [0.0, 0.0, 1.0, -0.966197032237804, 0.2578047611950947, 0.0, -0.2578047611950947,
  -0.966197032237804, 0.0]
- [0.0, 0.0, 1.0, -0.9668779473403931, 0.25523917204619734, 0.0, -0.25523917204619734,
  -0.9668779473403931, 0.0]
- [0.0, 0.0, 1.0, -0.9681887566303554, 0.25022096541770145, 0.0, -0.25022096541770145,
  -0.9681887566303554, 0.0]
- [0.0, 0.0, 1.0, -0.9682123225765271, 0.2501297631449864, 0.0, -0.2501297631449864,
  -0.9682123225765271, 0.0]
- [0.0, 0.0, 1.0, -0.9682623683074177, 0.24993596403821236, 0.0, -0.24993596403821236,
  -0.9682623683074177, 0.0]
- [0.0, 0.0, 1.0, -0.9697828435674194, 0.24396974468628277, 0.0, -0.24396974468628277,
  -0.9697828435674194, 0.0]
- [0.0, 0.0, 1.0, -0.9706963965159807, 0.24030918790360484, 0.0, -0.24030918790360484,
  -0.9706963965159807, 0.0]
- [0.0, 0.0, 1.0, -0.9707547199987272, 0.24007347541990656, 0.0, -0.24007347541990656,
  -0.9707547199987272, 0.0]
- [0.0, 0.0, 1.0, -0.9708335281373245, 0.2397545841989984, 0.0, -0.2397545841989984,
  -0.9708335281373245, 0.0]
- [0.0, 0.0, 1.0, -0.9734168058429565, 0.22904087430521144, 0.0, -0.22904087430521144,
  -0.9734168058429565, 0.0]
- [0.0, 0.0, 1.0, -0.9737791624151089, 0.22749536884545327, 0.0, -0.22749536884545327,
  -0.9737791624151089, 0.0]
- [0.0, 0.0, 1.0, -0.973816220166847, 0.22733668718434985, 0.0, -0.22733668718434985,
  -0.973816220166847, 0.0]
- [0.0, 0.0, 1.0, -0.9745931643450331, 0.2239825082722651, 0.0, -0.2239825082722651,
  -0.9745931643450331, 0.0]
- [0.0, 0.0, 1.0, -0.9774318994166363, 0.21125075621825953, 0.0, -0.21125075621825953,
  -0.9774318994166363, 0.0]
- [0.0, 0.0, 1.0, -0.9774819066750219, 0.2110192458591483, 0.0, -0.2110192458591483,
  -0.9774819066750219, 0.0]
- [0.0, 0.0, 1.0, -0.9775492899246171, 0.21070687166743496, 0.0, -0.21070687166743496,
  -0.9775492899246171, 0.0]
- [0.0, 0.0, 1.0, -0.9796822463326139, 0.20055596780121904, 0.0, -0.20055596780121904,
  -0.9796822463326139, 0.0]
- [0.0, 0.0, 1.0, -0.981636613190572, 0.19076047715327, 0.0, -0.19076047715327, -0.981636613190572,
  0.0]
- [0.0, 0.0, 1.0, -0.9817141217025076, 0.19036119155404, 0.0, -0.19036119155404, -0.9817141217025076,
  0.0]
- [0.0, 0.0, 1.0, -0.9820408469638725, 0.18866842580166945, 0.0, -0.18866842580166945,
  -0.9820408469638725, 0.0]
- [0.0, 0.0, 1.0, -0.9853736356327744, 0.1704077410209069, 0.0, -0.1704077410209069,
  -0.9853736356327744, 0.0]
- [0.0, 0.0, 1.0, -0.9861870492835004, 0.1656354546149547, 0.0, -0.1656354546149547,
  -0.9861870492835004, 0.0]
- [0.0, 0.0, 1.0, -0.9862602039544024, 0.16519930416264073, 0.0, -0.16519930416264073,
  -0.9862602039544024, 0.0]
- [0.0, 0.0, 1.0, -0.9878436196348919, 0.15545090268838868, 0.0, -0.15545090268838868,
  -0.9878436196348919, 0.0]
- [0.0, 0.0, 1.0, -0.9949153797015027, 0.10071438444142246, 0.0, -0.10071438444142246,
  -0.9949153797015027, 0.0]
- [0.0, 0.0, 1.0, -0.994064214689249, 0.108794931289314, 0.0, -0.108794931289314,
  -0.994064214689249, 0.0]
- [0.0, 0.0, 1.0, -0.9917938972327959, 0.12784703912012393, 0.0, -0.12784703912012393,
  -0.9917938972327959, 0.0]
- [0.0, 0.0, 1.0, -0.9946644024820231, 0.10316359064650553, 0.0, -0.10316359064650553,
  -0.9946644024820231, 0.0]
- [0.0, 0.0, 1.0, -0.9949055021622709, 0.10081191282402924, 0.0, -0.10081191282402924,
  -0.9949055021622709, 0.0]
- [0.0, 0.0, 1.0, -0.9951135820261298, 0.09873681616866506, 0.0, -0.09873681616866506,
  -0.9951135820261298, 0.0]
- [0.0, 0.0, 1.0, -0.9973771417561342, 0.07237981142807921, 0.0, -0.07237981142807921,
  -0.9973771417561342, 0.0]
- [0.0, 0.0, 1.0, -0.9981790982266333, 0.060319879504729994, 0.0, -0.060319879504729994,
  -0.9981790982266333, 0.0]
- [0.0, 0.0, 1.0, -0.9982238716414453, 0.05957434082860667, 0.0, -0.05957434082860667,
  -0.9982238716414453, 0.0]
- [0.0, 0.0, 1.0, -0.9992115114309198, 0.0397033427300147, 0.0, -0.0397033427300147,
  -0.9992115114309198, 0.0]
- [0.0, 0.0, 1.0, -0.9998930980486528, 0.014621644048027231, 0.0, -0.014621644048027231,
  -0.9998930980486528, 0.0]
- [0.0, 0.0, 1.0, -0.9999052956453142, 0.01376225782555178, 0.0, -0.01376225782555178,
  -0.9999052956453142, 0.0]
- [0.0, 0.0, 1.0, -0.9999976276227337, -0.002178244454726468, 0.0, 0.002178244454726468,
  -0.9999976276227337, 0.0]
- [0.0, 0.0, 1.0, -0.9999523966773994, -0.009757273139807055, 0.0, 0.009757273139807055,
  -0.9999523966773994, 0.0]
- [0.0, 0.0, 1.0, -0.9999933632392478, -0.003643278394203606, 0.0, 0.003643278394203606,
  -0.9999933632392478, 0.0]
- [0.0, 0.0, 1.0, -0.9974414419859504, -0.07148824944693921, 0.0, 0.07148824944693921,
  -0.9974414419859504, 0.0]
- [0.0, 0.0, 1.0, -0.995044736739288, -0.09942822480282582, 0.0, 0.09942822480282582,
  -0.995044736739288, 0.0]
- [0.0, 0.0, 1.0, -0.9949296372186016, -0.10057344074884696, 0.0, 0.10057344074884696,
  -0.9949296372186016, 0.0]
- [0.0, 0.0, 1.0, -0.9897448982524621, -0.14284619835061566, 0.0, 0.14284619835061566,
  -0.9897448982524621, 0.0]
- [0.0, 0.0, 1.0, -0.9855144487926734, -0.16959148333826557, 0.0, 0.16959148333826557,
  -0.9855144487926734, 0.0]
- [0.0, 0.0, 1.0, -0.9852895879714757, -0.17089303038743164, 0.0, 0.17089303038743164,
  -0.9852895879714757, 0.0]
- [0.0, 0.0, 1.0, -0.9724242588404403, -0.23321891179452053, 0.0, 0.23321891179452053,
  -0.9724242588404403, 0.0]
- [0.0, 0.0, 1.0, -0.9690476803446363, -0.24687363816065816, 0.0, 0.24687363816065816,
  -0.9690476803446363, 0.0]
- [0.0, 0.0, 1.0, -0.965180814763583, -0.26158362871614543, 0.0, 0.26158362871614543,
  -0.965180814763583, 0.0]
- [0.0, 0.0, 1.0, -0.9447697747325522, -0.3277347597552064, 0.0, 0.3277347597552064,
  -0.9447697747325522, 0.0]
- [0.0, 0.0, 1.0, -0.9442362357745298, -0.3292687823805144, 0.0, 0.3292687823805144,
  -0.9442362357745298, 0.0]
- [0.0, 0.0, 1.0, -0.9244294312053755, -0.3813531522372745, 0.0, 0.3813531522372745,
  -0.9244294312053755, 0.0]
- [0.0, 0.0, 1.0, -0.9112683085034384, -0.4118131492768077, 0.0, 0.4118131492768077,
  -0.9112683085034384, 0.0]
- [0.0, 0.0, 1.0, -0.9020741809617125, -0.43158101445992214, 0.0, 0.43158101445992214,
  -0.9020741809617125, 0.0]
- [0.0, 0.0, 1.0, -0.8661957587084548, -0.4997048204645262, 0.0, 0.4997048204645262,
  -0.8661957587084548, 0.0]
- [0.0, 0.0, 1.0, -0.8651217208508141, -0.5015619683669469, 0.0, 0.5015619683669469,
  -0.8651217208508141, 0.0]
- [0.0, 0.0, 1.0, -0.8148278075361737, -0.5797030654272862, 0.0, 0.5797030654272862,
  -0.8148278075361737, 0.0]
- [0.0, 0.0, 1.0, -0.8075427606770774, -0.5898090281421982, 0.0, 0.5898090281421982,
  -0.8075427606770774, 0.0]
- [0.0, 0.0, 1.0, -0.7604879371374932, -0.6493520597244303, 0.0, 0.6493520597244303,
  -0.7604879371374932, 0.0]
- [0.0, 0.0, 1.0, -0.7354126097731529, -0.6776195786624235, 0.0, 0.6776195786624235,
  -0.7354126097731529, 0.0]
- [0.0, 0.0, 1.0, -0.6924992171445086, -0.7214186262179836, 0.0, 0.7214186262179836,
  -0.6924992171445086, 0.0]
- [0.0, 0.0, 1.0, -0.6516941072601304, -0.7584818986386042, 0.0, 0.7584818986386042,
  -0.6516941072601304, 0.0]
- [0.0, 0.0, 1.0, -0.6088456391839113, -0.7932887164499031, 0.0, 0.7932887164499031,
  -0.6088456391839113, 0.0]
- [0.0, 0.0, 1.0, -0.5552962645232676, -0.8316526069258157, 0.0, 0.8316526069258157,
  -0.5552962645232676, 0.0]
- [0.0, 0.0, 1.0, -0.5077288185085538, -0.8615169451937136, 0.0, 0.8615169451937136,
  -0.5077288185085538, 0.0]
- [0.0, 0.0, 1.0, -0.4490657148666175, -0.8934987318017491, 0.0, 0.8934987318017491,
  -0.4490657148666175, 0.0]
- [0.0, 0.0, 1.0, -0.3908199574226238, -0.920467142748821, 0.0, 0.920467142748821,
  -0.3908199574226238, 0.0]
- [0.0, 0.0, 1.0, -0.48974063997986633, -0.8718681698239197, 0.0, 0.8718681698239197,
  -0.48974063997986633, 0.0]
- [0.0, 0.0, 1.0, -0.38813322611022666, -0.9216032762470344, 0.0, 0.9216032762470344,
  -0.38813322611022666, 0.0]
- [0.0, 0.0, 1.0, -0.16026130658015986, -0.987074624135997, 0.0, 0.987074624135997,
  -0.16026130658015986, 0.0]
- [0.0, 0.0, 1.0, -0.14486344632769846, -0.9894516571910232, 0.0, 0.9894516571910232,
  -0.14486344632769846, 0.0]
- [0.0, 0.0, 1.0, -0.07553406875864552, -0.9971432216370748, 0.0, 0.9971432216370748,
  -0.07553406875864552, 0.0]
- [0.0, 0.0, 1.0, 0.0536100664313192, -0.9985619463895214, 0.0, 0.9985619463895214,
  0.0536100664313192, 0.0]
- [0.0, 0.0, 1.0, 0.08847251737630196, -0.9960786182170059, 0.0, 0.9960786182170059,
  0.08847251737630196, 0.0]
- [0.0, 0.0, 1.0, 0.16870228178545377, -0.9856670533807962, 0.0, 0.9856670533807962,
  0.16870228178545377, 0.0]
- [0.0, 0.0, 1.0, 0.3581745480315368, -0.9336546434000124, 0.0, 0.9336546434000124,
  0.3581745480315368, 0.0]
- [0.0, 0.0, 1.0, 0.49574978771852724, -0.868465398261229, 0.0, 0.868465398261229,
  0.49574978771852724, 0.0]
- [0.0, 0.0, 1.0, 0.3814662093124963, -0.9243827838902857, 0.0, 0.9243827838902857,
  0.3814662093124963, 0.0]
- [0.0, 0.0, 1.0, 0.4627354779217944, -0.8864964057865596, 0.0, 0.8864964057865596,
  0.4627354779217944, 0.0]
- [0.0, 0.0, 1.0, 0.5042269017353069, -0.8635712081620212, 0.0, 0.8635712081620212,
  0.5042269017353069, 0.0]
- [0.0, 0.0, 1.0, 0.5807356651095544, -0.8140921859775855, 0.0, 0.8140921859775855,
  0.5807356651095544, 0.0]
- [0.0, 0.0, 1.0, 0.6205057787768775, -0.7842018735660485, 0.0, 0.7842018735660485,
  0.6205057787768775, 0.0]
- [0.0, 0.0, 1.0, 0.6793358408819107, -0.7338275105862873, 0.0, 0.7338275105862873,
  0.6793358408819107, 0.0]
- [0.0, 0.0, 1.0, 0.7104360094280986, -0.703761803814244, 0.0, 0.703761803814244,
  0.7104360094280986, 0.0]
- [0.0, 0.0, 1.0, 0.7574288631038604, -0.652917695683915, 0.0, 0.652917695683915,
  0.7574288631038604, 0.0]
- [0.0, 0.0, 1.0, 0.7768899227325482, -0.6296364410964594, 0.0, 0.6296364410964594,
  0.7768899227325482, 0.0]
- [0.0, 0.0, 1.0, 0.8229657462082994, -0.5680909967318762, 0.0, 0.5680909967318762,
  0.8229657462082994, 0.0]
- [0.0, 0.0, 1.0, 0.8331340729891898, -0.5530710771903039, 0.0, 0.5530710771903039,
  0.8331340729891898, 0.0]
- [0.0, 0.0, 1.0, 0.8699594392850106, -0.49312328478678613, 0.0, 0.49312328478678613,
  0.8699594392850106, 0.0]
- [0.0, 0.0, 1.0, 0.8770463540243275, -0.48040575859645346, 0.0, 0.48040575859645346,
  0.8770463540243275, 0.0]
- [0.0, 0.0, 1.0, 0.903234367358021, -0.4291476175203069, 0.0, 0.4291476175203069,
  0.903234367358021, 0.0]
- [0.0, 0.0, 1.0, 0.9134539494083646, -0.40694211174350176, 0.0, 0.40694211174350176,
  0.9134539494083646, 0.0]
- [0.0, 0.0, 1.0, 0.9240431510057053, -0.38228818328513287, 0.0, 0.38228818328513287,
  0.9240431510057053, 0.0]
- [0.0, 0.0, 1.0, 0.9417971474159629, -0.33618169658557406, 0.0, 0.33618169658557406,
  0.9417971474159629, 0.0]
- [0.0, 0.0, 1.0, 0.9434582071441642, -0.3314914951734349, 0.0, 0.3314914951734349,
  0.9434582071441642, 0.0]
- [0.0, 0.0, 1.0, 0.9585961151212792, -0.2847691838566654, 0.0, 0.2847691838566654,
  0.9585961151212792, 0.0]
- [0.0, 0.0, 1.0, 0.9642444430233574, -0.26501444130193214, 0.0, 0.26501444130193214,
  0.9642444430233574, 0.0]
- [0.0, 0.0, 1.0, 0.967524213725746, -0.25277835321557324, 0.0, 0.25277835321557324,
  0.967524213725746, 0.0]
- [0.0, 0.0, 1.0, 0.9783299356478243, -0.20705201524091515, 0.0, 0.20705201524091515,
  0.9783299356478243, 0.0]
- [0.0, 0.0, 1.0, 0.9841915697052454, -0.17710718257915195, 0.0, 0.17710718257915195,
  0.9841915697052454, 0.0]
- [0.0, 0.0, 1.0, 0.9874789157239867, -0.15775104120283798, 0.0, 0.15775104120283798,
  0.9874789157239867, 0.0]
- [0.0, 0.0, 1.0, 0.9896171048228167, -0.14372886224452744, 0.0, 0.14372886224452744,
  0.9896171048228167, 0.0]
- [0.0, 0.0, 1.0, 0.9907474390318367, -0.13571850298267032, 0.0, 0.13571850298267032,
  0.9907474390318367, 0.0]
- [0.0, 0.0, 1.0, 0.9918700683418491, -0.12725473479417299, 0.0, 0.12725473479417299,
  0.9918700683418491, 0.0]
- [0.0, 0.0, 1.0, 0.997251834310673, -0.0740862940360616, 0.0, 0.0740862940360616,
  0.997251834310673, 0.0]
- [0.0, 0.0, 1.0, 0.9973412303269389, -0.07287297365929225, 0.0, 0.07287297365929225,
  0.9973412303269389, 0.0]
- [0.0, 0.0, 1.0, 0.9980444331345013, -0.06250847533920353, 0.0, 0.06250847533920353,
  0.9980444331345013, 0.0]
- [0.0, 0.0, 1.0, 0.9998386252993038, -0.01796450276512856, 0.0, 0.01796450276512856,
  0.9998386252993038, 0.0]
- [0.0, 0.0, 1.0, 0.9999312674407642, -0.01172435048550375, 0.0, 0.01172435048550375,
  0.9999312674407642, 0.0]
- [0.0, 0.0, 1.0, 0.9999476536023969, -0.010231815824214197, 0.0, 0.010231815824214197,
  0.9999476536023969, 0.0]
- [0.0, 0.0, 1.0, 0.9991834344634845, 0.04040376583631435, 0.0, -0.04040376583631435,
  0.9991834344634845, 0.0]
- [0.0, 0.0, 1.0, 0.9988827634186976, 0.04725700948034955, 0.0, -0.04725700948034955,
  0.9988827634186976, 0.0]
- [0.0, 0.0, 1.0, 0.9988252679346152, 0.04845703390989007, 0.0, -0.04845703390989007,
  0.9988252679346152, 0.0]
- [0.0, 0.0, 1.0, 0.9987598978477722, 0.04978620743848377, 0.0, -0.04978620743848377,
  0.9987598978477722, 0.0]
- [0.0, 0.0, 1.0, 0.9967058096654887, 0.08110196655483988, 0.0, -0.08110196655483988,
  0.9967058096654887, 0.0]
- [0.0, 0.0, 1.0, 0.9945497429675316, 0.10426317069424257, 0.0, -0.10426317069424257,
  0.9945497429675316, 0.0]
- [0.0, 0.0, 1.0, 0.9939893225605413, 0.10947705986021158, 0.0, -0.10947705986021158,
  0.9939893225605413, 0.0]
- [0.0, 0.0, 1.0, 0.9877130835573016, 0.1562781640848367, 0.0, -0.1562781640848367,
  0.9877130835573016, 0.0]
- [0.0, 0.0, 1.0, 0.9874579881390256, 0.15788198649759833, 0.0, -0.15788198649759833,
  0.9874579881390256, 0.0]
- [0.0, 0.0, 1.0, 0.9873211586704891, 0.15873540764921654, 0.0, -0.15873540764921654,
  0.9873211586704891, 0.0]
- [0.0, 0.0, 1.0, 0.9818659903371987, 0.1895763092244175, 0.0, -0.1895763092244175,
  0.9818659903371987, 0.0]
- [0.0, 0.0, 1.0, 0.9777772533334775, 0.20964647114521254, 0.0, -0.20964647114521254,
  0.9777772533334775, 0.0]
- [0.0, 0.0, 1.0, 0.9776019102793276, 0.21046259767048742, 0.0, -0.21046259767048742,
  0.9776019102793276, 0.0]
- [0.0, 0.0, 1.0, 0.9765545359222463, 0.21527015206406597, 0.0, -0.21527015206406597,
  0.9765545359222463, 0.0]
- [0.0, 0.0, 1.0, 0.9663770631975371, 0.25712909544760426, 0.0, -0.25712909544760426,
  0.9663770631975371, 0.0]
- [0.0, 0.0, 1.0, 0.9656662073619722, 0.25978601956060804, 0.0, -0.25978601956060804,
  0.9656662073619722, 0.0]
- [0.0, 0.0, 1.0, 0.9654676013497374, 0.26052314819221806, 0.0, -0.26052314819221806,
  0.9654676013497374, 0.0]
- [0.0, 0.0, 1.0, 0.9611285443750155, 0.27610128791362737, 0.0, -0.27610128791362737,
  0.9611285443750155, 0.0]
- [0.0, 0.0, 1.0, 0.9538863728968938, 0.30016793233389877, 0.0, -0.30016793233389877,
  0.9538863728968938, 0.0]
- [0.0, 0.0, 1.0, 0.9536976017107136, 0.3007671599281298, 0.0, -0.3007671599281298,
  0.9536976017107136, 0.0]
- [0.0, 0.0, 1.0, 0.9534943682675718, 0.30141083205821284, 0.0, -0.30141083205821284,
  0.9534943682675718, 0.0]
- [0.0, 0.0, 1.0, 0.9465913928542498, 0.32243562919480767, 0.0, -0.32243562919480767,
  0.9465913928542498, 0.0]
- [0.0, 0.0, 1.0, 0.9427079868170608, 0.3336190216269515, 0.0, -0.3336190216269515,
  0.9427079868170608, 0.0]
- [0.0, 0.0, 1.0, 0.9425261659099426, 0.3341323488905302, 0.0, -0.3341323488905302,
  0.9425261659099426, 0.0]
- [0.0, 0.0, 1.0, 0.9423709228965609, 0.3345699383971668, 0.0, -0.3345699383971668,
  0.9423709228965609, 0.0]
- [0.0, 0.0, 1.0, 0.9340037662023852, 0.3572631589175689, 0.0, -0.3572631589175689,
  0.9340037662023852, 0.0]
- [0.0, 0.0, 1.0, 0.9325341932656668, 0.3610816782811779, 0.0, -0.3610816782811779,
  0.9325341932656668, 0.0]
- [0.0, 0.0, 1.0, 0.9323953459212584, 0.36144006267205203, 0.0, -0.36144006267205203,
  0.9323953459212584, 0.0]
- [0.0, 0.0, 1.0, 0.9315518689654952, 0.3636084644599088, 0.0, -0.3636084644599088,
  0.9315518689654952, 0.0]
- [0.0, 0.0, 1.0, 0.9252488218541095, 0.37936080142468903, 0.0, -0.37936080142468903,
  0.9252488218541095, 0.0]
- [0.0, 0.0, 1.0, 0.9247098209110024, 0.3806727559344662, 0.0, -0.3806727559344662,
  0.9247098209110024, 0.0]
- [0.0, 0.0, 1.0, 0.9246394077974073, 0.3808437547709822, 0.0, -0.3808437547709822,
  0.9246394077974073, 0.0]
- [0.0, 0.0, 1.0, 0.9235586688582949, 0.3834571490749577, 0.0, -0.3834571490749577,
