nodes:
- [1.61487206 0.00331683 0.00000000]
- [1.59418628 0.00598972 0.00000000]
- [1.57039418 0.01046085 0.00000000]
- [1.54659318 0.01492405 0.00000000]
- [1.52279410 0.01942199 0.00000000]
- [1.49899862 0.02395193 0.00000000]
- [1.47521306 0.02853764 0.00000000]
- [1.45143733 0.03316114 0.00000000]
- [1.42766546 0.03781864 0.00000000]
- [1.40390726 0.04253845 0.00000000]
- [1.38015433 0.04727959 0.00000000]
- [1.35641139 0.05207421 0.00000000]
- [1.33267607 0.05689681 0.00000000]
- [1.30894661 0.06175567 0.00000000]
- [1.28522601 0.06665624 0.00000000]
- [1.26151558 0.07158969 0.00000000]
- [1.23780669 0.07653577 0.00000000]
- [1.21410659 0.08152496 0.00000000]
- [1.19041154 0.08652820 0.00000000]
- [1.16671844 0.09155702 0.00000000]
- [1.14303563 0.09663040 0.00000000]
- [1.11901656 0.10013092 0.00000000]
- [1.09574437 0.10349234 0.00000000]
- [1.07281965 0.10846466 0.00000000]
- [1.04990138 0.11345530 0.00000000]
- [1.02698631 0.11845333 0.00000000]
- [1.00407425 0.12346170 0.00000000]
- [0.98116398 0.12847366 0.00000000]
- [0.95825672 0.13349042 0.00000000]
- [0.93535234 0.13849987 0.00000000]
- [0.91244303 0.14349127 0.00000000]
- [0.88966118 0.14845368 0.00000000]
- [0.86688438 0.15340994 0.00000000]
- [0.84410436 0.15833099 0.00000000]
- [0.82131241 0.16322556 0.00000000]
- [0.79852045 0.16811812 0.00000000]
- [0.77573416 0.17297806 0.00000000]
- [0.75293269 0.17777050 0.00000000]
- [0.73011498 0.18253978 0.00000000]
- [0.70730501 0.18729866 0.00000000]
- [0.68449448 0.19197726 0.00000000]
- [0.66165922 0.19656508 0.00000000]
- [0.63880090 0.20111124 0.00000000]
- [0.61595739 0.20563893 0.00000000]
- [0.59309864 0.21002293 0.00000000]
- [0.57020593 0.21432885 0.00000000]
- [0.54729653 0.21859506 0.00000000]
- [0.52440633 0.22282359 0.00000000]
- [0.50149052 0.22687187 0.00000000]
- [0.47853581 0.23085506 0.00000000]
- [0.45558006 0.23480328 0.00000000]
- [0.43263778 0.23865005 0.00000000]
- [0.40966029 0.24230166 0.00000000]
- [0.38617521 0.24287849 0.00000000]
- [0.36264192 0.24343389 0.00000000]
- [0.33959659 0.24679828 0.00000000]
- [0.31649630 0.24997568 0.00000000]
- [0.29333517 0.25306391 0.00000000]
- [0.27005505 0.25612888 0.00000000]
- [0.24677012 0.25886658 0.00000000]
- [0.22338716 0.26146169 0.00000000]
- [0.19999954 0.26399182 0.00000000]
- [0.17668868 0.26635241 0.00000000]
- [0.15333690 0.26835018 0.00000000]
- [0.12988008 0.27021637 0.00000000]
- [0.10650305 0.27201274 0.00000000]
- [0.08316031 0.27339353 0.00000000]
- [0.05970056 0.27451774 0.00000000]
- [0.03624353 0.27555938 0.00000000]
- [0.01290667 0.27631315 0.00000000]
- [-0.01048387 0.27656968 0.00000000]
- [-0.03397552 0.27667770 0.00000000]
- [-0.05733082 0.27660807 0.00000000]
- [-0.08064958 0.27595376 0.00000000]
- [-0.10410176 0.27502853 0.00000000]
- [-0.12744504 0.27397912 0.00000000]
- [-0.15068120 0.27233718 0.00000000]
- [-0.17403521 0.27032564 0.00000000]
- [-0.19730316 0.26819058 0.00000000]
- [-0.22042141 0.26546908 0.00000000]
- [-0.24363325 0.26232593 0.00000000]
- [-0.26675342 0.25905764 0.00000000]
- [-0.28968831 0.25516828 0.00000000]
- [-0.31270976 0.25084279 0.00000000]
- [-0.33558053 0.24641798 0.00000000]
- [-0.35822938 0.24119313 0.00000000]
- [-0.38097500 0.23565262 0.00000000]
- [-0.40348476 0.22986527 0.00000000]
- [-0.42580622 0.22328361 0.00000000]
- [-0.44811146 0.21648603 0.00000000]
- [-0.47012695 0.20908230 0.00000000]
- [-0.49202552 0.20119855 0.00000000]
- [-0.51404185 0.19270790 0.00000000]
- [-0.53579474 0.18346023 0.00000000]
- [-0.55733526 0.17386401 0.00000000]
- [-0.57979997 0.16611153 0.00000000]
- [-0.60349579 0.15707781 0.00000000]
- [-0.62518724 0.14433801 0.00000000]
- [-0.64637155 0.13079276 0.00000000]
- [-0.66679292 0.11634087 0.00000000]
- [-0.68732698 0.10195171 0.00000000]
- [-0.70649613 0.08669869 0.00000000]
- [-0.72285820 0.06862874 0.00000000]
- [-0.73696843 0.04899669 0.00000000]
- [-0.74746097 0.02754952 0.00000000]
- [-0.75265607 0.00471657 0.00000000]
- [-0.75012862 -0.01810616 0.00000000]
- [-0.73881595 -0.03838310 0.00000000]
- [-0.72271448 -0.05614331 0.00000000]
- [-0.70425621 -0.07203918 0.00000000]
- [-0.68338193 -0.08491973 0.00000000]
- [-0.66321855 -0.09554427 0.00000000]
- [-0.64361171 -0.10706960 0.00000000]
- [-0.62348569 -0.11778885 0.00000000]
- [-0.60311444 -0.12805906 0.00000000]
- [-0.58232074 -0.13753810 0.00000000]
- [-0.56139004 -0.14672950 0.00000000]
- [-0.54011478 -0.15513768 0.00000000]
- [-0.51873208 -0.16334131 0.00000000]
- [-0.49613534 -0.16799193 0.00000000]
- [-0.47422746 -0.17210475 0.00000000]
- [-0.45325330 -0.17864655 0.00000000]
- [-0.43057902 -0.18509358 0.00000000]
- [-0.40793624 -0.19139666 0.00000000]
- [-0.38511383 -0.19689896 0.00000000]
- [-0.36208969 -0.20222850 0.00000000]
- [-0.33914245 -0.20721568 0.00000000]
- [-0.31599754 -0.21153186 0.00000000]
- [-0.29275654 -0.21574027 0.00000000]
- [-0.26957660 -0.21947667 0.00000000]
- [-0.24619922 -0.22266302 0.00000000]
- [-0.22278941 -0.22576489 0.00000000]
- [-0.19943926 -0.22834938 0.00000000]
- [-0.17592212 -0.23047339 0.00000000]
- [-0.15237627 -0.23247488 0.00000000]
- [-0.12892124 -0.23405051 0.00000000]
- [-0.10535075 -0.23511821 0.00000000]
- [-0.08169670 -0.23604380 0.00000000]
- [-0.05819718 -0.23670126 0.00000000]
- [-0.03465314 -0.23669254 0.00000000]
- [-0.01094025 -0.23652725 0.00000000]
- [0.01258896 -0.23624565 0.00000000]
- [0.03606810 -0.23521964 0.00000000]
- [0.05973837 -0.23397035 0.00000000]
- [0.08330761 -0.23263275 0.00000000]
- [0.10673488 -0.23077823 0.00000000]
- [0.13024962 -0.22848149 0.00000000]
- [0.15380914 -0.22605666 0.00000000]
- [0.17719586 -0.22340109 0.00000000]
- [0.20051675 -0.22015462 0.00000000]
- [0.22395242 -0.21666752 0.00000000]
- [0.24731927 -0.21307143 0.00000000]
- [0.27049981 -0.20911211 0.00000000]
- [0.29368487 -0.20462418 0.00000000]
- [0.31697388 -0.20004083 0.00000000]
- [0.34007757 -0.19536227 0.00000000]
- [0.36227226 -0.19027428 0.00000000]
- [0.38457304 -0.18496938 0.00000000]
- [0.40688925 -0.17954776 0.00000000]
- [0.42905775 -0.17410556 0.00000000]
- [0.45109261 -0.16813672 0.00000000]
- [0.47406727 -0.16500788 0.00000000]
- [0.49760718 -0.16165999 0.00000000]
- [0.52027677 -0.15529868 0.00000000]
- [0.54287701 -0.14865984 0.00000000]
- [0.56550976 -0.14196138 0.00000000]
- [0.58813175 -0.13524372 0.00000000]
- [0.61071305 -0.12845999 0.00000000]
- [0.63326904 -0.12154635 0.00000000]
- [0.65584756 -0.11462473 0.00000000]
- [0.67843028 -0.10770176 0.00000000]
- [0.70102156 -0.10080052 0.00000000]
- [0.72361837 -0.09390805 0.00000000]
- [0.74622901 -0.08705146 0.00000000]
- [0.76887270 -0.08021155 0.00000000]
- [0.79157889 -0.07354768 0.00000000]
- [0.81428622 -0.06696592 0.00000000]
- [0.83701665 -0.06044541 0.00000000]
- [0.85982611 -0.05401490 0.00000000]
- [0.88272913 -0.04792252 0.00000000]
- [0.90560826 -0.04195259 0.00000000]
- [0.92820180 -0.03610858 0.00000000]
- [0.95091700 -0.03056531 0.00000000]
- [0.97366579 -0.02531980 0.00000000]
- [0.99640084 -0.02020125 0.00000000]
- [1.01924294 -0.01513161 0.00000000]
- [1.04222572 -0.01067902 0.00000000]
- [1.06513353 -0.00638189 0.00000000]
- [1.08812608 -0.00214188 0.00000000]
- [1.11150409 -0.00002936 0.00000000]
- [1.13576526 0.00186002 0.00000000]
- [1.15981157 0.00521683 0.00000000]
- [1.18394360 0.00811732 0.00000000]
- [1.20809307 0.01060965 0.00000000]
- [1.23226513 0.01291898 0.00000000]
- [1.25649330 0.01478441 0.00000000]
- [1.28072073 0.01627885 0.00000000]
- [1.30498369 0.01759243 0.00000000]
- [1.32927880 0.01830774 0.00000000]
- [1.35355221 0.01876592 0.00000000]
- [1.37786230 0.01888912 0.00000000]
- [1.40215628 0.01844244 0.00000000]
- [1.42645098 0.01778512 0.00000000]
- [1.45072467 0.01651024 0.00000000]
- [1.47496819 0.01497336 0.00000000]
- [1.49918840 0.01297471 0.00000000]
- [1.52335495 0.01061603 0.00000000]
- [1.54748464 0.00799720 0.00000000]
- [1.57156964 0.00510623 0.00000000]
- [1.59561669 0.00208516 0.00000000]
- [1.61545443 -0.00228900 0.00000000]
- [0.90646260 -0.01877211 0.00000000]
- [0.90731695 0.00440837 0.00000000]
- [0.90817130 0.02758886 0.00000000]
- [0.90902564 0.05076934 0.00000000]
- [0.90987999 0.07394982 0.00000000]
- [0.91073433 0.09713031 0.00000000]
- [0.91158868 0.12031079 0.00000000]
- [-0.45567656 -0.15490623 0.00000000]
- [-0.45809983 -0.13116591 0.00000000]
- [-0.46052309 -0.10742559 0.00000000]
- [-0.46294635 -0.08368528 0.00000000]
- [-0.46536962 -0.05994496 0.00000000]
- [-0.46779288 -0.03620464 0.00000000]
- [-0.47021614 -0.01246432 0.00000000]
- [-0.47263941 0.01127600 0.00000000]
- [-0.47506267 0.03501632 0.00000000]
- [-0.47748593 0.05875664 0.00000000]
- [-0.47990920 0.08249696 0.00000000]
- [-0.48233246 0.10623728 0.00000000]
- [-0.48475573 0.12997760 0.00000000]
- [-0.48717899 0.15371791 0.00000000]
- [-0.48960225 0.17745823 0.00000000]
- [0.33761744 -0.17176089 0.00000000]
- [0.33515732 -0.14815952 0.00000000]
- [0.33269719 -0.12455814 0.00000000]
- [0.33023706 -0.10095676 0.00000000]
- [0.32777694 -0.07735538 0.00000000]
- [0.32531681 -0.05375401 0.00000000]
- [0.32285668 -0.03015263 0.00000000]
- [0.32039656 -0.00655125 0.00000000]
- [0.31793643 0.01705013 0.00000000]
- [0.31547630 0.04065151 0.00000000]
- [0.31301618 0.06425288 0.00000000]
- [0.31055605 0.08785426 0.00000000]
- [0.30809593 0.11145564 0.00000000]
- [0.30563580 0.13505702 0.00000000]
- [0.30317567 0.15865840 0.00000000]
- [0.30071555 0.18225977 0.00000000]
- [0.29825542 0.20586115 0.00000000]
- [0.29579529 0.22946253 0.00000000]
elements:
- [1 2]
- [2 3]
- [3 4]
- [4 5]
- [5 6]
- [6 7]
- [7 8]
- [8 9]
- [9 10]
- [10 11]
- [11 12]
- [12 13]
- [13 14]
- [14 15]
- [15 16]
- [16 17]
- [17 18]
- [18 19]
- [19 20]
- [20 21]
- [21 22]
- [22 23]
- [23 24]
- [24 25]
- [25 26]
- [26 27]
- [27 28]
- [28 29]
- [29 30]
- [30 31]
- [31 32]
- [32 33]
- [33 34]
- [34 35]
- [35 36]
- [36 37]
- [37 38]
- [38 39]
- [39 40]
- [40 41]
- [41 42]
- [42 43]
- [43 44]
- [44 45]
- [45 46]
- [46 47]
- [47 48]
- [48 49]
- [49 50]
- [50 51]
- [51 52]
- [52 53]
- [53 54]
- [54 55]
- [55 56]
- [56 57]
- [57 58]
- [58 59]
- [59 60]
- [60 61]
- [61 62]
- [62 63]
- [63 64]
- [64 65]
- [65 66]
- [66 67]
- [67 68]
- [68 69]
- [69 70]
- [70 71]
- [71 72]
- [72 73]
- [73 74]
- [74 75]
- [75 76]
- [76 77]
- [77 78]
- [78 79]
- [79 80]
- [80 81]
- [81 82]
- [82 83]
- [83 84]
- [84 85]
- [85 86]
- [86 87]
- [87 88]
- [88 89]
- [89 90]
- [90 91]
- [91 92]
- [92 93]
- [93 94]
- [94 95]
- [95 96]
- [96 97]
- [97 98]
- [98 99]
- [99 100]
- [100 101]
- [101 102]
- [102 103]
- [103 104]
- [104 105]
- [105 106]
- [106 107]
- [107 108]
- [108 109]
- [109 110]
- [110 111]
- [111 112]
- [112 113]
- [113 114]
- [114 115]
- [115 116]
- [116 117]
- [117 118]
- [118 119]
- [119 120]
- [120 121]
- [121 122]
- [122 123]
- [123 124]
- [124 125]
- [125 126]
- [126 127]
- [127 128]
- [128 129]
- [129 130]
- [130 131]
- [131 132]
- [132 133]
- [133 134]
- [134 135]
- [135 136]
- [136 137]
- [137 138]
- [138 139]
- [139 140]
- [140 141]
- [141 142]
- [142 143]
- [143 144]
- [144 145]
- [145 146]
- [146 147]
- [147 148]
- [148 149]
- [149 150]
- [150 151]
- [151 152]
- [152 153]
- [153 154]
- [154 155]
- [155 156]
- [156 157]
- [157 158]
- [158 159]
- [159 160]
- [160 161]
- [161 162]
- [162 163]
- [163 164]
- [164 165]
- [165 166]
- [166 167]
- [167 168]
- [168 169]
- [169 170]
- [170 171]
- [171 172]
- [172 173]
- [173 174]
- [174 175]
- [175 176]
- [176 177]
- [177 178]
- [178 179]
- [179 180]
- [180 181]
- [181 182]
- [182 183]
- [183 184]
- [184 185]
- [185 186]
- [186 187]
- [187 188]
- [188 189]
- [189 190]
- [190 191]
- [191 192]
- [192 193]
- [193 194]
- [194 195]
- [195 196]
- [196 197]
- [197 198]
- [198 199]
- [199 200]
- [200 201]
- [201 202]
- [202 203]
- [203 204]
- [204 205]
- [205 206]
- [206 207]
- [207 208]
- [208 209]
- [209 210]
- [210 211]
- [211 1]
- [181 212]
- [212 213]
- [213 214]
- [214 215]
- [215 216]
- [216 217]
- [217 218]
- [218 31]
- [122 219]
- [219 220]
- [220 221]
- [221 222]
- [222 223]
- [223 224]
- [224 225]
- [225 226]
- [226 227]
- [227 228]
- [228 229]
- [229 230]
- [230 231]
- [231 232]
- [232 233]
- [233 92]
- [156 234]
- [234 235]
- [235 236]
- [236 237]
- [237 238]
- [238 239]
- [239 240]
- [240 241]
- [241 242]
- [242 243]
- [243 244]
- [244 245]
- [245 246]
- [246 247]
- [247 248]
- [248 249]
- [249 250]
- [250 251]
- [251 58]
sets:
  element:
  - name: layup_0
    labels:
    - 1
    - 2
    - 3
    - 4
    - 5
    - 6
    - 7
    - 8
    - 9
    - 10
    - 11
    - 12
    - 13
    - 14
    - 15
    - 16
    - 17
    - 18
    - 19
    - 20
    - 21
    - 190
    - 191
    - 192
    - 193
    - 194
    - 195
    - 196
    - 197
    - 198
    - 199
    - 200
    - 201
    - 202
    - 203
    - 204
    - 205
    - 206
    - 207
    - 208
    - 209
    - 210
    - 211
  - name: layup_1
    labels:
    - 22
    - 23
    - 24
    - 25
    - 26
    - 27
    - 28
    - 29
    - 30
    - 31
    - 32
    - 33
    - 34
    - 35
    - 36
    - 37
    - 38
    - 39
    - 40
    - 41
    - 42
    - 43
    - 44
    - 45
    - 46
    - 47
    - 48
    - 49
    - 50
    - 51
    - 52
    - 53
    - 96
    - 97
    - 98
    - 99
    - 100
    - 111
    - 112
    - 113
    - 114
    - 115
    - 116
    - 117
    - 118
    - 119
    - 162
    - 163
    - 164
    - 165
    - 166
    - 167
    - 168
    - 169
    - 170
    - 171
    - 172
    - 173
    - 174
    - 175
    - 176
    - 177
    - 178
    - 179
    - 180
    - 181
    - 182
    - 183
    - 184
    - 185
    - 186
    - 187
    - 188
    - 189
  - name: layup_2
    labels:
    - 54
    - 55
    - 56
    - 57
    - 58
    - 59
    - 60
    - 61
    - 62
    - 63
    - 64
    - 65
    - 66
    - 67
    - 68
    - 69
    - 70
    - 71
    - 72
    - 73
    - 74
    - 75
    - 76
    - 77
    - 78
    - 79
    - 80
    - 81
    - 82
    - 83
    - 84
    - 85
    - 86
    - 87
    - 88
    - 89
    - 90
    - 91
    - 92
    - 93
    - 94
    - 95
    - 120
    - 121
    - 122
    - 123
    - 124
    - 125
    - 126
    - 127
    - 128
    - 129
    - 130
    - 131
    - 132
    - 133
    - 134
    - 135
    - 136
    - 137
    - 138
    - 139
    - 140
    - 141
    - 142
    - 143
    - 144
    - 145
    - 146
    - 147
    - 148
    - 149
    - 150
    - 151
    - 152
    - 153
    - 154
    - 155
    - 156
    - 157
    - 158
    - 159
    - 160
    - 161
  - name: layup_3
    labels:
    - 101
    - 102
    - 103
    - 104
    - 105
    - 106
    - 107
    - 108
    - 109
    - 110
  - name: layup_4
    labels:
    - 212
    - 213
    - 214
    - 215
    - 216
    - 217
    - 218
    - 219
  - name: layup_5
    labels:
    - 220
    - 221
    - 222
    - 223
    - 224
    - 225
    - 226
    - 227
    - 228
    - 229
    - 230
    - 231
    - 232
    - 233
    - 234
    - 235
    - 236
    - 237
    - 238
    - 239
    - 240
    - 241
    - 242
    - 243
    - 244
    - 245
    - 246
    - 247
    - 248
    - 249
    - 250
    - 251
    - 252
    - 253
    - 254
sections:
- type: shell
  elementSet: layup_0
  layup:
  - - gelcoat
    - 0.0005
    - 0.0
  - - glass_triax
    - 0.003
    - 0.0
  - - glass_uniax
    - 0.00412
    - 0.0
  - - glass_triax
    - 0.003
    - 0.0
- type: shell
  elementSet: layup_1
  layup:
  - - gelcoat
    - 0.0005
    - 0.0
  - - glass_triax
    - 0.003
    - 0.0
  - - medium_density_foam
    - 0.01062737
    - 0.0
  - - glass_triax
    - 0.003
    - 0.0
- type: shell
  elementSet: layup_2
  layup:
  - - gelcoat
    - 0.0005
    - 0.0
  - - glass_triax
    - 0.003
    - 0.0
  - - carbon_uniax
    - 0.02277047
    - 0.0
  - - glass_triax
    - 0.003
    - 0.0
- type: shell
  elementSet: layup_3
  layup:
  - - gelcoat
    - 0.0005
    - 0.0
  - - glass_triax
    - 0.003
    - 0.0
  - - glass_uniax
    - 0.00312
    - 0.0
  - - glass_triax
    - 0.003
    - 0.0
- type: shell
  elementSet: layup_4
  layup:
  - - glass_biax
    - 0.002
    - 0.0
  - - medium_density_foam
    - 0.03
    - 0.0
  - - glass_biax
    - 0.002
    - 0.0
- type: shell
  elementSet: layup_5
  layup:
  - - glass_biax
    - 0.002
    - 0.0
  - - medium_density_foam
    - 0.0164
    - 0.0
  - - glass_biax
    - 0.002
    - 0.0
elementOrientations:
- [0.0, 0.0, 1.0, -0.9917549725154855, 0.1281486421730977, 0.0, -0.1281486421730977,
  -0.9917549725154855, 0.0]
- [0.0, 0.0, 1.0, -0.9827964564853836, 0.18469197362033288, 0.0, -0.18469197362033288,
  -0.9827964564853836, 0.0]
- [0.0, 0.0, 1.0, -0.9828683276002079, 0.1843091169757215, 0.0, -0.1843091169757215,
  -0.9828683276002079, 0.0]
- [0.0, 0.0, 1.0, -0.9826048278026883, 0.18570878379562245, 0.0, -0.18570878379562245,
  -0.9826048278026883, 0.0]
- [0.0, 0.0, 1.0, -0.9823578094648162, 0.18701105363985296, 0.0, -0.18701105363985296,
  -0.9823578094648162, 0.0]
- [0.0, 0.0, 1.0, -0.9819178501045936, 0.18930751608420818, 0.0, -0.18930751608420818,
  -0.9819178501045936, 0.0]
- [0.0, 0.0, 1.0, -0.9816119795795831, 0.19088719586670028, 0.0, -0.19088719586670028,
  -0.9816119795795831, 0.0]
- [0.0, 0.0, 1.0, -0.9813421235736302, 0.192269697300428, 0.0, -0.192269697300428,
  -0.9813421235736302, 0.0]
- [0.0, 0.0, 1.0, -0.9808326120109616, 0.19485221891411536, 0.0, -0.19485221891411536,
  -0.9808326120109616, 0.0]
- [0.0, 0.0, 1.0, -0.9806556154449356, 0.1957410633881273, 0.0, -0.1957410633881273,
  -0.9806556154449356, 0.0]
- [0.0, 0.0, 1.0, -0.98021351710511, 0.1979430748584816, 0.0, -0.1979430748584816,
  -0.98021351710511, 0.0]
- [0.0, 0.0, 1.0, -0.9799763094444627, 0.19911412036219525, 0.0, -0.19911412036219525,
  -0.9799763094444627, 0.0]
- [0.0, 0.0, 1.0, -0.9796735179682293, 0.2005985996754552, 0.0, -0.2005985996754552,
  -0.9796735179682293, 0.0]
- [0.0, 0.0, 1.0, -0.9793188308592078, 0.2023230770934307, 0.0, -0.2023230770934307,
  -0.9793188308592078, 0.0]
- [0.0, 0.0, 1.0, -0.9790317465067322, 0.20370773017236682, 0.0, -0.20370773017236682,
  -0.9790317465067322, 0.0]
- [0.0, 0.0, 1.0, -0.9789249204460997, 0.20422046941870708, 0.0, -0.20422046941870708,
  -0.9789249204460997, 0.0]
- [0.0, 0.0, 1.0, -0.9785522808991838, 0.20599862510950157, 0.0, -0.20599862510950157,
  -0.9785522808991838, 0.0]
- [0.0, 0.0, 1.0, -0.978426374605564, 0.2065958118554496, 0.0, -0.2065958118554496,
  -0.978426374605564, 0.0]
- [0.0, 0.0, 1.0, -0.9782088869559786, 0.20762315256335392, 0.0, -0.20762315256335392,
  -0.9782088869559786, 0.0]
- [0.0, 0.0, 1.0, -0.9778151715857244, 0.20946954484311173, 0.0, -0.20946954484311173,
  -0.9778151715857244, 0.0]
- [0.0, 0.0, 1.0, -0.9895462492605253, 0.14421588183839648, 0.0, -0.14421588183839648,
  -0.9895462492605253, 0.0]
- [0.0, 0.0, 1.0, -0.9897290597660263, 0.14295589618710225, 0.0, -0.14295589618710225,
  -0.9897290597660263, 0.0]
- [0.0, 0.0, 1.0, -0.9772764635706975, 0.21196866219031293, 0.0, -0.21196866219031293,
  -0.9772764635706975, 0.0]
- [0.0, 0.0, 1.0, -0.9771019030950545, 0.2127718754159547, 0.0, -0.2127718754159547,
  -0.9771019030950545, 0.0]
- [0.0, 0.0, 1.0, -0.9770301438039474, 0.21310114523023502, 0.0, -0.21310114523023502,
  -0.9770301438039474, 0.0]
- [0.0, 0.0, 1.0, -0.9769324108445034, 0.2135487406695392, 0.0, -0.2135487406695392,
  -0.9769324108445034, 0.0]
- [0.0, 0.0, 1.0, -0.9768969789021573, 0.21371076859119242, 0.0, -0.21371076859119242,
  -0.9768969789021573, 0.0]
- [0.0, 0.0, 1.0, -0.9768483830953423, 0.21393278487416395, 0.0, -0.21393278487416395,
  -0.9768483830953423, 0.0]
- [0.0, 0.0, 1.0, -0.9769079003297869, 0.2136608393535116, 0.0, -0.2136608393535116,
  -0.9769079003297869, 0.0]
- [0.0, 0.0, 1.0, -0.9770778346876241, 0.21288237353558437, 0.0, -0.21288237353558437,
  -0.9770778346876241, 0.0]
- [0.0, 0.0, 1.0, -0.9770887746480974, 0.21283215559844226, 0.0, -0.21283215559844226,
  -0.9770887746480974, 0.0]
- [0.0, 0.0, 1.0, -0.9771337260103858, 0.21262568399198656, 0.0, -0.21262568399198656,
  -0.9771337260103858, 0.0]
- [0.0, 0.0, 1.0, -0.9774527840711636, 0.2111541022844008, 0.0, -0.2111541022844008,
  -0.9774527840711636, 0.0]
- [0.0, 0.0, 1.0, -0.9777093079330156, 0.20996311385846736, 0.0, -0.20996311385846736,
  -0.9777093079330156, 0.0]
- [0.0, 0.0, 1.0, -0.977727105830036, 0.20988021947106342, 0.0, -0.20988021947106342,
  -0.977727105830036, 0.0]
- [0.0, 0.0, 1.0, -0.978002717278237, 0.2085921498915651, 0.0, -0.2085921498915651,
  -0.978002717278237, 0.0]
- [0.0, 0.0, 1.0, -0.9786178898409735, 0.20568671732321533, 0.0, -0.20568671732321533,
  -0.9786178898409735, 0.0]
- [0.0, 0.0, 1.0, -0.9788465822367964, 0.20459562175995516, 0.0, -0.20459562175995516,
  -0.9788465822367964, 0.0]
- [0.0, 0.0, 1.0, -0.978922132215419, 0.20423383426557337, 0.0, -0.20423383426557337,
  -0.978922132215419, 0.0]
- [0.0, 0.0, 1.0, -0.9796067670225483, 0.2009243190946046, 0.0, -0.2009243190946046,
  -0.9796067670225483, 0.0]
- [0.0, 0.0, 1.0, -0.9804088063650565, 0.19697353223680952, 0.0, -0.19697353223680952,
  -0.9804088063650565, 0.0]
- [0.0, 0.0, 1.0, -0.9807906140380631, 0.19506350610721412, 0.0, -0.19506350610721412,
  -0.9807906140380631, 0.0]
- [0.0, 0.0, 1.0, -0.980917824067395, 0.19442279297162443, 0.0, -0.19442279297162443,
  -0.980917824067395, 0.0]
- [0.0, 0.0, 1.0, -0.9821013103908569, 0.18835343407690167, 0.0, -0.18835343407690167,
  -0.9821013103908569, 0.0]
- [0.0, 0.0, 1.0, -0.9827667314835585, 0.18485007841254236, 0.0, -0.18485007841254236,
  -0.9827667314835585, 0.0]
- [0.0, 0.0, 1.0, -0.9830992232424969, 0.18307352965406865, 0.0, -0.18307352965406865,
  -0.9830992232424969, 0.0]
- [0.0, 0.0, 1.0, -0.983361850132274, 0.1816575671543327, 0.0, -0.1816575671543327,
  -0.983361850132274, 0.0]
- [0.0, 0.0, 1.0, -0.9847517918541207, 0.17396525066834087, 0.0, -0.17396525066834087,
  -0.9847517918541207, 0.0]
- [0.0, 0.0, 1.0, -0.9852764730926568, 0.17096862744402883, 0.0, -0.17096862744402883,
  -0.9852764730926568, 0.0]
- [0.0, 0.0, 1.0, -0.9855295312597913, 0.16950381416020105, 0.0, -0.16950381416020105,
  -0.9855295312597913, 0.0]
- [0.0, 0.0, 1.0, -0.9862326974121353, 0.16536343778230897, 0.0, -0.16536343778230897,
  -0.9862326974121353, 0.0]
- [0.0, 0.0, 1.0, -0.9876063213489277, 0.1569514384503649, 0.0, -0.1569514384503649,
  -0.9876063213489277, 0.0]
- [0.0, 0.0, 1.0, -0.9996985004637239, 0.024554188452931523, 0.0, -0.024554188452931523,
  -0.9996985004637239, 0.0]
- [0.0, 0.0, 1.0, -0.9997216209401556, 0.023594080291202683, 0.0, -0.023594080291202683,
  -0.9997216209401556, 0.0]
- [0.0, 0.0, 1.0, -0.9895108016059896, 0.1444588990165434, 0.0, -0.1444588990165434,
  -0.9895108016059896, 0.0]
- [0.0, 0.0, 1.0, -0.9906723966931321, 0.136265191557806, 0.0, -0.136265191557806,
  -0.9906723966931321, 0.0]
- [0.0, 0.0, 1.0, -0.9912274944346693, 0.13216676691501358, 0.0, -0.13216676691501358,
  -0.9912274944346693, 0.0]
- [0.0, 0.0, 1.0, -0.9914444013490412, 0.1305296864075045, 0.0, -0.1305296864075045,
  -0.9914444013490412, 0.0]
- [0.0, 0.0, 1.0, -0.9931590185720922, 0.11676970424266174, 0.0, -0.11676970424266174,
  -0.9931590185720922, 0.0]
- [0.0, 0.0, 1.0, -0.9938976956864622, 0.11030580451245683, 0.0, -0.11030580451245683,
  -0.9938976956864622, 0.0]
- [0.0, 0.0, 1.0, -0.994199148339252, 0.10755488571657638, 0.0, -0.10755488571657638,
  -0.994199148339252, 0.0]
- [0.0, 0.0, 1.0, -0.9949117615549158, 0.10075012019692299, 0.0, -0.10075012019692299,
  -0.9949117615549158, 0.0]
- [0.0, 0.0, 1.0, -0.9963604596390668, 0.08523986431140977, 0.0, -0.08523986431140977,
  -0.9963604596390668, 0.0]
- [0.0, 0.0, 1.0, -0.9968501515903279, 0.0793081034594837, 0.0, -0.0793081034594837,
  -0.9968501515903279, 0.0]
- [0.0, 0.0, 1.0, -0.9970605766462434, 0.07661727284275256, 0.0, -0.07661727284275256,
  -0.9970605766462434, 0.0]
- [0.0, 0.0, 1.0, -0.9982550460598171, 0.05904966567316468, 0.0, -0.05904966567316468,
  -0.9982550460598171, 0.0]
- [0.0, 0.0, 1.0, -0.9988537703303205, 0.04786591163765137, 0.0, -0.04786591163765137,
  -0.9988537703303205, 0.0]
- [0.0, 0.0, 1.0, -0.9990155003864822, 0.044362484010102614, 0.0, -0.044362484010102614,
  -0.9990155003864822, 0.0]
- [0.0, 0.0, 1.0, -0.9994787781284072, 0.032282689958338884, 0.0, -0.032282689958338884,
  -0.9994787781284072, 0.0]
- [0.0, 0.0, 1.0, -0.9999398611874671, 0.010966950733420315, 0.0, -0.010966950733420315,
  -0.9999398611874671, 0.0]
- [0.0, 0.0, 1.0, -0.9999894299950286, 0.004597814504499086, 0.0, -0.004597814504499086,
  -0.9999894299950286, 0.0]
- [0.0, 0.0, 1.0, -0.9999955561770031, -0.002981212210902637, 0.0, 0.002981212210902637,
  -0.9999955561770031, 0.0]
- [0.0, 0.0, 1.0, -0.9996065730343622, -0.02804815763108501, 0.0, 0.02804815763108501,
  -0.9996065730343622, 0.0]
- [0.0, 0.0, 1.0, -0.9992226777349112, -0.039421317840400386, 0.0, 0.039421317840400386,
  -0.9992226777349112, 0.0]
- [0.0, 0.0, 1.0, -0.9989910350386103, -0.04491004244582892, 0.0, 0.04491004244582892,
  -0.9989910350386103, 0.0]
- [0.0, 0.0, 1.0, -0.997512680117188, -0.07048725420545573, 0.0, 0.07048725420545573,
  -0.997512680117188, 0.0]
- [0.0, 0.0, 1.0, -0.9963110963514736, -0.08581491296344977, 0.0, 0.08581491296344977,
  -0.9963110963514736, 0.0]
- [0.0, 0.0, 1.0, -0.9958164895833576, -0.09137570286393713, 0.0, 0.09137570286393713,
  -0.9958164895833576, 0.0]
- [0.0, 0.0, 1.0, -0.9931420907376205, -0.1169135903362315, 0.0, 0.1169135903362315,
  -0.9931420907376205, 0.0]
- [0.0, 0.0, 1.0, -0.9909560329885911, -0.13418696167479946, 0.0, 0.13418696167479946,
  -0.9909560329885911, 0.0]
- [0.0, 0.0, 1.0, -0.9901558570008505, -0.13996920678103164, 0.0, 0.13996920678103164,
  -0.9901558570008505, 0.0]
- [0.0, 0.0, 1.0, -0.9859237175417572, -0.16719576307024414, 0.0, 0.16719576307024414,
  -0.9859237175417572, 0.0]
- [0.0, 0.0, 1.0, -0.9828027592868737, -0.18465843153808975, 0.0, 0.18465843153808975,
  -0.9828027592868737, 0.0]
- [0.0, 0.0, 1.0, -0.9817942217181009, -0.18994764068276462, 0.0, 0.18994764068276462,
  -0.9817942217181009, 0.0]
- [0.0, 0.0, 1.0, -0.9744082109490788, -0.22478576119277535, 0.0, 0.22478576119277535,
  -0.9744082109490788, 0.0]
- [0.0, 0.0, 1.0, -0.9715911000106833, -0.2366658707545951, 0.0, 0.2366658707545951,
  -0.9715911000106833, 0.0]
- [0.0, 0.0, 1.0, -0.9685020175937178, -0.24900570659504567, 0.0, 0.24900570659504567,
  -0.9685020175937178, 0.0]
- [0.0, 0.0, 1.0, -0.9591730084263534, -0.28281997791234326, 0.0, 0.28281997791234326,
  -0.9591730084263534, 0.0]
- [0.0, 0.0, 1.0, -0.9565659804885844, -0.2915159086086266, 0.0, 0.2915159086086266,
  -0.9565659804885844, 0.0]
- [0.0, 0.0, 1.0, -0.9478373875461574, -0.31875427333555123, 0.0, 0.31875427333555123,
  -0.9478373875461574, 0.0]
- [0.0, 0.0, 1.0, -0.9408838428135001, -0.3387293821511514, 0.0, 0.3387293821511514,
  -0.9408838428135001, 0.0]
- [0.0, 0.0, 1.0, -0.9330210200846774, -0.3598218671511614, 0.0, 0.3598218671511614,
  -0.9330210200846774, 0.0]
- [0.0, 0.0, 1.0, -0.92028998153929, -0.39123694850871815, 0.0, 0.39123694850871815,
  -0.92028998153929, 0.0]
- [0.0, 0.0, 1.0, -0.9134545476413738, -0.40694076890045433, 0.0, 0.40694076890045433,
  -0.9134545476413738, 0.0]
- [0.0, 0.0, 1.0, -0.9452947743082817, -0.32621739632560204, 0.0, 0.32621739632560204,
  -0.9452947743082817, 0.0]
- [0.0, 0.0, 1.0, -0.9343993304916337, -0.35622730268297337, 0.0, 0.35622730268297337,
  -0.9343993304916337, 0.0]
- [0.0, 0.0, 1.0, -0.8622793075587136, -0.5064330121112419, 0.0, 0.5064330121112419,
  -0.8622793075587136, 0.0]
- [0.0, 0.0, 1.0, -0.8425006673525486, -0.5386952993209708, 0.0, 0.5386952993209708,
  -0.8425006673525486, 0.0]
- [0.0, 0.0, 1.0, -0.8162741892911904, -0.5776646500323607, 0.0, 0.5776646500323607,
  -0.8162741892911904, 0.0]
- [0.0, 0.0, 1.0, -0.8189450257301788, -0.5738719759944694, 0.0, 0.5738719759944694,
  -0.8189450257301788, 0.0]
- [0.0, 0.0, 1.0, -0.7825047645842788, -0.6226445963813567, 0.0, 0.6226445963813567,
  -0.7825047645842788, 0.0]
- [0.0, 0.0, 1.0, -0.6712081671829702, -0.7412689095779466, 0.0, 0.7412689095779466,
  -0.6712081671829702, 0.0]
- [0.0, 0.0, 1.0, -0.583627562951735, -0.8120214700135819, 0.0, 0.8120214700135819,
  -0.583627562951735, 0.0]
- [0.0, 0.0, 1.0, -0.43945538708164555, -0.8982644169535611, 0.0, 0.8982644169535611,
  -0.43945538708164555, 0.0]
- [0.0, 0.0, 1.0, -0.22185670893197168, -0.9750792791880435, 0.0, 0.9750792791880435,
  -0.22185670893197168, 0.0]
- [0.0, 0.0, 1.0, 0.11006990416210435, -0.9939238482890655, 0.0, 0.9939238482890655,
  0.11006990416210435, 0.0]
- [0.0, 0.0, 1.0, 0.48721202120746765, -0.8732837147175792, 0.0, 0.8732837147175792,
  0.48721202120746765, 0.0]
- [0.0, 0.0, 1.0, 0.6716632699622559, -0.7408565662688086, 0.0, 0.7408565662688086,
  0.6716632699622559, 0.0]
- [0.0, 0.0, 1.0, 0.7577435676740083, -0.6525524390029246, 0.0, 0.6525524390029246,
  0.7577435676740083, 0.0]
- [0.0, 0.0, 1.0, 0.8510236442663031, -0.5251273720724344, 0.0, 0.5251273720724344,
  0.8510236442663031, 0.0]
- [0.0, 0.0, 1.0, 0.8846969120367957, -0.46616668031140773, 0.0, 0.46616668031140773,
  0.8846969120367957, 0.0]
- [0.0, 0.0, 1.0, 0.8620899951380094, -0.5067552074551841, 0.0, 0.5067552074551841,
  0.8620899951380094, 0.0]
- [0.0, 0.0, 1.0, 0.8826189709283782, -0.47008908959614326, 0.0, 0.47008908959614326,
  0.8826189709283782, 0.0]
- [0.0, 0.0, 1.0, 0.8929393605962508, -0.45017696331327156, 0.0, 0.45017696331327156,
  0.8929393605962508, 0.0]
- [0.0, 0.0, 1.0, 0.9099148296445766, -0.4147951335212132, 0.0, 0.4147951335212132,
  0.9099148296445766, 0.0]
- [0.0, 0.0, 1.0, 0.9156069121416903, -0.40207459810134605, 0.0, 0.40207459810134605,
  0.9156069121416903, 0.0]
- [0.0, 0.0, 1.0, 0.9300050076666764, -0.36754684832672074, 0.0, 0.36754684832672074,
  0.9300050076666764, 0.0]
- [0.0, 0.0, 1.0, 0.9336449765869436, -0.35819974552470846, 0.0, 0.35819974552470846,
  0.9336449765869436, 0.0]
- [0.0, 0.0, 1.0, 0.979471170946586, -0.2015842882878618, 0.0, 0.2015842882878618,
  0.979471170946586, 0.0]
- [0.0, 0.0, 1.0, 0.9828308067111127, -0.18450909294553366, 0.0, 0.18450909294553366,
  0.9828308067111127, 0.0]
- [0.0, 0.0, 1.0, 0.9546433775650052, -0.2977516106946847, 0.0, 0.2977516106946847,
  0.9546433775650052, 0.0]
- [0.0, 0.0, 1.0, 0.9618743681473563, -0.2734916815940192, 0.0, 0.2734916815940192,
  0.9618743681473563, 0.0]
- [0.0, 0.0, 1.0, 0.9633704654742371, -0.2681740969071244, 0.0, 0.2681740969071244,
  0.9633704654742371, 0.0]
- [0.0, 0.0, 1.0, 0.9721458618541875, -0.2343766696575815, 0.0, 0.2343766696575815,
  0.9721458618541875, 0.0]
- [0.0, 0.0, 1.0, 0.9742401266357914, -0.22551313853670923, 0.0, 0.22551313853670923,
  0.9742401266357914, 0.0]
- [0.0, 0.0, 1.0, 0.9771882481213858, -0.21237496964910169, 0.0, 0.21237496964910169,
  0.9771882481213858, 0.0]
- [0.0, 0.0, 1.0, 0.9830524358891455, -0.18332459816516022, 0.0, 0.18332459816516022,
  0.9830524358891455, 0.0]
- [0.0, 0.0, 1.0, 0.9839980533206668, -0.17817921051889885, 0.0, 0.17817921051889885,
  0.9839980533206668, 0.0]
- [0.0, 0.0, 1.0, 0.9872565015954289, -0.15913704803582032, 0.0, 0.15913704803582032,
  0.9872565015954289, 0.0]
- [0.0, 0.0, 1.0, 0.9908385455604082, -0.1350517553819088, 0.0, 0.1350517553819088,
  0.9908385455604082, 0.0]
- [0.0, 0.0, 1.0, 0.9913353820031388, -0.1313550927398366, 0.0, 0.1313550927398366,
  0.9913353820031388, 0.0]
- [0.0, 0.0, 1.0, 0.9939302366179772, -0.11001220267103122, 0.0, 0.11001220267103122,
  0.9939302366179772, 0.0]
- [0.0, 0.0, 1.0, 0.9959461680829838, -0.0899512661435132, 0.0, 0.0899512661435132,
  0.9959461680829838, 0.0]
- [0.0, 0.0, 1.0, 0.9964066344947109, -0.0846983986561937, 0.0, 0.0846983986561937,
  0.9964066344947109, 0.0]
- [0.0, 0.0, 1.0, 0.9977512537259017, -0.06702563456164731, 0.0, 0.06702563456164731,
  0.9977512537259017, 0.0]
- [0.0, 0.0, 1.0, 0.9989756129802039, -0.045251791907349674, 0.0, 0.045251791907349674,
  0.9989756129802039, 0.0]
- [0.0, 0.0, 1.0, 0.9992352920298465, -0.03910027061322354, 0.0, 0.03910027061322354,
  0.9992352920298465, 0.0]
- [0.0, 0.0, 1.0, 0.9996088485169103, -0.027966944178737716, 0.0, 0.027966944178737716,
  0.9996088485169103, 0.0]
- [0.0, 0.0, 1.0, 0.9999999313682161, 0.0003704909758232216, 0.0, -0.0003704909758232216,
  0.9999999313682161, 0.0]
- [0.0, 0.0, 1.0, 0.9999757070100027, 0.006970322076152248, 0.0, -0.006970322076152248,
  0.9999757070100027, 0.0]
- [0.0, 0.0, 1.0, 0.9999283872796731, 0.0119674689166975, 0.0, -0.0119674689166975,
  0.9999283872796731, 0.0]
- [0.0, 0.0, 1.0, 0.9990465767398397, 0.043657044155640444, 0.0, -0.043657044155640444,
  0.9990465767398397, 0.0]
- [0.0, 0.0, 1.0, 0.9986101088436649, 0.05270531771314641, 0.0, -0.05270531771314641,
  0.9986101088436649, 0.0]
- [0.0, 0.0, 1.0, 0.9983934792047278, 0.05666092729102353, 0.0, -0.05666092729102353,
  0.9983934792047278, 0.0]
- [0.0, 0.0, 1.0, 0.9968814320824732, 0.078913942806055, 0.0, -0.078913942806055,
  0.9968814320824732, 0.0]
- [0.0, 0.0, 1.0, 0.9952639254178123, 0.0972096639327985, 0.0, -0.0972096639327985,
  0.9952639254178123, 0.0]
- [0.0, 0.0, 1.0, 0.99474507193992, 0.10238282009811554, 0.0, -0.10238282009811554,
  0.99474507193992, 0.0]
- [0.0, 0.0, 1.0, 0.9936148528098109, 0.11282519344427369, 0.0, -0.11282519344427369,
  0.9936148528098109, 0.0]
- [0.0, 0.0, 1.0, 0.9904490581665631, 0.13787916150371635, 0.0, -0.13787916150371635,
  0.9904490581665631, 0.0]
- [0.0, 0.0, 1.0, 0.9891105771051242, 0.1471742717283436, 0.0, -0.1471742717283436,
  0.9891105771051242, 0.0]
- [0.0, 0.0, 1.0, 0.9883641358067629, 0.1521063281094867, 0.0, -0.1521063281094867,
  0.9883641358067629, 0.0]
- [0.0, 0.0, 1.0, 0.9857246854654925, 0.16836521156092768, 0.0, -0.16836521156092768,
  0.9857246854654925, 0.0]
- [0.0, 0.0, 1.0, 0.9817758805619884, 0.1900424172302919, 0.0, -0.1900424172302919,
  0.9817758805619884, 0.0]
- [0.0, 0.0, 1.0, 0.9811792581624698, 0.19309910241051248, 0.0, -0.19309910241051248,
  0.9811792581624698, 0.0]
- [0.0, 0.0, 1.0, 0.9801061559127711, 0.1984739860583521, 0.0, -0.1984739860583521,
  0.9801061559127711, 0.0]
- [0.0, 0.0, 1.0, 0.9747159557040809, 0.22344754573698078, 0.0, -0.22344754573698078,
  0.9747159557040809, 0.0]
- [0.0, 0.0, 1.0, 0.9728534979498422, 0.2314218475571319, 0.0, -0.2314218475571319,
  0.9728534979498422, 0.0]
- [0.0, 0.0, 1.0, 0.9717340680433836, 0.23607816714778368, 0.0, -0.23607816714778368,
  0.9717340680433836, 0.0]
- [0.0, 0.0, 1.0, 0.9711637382840631, 0.2384134925756594, 0.0, -0.2384134925756594,
  0.9711637382840631, 0.0]
- [0.0, 0.0, 1.0, 0.9652146074053303, 0.26145891006308075, 0.0, -0.26145891006308075,
  0.9652146074053303, 0.0]
- [0.0, 0.0, 1.0, 0.9908536019681253, 0.13494124449845607, 0.0, -0.13494124449845607,
  0.9908536019681253, 0.0]
- [0.0, 0.0, 1.0, 0.9900373895922417, 0.14080471302261044, 0.0, -0.14080471302261044,
  0.9900373895922417, 0.0]
- [0.0, 0.0, 1.0, 0.9628114278265179, 0.2701743038237759, 0.0, -0.2701743038237759,
  0.9628114278265179, 0.0]
- [0.0, 0.0, 1.0, 0.9594605940737515, 0.28184280799701794, 0.0, -0.28184280799701794,
  0.9594605940737515, 0.0]
- [0.0, 0.0, 1.0, 0.9588851844158299, 0.2837942971728289, 0.0, -0.2837942971728289,
  0.9588851844158299, 0.0]
- [0.0, 0.0, 1.0, 0.9586265771149269, 0.28466662194384357, 0.0, -0.28466662194384357,
  0.9586265771149269, 0.0]
- [0.0, 0.0, 1.0, 0.9577170987021283, 0.2877115897102128, 0.0, -0.2877115897102128,
  0.9577170987021283, 0.0]
- [0.0, 0.0, 1.0, 0.9560961906051516, 0.293053023035623, 0.0, -0.293053023035623,
  0.9560961906051516, 0.0]
- [0.0, 0.0, 1.0, 0.9560834318720507, 0.29309464563475346, 0.0, -0.29309464563475346,
  0.9560834318720507, 0.0]
- [0.0, 0.0, 1.0, 0.9560825580646626, 0.2930974960052218, 0.0, -0.2930974960052218,
  0.9560825580646626, 0.0]
- [0.0, 0.0, 1.0, 0.956371106139077, 0.2921545949361711, 0.0, -0.2921545949361711,
  0.956371106139077, 0.0]
- [0.0, 0.0, 1.0, 0.9564947979186282, 0.2917493814125447, 0.0, -0.2917493814125447,
  0.9564947979186282, 0.0]
- [0.0, 0.0, 1.0, 0.9569669643914119, 0.2901968798307212, 0.0, -0.2901968798307212,
  0.9569669643914119, 0.0]
- [0.0, 0.0, 1.0, 0.9572800397530823, 0.28916245518797395, 0.0, -0.28916245518797395,
  0.9572800397530823, 0.0]
- [0.0, 0.0, 1.0, 0.959530244736557, 0.2816055919824799, 0.0, -0.2816055919824799,
  0.959530244736557, 0.0]
- [0.0, 0.0, 1.0, 0.9604672113502768, 0.27839313195735, 0.0, -0.27839313195735, 0.9604672113502768,
  0.0]
- [0.0, 0.0, 1.0, 0.9612319296136804, 0.27574114218077855, 0.0, -0.27574114218077855,
  0.9612319296136804, 0.0]
- [0.0, 0.0, 1.0, 0.9624819802607767, 0.27134560559053456, 0.0, -0.27134560559053456,
  0.9624819802607767, 0.0]
- [0.0, 0.0, 1.0, 0.9663932297150187, 0.2570683285840071, 0.0, -0.2570683285840071,
  0.9663932297150187, 0.0]
- [0.0, 0.0, 1.0, 0.9676021978084903, 0.25247967600616755, 0.0, -0.25247967600616755,
  0.9676021978084903, 0.0]
- [0.0, 0.0, 1.0, 0.9681379929019928, 0.2504173051122888, 0.0, -0.2504173051122888,
  0.9681379929019928, 0.0]
- [0.0, 0.0, 1.0, 0.9714910476579232, 0.23707624157749477, 0.0, -0.23707624157749477,
  0.9714910476579232, 0.0]
- [0.0, 0.0, 1.0, 0.9744307200042828, 0.2246881659365597, 0.0, -0.2246881659365597,
  0.9744307200042828, 0.0]
- [0.0, 0.0, 1.0, 0.9755806842284589, 0.21964136350043895, 0.0, -0.21964136350043895,
  0.9755806842284589, 0.0]
- [0.0, 0.0, 1.0, 0.976244724830856, 0.21667080384750997, 0.0, -0.21667080384750997,
  0.976244724830856, 0.0]
- [0.0, 0.0, 1.0, 0.9817455269044918, 0.19019915983784433, 0.0, -0.19019915983784433,
  0.9817455269044918, 0.0]
- [0.0, 0.0, 1.0, 0.9828572897910068, 0.1843679687599689, 0.0, -0.1843679687599689,
  0.9828572897910068, 0.0]
- [0.0, 0.0, 1.0, 0.9834185777129132, 0.18135021645730404, 0.0, -0.18135021645730404,
  0.9834185777129132, 0.0]
- [0.0, 0.0, 1.0, 0.9959420353846425, 0.0899970119164814, 0.0, -0.0899970119164814,
  0.9959420353846425, 0.0]
- [0.0, 0.0, 1.0, 0.9969813533008646, 0.07764136249691121, 0.0, -0.07764136249691121,
  0.9969813533008646, 0.0]
- [0.0, 0.0, 1.0, 0.9903963801135326, 0.138257044153313, 0.0, -0.138257044153313,
  0.9903963801135326, 0.0]
- [0.0, 0.0, 1.0, 0.9928542031444899, 0.11933369724566492, 0.0, -0.11933369724566492,
  0.9928542031444899, 0.0]
- [0.0, 0.0, 1.0, 0.9947165877976148, 0.10265919325744707, 0.0, -0.10265919325744707,
  0.9947165877976148, 0.0]
- [0.0, 0.0, 1.0, 0.9954673402441194, 0.09510401940663964, 0.0, -0.09510401940663964,
  0.9954673402441194, 0.0]
- [0.0, 0.0, 1.0, 0.9970490453571452, 0.07676718799334357, 0.0, -0.07676718799334357,
  0.9970490453571452, 0.0]
- [0.0, 0.0, 1.0, 0.9981029678400515, 0.06156675717366665, 0.0, -0.06156675717366665,
  0.9981029678400515, 0.0]
- [0.0, 0.0, 1.0, 0.9985376806072456, 0.054060155452073815, 0.0, -0.054060155452073815,
  0.9985376806072456, 0.0]
- [0.0, 0.0, 1.0, 0.99956684538799, 0.029429943953429683, 0.0, -0.029429943953429683,
  0.99956684538799, 0.0]
- [0.0, 0.0, 1.0, 0.9998219064799979, 0.018872077858635785, 0.0, -0.018872077858635785,
  0.9998219064799979, 0.0]
- [0.0, 0.0, 1.0, 0.9999871583617019, 0.005067850795796471, 0.0, -0.005067850795796471,
  0.9999871583617019, 0.0]
- [0.0, 0.0, 1.0, 0.9998310164738009, -0.01838310357274143, 0.0, 0.01838310357274143,
  0.9998310164738009, 0.0]
- [0.0, 0.0, 1.0, 0.9996341816863409, -0.02704630851483559, 0.0, 0.02704630851483559,
  0.9996341816863409, 0.0]
- [0.0, 0.0, 1.0, 0.9986236222246502, -0.052448652365140166, 0.0, 0.052448652365140166,
  0.9986236222246502, 0.0]
- [0.0, 0.0, 1.0, 0.997996665739878, -0.06326654069953597, 0.0, 0.06326654069953597,
  0.997996665739878, 0.0]
- [0.0, 0.0, 1.0, 0.99661251744525, -0.0822404406082626, 0.0, 0.0822404406082626,
  0.99661251744525, 0.0]
- [0.0, 0.0, 1.0, 0.995270782030979, -0.09713943810545514, 0.0, 0.09713943810545514,
  0.995270782030979, 0.0]
- [0.0, 0.0, 1.0, 0.9941619905664341, -0.10789780587660493, 0.0, 0.10789780587660493,
  0.9941619905664341, 0.0]
- [0.0, 0.0, 1.0, 0.9928730865321033, -0.11917648274812738, 0.0, 0.11917648274812738,
  0.9928730865321033, 0.0]
- [0.0, 0.0, 1.0, 0.9922005516085587, -0.12465177651229797, 0.0, 0.12465177651229797,
  0.9922005516085587, 0.0]
- [0.0, 0.0, 1.0, 0.9765425359583004, -0.21532458165321414, 0.0, 0.21532458165321414,
  0.9765425359583004, 0.0]
