nodes:
- [4.41949248 0.05912947 0.00000000]
- [4.36281454 0.07013848 0.00000000]
- [4.29874658 0.08585258 0.00000000]
- [4.23464775 0.10144052 0.00000000]
- [4.17052222 0.11696454 0.00000000]
- [4.10637896 0.13246863 0.00000000]
- [4.04223643 0.14802853 0.00000000]
- [3.97811510 0.16368443 0.00000000]
- [3.91399704 0.17941663 0.00000000]
- [3.84994028 0.19538619 0.00000000]
- [3.78590925 0.21140081 0.00000000]
- [3.72190204 0.22752027 0.00000000]
- [3.65792212 0.24370906 0.00000000]
- [3.59166020 0.25093853 0.00000000]
- [3.52869165 0.25744829 0.00000000]
- [3.46804199 0.27296356 0.00000000]
- [3.40738195 0.28847981 0.00000000]
- [3.34674426 0.30407289 0.00000000]
- [3.28611803 0.31965096 0.00000000]
- [3.22550050 0.33524945 0.00000000]
- [3.16488981 0.35082061 0.00000000]
- [3.10426217 0.36636452 0.00000000]
- [3.04364003 0.38192042 0.00000000]
- [2.98301795 0.39743521 0.00000000]
- [2.92238349 0.41292515 0.00000000]
- [2.86174183 0.42839941 0.00000000]
- [2.80112629 0.44385147 0.00000000]
- [2.74047443 0.45917106 0.00000000]
- [2.67979475 0.47449267 0.00000000]
- [2.61914092 0.48977692 0.00000000]
- [2.55847580 0.50492118 0.00000000]
- [2.49775545 0.51995550 0.00000000]
- [2.43701224 0.53496158 0.00000000]
- [2.37629654 0.54989931 0.00000000]
- [2.31553747 0.56464051 0.00000000]
- [2.25472486 0.57931516 0.00000000]
- [2.19390834 0.59392991 0.00000000]
- [2.13311440 0.60841875 0.00000000]
- [2.07224390 0.62265941 0.00000000]
- [2.01131545 0.63686310 0.00000000]
- [1.95012372 0.65105446 0.00000000]
- [1.88892045 0.66502296 0.00000000]
- [1.82763191 0.67878226 0.00000000]
- [1.76628810 0.69247652 0.00000000]
- [1.70499727 0.70609057 0.00000000]
- [1.64367402 0.71935658 0.00000000]
- [1.58222925 0.73240960 0.00000000]
- [1.52074215 0.74541323 0.00000000]
- [1.45933594 0.75828617 0.00000000]
- [1.39784377 0.77069357 0.00000000]
- [1.33623369 0.78297394 0.00000000]
- [1.27461692 0.79513439 0.00000000]
- [1.21306805 0.80706412 0.00000000]
- [1.15140346 0.81845297 0.00000000]
- [1.08959872 0.82970229 0.00000000]
- [1.02784380 0.84082965 0.00000000]
- [0.96614636 0.85150031 0.00000000]
- [0.90426472 0.86155130 0.00000000]
- [0.84224454 0.87149086 0.00000000]
- [0.78035277 0.88123338 0.00000000]
- [0.71842486 0.89022238 0.00000000]
- [0.65629244 0.89876664 0.00000000]
- [0.59409340 0.90711025 0.00000000]
- [0.53205120 0.91511481 0.00000000]
- [0.46989741 0.92213791 0.00000000]
- [0.40750892 0.92884198 0.00000000]
- [0.34521514 0.93532164 0.00000000]
- [0.28302710 0.94098340 0.00000000]
- [0.22022776 0.94068387 0.00000000]
- [0.17096136 0.93919906 0.00000000]
- [0.12230372 0.94254533 0.00000000]
- [0.06160820 0.94581151 0.00000000]
- [0.00065040 0.94813868 0.00000000]
- [-0.06044174 0.95019021 0.00000000]
- [-0.12112304 0.95164291 0.00000000]
- [-0.18185621 0.95158216 0.00000000]
- [-0.24295845 0.95103275 0.00000000]
- [-0.30364876 0.95004825 0.00000000]
- [-0.36411275 0.94740691 0.00000000]
- [-0.42495067 0.94380531 0.00000000]
- [-0.48558435 0.93976725 0.00000000]
- [-0.54570604 0.93431655 0.00000000]
- [-0.60599360 0.92727122 0.00000000]
- [-0.66600959 0.91973258 0.00000000]
- [-0.75852861 0.90984785 0.00000000]
- [-0.82093424 0.90314298 0.00000000]
- [-0.88197644 0.89037038 0.00000000]
- [-0.94245600 0.87494536 0.00000000]
- [-1.00293456 0.85854694 0.00000000]
- [-1.06251961 0.84057867 0.00000000]
- [-1.12153295 0.82007946 0.00000000]
- [-1.18009931 0.79883537 0.00000000]
- [-1.23730206 0.77462771 0.00000000]
- [-1.29418568 0.74887482 0.00000000]
- [-1.34983140 0.72150176 0.00000000]
- [-1.40420899 0.69120440 0.00000000]
- [-1.45779158 0.66008841 0.00000000]
- [-1.50902744 0.62537277 0.00000000]
- [-1.55958548 0.58946071 0.00000000]
- [-1.60765660 0.55066303 0.00000000]
- [-1.65427860 0.51017358 0.00000000]
- [-1.69818807 0.46681124 0.00000000]
- [-1.74019897 0.42212460 0.00000000]
- [-1.77795798 0.37397930 0.00000000]
- [-1.81354177 0.32411856 0.00000000]
- [-1.85354761 0.27687792 0.00000000]
- [-1.89066905 0.22315289 0.00000000]
- [-1.91343147 0.16244597 0.00000000]
- [-1.92889957 0.09960880 0.00000000]
- [-1.93693793 0.03542389 0.00000000]
- [-1.93748563 -0.02889544 0.00000000]
- [-1.92817086 -0.09259326 0.00000000]
- [-1.91104497 -0.15493817 0.00000000]
- [-1.88678852 -0.21495614 0.00000000]
- [-1.84732532 -0.26707074 0.00000000]
- [-1.80601900 -0.31299641 0.00000000]
- [-1.76893619 -0.36137377 0.00000000]
- [-1.72924387 -0.40807814 0.00000000]
- [-1.68659477 -0.45214551 0.00000000]
- [-1.64160983 -0.49418008 0.00000000]
- [-1.59457665 -0.53408217 0.00000000]
- [-1.54576678 -0.57186536 0.00000000]
- [-1.49517210 -0.60758828 0.00000000]
- [-1.44352515 -0.64157768 0.00000000]
- [-1.39007123 -0.67303832 0.00000000]
- [-1.33596410 -0.70337841 0.00000000]
- [-1.28044735 -0.73100180 0.00000000]
- [-1.22409045 -0.75747855 0.00000000]
- [-1.16711304 -0.78195478 0.00000000]
- [-1.10896968 -0.80440000 0.00000000]
- [-1.05056303 -0.82594390 0.00000000]
- [-0.99141000 -0.84499374 0.00000000]
- [-0.93145470 -0.86290162 0.00000000]
- [-0.87048949 -0.87542591 0.00000000]
- [-0.81387496 -0.88399448 0.00000000]
- [-0.74977107 -0.89816015 0.00000000]
- [-0.68602512 -0.91105311 0.00000000]
- [-0.62161626 -0.92135355 0.00000000]
- [-0.55673889 -0.93112448 0.00000000]
- [-0.49216953 -0.93939349 0.00000000]
- [-0.42706767 -0.94548498 0.00000000]
- [-0.36167184 -0.95106334 0.00000000]
- [-0.29663622 -0.95517999 0.00000000]
- [-0.23121261 -0.95730367 0.00000000]
- [-0.16548868 -0.95891151 0.00000000]
- [-0.10027564 -0.95941834 0.00000000]
- [-0.03488221 -0.95772947 0.00000000]
- [0.03362203 -0.95545979 0.00000000]
- [0.10182587 -0.95682310 0.00000000]
- [0.16435759 -0.95632129 0.00000000]
- [0.22700550 -0.95084265 0.00000000]
- [0.28929006 -0.94499125 0.00000000]
- [0.35121542 -0.93741571 0.00000000]
- [0.41335784 -0.92874282 0.00000000]
- [0.47558623 -0.91968550 0.00000000]
- [0.53728454 -0.91018917 0.00000000]
- [0.59866138 -0.89855136 0.00000000]
- [0.66042541 -0.88649513 0.00000000]
- [0.72194232 -0.87411567 0.00000000]
- [0.78297939 -0.86076976 0.00000000]
- [0.84387726 -0.84600744 0.00000000]
- [0.90496287 -0.83084340 0.00000000]
- [0.96572629 -0.81542943 0.00000000]
- [1.02600076 -0.79876546 0.00000000]
- [1.08629399 -0.78115320 0.00000000]
- [1.14667985 -0.76324511 0.00000000]
- [1.20672039 -0.74519941 0.00000000]
- [1.26627438 -0.72583589 0.00000000]
- [1.32595959 -0.70589688 0.00000000]
- [1.38563146 -0.68574086 0.00000000]
- [1.44501665 -0.66538115 0.00000000]
- [1.50404391 -0.64406957 0.00000000]
- [1.56314168 -0.62233876 0.00000000]
- [1.62220627 -0.60041227 0.00000000]
- [1.68108698 -0.57831287 0.00000000]
- [1.73974159 -0.55562119 0.00000000]
- [1.79843733 -0.53266915 0.00000000]
- [1.85712192 -0.50960008 0.00000000]
- [1.91574292 -0.48644758 0.00000000]
- [1.97520801 -0.46271527 0.00000000]
- [2.03469952 -0.43891298 0.00000000]
- [2.09420579 -0.41507552 0.00000000]
- [2.15379457 -0.39126112 0.00000000]
- [2.21347196 -0.36767589 0.00000000]
- [2.27312520 -0.34414617 0.00000000]
- [2.33289423 -0.32065053 0.00000000]
- [2.39293069 -0.29750731 0.00000000]
- [2.45310368 -0.27491628 0.00000000]
- [2.51324184 -0.25249451 0.00000000]
- [2.57368036 -0.23017124 0.00000000]
- [2.63458367 -0.20889345 0.00000000]
- [2.69545030 -0.18819709 0.00000000]
- [2.75641042 -0.16771874 0.00000000]
- [2.81785996 -0.14772601 0.00000000]
- [2.87969077 -0.12919168 0.00000000]
- [2.94133356 -0.11104302 0.00000000]
- [3.00350415 -0.09309763 0.00000000]
- [3.06630756 -0.07718506 0.00000000]
- [3.12885873 -0.06203207 0.00000000]
- [3.19175646 -0.04720073 0.00000000]
- [3.25519612 -0.03402228 0.00000000]
- [3.31854938 -0.02199764 0.00000000]
- [3.38215277 -0.01038943 0.00000000]
- [3.44624639 -0.00052161 0.00000000]
- [3.51023526 0.00806000 0.00000000]
- [3.57551135 0.00684024 0.00000000]
- [3.64255449 0.00362789 0.00000000]
- [3.70859873 0.00842497 0.00000000]
- [3.77484734 0.01214581 0.00000000]
- [3.84115518 0.01332242 0.00000000]
- [3.90745228 0.01378523 0.00000000]
- [3.97376425 0.01189317 0.00000000]
- [4.03999168 0.00885009 0.00000000]
- [4.10615585 0.00390614 0.00000000]
- [4.17220095 -0.00276250 0.00000000]
- [4.23804702 -0.01158233 0.00000000]
- [4.30354749 -0.02271819 0.00000000]
- [4.36855375 -0.03593259 0.00000000]
- [4.42168379 -0.05308663 0.00000000]
- [1.92105250 -0.42404143 0.00000000]
- [1.92636209 -0.36163528 0.00000000]
- [1.93167167 -0.29922913 0.00000000]
- [1.93698126 -0.23682298 0.00000000]
- [1.94229084 -0.17441683 0.00000000]
- [1.94760043 -0.11201069 0.00000000]
- [1.95291001 -0.04960454 0.00000000]
- [1.95821960 0.01280161 0.00000000]
- [1.96352918 0.07520776 0.00000000]
- [1.96883877 0.13761391 0.00000000]
- [1.97414835 0.20002006 0.00000000]
- [1.97945794 0.26242621 0.00000000]
- [1.98476752 0.32483235 0.00000000]
- [1.99007711 0.38723850 0.00000000]
- [1.99538669 0.44964465 0.00000000]
- [2.00069628 0.51205080 0.00000000]
- [2.00600586 0.57445695 0.00000000]
- [-0.80859406 -0.81957566 0.00000000]
- [-0.80331315 -0.75515683 0.00000000]
- [-0.79803224 -0.69073801 0.00000000]
- [-0.79275134 -0.62631919 0.00000000]
- [-0.78747043 -0.56190036 0.00000000]
- [-0.78218953 -0.49748154 0.00000000]
- [-0.77690862 -0.43306272 0.00000000]
- [-0.77162771 -0.36864389 0.00000000]
- [-0.76634681 -0.30422507 0.00000000]
- [-0.76106590 -0.23980624 0.00000000]
- [-0.75578500 -0.17538742 0.00000000]
- [-0.75050409 -0.11096860 0.00000000]
- [-0.74522318 -0.04654977 0.00000000]
- [-0.73994228 0.01786905 0.00000000]
- [-0.73466137 0.08228787 0.00000000]
- [-0.72938047 0.14670670 0.00000000]
- [-0.72409956 0.21112552 0.00000000]
- [-0.71881865 0.27554434 0.00000000]
- [-0.71353775 0.33996317 0.00000000]
- [-0.70825684 0.40438199 0.00000000]
- [-0.70297593 0.46880082 0.00000000]
- [-0.69769503 0.53321964 0.00000000]
- [-0.69241412 0.59763846 0.00000000]
- [-0.68713322 0.66205729 0.00000000]
- [-0.68185231 0.72647611 0.00000000]
- [-0.67657140 0.79089493 0.00000000]
- [-0.67129050 0.85531376 0.00000000]
- [-0.02964268 -0.89438698 0.00000000]
- [-0.02440315 -0.83104448 0.00000000]
- [-0.01916362 -0.76770199 0.00000000]
- [-0.01392409 -0.70435950 0.00000000]
- [-0.00868456 -0.64101700 0.00000000]
- [-0.00344502 -0.57767451 0.00000000]
- [0.00179451 -0.51433202 0.00000000]
- [0.00703404 -0.45098952 0.00000000]
- [0.01227357 -0.38764703 0.00000000]
- [0.01751310 -0.32430454 0.00000000]
- [0.02275263 -0.26096204 0.00000000]
- [0.02799216 -0.19761955 0.00000000]
- [0.03323169 -0.13427706 0.00000000]
- [0.03847122 -0.07093456 0.00000000]
- [0.04371076 -0.00759207 0.00000000]
- [0.04895029 0.05575042 0.00000000]
- [0.05418982 0.11909292 0.00000000]
- [0.05942935 0.18243541 0.00000000]
- [0.06466888 0.24577790 0.00000000]
- [0.06990841 0.30912040 0.00000000]
- [0.07514794 0.37246289 0.00000000]
- [0.08038747 0.43580538 0.00000000]
- [0.08562700 0.49914788 0.00000000]
- [0.09086654 0.56249037 0.00000000]
- [0.09610607 0.62583286 0.00000000]
- [0.10134560 0.68917536 0.00000000]
- [0.10658513 0.75251785 0.00000000]
- [0.11182466 0.81586034 0.00000000]
- [0.11706419 0.87920283 0.00000000]
elements:
- [1 2]
- [2 3]
- [3 4]
- [4 5]
- [5 6]
- [6 7]
- [7 8]
- [8 9]
- [9 10]
- [10 11]
- [11 12]
- [12 13]
- [13 14]
- [14 15]
- [15 16]
- [16 17]
- [17 18]
- [18 19]
- [19 20]
- [20 21]
- [21 22]
- [22 23]
- [23 24]
- [24 25]
- [25 26]
- [26 27]
- [27 28]
- [28 29]
- [29 30]
- [30 31]
- [31 32]
- [32 33]
- [33 34]
- [34 35]
- [35 36]
- [36 37]
- [37 38]
- [38 39]
- [39 40]
- [40 41]
- [41 42]
- [42 43]
- [43 44]
- [44 45]
- [45 46]
- [46 47]
- [47 48]
- [48 49]
- [49 50]
- [50 51]
- [51 52]
- [52 53]
- [53 54]
- [54 55]
- [55 56]
- [56 57]
- [57 58]
- [58 59]
- [59 60]
- [60 61]
- [61 62]
- [62 63]
- [63 64]
- [64 65]
- [65 66]
- [66 67]
- [67 68]
- [68 69]
- [69 70]
- [70 71]
- [71 72]
- [72 73]
- [73 74]
- [74 75]
- [75 76]
- [76 77]
- [77 78]
- [78 79]
- [79 80]
- [80 81]
- [81 82]
- [82 83]
- [83 84]
- [84 85]
- [85 86]
- [86 87]
- [87 88]
- [88 89]
- [89 90]
- [90 91]
- [91 92]
- [92 93]
- [93 94]
- [94 95]
- [95 96]
- [96 97]
- [97 98]
- [98 99]
- [99 100]
- [100 101]
- [101 102]
- [102 103]
- [103 104]
- [104 105]
- [105 106]
- [106 107]
- [107 108]
- [108 109]
- [109 110]
- [110 111]
- [111 112]
- [112 113]
- [113 114]
- [114 115]
- [115 116]
- [116 117]
- [117 118]
- [118 119]
- [119 120]
- [120 121]
- [121 122]
- [122 123]
- [123 124]
- [124 125]
- [125 126]
- [126 127]
- [127 128]
- [128 129]
- [129 130]
- [130 131]
- [131 132]
- [132 133]
- [133 134]
- [134 135]
- [135 136]
- [136 137]
- [137 138]
- [138 139]
- [139 140]
- [140 141]
- [141 142]
- [142 143]
- [143 144]
- [144 145]
- [145 146]
- [146 147]
- [147 148]
- [148 149]
- [149 150]
- [150 151]
- [151 152]
- [152 153]
- [153 154]
- [154 155]
- [155 156]
- [156 157]
- [157 158]
- [158 159]
- [159 160]
- [160 161]
- [161 162]
- [162 163]
- [163 164]
- [164 165]
- [165 166]
- [166 167]
- [167 168]
- [168 169]
- [169 170]
- [170 171]
- [171 172]
- [172 173]
- [173 174]
- [174 175]
- [175 176]
- [176 177]
- [177 178]
- [178 179]
- [179 180]
- [180 181]
- [181 182]
- [182 183]
- [183 184]
- [184 185]
- [185 186]
- [186 187]
- [187 188]
- [188 189]
- [189 190]
- [190 191]
- [191 192]
- [192 193]
- [193 194]
- [194 195]
- [195 196]
- [196 197]
- [197 198]
- [198 199]
- [199 200]
- [200 201]
- [201 202]
- [202 203]
- [203 204]
- [204 205]
- [205 206]
- [206 207]
- [207 208]
- [208 209]
- [209 210]
- [210 211]
- [211 212]
- [212 213]
- [213 214]
- [214 215]
- [215 216]
- [216 217]
- [217 218]
- [218 219]
- [219 1]
- [179 220]
- [220 221]
- [221 222]
- [222 223]
- [223 224]
- [224 225]
- [225 226]
- [226 227]
- [227 228]
- [228 229]
- [229 230]
- [230 231]
- [231 232]
- [232 233]
- [233 234]
- [234 235]
- [235 236]
- [236 40]
- [135 237]
- [237 238]
- [238 239]
- [239 240]
- [240 241]
- [241 242]
- [242 243]
- [243 244]
- [244 245]
- [245 246]
- [246 247]
- [247 248]
- [248 249]
- [249 250]
- [250 251]
- [251 252]
- [252 253]
- [253 254]
- [254 255]
- [255 256]
- [256 257]
- [257 258]
- [258 259]
- [259 260]
- [260 261]
- [261 262]
- [262 263]
- [263 84]
- [147 264]
- [264 265]
- [265 266]
- [266 267]
- [267 268]
- [268 269]
- [269 270]
- [270 271]
- [271 272]
- [272 273]
- [273 274]
- [274 275]
- [275 276]
- [276 277]
- [277 278]
- [278 279]
- [279 280]
- [280 281]
- [281 282]
- [282 283]
- [283 284]
- [284 285]
- [285 286]
- [286 287]
- [287 288]
- [288 289]
- [289 290]
- [290 291]
- [291 292]
- [292 71]
sets:
  element:
  - name: layup_0
    labels:
    - 1
    - 2
    - 3
    - 4
    - 5
    - 6
    - 7
    - 8
    - 9
    - 10
    - 11
    - 12
    - 13
    - 206
    - 207
    - 208
    - 209
    - 210
    - 211
    - 212
    - 213
    - 214
    - 215
    - 216
    - 217
    - 218
    - 219
  - name: layup_1
    labels:
    - 14
    - 15
    - 16
    - 17
    - 18
    - 19
    - 20
    - 21
    - 22
    - 23
    - 24
    - 25
    - 26
    - 27
    - 28
    - 29
    - 30
    - 31
    - 32
    - 33
    - 34
    - 35
    - 36
    - 37
    - 38
    - 39
    - 40
    - 41
    - 42
    - 43
    - 44
    - 45
    - 46
    - 47
    - 48
    - 49
    - 50
    - 51
    - 52
    - 53
    - 54
    - 55
    - 56
    - 57
    - 58
    - 59
    - 60
    - 61
    - 62
    - 63
    - 64
    - 65
    - 66
    - 67
    - 68
    - 85
    - 86
    - 87
    - 88
    - 89
    - 90
    - 91
    - 92
    - 93
    - 94
    - 95
    - 96
    - 97
    - 98
    - 99
    - 100
    - 101
    - 102
    - 103
    - 104
    - 105
    - 115
    - 116
    - 117
    - 118
    - 119
    - 120
    - 121
    - 122
    - 123
    - 124
    - 125
    - 126
    - 127
    - 128
    - 129
    - 130
    - 131
    - 132
    - 133
    - 149
    - 150
    - 151
    - 152
    - 153
    - 154
    - 155
    - 156
    - 157
    - 158
    - 159
    - 160
    - 161
    - 162
    - 163
    - 164
    - 165
    - 166
    - 167
    - 168
    - 169
    - 170
    - 171
    - 172
    - 173
    - 174
    - 175
    - 176
    - 177
    - 178
    - 179
    - 180
    - 181
    - 182
    - 183
    - 184
    - 185
    - 186
    - 187
    - 188
    - 189
    - 190
    - 191
    - 192
    - 193
    - 194
    - 195
    - 196
    - 197
    - 198
    - 199
    - 200
    - 201
    - 202
    - 203
    - 204
    - 205
  - name: layup_2
    labels:
    - 69
    - 70
    - 71
    - 72
    - 73
    - 74
    - 75
    - 76
    - 77
    - 78
    - 79
    - 80
    - 81
    - 82
    - 83
    - 84
  - name: layup_3
    labels:
    - 106
    - 107
    - 108
    - 109
    - 110
    - 111
    - 112
    - 113
    - 114
  - name: layup_4
    labels:
    - 134
    - 135
    - 136
    - 137
    - 138
    - 139
    - 140
    - 141
    - 142
    - 143
    - 144
    - 145
    - 146
    - 147
    - 148
  - name: layup_5
    labels:
    - 220
    - 221
    - 222
    - 223
    - 224
    - 225
    - 226
    - 227
    - 228
    - 229
    - 230
    - 231
    - 232
    - 233
    - 234
    - 235
    - 236
    - 237
    - 238
    - 239
    - 240
    - 241
    - 242
    - 243
    - 244
    - 245
    - 246
    - 247
    - 248
    - 249
    - 250
    - 251
    - 252
    - 253
    - 254
    - 255
    - 256
    - 257
    - 258
    - 259
    - 260
    - 261
    - 262
    - 263
    - 264
    - 265
    - 266
    - 267
    - 268
    - 269
    - 270
    - 271
    - 272
    - 273
    - 274
    - 275
    - 276
    - 277
    - 278
    - 279
    - 280
    - 281
    - 282
    - 283
    - 284
    - 285
    - 286
    - 287
    - 288
    - 289
    - 290
    - 291
    - 292
    - 293
    - 294
    - 295
sections:
- type: shell
  elementSet: layup_0
  layup:
  - - gelcoat
    - 0.0005
    - 0.0
  - - glass_triax
    - 0.003
    - 0.0
  - - glass_uniax
    - 0.02046154
    - 0.0
  - - glass_triax
    - 0.003
    - 0.0
- type: shell
  elementSet: layup_1
  layup:
  - - gelcoat
    - 0.0005
    - 0.0
  - - glass_triax
    - 0.003
    - 0.0
  - - medium_density_foam
    - 0.0575
    - 0.0
  - - glass_triax
    - 0.003
    - 0.0
- type: shell
  elementSet: layup_2
  layup:
  - - gelcoat
    - 0.0005
    - 0.0
  - - glass_triax
    - 0.003
    - 0.0
  - - carbon_uniax
    - 0.07777024
    - 0.0
  - - glass_triax
    - 0.003
    - 0.0
- type: shell
  elementSet: layup_3
  layup:
  - - gelcoat
    - 0.0005
    - 0.0
  - - glass_triax
    - 0.003
    - 0.0
  - - glass_uniax
    - 0.01665385
    - 0.0
  - - glass_triax
    - 0.003
    - 0.0
- type: shell
  elementSet: layup_4
  layup:
  - - gelcoat
    - 0.0005
    - 0.0
  - - glass_triax
    - 0.003
    - 0.0
  - - carbon_uniax
    - 0.0754509
    - 0.0
  - - glass_triax
    - 0.003
    - 0.0
- type: shell
  elementSet: layup_5
  layup:
  - - glass_biax
    - 0.002
    - 0.0
  - - medium_density_foam
    - 0.0364
    - 0.0
  - - glass_biax
    - 0.002
    - 0.0
elementOrientations:
- [0.0, 0.0, 1.0, -0.981653352410884, 0.19067431840830737, 0.0, -0.19067431840830737,
  -0.981653352410884, 0.0]
- [0.0, 0.0, 1.0, -0.9712132303180783, 0.23821179915176965, 0.0, -0.23821179915176965,
  -0.9712132303180783, 0.0]
- [0.0, 0.0, 1.0, -0.9716803472071044, 0.23629918081000875, 0.0, -0.23629918081000875,
  -0.9716803472071044, 0.0]
- [0.0, 0.0, 1.0, -0.9719248861411506, 0.23529134216862127, 0.0, -0.23529134216862127,
  -0.9719248861411506, 0.0]
- [0.0, 0.0, 1.0, -0.972008772880206, 0.2349445582343123, 0.0, -0.2349445582343123,
  -0.972008772880206, 0.0]
- [0.0, 0.0, 1.0, -0.9718147409842991, 0.23574585723957003, 0.0, -0.23574585723957003,
  -0.9718147409842991, 0.0]
- [0.0, 0.0, 1.0, -0.9714625665003793, 0.23719292124449276, 0.0, -0.23719292124449276,
  -0.9714625665003793, 0.0]
- [0.0, 0.0, 1.0, -0.9711928872684018, 0.23829472448895161, 0.0, -0.23829472448895161,
  -0.9711928872684018, 0.0]
- [0.0, 0.0, 1.0, -0.9703013295037242, 0.24189942117191052, 0.0, -0.24189942117191052,
  -0.9703013295037242, 0.0]
- [0.0, 0.0, 1.0, -0.9701180629881696, 0.2426333527445921, 0.0, -0.2426333527445921,
  -0.9701180629881696, 0.0]
- [0.0, 0.0, 1.0, -0.9697216000064972, 0.24421305960336953, 0.0, -0.24421305960336953,
  -0.9697216000064972, 0.0]
- [0.0, 0.0, 1.0, -0.9694476055976654, 0.245298471256862, 0.0, -0.245298471256862,
  -0.9694476055976654, 0.0]
- [0.0, 0.0, 1.0, -0.9941007265617413, 0.10846080144189467, 0.0, -0.10846080144189467,
  -0.9941007265617413, 0.0]
- [0.0, 0.0, 1.0, -0.9946986202613132, 0.10283314081676131, 0.0, -0.10283314081676131,
  -0.9946986202613132, 0.0]
- [0.0, 0.0, 1.0, -0.9688017851705476, 0.24783684360958105, 0.0, -0.24783684360958105,
  -0.9688017851705476, 0.0]
- [0.0, 0.0, 1.0, -0.9688081947817099, 0.24781178689441785, 0.0, -0.24781178689441785,
  -0.9688081947817099, 0.0]
- [0.0, 0.0, 1.0, -0.9684909000889997, 0.249048943874089, 0.0, -0.249048943874089,
  -0.9684909000889997, 0.0]
- [0.0, 0.0, 1.0, -0.9685373610291318, 0.24886819863278012, 0.0, -0.24886819863278012,
  -0.9685373610291318, 0.0]
- [0.0, 0.0, 1.0, -0.968450045265495, 0.2492077643759532, 0.0, -0.2492077643759532,
  -0.968450045265495, 0.0]
- [0.0, 0.0, 1.0, -0.9685485655536833, 0.2488245891464551, 0.0, -0.2488245891464551,
  -0.9685485655536833, 0.0]
- [0.0, 0.0, 1.0, -0.968670188654253, 0.24835069078328317, 0.0, -0.24835069078328317,
  -0.968670188654253, 0.0]
- [0.0, 0.0, 1.0, -0.9686186129127445, 0.24855177070178164, 0.0, -0.24855177070178164,
  -0.9686186129127445, 0.0]
- [0.0, 0.0, 1.0, -0.9687765676779077, 0.24793539867919717, 0.0, -0.24793539867919717,
  -0.9687765676779077, 0.0]
- [0.0, 0.0, 1.0, -0.9688839840001787, 0.24751530366411967, 0.0, -0.24751530366411967,
  -0.9688839840001787, 0.0]
- [0.0, 0.0, 1.0, -0.9689510880767039, 0.24725248009872755, 0.0, -0.24725248009872755,
  -0.9689510880767039, 0.0]
- [0.0, 0.0, 1.0, -0.9690105372177035, 0.24701938944353763, 0.0, -0.24701938944353763,
  -0.9690105372177035, 0.0]
- [0.0, 0.0, 1.0, -0.9695505414805273, 0.24489129734397702, 0.0, -0.24489129734397702,
  -0.9695505414805273, 0.0]
- [0.0, 0.0, 1.0, -0.9695695183143044, 0.2448161537884452, 0.0, -0.2448161537884452,
  -0.9695695183143044, 0.0]
- [0.0, 0.0, 1.0, -0.9696863967026146, 0.24435280241875565, 0.0, -0.24435280241875565,
  -0.9696863967026146, 0.0]
- [0.0, 0.0, 1.0, -0.9702253159921012, 0.24220412095591481, 0.0, -0.24220412095591481,
  -0.9702253159921012, 0.0]
- [0.0, 0.0, 1.0, -0.9706883090838629, 0.2403418536333422, 0.0, -0.2403418536333422,
  -0.9706883090838629, 0.0]
- [0.0, 0.0, 1.0, -0.9708146010150579, 0.2398312124306882, 0.0, -0.2398312124306882,
  -0.9708146010150579, 0.0]
- [0.0, 0.0, 1.0, -0.9710433687809717, 0.23890327738752695, 0.0, -0.23890327738752695,
  -0.9710433687809717, 0.0]
- [0.0, 0.0, 1.0, -0.9718071398548067, 0.23577718915794268, 0.0, -0.23577718915794268,
  -0.9718071398548067, 0.0]
- [0.0, 0.0, 1.0, -0.9720977126106086, 0.234576292785999, 0.0, -0.234576292785999,
  -0.9720977126106086, 0.0]
- [0.0, 0.0, 1.0, -0.9723190997770791, 0.2336569455605601, 0.0, -0.2336569455605601,
  -0.9723190997770791, 0.0]
- [0.0, 0.0, 1.0, -0.9727553782226881, 0.2318339365555332, 0.0, -0.2318339365555332,
  -0.9727553782226881, 0.0]
- [0.0, 0.0, 1.0, -0.9737081631756742, 0.22779906269573402, 0.0, -0.22779906269573402,
  -0.9737081631756742, 0.0]
- [0.0, 0.0, 1.0, -0.9738869948782176, 0.2270333041804093, 0.0, -0.2270333041804093,
  -0.9738869948782176, 0.0]
- [0.0, 0.0, 1.0, -0.9741457877973706, 0.2259203047905176, 0.0, -0.2259203047905176,
  -0.9741457877973706, 0.0]
- [0.0, 0.0, 1.0, -0.9749304858108232, 0.22250965785033297, 0.0, -0.22250965785033297,
  -0.9749304858108232, 0.0]
- [0.0, 0.0, 1.0, -0.9757140315134465, 0.21904823374722082, 0.0, -0.21904823374722082,
  -0.9757140315134465, 0.0]
- [0.0, 0.0, 1.0, -0.9759766890795191, 0.2178749695889359, 0.0, -0.2178749695889359,
  -0.9759766890795191, 0.0]
- [0.0, 0.0, 1.0, -0.976207760663064, 0.2168372846657284, 0.0, -0.2168372846657284,
  -0.976207760663064, 0.0]
- [0.0, 0.0, 1.0, -0.977391363640838, 0.21143822331901818, 0.0, -0.21143822331901818,
  -0.977391363640838, 0.0]
- [0.0, 0.0, 1.0, -0.9781717755659983, 0.20779792464329838, 0.0, -0.20779792464329838,
  -0.9781717755659983, 0.0]
- [0.0, 0.0, 1.0, -0.9783601773545947, 0.20690907028616726, 0.0, -0.20690907028616726,
  -0.9783601773545947, 0.0]
- [0.0, 0.0, 1.0, -0.9787251188769612, 0.2051758798671961, 0.0, -0.2051758798671961,
  -0.9787251188769612, 0.0]
- [0.0, 0.0, 1.0, -0.9802452367714155, 0.19778593424951074, 0.0, -0.19778593424951074,
  -0.9802452367714155, 0.0]
- [0.0, 0.0, 1.0, -0.9807079425287669, 0.19547872380643588, 0.0, -0.19547872380643588,
  -0.9807079425287669, 0.0]
- [0.0, 0.0, 1.0, -0.9810763112715949, 0.19362146436209196, 0.0, -0.19362146436209196,
  -0.9810763112715949, 0.0]
- [0.0, 0.0, 1.0, -0.9817290859682986, 0.19028400291104094, 0.0, -0.19028400291104094,
  -0.9817290859682986, 0.0]
- [0.0, 0.0, 1.0, -0.9833690444832913, 0.18161861785626085, 0.0, -0.18161861785626085,
  -0.9833690444832913, 0.0]
- [0.0, 0.0, 1.0, -0.9838359981984922, 0.17907185331250772, 0.0, -0.17907185331250772,
  -0.9838359981984922, 0.0]
- [0.0, 0.0, 1.0, -0.9841514182834026, 0.1773301606912011, 0.0, -0.1773301606912011,
  -0.9841514182834026, 0.0]
- [0.0, 0.0, 1.0, -0.9853712760443301, 0.17042138465218776, 0.0, -0.17042138465218776,
  -0.9853712760443301, 0.0]
- [0.0, 0.0, 1.0, -0.9870647995859686, 0.1603218058104124, 0.0, -0.1603218058104124,
  -0.9870647995859686, 0.0]
- [0.0, 0.0, 1.0, -0.9874000508870939, 0.15824392407976998, 0.0, -0.15824392407976998,
  -0.9874000508870939, 0.0]
- [0.0, 0.0, 1.0, -0.9878362690154046, 0.15549760646944258, 0.0, -0.15549760646944258,
  -0.9878362690154046, 0.0]
- [0.0, 0.0, 1.0, -0.9896289518871706, 0.14364726794025812, 0.0, -0.14364726794025812,
  -0.9896289518871706, 0.0]
- [0.0, 0.0, 1.0, -0.9906765901328476, 0.13623470102273502, 0.0, -0.13623470102273502,
  -0.9906765901328476, 0.0]
- [0.0, 0.0, 1.0, -0.9911223594441398, 0.13295288116427298, 0.0, -0.13295288116427298,
  -0.9911223594441398, 0.0]
- [0.0, 0.0, 1.0, -0.9917796613467715, 0.12795742783786865, 0.0, -0.12795742783786865,
  -0.9917796613467715, 0.0]
- [0.0, 0.0, 1.0, -0.9936764923865233, 0.11228102456967308, 0.0, -0.11228102456967308,
  -0.9936764923865233, 0.0]
- [0.0, 0.0, 1.0, -0.9942760413300038, 0.10684172236133495, 0.0, -0.10684172236133495,
  -0.9942760413300038, 0.0]
- [0.0, 0.0, 1.0, -0.9946336551982831, 0.10345961505294175, 0.0, -0.10345961505294175,
  -0.9946336551982831, 0.0]
- [0.0, 0.0, 1.0, -0.995881219446899, 0.09066750659942811, 0.0, -0.09066750659942811,
  -0.995881219446899, 0.0]
- [0.0, 0.0, 1.0, -0.9999886253729863, -0.004769604244076724, 0.0, 0.004769604244076724,
  -0.9999886253729863, 0.0]
- [0.0, 0.0, 1.0, -0.99954615169567, -0.030124585148623872, 0.0, 0.030124585148623872,
  -0.99954615169567, 0.0]
- [0.0, 0.0, 1.0, -0.9976435866134066, 0.06860957724063162, 0.0, -0.06860957724063162,
  -0.9976435866134066, 0.0]
- [0.0, 0.0, 1.0, -0.9985552451508617, 0.053734740919655466, 0.0, -0.053734740919655466,
  -0.9985552451508617, 0.0]
- [0.0, 0.0, 1.0, -0.999272058841699, 0.03814908148661051, 0.0, -0.03814908148661051,
  -0.999272058841699, 0.0]
- [0.0, 0.0, 1.0, -0.9994366374620802, 0.033561997832224334, 0.0, -0.033561997832224334,
  -0.9994366374620802, 0.0]
- [0.0, 0.0, 1.0, -0.999713564789295, 0.023932997645095315, 0.0, -0.023932997645095315,
  -0.999713564789295, 0.0]
- [0.0, 0.0, 1.0, -0.999999499670782, -0.0010003290386055186, 0.0, 0.0010003290386055186,
  -0.999999499670782, 0.0]
- [0.0, 0.0, 1.0, -0.9999595772569437, -0.00899132093267889, 0.0, 0.00899132093267889,
  -0.9999595772569437, 0.0]
- [0.0, 0.0, 1.0, -0.9998684556299814, -0.016219477060497953, 0.0, 0.016219477060497953,
  -0.9998684556299814, 0.0]
- [0.0, 0.0, 1.0, -0.9990471883613137, -0.04364304557834889, 0.0, 0.04364304557834889,
  -0.9990471883613137, 0.0]
- [0.0, 0.0, 1.0, -0.998252285122687, -0.05909632177499306, 0.0, 0.05909632177499306,
  -0.998252285122687, 0.0]
- [0.0, 0.0, 1.0, -0.9977897223014872, -0.06645050842183885, 0.0, 0.06645050842183885,
  -0.9977897223014872, 0.0]
- [0.0, 0.0, 1.0, -0.9959154402960334, -0.0902908399559884, 0.0, 0.0902908399559884,
  -0.9959154402960334, 0.0]
- [0.0, 0.0, 1.0, -0.9932407830347926, -0.11607216253879372, 0.0, 0.11607216253879372,
  -0.9932407830347926, 0.0]
- [0.0, 0.0, 1.0, -0.9922031457530001, -0.1246311259591708, 0.0, 0.1246311259591708,
  -0.9922031457530001, 0.0]
- [0.0, 0.0, 1.0, -0.9943410125911618, -0.10623535512804945, 0.0, 0.10623535512804945,
  -0.9943410125911618, 0.0]
- [0.0, 0.0, 1.0, -0.9942777909361908, -0.10682543915682502, 0.0, 0.10682543915682502,
  -0.9942777909361908, 0.0]
- [0.0, 0.0, 1.0, -0.9788024549896706, -0.20480662612863396, 0.0, 0.20480662612863396,
  -0.9788024549896706, 0.0]
- [0.0, 0.0, 1.0, -0.9689813122900907, -0.2471340050105889, 0.0, 0.2471340050105889,
  -0.9689813122900907, 0.0]
- [0.0, 0.0, 1.0, -0.9651505680680047, -0.2616952062190059, 0.0, 0.2616952062190059,
  -0.9651505680680047, 0.0]
- [0.0, 0.0, 1.0, -0.9574151358889963, -0.28871483780826873, 0.0, 0.28871483780826873,
  -0.9574151358889963, 0.0]
- [0.0, 0.0, 1.0, -0.9446316170312203, -0.32813275987773904, 0.0, 0.32813275987773904,
  -0.9446316170312203, 0.0]
- [0.0, 0.0, 1.0, -0.9400651791539808, -0.3409948077935995, 0.0, 0.3409948077935995,
  -0.9400651791539808, 0.0]
- [0.0, 0.0, 1.0, -0.9209296967405569, -0.38972874369405436, 0.0, 0.38972874369405436,
  -0.9209296967405569, 0.0]
- [0.0, 0.0, 1.0, -0.9109886601682178, -0.41243140162324604, 0.0, 0.41243140162324604,
  -0.9109886601682178, 0.0]
- [0.0, 0.0, 1.0, -0.8973096519098838, -0.4414016182450664, 0.0, 0.4414016182450664,
  -0.8973096519098838, 0.0]
- [0.0, 0.0, 1.0, -0.8735593318824949, -0.4867176734833133, 0.0, 0.4867176734833133,
  -0.8735593318824949, 0.0]
- [0.0, 0.0, 1.0, -0.8647642287876077, -0.5021780845570364, 0.0, 0.5021780845570364,
  -0.8647642287876077, 0.0]
- [0.0, 0.0, 1.0, -0.8278625989185296, -0.5609309380947513, 0.0, 0.5609309380947513,
  -0.8278625989185296, 0.0]
- [0.0, 0.0, 1.0, -0.8152622852516587, -0.5790918806599201, 0.0, 0.5790918806599201,
  -0.8152622852516587, 0.0]
- [0.0, 0.0, 1.0, -0.778170546160947, -0.6280530241051095, 0.0, 0.6280530241051095,
  -0.778170546160947, 0.0]
- [0.0, 0.0, 1.0, -0.7550177754087026, -0.6557043227071894, 0.0, 0.6557043227071894,
  -0.7550177754087026, 0.0]
- [0.0, 0.0, 1.0, -0.7115257717530046, -0.7026600003780571, 0.0, 0.7026600003780571,
  -0.7115257717530046, 0.0]
- [0.0, 0.0, 1.0, -0.6849573140586569, -0.728583199036013, 0.0, 0.728583199036013,
  -0.6849573140586569, 0.0]
- [0.0, 0.0, 1.0, -0.6171195107365898, -0.7868694360999365, 0.0, 0.7868694360999365,
  -0.6171195107365898, 0.0]
- [0.0, 0.0, 1.0, -0.5809028817468092, -0.8139728754560883, 0.0, 0.8139728754560883,
  -0.5809028817468092, 0.0]
- [0.0, 0.0, 1.0, -0.6462527181444149, -0.7631234659548581, 0.0, 0.7631234659548581,
  -0.6462527181444149, 0.0]
- [0.0, 0.0, 1.0, -0.5684560307228499, -0.8227136446752431, 0.0, 0.8227136446752431,
  -0.5684560307228499, 0.0]
- [0.0, 0.0, 1.0, -0.3510872515039331, -0.936342748052984, 0.0, 0.936342748052984,
  -0.3510872515039331, 0.0]
- [0.0, 0.0, 1.0, -0.23902618521870955, -0.9710131218370797, 0.0, 0.9710131218370797,
  -0.23902618521870955, 0.0]
- [0.0, 0.0, 1.0, -0.12426683698081452, -0.9922488363443838, 0.0, 0.9922488363443838,
  -0.12426683698081452, 0.0]
- [0.0, 0.0, 1.0, -0.008514947412183721, -0.9999637471781503, 0.0, 0.9999637471781503,
  -0.008514947412183721, 0.0]
- [0.0, 0.0, 1.0, 0.14469483438730252, -0.9894763286211707, 0.0, 0.9894763286211707,
  0.14469483438730252, 0.0]
- [0.0, 0.0, 1.0, 0.26488377059411705, -0.9642803472413214, 0.0, 0.9642803472413214,
  0.26488377059411705, 0.0]
- [0.0, 0.0, 1.0, 0.3747078086414314, -0.9271429545345942, 0.0, 0.9271429545345942,
  0.3747078086414314, 0.0]
- [0.0, 0.0, 1.0, 0.6036869978119754, -0.797221430138932, 0.0, 0.797221430138932,
  0.6036869978119754, 0.0]
- [0.0, 0.0, 1.0, 0.668725104763863, -0.7435097405270226, 0.0, 0.7435097405270226,
  0.668725104763863, 0.0]
- [0.0, 0.0, 1.0, 0.6083644962500169, -0.7936577598073764, 0.0, 0.7936577598073764,
  0.6083644962500169, 0.0]
- [0.0, 0.0, 1.0, 0.647587744154534, -0.7619908881481732, 0.0, 0.7619908881481732,
  0.647587744154534, 0.0]
- [0.0, 0.0, 1.0, 0.6954489577959702, -0.7185754985389489, 0.0, 0.7185754985389489,
  0.6954489577959702, 0.0]
- [0.0, 0.0, 1.0, 0.7306611549780764, -0.6827402702390593, 0.0, 0.6827402702390593,
  0.7306611549780764, 0.0]
- [0.0, 0.0, 1.0, 0.762547926284292, -0.6469317275567229, 0.0, 0.6469317275567229,
  0.762547926284292, 0.0]
- [0.0, 0.0, 1.0, 0.7907636836538945, -0.612121553789869, 0.0, 0.612121553789869,
  0.7907636836538945, 0.0]
- [0.0, 0.0, 1.0, 0.8168990962923549, -0.5767806051495956, 0.0, 0.5767806051495956,
  0.8168990962923549, 0.0]
- [0.0, 0.0, 1.0, 0.8353343354755821, -0.5497422559487014, 0.0, 0.5497422559487014,
  0.8353343354755821, 0.0]
- [0.0, 0.0, 1.0, 0.8618133247905776, -0.5072255841471429, 0.0, 0.5072255841471429,
  0.8618133247905776, 0.0]
- [0.0, 0.0, 1.0, 0.8722303392039488, -0.489095323400423, 0.0, 0.489095323400423,
  0.8722303392039488, 0.0]
- [0.0, 0.0, 1.0, 0.8952962345973192, -0.4454712699107114, 0.0, 0.4454712699107114,
  0.8952962345973192, 0.0]
- [0.0, 0.0, 1.0, 0.9050916210215535, -0.42521660075375284, 0.0, 0.42521660075375284,
  0.9050916210215535, 0.0]
- [0.0, 0.0, 1.0, 0.9188099120872006, -0.3947003236004634, 0.0, 0.3947003236004634,
  0.9188099120872006, 0.0]
- [0.0, 0.0, 1.0, 0.9329020312156373, -0.36013025442711427, 0.0, 0.36013025442711427,
  0.9329020312156373, 0.0]
- [0.0, 0.0, 1.0, 0.9382093107513717, -0.3460683302751582, 0.0, 0.3460683302751582,
  0.9382093107513717, 0.0]
- [0.0, 0.0, 1.0, 0.9518579349327146, -0.3065395108393497, 0.0, 0.3065395108393497,
  0.9518579349327146, 0.0]
- [0.0, 0.0, 1.0, 0.9581718048033032, -0.2861936276019801, 0.0, 0.2861936276019801,
  0.9581718048033032, 0.0]
- [0.0, 0.0, 1.0, 0.9795437918495963, -0.20123111053938636, 0.0, 0.20123111053938636,
  0.9795437918495963, 0.0]
- [0.0, 0.0, 1.0, 0.9887397841698983, -0.14964504401971684, 0.0, 0.14964504401971684,
  0.9887397841698983, 0.0]
- [0.0, 0.0, 1.0, 0.976443275570595, -0.21577425609411113, 0.0, 0.21577425609411113,
  0.976443275570595, 0.0]
- [0.0, 0.0, 1.0, 0.980153243831706, -0.19824131407500392, 0.0, 0.19824131407500392,
  0.980153243831706, 0.0]
- [0.0, 0.0, 1.0, 0.9874525403039245, -0.15791605569835646, 0.0, 0.15791605569835646,
  0.9874525403039245, 0.0]
- [0.0, 0.0, 1.0, 0.9888482586580727, -0.14892656361071943, 0.0, 0.14892656361071943,
  0.9888482586580727, 0.0]
- [0.0, 0.0, 1.0, 0.9918993136653428, -0.12702657812529516, 0.0, 0.12702657812529516,
  0.9918993136653428, 0.0]
- [0.0, 0.0, 1.0, 0.9956509942285998, -0.09316167501500154, 0.0, 0.09316167501500154,
  0.9956509942285998, 0.0]
- [0.0, 0.0, 1.0, 0.9963815642384399, -0.08499281408307047, 0.0, 0.08499281408307047,
  0.9963815642384399, 0.0]
- [0.0, 0.0, 1.0, 0.9980026495932167, -0.06317207773153725, 0.0, 0.06317207773153725,
  0.9980026495932167, 0.0]
- [0.0, 0.0, 1.0, 0.9994735787031421, -0.03244326546965083, 0.0, 0.03244326546965083,
  0.9994735787031421, 0.0]
- [0.0, 0.0, 1.0, 0.9997009026187452, -0.02445619151189239, 0.0, 0.02445619151189239,
  0.9997009026187452, 0.0]
- [0.0, 0.0, 1.0, 0.9999697997642658, -0.007771715345670537, 0.0, 0.007771715345670537,
  0.9999697997642658, 0.0]
- [0.0, 0.0, 1.0, 0.9996666691378429, 0.025817641543151464, 0.0, -0.025817641543151464,
  0.9996666691378429, 0.0]
- [0.0, 0.0, 1.0, 0.9994515862947924, 0.03311384382434732, 0.0, -0.03311384382434732,
  0.9994515862947924, 0.0]
- [0.0, 0.0, 1.0, 0.9998002833472085, -0.019984829717603424, 0.0, 0.019984829717603424,
  0.9998002833472085, 0.0]
- [0.0, 0.0, 1.0, 0.9999678015980431, 0.008024697326166, 0.0, -0.008024697326166,
  0.9999678015980431, 0.0]
- [0.0, 0.0, 1.0, 0.996197940311435, 0.08711867606463439, 0.0, -0.08711867606463439,
  0.996197940311435, 0.0]
- [0.0, 0.0, 1.0, 0.9956160510961178, 0.09353437229047179, 0.0, -0.09353437229047179,
  0.9956160510961178, 0.0]
- [0.0, 0.0, 1.0, 0.9926002188445935, 0.12142819091819242, 0.0, -0.12142819091819242,
  0.9926002188445935, 0.0]
- [0.0, 0.0, 1.0, 0.9904008435949859, 0.13822506649063307, 0.0, -0.13822506649063307,
  0.9904008435949859, 0.0]
- [0.0, 0.0, 1.0, 0.989573034007567, 0.14403197688381109, 0.0, -0.14403197688381109,
  0.989573034007567, 0.0]
- [0.0, 0.0, 1.0, 0.9883613826716863, 0.1521242164920246, 0.0, -0.1521242164920246,
  0.9883613826716863, 0.0]
- [0.0, 0.0, 1.0, 0.9824942162602294, 0.18629308901619962, 0.0, -0.18629308901619962,
  0.9824942162602294, 0.0]
- [0.0, 0.0, 1.0, 0.981476500772609, 0.19158256296217302, 0.0, -0.19158256296217302,
  0.981476500772609, 0.0]
- [0.0, 0.0, 1.0, 0.9803468407869934, 0.19728170659988103, 0.0, -0.19728170659988103,
  0.9803468407869934, 0.0]
- [0.0, 0.0, 1.0, 0.976919893086183, 0.21360599825960153, 0.0, -0.21360599825960153,
  0.976919893086183, 0.0]
- [0.0, 0.0, 1.0, 0.9718530459954623, 0.2355878965255677, 0.0, -0.2355878965255677,
  0.9718530459954623, 0.0]
- [0.0, 0.0, 1.0, 0.9705425103378281, 0.2409299392502869, 0.0, -0.2409299392502869,
  0.9705425103378281, 0.0]
- [0.0, 0.0, 1.0, 0.9692992731898308, 0.2458839543233068, 0.0, -0.2458839543233068,
  0.9692992731898308, 0.0]
- [0.0, 0.0, 1.0, 0.9638427462296891, 0.2664716880653762, 0.0, -0.2664716880653762,
  0.9638427462296891, 0.0]
- [0.0, 0.0, 1.0, 0.9598854767269112, 0.2803923529070478, 0.0, -0.2803923529070478,
  0.9598854767269112, 0.0]
- [0.0, 0.0, 1.0, 0.9587289585641683, 0.2843216207228449, 0.0, -0.2843216207228449,
  0.9587289585641683, 0.0]
- [0.0, 0.0, 1.0, 0.9576789478561365, 0.28783855341695214, 0.0, -0.28783855341695214,
  0.9576789478561365, 0.0]
- [0.0, 0.0, 1.0, 0.9509942942066385, 0.3092084287117955, 0.0, -0.3092084287117955,
  0.9509942942066385, 0.0]
- [0.0, 0.0, 1.0, 0.9484735972538816, 0.31685617448975395, 0.0, -0.31685617448975395,
  0.9484735972538816, 0.0]
- [0.0, 0.0, 1.0, 0.9474115950183447, 0.32001760830428677, 0.0, -0.32001760830428677,
  0.9474115950183447, 0.0]
- [0.0, 0.0, 1.0, 0.9459505044692127, 0.32431102832688585, 0.0, -0.32431102832688585,
  0.9459505044692127, 0.0]
- [0.0, 0.0, 1.0, 0.9405733379764863, 0.33959062985861427, 0.0, -0.33959062985861427,
  0.9405733379764863, 0.0]
- [0.0, 0.0, 1.0, 0.9385595541920476, 0.34511731807433965, 0.0, -0.34511731807433965,
  0.9385595541920476, 0.0]
- [0.0, 0.0, 1.0, 0.9374863113861504, 0.3480221486681415, 0.0, -0.3480221486681415,
  0.9374863113861504, 0.0]
- [0.0, 0.0, 1.0, 0.9362291269090035, 0.3513901278169391, 0.0, -0.3513901278169391,
  0.9362291269090035, 0.0]
- [0.0, 0.0, 1.0, 0.9326394660793655, 0.3608096815652206, 0.0, -0.3608096815652206,
  0.9326394660793655, 0.0]
- [0.0, 0.0, 1.0, 0.9313280983504034, 0.3641812367805641, 0.0, -0.3641812367805641,
  0.9313280983504034, 0.0]
- [0.0, 0.0, 1.0, 0.9306737431259797, 0.36585022052183847, 0.0, -0.36585022052183847,
  0.9306737431259797, 0.0]
- [0.0, 0.0, 1.0, 0.9300867133400418, 0.36734004092709377, 0.0, -0.36734004092709377,
  0.9300867133400418, 0.0]
- [0.0, 0.0, 1.0, 0.928765777421901, 0.3706671427168745, 0.0, -0.3706671427168745,
  0.928765777421901, 0.0]
- [0.0, 0.0, 1.0, 0.9284461108657185, 0.37146711727731974, 0.0, -0.37146711727731974,
  0.9284461108657185, 0.0]
- [0.0, 0.0, 1.0, 0.9282885406351026, 0.37186070688572614, 0.0, -0.37186070688572614,
  0.9282885406351026, 0.0]
- [0.0, 0.0, 1.0, 0.9285901114617956, 0.3711069992540829, 0.0, -0.3711069992540829,
  0.9285901114617956, 0.0]
- [0.0, 0.0, 1.0, 0.9300041765960085, 0.36754895118062864, 0.0, -0.36754895118062864,
  0.9300041765960085, 0.0]
- [0.0, 0.0, 1.0, 0.9302489909969494, 0.3669288960400336, 0.0, -0.3669288960400336,
  0.9302489909969494, 0.0]
- [0.0, 0.0, 1.0, 0.9306722245632678, 0.36585408351753895, 0.0, -0.36585408351753895,
  0.9306722245632678, 0.0]
- [0.0, 0.0, 1.0, 0.9330731374465753, 0.359686697245818, 0.0, -0.359686697245818,
  0.9330731374465753, 0.0]
- [0.0, 0.0, 1.0, 0.9361953176591867, 0.3514801945956762, 0.0, -0.3514801945956762,
  0.9361953176591867, 0.0]
- [0.0, 0.0, 1.0, 0.9369935964250852, 0.3493465331993214, 0.0, -0.3493465331993214,
  0.9369935964250852, 0.0]
