nodes:
- [1.77226343 0.00471115 0.00000000]
- [1.74973980 0.00774025 0.00000000]
- [1.72384417 0.01275233 0.00000000]
- [1.69794257 0.01775833 0.00000000]
- [1.67204216 0.02278577 0.00000000]
- [1.64614292 0.02783281 0.00000000]
- [1.62025035 0.03292424 0.00000000]
- [1.59436682 0.03805217 0.00000000]
- [1.56848566 0.04320862 0.00000000]
- [1.54261892 0.04843049 0.00000000]
- [1.51675653 0.05366870 0.00000000]
- [1.49090405 0.05896365 0.00000000]
- [1.46506132 0.06428905 0.00000000]
- [1.43922165 0.06964051 0.00000000]
- [1.41339281 0.07504343 0.00000000]
- [1.38757343 0.08047003 0.00000000]
- [1.36175392 0.08590942 0.00000000]
- [1.33594509 0.09139784 0.00000000]
- [1.31014133 0.09689531 0.00000000]
- [1.28433809 0.10241533 0.00000000]
- [1.25854595 0.10798213 0.00000000]
- [1.23275989 0.11356090 0.00000000]
- [1.20697632 0.11915631 0.00000000]
- [1.18070347 0.12250885 0.00000000]
- [1.15552482 0.12563768 0.00000000]
- [1.13084304 0.13103566 0.00000000]
- [1.10616310 0.13643989 0.00000000]
- [1.08148417 0.14184595 0.00000000]
- [1.05680857 0.14725497 0.00000000]
- [1.03213680 0.15265222 0.00000000]
- [1.00745751 0.15802384 0.00000000]
- [0.98192696 0.16357903 0.00000000]
- [0.95640552 0.16912738 0.00000000]
- [0.93087743 0.17462241 0.00000000]
- [0.90533323 0.18009168 0.00000000]
- [0.87979050 0.18555877 0.00000000]
- [0.85425921 0.19098455 0.00000000]
- [0.82870213 0.19631266 0.00000000]
- [0.80312463 0.20163229 0.00000000]
- [0.77756875 0.20693777 0.00000000]
- [0.75200126 0.21211016 0.00000000]
- [0.72639476 0.21720274 0.00000000]
- [0.70077770 0.22227677 0.00000000]
- [0.67518438 0.22729299 0.00000000]
- [0.64955588 0.23212022 0.00000000]
- [0.62388177 0.23689713 0.00000000]
- [0.59821849 0.24165721 0.00000000]
- [0.57256709 0.24628657 0.00000000]
- [0.54686645 0.25073192 0.00000000]
- [0.52112336 0.25513890 0.00000000]
- [0.49542376 0.25952530 0.00000000]
- [0.46970020 0.26363520 0.00000000]
- [0.44391013 0.26763491 0.00000000]
- [0.41811316 0.27160055 0.00000000]
- [0.39235715 0.27544758 0.00000000]
- [0.36606330 0.27536965 0.00000000]
- [0.34196814 0.27491224 0.00000000]
- [0.31840301 0.27803754 0.00000000]
- [0.29491584 0.28095013 0.00000000]
- [0.27134558 0.28357601 0.00000000]
- [0.24565977 0.28635958 0.00000000]
- [0.22008198 0.28909496 0.00000000]
- [0.19454069 0.29142012 0.00000000]
- [0.16885451 0.29350086 0.00000000]
- [0.14315167 0.29553365 0.00000000]
- [0.11759760 0.29733635 0.00000000]
- [0.09197357 0.29861366 0.00000000]
- [0.06618744 0.29979061 0.00000000]
- [0.04058233 0.30088789 0.00000000]
- [0.01503184 0.30133985 0.00000000]
- [-0.01072243 0.30151336 0.00000000]
- [-0.03640219 0.30161962 0.00000000]
- [-0.06191512 0.30122851 0.00000000]
- [-0.08756388 0.30029690 0.00000000]
- [-0.11325250 0.29929441 0.00000000]
- [-0.13870823 0.29788958 0.00000000]
- [-0.16422202 0.29579535 0.00000000]
- [-0.18983630 0.29357963 0.00000000]
- [-0.21519013 0.29102347 0.00000000]
- [-0.24053869 0.28769810 0.00000000]
- [-0.26599300 0.28422819 0.00000000]
- [-0.29115715 0.28039191 0.00000000]
- [-0.31629153 0.27574461 0.00000000]
- [-0.34146153 0.27098536 0.00000000]
- [-0.36632074 0.26563322 0.00000000]
- [-0.39122568 0.25962380 0.00000000]
- [-0.41596349 0.25354920 0.00000000]
- [-0.44036196 0.24647138 0.00000000]
- [-0.46487337 0.23905704 0.00000000]
- [-0.48902848 0.23125830 0.00000000]
- [-0.51298381 0.22254122 0.00000000]
- [-0.53502950 0.21435583 0.00000000]
- [-0.55664169 0.20525881 0.00000000]
- [-0.57822077 0.19581342 0.00000000]
- [-0.60096209 0.18904284 0.00000000]
- [-0.62575099 0.18035085 0.00000000]
- [-0.64848615 0.16767836 0.00000000]
- [-0.67062530 0.15413267 0.00000000]
- [-0.69208956 0.13954134 0.00000000]
- [-0.71451260 0.12630365 0.00000000]
- [-0.73589739 0.11123231 0.00000000]
- [-0.75447976 0.09292037 0.00000000]
- [-0.77134488 0.07316869 0.00000000]
- [-0.78565671 0.05176901 0.00000000]
- [-0.79591100 0.02848381 0.00000000]
- [-0.80057444 0.00389822 0.00000000]
- [-0.79763249 -0.02056608 0.00000000]
- [-0.78613482 -0.04258460 0.00000000]
- [-0.76967315 -0.06213618 0.00000000]
- [-0.75057777 -0.07970488 0.00000000]
- [-0.72994119 -0.09572005 0.00000000]
- [-0.70682689 -0.10827906 0.00000000]
- [-0.68344820 -0.11971563 0.00000000]
- [-0.66081013 -0.13236626 0.00000000]
- [-0.63786017 -0.14448755 0.00000000]
- [-0.61438128 -0.15565114 0.00000000]
- [-0.59071054 -0.16644053 0.00000000]
- [-0.56660359 -0.17632484 0.00000000]
- [-0.54242904 -0.18599026 0.00000000]
- [-0.51664024 -0.19120222 0.00000000]
- [-0.49451030 -0.19504805 0.00000000]
- [-0.47354185 -0.20169799 0.00000000]
- [-0.44869456 -0.20899428 0.00000000]
- [-0.42398463 -0.21612415 0.00000000]
- [-0.39900035 -0.22221449 0.00000000]
- [-0.37377848 -0.22822756 0.00000000]
- [-0.34867254 -0.23375181 0.00000000]
- [-0.32328282 -0.23854287 0.00000000]
- [-0.29784452 -0.24326693 0.00000000]
- [-0.27245350 -0.24730152 0.00000000]
- [-0.24677229 -0.25082397 0.00000000]
- [-0.22115212 -0.25428176 0.00000000]
- [-0.19557047 -0.25697685 0.00000000]
- [-0.16971293 -0.25927166 0.00000000]
- [-0.14394016 -0.26148823 0.00000000]
- [-0.11824595 -0.26300371 0.00000000]
- [-0.09231656 -0.26409334 0.00000000]
- [-0.06642653 -0.26510165 0.00000000]
- [-0.04069681 -0.26554282 0.00000000]
- [-0.01480006 -0.26540360 0.00000000]
- [0.01118077 -0.26516620 0.00000000]
- [0.03692818 -0.26459979 0.00000000]
- [0.06271606 -0.26327361 0.00000000]
- [0.08870974 -0.26179514 0.00000000]
- [0.11447676 -0.26019860 0.00000000]
- [0.14012326 -0.25782653 0.00000000]
- [0.16598760 -0.25512706 0.00000000]
- [0.19178633 -0.25237527 0.00000000]
- [0.21732808 -0.24917003 0.00000000]
- [0.24292657 -0.24530381 0.00000000]
- [0.26869190 -0.24135475 0.00000000]
- [0.29418411 -0.23732006 0.00000000]
- [0.31950394 -0.23249383 0.00000000]
- [0.34655533 -0.22709797 0.00000000]
- [0.37353188 -0.22160983 0.00000000]
- [0.40025384 -0.21575982 0.00000000]
- [0.42694051 -0.20926613 0.00000000]
- [0.45466616 -0.20618569 0.00000000]
- [0.48048261 -0.20353150 0.00000000]
- [0.50524885 -0.19674342 0.00000000]
- [0.53009422 -0.18979375 0.00000000]
- [0.55493729 -0.18279931 0.00000000]
- [0.57968871 -0.17574101 0.00000000]
- [0.60433645 -0.16830549 0.00000000]
- [0.62904091 -0.16079515 0.00000000]
- [0.65373606 -0.15327077 0.00000000]
- [0.67837450 -0.14568081 0.00000000]
- [0.70297147 -0.13790609 0.00000000]
- [0.72760379 -0.13011662 0.00000000]
- [0.75223949 -0.12232596 0.00000000]
- [0.77688076 -0.11454852 0.00000000]
- [0.80152608 -0.10677656 0.00000000]
- [0.82618144 -0.09902789 0.00000000]
- [0.85087833 -0.09128647 0.00000000]
- [0.87565161 -0.08374234 0.00000000]
- [0.90041982 -0.07629705 0.00000000]
- [0.92520277 -0.06889359 0.00000000]
- [0.95009271 -0.06156686 0.00000000]
- [0.97510300 -0.05466997 0.00000000]
- [1.00005783 -0.04788515 0.00000000]
- [1.02427723 -0.04133376 0.00000000]
- [1.04865735 -0.03510868 0.00000000]
- [1.07307586 -0.02927198 0.00000000]
- [1.09744414 -0.02353158 0.00000000]
- [1.12196083 -0.01780287 0.00000000]
- [1.14666108 -0.01281659 0.00000000]
- [1.17168985 -0.01028617 0.00000000]
- [1.19810791 -0.00754057 0.00000000]
- [1.22424106 -0.00314993 0.00000000]
- [1.25039205 0.00076165 0.00000000]
- [1.27656452 0.00457957 0.00000000]
- [1.30285240 0.00786382 0.00000000]
- [1.32915720 0.01062772 0.00000000]
- [1.35547779 0.01326985 0.00000000]
- [1.38187885 0.01536869 0.00000000]
- [1.40826756 0.01702512 0.00000000]
- [1.43469866 0.01856434 0.00000000]
- [1.46117715 0.01934327 0.00000000]
- [1.48761701 0.01986133 0.00000000]
- [1.51410870 0.02004038 0.00000000]
- [1.54057901 0.01950662 0.00000000]
- [1.56704828 0.01880378 0.00000000]
- [1.59349689 0.01736370 0.00000000]
- [1.61990590 0.01564585 0.00000000]
- [1.64629038 0.01342686 0.00000000]
- [1.67261546 0.01080377 0.00000000]
- [1.69889842 0.00789654 0.00000000]
- [1.72513024 0.00469060 0.00000000]
- [1.75132114 0.00135709 0.00000000]
- [1.77291164 -0.00344432 0.00000000]
- [1.00098279 -0.02214653 0.00000000]
- [1.00190775 0.00359210 0.00000000]
- [1.00283271 0.02933072 0.00000000]
- [1.00375767 0.05506935 0.00000000]
- [1.00468263 0.08080797 0.00000000]
- [1.00560759 0.10654659 0.00000000]
- [1.00653255 0.13228522 0.00000000]
- [-0.47600697 -0.17518304 0.00000000]
- [-0.47847209 -0.14866809 0.00000000]
- [-0.48093722 -0.12215314 0.00000000]
- [-0.48340234 -0.09563819 0.00000000]
- [-0.48586746 -0.06912324 0.00000000]
- [-0.48833258 -0.04260829 0.00000000]
- [-0.49079771 -0.01609334 0.00000000]
- [-0.49326283 0.01042161 0.00000000]
- [-0.49572795 0.03693657 0.00000000]
- [-0.49819308 0.06345152 0.00000000]
- [-0.50065820 0.08996647 0.00000000]
- [-0.50312332 0.11648142 0.00000000]
- [-0.50558844 0.14299637 0.00000000]
- [-0.50805357 0.16951132 0.00000000]
- [-0.51051869 0.19602627 0.00000000]
- [0.31709603 -0.20669034 0.00000000]
- [0.31468811 -0.18088685 0.00000000]
- [0.31228019 -0.15508336 0.00000000]
- [0.30987227 -0.12927986 0.00000000]
- [0.30746435 -0.10347637 0.00000000]
- [0.30505643 -0.07767288 0.00000000]
- [0.30264852 -0.05186939 0.00000000]
- [0.30024060 -0.02606590 0.00000000]
- [0.29783268 -0.00026240 0.00000000]
- [0.29542476 0.02554109 0.00000000]
- [0.29301684 0.05134458 0.00000000]
- [0.29060892 0.07714807 0.00000000]
- [0.28820101 0.10295157 0.00000000]
- [0.28579309 0.12875506 0.00000000]
- [0.28338517 0.15455855 0.00000000]
- [0.28097725 0.18036204 0.00000000]
- [0.27856933 0.20616554 0.00000000]
- [0.27616141 0.23196903 0.00000000]
- [0.27375350 0.25777252 0.00000000]
elements:
- [1 2]
- [2 3]
- [3 4]
- [4 5]
- [5 6]
- [6 7]
- [7 8]
- [8 9]
- [9 10]
- [10 11]
- [11 12]
- [12 13]
- [13 14]
- [14 15]
- [15 16]
- [16 17]
- [17 18]
- [18 19]
- [19 20]
- [20 21]
- [21 22]
- [22 23]
- [23 24]
- [24 25]
- [25 26]
- [26 27]
- [27 28]
- [28 29]
- [29 30]
- [30 31]
- [31 32]
- [32 33]
- [33 34]
- [34 35]
- [35 36]
- [36 37]
- [37 38]
- [38 39]
- [39 40]
- [40 41]
- [41 42]
- [42 43]
- [43 44]
- [44 45]
- [45 46]
- [46 47]
- [47 48]
- [48 49]
- [49 50]
- [50 51]
- [51 52]
- [52 53]
- [53 54]
- [54 55]
- [55 56]
- [56 57]
- [57 58]
- [58 59]
- [59 60]
- [60 61]
- [61 62]
- [62 63]
- [63 64]
- [64 65]
- [65 66]
- [66 67]
- [67 68]
- [68 69]
- [69 70]
- [70 71]
- [71 72]
- [72 73]
- [73 74]
- [74 75]
- [75 76]
- [76 77]
- [77 78]
- [78 79]
- [79 80]
- [80 81]
- [81 82]
- [82 83]
- [83 84]
- [84 85]
- [85 86]
- [86 87]
- [87 88]
- [88 89]
- [89 90]
- [90 91]
- [91 92]
- [92 93]
- [93 94]
- [94 95]
- [95 96]
- [96 97]
- [97 98]
- [98 99]
- [99 100]
- [100 101]
- [101 102]
- [102 103]
- [103 104]
- [104 105]
- [105 106]
- [106 107]
- [107 108]
- [108 109]
- [109 110]
- [110 111]
- [111 112]
- [112 113]
- [113 114]
- [114 115]
- [115 116]
- [116 117]
- [117 118]
- [118 119]
- [119 120]
- [120 121]
- [121 122]
- [122 123]
- [123 124]
- [124 125]
- [125 126]
- [126 127]
- [127 128]
- [128 129]
- [129 130]
- [130 131]
- [131 132]
- [132 133]
- [133 134]
- [134 135]
- [135 136]
- [136 137]
- [137 138]
- [138 139]
- [139 140]
- [140 141]
- [141 142]
- [142 143]
- [143 144]
- [144 145]
- [145 146]
- [146 147]
- [147 148]
- [148 149]
- [149 150]
- [150 151]
- [151 152]
- [152 153]
- [153 154]
- [154 155]
- [155 156]
- [156 157]
- [157 158]
- [158 159]
- [159 160]
- [160 161]
- [161 162]
- [162 163]
- [163 164]
- [164 165]
- [165 166]
- [166 167]
- [167 168]
- [168 169]
- [169 170]
- [170 171]
- [171 172]
- [172 173]
- [173 174]
- [174 175]
- [175 176]
- [176 177]
- [177 178]
- [178 179]
- [179 180]
- [180 181]
- [181 182]
- [182 183]
- [183 184]
- [184 185]
- [185 186]
- [186 187]
- [187 188]
- [188 189]
- [189 190]
- [190 191]
- [191 192]
- [192 193]
- [193 194]
- [194 195]
- [195 196]
- [196 197]
- [197 198]
- [198 199]
- [199 200]
- [200 201]
- [201 202]
- [202 203]
- [203 204]
- [204 205]
- [205 206]
- [206 207]
- [207 208]
- [208 209]
- [209 210]
- [210 1]
- [180 211]
- [211 212]
- [212 213]
- [213 214]
- [214 215]
- [215 216]
- [216 217]
- [217 31]
- [122 218]
- [218 219]
- [219 220]
- [220 221]
- [221 222]
- [222 223]
- [223 224]
- [224 225]
- [225 226]
- [226 227]
- [227 228]
- [228 229]
- [229 230]
- [230 231]
- [231 232]
- [232 91]
- [153 233]
- [233 234]
- [234 235]
- [235 236]
- [236 237]
- [237 238]
- [238 239]
- [239 240]
- [240 241]
- [241 242]
- [242 243]
- [243 244]
- [244 245]
- [245 246]
- [246 247]
- [247 248]
- [248 249]
- [249 250]
- [250 251]
- [251 60]
sets:
  element:
  - name: layup_0
    labels:
    - 1
    - 2
    - 3
    - 4
    - 5
    - 6
    - 7
    - 8
    - 9
    - 10
    - 11
    - 12
    - 13
    - 14
    - 15
    - 16
    - 17
    - 18
    - 19
    - 20
    - 21
    - 22
    - 23
    - 187
    - 188
    - 189
    - 190
    - 191
    - 192
    - 193
    - 194
    - 195
    - 196
    - 197
    - 198
    - 199
    - 200
    - 201
    - 202
    - 203
    - 204
    - 205
    - 206
    - 207
    - 208
    - 209
    - 210
  - name: layup_1
    labels:
    - 24
    - 25
    - 26
    - 27
    - 28
    - 29
    - 30
    - 31
    - 32
    - 33
    - 34
    - 35
    - 36
    - 37
    - 38
    - 39
    - 40
    - 41
    - 42
    - 43
    - 44
    - 45
    - 46
    - 47
    - 48
    - 49
    - 50
    - 51
    - 52
    - 53
    - 54
    - 55
    - 95
    - 96
    - 97
    - 98
    - 99
    - 112
    - 113
    - 114
    - 115
    - 116
    - 117
    - 118
    - 119
    - 158
    - 159
    - 160
    - 161
    - 162
    - 163
    - 164
    - 165
    - 166
    - 167
    - 168
    - 169
    - 170
    - 171
    - 172
    - 173
    - 174
    - 175
    - 176
    - 177
    - 178
    - 179
    - 180
    - 181
    - 182
    - 183
    - 184
    - 185
    - 186
  - name: layup_2
    labels:
    - 56
    - 57
    - 58
    - 59
    - 60
    - 61
    - 62
    - 63
    - 64
    - 65
    - 66
    - 67
    - 68
    - 69
    - 70
    - 71
    - 72
    - 73
    - 74
    - 75
    - 76
    - 77
    - 78
    - 79
    - 80
    - 81
    - 82
    - 83
    - 84
    - 85
    - 86
    - 87
    - 88
    - 89
    - 90
    - 91
    - 92
    - 93
    - 94
    - 120
    - 121
    - 122
    - 123
    - 124
    - 125
    - 126
    - 127
    - 128
    - 129
    - 130
    - 131
    - 132
    - 133
    - 134
    - 135
    - 136
    - 137
    - 138
    - 139
    - 140
    - 141
    - 142
    - 143
    - 144
    - 145
    - 146
    - 147
    - 148
    - 149
    - 150
    - 151
    - 152
    - 153
    - 154
    - 155
    - 156
    - 157
  - name: layup_3
    labels:
    - 100
    - 101
    - 102
    - 103
    - 104
    - 105
    - 106
    - 107
    - 108
    - 109
    - 110
    - 111
  - name: layup_4
    labels:
    - 211
    - 212
    - 213
    - 214
    - 215
    - 216
    - 217
    - 218
  - name: layup_5
    labels:
    - 219
    - 220
    - 221
    - 222
    - 223
    - 224
    - 225
    - 226
    - 227
    - 228
    - 229
    - 230
    - 231
    - 232
    - 233
    - 234
    - 235
    - 236
    - 237
    - 238
    - 239
    - 240
    - 241
    - 242
    - 243
    - 244
    - 245
    - 246
    - 247
    - 248
    - 249
    - 250
    - 251
    - 252
    - 253
    - 254
sections:
- type: shell
  elementSet: layup_0
  layup:
  - - gelcoat
    - 0.0005
    - 0.0
  - - glass_triax
    - 0.003
    - 0.0
  - - glass_uniax
    - 0.0051
    - 0.0
  - - glass_triax
    - 0.003
    - 0.0
- type: shell
  elementSet: layup_1
  layup:
  - - gelcoat
    - 0.0005
    - 0.0
  - - glass_triax
    - 0.003
    - 0.0
  - - medium_density_foam
    - 0.01437466
    - 0.0
  - - glass_triax
    - 0.003
    - 0.0
- type: shell
  elementSet: layup_2
  layup:
  - - gelcoat
    - 0.0005
    - 0.0
  - - glass_triax
    - 0.003
    - 0.0
  - - carbon_uniax
    - 0.02892497
    - 0.0
  - - glass_triax
    - 0.003
    - 0.0
- type: shell
  elementSet: layup_3
  layup:
  - - gelcoat
    - 0.0005
    - 0.0
  - - glass_triax
    - 0.003
    - 0.0
  - - glass_uniax
    - 0.00385
    - 0.0
  - - glass_triax
    - 0.003
    - 0.0
- type: shell
  elementSet: layup_4
  layup:
  - - glass_biax
    - 0.002
    - 0.0
  - - medium_density_foam
    - 0.03
    - 0.0
  - - glass_biax
    - 0.002
    - 0.0
- type: shell
  elementSet: layup_5
  layup:
  - - glass_biax
    - 0.002
    - 0.0
  - - medium_density_foam
    - 0.018
    - 0.0
  - - glass_biax
    - 0.002
    - 0.0
elementOrientations:
- [0.0, 0.0, 1.0, -0.9910777197790738, 0.13328523308120685, 0.0, -0.13328523308120685,
  -0.9910777197790738, 0.0]
- [0.0, 0.0, 1.0, -0.9817796436246021, 0.1900229758854158, 0.0, -0.1900229758854158,
  -0.9817796436246021, 0.0]
- [0.0, 0.0, 1.0, -0.9818308671451725, 0.18975813110630746, 0.0, -0.18975813110630746,
  -0.9818308671451725, 0.0]
- [0.0, 0.0, 1.0, -0.9816774879772902, 0.19055001862659915, 0.0, -0.19055001862659915,
  -0.9816774879772902, 0.0]
- [0.0, 0.0, 1.0, -0.9815366251852582, 0.19127428844445885, 0.0, -0.19127428844445885,
  -0.9815366251852582, 0.0]
- [0.0, 0.0, 1.0, -0.9812101500957713, 0.19294206733896566, 0.0, -0.19294206733896566,
  -0.9812101500957713, 0.0]
- [0.0, 0.0, 1.0, -0.9809345532961111, 0.19433837024571085, 0.0, -0.19433837024571085,
  -0.9809345532961111, 0.0]
- [0.0, 0.0, 1.0, -0.9807245398938597, 0.19539543712681048, 0.0, -0.19539543712681048,
  -0.9807245398938597, 0.0]
- [0.0, 0.0, 1.0, -0.9802255250361711, 0.1978836023210681, 0.0, -0.1978836023210681,
  -0.9802255250361711, 0.0]
- [0.0, 0.0, 1.0, -0.9800987137263905, 0.1985107335936143, 0.0, -0.1985107335936143,
  -0.9800987137263905, 0.0]
- [0.0, 0.0, 1.0, -0.9796632263580506, 0.2006488547730461, 0.0, -0.2006488547730461,
  -0.9796632263580506, 0.0]
- [0.0, 0.0, 1.0, -0.9794208395922677, 0.20182868718885694, 0.0, -0.20182868718885694,
  -0.9794208395922677, 0.0]
- [0.0, 0.0, 1.0, -0.9792203724594528, 0.20279906844058873, 0.0, -0.20279906844058873,
  -0.9792203724594528, 0.0]
- [0.0, 0.0, 1.0, -0.9788143239112376, 0.20474989452057565, 0.0, -0.20474989452057565,
  -0.9788143239112376, 0.0]
- [0.0, 0.0, 1.0, -0.9786189161538682, 0.20568183426308748, 0.0, -0.20568183426308748,
  -0.9786189161538682, 0.0]
- [0.0, 0.0, 1.0, -0.9785214750683509, 0.2061449073590195, 0.0, -0.2061449073590195,
  -0.9785214750683509, 0.0]
- [0.0, 0.0, 1.0, -0.9781277008703171, 0.20800529029365455, 0.0, -0.20800529029365455,
  -0.9781277008703171, 0.0]
- [0.0, 0.0, 1.0, -0.9780494874881809, 0.20837274299703126, 0.0, -0.20837274299703126,
  -0.9780494874881809, 0.0]
- [0.0, 0.0, 1.0, -0.9778741176577807, 0.20919419211588358, 0.0, -0.20919419211588358,
  -0.9778741176577807, 0.0]
- [0.0, 0.0, 1.0, -0.9774914775268534, 0.2109749069495446, 0.0, -0.2109749069495446,
  -0.9774914775268534, 0.0]
- [0.0, 0.0, 1.0, -0.9773875121254693, 0.21145602649531084, 0.0, -0.21145602649531084,
  -0.9773875121254693, 0.0]
- [0.0, 0.0, 1.0, -0.9772527089218932, 0.21207815282301334, 0.0, -0.21207815282301334,
  -0.9772527089218932, 0.0]
- [0.0, 0.0, 1.0, -0.9919565892377168, 0.1265785332032085, 0.0, -0.1265785332032085,
  -0.9919565892377168, 0.0]
- [0.0, 0.0, 1.0, -0.9923673975510112, 0.12331645582740898, 0.0, -0.12331645582740898,
  -0.9923673975510112, 0.0]
- [0.0, 0.0, 1.0, -0.9769095460492473, 0.21365331459599177, 0.0, -0.21365331459599177,
  -0.9769095460492473, 0.0]
- [0.0, 0.0, 1.0, -0.9768546301888372, 0.21390425773843294, 0.0, -0.21390425773843294,
  -0.9768546301888372, 0.0]
- [0.0, 0.0, 1.0, -0.9768376192599295, 0.21398192820561532, 0.0, -0.21398192820561532,
  -0.9768376192599295, 0.0]
- [0.0, 0.0, 1.0, -0.9768071086123034, 0.21412116328021358, 0.0, -0.21412116328021358,
  -0.9768071086123034, 0.0]
- [0.0, 0.0, 1.0, -0.9768975548706004, 0.21370813575491754, 0.0, -0.21370813575491754,
  -0.9768975548706004, 0.0]
- [0.0, 0.0, 1.0, -0.9771224092481157, 0.21267768417292346, 0.0, -0.21267768417292346,
  -0.9771224092481157, 0.0]
- [0.0, 0.0, 1.0, -0.9771360836109209, 0.2126148492121648, 0.0, -0.2126148492121648,
  -0.9771360836109209, 0.0]
- [0.0, 0.0, 1.0, -0.9771747008266246, 0.2124372944291958, 0.0, -0.2124372944291958,
  -0.9771747008266246, 0.0]
- [0.0, 0.0, 1.0, -0.9776080221479717, 0.21043420594554266, 0.0, -0.21043420594554266,
  -0.9776080221479717, 0.0]
- [0.0, 0.0, 1.0, -0.9778375672346387, 0.20936497344265437, 0.0, -0.20936497344265437,
  -0.9778375672346387, 0.0]
- [0.0, 0.0, 1.0, -0.977852183406561, 0.2092966970762349, 0.0, -0.2092966970762349,
  -0.977852183406561, 0.0]
- [0.0, 0.0, 1.0, -0.9781559355764539, 0.2078724746005404, 0.0, -0.2078724746005404,
  -0.9781559355764539, 0.0]
- [0.0, 0.0, 1.0, -0.9789519541724008, 0.20409084110277384, 0.0, -0.20409084110277384,
  -0.9789519541724008, 0.0]
- [0.0, 0.0, 1.0, -0.9790492213059254, 0.20362372715442817, 0.0, -0.20362372715442817,
  -0.9790492213059254, 0.0]
- [0.0, 0.0, 1.0, -0.979122975441332, 0.20326878501853873, 0.0, -0.20326878501853873,
  -0.979122975441332, 0.0]
- [0.0, 0.0, 1.0, -0.9801440817955815, 0.19828660802257064, 0.0, -0.19828660802257064,
  -0.9801440817955815, 0.0]
- [0.0, 0.0, 1.0, -0.9807916536122038, 0.19505827899537864, 0.0, -0.19505827899537864,
  -0.9807916536122038, 0.0]
- [0.0, 0.0, 1.0, -0.9809426357071556, 0.1942975693412005, 0.0, -0.1942975693412005,
  -0.9809426357071556, 0.0]
- [0.0, 0.0, 1.0, -0.9813288186099969, 0.19233759321959812, 0.0, -0.19233759321959812,
  -0.9813288186099969, 0.0]
- [0.0, 0.0, 1.0, -0.9827198186884605, 0.18509931916924827, 0.0, -0.18509931916924827,
  -0.9827198186884605, 0.0]
- [0.0, 0.0, 1.0, -0.9831278138680805, 0.18291993220797195, 0.0, -0.18291993220797195,
  -0.9831278138680805, 0.0]
- [0.0, 0.0, 1.0, -0.9832296358260405, 0.18237182686312006, 0.0, -0.18237182686312006,
  -0.9832296358260405, 0.0]
- [0.0, 0.0, 1.0, -0.984102260884742, 0.1776027593297452, 0.0, -0.1776027593297452,
  -0.984102260884742, 0.0]
- [0.0, 0.0, 1.0, -0.9853687848948606, 0.17043578777600107, 0.0, -0.17043578777600107,
  -0.9853687848948606, 0.0]
- [0.0, 0.0, 1.0, -0.9856612825388367, 0.16873599528226188, 0.0, -0.16873599528226188,
  -0.9856612825388367, 0.0]
- [0.0, 0.0, 1.0, -0.9857449205303526, 0.16824669877477236, 0.0, -0.16824669877477236,
  -0.9857449205303526, 0.0]
- [0.0, 0.0, 1.0, -0.9874757529268207, 0.15777083818503548, 0.0, -0.15777083818503548,
  -0.9874757529268207, 0.0]
- [0.0, 0.0, 1.0, -0.9881866244763997, 0.15325532684360085, 0.0, -0.15325532684360085,
  -0.9881866244763997, 0.0]
- [0.0, 0.0, 1.0, -0.9883897088631635, 0.15194006520135145, 0.0, -0.15194006520135145,
  -0.9883897088631635, 0.0]
- [0.0, 0.0, 1.0, -0.9890283864031206, 0.14772559320862305, 0.0, -0.14772559320862305,
  -0.9890283864031206, 0.0]
- [0.0, 0.0, 1.0, -0.9999956078417598, -0.002963831504871669, 0.0, 0.002963831504871669,
  -0.9999956078417598, 0.0]
- [0.0, 0.0, 1.0, -0.9998198673778421, -0.018979799697413705, 0.0, 0.018979799697413705,
  -0.9998198673778421, 0.0]
- [0.0, 0.0, 1.0, -0.991319800941799, 0.1314726293215134, 0.0, -0.1314726293215134,
  -0.991319800941799, 0.0]
- [0.0, 0.0, 1.0, -0.9923986153807614, 0.12306497548184754, 0.0, -0.12306497548184754,
  -0.9923986153807614, 0.0]
- [0.0, 0.0, 1.0, -0.9938514683522263, 0.11072153744472639, 0.0, -0.11072153744472639,
  -0.9938514683522263, 0.0]
- [0.0, 0.0, 1.0, -0.9941791820866313, 0.1077392867321714, 0.0, -0.1077392867321714,
  -0.9941791820866313, 0.0]
- [0.0, 0.0, 1.0, -0.9943301309472248, 0.10633715573812788, 0.0, -0.10633715573812788,
  -0.9943301309472248, 0.0]
- [0.0, 0.0, 1.0, -0.9958818847220994, 0.09066019899801106, 0.0, -0.09066019899801106,
  -0.9958818847220994, 0.0]
- [0.0, 0.0, 1.0, -0.9967350362842401, 0.08074198067582, 0.0, -0.08074198067582, -0.9967350362842401,
  0.0]
- [0.0, 0.0, 1.0, -0.9968871457357559, 0.07884173175937916, 0.0, -0.07884173175937916,
  -0.9968871457357559, 0.0]
- [0.0, 0.0, 1.0, -0.997520990481444, 0.07036954987008619, 0.0, -0.07036954987008619,
  -0.997520990481444, 0.0]
- [0.0, 0.0, 1.0, -0.9987598932107697, 0.04978630046118744, 0.0, -0.04978630046118744,
  -0.9987598932107697, 0.0]
- [0.0, 0.0, 1.0, -0.9989599892292933, 0.04559539361613206, 0.0, -0.04559539361613206,
  -0.9989599892292933, 0.0]
- [0.0, 0.0, 1.0, -0.9990830324249509, 0.042814650770089564, 0.0, -0.042814650770089564,
  -0.9990830324249509, 0.0]
- [0.0, 0.0, 1.0, -0.9998435862836034, 0.017686236669868634, 0.0, -0.017686236669868634,
  -0.9998435862836034, 0.0]
- [0.0, 0.0, 1.0, -0.9999773055201978, 0.006737094667959802, 0.0, -0.006737094667959802,
  -0.9999773055201978, 0.0]
- [0.0, 0.0, 1.0, -0.9999914391574539, 0.004137826942279206, 0.0, -0.004137826942279206,
  -0.9999914391574539, 0.0]
- [0.0, 0.0, 1.0, -0.9998825185525698, -0.015328049222583138, 0.0, 0.015328049222583138,
  -0.9998825185525698, 0.0]
- [0.0, 0.0, 1.0, -0.9993410063578, -0.036298113060868185, 0.0, 0.036298113060868185,
  -0.9993410063578, 0.0]
- [0.0, 0.0, 1.0, -0.9992394029869371, -0.03899507043601052, 0.0, 0.03899507043601052,
  -0.9992394029869371, 0.0]
- [0.0, 0.0, 1.0, -0.9984806644287897, -0.05510320101267041, 0.0, 0.05510320101267041,
  -0.9984806644287897, 0.0]
- [0.0, 0.0, 1.0, -0.996648192886137, -0.08180696557627183, 0.0, 0.08180696557627183,
  -0.996648192886137, 0.0]
- [0.0, 0.0, 1.0, -0.9962794435051043, -0.08618161317334101, 0.0, 0.08618161317334101,
  -0.9962794435051043, 0.0]
- [0.0, 0.0, 1.0, -0.9949561200937843, -0.10031111148782583, 0.0, 0.10031111148782583,
  -0.9949561200937843, 0.0]
- [0.0, 0.0, 1.0, -0.9915046601814038, -0.13007116836009025, 0.0, 0.13007116836009025,
  -0.9915046601814038, 0.0]
- [0.0, 0.0, 1.0, -0.99083606283452, -0.13506996922553627, 0.0, 0.13506996922553627,
  -0.99083606283452, 0.0]
- [0.0, 0.0, 1.0, -0.9885782091351398, -0.15070874036750337, 0.0, 0.15070874036750337,
  -0.9885782091351398, 0.0]
- [0.0, 0.0, 1.0, -0.9833325099022489, -0.18181632206527418, 0.0, 0.18181632206527418,
  -0.9833325099022489, 0.0]
- [0.0, 0.0, 1.0, -0.9825890238986144, -0.18579238443479967, 0.0, 0.18579238443479967,
  -0.9825890238986144, 0.0]
- [0.0, 0.0, 1.0, -0.9775991656825455, -0.21047534595954703, 0.0, 0.21047534595954703,
  -0.9775991656825455, 0.0]
- [0.0, 0.0, 1.0, -0.9721011330122961, -0.2345621179905447, 0.0, 0.2345621179905447,
  -0.9721011330122961, 0.0]
- [0.0, 0.0, 1.0, -0.9711487323199794, -0.23847461020682453, 0.0, 0.23847461020682453,
  -0.9711487323199794, 0.0]
- [0.0, 0.0, 1.0, -0.9604052315111445, -0.27860687587714894, 0.0, 0.27860687587714894,
  -0.9604052315111445, 0.0]
- [0.0, 0.0, 1.0, -0.9571691396796134, -0.2895293388328529, 0.0, 0.2895293388328529,
  -0.9571691396796134, 0.0]
- [0.0, 0.0, 1.0, -0.9516306029748671, -0.3072445206699233, 0.0, 0.3072445206699233,
  -0.9516306029748671, 0.0]
- [0.0, 0.0, 1.0, -0.9397171991782017, -0.3419526071967807, 0.0, 0.3419526071967807,
  -0.9397171991782017, 0.0]
- [0.0, 0.0, 1.0, -0.9374669993670013, -0.34807416608796315, 0.0, 0.34807416608796315,
  -0.9374669993670013, 0.0]
- [0.0, 0.0, 1.0, -0.9216788472042317, -0.3879537377269079, 0.0, 0.3879537377269079,
  -0.9216788472042317, 0.0]
- [0.0, 0.0, 1.0, -0.9160865904585747, -0.40098049676010916, 0.0, 0.40098049676010916,
  -0.9160865904585747, 0.0]
- [0.0, 0.0, 1.0, -0.9584251906568926, -0.2853439221611336, 0.0, 0.2853439221611336,
  -0.9584251906568926, 0.0]
- [0.0, 0.0, 1.0, -0.9436697408370919, -0.3308888336412332, 0.0, 0.3308888336412332,
  -0.9436697408370919, 0.0]
- [0.0, 0.0, 1.0, -0.8734739729577968, -0.4868708438234126, 0.0, 0.4868708438234126,
  -0.8734739729577968, 0.0]
- [0.0, 0.0, 1.0, -0.8530037749467707, -0.5219047421958906, 0.0, 0.5219047421958906,
  -0.8530037749467707, 0.0]
- [0.0, 0.0, 1.0, -0.8270047318048968, -0.5621949604650605, 0.0, 0.5621949604650605,
  -0.8270047318048968, 0.0]
- [0.0, 0.0, 1.0, -0.8611331517090415, -0.5083794793534185, 0.0, 0.5083794793534185,
  -0.8611331517090415, 0.0]
- [0.0, 0.0, 1.0, -0.817396333103893, -0.5760757195267907, 0.0, 0.5760757195267907,
  -0.817396333103893, 0.0]
- [0.0, 0.0, 1.0, -0.7122706373935372, -0.7019049359471725, 0.0, 0.7019049359471725,
  -0.7122706373935372, 0.0]
- [0.0, 0.0, 1.0, -0.6493498680903895, -0.7604898084859479, 0.0, 0.7604898084859479,
  -0.6493498680903895, 0.0]
- [0.0, 0.0, 1.0, -0.5559197347977869, -0.8312359764004191, 0.0, 0.8312359764004191,
  -0.5559197347977869, 0.0]
- [0.0, 0.0, 1.0, -0.40302853760622515, -0.9151874113398782, 0.0, 0.9151874113398782,
  -0.40302853760622515, 0.0]
- [0.0, 0.0, 1.0, -0.18635890694997218, -0.98248173407978, 0.0, 0.98248173407978,
  -0.18635890694997218, 0.0]
- [0.0, 0.0, 1.0, 0.11939445911535737, -0.9928468981331167, 0.0, 0.9928468981331167,
  0.11939445911535737, 0.0]
- [0.0, 0.0, 1.0, 0.46287430438219523, -0.886423926991312, 0.0, 0.886423926991312,
  0.46287430438219523, 0.0]
- [0.0, 0.0, 1.0, 0.6440712700978669, -0.7649654887865992, 0.0, 0.7649654887865992,
  0.6440712700978669, 0.0]
- [0.0, 0.0, 1.0, 0.7359129451616795, -0.6770761679039241, 0.0, 0.6770761679039241,
  0.7359129451616795, 0.0]
- [0.0, 0.0, 1.0, 0.7900103739875797, -0.6130934749220583, 0.0, 0.6130934749220583,
  0.7900103739875797, 0.0]
- [0.0, 0.0, 1.0, 0.8786740660641544, -0.477422125195603, 0.0, 0.477422125195603,
  0.8786740660641544, 0.0]
- [0.0, 0.0, 1.0, 0.8982783937951002, -0.4394268167065987, 0.0, 0.4394268167065987,
  0.8982783937951002, 0.0]
- [0.0, 0.0, 1.0, 0.8729443548335185, -0.48781979599468095, 0.0, 0.48781979599468095,
  0.8729443548335185, 0.0]
- [0.0, 0.0, 1.0, 0.8842445726461359, -0.4670241275842743, 0.0, 0.4670241275842743,
  0.8842445726461359, 0.0]
- [0.0, 0.0, 1.0, 0.9031117542591597, -0.4294055883648269, 0.0, 0.4294055883648269,
  0.9031117542591597, 0.0]
- [0.0, 0.0, 1.0, 0.9099320369549014, -0.4147573846516827, 0.0, 0.4147573846516827,
  0.9099320369549014, 0.0]
- [0.0, 0.0, 1.0, 0.9252457327564401, -0.37936833554739163, 0.0, 0.37936833554739163,
  0.9252457327564401, 0.0]
- [0.0, 0.0, 1.0, 0.9285349785581314, -0.3712449239976897, 0.0, 0.3712449239976897,
  0.9285349785581314, 0.0]
- [0.0, 0.0, 1.0, 0.980182533037726, -0.19809644602502896, 0.0, 0.19809644602502896,
  0.980182533037726, 0.0]
- [0.0, 0.0, 1.0, 0.9852331989022808, -0.17121782553454779, 0.0, 0.17121782553454779,
  0.9852331989022808, 0.0]
- [0.0, 0.0, 1.0, 0.9532121833358591, -0.30230205679102606, 0.0, 0.30230205679102606,
  0.9532121833358591, 0.0]
- [0.0, 0.0, 1.0, 0.9594880960476284, -0.28174916777676007, 0.0, 0.28174916777676007,
  0.9594880960476284, 0.0]
- [0.0, 0.0, 1.0, 0.9608027593839569, -0.27723285800960606, 0.0, 0.27723285800960606,
  0.9608027593839569, 0.0]
- [0.0, 0.0, 1.0, 0.9715506634530795, -0.23683181446731566, 0.0, 0.23683181446731566,
  0.9715506634530795, 0.0]
- [0.0, 0.0, 1.0, 0.9727378478377751, -0.23190748022419116, 0.0, 0.23190748022419116,
  0.9727378478377751, 0.0]
- [0.0, 0.0, 1.0, 0.9766367698909777, -0.21489676520812817, 0.0, 0.21489676520812817,
  0.9766367698909777, 0.0]
- [0.0, 0.0, 1.0, 0.9826578237412557, -0.18542815708543078, 0.0, 0.18542815708543078,
  0.9826578237412557, 0.0]
- [0.0, 0.0, 1.0, 0.9831901016326848, -0.1825848406947048, 0.0, 0.1825848406947048,
  0.9831901016326848, 0.0]
- [0.0, 0.0, 1.0, 0.9876097546666351, -0.15692983300605576, 0.0, 0.15692983300605576,
  0.9876097546666351, 0.0]
- [0.0, 0.0, 1.0, 0.9907241848074441, -0.13588815120394113, 0.0, 0.13588815120394113,
  0.9907241848074441, 0.0]
- [0.0, 0.0, 1.0, 0.9910149940009846, -0.13375081930675578, 0.0, 0.13375081930675578,
  0.9910149940009846, 0.0]
- [0.0, 0.0, 1.0, 0.9944962007215902, -0.1047726431389538, 0.0, 0.1047726431389538,
  0.9944962007215902, 0.0]
- [0.0, 0.0, 1.0, 0.9960849905601882, -0.08840074423165095, 0.0, 0.08840074423165095,
  0.9960849905601882, 0.0]
- [0.0, 0.0, 1.0, 0.996322006155275, -0.0856881558368963, 0.0, 0.0856881558368963,
  0.996322006155275, 0.0]
- [0.0, 0.0, 1.0, 0.9982651174016037, -0.058879159124110986, 0.0, 0.058879159124110986,
  0.9982651174016037, 0.0]
- [0.0, 0.0, 1.0, 0.9991182064887875, -0.04198582454387297, 0.0, 0.04198582454387297,
  0.9991182064887875, 0.0]
- [0.0, 0.0, 1.0, 0.9992424753397892, -0.03891626236948682, 0.0, 0.03891626236948682,
  0.9992424753397892, 0.0]
- [0.0, 0.0, 1.0, 0.9998530303701304, -0.01714402693847053, 0.0, 0.01714402693847053,
  0.9998530303701304, 0.0]
- [0.0, 0.0, 1.0, 0.9999855493139524, 0.0053759802150671445, 0.0, -0.0053759802150671445,
  0.9999855493139524, 0.0]
- [0.0, 0.0, 1.0, 0.9999582545148394, 0.009137243984684826, 0.0, -0.009137243984684826,
  0.9999582545148394, 0.0]
- [0.0, 0.0, 1.0, 0.9997581169319444, 0.02199335419377087, 0.0, -0.02199335419377087,
  0.9997581169319444, 0.0]
- [0.0, 0.0, 1.0, 0.998680276725226, 0.051358591102425535, 0.0, -0.051358591102425535,
  0.998680276725226, 0.0]
- [0.0, 0.0, 1.0, 0.9983863559358677, 0.056786303640039795, 0.0, -0.056786303640039795,
  0.9983863559358677, 0.0]
- [0.0, 0.0, 1.0, 0.9980859469683627, 0.061842076810748534, 0.0, -0.061842076810748534,
  0.9980859469683627, 0.0]
- [0.0, 0.0, 1.0, 0.9957499643667819, 0.09209782008035121, 0.0, -0.09209782008035121,
  0.9957499643667819, 0.0]
- [0.0, 0.0, 1.0, 0.9945975161184056, 0.1038064590047154, 0.0, -0.1038064590047154,
  0.9945975161184056, 0.0]
- [0.0, 0.0, 1.0, 0.9943595010924696, 0.10606216378678561, 0.0, -0.10606216378678561,
  0.9943595010924696, 0.0]
- [0.0, 0.0, 1.0, 0.9922179191399648, 0.12451345685329929, 0.0, -0.12451345685329929,
  0.9922179191399648, 0.0]
- [0.0, 0.0, 1.0, 0.9887859691725225, 0.14933956999923195, 0.0, -0.14933956999923195,
  0.9887859691725225, 0.0]
- [0.0, 0.0, 1.0, 0.9884571045944558, 0.15150099793976615, 0.0, -0.15150099793976615,
  0.9884571045944558, 0.0]
- [0.0, 0.0, 1.0, 0.9877055178020747, 0.1563259738601855, 0.0, -0.1563259738601855,
  0.9877055178020747, 0.0]
- [0.0, 0.0, 1.0, 0.9823143386319901, 0.18723925901903135, 0.0, -0.18723925901903135,
  0.9823143386319901, 0.0]
- [0.0, 0.0, 1.0, 0.9806810297761479, 0.19561369542338855, 0.0, -0.19561369542338855,
  0.9806810297761479, 0.0]
- [0.0, 0.0, 1.0, 0.9799268734739464, 0.1993572738667349, 0.0, -0.1993572738667349,
  0.9799268734739464, 0.0]
- [0.0, 0.0, 1.0, 0.9768649845744551, 0.21385696601315005, 0.0, -0.21385696601315005,
  0.9768649845744551, 0.0]
- [0.0, 0.0, 1.0, 0.9716481184114895, 0.23643166874894797, 0.0, -0.23643166874894797,
  0.9716481184114895, 0.0]
- [0.0, 0.0, 1.0, 0.9938844638744802, 0.11042496306966626, 0.0, -0.11042496306966626,
  0.9938844638744802, 0.0]
- [0.0, 0.0, 1.0, 0.9947565875802428, 0.10227087300747408, 0.0, -0.10227087300747408,
  0.9947565875802428, 0.0]
- [0.0, 0.0, 1.0, 0.9644303663244026, 0.2643370358299768, 0.0, -0.2643370358299768,
  0.9644303663244026, 0.0]
- [0.0, 0.0, 1.0, 0.9630347405333001, 0.2693772234728827, 0.0, -0.2693772234728827,
  0.9630347405333001, 0.0]
- [0.0, 0.0, 1.0, 0.9625769784880938, 0.27100841404785203, 0.0, -0.27100841404785203,
  0.9625769784880938, 0.0]
- [0.0, 0.0, 1.0, 0.9616626816760537, 0.2742350938002301, 0.0, -0.2742350938002301,
  0.9616626816760537, 0.0]
- [0.0, 0.0, 1.0, 0.9573847606583804, 0.2888155467752658, 0.0, -0.2888155467752658,
  0.9573847606583804, 0.0]
- [0.0, 0.0, 1.0, 0.9567645876523537, 0.29086341092413365, 0.0, -0.29086341092413365,
  0.9567645876523537, 0.0]
- [0.0, 0.0, 1.0, 0.9565824426124152, 0.29146188513365756, 0.0, -0.29146188513365756,
  0.9565824426124152, 0.0]
- [0.0, 0.0, 1.0, 0.955681915289225, 0.2944012173703069, 0.0, -0.2944012173703069,
  0.955681915289225, 0.0]
- [0.0, 0.0, 1.0, 0.9535018588476663, 0.3013871350506606, 0.0, -0.3013871350506606,
  0.9535018588476663, 0.0]
- [0.0, 0.0, 1.0, 0.9534620701984732, 0.30151298594395876, 0.0, -0.30151298594395876,
  0.9534620701984732, 0.0]
- [0.0, 0.0, 1.0, 0.9534607091303055, 0.3015172899598546, 0.0, -0.3015172899598546,
  0.9534607091303055, 0.0]
- [0.0, 0.0, 1.0, 0.9536272410333979, 0.30099017452240806, 0.0, -0.30099017452240806,
  0.9536272410333979, 0.0]
- [0.0, 0.0, 1.0, 0.9537023040855711, 0.30075224883926094, 0.0, -0.30075224883926094,
  0.9537023040855711, 0.0]
- [0.0, 0.0, 1.0, 0.9539954734580377, 0.2998210076388489, 0.0, -0.2998210076388489,
  0.9539954734580377, 0.0]
- [0.0, 0.0, 1.0, 0.9542196214956324, 0.29910686042404966, 0.0, -0.29910686042404966,
  0.9542196214956324, 0.0]
- [0.0, 0.0, 1.0, 0.9566261006989459, 0.2913185601047937, 0.0, -0.2913185601047937,
  0.9566261006989459, 0.0]
- [0.0, 0.0, 1.0, 0.9576683247626813, 0.2878738955623446, 0.0, -0.2878738955623446,
  0.9576683247626813, 0.0]
- [0.0, 0.0, 1.0, 0.9581600836427613, 0.2862328669347681, 0.0, -0.2862328669347681,
  0.9581600836427613, 0.0]
- [0.0, 0.0, 1.0, 0.9593011544562499, 0.2823850121003351, 0.0, -0.2823850121003351,
  0.9593011544562499, 0.0]
- [0.0, 0.0, 1.0, 0.9640173294062571, 0.26583940378436777, 0.0, -0.26583940378436777,
  0.9640173294062571, 0.0]
- [0.0, 0.0, 1.0, 0.9649701267705385, 0.262359780531336, 0.0, -0.262359780531336,
  0.9649701267705385, 0.0]
- [0.0, 0.0, 1.0, 0.9653070384695771, 0.2611174476765083, 0.0, -0.2611174476765083,
  0.9653070384695771, 0.0]
- [0.0, 0.0, 1.0, 0.9689142538183642, 0.2473967840284158, 0.0, -0.2473967840284158,
  0.9689142538183642, 0.0]
- [0.0, 0.0, 1.0, 0.9726014400103381, 0.23247889988086382, 0.0, -0.23247889988086382,
  0.9726014400103381, 0.0]
- [0.0, 0.0, 1.0, 0.9733575849267925, 0.22929241563008945, 0.0, -0.22929241563008945,
  0.9733575849267925, 0.0]
- [0.0, 0.0, 1.0, 0.973769537664794, 0.2275365630312925, 0.0, -0.2275365630312925,
  0.973769537664794, 0.0]
- [0.0, 0.0, 1.0, 0.9802262862646777, 0.19787983150325883, 0.0, -0.19787983150325883,
  0.9802262862646777, 0.0]
- [0.0, 0.0, 1.0, 0.9949282128104383, 0.10058753080689034, 0.0, -0.10058753080689034,
  0.9949282128104383, 0.0]
- [0.0, 0.0, 1.0, 0.9946427319556412, 0.10337231625449096, 0.0, -0.10337231625449096,
  0.9946427319556412, 0.0]
- [0.0, 0.0, 1.0, 0.98617821131521, 0.16568806694247207, 0.0, -0.16568806694247207,
  0.98617821131521, 0.0]
- [0.0, 0.0, 1.0, 0.9889976428585144, 0.14793127600444148, 0.0, -0.14793127600444148,
  0.9889976428585144, 0.0]
- [0.0, 0.0, 1.0, 0.9895270647355372, 0.1443474563540074, 0.0, -0.1443474563540074,
  0.9895270647355372, 0.0]
- [0.0, 0.0, 1.0, 0.9922859434039137, 0.12397018400811186, 0.0, -0.12397018400811186,
  0.9922859434039137, 0.0]
- [0.0, 0.0, 1.0, 0.9945252136210265, 0.10449688737972722, 0.0, -0.10449688737972722,
  0.9945252136210265, 0.0]
- [0.0, 0.0, 1.0, 0.9949994250289064, 0.09988064973830404, 0.0, -0.09988064973830404,
  0.9949994250289064, 0.0]
- [0.0, 0.0, 1.0, 0.9968549020089997, 0.07924837121750551, 0.0, -0.07924837121750551,
  0.9968549020089997, 0.0]
- [0.0, 0.0, 1.0, 0.9980357509243022, 0.06264694627006352, 0.0, -0.06264694627006352,
  0.9980357509243022, 0.0]
- [0.0, 0.0, 1.0, 0.9983086204207001, 0.05813689356784041, 0.0, -0.05813689356784041,
  0.9983086204207001, 0.0]
- [0.0, 0.0, 1.0, 0.9995675860420776, 0.029404777401193002, 0.0, -0.029404777401193002,
  0.9995675860420776, 0.0]
- [0.0, 0.0, 1.0, 0.9998080977967954, 0.019589986726735217, 0.0, -0.019589986726735217,
  0.9998080977967954, 0.0]
- [0.0, 0.0, 1.0, 0.9999771591745632, 0.0067587816335756895, 0.0, -0.0067587816335756895,
  0.9999771591745632, 0.0]
- [0.0, 0.0, 1.0, 0.9997967549386555, -0.020160575739152878, 0.0, 0.020160575739152878,
  0.9997967549386555, 0.0]
- [0.0, 0.0, 1.0, 0.9996476539090033, -0.026543700462173466, 0.0, 0.026543700462173466,
  0.9996476539090033, 0.0]
- [0.0, 0.0, 1.0, 0.9985209854399009, -0.05436765247947927, 0.0, 0.05436765247947927,
  0.9985209854399009, 0.0]
- [0.0, 0.0, 1.0, 0.997891078459821, -0.06491067346974169, 0.0, 0.06491067346974169,
  0.997891078459821, 0.0]
- [0.0, 0.0, 1.0, 0.9964820637354215, -0.08380630437858173, 0.0, 0.08380630437858173,
  0.9964820637354215, 0.0]
- [0.0, 0.0, 1.0, 0.9950723952844349, -0.09915103702381226, 0.0, 0.09915103702381226,
  0.9950723952844349, 0.0]
- [0.0, 0.0, 1.0, 0.9939379456892025, -0.10994253098381844, 0.0, 0.10994253098381844,
  0.9939379456892025, 0.0]
- [0.0, 0.0, 1.0, 0.992614342950512, -0.12131267934112755, 0.0, 0.12131267934112755,
  0.992614342950512, 0.0]
- [0.0, 0.0, 1.0, 0.9919972950550083, -0.12625912483280777, 0.0, 0.12625912483280777,
  0.9919972950550083, 0.0]
- [0.0, 0.0, 1.0, 0.9761533904994286, -0.21708191591302584, 0.0, 0.21708191591302584,
  0.9761533904994286, 0.0]
- [0.0, 0.0, 1.0, -0.07923250561508802, 0.996856163171977, 0.0, -0.996856163171977,
  -0.07923250561508802, 0.0]
