nodes:
- [3.38937592 1.15308372 0.00000000]
- [3.34139607 1.17969283 0.00000000]
- [3.28605558 1.21318184 0.00000000]
- [3.23015274 1.24522179 0.00000000]
- [3.17318535 1.27533241 0.00000000]
- [3.11527038 1.30423168 0.00000000]
- [3.05692954 1.33287270 0.00000000]
- [2.99867603 1.36161406 0.00000000]
- [2.94020783 1.38975335 0.00000000]
- [2.88153210 1.41764844 0.00000000]
- [2.82271137 1.44547094 0.00000000]
- [2.76401701 1.47358100 0.00000000]
- [2.70544692 1.50155783 0.00000000]
- [2.64651131 1.52888156 0.00000000]
- [2.58759087 1.55649007 0.00000000]
- [2.52873230 1.58397834 0.00000000]
- [2.46962564 1.61113855 0.00000000]
- [2.41065404 1.63874300 0.00000000]
- [2.35178453 1.66630190 0.00000000]
- [2.29289690 1.69360576 0.00000000]
- [2.23202561 1.71659448 0.00000000]
- [2.17240638 1.73890572 0.00000000]
- [2.11461052 1.76511896 0.00000000]
- [2.05674872 1.79100081 0.00000000]
- [1.99876156 1.81669182 0.00000000]
- [1.94065729 1.84225110 0.00000000]
- [1.88261899 1.86778994 0.00000000]
- [1.82423505 1.89297413 0.00000000]
- [1.76627190 1.91880982 0.00000000]
- [1.70811278 1.94364129 0.00000000]
- [1.64961139 1.96841264 0.00000000]
- [1.59127987 1.99339510 0.00000000]
- [1.53346464 2.01760486 0.00000000]
- [1.47544623 2.04153946 0.00000000]
- [1.41727941 2.06536855 0.00000000]
- [1.35918181 2.08926009 0.00000000]
- [1.30099440 2.11283464 0.00000000]
- [1.24271759 2.13636585 0.00000000]
- [1.18449411 2.15983176 0.00000000]
- [1.12628329 2.18287208 0.00000000]
- [1.06771060 2.20523165 0.00000000]
- [1.00905523 2.22761785 0.00000000]
- [0.95032940 2.24961006 0.00000000]
- [0.89142011 2.27132987 0.00000000]
- [0.83253058 2.29297492 0.00000000]
- [0.77362895 2.31408600 0.00000000]
- [0.71439590 2.33446743 0.00000000]
- [0.65495498 2.35470730 0.00000000]
- [0.59544125 2.37481024 0.00000000]
- [0.53608365 2.39476173 0.00000000]
- [0.47646114 2.41375463 0.00000000]
- [0.41669571 2.43248433 0.00000000]
- [0.35668284 2.45050791 0.00000000]
- [0.29667023 2.46835679 0.00000000]
- [0.23644854 2.48526305 0.00000000]
- [0.17604243 2.50177900 0.00000000]
- [0.11566872 2.51761335 0.00000000]
- [0.05493013 2.53220080 0.00000000]
- [-0.00590713 2.54635124 0.00000000]
- [-0.06796037 2.55374398 0.00000000]
- [-0.15395395 2.56456218 0.00000000]
- [-0.21628065 2.57584251 0.00000000]
- [-0.27852680 2.58595782 0.00000000]
- [-0.34106225 2.59458686 0.00000000]
- [-0.40381387 2.60230528 0.00000000]
- [-0.46647211 2.60879817 0.00000000]
- [-0.52922446 2.61365881 0.00000000]
- [-0.59224833 2.61714175 0.00000000]
- [-0.65546377 2.61957634 0.00000000]
- [-0.71832420 2.62103726 0.00000000]
- [-0.78108314 2.62024824 0.00000000]
- [-0.84405938 2.61814633 0.00000000]
- [-0.93061329 2.61876180 0.00000000]
- [-0.99366301 2.61837497 0.00000000]
- [-1.05622828 2.61108122 0.00000000]
- [-1.11833443 2.60183736 0.00000000]
- [-1.18017770 2.59039794 0.00000000]
- [-1.24191961 2.57736965 0.00000000]
- [-1.30310428 2.56312365 0.00000000]
- [-1.36347656 2.54622784 0.00000000]
- [-1.42348048 2.52748469 0.00000000]
- [-1.48288760 2.50681200 0.00000000]
- [-1.54165226 2.48453495 0.00000000]
- [-1.59956778 2.46017974 0.00000000]
- [-1.65675783 2.43415928 0.00000000]
- [-1.71291055 2.40617334 0.00000000]
- [-1.76807344 2.37623705 0.00000000]
- [-1.82207066 2.34452834 0.00000000]
- [-1.87465215 2.31035163 0.00000000]
- [-1.92645480 2.27465806 0.00000000]
- [-1.97706655 2.23736549 0.00000000]
- [-2.02650101 2.19858236 0.00000000]
- [-2.07459255 2.15814146 0.00000000]
- [-2.12148099 2.11623707 0.00000000]
- [-2.16709307 2.07290138 0.00000000]
- [-2.21140216 2.02836993 0.00000000]
- [-2.25409086 1.98216889 0.00000000]
- [-2.29573188 1.93501974 0.00000000]
- [-2.33559827 1.88637849 0.00000000]
- [-2.37443799 1.83664690 0.00000000]
- [-2.41211291 1.78612014 0.00000000]
- [-2.44817347 1.73478501 0.00000000]
- [-2.48207218 1.68187237 0.00000000]
- [-2.51494788 1.62807885 0.00000000]
- [-2.54624867 1.57340612 0.00000000]
- [-2.57624068 1.51795634 0.00000000]
- [-2.60482075 1.46168948 0.00000000]
- [-2.63228356 1.40488522 0.00000000]
- [-2.65814158 1.34752975 0.00000000]
- [-2.68229318 1.28919103 0.00000000]
- [-2.70573463 1.23054765 0.00000000]
- [-2.72737140 1.17129184 0.00000000]
- [-2.74803510 1.11156398 0.00000000]
- [-2.76734079 1.05152394 0.00000000]
- [-2.78509216 0.99094720 0.00000000]
- [-2.80176997 0.92987300 0.00000000]
- [-2.81762845 0.86862645 0.00000000]
- [-2.83214007 0.80716313 0.00000000]
- [-2.84538435 0.74533031 0.00000000]
- [-2.85763618 0.68330181 0.00000000]
- [-2.86853390 0.62114935 0.00000000]
- [-2.87789845 0.55880847 0.00000000]
- [-2.88565524 0.49632707 0.00000000]
- [-2.89155808 0.43344295 0.00000000]
- [-2.89672547 0.37017698 0.00000000]
- [-2.90138071 0.30675938 0.00000000]
- [-2.90575795 0.24318270 0.00000000]
- [-2.91021076 0.17970592 0.00000000]
- [-2.91395183 0.11640585 0.00000000]
- [-2.92160774 0.05348489 0.00000000]
- [-2.92731914 -0.00717965 0.00000000]
- [-2.92178730 -0.06804821 0.00000000]
- [-2.91527599 -0.13061342 0.00000000]
- [-2.91270980 -0.19328994 0.00000000]
- [-2.90937825 -0.25597982 0.00000000]
- [-2.90539683 -0.31868233 0.00000000]
- [-2.90087571 -0.38129382 0.00000000]
- [-2.89550020 -0.44355453 0.00000000]
- [-2.88839567 -0.50550983 0.00000000]
- [-2.87987195 -0.56737360 0.00000000]
- [-2.86998990 -0.62900586 0.00000000]
- [-2.85856553 -0.69044375 0.00000000]
- [-2.84607438 -0.75171574 0.00000000]
- [-2.83224244 -0.81268600 0.00000000]
- [-2.81729950 -0.87343271 0.00000000]
- [-2.80120802 -0.93378083 0.00000000]
- [-2.78360849 -0.99369488 0.00000000]
- [-2.76482535 -1.05321271 0.00000000]
- [-2.74444134 -1.11213836 0.00000000]
- [-2.72262986 -1.17057935 0.00000000]
- [-2.69930153 -1.22850279 0.00000000]
- [-2.67487283 -1.28591045 0.00000000]
- [-2.64878638 -1.34249281 0.00000000]
- [-2.62129436 -1.39841580 0.00000000]
- [-2.59215839 -1.45359019 0.00000000]
- [-2.56194527 -1.50817959 0.00000000]
- [-2.53017590 -1.56182033 0.00000000]
- [-2.49714811 -1.61477906 0.00000000]
- [-2.46295470 -1.66675504 0.00000000]
- [-2.42691929 -1.71742797 0.00000000]
- [-2.38939848 -1.76725750 0.00000000]
- [-2.35078859 -1.81619693 0.00000000]
- [-2.31086030 -1.86380036 0.00000000]
- [-2.26911223 -1.91006622 0.00000000]
- [-2.22650298 -1.95562287 0.00000000]
- [-2.18257987 -1.99969191 0.00000000]
- [-2.13735174 -2.04252941 0.00000000]
- [-2.09106197 -2.08409041 0.00000000]
- [-2.04322136 -2.12415185 0.00000000]
- [-1.99498779 -2.16342768 0.00000000]
- [-1.94495033 -2.20030360 0.00000000]
- [-1.89400021 -2.23658331 0.00000000]
- [-1.84264585 -2.27148876 0.00000000]
- [-1.78794962 -2.30118070 0.00000000]
- [-1.74236086 -2.32422285 0.00000000]
- [-1.68716459 -2.35523211 0.00000000]
- [-1.63121835 -2.38416761 0.00000000]
- [-1.57386323 -2.41102356 0.00000000]
- [-1.51596051 -2.43704867 0.00000000]
- [-1.45766179 -2.46111756 0.00000000]
- [-1.39829263 -2.48302399 0.00000000]
- [-1.33847196 -2.50377545 0.00000000]
- [-1.27838641 -2.52223688 0.00000000]
- [-1.21705529 -2.53810387 0.00000000]
- [-1.15559989 -2.55342890 0.00000000]
- [-1.09391680 -2.56584309 0.00000000]
- [-1.03637626 -2.57556816 0.00000000]
- [-0.97941767 -2.58768520 0.00000000]
- [-0.91765371 -2.59750318 0.00000000]
- [-0.85511784 -2.60293912 0.00000000]
- [-0.79272936 -2.60637350 0.00000000]
- [-0.73018705 -2.60749730 0.00000000]
- [-0.66758080 -2.60690500 0.00000000]
- [-0.60494145 -2.60423773 0.00000000]
- [-0.54227045 -2.60023393 0.00000000]
- [-0.48003906 -2.59461314 0.00000000]
- [-0.41809920 -2.58639852 0.00000000]
- [-0.35592461 -2.57641586 0.00000000]
- [-0.29398959 -2.56593903 0.00000000]
- [-0.23287001 -2.55318234 0.00000000]
- [-0.17196999 -2.53831747 0.00000000]
- [-0.11107104 -2.52207874 0.00000000]
- [-0.05070052 -2.50528197 0.00000000]
- [0.00888817 -2.48570294 0.00000000]
- [0.06876598 -2.46561260 0.00000000]
- [0.12773057 -2.44473232 0.00000000]
- [0.18595598 -2.42096917 0.00000000]
- [0.24457225 -2.39741815 0.00000000]
- [0.30221006 -2.37239998 0.00000000]
- [0.35953977 -2.34630234 0.00000000]
- [0.41660485 -2.31915954 0.00000000]
- [0.47338233 -2.29187335 0.00000000]
- [0.52935632 -2.26286916 0.00000000]
- [0.58553619 -2.23369298 0.00000000]
- [0.64113199 -2.20395673 0.00000000]
- [0.69616308 -2.17321449 0.00000000]
- [0.75107226 -2.14159140 0.00000000]
- [0.80611771 -2.11018719 0.00000000]
- [0.86055559 -2.07822552 0.00000000]
- [0.91471641 -2.04549773 0.00000000]
- [0.96873312 -2.01270835 0.00000000]
- [1.02221307 -1.97884466 0.00000000]
- [1.07688325 -1.94464319 0.00000000]
- [1.13140673 -1.91031929 0.00000000]
- [1.18586320 -1.87614400 0.00000000]
- [1.23992966 -1.84129189 0.00000000]
- [1.29427462 -1.80654605 0.00000000]
- [1.34860154 -1.77181230 0.00000000]
- [1.40296667 -1.73722286 0.00000000]
- [1.45732093 -1.70240505 0.00000000]
- [1.51217113 -1.66803598 0.00000000]
- [1.56725310 -1.63422159 0.00000000]
- [1.62238196 -1.60063892 0.00000000]
- [1.67767581 -1.56723001 0.00000000]
- [1.73327839 -1.53415967 0.00000000]
- [1.78932107 -1.50156847 0.00000000]
- [1.84594052 -1.46986643 0.00000000]
- [1.90297871 -1.43896504 0.00000000]
- [1.96045596 -1.40893444 0.00000000]
- [2.01827792 -1.37963169 0.00000000]
- [2.07652279 -1.35107693 0.00000000]
- [2.13701430 -1.32722078 0.00000000]
- [2.19845696 -1.30416338 0.00000000]
- [2.25872550 -1.27866392 0.00000000]
- [2.31934245 -1.25414114 0.00000000]
- [2.38049107 -1.23069007 0.00000000]
- [2.44228521 -1.20879505 0.00000000]
- [2.50455911 -1.18842387 0.00000000]
- [2.56728450 -1.16942856 0.00000000]
- [2.63065410 -1.15204552 0.00000000]
- [2.69463182 -1.13709748 0.00000000]
- [2.75894932 -1.12378892 0.00000000]
- [2.82376273 -1.11284600 0.00000000]
- [2.88878903 -1.10384069 0.00000000]
- [2.95418640 -1.09672836 0.00000000]
- [3.01995730 -1.09241166 0.00000000]
- [3.08591127 -1.09081257 0.00000000]
- [3.15203488 -1.09255224 0.00000000]
- [3.21777253 -1.09795778 0.00000000]
- [3.28348431 -1.10569803 0.00000000]
- [3.34841339 -1.11820821 0.00000000]
- [3.39457224 -1.13669985 0.00000000]
- [1.03124587 -1.91579323 0.00000000]
- [1.04027868 -1.85274181 0.00000000]
- [1.04931149 -1.78969038 0.00000000]
- [1.05834429 -1.72663896 0.00000000]
- [1.06737710 -1.66358753 0.00000000]
- [1.07640991 -1.60053611 0.00000000]
- [1.08544271 -1.53748468 0.00000000]
- [1.09447552 -1.47443326 0.00000000]
- [1.10350833 -1.41138183 0.00000000]
- [1.11254113 -1.34833041 0.00000000]
- [1.12157394 -1.28527899 0.00000000]
- [1.13060674 -1.22222756 0.00000000]
- [1.13963955 -1.15917614 0.00000000]
- [1.14867236 -1.09612471 0.00000000]
- [1.15770516 -1.03307329 0.00000000]
- [1.16673797 -0.97002186 0.00000000]
- [1.17577078 -0.90697044 0.00000000]
- [1.18480358 -0.84391901 0.00000000]
- [1.19383639 -0.78086759 0.00000000]
- [1.20286920 -0.71781616 0.00000000]
- [1.21190200 -0.65476474 0.00000000]
- [1.22093481 -0.59171331 0.00000000]
- [1.22996762 -0.52866189 0.00000000]
- [1.23900042 -0.46561047 0.00000000]
- [1.24803323 -0.40255904 0.00000000]
- [1.25706603 -0.33950762 0.00000000]
- [1.26609884 -0.27645619 0.00000000]
- [1.27513165 -0.21340477 0.00000000]
- [1.28416445 -0.15035334 0.00000000]
- [1.29319726 -0.08730192 0.00000000]
- [1.30223007 -0.02425049 0.00000000]
- [1.31126287 0.03880093 0.00000000]
- [1.32029568 0.10185236 0.00000000]
- [1.32932849 0.16490378 0.00000000]
- [1.33836129 0.22795521 0.00000000]
- [1.34739410 0.29100663 0.00000000]
- [1.35642690 0.35405805 0.00000000]
- [1.36545971 0.41710948 0.00000000]
- [1.37449252 0.48016090 0.00000000]
- [1.38352532 0.54321233 0.00000000]
- [1.39255813 0.60626375 0.00000000]
- [1.40159094 0.66931518 0.00000000]
- [1.41062374 0.73236660 0.00000000]
- [1.41965655 0.79541803 0.00000000]
- [1.42868936 0.85846945 0.00000000]
- [1.43772216 0.92152088 0.00000000]
- [1.44675497 0.98457230 0.00000000]
- [1.45578778 1.04762373 0.00000000]
- [1.46482058 1.11067515 0.00000000]
- [1.47385339 1.17372657 0.00000000]
- [1.48288619 1.23677800 0.00000000]
- [1.49191900 1.29982942 0.00000000]
- [1.50095181 1.36288085 0.00000000]
- [1.50998461 1.42593227 0.00000000]
- [1.51901742 1.48898370 0.00000000]
- [1.52805023 1.55203512 0.00000000]
- [1.53708303 1.61508655 0.00000000]
- [1.54611584 1.67813797 0.00000000]
- [1.55514865 1.74118940 0.00000000]
- [1.56418145 1.80424082 0.00000000]
- [1.57321426 1.86729225 0.00000000]
- [1.58224706 1.93034367 0.00000000]
- [-1.73098995 -2.26166121 0.00000000]
- [-1.71961905 -2.19909958 0.00000000]
- [-1.70824814 -2.13653794 0.00000000]
- [-1.69687724 -2.07397631 0.00000000]
- [-1.68550633 -2.01141467 0.00000000]
- [-1.67413543 -1.94885304 0.00000000]
- [-1.66276452 -1.88629140 0.00000000]
- [-1.65139362 -1.82372977 0.00000000]
- [-1.64002271 -1.76116813 0.00000000]
- [-1.62865181 -1.69860650 0.00000000]
- [-1.61728090 -1.63604486 0.00000000]
- [-1.60591000 -1.57348323 0.00000000]
- [-1.59453909 -1.51092159 0.00000000]
- [-1.58316819 -1.44835996 0.00000000]
- [-1.57179729 -1.38579832 0.00000000]
- [-1.56042638 -1.32323669 0.00000000]
- [-1.54905548 -1.26067505 0.00000000]
- [-1.53768457 -1.19811342 0.00000000]
- [-1.52631367 -1.13555178 0.00000000]
- [-1.51494276 -1.07299014 0.00000000]
- [-1.50357186 -1.01042851 0.00000000]
- [-1.49220095 -0.94786687 0.00000000]
- [-1.48083005 -0.88530524 0.00000000]
- [-1.46945914 -0.82274360 0.00000000]
- [-1.45808824 -0.76018197 0.00000000]
- [-1.44671733 -0.69762033 0.00000000]
- [-1.43534643 -0.63505870 0.00000000]
- [-1.42397552 -0.57249706 0.00000000]
- [-1.41260462 -0.50993543 0.00000000]
- [-1.40123371 -0.44737379 0.00000000]
- [-1.38986281 -0.38481216 0.00000000]
- [-1.37849191 -0.32225052 0.00000000]
- [-1.36712100 -0.25968889 0.00000000]
- [-1.35575010 -0.19712725 0.00000000]
- [-1.34437919 -0.13456562 0.00000000]
- [-1.33300829 -0.07200398 0.00000000]
- [-1.32163738 -0.00944235 0.00000000]
- [-1.31026648 0.05311929 0.00000000]
- [-1.29889557 0.11568092 0.00000000]
- [-1.28752467 0.17824256 0.00000000]
- [-1.27615376 0.24080419 0.00000000]
- [-1.26478286 0.30336583 0.00000000]
- [-1.25341195 0.36592746 0.00000000]
- [-1.24204105 0.42848910 0.00000000]
- [-1.23067014 0.49105073 0.00000000]
- [-1.21929924 0.55361237 0.00000000]
- [-1.20792833 0.61617400 0.00000000]
- [-1.19655743 0.67873564 0.00000000]
- [-1.18518652 0.74129727 0.00000000]
- [-1.17381562 0.80385891 0.00000000]
- [-1.16244472 0.86642054 0.00000000]
- [-1.15107381 0.92898218 0.00000000]
- [-1.13970291 0.99154381 0.00000000]
- [-1.12833200 1.05410545 0.00000000]
- [-1.11696110 1.11666709 0.00000000]
- [-1.10559019 1.17922872 0.00000000]
- [-1.09421929 1.24179036 0.00000000]
- [-1.08284838 1.30435199 0.00000000]
- [-1.07147748 1.36691363 0.00000000]
- [-1.06010657 1.42947526 0.00000000]
- [-1.04873567 1.49203690 0.00000000]
- [-1.03736476 1.55459853 0.00000000]
- [-1.02599386 1.61716017 0.00000000]
- [-1.01462295 1.67972180 0.00000000]
- [-1.00325205 1.74228344 0.00000000]
- [-0.99188114 1.80484507 0.00000000]
- [-0.98051024 1.86740671 0.00000000]
- [-0.96913933 1.92996834 0.00000000]
- [-0.95776843 1.99252998 0.00000000]
- [-0.94639753 2.05509161 0.00000000]
- [-0.93502662 2.11765325 0.00000000]
- [-0.92365572 2.18021488 0.00000000]
- [-0.91228481 2.24277652 0.00000000]
- [-0.90091391 2.30533815 0.00000000]
- [-0.88954300 2.36789979 0.00000000]
- [-0.87817210 2.43046142 0.00000000]
- [-0.86680119 2.49302306 0.00000000]
- [-0.85543029 2.55558469 0.00000000]
- [-1.08245384 -2.50327718 0.00000000]
- [-1.07099088 -2.44071126 0.00000000]
- [-1.05952792 -2.37814534 0.00000000]
- [-1.04806495 -2.31557942 0.00000000]
- [-1.03660199 -2.25301350 0.00000000]
- [-1.02513903 -2.19044759 0.00000000]
- [-1.01367607 -2.12788167 0.00000000]
- [-1.00221311 -2.06531575 0.00000000]
- [-0.99075015 -2.00274983 0.00000000]
- [-0.97928718 -1.94018391 0.00000000]
- [-0.96782422 -1.87761800 0.00000000]
- [-0.95636126 -1.81505208 0.00000000]
- [-0.94489830 -1.75248616 0.00000000]
- [-0.93343534 -1.68992024 0.00000000]
- [-0.92197238 -1.62735432 0.00000000]
- [-0.91050941 -1.56478841 0.00000000]
- [-0.89904645 -1.50222249 0.00000000]
- [-0.88758349 -1.43965657 0.00000000]
- [-0.87612053 -1.37709065 0.00000000]
- [-0.86465757 -1.31452473 0.00000000]
- [-0.85319461 -1.25195882 0.00000000]
- [-0.84173164 -1.18939290 0.00000000]
- [-0.83026868 -1.12682698 0.00000000]
- [-0.81880572 -1.06426106 0.00000000]
- [-0.80734276 -1.00169514 0.00000000]
- [-0.79587980 -0.93912923 0.00000000]
- [-0.78441684 -0.87656331 0.00000000]
- [-0.77295387 -0.81399739 0.00000000]
- [-0.76149091 -0.75143147 0.00000000]
- [-0.75002795 -0.68886555 0.00000000]
- [-0.73856499 -0.62629964 0.00000000]
- [-0.72710203 -0.56373372 0.00000000]
- [-0.71563907 -0.50116780 0.00000000]
- [-0.70417610 -0.43860188 0.00000000]
- [-0.69271314 -0.37603596 0.00000000]
- [-0.68125018 -0.31347005 0.00000000]
- [-0.66978722 -0.25090413 0.00000000]
- [-0.65832426 -0.18833821 0.00000000]
- [-0.64686130 -0.12577229 0.00000000]
- [-0.63539834 -0.06320637 0.00000000]
- [-0.62393537 -0.00064045 0.00000000]
- [-0.61247241 0.06192546 0.00000000]
- [-0.60100945 0.12449138 0.00000000]
- [-0.58954649 0.18705730 0.00000000]
- [-0.57808353 0.24962322 0.00000000]
- [-0.56662057 0.31218914 0.00000000]
- [-0.55515760 0.37475505 0.00000000]
- [-0.54369464 0.43732097 0.00000000]
- [-0.53223168 0.49988689 0.00000000]
- [-0.52076872 0.56245281 0.00000000]
- [-0.50930576 0.62501873 0.00000000]
- [-0.49784280 0.68758464 0.00000000]
- [-0.48637983 0.75015056 0.00000000]
- [-0.47491687 0.81271648 0.00000000]
- [-0.46345391 0.87528240 0.00000000]
- [-0.45199095 0.93784832 0.00000000]
- [-0.44052799 1.00041423 0.00000000]
- [-0.42906503 1.06298015 0.00000000]
- [-0.41760206 1.12554607 0.00000000]
- [-0.40613910 1.18811199 0.00000000]
- [-0.39467614 1.25067791 0.00000000]
- [-0.38321318 1.31324382 0.00000000]
- [-0.37175022 1.37580974 0.00000000]
- [-0.36028726 1.43837566 0.00000000]
- [-0.34882429 1.50094158 0.00000000]
- [-0.33736133 1.56350750 0.00000000]
- [-0.32589837 1.62607341 0.00000000]
- [-0.31443541 1.68863933 0.00000000]
- [-0.30297245 1.75120525 0.00000000]
- [-0.29150949 1.81377117 0.00000000]
- [-0.28004652 1.87633709 0.00000000]
- [-0.26858356 1.93890300 0.00000000]
- [-0.25712060 2.00146892 0.00000000]
- [-0.24565764 2.06403484 0.00000000]
- [-0.23419468 2.12660076 0.00000000]
- [-0.22273172 2.18916668 0.00000000]
- [-0.21126875 2.25173259 0.00000000]
- [-0.19980579 2.31429851 0.00000000]
- [-0.18834283 2.37686443 0.00000000]
- [-0.17687987 2.43943035 0.00000000]
- [-0.16541691 2.50199627 0.00000000]
elements:
- [1 2]
- [2 3]
- [3 4]
- [4 5]
- [5 6]
- [6 7]
- [7 8]
- [8 9]
- [9 10]
- [10 11]
- [11 12]
- [12 13]
- [13 14]
- [14 15]
- [15 16]
- [16 17]
- [17 18]
- [18 19]
- [19 20]
- [20 21]
- [21 22]
- [22 23]
- [23 24]
- [24 25]
- [25 26]
- [26 27]
- [27 28]
- [28 29]
- [29 30]
- [30 31]
- [31 32]
- [32 33]
- [33 34]
- [34 35]
- [35 36]
- [36 37]
- [37 38]
- [38 39]
- [39 40]
- [40 41]
- [41 42]
- [42 43]
- [43 44]
- [44 45]
- [45 46]
- [46 47]
- [47 48]
- [48 49]
- [49 50]
- [50 51]
- [51 52]
- [52 53]
- [53 54]
- [54 55]
- [55 56]
- [56 57]
- [57 58]
- [58 59]
- [59 60]
- [60 61]
- [61 62]
- [62 63]
- [63 64]
- [64 65]
- [65 66]
- [66 67]
- [67 68]
- [68 69]
- [69 70]
- [70 71]
- [71 72]
- [72 73]
- [73 74]
- [74 75]
- [75 76]
- [76 77]
- [77 78]
- [78 79]
- [79 80]
- [80 81]
- [81 82]
- [82 83]
- [83 84]
- [84 85]
- [85 86]
- [86 87]
- [87 88]
- [88 89]
- [89 90]
- [90 91]
- [91 92]
- [92 93]
- [93 94]
- [94 95]
- [95 96]
- [96 97]
- [97 98]
- [98 99]
- [99 100]
- [100 101]
- [101 102]
- [102 103]
- [103 104]
- [104 105]
- [105 106]
- [106 107]
- [107 108]
- [108 109]
- [109 110]
- [110 111]
- [111 112]
- [112 113]
- [113 114]
- [114 115]
- [115 116]
- [116 117]
- [117 118]
- [118 119]
- [119 120]
- [120 121]
- [121 122]
- [122 123]
- [123 124]
- [124 125]
- [125 126]
- [126 127]
- [127 128]
- [128 129]
- [129 130]
- [130 131]
- [131 132]
- [132 133]
- [133 134]
- [134 135]
- [135 136]
- [136 137]
- [137 138]
- [138 139]
- [139 140]
- [140 141]
- [141 142]
- [142 143]
- [143 144]
- [144 145]
- [145 146]
- [146 147]
- [147 148]
- [148 149]
- [149 150]
- [150 151]
- [151 152]
- [152 153]
- [153 154]
- [154 155]
- [155 156]
- [156 157]
- [157 158]
- [158 159]
- [159 160]
- [160 161]
- [161 162]
- [162 163]
- [163 164]
- [164 165]
- [165 166]
- [166 167]
- [167 168]
- [168 169]
- [169 170]
- [170 171]
- [171 172]
- [172 173]
- [173 174]
- [174 175]
- [175 176]
- [176 177]
- [177 178]
- [178 179]
- [179 180]
- [180 181]
- [181 182]
- [182 183]
- [183 184]
- [184 185]
- [185 186]
- [186 187]
- [187 188]
- [188 189]
- [189 190]
- [190 191]
- [191 192]
- [192 193]
- [193 194]
- [194 195]
- [195 196]
- [196 197]
- [197 198]
- [198 199]
- [199 200]
- [200 201]
- [201 202]
- [202 203]
- [203 204]
- [204 205]
- [205 206]
- [206 207]
- [207 208]
- [208 209]
- [209 210]
- [210 211]
- [211 212]
- [212 213]
- [213 214]
- [214 215]
- [215 216]
- [216 217]
- [217 218]
- [218 219]
- [219 220]
- [220 221]
- [221 222]
- [222 223]
- [223 224]
- [224 225]
- [225 226]
- [226 227]
- [227 228]
- [228 229]
- [229 230]
- [230 231]
- [231 232]
- [232 233]
- [233 234]
- [234 235]
- [235 236]
- [236 237]
- [237 238]
- [238 239]
- [239 240]
- [240 241]
- [241 242]
- [242 243]
- [243 244]
- [244 245]
- [245 246]
- [246 247]
- [247 248]
- [248 249]
- [249 250]
- [250 251]
- [251 252]
- [252 253]
- [253 254]
- [254 255]
- [255 256]
- [256 257]
- [257 258]
- [258 259]
- [259 260]
- [260 261]
- [261 262]
- [262 1]
- [222 263]
- [263 264]
- [264 265]
- [265 266]
- [266 267]
- [267 268]
- [268 269]
- [269 270]
- [270 271]
- [271 272]
- [272 273]
- [273 274]
- [274 275]
- [275 276]
- [276 277]
- [277 278]
- [278 279]
- [279 280]
- [280 281]
- [281 282]
- [282 283]
- [283 284]
- [284 285]
- [285 286]
- [286 287]
- [287 288]
- [288 289]
- [289 290]
- [290 291]
- [291 292]
- [292 293]
- [293 294]
- [294 295]
- [295 296]
- [296 297]
- [297 298]
- [298 299]
- [299 300]
- [300 301]
- [301 302]
- [302 303]
- [303 304]
- [304 305]
- [305 306]
- [306 307]
- [307 308]
- [308 309]
- [309 310]
- [310 311]
- [311 312]
- [312 313]
- [313 314]
- [314 315]
- [315 316]
- [316 317]
- [317 318]
- [318 319]
- [319 320]
- [320 321]
- [321 322]
- [322 323]
- [323 324]
- [324 32]
- [175 325]
- [325 326]
- [326 327]
- [327 328]
- [328 329]
- [329 330]
- [330 331]
- [331 332]
- [332 333]
- [333 334]
- [334 335]
- [335 336]
- [336 337]
- [337 338]
- [338 339]
- [339 340]
- [340 341]
- [341 342]
- [342 343]
- [343 344]
- [344 345]
- [345 346]
- [346 347]
- [347 348]
- [348 349]
- [349 350]
- [350 351]
- [351 352]
- [352 353]
- [353 354]
- [354 355]
- [355 356]
- [356 357]
- [357 358]
- [358 359]
- [359 360]
- [360 361]
- [361 362]
- [362 363]
- [363 364]
- [364 365]
- [365 366]
- [366 367]
- [367 368]
- [368 369]
- [369 370]
- [370 371]
- [371 372]
- [372 373]
- [373 374]
- [374 375]
- [375 376]
- [376 377]
- [377 378]
- [378 379]
- [379 380]
- [380 381]
- [381 382]
- [382 383]
- [383 384]
- [384 385]
- [385 386]
- [386 387]
- [387 388]
- [388 389]
- [389 390]
- [390 391]
- [391 392]
- [392 393]
- [393 394]
- [394 395]
- [395 396]
- [396 397]
- [397 398]
- [398 399]
- [399 400]
- [400 401]
- [401 402]
- [402 72]
- [186 403]
- [403 404]
- [404 405]
- [405 406]
- [406 407]
- [407 408]
- [408 409]
- [409 410]
- [410 411]
- [411 412]
- [412 413]
- [413 414]
- [414 415]
- [415 416]
- [416 417]
- [417 418]
- [418 419]
- [419 420]
- [420 421]
- [421 422]
- [422 423]
- [423 424]
- [424 425]
- [425 426]
- [426 427]
- [427 428]
- [428 429]
- [429 430]
- [430 431]
- [431 432]
- [432 433]
- [433 434]
- [434 435]
- [435 436]
- [436 437]
- [437 438]
- [438 439]
- [439 440]
- [440 441]
- [441 442]
- [442 443]
- [443 444]
- [444 445]
- [445 446]
- [446 447]
- [447 448]
- [448 449]
- [449 450]
- [450 451]
- [451 452]
- [452 453]
- [453 454]
- [454 455]
- [455 456]
- [456 457]
- [457 458]
- [458 459]
- [459 460]
- [460 461]
- [461 462]
- [462 463]
- [463 464]
- [464 465]
- [465 466]
- [466 467]
- [467 468]
- [468 469]
- [469 470]
- [470 471]
- [471 472]
- [472 473]
- [473 474]
- [474 475]
- [475 476]
- [476 477]
- [477 478]
- [478 479]
- [479 480]
- [480 481]
- [481 482]
- [482 483]
- [483 61]
sets:
  element:
  - name: layup_0
    labels:
    - 1
    - 2
    - 3
    - 4
    - 5
    - 6
    - 7
    - 8
    - 9
    - 10
    - 11
    - 12
    - 13
    - 14
    - 15
    - 16
    - 17
    - 18
    - 19
    - 20
    - 242
    - 243
    - 244
    - 245
    - 246
    - 247
    - 248
    - 249
    - 250
    - 251
    - 252
    - 253
    - 254
    - 255
    - 256
    - 257
    - 258
    - 259
    - 260
    - 261
    - 262
  - name: layup_1
    labels:
    - 21
    - 22
    - 23
    - 24
    - 25
    - 26
    - 27
    - 28
    - 29
    - 30
    - 31
    - 32
    - 33
    - 34
    - 35
    - 36
    - 37
    - 38
    - 39
    - 40
    - 41
    - 42
    - 43
    - 44
    - 45
    - 46
    - 47
    - 48
    - 49
    - 50
    - 51
    - 52
    - 53
    - 54
    - 55
    - 56
    - 57
    - 58
    - 59
    - 73
    - 74
    - 75
    - 76
    - 77
    - 78
    - 79
    - 80
    - 81
    - 82
    - 83
    - 84
    - 85
    - 86
    - 87
    - 88
    - 89
    - 90
    - 91
    - 92
    - 93
    - 94
    - 95
    - 96
    - 97
    - 98
    - 99
    - 100
    - 101
    - 102
    - 103
    - 104
    - 105
    - 106
    - 107
    - 108
    - 109
    - 110
    - 111
    - 112
    - 113
    - 114
    - 115
    - 116
    - 117
    - 118
    - 119
    - 120
    - 121
    - 122
    - 123
    - 124
    - 125
    - 126
    - 127
    - 128
    - 129
    - 132
    - 133
    - 134
    - 135
    - 136
    - 137
    - 138
    - 139
    - 140
    - 141
    - 142
    - 143
    - 144
    - 145
    - 146
    - 147
    - 148
    - 149
    - 150
    - 151
    - 152
    - 153
    - 154
    - 155
    - 156
    - 157
    - 158
    - 159
    - 160
    - 161
    - 162
    - 163
    - 164
    - 165
    - 166
    - 167
    - 168
    - 169
    - 170
    - 171
    - 172
    - 173
    - 188
    - 189
    - 190
    - 191
    - 192
    - 193
    - 194
    - 195
    - 196
    - 197
    - 198
    - 199
    - 200
    - 201
    - 202
    - 203
    - 204
    - 205
    - 206
    - 207
    - 208
    - 209
    - 210
    - 211
    - 212
    - 213
    - 214
    - 215
    - 216
    - 217
    - 218
    - 219
    - 220
    - 221
    - 222
    - 223
    - 224
    - 225
    - 226
    - 227
    - 228
    - 229
    - 230
    - 231
    - 232
    - 233
    - 234
    - 235
    - 236
    - 237
    - 238
    - 239
    - 240
    - 241
  - name: layup_2
    labels:
    - 60
    - 61
    - 62
    - 63
    - 64
    - 65
    - 66
    - 67
    - 68
    - 69
    - 70
    - 71
    - 72
  - name: layup_3
    labels:
    - 130
    - 131
  - name: layup_4
    labels:
    - 174
    - 175
    - 176
    - 177
    - 178
    - 179
    - 180
    - 181
    - 182
    - 183
    - 184
    - 185
    - 186
    - 187
  - name: layup_5
    labels:
    - 263
    - 264
    - 265
    - 266
    - 267
    - 268
    - 269
    - 270
    - 271
    - 272
    - 273
    - 274
    - 275
    - 276
    - 277
    - 278
    - 279
    - 280
    - 281
    - 282
    - 283
    - 284
    - 285
    - 286
    - 287
    - 288
    - 289
    - 290
    - 291
    - 292
    - 293
    - 294
    - 295
    - 296
    - 297
    - 298
    - 299
    - 300
    - 301
    - 302
    - 303
    - 304
    - 305
    - 306
    - 307
    - 308
    - 309
    - 310
    - 311
    - 312
    - 313
    - 314
    - 315
    - 316
    - 317
    - 318
    - 319
    - 320
    - 321
    - 322
    - 323
    - 324
    - 325
    - 326
    - 327
    - 328
    - 329
    - 330
    - 331
    - 332
    - 333
    - 334
    - 335
    - 336
    - 337
    - 338
    - 339
    - 340
    - 341
    - 342
    - 343
    - 344
    - 345
    - 346
    - 347
    - 348
    - 349
    - 350
    - 351
    - 352
    - 353
    - 354
    - 355
    - 356
    - 357
    - 358
    - 359
    - 360
    - 361
    - 362
    - 363
    - 364
    - 365
    - 366
    - 367
    - 368
    - 369
    - 370
    - 371
    - 372
    - 373
    - 374
    - 375
    - 376
    - 377
    - 378
    - 379
    - 380
    - 381
    - 382
    - 383
    - 384
    - 385
    - 386
    - 387
    - 388
    - 389
    - 390
    - 391
    - 392
    - 393
    - 394
    - 395
    - 396
    - 397
    - 398
    - 399
    - 400
    - 401
    - 402
    - 403
    - 404
    - 405
    - 406
    - 407
    - 408
    - 409
    - 410
    - 411
    - 412
    - 413
    - 414
    - 415
    - 416
    - 417
    - 418
    - 419
    - 420
    - 421
    - 422
    - 423
    - 424
    - 425
    - 426
    - 427
    - 428
    - 429
    - 430
    - 431
    - 432
    - 433
    - 434
    - 435
    - 436
    - 437
    - 438
    - 439
    - 440
    - 441
    - 442
    - 443
    - 444
    - 445
    - 446
    - 447
    - 448
    - 449
    - 450
    - 451
    - 452
    - 453
    - 454
    - 455
    - 456
    - 457
    - 458
    - 459
    - 460
    - 461
    - 462
    - 463
    - 464
    - 465
    - 466
    - 467
    - 468
    - 469
    - 470
    - 471
    - 472
    - 473
    - 474
    - 475
    - 476
    - 477
    - 478
    - 479
    - 480
    - 481
    - 482
    - 483
    - 484
    - 485
    - 486
sections:
- type: shell
  elementSet: layup_0
  layup:
  - - gelcoat
    - 0.0005
    - 0.0
  - - glass_triax
    - 0.01328501
    - 0.0
  - - glass_uniax
    - 0.01457163
    - 0.0
  - - glass_triax
    - 0.01328501
    - 0.0
- type: shell
  elementSet: layup_1
  layup:
  - - gelcoat
    - 0.0005
    - 0.0
  - - glass_triax
    - 0.01328501
    - 0.0
  - - medium_density_foam
    - 0.03138089
    - 0.0
  - - glass_triax
    - 0.01328501
    - 0.0
- type: shell
  elementSet: layup_2
  layup:
  - - gelcoat
    - 0.0005
    - 0.0
  - - glass_triax
    - 0.01328501
    - 0.0
  - - carbon_uniax
    - 0.05356099
    - 0.0
  - - glass_triax
    - 0.01328501
    - 0.0
- type: shell
  elementSet: layup_3
  layup:
  - - gelcoat
    - 0.0005
    - 0.0
  - - glass_triax
    - 0.01328501
    - 0.0
  - - glass_uniax
    - 0.01216028
    - 0.0
  - - glass_triax
    - 0.01328501
    - 0.0
- type: shell
  elementSet: layup_4
  layup:
  - - gelcoat
    - 0.0005
    - 0.0
  - - glass_triax
    - 0.01328501
    - 0.0
  - - carbon_uniax
    - 0.04468689
    - 0.0
  - - glass_triax
    - 0.01328501
    - 0.0
- type: shell
  elementSet: layup_5
  layup:
  - - glass_biax
    - 0.002
    - 0.0
  - - medium_density_foam
    - 0.046
    - 0.0
  - - glass_biax
    - 0.002
    - 0.0
elementOrientations:
- [0.0, 0.0, 1.0, -0.8745158300931976, 0.48499697206931675, 0.0, -0.48499697206931675,
  -0.8745158300931976, 0.0]
- [0.0, 0.0, 1.0, -0.8555449099315149, 0.5177286037010856, 0.0, -0.5177286037010856,
  -0.8555449099315149, 0.0]
- [0.0, 0.0, 1.0, -0.8676041542073349, 0.49725549931818247, 0.0, -0.49725549931818247,
  -0.8676041542073349, 0.0]
- [0.0, 0.0, 1.0, -0.8840995783921942, 0.4672985507004538, 0.0, -0.4672985507004538,
  -0.8840995783921942, 0.0]
- [0.0, 0.0, 1.0, -0.8947866611287391, 0.4464939317236942, 0.0, -0.4464939317236942,
  -0.8947866611287391, 0.0]
- [0.0, 0.0, 1.0, -0.8976616956439665, 0.4406852393416405, 0.0, -0.4406852393416405,
  -0.8976616956439665, 0.0]
- [0.0, 0.0, 1.0, -0.8967878102587269, 0.44246087213600904, 0.0, -0.44246087213600904,
  -0.8967878102587269, 0.0]
- [0.0, 0.0, 1.0, -0.9010743134205537, 0.4336647111463856, 0.0, -0.4336647111463856,
  -0.9010743134205537, 0.0]
- [0.0, 0.0, 1.0, -0.90313359397459, 0.42935965277904287, 0.0, -0.42935965277904287,
  -0.90313359397459, 0.0]
- [0.0, 0.0, 1.0, -0.9039751784616683, 0.4275849351008466, 0.0, -0.4275849351008466,
  -0.9039751784616683, 0.0]
- [0.0, 0.0, 1.0, -0.9019017851766831, 0.43194116485363165, 0.0, -0.43194116485363165,
  -0.9019017851766831, 0.0]
- [0.0, 0.0, 1.0, -0.9023437035767141, 0.43101721614740524, 0.0, -0.43101721614740524,
  -0.9023437035767141, 0.0]
- [0.0, 0.0, 1.0, -0.9072395122653822, 0.42061439274526863, 0.0, -0.42061439274526863,
  -0.9072395122653822, 0.0]
- [0.0, 0.0, 1.0, -0.905520665444765, 0.4243021617343827, 0.0, -0.4243021617343827,
  -0.905520665444765, 0.0]
- [0.0, 0.0, 1.0, -0.906059584047076, 0.42315012720834616, 0.0, -0.42315012720834616,
  -0.906059584047076, 0.0]
- [0.0, 0.0, 1.0, -0.908658770668278, 0.41753950530173023, 0.0, -0.41753950530173023,
  -0.908658770668278, 0.0]
- [0.0, 0.0, 1.0, -0.9056859549136066, 0.4239492317155772, 0.0, -0.4239492317155772,
  -0.9056859549136066, 0.0]
- [0.0, 0.0, 1.0, -0.9056727400865794, 0.4239774615048155, 0.0, -0.4239774615048155,
  -0.9056727400865794, 0.0]
- [0.0, 0.0, 1.0, -0.9072255589740231, 0.4206444878329818, 0.0, -0.4206444878329818,
  -0.9072255589740231, 0.0]
- [0.0, 0.0, 1.0, -0.9355081412586622, 0.35330513389811175, 0.0, -0.35330513389811175,
  -0.9355081412586622, 0.0]
- [0.0, 0.0, 1.0, -0.9365663940637176, 0.35049021314508244, 0.0, -0.35049021314508244,
  -0.9365663940637176, 0.0]
- [0.0, 0.0, 1.0, -0.9107081287926763, 0.4130504862010724, 0.0, -0.4130504862010724,
  -0.9107081287926763, 0.0]
- [0.0, 0.0, 1.0, -0.912839951888807, 0.40831755073182985, 0.0, -0.40831755073182985,
  -0.912839951888807, 0.0]
- [0.0, 0.0, 1.0, -0.9142852915851932, 0.405070864900178, 0.0, -0.405070864900178,
  -0.9142852915851932, 0.0]
- [0.0, 0.0, 1.0, -0.9153533409672544, 0.40265153815685983, 0.0, -0.40265153815685983,
  -0.9153533409672544, 0.0]
- [0.0, 0.0, 1.0, -0.9153034655062924, 0.4027649016885306, 0.0, -0.4027649016885306,
  -0.9153034655062924, 0.0]
- [0.0, 0.0, 1.0, -0.918217165148335, 0.3960773126890194, 0.0, -0.3960773126890194,
  -0.918217165148335, 0.0]
- [0.0, 0.0, 1.0, -0.9133765321507661, 0.4071158440987535, 0.0, -0.4071158440987535,
  -0.9133765321507661, 0.0]
- [0.0, 0.0, 1.0, -0.9196816238556889, 0.3926648835103075, 0.0, -0.3926648835103075,
  -0.9196816238556889, 0.0]
- [0.0, 0.0, 1.0, -0.9208499134678382, 0.3899172179659099, 0.0, -0.3899172179659099,
  -0.9208499134678382, 0.0]
- [0.0, 0.0, 1.0, -0.9192406989217715, 0.3936959962278168, 0.0, -0.3936959962278168,
  -0.9192406989217715, 0.0]
- [0.0, 0.0, 1.0, -0.9223952789900164, 0.3862472644523583, 0.0, -0.3862472644523583,
  -0.9223952789900164, 0.0]
- [0.0, 0.0, 1.0, -0.9244273632513607, 0.381358165078626, 0.0, -0.381358165078626,
  -0.9244273632513607, 0.0]
- [0.0, 0.0, 1.0, -0.9253596602043884, 0.37909035765423865, 0.0, -0.37909035765423865,
  -0.9253596602043884, 0.0]
- [0.0, 0.0, 1.0, -0.9248517194942678, 0.3803278808455884, 0.0, -0.3803278808455884,
  -0.9248517194942678, 0.0]
- [0.0, 0.0, 1.0, -0.9268221215899535, 0.37550067234493384, 0.0, -0.37550067234493384,
  -0.9268221215899535, 0.0]
- [0.0, 0.0, 1.0, -0.9272620272438025, 0.37441305109693185, 0.0, -0.37441305109693185,
  -0.9272620272438025, 0.0]
- [0.0, 0.0, 1.0, -0.9275039144047234, 0.37381344112259457, 0.0, -0.37381344112259457,
  -0.9275039144047234, 0.0]
- [0.0, 0.0, 1.0, -0.9298146151174792, 0.3680282346694804, 0.0, -0.3680282346694804,
  -0.9298146151174792, 0.0]
- [0.0, 0.0, 1.0, -0.9342425085614297, 0.35663838155314553, 0.0, -0.35663838155314553,
  -0.9342425085614297, 0.0]
- [0.0, 0.0, 1.0, -0.9342687533664719, 0.35656962361235783, 0.0, -0.35656962361235783,
  -0.9342687533664719, 0.0]
- [0.0, 0.0, 1.0, -0.9364862643925483, 0.3507042580352998, 0.0, -0.3507042580352998,
  -0.9364862643925483, 0.0]
- [0.0, 0.0, 1.0, -0.938258405588186, 0.34593520252081217, 0.0, -0.34593520252081217,
  -0.938258405588186, 0.0]
- [0.0, 0.0, 1.0, -0.9386070183528638, 0.3449882100865864, 0.0, -0.3449882100865864,
  -0.9386070183528638, 0.0]
- [0.0, 0.0, 1.0, -0.9413627341645913, 0.3373962103020199, 0.0, -0.3373962103020199,
  -0.9413627341645913, 0.0]
- [0.0, 0.0, 1.0, -0.9455880438212972, 0.32536633412541704, 0.0, -0.32536633412541704,
  -0.9455880438212972, 0.0]
- [0.0, 0.0, 1.0, -0.9466272488659564, 0.32233034561528773, 0.0, -0.32233034561528773,
  -0.9466272488659564, 0.0]
- [0.0, 0.0, 1.0, -0.9474099788856294, 0.32002239282264466, 0.0, -0.32002239282264466,
  -0.9474099788856294, 0.0]
- [0.0, 0.0, 1.0, -0.9478868888849165, 0.31860703990978295, 0.0, -0.31860703990978295,
  -0.9478868888849165, 0.0]
- [0.0, 0.0, 1.0, -0.9528236799384702, 0.3035243564337327, 0.0, -0.3035243564337327,
  -0.9528236799384702, 0.0]
- [0.0, 0.0, 1.0, -0.9542387178583881, 0.29904593182315603, 0.0, -0.29904593182315603,
  -0.9542387178583881, 0.0]
- [0.0, 0.0, 1.0, -0.957739638225338, 0.2876365508276002, 0.0, -0.2876365508276002,
  -0.957739638225338, 0.0]
- [0.0, 0.0, 1.0, -0.9585045207261697, 0.2850773294169426, 0.0, -0.2850773294169426,
  -0.9585045207261697, 0.0]
- [0.0, 0.0, 1.0, -0.9627803667184736, 0.2702849708390052, 0.0, -0.2702849708390052,
  -0.9627803667184736, 0.0]
- [0.0, 0.0, 1.0, -0.9645952078949004, 0.2637348761658072, 0.0, -0.2637348761658072,
  -0.9645952078949004, 0.0]
- [0.0, 0.0, 1.0, -0.9672850284710495, 0.2536920844168398, 0.0, -0.2536920844168398,
  -0.9672850284710495, 0.0]
- [0.0, 0.0, 1.0, -0.9723502752508066, 0.23352717661908334, 0.0, -0.23352717661908334,
  -0.9723502752508066, 0.0]
- [0.0, 0.0, 1.0, -0.9740001220039882, 0.22654748362366742, 0.0, -0.22654748362366742,
  -0.9740001220039882, 0.0]
- [0.0, 0.0, 1.0, -0.9929780232285198, 0.11829896612050846, 0.0, -0.11829896612050846,
  -0.9929780232285198, 0.0]
- [0.0, 0.0, 1.0, -0.9921795767827858, 0.12481861806290005, 0.0, -0.12481861806290005,
  -0.9921795767827858, 0.0]
- [0.0, 0.0, 1.0, -0.9840135244992199, 0.17809374947656922, 0.0, -0.17809374947656922,
  -0.9840135244992199, 0.0]
- [0.0, 0.0, 1.0, -0.9870519719079581, 0.16040076294273437, 0.0, -0.16040076294273437,
  -0.9870519719079581, 0.0]
- [0.0, 0.0, 1.0, -0.9906136951193859, 0.13669128370864086, 0.0, -0.13669128370864086,
  -0.9906136951193859, 0.0]
- [0.0, 0.0, 1.0, -0.9925203188904717, 0.12207955025128597, 0.0, -0.12207955025128597,
  -0.9925203188904717, 0.0]
- [0.0, 0.0, 1.0, -0.9946739075781236, 0.10307190491723064, 0.0, -0.10307190491723064,
  -0.9946739075781236, 0.0]
- [0.0, 0.0, 1.0, -0.9970135935051716, 0.07722625438220247, 0.0, -0.07722625438220247,
  -0.9970135935051716, 0.0]
- [0.0, 0.0, 1.0, -0.9984764465034618, 0.05517957754295743, 0.0, -0.05517957754295743,
  -0.9984764465034618, 0.0]
- [0.0, 0.0, 1.0, -0.9992592174816212, 0.038483974301238205, 0.0, -0.038483974301238205,
  -0.9992592174816212, 0.0]
- [0.0, 0.0, 1.0, -0.9997300432641846, 0.023234469974411105, 0.0, -0.023234469974411105,
  -0.9997300432641846, 0.0]
- [0.0, 0.0, 1.0, -0.9999209784128074, -0.012571273999627939, 0.0, 0.012571273999627939,
  -0.9999209784128074, 0.0]
- [0.0, 0.0, 1.0, -0.9994434788919134, -0.03335764530702361, 0.0, 0.03335764530702361,
  -0.9994434788919134, 0.0]
- [0.0, 0.0, 1.0, -0.9999747185003475, 0.007110721492996766, 0.0, -0.007110721492996766,
  -0.9999747185003475, 0.0]
- [0.0, 0.0, 1.0, -0.9999811790454673, -0.006135271374345952, 0.0, 0.006135271374345952,
  -0.9999811790454673, 0.0]
- [0.0, 0.0, 1.0, -0.9932732356573193, -0.11579412475095369, 0.0, 0.11579412475095369,
  -0.9932732356573193, 0.0]
- [0.0, 0.0, 1.0, -0.9891040855501725, -0.14721789275749425, 0.0, 0.14721789275749425,
  -0.9891040855501725, 0.0]
- [0.0, 0.0, 1.0, -0.9833191011783246, -0.18188882664378203, 0.0, 0.18188882664378203,
  -0.9833191011783246, 0.0]
- [0.0, 0.0, 1.0, -0.9784538497539574, -0.20646564823635968, 0.0, 0.20646564823635968,
  -0.9784538497539574, 0.0]
- [0.0, 0.0, 1.0, -0.9739482688536072, -0.22677030140003282, 0.0, 0.22677030140003282,
  -0.9739482688536072, 0.0]
- [0.0, 0.0, 1.0, -0.9629989410175805, -0.2695051754586887, 0.0, 0.2695051754586887,
  -0.9629989410175805, 0.0]
- [0.0, 0.0, 1.0, -0.9545165116175193, -0.29815806051408716, 0.0, 0.29815806051408716,
  -0.9545165116175193, 0.0]
- [0.0, 0.0, 1.0, -0.944450710570573, -0.3286530926413743, 0.0, 0.3286530926413743,
  -0.944450710570573, 0.0]
- [0.0, 0.0, 1.0, -0.9350660601391734, -0.3544735013732392, 0.0, 0.3544735013732392,
  -0.9350660601391734, 0.0]
- [0.0, 0.0, 1.0, -0.9218076232947527, -0.38764765655899336, 0.0, 0.38764765655899336,
  -0.9218076232947527, 0.0]
- [0.0, 0.0, 1.0, -0.9102166133794094, -0.41413248692673066, 0.0, 0.41413248692673066,
  -0.9102166133794094, 0.0]
- [0.0, 0.0, 1.0, -0.8950029055602188, -0.4460603087462122, 0.0, 0.4460603087462122,
  -0.8950029055602188, 0.0]
