nodes:
- [4.23171540 0.61882029 0.00000000]
- [4.17690487 0.64692150 0.00000000]
- [4.11510521 0.68076415 0.00000000]
- [4.05243933 0.71265318 0.00000000]
- [3.98867234 0.74277613 0.00000000]
- [3.92446843 0.77254335 0.00000000]
- [3.86019641 0.80212486 0.00000000]
- [3.79571546 0.83110676 0.00000000]
- [3.73085103 0.85955114 0.00000000]
- [3.66614689 0.88835330 0.00000000]
- [3.60121986 0.91652953 0.00000000]
- [3.53633158 0.94471725 0.00000000]
- [3.47110471 0.97207579 0.00000000]
- [3.40572767 0.99939941 0.00000000]
- [3.34042865 1.02676562 0.00000000]
- [3.27498204 1.05363133 0.00000000]
- [3.20931628 1.08019615 0.00000000]
- [3.14380262 1.10690005 0.00000000]
- [3.07356357 1.12131674 0.00000000]
- [3.00206438 1.13597127 0.00000000]
- [2.93472103 1.16142927 0.00000000]
- [2.86727881 1.18682248 0.00000000]
- [2.79993691 1.21185394 0.00000000]
- [2.73212374 1.23615801 0.00000000]
- [2.66454004 1.26075304 0.00000000]
- [2.59660109 1.28416197 0.00000000]
- [2.52846179 1.30778715 0.00000000]
- [2.46046490 1.33098876 0.00000000]
- [2.39225873 1.35343246 0.00000000]
- [2.32374961 1.37545075 0.00000000]
- [2.25515298 1.39722945 0.00000000]
- [2.18637614 1.41857787 0.00000000]
- [2.11755853 1.43982512 0.00000000]
- [2.04879846 1.46060154 0.00000000]
- [1.97982359 1.48064895 0.00000000]
- [1.91066140 1.50029854 0.00000000]
- [1.84364033 1.51881189 0.00000000]
- [1.77631878 1.53681358 0.00000000]
- [1.70902215 1.55480992 0.00000000]
- [1.64176474 1.57211847 0.00000000]
- [1.57429985 1.58876405 0.00000000]
- [1.50662314 1.60491809 0.00000000]
- [1.43887386 1.62067976 0.00000000]
- [1.37088787 1.63588693 0.00000000]
- [1.30288163 1.65105104 0.00000000]
- [1.23507955 1.66560040 0.00000000]
- [1.16692978 1.67906789 0.00000000]
- [1.09852439 1.69242746 0.00000000]
- [1.03030460 1.70536656 0.00000000]
- [0.96181557 1.71732404 0.00000000]
- [0.89321261 1.72921549 0.00000000]
- [0.82475359 1.74039147 0.00000000]
- [0.75615401 1.75063928 0.00000000]
- [0.68738228 1.76020923 0.00000000]
- [0.61856638 1.76908085 0.00000000]
- [0.54962757 1.77711031 0.00000000]
- [0.48055638 1.78450983 0.00000000]
- [0.41145126 1.79126039 0.00000000]
- [0.34228808 1.79726593 0.00000000]
- [0.27308452 1.80259098 0.00000000]
- [0.20396691 1.80711352 0.00000000]
- [0.13484215 1.81116800 0.00000000]
- [0.04714292 1.81499272 0.00000000]
- [-0.02139896 1.81662548 0.00000000]
- [-0.09010694 1.81703405 0.00000000]
- [-0.15883835 1.81712394 0.00000000]
- [-0.22727124 1.81605420 0.00000000]
- [-0.29582583 1.81369552 0.00000000]
- [-0.36445150 1.81067997 0.00000000]
- [-0.43296707 1.80670599 0.00000000]
- [-0.50127158 1.80189042 0.00000000]
- [-0.56945992 1.79559016 0.00000000]
- [-0.63756494 1.78846578 0.00000000]
- [-0.70547817 1.77985240 0.00000000]
- [-0.78627816 1.76786435 0.00000000]
- [-0.85412704 1.75611351 0.00000000]
- [-0.92205343 1.74375026 0.00000000]
- [-0.98956495 1.73053035 0.00000000]
- [-1.05666265 1.71527497 0.00000000]
- [-1.12371837 1.69913885 0.00000000]
- [-1.19027908 1.68152902 0.00000000]
- [-1.25640236 1.66273394 0.00000000]
- [-1.32197476 1.64212260 0.00000000]
- [-1.38717317 1.62028676 0.00000000]
- [-1.45163050 1.59679156 0.00000000]
- [-1.51552624 1.57159679 0.00000000]
- [-1.57881946 1.54497713 0.00000000]
- [-1.64128330 1.51671022 0.00000000]
- [-1.70292982 1.48673990 0.00000000]
- [-1.76376572 1.45505334 0.00000000]
- [-1.82377343 1.42185331 0.00000000]
- [-1.88270258 1.38703833 0.00000000]
- [-1.94052751 1.35037072 0.00000000]
- [-1.99726053 1.31219676 0.00000000]
- [-2.05262319 1.27201005 0.00000000]
- [-2.10691334 1.23042328 0.00000000]
- [-2.15941529 1.18709235 0.00000000]
- [-2.21023342 1.14152492 0.00000000]
- [-2.25968236 1.09467079 0.00000000]
- [-2.30681298 1.04557001 0.00000000]
- [-2.35259569 0.99485204 0.00000000]
- [-2.39637975 0.94286877 0.00000000]
- [-2.43763439 0.88878660 0.00000000]
- [-2.47722996 0.83334878 0.00000000]
- [-2.51427454 0.77646067 0.00000000]
- [-2.54880383 0.71808024 0.00000000]
- [-2.58068480 0.65807510 0.00000000]
- [-2.61034925 0.59685983 0.00000000]
- [-2.63735931 0.53452833 0.00000000]
- [-2.66171046 0.47124577 0.00000000]
- [-2.68288297 0.40722435 0.00000000]
- [-2.70013984 0.34243339 0.00000000]
- [-2.71314226 0.27624651 0.00000000]
- [-2.73682703 0.21063965 0.00000000]
- [-2.75848197 0.14635892 0.00000000]
- [-2.76551511 0.08017860 0.00000000]
- [-2.76963266 0.01412595 0.00000000]
- [-2.76933380 -0.05183912 0.00000000]
- [-2.76445779 -0.11790295 0.00000000]
- [-2.75728805 -0.18407842 0.00000000]
- [-2.73505055 -0.24782183 0.00000000]
- [-2.70930413 -0.31407294 0.00000000]
- [-2.69324119 -0.38139515 0.00000000]
- [-2.67330435 -0.44745911 0.00000000]
- [-2.64915843 -0.51244098 0.00000000]
- [-2.62202941 -0.57665912 0.00000000]
- [-2.59211339 -0.63962703 0.00000000]
- [-2.55950193 -0.70108691 0.00000000]
- [-2.52384331 -0.76079525 0.00000000]
- [-2.48549478 -0.81883497 0.00000000]
- [-2.44421273 -0.87503922 0.00000000]
- [-2.40086028 -0.92967201 0.00000000]
- [-2.35479650 -0.98213848 0.00000000]
- [-2.30679496 -1.03321443 0.00000000]
- [-2.25699370 -1.08247458 0.00000000]
- [-2.20552319 -1.12983874 0.00000000]
- [-2.15208682 -1.17509498 0.00000000]
- [-2.09714199 -1.21863771 0.00000000]
- [-2.04056317 -1.26014171 0.00000000]
- [-1.98265389 -1.30004023 0.00000000]
- [-1.92359502 -1.33816800 0.00000000]
- [-1.86330166 -1.37450797 0.00000000]
- [-1.80210433 -1.40930564 0.00000000]
- [-1.73982457 -1.44224136 0.00000000]
- [-1.67676074 -1.47374584 0.00000000]
- [-1.61273279 -1.50348194 0.00000000]
- [-1.54821460 -1.53201603 0.00000000]
- [-1.48276471 -1.55858989 0.00000000]
- [-1.41766830 -1.58631892 0.00000000]
- [-1.36682167 -1.60683493 0.00000000]
- [-1.30332967 -1.62870742 0.00000000]
- [-1.23924309 -1.64877766 0.00000000]
- [-1.17483136 -1.66816922 0.00000000]
- [-1.11015024 -1.68605986 0.00000000]
- [-1.04501653 -1.70273713 0.00000000]
- [-0.97960826 -1.71835893 0.00000000]
- [-0.91406102 -1.73275330 0.00000000]
- [-0.84799740 -1.74563352 0.00000000]
- [-0.78196011 -1.75796753 0.00000000]
- [-0.71562484 -1.76828166 0.00000000]
- [-0.64889913 -1.77794405 0.00000000]
- [-0.58549675 -1.78616204 0.00000000]
- [-0.52179855 -1.79107210 0.00000000]
- [-0.45132485 -1.79546235 0.00000000]
- [-0.38103840 -1.80073953 0.00000000]
- [-0.31056960 -1.80451714 0.00000000]
- [-0.23983265 -1.80727825 0.00000000]
- [-0.16918766 -1.80925864 0.00000000]
- [-0.09874071 -1.80982872 0.00000000]
- [-0.02820591 -1.80886834 0.00000000]
- [0.04241550 -1.80680842 0.00000000]
- [0.11305445 -1.80357932 0.00000000]
- [0.18360149 -1.79945624 0.00000000]
- [0.25405263 -1.79401864 0.00000000]
- [0.32440998 -1.78766505 0.00000000]
- [0.39456165 -1.77996021 0.00000000]
- [0.46462119 -1.77109427 0.00000000]
- [0.53466877 -1.76101340 0.00000000]
- [0.60469109 -1.75025390 0.00000000]
- [0.67428169 -1.73860292 0.00000000]
- [0.74361338 -1.72534520 0.00000000]
- [0.81301053 -1.71120198 0.00000000]
- [0.88210460 -1.69626557 0.00000000]
- [0.95096794 -1.68004230 0.00000000]
- [1.01976265 -1.66319268 0.00000000]
- [1.08817666 -1.64534726 0.00000000]
- [1.15652635 -1.62644393 0.00000000]
- [1.22476500 -1.60720182 0.00000000]
- [1.29248378 -1.58697636 0.00000000]
- [1.36008881 -1.56562363 0.00000000]
- [1.42761692 -1.54393584 0.00000000]
- [1.49470348 -1.52169671 0.00000000]
- [1.56139998 -1.49835211 0.00000000]
- [1.62812962 -1.47424906 0.00000000]
- [1.69473045 -1.44995908 0.00000000]
- [1.76092611 -1.42486270 0.00000000]
- [1.82700150 -1.39922502 0.00000000]
- [1.89272890 -1.37305261 0.00000000]
- [1.95820396 -1.34593210 0.00000000]
- [2.02383047 -1.31851164 0.00000000]
- [2.08930951 -1.29102036 0.00000000]
- [2.15452489 -1.26300662 0.00000000]
- [2.21969677 -1.23474143 0.00000000]
- [2.28463111 -1.20615865 0.00000000]
- [2.34940603 -1.17704350 0.00000000]
- [2.41426458 -1.14772730 0.00000000]
- [2.47925672 -1.11832806 0.00000000]
- [2.54436727 -1.08928517 0.00000000]
- [2.60931049 -1.06015480 0.00000000]
- [2.67428626 -1.03098896 0.00000000]
- [2.73930631 -1.00180328 0.00000000]
- [2.80456475 -0.97266905 0.00000000]
- [2.87025661 -0.94406788 0.00000000]
- [2.93619626 -0.91618423 0.00000000]
- [3.00683073 -0.89998703 0.00000000]
- [3.07711898 -0.88433346 0.00000000]
- [3.14296550 -0.85778502 0.00000000]
- [3.20915028 -0.83187598 0.00000000]
- [3.27565290 -0.80687468 0.00000000]
- [3.34237582 -0.78232273 0.00000000]
- [3.40960667 -0.75902092 0.00000000]
- [3.47716561 -0.73663509 0.00000000]
- [3.54521577 -0.71562237 0.00000000]
- [3.61366683 -0.69591570 0.00000000]
- [3.68260629 -0.67767931 0.00000000]
- [3.75199413 -0.66139275 0.00000000]
- [3.82163158 -0.64632186 0.00000000]
- [3.89169573 -0.63301242 0.00000000]
- [3.96229484 -0.62144474 0.00000000]
- [4.03343881 -0.61338681 0.00000000]
- [4.10470577 -0.60759933 0.00000000]
- [4.17621449 -0.60460755 0.00000000]
- [4.23455747 -0.60980943 0.00000000]
- [1.37260183 -1.49594358 0.00000000]
- [1.38511484 -1.42626353 0.00000000]
- [1.39762785 -1.35658348 0.00000000]
- [1.41014087 -1.28690343 0.00000000]
- [1.42265388 -1.21722338 0.00000000]
- [1.43516689 -1.14754333 0.00000000]
- [1.44767991 -1.07786328 0.00000000]
- [1.46019292 -1.00818323 0.00000000]
- [1.47270593 -0.93850318 0.00000000]
- [1.48521895 -0.86882313 0.00000000]
- [1.49773196 -0.79914308 0.00000000]
- [1.51024497 -0.72946303 0.00000000]
- [1.52275799 -0.65978299 0.00000000]
- [1.53527100 -0.59010294 0.00000000]
- [1.54778401 -0.52042289 0.00000000]
- [1.56029703 -0.45074284 0.00000000]
- [1.57281004 -0.38106279 0.00000000]
- [1.58532305 -0.31138274 0.00000000]
- [1.59783607 -0.24170269 0.00000000]
- [1.61034908 -0.17202264 0.00000000]
- [1.62286209 -0.10234259 0.00000000]
- [1.63537511 -0.03266254 0.00000000]
- [1.64788812 0.03701751 0.00000000]
- [1.66040113 0.10669756 0.00000000]
- [1.67291415 0.17637761 0.00000000]
- [1.68542716 0.24605765 0.00000000]
- [1.69794017 0.31573770 0.00000000]
- [1.71045319 0.38541775 0.00000000]
- [1.72296620 0.45509780 0.00000000]
- [1.73547921 0.52477785 0.00000000]
- [1.74799223 0.59445790 0.00000000]
- [1.76050524 0.66413795 0.00000000]
- [1.77301825 0.73381800 0.00000000]
- [1.78553127 0.80349805 0.00000000]
- [1.79804428 0.87317810 0.00000000]
- [1.81055730 0.94285815 0.00000000]
- [1.82307031 1.01253820 0.00000000]
- [1.83558332 1.08221824 0.00000000]
- [1.84809634 1.15189829 0.00000000]
- [1.86060935 1.22157834 0.00000000]
- [1.87312236 1.29125839 0.00000000]
- [1.88563538 1.36093844 0.00000000]
- [1.89814839 1.43061849 0.00000000]
- [-1.35332487 -1.53771886 0.00000000]
- [-1.33982806 -1.46860280 0.00000000]
- [-1.32633125 -1.39948673 0.00000000]
- [-1.31283445 -1.33037066 0.00000000]
- [-1.29933764 -1.26125459 0.00000000]
- [-1.28584084 -1.19213852 0.00000000]
- [-1.27234403 -1.12302246 0.00000000]
- [-1.25884722 -1.05390639 0.00000000]
- [-1.24535042 -0.98479032 0.00000000]
- [-1.23185361 -0.91567425 0.00000000]
- [-1.21835680 -0.84655818 0.00000000]
- [-1.20486000 -0.77744212 0.00000000]
- [-1.19136319 -0.70832605 0.00000000]
- [-1.17786639 -0.63920998 0.00000000]
- [-1.16436958 -0.57009391 0.00000000]
- [-1.15087277 -0.50097784 0.00000000]
- [-1.13737597 -0.43186178 0.00000000]
- [-1.12387916 -0.36274571 0.00000000]
- [-1.11038235 -0.29362964 0.00000000]
- [-1.09688555 -0.22451357 0.00000000]
- [-1.08338874 -0.15539750 0.00000000]
- [-1.06989194 -0.08628143 0.00000000]
- [-1.05639513 -0.01716537 0.00000000]
- [-1.04289832 0.05195070 0.00000000]
- [-1.02940152 0.12106677 0.00000000]
- [-1.01590471 0.19018284 0.00000000]
- [-1.00240790 0.25929891 0.00000000]
- [-0.98891110 0.32841497 0.00000000]
- [-0.97541429 0.39753104 0.00000000]
- [-0.96191748 0.46664711 0.00000000]
- [-0.94842068 0.53576318 0.00000000]
- [-0.93492387 0.60487925 0.00000000]
- [-0.92142707 0.67399531 0.00000000]
- [-0.90793026 0.74311138 0.00000000]
- [-0.89443345 0.81222745 0.00000000]
- [-0.88093665 0.88134352 0.00000000]
- [-0.86743984 0.95045959 0.00000000]
- [-0.85394303 1.01957565 0.00000000]
- [-0.84044623 1.08869172 0.00000000]
- [-0.82694942 1.15780779 0.00000000]
- [-0.81345262 1.22692386 0.00000000]
- [-0.79995581 1.29603993 0.00000000]
- [-0.78645900 1.36515600 0.00000000]
- [-0.77296220 1.43427206 0.00000000]
- [-0.75946539 1.50338813 0.00000000]
- [-0.74596858 1.57250420 0.00000000]
- [-0.73247178 1.64162027 0.00000000]
- [-0.71897497 1.71073634 0.00000000]
- [-0.63551370 -1.70884911 0.00000000]
- [-0.62212828 -1.63975417 0.00000000]
- [-0.60874286 -1.57065923 0.00000000]
- [-0.59535743 -1.50156429 0.00000000]
- [-0.58197201 -1.43246936 0.00000000]
- [-0.56858658 -1.36337442 0.00000000]
- [-0.55520116 -1.29427948 0.00000000]
- [-0.54181574 -1.22518454 0.00000000]
- [-0.52843031 -1.15608961 0.00000000]
- [-0.51504489 -1.08699467 0.00000000]
- [-0.50165946 -1.01789973 0.00000000]
- [-0.48827404 -0.94880479 0.00000000]
- [-0.47488862 -0.87970985 0.00000000]
- [-0.46150319 -0.81061492 0.00000000]
- [-0.44811777 -0.74151998 0.00000000]
- [-0.43473234 -0.67242504 0.00000000]
- [-0.42134692 -0.60333010 0.00000000]
- [-0.40796150 -0.53423516 0.00000000]
- [-0.39457607 -0.46514023 0.00000000]
- [-0.38119065 -0.39604529 0.00000000]
- [-0.36780522 -0.32695035 0.00000000]
- [-0.35441980 -0.25785541 0.00000000]
- [-0.34103438 -0.18876048 0.00000000]
- [-0.32764895 -0.11966554 0.00000000]
- [-0.31426353 -0.05057060 0.00000000]
- [-0.30087810 0.01852434 0.00000000]
- [-0.28749268 0.08761928 0.00000000]
- [-0.27410726 0.15671421 0.00000000]
- [-0.26072183 0.22580915 0.00000000]
- [-0.24733641 0.29490409 0.00000000]
- [-0.23395098 0.36399903 0.00000000]
- [-0.22056556 0.43309397 0.00000000]
- [-0.20718014 0.50218890 0.00000000]
- [-0.19379471 0.57128384 0.00000000]
- [-0.18040929 0.64037878 0.00000000]
- [-0.16702386 0.70947372 0.00000000]
- [-0.15363844 0.77856866 0.00000000]
- [-0.14025302 0.84766359 0.00000000]
- [-0.12686759 0.91675853 0.00000000]
- [-0.11348217 0.98585347 0.00000000]
- [-0.10009674 1.05494841 0.00000000]
- [-0.08671132 1.12404334 0.00000000]
- [-0.07332590 1.19313828 0.00000000]
- [-0.05994047 1.26223322 0.00000000]
- [-0.04655505 1.33132816 0.00000000]
- [-0.03316962 1.40042310 0.00000000]
- [-0.01978420 1.46951803 0.00000000]
- [-0.00639878 1.53861297 0.00000000]
- [0.00698665 1.60770791 0.00000000]
- [0.02037207 1.67680285 0.00000000]
- [0.03375750 1.74589779 0.00000000]
elements:
- [1 2]
- [2 3]
- [3 4]
- [4 5]
- [5 6]
- [6 7]
- [7 8]
- [8 9]
- [9 10]
- [10 11]
- [11 12]
- [12 13]
- [13 14]
- [14 15]
- [15 16]
- [16 17]
- [17 18]
- [18 19]
- [19 20]
- [20 21]
- [21 22]
- [22 23]
- [23 24]
- [24 25]
- [25 26]
- [26 27]
- [27 28]
- [28 29]
- [29 30]
- [30 31]
- [31 32]
- [32 33]
- [33 34]
- [34 35]
- [35 36]
- [36 37]
- [37 38]
- [38 39]
- [39 40]
- [40 41]
- [41 42]
- [42 43]
- [43 44]
- [44 45]
- [45 46]
- [46 47]
- [47 48]
- [48 49]
- [49 50]
- [50 51]
- [51 52]
- [52 53]
- [53 54]
- [54 55]
- [55 56]
- [56 57]
- [57 58]
- [58 59]
- [59 60]
- [60 61]
- [61 62]
- [62 63]
- [63 64]
- [64 65]
- [65 66]
- [66 67]
- [67 68]
- [68 69]
- [69 70]
- [70 71]
- [71 72]
- [72 73]
- [73 74]
- [74 75]
- [75 76]
- [76 77]
- [77 78]
- [78 79]
- [79 80]
- [80 81]
- [81 82]
- [82 83]
- [83 84]
- [84 85]
- [85 86]
- [86 87]
- [87 88]
- [88 89]
- [89 90]
- [90 91]
- [91 92]
- [92 93]
- [93 94]
- [94 95]
- [95 96]
- [96 97]
- [97 98]
- [98 99]
- [99 100]
- [100 101]
- [101 102]
- [102 103]
- [103 104]
- [104 105]
- [105 106]
- [106 107]
- [107 108]
- [108 109]
- [109 110]
- [110 111]
- [111 112]
- [112 113]
- [113 114]
- [114 115]
- [115 116]
- [116 117]
- [117 118]
- [118 119]
- [119 120]
- [120 121]
- [121 122]
- [122 123]
- [123 124]
- [124 125]
- [125 126]
- [126 127]
- [127 128]
- [128 129]
- [129 130]
- [130 131]
- [131 132]
- [132 133]
- [133 134]
- [134 135]
- [135 136]
- [136 137]
- [137 138]
- [138 139]
- [139 140]
- [140 141]
- [141 142]
- [142 143]
- [143 144]
- [144 145]
- [145 146]
- [146 147]
- [147 148]
- [148 149]
- [149 150]
- [150 151]
- [151 152]
- [152 153]
- [153 154]
- [154 155]
- [155 156]
- [156 157]
- [157 158]
- [158 159]
- [159 160]
- [160 161]
- [161 162]
- [162 163]
- [163 164]
- [164 165]
- [165 166]
- [166 167]
- [167 168]
- [168 169]
- [169 170]
- [170 171]
- [171 172]
- [172 173]
- [173 174]
- [174 175]
- [175 176]
- [176 177]
- [177 178]
- [178 179]
- [179 180]
- [180 181]
- [181 182]
- [182 183]
- [183 184]
- [184 185]
- [185 186]
- [186 187]
- [187 188]
- [188 189]
- [189 190]
- [190 191]
- [191 192]
- [192 193]
- [193 194]
- [194 195]
- [195 196]
- [196 197]
- [197 198]
- [198 199]
- [199 200]
- [200 201]
- [201 202]
- [202 203]
- [203 204]
- [204 205]
- [205 206]
- [206 207]
- [207 208]
- [208 209]
- [209 210]
- [210 211]
- [211 212]
- [212 213]
- [213 214]
- [214 215]
- [215 216]
- [216 217]
- [217 218]
- [218 219]
- [219 220]
- [220 221]
- [221 222]
- [222 223]
- [223 224]
- [224 225]
- [225 226]
- [226 227]
- [227 228]
- [228 229]
- [229 230]
- [230 231]
- [231 232]
- [232 233]
- [233 1]
- [190 234]
- [234 235]
- [235 236]
- [236 237]
- [237 238]
- [238 239]
- [239 240]
- [240 241]
- [241 242]
- [242 243]
- [243 244]
- [244 245]
- [245 246]
- [246 247]
- [247 248]
- [248 249]
- [249 250]
- [250 251]
- [251 252]
- [252 253]
- [253 254]
- [254 255]
- [255 256]
- [256 257]
- [257 258]
- [258 259]
- [259 260]
- [260 261]
- [261 262]
- [262 263]
- [263 264]
- [264 265]
- [265 266]
- [266 267]
- [267 268]
- [268 269]
- [269 270]
- [270 271]
- [271 272]
- [272 273]
- [273 274]
- [274 275]
- [275 276]
- [276 36]
- [150 277]
- [277 278]
- [278 279]
- [279 280]
- [280 281]
- [281 282]
- [282 283]
- [283 284]
- [284 285]
- [285 286]
- [286 287]
- [287 288]
- [288 289]
- [289 290]
- [290 291]
- [291 292]
- [292 293]
- [293 294]
- [294 295]
- [295 296]
- [296 297]
- [297 298]
- [298 299]
- [299 300]
- [300 301]
- [301 302]
- [302 303]
- [303 304]
- [304 305]
- [305 306]
- [306 307]
- [307 308]
- [308 309]
- [309 310]
- [310 311]
- [311 312]
- [312 313]
- [313 314]
- [314 315]
- [315 316]
- [316 317]
- [317 318]
- [318 319]
- [319 320]
- [320 321]
- [321 322]
- [322 323]
- [323 324]
- [324 74]
- [161 325]
- [325 326]
- [326 327]
- [327 328]
- [328 329]
- [329 330]
- [330 331]
- [331 332]
- [332 333]
- [333 334]
- [334 335]
- [335 336]
- [336 337]
- [337 338]
- [338 339]
- [339 340]
- [340 341]
- [341 342]
- [342 343]
- [343 344]
- [344 345]
- [345 346]
- [346 347]
- [347 348]
- [348 349]
- [349 350]
- [350 351]
- [351 352]
- [352 353]
- [353 354]
- [354 355]
- [355 356]
- [356 357]
- [357 358]
- [358 359]
- [359 360]
- [360 361]
- [361 362]
- [362 363]
- [363 364]
- [364 365]
- [365 366]
- [366 367]
- [367 368]
- [368 369]
- [369 370]
- [370 371]
- [371 372]
- [372 373]
- [373 374]
- [374 375]
- [375 63]
sets:
  element:
  - name: layup_0
    labels:
    - 1
    - 2
    - 3
    - 4
    - 5
    - 6
    - 7
    - 8
    - 9
    - 10
    - 11
    - 12
    - 13
    - 14
    - 15
    - 16
    - 17
    - 18
    - 215
    - 216
    - 217
    - 218
    - 219
    - 220
    - 221
    - 222
    - 223
    - 224
    - 225
    - 226
    - 227
    - 228
    - 229
    - 230
    - 231
    - 232
    - 233
  - name: layup_1
    labels:
    - 19
    - 20
    - 21
    - 22
    - 23
    - 24
    - 25
    - 26
    - 27
    - 28
    - 29
    - 30
    - 31
    - 32
    - 33
    - 34
    - 35
    - 36
    - 37
    - 38
    - 39
    - 40
    - 41
    - 42
    - 43
    - 44
    - 45
    - 46
    - 47
    - 48
    - 49
    - 50
    - 51
    - 52
    - 53
    - 54
    - 55
    - 56
    - 57
    - 58
    - 59
    - 60
    - 61
    - 75
    - 76
    - 77
    - 78
    - 79
    - 80
    - 81
    - 82
    - 83
    - 84
    - 85
    - 86
    - 87
    - 88
    - 89
    - 90
    - 91
    - 92
    - 93
    - 94
    - 95
    - 96
    - 97
    - 98
    - 99
    - 100
    - 101
    - 102
    - 103
    - 104
    - 105
    - 106
    - 107
    - 108
    - 109
    - 110
    - 111
    - 112
    - 113
    - 121
    - 122
    - 123
    - 124
    - 125
    - 126
    - 127
    - 128
    - 129
    - 130
    - 131
    - 132
    - 133
    - 134
    - 135
    - 136
    - 137
    - 138
    - 139
    - 140
    - 141
    - 142
    - 143
    - 144
    - 145
    - 146
    - 147
    - 148
    - 163
    - 164
    - 165
    - 166
    - 167
    - 168
    - 169
    - 170
    - 171
    - 172
    - 173
    - 174
    - 175
    - 176
    - 177
    - 178
    - 179
    - 180
    - 181
    - 182
    - 183
    - 184
    - 185
    - 186
    - 187
    - 188
    - 189
    - 190
    - 191
    - 192
    - 193
    - 194
    - 195
    - 196
    - 197
    - 198
    - 199
    - 200
    - 201
    - 202
    - 203
    - 204
    - 205
    - 206
    - 207
    - 208
    - 209
    - 210
    - 211
    - 212
    - 213
    - 214
  - name: layup_2
    labels:
    - 62
    - 63
    - 64
    - 65
    - 66
    - 67
    - 68
    - 69
    - 70
    - 71
    - 72
    - 73
    - 74
  - name: layup_3
    labels:
    - 114
    - 115
    - 116
    - 117
    - 118
    - 119
    - 120
  - name: layup_4
    labels:
    - 149
    - 150
    - 151
    - 152
    - 153
    - 154
    - 155
    - 156
    - 157
    - 158
    - 159
    - 160
    - 161
    - 162
  - name: layup_5
    labels:
    - 234
    - 235
    - 236
    - 237
    - 238
    - 239
    - 240
    - 241
    - 242
    - 243
    - 244
    - 245
    - 246
    - 247
    - 248
    - 249
    - 250
    - 251
    - 252
    - 253
    - 254
    - 255
    - 256
    - 257
    - 258
    - 259
    - 260
    - 261
    - 262
    - 263
    - 264
    - 265
    - 266
    - 267
    - 268
    - 269
    - 270
    - 271
    - 272
    - 273
    - 274
    - 275
    - 276
    - 277
    - 278
    - 279
    - 280
    - 281
    - 282
    - 283
    - 284
    - 285
    - 286
    - 287
    - 288
    - 289
    - 290
    - 291
    - 292
    - 293
    - 294
    - 295
    - 296
    - 297
    - 298
    - 299
    - 300
    - 301
    - 302
    - 303
    - 304
    - 305
    - 306
    - 307
    - 308
    - 309
    - 310
    - 311
    - 312
    - 313
    - 314
    - 315
    - 316
    - 317
    - 318
    - 319
    - 320
    - 321
    - 322
    - 323
    - 324
    - 325
    - 326
    - 327
    - 328
    - 329
    - 330
    - 331
    - 332
    - 333
    - 334
    - 335
    - 336
    - 337
    - 338
    - 339
    - 340
    - 341
    - 342
    - 343
    - 344
    - 345
    - 346
    - 347
    - 348
    - 349
    - 350
    - 351
    - 352
    - 353
    - 354
    - 355
    - 356
    - 357
    - 358
    - 359
    - 360
    - 361
    - 362
    - 363
    - 364
    - 365
    - 366
    - 367
    - 368
    - 369
    - 370
    - 371
    - 372
    - 373
    - 374
    - 375
    - 376
    - 377
    - 378
sections:
- type: shell
  elementSet: layup_0
  layup:
  - - gelcoat
    - 0.0005
    - 0.0
  - - glass_triax
    - 0.00329228
    - 0.0
  - - glass_uniax
    - 0.02940038
    - 0.0
  - - glass_triax
    - 0.00329228
    - 0.0
- type: shell
  elementSet: layup_1
  layup:
  - - gelcoat
    - 0.0005
    - 0.0
  - - glass_triax
    - 0.00329228
    - 0.0
  - - medium_density_foam
    - 0.07786044
    - 0.0
  - - glass_triax
    - 0.00329228
    - 0.0
- type: shell
  elementSet: layup_2
  layup:
  - - gelcoat
    - 0.0005
    - 0.0
  - - glass_triax
    - 0.00329228
    - 0.0
  - - carbon_uniax
    - 0.07516003
    - 0.0
  - - glass_triax
    - 0.00329228
    - 0.0
- type: shell
  elementSet: layup_3
  layup:
  - - gelcoat
    - 0.0005
    - 0.0
  - - glass_triax
    - 0.00329228
    - 0.0
  - - glass_uniax
    - 0.02447533
    - 0.0
  - - glass_triax
    - 0.00329228
    - 0.0
- type: shell
  elementSet: layup_4
  layup:
  - - gelcoat
    - 0.0005
    - 0.0
  - - glass_triax
    - 0.00329228
    - 0.0
  - - carbon_uniax
    - 0.06901724
    - 0.0
  - - glass_triax
    - 0.00329228
    - 0.0
- type: shell
  elementSet: layup_5
  layup:
  - - glass_biax
    - 0.002
    - 0.0
  - - medium_density_foam
    - 0.045488
    - 0.0
  - - glass_biax
    - 0.002
    - 0.0
elementOrientations:
- [0.0, 0.0, 1.0, -0.8898619819491855, 0.45622982484869096, 0.0, -0.45622982484869096,
  -0.8898619819491855, 0.0]
- [0.0, 0.0, 1.0, -0.8770964112741412, 0.4803143609450198, 0.0, -0.4803143609450198,
  -0.8770964112741412, 0.0]
- [0.0, 0.0, 1.0, -0.8912412613931768, 0.4535295072983664, 0.0, -0.4535295072983664,
  -0.8912412613931768, 0.0]
- [0.0, 0.0, 1.0, -0.9041897752861703, 0.4271309521305436, 0.0, -0.4271309521305436,
  -0.9041897752861703, 0.0]
- [0.0, 0.0, 1.0, -0.907234088630541, 0.42062609099616216, 0.0, -0.42062609099616216,
  -0.907234088630541, 0.0]
- [0.0, 0.0, 1.0, -0.9084025563379033, 0.4180966343308232, 0.0, -0.4180966343308232,
  -0.9084025563379033, 0.0]
- [0.0, 0.0, 1.0, -0.9121041578995077, 0.4099585407604408, 0.0, -0.4099585407604408,
  -0.9121041578995077, 0.0]
- [0.0, 0.0, 1.0, -0.9158138454471448, 0.40160303844382583, 0.0, -0.40160303844382583,
  -0.9158138454471448, 0.0]
- [0.0, 0.0, 1.0, -0.9135767873528273, 0.4066662680996384, 0.0, -0.4066662680996384,
  -0.9135767873528273, 0.0]
- [0.0, 0.0, 1.0, -0.9173432279977699, 0.3980972268763391, 0.0, -0.3980972268763391,
  -0.9173432279977699, 0.0]
- [0.0, 0.0, 1.0, -0.9171970218592681, 0.3984339632768384, 0.0, -0.3984339632768384,
  -0.9171970218592681, 0.0]
- [0.0, 0.0, 1.0, -0.9221674847736806, 0.3867908091283756, 0.0, -0.3867908091283756,
  -0.9221674847736806, 0.0]
- [0.0, 0.0, 1.0, -0.9226595742748376, 0.3856154950192945, 0.0, -0.3856154950192945,
  -0.9226595742748376, 0.0]
- [0.0, 0.0, 1.0, -0.9222812564453089, 0.38651944842357194, 0.0, -0.38651944842357194,
  -0.9222812564453089, 0.0]
- [0.0, 0.0, 1.0, -0.925090078103901, 0.3797477417888334, 0.0, -0.3797477417888334,
  -0.925090078103901, 0.0]
- [0.0, 0.0, 1.0, -0.9270164075830184, 0.3750207728538182, 0.0, -0.3750207728538182,
  -0.9270164075830184, 0.0]
- [0.0, 0.0, 1.0, -0.9260274019588502, 0.3774562899480441, 0.0, -0.3774562899480441,
  -0.9260274019588502, 0.0]
- [0.0, 0.0, 1.0, -0.9795788621291422, 0.20106032147038552, 0.0, -0.20106032147038552,
  -0.9795788621291422, 0.0]
- [0.0, 0.0, 1.0, -0.9796349789909211, 0.20078672251286359, 0.0, -0.20078672251286359,
  -0.9796349789909211, 0.0]
- [0.0, 0.0, 1.0, -0.9353931464818562, 0.3536094759968582, 0.0, -0.3536094759968582,
  -0.9353931464818562, 0.0]
- [0.0, 0.0, 1.0, -0.9358613393167747, 0.35236849117395935, 0.0, -0.35236849117395935,
  -0.9358613393167747, 0.0]
- [0.0, 0.0, 1.0, -0.937340022521148, 0.34841596143123743, 0.0, -0.34841596143123743,
  -0.937340022521148, 0.0]
- [0.0, 0.0, 1.0, -0.941367212004475, 0.33738371650528975, 0.0, -0.33738371650528975,
  -0.941367212004475, 0.0]
- [0.0, 0.0, 1.0, -0.9397079292888302, 0.341978080630468, 0.0, -0.341978080630468,
  -0.9397079292888302, 0.0]
- [0.0, 0.0, 1.0, -0.9454514385151531, 0.32576306943793953, 0.0, -0.32576306943793953,
  -0.9454514385151531, 0.0]
- [0.0, 0.0, 1.0, -0.944820920252878, 0.32758728402138093, 0.0, -0.32758728402138093,
  -0.944820920252878, 0.0]
- [0.0, 0.0, 1.0, -0.9464215044567845, 0.3229339497509614, 0.0, -0.3229339497509614,
  -0.9464215044567845, 0.0]
- [0.0, 0.0, 1.0, -0.9498949389168388, 0.31256936033491056, 0.0, -0.31256936033491056,
  -0.9498949389168388, 0.0]
- [0.0, 0.0, 1.0, -0.9520387028525192, 0.305977627075727, 0.0, -0.305977627075727,
  -0.9520387028525192, 0.0]
- [0.0, 0.0, 1.0, -0.9531162564224933, 0.3026043650431563, 0.0, -0.3026043650431563,
  -0.9531162564224933, 0.0]
- [0.0, 0.0, 1.0, -0.9550488885332319, 0.2964483437488537, 0.0, -0.2964483437488537,
  -0.9550488885332319, 0.0]
- [0.0, 0.0, 1.0, -0.9554952397331412, 0.29500652000812994, 0.0, -0.29500652000812994,
  -0.9554952397331412, 0.0]
- [0.0, 0.0, 1.0, -0.9572558016303082, 0.2892426839958377, 0.0, -0.2892426839958377,
  -0.9572558016303082, 0.0]
- [0.0, 0.0, 1.0, -0.9602625013279666, 0.27909842089011694, 0.0, -0.27909842089011694,
  -0.9602625013279666, 0.0]
- [0.0, 0.0, 1.0, -0.9619308104578798, 0.27329309521436274, 0.0, -0.27329309521436274,
  -0.9619308104578798, 0.0]
- [0.0, 0.0, 1.0, -0.9639012237708511, 0.26626008114821775, 0.0, -0.26626008114821775,
  -0.9639012237708511, 0.0]
- [0.0, 0.0, 1.0, -0.9660586511662922, 0.2583228261434986, 0.0, -0.2583228261434986,
  -0.9660586511662922, 0.0]
- [0.0, 0.0, 1.0, -0.9660539796024439, 0.25834029591660823, 0.0, -0.25834029591660823,
  -0.9660539796024439, 0.0]
- [0.0, 0.0, 1.0, -0.9684450050467573, 0.24922735042524174, 0.0, -0.24922735042524174,
  -0.9684450050467573, 0.0]
- [0.0, 0.0, 1.0, -0.9708850363150758, 0.23954591680818527, 0.0, -0.23954591680818527,
  -0.9708850363150758, 0.0]
- [0.0, 0.0, 1.0, -0.9726747613228397, 0.2321719377650035, 0.0, -0.2321719377650035,
  -0.9726747613228397, 0.0]
- [0.0, 0.0, 1.0, -0.9739889426032494, 0.22659554207133922, 0.0, -0.22659554207133922,
  -0.9739889426032494, 0.0]
- [0.0, 0.0, 1.0, -0.9758846597886115, 0.2182868085553173, 0.0, -0.2182868085553173,
  -0.9758846597886115, 0.0]
- [0.0, 0.0, 1.0, -0.976029921519474, 0.21763637632227137, 0.0, -0.21763637632227137,
  -0.976029921519474, 0.0]
- [0.0, 0.0, 1.0, -0.9777422717765326, 0.20980955645838714, 0.0, -0.20980955645838714,
  -0.9777422717765326, 0.0]
- [0.0, 0.0, 1.0, -0.9810278456691994, 0.19386687706168199, 0.0, -0.19386687706168199,
  -0.9810278456691994, 0.0]
- [0.0, 0.0, 1.0, -0.9814577600690643, 0.19167854653094385, 0.0, -0.19167854653094385,
  -0.9814577600690643, 0.0]
- [0.0, 0.0, 1.0, -0.9824842229794333, 0.186345785024774, 0.0, -0.186345785024774,
  -0.9824842229794333, 0.0]
- [0.0, 0.0, 1.0, -0.9850990357633241, 0.17198805114940097, 0.0, -0.17198805114940097,
  -0.9850990357633241, 0.0]
- [0.0, 0.0, 1.0, -0.98530735758629, 0.17079054741502117, 0.0, -0.17079054741502117,
  -0.98530735758629, 0.0]
- [0.0, 0.0, 1.0, -0.9869351865193643, 0.1611177755866426, 0.0, -0.1611177755866426,
  -0.9869351865193643, 0.0]
- [0.0, 0.0, 1.0, -0.9890252688783405, 0.14774646364677047, 0.0, -0.14774646364677047,
  -0.9890252688783405, 0.0]
- [0.0, 0.0, 1.0, -0.9904562891930231, 0.1378272077566205, 0.0, -0.1378272077566205,
  -0.9904562891930231, 0.0]
- [0.0, 0.0, 1.0, -0.991792227307486, 0.127859993166182, 0.0, -0.127859993166182,
  -0.991792227307486, 0.0]
- [0.0, 0.0, 1.0, -0.9932853381244595, 0.11569026349256151, 0.0, -0.11569026349256151,
  -0.9932853381244595, 0.0]
- [0.0, 0.0, 1.0, -0.9943106210478486, 0.10651942954898887, 0.0, -0.10651942954898887,
  -0.9943106210478486, 0.0]
- [0.0, 0.0, 1.0, -0.9952626572861263, 0.09722264659922902, 0.0, -0.09722264659922902,
  -0.9952626572861263, 0.0]
- [0.0, 0.0, 1.0, -0.996251336066051, 0.08650592688717046, 0.0, -0.08650592688717046,
  -0.996251336066051, 0.0]
- [0.0, 0.0, 1.0, -0.9970526118554929, 0.07672085239450777, 0.0, -0.07672085239450777,
  -0.9970526118554929, 0.0]
- [0.0, 0.0, 1.0, -0.997866140434417, 0.0652929228517174, 0.0, -0.0652929228517174,
  -0.997866140434417, 0.0]
- [0.0, 0.0, 1.0, -0.998284250729835, 0.05855386191167805, 0.0, -0.05855386191167805,
  -0.998284250729835, 0.0]
- [0.0, 0.0, 1.0, -0.9990503604497576, 0.04357037164414958, 0.0, -0.04357037164414958,
  -0.9990503604497576, 0.0]
- [0.0, 0.0, 1.0, -0.9997163944654732, 0.02381450475980064, 0.0, -0.02381450475980064,
  -0.9997163944654732, 0.0]
- [0.0, 0.0, 1.0, -0.9999823195681746, 0.005946473833570427, 0.0, -0.005946473833570427,
  -0.9999823195681746, 0.0]
- [0.0, 0.0, 1.0, -0.9999991448594844, 0.0013077768540963334, 0.0, -0.0013077768540963334,
  -0.9999991448594844, 0.0]
- [0.0, 0.0, 1.0, -0.9998778432134746, -0.01563005600663411, 0.0, 0.01563005600663411,
  -0.9998778432134746, 0.0]
- [0.0, 0.0, 1.0, -0.9994086420673456, -0.03438555163297996, 0.0, 0.03438555163297996,
  -0.9994086420673456, 0.0]
- [0.0, 0.0, 1.0, -0.9990359448096576, -0.043899669455188174, 0.0, 0.043899669455188174,
  -0.9990359448096576, 0.0]
- [0.0, 0.0, 1.0, -0.9983221698798631, -0.057903757445971614, 0.0, 0.057903757445971614,
  -0.9983221698798631, 0.0]
- [0.0, 0.0, 1.0, -0.9975240012063643, -0.07032685843435037, 0.0, 0.07032685843435037,
  -0.9975240012063643, 0.0]
- [0.0, 0.0, 1.0, -0.9957587118060686, -0.0920031948484332, 0.0, 0.0920031948484332,
  -0.9957587118060686, 0.0]
- [0.0, 0.0, 1.0, -0.9945730031267004, -0.10404105656680179, 0.0, 0.10404105656680179,
  -0.9945730031267004, 0.0]
- [0.0, 0.0, 1.0, -0.9920529393225109, -0.12582116507792554, 0.0, 0.12582116507792554,
  -0.9920529393225109, 0.0]
- [0.0, 0.0, 1.0, -0.9891720534355376, -0.146760514792372, 0.0, 0.146760514792372,
  -0.9891720534355376, 0.0]
- [0.0, 0.0, 1.0, -0.9853315445122091, -0.17065095191408908, 0.0, 0.17065095191408908,
  -0.9853315445122091, 0.0]
- [0.0, 0.0, 1.0, -0.9838367702630391, -0.17906761147229297, 0.0, 0.17906761147229297,
  -0.9838367702630391, 0.0]
- [0.0, 0.0, 1.0, -0.9813621312937478, -0.19216754997291527, 0.0, 0.19216754997291527,
  -0.9813621312937478, 0.0]
- [0.0, 0.0, 1.0, -0.9751143196922891, -0.22170264664871314, 0.0, 0.22170264664871314,
  -0.9751143196922891, 0.0]
- [0.0, 0.0, 1.0, -0.9722464724100481, -0.23395896410742079, 0.0, 0.23395896410742079,
  -0.9722464724100481, 0.0]
- [0.0, 0.0, 1.0, -0.9667382102782341, -0.25576792759851047, 0.0, 0.25576792759851047,
  -0.9667382102782341, 0.0]
- [0.0, 0.0, 1.0, -0.9618968887601563, -0.27341246385915025, 0.0, 0.27341246385915025,
  -0.9618968887601563, 0.0]
- [0.0, 0.0, 1.0, -0.9539817843356628, -0.2998645613535299, 0.0, 0.2998645613535299,
  -0.9539817843356628, 0.0]
- [0.0, 0.0, 1.0, -0.9482327779035076, -0.31757613088737857, 0.0, 0.31757613088737857,
  -0.9482327779035076, 0.0]
- [0.0, 0.0, 1.0, -0.9395301922516882, -0.3424660827695287, 0.0, 0.3424660827695287,
  -0.9395301922516882, 0.0]
- [0.0, 0.0, 1.0, -0.9302905463653556, -0.36682352615835334, 0.0, 0.36682352615835334,
  -0.9302905463653556, 0.0]
- [0.0, 0.0, 1.0, -0.921792160418011, -0.38768442448968193, 0.0, 0.38768442448968193,
  -0.921792160418011, 0.0]
- [0.0, 0.0, 1.0, -0.9110561398347145, -0.41228231840508184, 0.0, 0.41228231840508184,
  -0.9110561398347145, 0.0]
- [0.0, 0.0, 1.0, -0.899349129272252, -0.43723122449939733, 0.0, 0.43723122449939733,
  -0.899349129272252, 0.0]
- [0.0, 0.0, 1.0, -0.8869069484157455, -0.46194811922105533, 0.0, 0.46194811922105533,
  -0.8869069484157455, 0.0]
- [0.0, 0.0, 1.0, -0.8750076317656138, -0.48410912442540466, 0.0, 0.48410912442540466,
  -0.8750076317656138, 0.0]
- [0.0, 0.0, 1.0, -0.8609699963991941, -0.5086557434064529, 0.0, 0.5086557434064529,
  -0.8609699963991941, 0.0]
- [0.0, 0.0, 1.0, -0.8445208331789269, -0.5355227001040862, 0.0, 0.5355227001040862,
  -0.8445208331789269, 0.0]
- [0.0, 0.0, 1.0, -0.82966718418627, -0.5582583304209852, 0.0, 0.5582583304209852,
  -0.82966718418627, 0.0]
- [0.0, 0.0, 1.0, -0.8092714807341337, -0.5874348223168107, 0.0, 0.5874348223168107,
  -0.8092714807341337, 0.0]
- [0.0, 0.0, 1.0, -0.7938581736304569, -0.6081029519416227, 0.0, 0.6081029519416227,
  -0.7938581736304569, 0.0]
- [0.0, 0.0, 1.0, -0.7712519723784558, -0.6365299640255294, 0.0, 0.6365299640255294,
  -0.7712519723784558, 0.0]
- [0.0, 0.0, 1.0, -0.7445232000903097, -0.6675965881633044, 0.0, 0.6675965881633044,
  -0.7445232000903097, 0.0]
- [0.0, 0.0, 1.0, -0.725895787497793, -0.6878047002550645, 0.0, 0.6878047002550645,
  -0.725895787497793, 0.0]
- [0.0, 0.0, 1.0, -0.6924849188684966, -0.7214323510487254, 0.0, 0.7214323510487254,
  -0.6924849188684966, 0.0]
- [0.0, 0.0, 1.0, -0.6700680709064248, -0.7422996567099722, 0.0, 0.7422996567099722,
  -0.6700680709064248, 0.0]
- [0.0, 0.0, 1.0, -0.644210459676322, -0.7648482749170727, 0.0, 0.7648482749170727,
  -0.644210459676322, 0.0]
- [0.0, 0.0, 1.0, -0.6065005362689342, -0.7950830771092385, 0.0, 0.7950830771092385,
  -0.6065005362689342, 0.0]
- [0.0, 0.0, 1.0, -0.5812102821767745, -0.8137534072997753, 0.0, 0.8137534072997753,
  -0.5812102821767745, 0.0]
- [0.0, 0.0, 1.0, -0.5456850817650823, -0.837990329024766, 0.0, 0.837990329024766,
  -0.5456850817650823, 0.0]
- [0.0, 0.0, 1.0, -0.5090763256342107, -0.8607213804006328, 0.0, 0.8607213804006328,
  -0.5090763256342107, 0.0]
- [0.0, 0.0, 1.0, -0.4691924907050156, -0.8830959215544051, 0.0, 0.8830959215544051,
  -0.4691924907050156, 0.0]
- [0.0, 0.0, 1.0, -0.4360868465821238, -0.899904585074473, 0.0, 0.899904585074473,
  -0.4360868465821238, 0.0]
- [0.0, 0.0, 1.0, -0.3976042849823745, -0.9175569914526589, 0.0, 0.9175569914526589,
  -0.3976042849823745, 0.0]
- [0.0, 0.0, 1.0, -0.3591294021793311, -0.9332877758174679, 0.0, 0.9332877758174679,
  -0.3591294021793311, 0.0]
- [0.0, 0.0, 1.0, -0.31398515006468664, -0.9494278938070317, 0.0, 0.9494278938070317,
  -0.31398515006468664, 0.0]
- [0.0, 0.0, 1.0, -0.2573741430440847, -0.966311828806997, 0.0, 0.966311828806997,
  -0.2573741430440847, 0.0]
- [0.0, 0.0, 1.0, -0.19276556694837063, -0.9812448400878719, 0.0, 0.9812448400878719,
  -0.19276556694837063, 0.0]
- [0.0, 0.0, 1.0, -0.33956082694497813, -0.9405840976778433, 0.0, 0.9405840976778433,
  -0.33956082694497813, 0.0]
- [0.0, 0.0, 1.0, -0.31925174156051833, -0.9476699454507228, 0.0, 0.9476699454507228,
  -0.31925174156051833, 0.0]
- [0.0, 0.0, 1.0, -0.10567732972376971, -0.9944004736435185, 0.0, 0.9944004736435185,
  -0.10567732972376971, 0.0]
- [0.0, 0.0, 1.0, -0.062216698421702174, -0.9980626645844954, 0.0, 0.9980626645844954,
  -0.062216698421702174, 0.0]
- [0.0, 0.0, 1.0, 0.00453062622042569, -0.9999897366603573, 0.0, 0.9999897366603573,
  0.00453062622042569, 0.0]
- [0.0, 0.0, 1.0, 0.07360725779378549, -0.997287306446883, 0.0, 0.997287306446883,
  0.07360725779378549, 0.0]
- [0.0, 0.0, 1.0, 0.10771413984995551, -0.994181906934734, 0.0, 0.994181906934734,
  0.10771413984995551, 0.0]
- [0.0, 0.0, 1.0, 0.32939085022932374, -0.944193660106444, 0.0, 0.944193660106444,
  0.32939085022932374, 0.0]
- [0.0, 0.0, 1.0, 0.36222750648042346, -0.9320897132513452, 0.0, 0.9320897132513452,
  0.36222750648042346, 0.0]
- [0.0, 0.0, 1.0, 0.23208328598671304, -0.9726959177284591, 0.0, 0.9726959177284591,
  0.23208328598671304, 0.0]
- [0.0, 0.0, 1.0, 0.28891164848108225, -0.9573557642652721, 0.0, 0.9573557642652721,
  0.28891164848108225, 0.0]
- [0.0, 0.0, 1.0, 0.3483107573394432, -0.9373791209119304, 0.0, 0.9373791209119304,
  0.3483107573394432, 0.0]
- [0.0, 0.0, 1.0, 0.389150895716209, -0.9211740228443658, 0.0, 0.9211740228443658,
  0.389150895716209, 0.0]
- [0.0, 0.0, 1.0, 0.4291301563018463, -0.9032426633814153, 0.0, 0.9032426633814153,
  0.4291301563018463, 0.0]
- [0.0, 0.0, 1.0, 0.46871677363857966, -0.8833485077305787, 0.0, 0.8833485077305787,
  0.46871677363857966, 0.0]
- [0.0, 0.0, 1.0, 0.51273554866734, -0.8585465957842952, 0.0, 0.8585465957842952,
  0.51273554866734, 0.0]
- [0.0, 0.0, 1.0, 0.5512659086091125, -0.8343296099296545, 0.0, 0.8343296099296545,
  0.5512659086091125, 0.0]
- [0.0, 0.0, 1.0, 0.5919752092913086, -0.8059561722479153, 0.0, 0.8059561722479153,
  0.5919752092913086, 0.0]
- [0.0, 0.0, 1.0, 0.6215970819346003, -0.7833371354215181, 0.0, 0.7833371354215181,
  0.6215970819346003, 0.0]
- [0.0, 0.0, 1.0, 0.6597661324018406, -0.7514709911470416, 0.0, 0.7514709911470416,
  0.6597661324018406, 0.0]
- [0.0, 0.0, 1.0, 0.6848352947886115, -0.7286978928278822, 0.0, 0.7286978928278822,
  0.6848352947886115, 0.0]
- [0.0, 0.0, 1.0, 0.7109587165557675, -0.7032337473083727, 0.0, 0.7032337473083727,
  0.7109587165557675, 0.0]
- [0.0, 0.0, 1.0, 0.735850531780029, -0.6771439986288357, 0.0, 0.6771439986288357,
  0.735850531780029, 0.0]
- [0.0, 0.0, 1.0, 0.7630985612226264, -0.6462821255921886, 0.0, 0.6462821255921886,
  0.7630985612226264, 0.0]
- [0.0, 0.0, 1.0, 0.7837351704722235, -0.6210951477550558, 0.0, 0.6210951477550558,
  0.7837351704722235, 0.0]
- [0.0, 0.0, 1.0, 0.8063175587470666, -0.5914828775680416, 0.0, 0.5914828775680416,
  0.8063175587470666, 0.0]
- [0.0, 0.0, 1.0, 0.8234712772698407, -0.5673579606488105, 0.0, 0.5673579606488105,
  0.8234712772698407, 0.0]
- [0.0, 0.0, 1.0, 0.8401328917184243, -0.5423806082935104, 0.0, 0.5423806082935104,
  0.8401328917184243, 0.0]
- [0.0, 0.0, 1.0, 0.8564637313851429, -0.5162072033804235, 0.0, 0.5162072033804235,
  0.8564637313851429, 0.0]
- [0.0, 0.0, 1.0, 0.8692950737679512, -0.4942935107026719, 0.0, 0.4942935107026719,
  0.8692950737679512, 0.0]
- [0.0, 0.0, 1.0, 0.8839986227871222, -0.46748950246018484, 0.0, 0.46748950246018484,
  0.8839986227871222, 0.0]
