nodes:
- [4.65887386 0.07161570 0.00000000]
- [4.60203821 0.08289139 0.00000000]
- [4.53723045 0.09933274 0.00000000]
- [4.47239675 0.11564463 0.00000000]
- [4.40752855 0.13184986 0.00000000]
- [4.34263126 0.14799715 0.00000000]
- [4.27772629 0.16416419 0.00000000]
- [4.21282770 0.18037929 0.00000000]
- [4.14793072 0.19666297 0.00000000]
- [4.08307373 0.21312815 0.00000000]
- [4.01825734 0.22970515 0.00000000]
- [3.95346235 0.24635797 0.00000000]
- [3.88869678 0.26310752 0.00000000]
- [3.82142398 0.27015273 0.00000000]
- [3.75267205 0.27759716 0.00000000]
- [3.68647419 0.29489729 0.00000000]
- [3.62030268 0.31221518 0.00000000]
- [3.55413534 0.32956965 0.00000000]
- [3.48799292 0.34696353 0.00000000]
- [3.42184174 0.36434011 0.00000000]
- [3.35571776 0.38177199 0.00000000]
- [3.28959657 0.39913387 0.00000000]
- [3.22345379 0.41648059 0.00000000]
- [3.15731361 0.43382654 0.00000000]
- [3.09116900 0.45114182 0.00000000]
- [3.02502452 0.46844278 0.00000000]
- [2.95887573 0.48569785 0.00000000]
- [2.89272252 0.50290961 0.00000000]
- [2.82654861 0.52005294 0.00000000]
- [2.76036590 0.53716553 0.00000000]
- [2.69419643 0.55420425 0.00000000]
- [2.62798895 0.57109302 0.00000000]
- [2.56174413 0.58791920 0.00000000]
- [2.49549224 0.60467164 0.00000000]
- [2.42921673 0.62131238 0.00000000]
- [2.36292686 0.63786354 0.00000000]
- [2.29659903 0.65427486 0.00000000]
- [2.23026203 0.67060799 0.00000000]
- [2.16389128 0.68676047 0.00000000]
- [2.09747794 0.70280197 0.00000000]
- [2.03104092 0.71872182 0.00000000]
- [1.96442409 0.73454147 0.00000000]
- [1.89774927 0.75013913 0.00000000]
- [1.83103014 0.76562627 0.00000000]
- [1.76428781 0.78095649 0.00000000]
- [1.69754756 0.79611422 0.00000000]
- [1.63072416 0.81096584 0.00000000]
- [1.56385035 0.82571326 0.00000000]
- [1.49696284 0.84024665 0.00000000]
- [1.43004671 0.85454065 0.00000000]
- [1.36306076 0.86854373 0.00000000]
- [1.29600722 0.88234733 0.00000000]
- [1.22896383 0.89594711 0.00000000]
- [1.16186010 0.90914217 0.00000000]
- [1.09466983 0.92207231 0.00000000]
- [1.02744352 0.93473100 0.00000000]
- [0.96022447 0.94704563 0.00000000]
- [0.89289636 0.95882369 0.00000000]
- [0.82549612 0.97032316 0.00000000]
- [0.75805343 0.98136846 0.00000000]
- [0.69058227 0.99199650 0.00000000]
- [0.62302196 1.00202946 0.00000000]
- [0.55534282 1.01164916 0.00000000]
- [0.48769488 1.02088834 0.00000000]
- [0.42000316 1.02937374 0.00000000]
- [0.35216875 1.03728626 0.00000000]
- [0.28430201 1.04473204 0.00000000]
- [0.21611509 1.04737216 0.00000000]
- [0.11821331 1.05156106 0.00000000]
- [0.05237291 1.05652124 0.00000000]
- [-0.01341815 1.06073577 0.00000000]
- [-0.07932474 1.06399196 0.00000000]
- [-0.14531668 1.06669838 0.00000000]
- [-0.21114857 1.06862094 0.00000000]
- [-0.27695708 1.06941550 0.00000000]
- [-0.34286530 1.06929631 0.00000000]
- [-0.40873692 1.06833704 0.00000000]
- [-0.47439276 1.06638100 0.00000000]
- [-0.54001310 1.06299559 0.00000000]
- [-0.60570899 1.05866885 0.00000000]
- [-0.67098042 1.05334827 0.00000000]
- [-0.76474682 1.04699397 0.00000000]
- [-0.83141893 1.04217890 0.00000000]
- [-0.89724412 1.03157855 0.00000000]
- [-0.96284411 1.01916423 0.00000000]
- [-1.02809824 1.00542712 0.00000000]
- [-1.09271583 0.98965681 0.00000000]
- [-1.15695299 0.97190725 0.00000000]
- [-1.22064640 0.95262020 0.00000000]
- [-1.28352115 0.93111705 0.00000000]
- [-1.34575045 0.90771092 0.00000000]
- [-1.40699763 0.88229936 0.00000000]
- [-1.46717350 0.85446504 0.00000000]
- [-1.52633508 0.82458833 0.00000000]
- [-1.58412503 0.79236320 0.00000000]
- [-1.64049451 0.75786080 0.00000000]
- [-1.69514456 0.72085492 0.00000000]
- [-1.74808989 0.68141706 0.00000000]
- [-1.79906959 0.63972467 0.00000000]
- [-1.84774089 0.59532148 0.00000000]
- [-1.89423547 0.54901713 0.00000000]
- [-1.93731168 0.49968075 0.00000000]
- [-1.97783985 0.44818310 0.00000000]
- [-2.01476043 0.39436139 0.00000000]
- [-2.04792307 0.33816865 0.00000000]
- [-2.08724523 0.28502909 0.00000000]
- [-2.12020401 0.22879370 0.00000000]
- [-2.13775434 0.16618541 0.00000000]
- [-2.15066105 0.10241575 0.00000000]
- [-2.15813344 0.03802748 0.00000000]
- [-2.15844468 -0.02643463 0.00000000]
- [-2.15071999 -0.09062342 0.00000000]
- [-2.13692778 -0.15404249 0.00000000]
- [-2.11767545 -0.21596781 0.00000000]
- [-2.08226989 -0.27083743 0.00000000]
- [-2.04176649 -0.32289572 0.00000000]
- [-2.00682873 -0.37770348 0.00000000]
- [-1.96847959 -0.43035320 0.00000000]
- [-1.92654194 -0.48038026 0.00000000]
- [-1.88193812 -0.52816880 0.00000000]
- [-1.83425762 -0.57314086 0.00000000]
- [-1.78450686 -0.61615374 0.00000000]
- [-1.73258947 -0.65665670 0.00000000]
- [-1.67909650 -0.69511313 0.00000000]
- [-1.62374182 -0.73096087 0.00000000]
- [-1.56703975 -0.76492283 0.00000000]
- [-1.50902769 -0.79655046 0.00000000]
- [-1.44970719 -0.82617663 0.00000000]
- [-1.38972508 -0.85411655 0.00000000]
- [-1.32849200 -0.87941197 0.00000000]
- [-1.26645200 -0.90342221 0.00000000]
- [-1.20393226 -0.92560651 0.00000000]
- [-1.14057450 -0.94574411 0.00000000]
- [-1.07676228 -0.96461792 0.00000000]
- [-1.01255634 -0.98155840 0.00000000]
- [-0.94688355 -0.99338611 0.00000000]
- [-0.88925362 -1.00246757 0.00000000]
- [-0.82520628 -1.01470017 0.00000000]
- [-0.76065870 -1.02540344 0.00000000]
- [-0.69591193 -1.03509676 0.00000000]
- [-0.63113775 -1.04330752 0.00000000]
- [-0.56604176 -1.04996691 0.00000000]
- [-0.50073253 -1.05561469 0.00000000]
- [-0.43549946 -1.06004123 0.00000000]
- [-0.37010305 -1.06291765 0.00000000]
- [-0.30451698 -1.06482467 0.00000000]
- [-0.23906025 -1.06565380 0.00000000]
- [-0.17360979 -1.06502804 0.00000000]
- [-0.10799301 -1.06330471 0.00000000]
- [-0.04025362 -1.06061919 0.00000000]
- [0.02751554 -1.06013191 0.00000000]
- [0.09638939 -1.05819035 0.00000000]
- [0.16506169 -1.05188088 0.00000000]
- [0.23351020 -1.04464491 0.00000000]
- [0.30178323 -1.03596601 0.00000000]
- [0.37009738 -1.02629442 0.00000000]
- [0.43824294 -1.01586973 0.00000000]
- [0.50606914 -1.00427531 0.00000000]
- [0.57379454 -0.99140547 0.00000000]
- [0.64149082 -0.97782140 0.00000000]
- [0.70887486 -0.96344154 0.00000000]
- [0.77598562 -0.94781139 0.00000000]
- [0.84303655 -0.93135383 0.00000000]
- [0.90988612 -0.91417237 0.00000000]
- [0.97643001 -0.89614534 0.00000000]
- [1.04275081 -0.87707468 0.00000000]
- [1.10900995 -0.85735983 0.00000000]
- [1.17506659 -0.83709554 0.00000000]
- [1.24083607 -0.81610851 0.00000000]
- [1.30640879 -0.79433238 0.00000000]
- [1.37189455 -0.77200131 0.00000000]
- [1.43720533 -0.74926938 0.00000000]
- [1.50225247 -0.72589665 0.00000000]
- [1.56717288 -0.70195995 0.00000000]
- [1.63200658 -0.67762772 0.00000000]
- [1.69669113 -0.65297985 0.00000000]
- [1.76119855 -0.62785088 0.00000000]
- [1.82564962 -0.60240279 0.00000000]
- [1.89003778 -0.57670215 0.00000000]
- [1.95401845 -0.55097153 0.00000000]
- [2.01795828 -0.52507522 0.00000000]
- [2.08189102 -0.49909193 0.00000000]
- [2.14581914 -0.47303977 0.00000000]
- [2.20979256 -0.44697200 0.00000000]
- [2.27383139 -0.42101185 0.00000000]
- [2.33790785 -0.39512532 0.00000000]
- [2.40208459 -0.36936371 0.00000000]
- [2.46642953 -0.34382226 0.00000000]
- [2.53094828 -0.31869670 0.00000000]
- [2.59556449 -0.29385992 0.00000000]
- [2.66041662 -0.26935992 0.00000000]
- [2.72557767 -0.24549794 0.00000000]
- [2.79091465 -0.22228220 0.00000000]
- [2.85639013 -0.19953762 0.00000000]
- [2.92223808 -0.17726545 0.00000000]
- [2.98849942 -0.15620905 0.00000000]
- [3.05481711 -0.13578868 0.00000000]
- [3.12152654 -0.11602883 0.00000000]
- [3.18868664 -0.09755120 0.00000000]
- [3.25599561 -0.08015220 0.00000000]
- [3.32357761 -0.06352420 0.00000000]
- [3.39157446 -0.04821827 0.00000000]
- [3.45973739 -0.03412928 0.00000000]
- [3.52813189 -0.02101705 0.00000000]
- [3.59688138 -0.00922996 0.00000000]
- [3.66580509 0.00110424 0.00000000]
- [3.73498780 0.01033231 0.00000000]
- [3.80543590 0.00770185 0.00000000]
- [3.87333028 0.00335834 0.00000000]
- [3.94041164 0.00773739 0.00000000]
- [4.00759261 0.01026231 0.00000000]
- [4.07478668 0.01143021 0.00000000]
- [4.14204276 0.01098240 0.00000000]
- [4.20922261 0.00868549 0.00000000]
- [4.27636211 0.00512302 0.00000000]
- [4.34342860 -0.00043743 0.00000000]
- [4.41037828 -0.00782476 0.00000000]
- [4.47706762 -0.01775879 0.00000000]
- [4.54334238 -0.03015552 0.00000000]
- [4.60900292 -0.04500224 0.00000000]
- [4.66143477 -0.06397287 0.00000000]
- [1.89745900 -0.50852194 0.00000000]
- [1.90488022 -0.44034173 0.00000000]
- [1.91230144 -0.37216153 0.00000000]
- [1.91972265 -0.30398132 0.00000000]
- [1.92714387 -0.23580111 0.00000000]
- [1.93456509 -0.16762090 0.00000000]
- [1.94198631 -0.09944069 0.00000000]
- [1.94940752 -0.03126048 0.00000000]
- [1.95682874 0.03691973 0.00000000]
- [1.96424996 0.10509994 0.00000000]
- [1.97167118 0.17328015 0.00000000]
- [1.97909239 0.24146036 0.00000000]
- [1.98651361 0.30964056 0.00000000]
- [1.99393483 0.37782077 0.00000000]
- [2.00135605 0.44600098 0.00000000]
- [2.00877726 0.51418119 0.00000000]
- [2.01619848 0.58236140 0.00000000]
- [2.02361970 0.65054161 0.00000000]
- [-0.88197784 -0.93394038 0.00000000]
- [-0.87470207 -0.86541318 0.00000000]
- [-0.86742630 -0.79688599 0.00000000]
- [-0.86015052 -0.72835879 0.00000000]
- [-0.85287475 -0.65983160 0.00000000]
- [-0.84559898 -0.59130441 0.00000000]
- [-0.83832320 -0.52277721 0.00000000]
- [-0.83104743 -0.45425002 0.00000000]
- [-0.82377166 -0.38572282 0.00000000]
- [-0.81649589 -0.31719563 0.00000000]
- [-0.80922011 -0.24866843 0.00000000]
- [-0.80194434 -0.18014124 0.00000000]
- [-0.79466857 -0.11161404 0.00000000]
- [-0.78739279 -0.04308685 0.00000000]
- [-0.78011702 0.02544035 0.00000000]
- [-0.77284125 0.09396754 0.00000000]
- [-0.76556547 0.16249474 0.00000000]
- [-0.75828970 0.23102193 0.00000000]
- [-0.75101393 0.29954913 0.00000000]
- [-0.74373815 0.36807632 0.00000000]
- [-0.73646238 0.43660352 0.00000000]
- [-0.72918661 0.50513071 0.00000000]
- [-0.72191083 0.57365791 0.00000000]
- [-0.71463506 0.64218510 0.00000000]
- [-0.70735929 0.71071230 0.00000000]
- [-0.70008351 0.77923949 0.00000000]
- [-0.69280774 0.84776668 0.00000000]
- [-0.68553197 0.91629388 0.00000000]
- [-0.67825619 0.98482107 0.00000000]
- [-0.10069603 -0.99508324 0.00000000]
- [-0.09339905 -0.92686176 0.00000000]
- [-0.08610208 -0.85864028 0.00000000]
- [-0.07880510 -0.79041881 0.00000000]
- [-0.07150812 -0.72219733 0.00000000]
- [-0.06421114 -0.65397585 0.00000000]
- [-0.05691417 -0.58575438 0.00000000]
- [-0.04961719 -0.51753290 0.00000000]
- [-0.04232021 -0.44931143 0.00000000]
- [-0.03502323 -0.38108995 0.00000000]
- [-0.02772625 -0.31286847 0.00000000]
- [-0.02042928 -0.24464700 0.00000000]
- [-0.01313230 -0.17642552 0.00000000]
- [-0.00583532 -0.10820404 0.00000000]
- [0.00146166 -0.03998257 0.00000000]
- [0.00875864 0.02823891 0.00000000]
- [0.01605561 0.09646039 0.00000000]
- [0.02335259 0.16468186 0.00000000]
- [0.03064957 0.23290334 0.00000000]
- [0.03794655 0.30112481 0.00000000]
- [0.04524353 0.36934629 0.00000000]
- [0.05254050 0.43756777 0.00000000]
- [0.05983748 0.50578924 0.00000000]
- [0.06713446 0.57401072 0.00000000]
- [0.07443144 0.64223220 0.00000000]
- [0.08172842 0.71045367 0.00000000]
- [0.08902539 0.77867515 0.00000000]
- [0.09632237 0.84689663 0.00000000]
- [0.10361935 0.91511810 0.00000000]
- [0.11091633 0.98333958 0.00000000]
elements:
- [1 2]
- [2 3]
- [3 4]
- [4 5]
- [5 6]
- [6 7]
- [7 8]
- [8 9]
- [9 10]
- [10 11]
- [11 12]
- [12 13]
- [13 14]
- [14 15]
- [15 16]
- [16 17]
- [17 18]
- [18 19]
- [19 20]
- [20 21]
- [21 22]
- [22 23]
- [23 24]
- [24 25]
- [25 26]
- [26 27]
- [27 28]
- [28 29]
- [29 30]
- [30 31]
- [31 32]
- [32 33]
- [33 34]
- [34 35]
- [35 36]
- [36 37]
- [37 38]
- [38 39]
- [39 40]
- [40 41]
- [41 42]
- [42 43]
- [43 44]
- [44 45]
- [45 46]
- [46 47]
- [47 48]
- [48 49]
- [49 50]
- [50 51]
- [51 52]
- [52 53]
- [53 54]
- [54 55]
- [55 56]
- [56 57]
- [57 58]
- [58 59]
- [59 60]
- [60 61]
- [61 62]
- [62 63]
- [63 64]
- [64 65]
- [65 66]
- [66 67]
- [67 68]
- [68 69]
- [69 70]
- [70 71]
- [71 72]
- [72 73]
- [73 74]
- [74 75]
- [75 76]
- [76 77]
- [77 78]
- [78 79]
- [79 80]
- [80 81]
- [81 82]
- [82 83]
- [83 84]
- [84 85]
- [85 86]
- [86 87]
- [87 88]
- [88 89]
- [89 90]
- [90 91]
- [91 92]
- [92 93]
- [93 94]
- [94 95]
- [95 96]
- [96 97]
- [97 98]
- [98 99]
- [99 100]
- [100 101]
- [101 102]
- [102 103]
- [103 104]
- [104 105]
- [105 106]
- [106 107]
- [107 108]
- [108 109]
- [109 110]
- [110 111]
- [111 112]
- [112 113]
- [113 114]
- [114 115]
- [115 116]
- [116 117]
- [117 118]
- [118 119]
- [119 120]
- [120 121]
- [121 122]
- [122 123]
- [123 124]
- [124 125]
- [125 126]
- [126 127]
- [127 128]
- [128 129]
- [129 130]
- [130 131]
- [131 132]
- [132 133]
- [133 134]
- [134 135]
- [135 136]
- [136 137]
- [137 138]
- [138 139]
- [139 140]
- [140 141]
- [141 142]
- [142 143]
- [143 144]
- [144 145]
- [145 146]
- [146 147]
- [147 148]
- [148 149]
- [149 150]
- [150 151]
- [151 152]
- [152 153]
- [153 154]
- [154 155]
- [155 156]
- [156 157]
- [157 158]
- [158 159]
- [159 160]
- [160 161]
- [161 162]
- [162 163]
- [163 164]
- [164 165]
- [165 166]
- [166 167]
- [167 168]
- [168 169]
- [169 170]
- [170 171]
- [171 172]
- [172 173]
- [173 174]
- [174 175]
- [175 176]
- [176 177]
- [177 178]
- [178 179]
- [179 180]
- [180 181]
- [181 182]
- [182 183]
- [183 184]
- [184 185]
- [185 186]
- [186 187]
- [187 188]
- [188 189]
- [189 190]
- [190 191]
- [191 192]
- [192 193]
- [193 194]
- [194 195]
- [195 196]
- [196 197]
- [197 198]
- [198 199]
- [199 200]
- [200 201]
- [201 202]
- [202 203]
- [203 204]
- [204 205]
- [205 206]
- [206 207]
- [207 208]
- [208 209]
- [209 210]
- [210 211]
- [211 212]
- [212 213]
- [213 214]
- [214 215]
- [215 216]
- [216 217]
- [217 218]
- [218 219]
- [219 220]
- [220 221]
- [221 1]
- [179 222]
- [222 223]
- [223 224]
- [224 225]
- [225 226]
- [226 227]
- [227 228]
- [228 229]
- [229 230]
- [230 231]
- [231 232]
- [232 233]
- [233 234]
- [234 235]
- [235 236]
- [236 237]
- [237 238]
- [238 239]
- [239 41]
- [137 240]
- [240 241]
- [241 242]
- [242 243]
- [243 244]
- [244 245]
- [245 246]
- [246 247]
- [247 248]
- [248 249]
- [249 250]
- [250 251]
- [251 252]
- [252 253]
- [253 254]
- [254 255]
- [255 256]
- [256 257]
- [257 258]
- [258 259]
- [259 260]
- [260 261]
- [261 262]
- [262 263]
- [263 264]
- [264 265]
- [265 266]
- [266 267]
- [267 268]
- [268 81]
- [149 269]
- [269 270]
- [270 271]
- [271 272]
- [272 273]
- [273 274]
- [274 275]
- [275 276]
- [276 277]
- [277 278]
- [278 279]
- [279 280]
- [280 281]
- [281 282]
- [282 283]
- [283 284]
- [284 285]
- [285 286]
- [286 287]
- [287 288]
- [288 289]
- [289 290]
- [290 291]
- [291 292]
- [292 293]
- [293 294]
- [294 295]
- [295 296]
- [296 297]
- [297 298]
- [298 69]
sets:
  element:
  - name: layup_0
    labels:
    - 1
    - 2
    - 3
    - 4
    - 5
    - 6
    - 7
    - 8
    - 9
    - 10
    - 11
    - 12
    - 13
    - 208
    - 209
    - 210
    - 211
    - 212
    - 213
    - 214
    - 215
    - 216
    - 217
    - 218
    - 219
    - 220
    - 221
  - name: layup_1
    labels:
    - 14
    - 15
    - 16
    - 17
    - 18
    - 19
    - 20
    - 21
    - 22
    - 23
    - 24
    - 25
    - 26
    - 27
    - 28
    - 29
    - 30
    - 31
    - 32
    - 33
    - 34
    - 35
    - 36
    - 37
    - 38
    - 39
    - 40
    - 41
    - 42
    - 43
    - 44
    - 45
    - 46
    - 47
    - 48
    - 49
    - 50
    - 51
    - 52
    - 53
    - 54
    - 55
    - 56
    - 57
    - 58
    - 59
    - 60
    - 61
    - 62
    - 63
    - 64
    - 65
    - 66
    - 67
    - 82
    - 83
    - 84
    - 85
    - 86
    - 87
    - 88
    - 89
    - 90
    - 91
    - 92
    - 93
    - 94
    - 95
    - 96
    - 97
    - 98
    - 99
    - 100
    - 101
    - 102
    - 103
    - 104
    - 105
    - 115
    - 116
    - 117
    - 118
    - 119
    - 120
    - 121
    - 122
    - 123
    - 124
    - 125
    - 126
    - 127
    - 128
    - 129
    - 130
    - 131
    - 132
    - 133
    - 134
    - 135
    - 151
    - 152
    - 153
    - 154
    - 155
    - 156
    - 157
    - 158
    - 159
    - 160
    - 161
    - 162
    - 163
    - 164
    - 165
    - 166
    - 167
    - 168
    - 169
    - 170
    - 171
    - 172
    - 173
    - 174
    - 175
    - 176
    - 177
    - 178
    - 179
    - 180
    - 181
    - 182
    - 183
    - 184
    - 185
    - 186
    - 187
    - 188
    - 189
    - 190
    - 191
    - 192
    - 193
    - 194
    - 195
    - 196
    - 197
    - 198
    - 199
    - 200
    - 201
    - 202
    - 203
    - 204
    - 205
    - 206
    - 207
  - name: layup_2
    labels:
    - 68
    - 69
    - 70
    - 71
    - 72
    - 73
    - 74
    - 75
    - 76
    - 77
    - 78
    - 79
    - 80
    - 81
  - name: layup_3
    labels:
    - 106
    - 107
    - 108
    - 109
    - 110
    - 111
    - 112
    - 113
    - 114
  - name: layup_4
    labels:
    - 136
    - 137
    - 138
    - 139
    - 140
    - 141
    - 142
    - 143
    - 144
    - 145
    - 146
    - 147
    - 148
    - 149
    - 150
  - name: layup_5
    labels:
    - 222
    - 223
    - 224
    - 225
    - 226
    - 227
    - 228
    - 229
    - 230
    - 231
    - 232
    - 233
    - 234
    - 235
    - 236
    - 237
    - 238
    - 239
    - 240
    - 241
    - 242
    - 243
    - 244
    - 245
    - 246
    - 247
    - 248
    - 249
    - 250
    - 251
    - 252
    - 253
    - 254
    - 255
    - 256
    - 257
    - 258
    - 259
    - 260
    - 261
    - 262
    - 263
    - 264
    - 265
    - 266
    - 267
    - 268
    - 269
    - 270
    - 271
    - 272
    - 273
    - 274
    - 275
    - 276
    - 277
    - 278
    - 279
    - 280
    - 281
    - 282
    - 283
    - 284
    - 285
    - 286
    - 287
    - 288
    - 289
    - 290
    - 291
    - 292
    - 293
    - 294
    - 295
    - 296
    - 297
    - 298
    - 299
    - 300
    - 301
sections:
- type: shell
  elementSet: layup_0
  layup:
  - - gelcoat
    - 0.0005
    - 0.0
  - - glass_triax
    - 0.003
    - 0.0
  - - glass_uniax
    - 0.02287574
    - 0.0
  - - glass_triax
    - 0.003
    - 0.0
- type: shell
  elementSet: layup_1
  layup:
  - - gelcoat
    - 0.0005
    - 0.0
  - - glass_triax
    - 0.003
    - 0.0
  - - medium_density_foam
    - 0.063125
    - 0.0
  - - glass_triax
    - 0.003
    - 0.0
- type: shell
  elementSet: layup_2
  layup:
  - - gelcoat
    - 0.0005
    - 0.0
  - - glass_triax
    - 0.003
    - 0.0
  - - carbon_uniax
    - 0.07971794
    - 0.0
  - - glass_triax
    - 0.003
    - 0.0
- type: shell
  elementSet: layup_3
  layup:
  - - gelcoat
    - 0.0005
    - 0.0
  - - glass_triax
    - 0.003
    - 0.0
  - - glass_uniax
    - 0.01876627
    - 0.0
  - - glass_triax
    - 0.003
    - 0.0
- type: shell
  elementSet: layup_4
  layup:
  - - gelcoat
    - 0.0005
    - 0.0
  - - glass_triax
    - 0.003
    - 0.0
  - - carbon_uniax
    - 0.07685942
    - 0.0
  - - glass_triax
    - 0.003
    - 0.0
- type: shell
  elementSet: layup_5
  layup:
  - - glass_biax
    - 0.002
    - 0.0
  - - medium_density_foam
    - 0.0388
    - 0.0
  - - glass_biax
    - 0.002
    - 0.0
elementOrientations:
- [0.0, 0.0, 1.0, -0.9808829621439179, 0.19459859859663275, 0.0, -0.19459859859663275,
  -0.9808829621439179, 0.0]
- [0.0, 0.0, 1.0, -0.9692941426278765, 0.24590417862917616, 0.0, -0.24590417862917616,
  -0.9692941426278765, 0.0]
- [0.0, 0.0, 1.0, -0.9697772572877026, 0.24399194914492853, 0.0, -0.24399194914492853,
  -0.9697772572877026, 0.0]
- [0.0, 0.0, 1.0, -0.9701840943256805, 0.24236918764038304, 0.0, -0.24236918764038304,
  -0.9701840943256805, 0.0]
- [0.0, 0.0, 1.0, -0.9704128977892956, 0.24145146055508096, 0.0, -0.24145146055508096,
  -0.9704128977892956, 0.0]
- [0.0, 0.0, 1.0, -0.9703504058581077, 0.24170248209525164, 0.0, -0.24170248209525164,
  -0.9703504058581077, 0.0]
- [0.0, 0.0, 1.0, -0.9701760630402898, 0.24240133395599062, 0.0, -0.24240133395599062,
  -0.9701760630402898, 0.0]
- [0.0, 0.0, 1.0, -0.9699331374118396, 0.24337154507136918, 0.0, -0.24337154507136918,
  -0.9699331374118396, 0.0]
- [0.0, 0.0, 1.0, -0.9692537010688544, 0.24606353440590814, 0.0, -0.24606353440590814,
  -0.9692537010688544, 0.0]
- [0.0, 0.0, 1.0, -0.9688168470716857, 0.2477779587253028, 0.0, -0.2477779587253028,
  -0.9688168470716857, 0.0]
- [0.0, 0.0, 1.0, -0.9685244754953626, 0.24891834075944044, 0.0, -0.24891834075944044,
  -0.9685244754953626, 0.0]
- [0.0, 0.0, 1.0, -0.968147490033192, 0.25038058539437547, 0.0, -0.25038058539437547,
  -0.968147490033192, 0.0]
- [0.0, 0.0, 1.0, -0.9945609446877912, 0.1041562638621801, 0.0, -0.1041562638621801,
  -0.9945609446877912, 0.0]
- [0.0, 0.0, 1.0, -0.994188805903182, 0.10765044457318901, 0.0, -0.10765044457318901,
  -0.994188805903182, 0.0]
- [0.0, 0.0, 1.0, -0.9675060706209759, 0.25284778684330866, 0.0, -0.25284778684330866,
  -0.9675060706209759, 0.0]
- [0.0, 0.0, 1.0, -0.9674178947803959, 0.25318494595585045, 0.0, -0.25318494595585045,
  -0.9674178947803959, 0.0]
- [0.0, 0.0, 1.0, -0.9672828443088664, 0.25370041211190303, 0.0, -0.25370041211190303,
  -0.9672828443088664, 0.0]
- [0.0, 0.0, 1.0, -0.9671177705469692, 0.25432895606332284, 0.0, -0.25432895606332284,
  -0.9671177705469692, 0.0]
- [0.0, 0.0, 1.0, -0.9671882418805656, 0.25406082887367876, 0.0, -0.25406082887367876,
  -0.9671882418805656, 0.0]
- [0.0, 0.0, 1.0, -0.9669634962755833, 0.2549148816183552, 0.0, -0.2549148816183552,
  -0.9669634962755833, 0.0]
- [0.0, 0.0, 1.0, -0.9672127499907415, 0.25396751023575337, 0.0, -0.25396751023575337,
  -0.9672127499907415, 0.0]
- [0.0, 0.0, 1.0, -0.9672875499579944, 0.2536824702186985, 0.0, -0.2536824702186985,
  -0.9672875499579944, 0.0]
- [0.0, 0.0, 1.0, -0.9672878336933453, 0.2536813883374878, 0.0, -0.2536813883374878,
  -0.9672878336933453, 0.0]
- [0.0, 0.0, 1.0, -0.9674019962622874, 0.2532456862964132, 0.0, -0.2532456862964132,
  -0.9674019962622874, 0.0]
- [0.0, 0.0, 1.0, -0.96745318789878, 0.25305005280475223, 0.0, -0.25305005280475223,
  -0.96745318789878, 0.0]
- [0.0, 0.0, 1.0, -0.9676213217691427, 0.2524063740434005, 0.0, -0.2524063740434005,
  -0.9676213217691427, 0.0]
- [0.0, 0.0, 1.0, -0.9677799874290237, 0.2517973310658367, 0.0, -0.2517973310658367,
  -0.9677799874290237, 0.0]
- [0.0, 0.0, 1.0, -0.9680426451528844, 0.2507856398708003, 0.0, -0.2507856398708003,
  -0.9680426451528844, 0.0]
- [0.0, 0.0, 1.0, -0.9681597699343437, 0.25033309785299834, 0.0, -0.25033309785299834,
  -0.9681597699343437, 0.0]
- [0.0, 0.0, 1.0, -0.9684091654591808, 0.24936657405244433, 0.0, -0.24936657405244433,
  -0.9684091654591808, 0.0]
- [0.0, 0.0, 1.0, -0.9689712392558989, 0.24717349674851338, 0.0, -0.24717349674851338,
  -0.9689712392558989, 0.0]
- [0.0, 0.0, 1.0, -0.9692234554527261, 0.2461826423618804, 0.0, -0.2461826423618804,
  -0.9692234554527261, 0.0]
- [0.0, 0.0, 1.0, -0.9694866062443167, 0.24514428468328006, 0.0, -0.24514428468328006,
  -0.9694866062443167, 0.0]
- [0.0, 0.0, 1.0, -0.969894577808211, 0.2435251690036002, 0.0, -0.2435251690036002,
  -0.969894577808211, 0.0]
- [0.0, 0.0, 1.0, -0.9702158173427494, 0.24224216762971032, 0.0, -0.24224216762971032,
  -0.9702158173427494, 0.0]
- [0.0, 0.0, 1.0, -0.9707272594699659, 0.2401844868469437, 0.0, -0.2401844868469437,
  -0.9707272594699659, 0.0]
- [0.0, 0.0, 1.0, -0.9710012041008586, 0.239074594289487, 0.0, -0.239074594289487,
  -0.9710012041008586, 0.0]
- [0.0, 0.0, 1.0, -0.9716399041530359, 0.23646542380965394, 0.0, -0.23646542380965394,
  -0.9716399041530359, 0.0]
- [0.0, 0.0, 1.0, -0.9720464708455773, 0.23478854000282534, 0.0, -0.23478854000282534,
  -0.9720464708455773, 0.0]
- [0.0, 0.0, 1.0, -0.9724704219102204, 0.23302634724373564, 0.0, -0.23302634724373564,
  -0.9724704219102204, 0.0]
- [0.0, 0.0, 1.0, -0.9729426104779618, 0.23104691453540083, 0.0, -0.23104691453540083,
  -0.9729426104779618, 0.0]
- [0.0, 0.0, 1.0, -0.9737111382699851, 0.2277863455279306, 0.0, -0.2277863455279306,
  -0.9737111382699851, 0.0]
- [0.0, 0.0, 1.0, -0.9741011479600167, 0.22611270097669775, 0.0, -0.22611270097669775,
  -0.9741011479600167, 0.0]
- [0.0, 0.0, 1.0, -0.9746205893923686, 0.22386314286293726, 0.0, -0.22386314286293726,
  -0.9746205893923686, 0.0]
- [0.0, 0.0, 1.0, -0.9751660269926528, 0.221475099727633, 0.0, -0.221475099727633,
  -0.9751660269926528, 0.0]
- [0.0, 0.0, 1.0, -0.9761809386753668, 0.21695800277214825, 0.0, -0.21695800277214825,
  -0.9761809386753668, 0.0]
- [0.0, 0.0, 1.0, -0.9765365374241023, 0.2153517844730917, 0.0, -0.2153517844730917,
  -0.9765365374241023, 0.0]
- [0.0, 0.0, 1.0, -0.9771987216578036, 0.21232677266504663, 0.0, -0.21232677266504663,
  -0.9771987216578036, 0.0]
- [0.0, 0.0, 1.0, -0.9779374562818394, 0.20889789755046764, 0.0, -0.20889789755046764,
  -0.9779374562818394, 0.0]
- [0.0, 0.0, 1.0, -0.9788411073867972, 0.2046218133283659, 0.0, -0.2046218133283659,
  -0.9788411073867972, 0.0]
- [0.0, 0.0, 1.0, -0.9794614880852341, 0.20163133029829175, 0.0, -0.20163133029829175,
  -0.9794614880852341, 0.0]
- [0.0, 0.0, 1.0, -0.9800397841407055, 0.19880146252339148, 0.0, -0.19880146252339148,
  -0.9800397841407055, 0.0]
- [0.0, 0.0, 1.0, -0.9812101607834504, 0.1929420129865855, 0.0, -0.1929420129865855,
  -0.9812101607834504, 0.0]
- [0.0, 0.0, 1.0, -0.9819822139698985, 0.1889733617385701, 0.0, -0.1889733617385701,
  -0.9819822139698985, 0.0]
- [0.0, 0.0, 1.0, -0.9827295703481366, 0.1850475386579533, 0.0, -0.1850475386579533,
  -0.9827295703481366, 0.0]
- [0.0, 0.0, 1.0, -0.9836295310069345, 0.18020251310977348, 0.0, -0.18020251310977348,
  -0.9836295310069345, 0.0]
- [0.0, 0.0, 1.0, -0.9850412940950746, 0.1723184520807354, 0.0, -0.1723184520807354,
  -0.9850412940950746, 0.0]
- [0.0, 0.0, 1.0, -0.9857555561321953, 0.16818437369299816, 0.0, -0.16818437369299816,
  -0.9857555561321953, 0.0]
- [0.0, 0.0, 1.0, -0.9868530754149171, 0.16161994785335082, 0.0, -0.16161994785335082,
  -0.9868530754149171, 0.0]
- [0.0, 0.0, 1.0, -0.9878199518240506, 0.15560123000262596, 0.0, -0.15560123000262596,
  -0.9878199518240506, 0.0]
- [0.0, 0.0, 1.0, -0.9891524150473451, 0.1468928174078125, 0.0, -0.1468928174078125,
  -0.9891524150473451, 0.0]
- [0.0, 0.0, 1.0, -0.9900490934761684, 0.1407223951864709, 0.0, -0.1407223951864709,
  -0.9900490934761684, 0.0]
- [0.0, 0.0, 1.0, -0.9908017799376136, 0.1353212210721456, 0.0, -0.1353212210721456,
  -0.9908017799376136, 0.0]
- [0.0, 0.0, 1.0, -0.9922346418187123, 0.12438012532109657, 0.0, -0.12438012532109657,
  -0.9922346418187123, 0.0]
- [0.0, 0.0, 1.0, -0.9932656629043058, 0.11585906479542234, 0.0, -0.11585906479542234,
  -0.9932656629043058, 0.0]
- [0.0, 0.0, 1.0, -0.9940354581099958, 0.10905736114563956, 0.0, -0.10905736114563956,
  -0.9940354581099958, 0.0]
- [0.0, 0.0, 1.0, -0.9992512633171646, 0.03868995682409807, 0.0, -0.03868995682409807,
  -0.9992512633171646, 0.0]
- [0.0, 0.0, 1.0, -0.999085904309515, 0.04274758250519702, 0.0, -0.04274758250519702,
  -0.999085904309515, 0.0]
- [0.0, 0.0, 1.0, -0.9971742276575306, 0.0751236294091773, 0.0, -0.0751236294091773,
  -0.9971742276575306, 0.0]
- [0.0, 0.0, 1.0, -0.997954495548947, 0.06392827866951248, 0.0, -0.06392827866951248,
  -0.997954495548947, 0.0]
- [0.0, 0.0, 1.0, -0.9987817480314277, 0.04934591978356134, 0.0, -0.04934591978356134,
  -0.9987817480314277, 0.0]
- [0.0, 0.0, 1.0, -0.9991600923817774, 0.04097694219482518, 0.0, -0.04097694219482518,
  -0.9991600923817774, 0.0]
- [0.0, 0.0, 1.0, -0.9995738355961991, 0.02919156027866698, 0.0, -0.02919156027866698,
  -0.9995738355961991, 0.0]
- [0.0, 0.0, 1.0, -0.999927118788472, 0.01207299098753817, 0.0, -0.01207299098753817,
  -0.999927118788472, 0.0]
- [0.0, 0.0, 1.0, -0.9999983648253675, -0.0018084099621873814, 0.0, 0.0018084099621873814,
  -0.9999983648253675, 0.0]
- [0.0, 0.0, 1.0, -0.9998939803121932, -0.014561185921463571, 0.0, 0.014561185921463571,
  -0.9998939803121932, 0.0]
- [0.0, 0.0, 1.0, -0.9995565033608738, -0.029779130091111054, 0.0, 0.029779130091111054,
  -0.9995565033608738, 0.0]
- [0.0, 0.0, 1.0, -0.9986718413627571, -0.051522356983351524, 0.0, 0.051522356983351524,
  -0.9986718413627571, 0.0]
- [0.0, 0.0, 1.0, -0.997838259034587, -0.06571764456235969, 0.0, 0.06571764456235969,
  -0.997838259034587, 0.0]
- [0.0, 0.0, 1.0, -0.9966941377377017, -0.0812452817048439, 0.0, 0.0812452817048439,
  -0.9966941377377017, 0.0]
- [0.0, 0.0, 1.0, -0.9977116741408084, -0.06761224211002911, 0.0, 0.06761224211002911,
  -0.9977116741408084, 0.0]
- [0.0, 0.0, 1.0, -0.9974022815898065, -0.07203255291497161, 0.0, 0.07203255291497161,
  -0.9974022815898065, 0.0]
- [0.0, 0.0, 1.0, -0.9872802761094299, -0.1589894852035427, 0.0, 0.1589894852035427,
  -0.9872802761094299, 0.0]
- [0.0, 0.0, 1.0, -0.9825606187880871, -0.18594254598335275, 0.0, 0.18594254598335275,
  -0.9825606187880871, 0.0]
- [0.0, 0.0, 1.0, -0.9785516155541861, -0.20600178566287264, 0.0, 0.20600178566287264,
  -0.9785516155541861, 0.0]
- [0.0, 0.0, 1.0, -0.9714859673252839, -0.23709705879672394, 0.0, 0.23709705879672394,
  -0.9714859673252839, 0.0]
- [0.0, 0.0, 1.0, -0.9638811317372367, -0.26633280661785463, 0.0, 0.26633280661785463,
  -0.9638811317372367, 0.0]
- [0.0, 0.0, 1.0, -0.9570826853497965, -0.28981499858292786, 0.0, 0.28981499858292786,
  -0.9570826853497965, 0.0]
- [0.0, 0.0, 1.0, -0.9461945872251754, -0.32359821245764, 0.0, 0.32359821245764, -0.9461945872251754,
  0.0]
- [0.0, 0.0, 1.0, -0.9359818430151526, -0.3520482772944049, 0.0, 0.3520482772944049,
  -0.9359818430151526, 0.0]
- [0.0, 0.0, 1.0, -0.9236546789166661, -0.3832258265244538, 0.0, 0.3832258265244538,
  -0.9236546789166661, 0.0]
- [0.0, 0.0, 1.0, -0.9076099237227444, -0.41981451423217114, 0.0, 0.41981451423217114,
  -0.9076099237227444, 0.0]
- [0.0, 0.0, 1.0, -0.892634084176876, -0.45078197808442855, 0.0, 0.45078197808442855,
  -0.892634084176876, 0.0]
- [0.0, 0.0, 1.0, -0.8733888149573671, -0.48702359070928597, 0.0, 0.48702359070928597,
  -0.8733888149573671, 0.0]
- [0.0, 0.0, 1.0, -0.8529154983058956, -0.5220489945872954, 0.0, 0.5220489945872954,
  -0.8529154983058956, 0.0]
- [0.0, 0.0, 1.0, -0.8280250967537947, -0.5606910371549281, 0.0, 0.5606910371549281,
  -0.8280250967537947, 0.0]
- [0.0, 0.0, 1.0, -0.801966946138532, -0.5973684100295537, 0.0, 0.5973684100295537,
  -0.801966946138532, 0.0]
- [0.0, 0.0, 1.0, -0.7740933125217373, -0.6330715153196548, 0.0, 0.6330715153196548,
  -0.7740933125217373, 0.0]
- [0.0, 0.0, 1.0, -0.738756182022995, -0.6739727765442813, 0.0, 0.6739727765442813,
  -0.738756182022995, 0.0]
- [0.0, 0.0, 1.0, -0.7085547493403873, -0.7056558418855333, 0.0, 0.7056558418855333,
  -0.7085547493403873, 0.0]
- [0.0, 0.0, 1.0, -0.6576990527289635, -0.7532807949492831, 0.0, 0.7532807949492831,
  -0.6576990527289635, 0.0]
- [0.0, 0.0, 1.0, -0.6184414124507975, -0.7858309101618889, 0.0, 0.7858309101618889,
  -0.6184414124507975, 0.0]
- [0.0, 0.0, 1.0, -0.565677025789659, -0.8246268868365655, 0.0, 0.8246268868365655,
  -0.565677025789659, 0.0]
- [0.0, 0.0, 1.0, -0.5082503955282636, -0.8612093447271478, 0.0, 0.8612093447271478,
  -0.5082503955282636, 0.0]
- [0.0, 0.0, 1.0, -0.5948320839155321, -0.8038499809944051, 0.0, 0.8038499809944051,
  -0.5948320839155321, 0.0]
- [0.0, 0.0, 1.0, -0.5056419210220785, -0.8627434425743856, 0.0, 0.8627434425743856,
  -0.5056419210220785, 0.0]
- [0.0, 0.0, 1.0, -0.2699152787856783, -0.962884075202228, 0.0, 0.962884075202228,
  -0.2699152787856783, 0.0]
- [0.0, 0.0, 1.0, -0.19837348720417688, -0.980126501822318, 0.0, 0.980126501822318,
  -0.19837348720417688, 0.0]
- [0.0, 0.0, 1.0, -0.11527833976569121, -0.9933332292744795, 0.0, 0.9933332292744795,
  -0.11527833976569121, 0.0]
- [0.0, 0.0, 1.0, -0.004828106330826613, -0.9999883446267052, 0.0, 0.9999883446267052,
  -0.004828106330826613, 0.0]
- [0.0, 0.0, 1.0, 0.11948119811675868, -0.992836463520848, 0.0, 0.992836463520848,
  0.11948119811675868, 0.0]
- [0.0, 0.0, 1.0, 0.21250979201786255, -0.977158937070385, 0.0, 0.977158937070385,
  0.21250979201786255, 0.0]
- [0.0, 0.0, 1.0, 0.29687926823973787, -0.9549150224441114, 0.0, 0.9549150224441114,
  0.29687926823973787, 0.0]
- [0.0, 0.0, 1.0, 0.5421896163453052, -0.8402561632783963, 0.0, 0.8402561632783963,
  0.5421896163453052, 0.0]
- [0.0, 0.0, 1.0, 0.6140693062268078, -0.7892521062056957, 0.0, 0.7892521062056957,
  0.6140693062268078, 0.0]
- [0.0, 0.0, 1.0, 0.5375334006114505, -0.8432424581501397, 0.0, 0.8432424581501397,
  0.5375334006114505, 0.0]
- [0.0, 0.0, 1.0, 0.5887583184002141, -0.8083091255915352, 0.0, 0.8083091255915352,
  0.5887583184002141, 0.0]
- [0.0, 0.0, 1.0, 0.6424275635168323, -0.7663464135975496, 0.0, 0.7663464135975496,
  0.6424275635168323, 0.0]
- [0.0, 0.0, 1.0, 0.6823279873059236, -0.7310461803053535, 0.0, 0.7310461803053535,
  0.6823279873059236, 0.0]
- [0.0, 0.0, 1.0, 0.7274663105572029, -0.686143401195618, 0.0, 0.686143401195618,
  0.7274663105572029, 0.0]
- [0.0, 0.0, 1.0, 0.7564745779056418, -0.6540230982025642, 0.0, 0.6540230982025642,
  0.7564745779056418, 0.0]
- [0.0, 0.0, 1.0, 0.7884478044748486, -0.6151016660835759, 0.0, 0.6151016660835759,
  0.7884478044748486, 0.0]
- [0.0, 0.0, 1.0, 0.8119552487730374, -0.5837196878553225, 0.0, 0.5837196878553225,
  0.8119552487730374, 0.0]
- [0.0, 0.0, 1.0, 0.8393626036154002, -0.5435719084463222, 0.0, 0.5435719084463222,
  0.8393626036154002, 0.0]
- [0.0, 0.0, 1.0, 0.857888368051901, -0.5138361100207399, 0.0, 0.5138361100207399,
  0.857888368051901, 0.0]
- [0.0, 0.0, 1.0, 0.8779929419489536, -0.4786735775952351, 0.0, 0.4786735775952351,
  0.8779929419489536, 0.0]
- [0.0, 0.0, 1.0, 0.8946327089256128, -0.44680232331582576, 0.0, 0.44680232331582576,
  0.8946327089256128, 0.0]
- [0.0, 0.0, 1.0, 0.9064825082845223, -0.4222433684194472, 0.0, 0.4222433684194472,
  0.9064825082845223, 0.0]
- [0.0, 0.0, 1.0, 0.9242427808738545, -0.38180529331396673, 0.0, 0.38180529331396673,
  0.9242427808738545, 0.0]
- [0.0, 0.0, 1.0, 0.9325946234764925, -0.36092557163872335, 0.0, 0.36092557163872335,
  0.9325946234764925, 0.0]
- [0.0, 0.0, 1.0, 0.9424283470920685, -0.3344081497172454, 0.0, 0.3344081497172454,
  0.9424283470920685, 0.0]
- [0.0, 0.0, 1.0, 0.9530200001071093, -0.3029073775856992, 0.0, 0.3029073775856992,
  0.9530200001071093, 0.0]
- [0.0, 0.0, 1.0, 0.9589351880480501, -0.28362528999236064, 0.0, 0.28362528999236064,
  0.9589351880480501, 0.0]
- [0.0, 0.0, 1.0, 0.9669105970422214, -0.255115458817091, 0.0, 0.255115458817091,
  0.9669105970422214, 0.0]
- [0.0, 0.0, 1.0, 0.984166038385183, -0.17724900250555575, 0.0, 0.17724900250555575,
  0.984166038385183, 0.0]
- [0.0, 0.0, 1.0, 0.987810451726986, -0.15566152851275744, 0.0, 0.15566152851275744,
  0.987810451726986, 0.0]
- [0.0, 0.0, 1.0, 0.9822451216498876, -0.18760202822730215, 0.0, 0.18760202822730215,
  0.9822451216498876, 0.0]
- [0.0, 0.0, 1.0, 0.986529063347643, -0.16358608489239565, 0.0, 0.16358608489239565,
  0.986529063347643, 0.0]
- [0.0, 0.0, 1.0, 0.9889782142689985, -0.14806110799701286, 0.0, 0.14806110799701286,
  0.9889782142689985, 0.0]
- [0.0, 0.0, 1.0, 0.9920615105300808, -0.1257535658531174, 0.0, 0.1257535658531174,
  0.9920615105300808, 0.0]
- [0.0, 0.0, 1.0, 0.9948079672985292, -0.10176987864475792, 0.0, 0.10176987864475792,
  0.9948079672985292, 0.0]
- [0.0, 0.0, 1.0, 0.9962816607595804, -0.08615597735579728, 0.0, 0.08615597735579728,
  0.9962816607595804, 0.0]
- [0.0, 0.0, 1.0, 0.9977056138654276, -0.0677016104787064, 0.0, 0.0677016104787064,
  0.9977056138654276, 0.0]
- [0.0, 0.0, 1.0, 0.9990340869731636, -0.04394192833384934, 0.0, 0.04394192833384934,
  0.9990340869731636, 0.0]
- [0.0, 0.0, 1.0, 0.9995775461583897, -0.029064225707426446, 0.0, 0.029064225707426446,
  0.9995775461583897, 0.0]
- [0.0, 0.0, 1.0, 0.9999197854638149, -0.012665805856656004, 0.0, 0.012665805856656004,
  0.9999197854638149, 0.0]
- [0.0, 0.0, 1.0, 0.9999542990420598, 0.009560325690206945, 0.0, -0.009560325690206945,
  0.9999542990420598, 0.0]
- [0.0, 0.0, 1.0, 0.9996552924119005, 0.026254453962668265, 0.0, -0.026254453962668265,
  0.9996552924119005, 0.0]
- [0.0, 0.0, 1.0, 0.9992150682411248, 0.03961372741719934, 0.0, -0.03961372741719934,
  0.9992150682411248, 0.0]
- [0.0, 0.0, 1.0, 0.9999741507173818, 0.007190124967699771, 0.0, -0.007190124967699771,
  0.9999741507173818, 0.0]
- [0.0, 0.0, 1.0, 0.9996028940934465, 0.028178965914415433, 0.0, -0.028178965914415433,
  0.9996028940934465, 0.0]
- [0.0, 0.0, 1.0, 0.9958057575096672, 0.09149258609635016, 0.0, -0.09149258609635016,
  0.9958057575096672, 0.0]
- [0.0, 0.0, 1.0, 0.9944586679391176, 0.10512829191400364, 0.0, -0.10512829191400364,
  0.9944586679391176, 0.0]
- [0.0, 0.0, 1.0, 0.9920168179531397, 0.12610564181719697, 0.0, -0.12610564181719697,
  0.9920168179531397, 0.0]
- [0.0, 0.0, 1.0, 0.9901264226075541, 0.1401772708193706, 0.0, -0.1401772708193706,
  0.9901264226075541, 0.0]
- [0.0, 0.0, 1.0, 0.9885004812311986, 0.1512177192186439, 0.0, -0.1512177192186439,
  0.9885004812311986, 0.0]
- [0.0, 0.0, 1.0, 0.985701854868914, 0.16849882286823936, 0.0, -0.16849882286823936,
  0.985701854868914, 0.0]
- [0.0, 0.0, 1.0, 0.9824190764615512, 0.18668893433846787, 0.0, -0.18668893433846787,
  0.9824190764615512, 0.0]
- [0.0, 0.0, 1.0, 0.9804556525474293, 0.1967402180231452, 0.0, -0.1967402180231452,
  0.9804556525474293, 0.0]
- [0.0, 0.0, 1.0, 0.9779792344535685, 0.20870222082577924, 0.0, -0.20870222082577924,
  0.9779792344535685, 0.0]
- [0.0, 0.0, 1.0, 0.9739343335188948, 0.22683014348429614, 0.0, -0.22683014348429614,
  0.9739343335188948, 0.0]
- [0.0, 0.0, 1.0, 0.9711736160292006, 0.23837325254475802, 0.0, -0.23837325254475802,
  0.9711736160292006, 0.0]
- [0.0, 0.0, 1.0, 0.968522394697227, 0.24892643686428503, 0.0, -0.24892643686428503,
  0.968522394697227, 0.0]
- [0.0, 0.0, 1.0, 0.9652090676047372, 0.2614793602057221, 0.0, -0.2614793602057221,
  0.9652090676047372, 0.0]
- [0.0, 0.0, 1.0, 0.9610561063411112, 0.2763533254087287, 0.0, -0.2763533254087287,
  0.9610561063411112, 0.0]
- [0.0, 0.0, 1.0, 0.958472372424422, 0.28518539811690974, 0.0, -0.28518539811690974,
  0.958472372424422, 0.0]
- [0.0, 0.0, 1.0, 0.9560261243209417, 0.293281519390294, 0.0, -0.293281519390294,
  0.9560261243209417, 0.0]
- [0.0, 0.0, 1.0, 0.952672748981118, 0.30399775221004427, 0.0, -0.30399775221004427,
  0.952672748981118, 0.0]
- [0.0, 0.0, 1.0, 0.9490363386918947, 0.3151666667690025, 0.0, -0.3151666667690025,
  0.9490363386918947, 0.0]
- [0.0, 0.0, 1.0, 0.9464820327104494, 0.3227565053663454, 0.0, -0.3227565053663454,
  0.9464820327104494, 0.0]
- [0.0, 0.0, 1.0, 0.9444288477978517, 0.3287159129814409, 0.0, -0.3287159129814409,
  0.9444288477978517, 0.0]
- [0.0, 0.0, 1.0, 0.941091229746599, 0.338152772122356, 0.0, -0.338152772122356, 0.941091229746599,
  0.0]
- [0.0, 0.0, 1.0, 0.9382556176085259, 0.34594276408973135, 0.0, -0.34594276408973135,
  0.9382556176085259, 0.0]
- [0.0, 0.0, 1.0, 0.9362361461427432, 0.35137142549698597, 0.0, -0.35137142549698597,
  0.9362361461427432, 0.0]
- [0.0, 0.0, 1.0, 0.9344582212907162, 0.3560727912410476, 0.0, -0.3560727912410476,
  0.9344582212907162, 0.0]
- [0.0, 0.0, 1.0, 0.9317959238136012, 0.3629825841061217, 0.0, -0.3629825841061217,
  0.9317959238136012, 0.0]
- [0.0, 0.0, 1.0, 0.9301213250159315, 0.36725239379833613, 0.0, -0.36725239379833613,
  0.9301213250159315, 0.0]
- [0.0, 0.0, 1.0, 0.928748151121917, 0.37071130517913947, 0.0, -0.37071130517913947,
  0.928748151121917, 0.0]
- [0.0, 0.0, 1.0, 0.9277832339091646, 0.37311964686552274, 0.0, -0.37311964686552274,
  0.9277832339091646, 0.0]
- [0.0, 0.0, 1.0, 0.9268666330387363, 0.3753907891243957, 0.0, -0.3753907891243957,
  0.9268666330387363, 0.0]
- [0.0, 0.0, 1.0, 0.9264129286975085, 0.37650907763572616, 0.0, -0.37650907763572616,
  0.9264129286975085, 0.0]
- [0.0, 0.0, 1.0, 0.9260550538575923, 0.37738844341713995, 0.0, -0.37738844341713995,
  0.9260550538575923, 0.0]
- [0.0, 0.0, 1.0, 0.9260694867442378, 0.3773530253241172, 0.0, -0.3773530253241172,
  0.9260694867442378, 0.0]
- [0.0, 0.0, 1.0, 0.9267469866960222, 0.3756860692783844, 0.0, -0.3756860692783844,
  0.9267469866960222, 0.0]
- [0.0, 0.0, 1.0, 0.9271941571404659, 0.3745810926416081, 0.0, -0.3745810926416081,
  0.9271941571404659, 0.0]
