nodes:
- [2.33339255 0.01087898 0.00000000]
- [2.30444829 0.01521042 0.00000000]
- [2.27134109 0.02206631 0.00000000]
- [2.23823186 0.02891332 0.00000000]
- [2.20512238 0.03575732 0.00000000]
- [2.17200807 0.04258961 0.00000000]
- [2.13889171 0.04944173 0.00000000]
- [2.10578332 0.05633674 0.00000000]
- [2.07267646 0.06325945 0.00000000]
- [2.03958781 0.07026255 0.00000000]
- [2.00650504 0.07728033 0.00000000]
- [1.97343113 0.08435455 0.00000000]
- [1.94037128 0.09147154 0.00000000]
- [1.90731126 0.09860118 0.00000000]
- [1.87426582 0.10580032 0.00000000]
- [1.84123002 0.11301463 0.00000000]
- [1.80819405 0.12024272 0.00000000]
- [1.77516815 0.12751544 0.00000000]
- [1.74214772 0.13479816 0.00000000]
- [1.70912747 0.14209733 0.00000000]
- [1.67611725 0.14943763 0.00000000]
- [1.64311366 0.15678452 0.00000000]
- [1.61010727 0.16412721 0.00000000]
- [1.57710539 0.17149441 0.00000000]
- [1.54315022 0.17457399 0.00000000]
- [1.50932244 0.17761561 0.00000000]
- [1.47645301 0.18494740 0.00000000]
- [1.44358228 0.19226697 0.00000000]
- [1.41071282 0.19957991 0.00000000]
- [1.37784803 0.20686780 0.00000000]
- [1.34497010 0.21410940 0.00000000]
- [1.31276833 0.22119044 0.00000000]
- [1.28057611 0.22824625 0.00000000]
- [1.24837185 0.23523110 0.00000000]
- [1.21615061 0.24218257 0.00000000]
- [1.18392130 0.24910214 0.00000000]
- [1.15170923 0.25598599 0.00000000]
- [1.11947075 0.26273979 0.00000000]
- [1.08719819 0.26946417 0.00000000]
- [1.05493988 0.27616464 0.00000000]
- [1.02269029 0.28274793 0.00000000]
- [0.99039221 0.28918585 0.00000000]
- [0.95805731 0.29559405 0.00000000]
- [0.92575980 0.30196665 0.00000000]
- [0.89344322 0.30812390 0.00000000]
- [0.86106117 0.31417291 0.00000000]
- [0.82866104 0.32019068 0.00000000]
- [0.79630795 0.32612956 0.00000000]
- [0.76391118 0.33178982 0.00000000]
- [0.73143886 0.33736765 0.00000000]
- [0.69897182 0.34290915 0.00000000]
- [0.66655259 0.34830016 0.00000000]
- [0.63406105 0.35336899 0.00000000]
- [0.60149396 0.35839011 0.00000000]
- [0.56897773 0.36334907 0.00000000]
- [0.53647558 0.36799945 0.00000000]
- [0.50387102 0.37236790 0.00000000]
- [0.47120587 0.37669558 0.00000000]
- [0.43865125 0.38093915 0.00000000]
- [0.40605109 0.38464218 0.00000000]
- [0.37331995 0.38820817 0.00000000]
- [0.34060116 0.39170025 0.00000000]
- [0.30751905 0.38985319 0.00000000]
- [0.27444911 0.38743059 0.00000000]
- [0.24164157 0.39003419 0.00000000]
- [0.20904591 0.39253412 0.00000000]
- [0.17596544 0.39442877 0.00000000]
- [0.14265434 0.39600145 0.00000000]
- [0.10936686 0.39747051 0.00000000]
- [0.07630879 0.39852593 0.00000000]
- [0.04312326 0.39886957 0.00000000]
- [0.00975305 0.39908653 0.00000000]
- [-0.02329695 0.39905527 0.00000000]
- [-0.05634349 0.39808741 0.00000000]
- [-0.08969244 0.39688593 0.00000000]
- [-0.12269693 0.39554705 0.00000000]
- [-0.15557103 0.39313260 0.00000000]
- [-0.18878826 0.39036623 0.00000000]
- [-0.22168874 0.38748096 0.00000000]
- [-0.25436654 0.38351506 0.00000000]
- [-0.28731972 0.37909616 0.00000000]
- [-0.31996274 0.37445184 0.00000000]
- [-0.35235443 0.36872115 0.00000000]
- [-0.38498089 0.36248489 0.00000000]
- [-0.41717955 0.35602646 0.00000000]
- [-0.44909108 0.34819555 0.00000000]
- [-0.48117045 0.34005616 0.00000000]
- [-0.51273978 0.33122508 0.00000000]
- [-0.54418947 0.32134694 0.00000000]
- [-0.57540825 0.31117534 0.00000000]
- [-0.60422146 0.30044069 0.00000000]
- [-0.63305243 0.28919329 0.00000000]
- [-0.66337978 0.28197634 0.00000000]
- [-0.69312098 0.27376786 0.00000000]
- [-0.72050133 0.26042763 0.00000000]
- [-0.74724200 0.24586841 0.00000000]
- [-0.77363703 0.23085497 0.00000000]
- [-0.79910626 0.21442629 0.00000000]
- [-0.82697992 0.20134790 0.00000000]
- [-0.85579563 0.18506268 0.00000000]
- [-0.88091794 0.16387927 0.00000000]
- [-0.90430985 0.14098223 0.00000000]
- [-0.92569315 0.11630543 0.00000000]
- [-0.94474199 0.08992504 0.00000000]
- [-0.96023170 0.06163037 0.00000000]
- [-0.97022613 0.03126216 0.00000000]
- [-0.97358461 -0.00019171 0.00000000]
- [-0.96888125 -0.03122977 0.00000000]
- [-0.95563143 -0.05992243 0.00000000]
- [-0.93689263 -0.08609746 0.00000000]
- [-0.91477165 -0.10997261 0.00000000]
- [-0.89053907 -0.13201460 0.00000000]
- [-0.86493922 -0.15262778 0.00000000]
- [-0.83829404 -0.17194573 0.00000000]
- [-0.80803554 -0.18582946 0.00000000]
- [-0.77614777 -0.19977078 0.00000000]
- [-0.74600214 -0.21641788 0.00000000]
- [-0.71550628 -0.23250920 0.00000000]
- [-0.68431330 -0.24727413 0.00000000]
- [-0.65288832 -0.26156637 0.00000000]
- [-0.62086884 -0.27452841 0.00000000]
- [-0.58691448 -0.28229972 0.00000000]
- [-0.54122343 -0.29262720 0.00000000]
- [-0.50966769 -0.30285933 0.00000000]
- [-0.47787890 -0.31210952 0.00000000]
- [-0.44561151 -0.32070626 0.00000000]
- [-0.41348680 -0.32896047 0.00000000]
- [-0.38106867 -0.33591701 0.00000000]
- [-0.34825595 -0.34262061 0.00000000]
- [-0.31567449 -0.34879193 0.00000000]
- [-0.28280343 -0.35382740 0.00000000]
- [-0.24965175 -0.35866108 0.00000000]
- [-0.21674183 -0.36291847 0.00000000]
- [-0.18358445 -0.36615437 0.00000000]
- [-0.15016848 -0.36919720 0.00000000]
- [-0.11706905 -0.37178020 0.00000000]
- [-0.08379282 -0.37326048 0.00000000]
- [-0.05017350 -0.37459097 0.00000000]
- [-0.01698377 -0.37565555 0.00000000]
- [0.01625510 -0.37543965 0.00000000]
- [0.04993599 -0.37504877 0.00000000]
- [0.08324055 -0.37451492 0.00000000]
- [0.11641718 -0.37285603 0.00000000]
- [0.14995624 -0.37080116 0.00000000]
- [0.18336857 -0.36860000 0.00000000]
- [0.21647353 -0.36574459 0.00000000]
- [0.24970821 -0.36207329 0.00000000]
- [0.28410351 -0.35811525 0.00000000]
- [0.31812115 -0.35388034 0.00000000]
- [0.35201636 -0.34860184 0.00000000]
- [0.38705092 -0.34805580 0.00000000]
- [0.42026617 -0.34767807 0.00000000]
- [0.45239779 -0.34159303 0.00000000]
- [0.48454806 -0.33485554 0.00000000]
- [0.51680038 -0.32798005 0.00000000]
- [0.54882648 -0.32104048 0.00000000]
- [0.58059468 -0.31317076 0.00000000]
- [0.61250419 -0.30498802 0.00000000]
- [0.64440636 -0.29670477 0.00000000]
- [0.67609735 -0.28827424 0.00000000]
- [0.70759785 -0.27908904 0.00000000]
- [0.73922651 -0.26973941 0.00000000]
- [0.77080282 -0.26031651 0.00000000]
- [0.80222400 -0.25068687 0.00000000]
- [0.83354945 -0.24062030 0.00000000]
- [0.86493920 -0.23044523 0.00000000]
- [0.89628962 -0.22022156 0.00000000]
- [0.92754869 -0.20984297 0.00000000]
- [0.95877019 -0.19925025 0.00000000]
- [0.99002203 -0.18860170 0.00000000]
- [1.02127276 -0.17792891 0.00000000]
- [1.05252456 -0.16723952 0.00000000]
- [1.08378024 -0.15655187 0.00000000]
- [1.11504040 -0.14586000 0.00000000]
- [1.14636397 -0.13517404 0.00000000]
- [1.17778094 -0.12470653 0.00000000]
- [1.20918561 -0.11435244 0.00000000]
- [1.24061197 -0.10403453 0.00000000]
- [1.27220072 -0.09381371 0.00000000]
- [1.30394692 -0.08412485 0.00000000]
- [1.33561356 -0.07456937 0.00000000]
- [1.36764649 -0.06498805 0.00000000]
- [1.39991467 -0.05585318 0.00000000]
- [1.43222925 -0.04723261 0.00000000]
- [1.46449066 -0.03873672 0.00000000]
- [1.49702028 -0.03033946 0.00000000]
- [1.53074966 -0.02729187 0.00000000]
- [1.56475456 -0.02431980 0.00000000]
- [1.59794062 -0.01718473 0.00000000]
- [1.63136670 -0.01111379 0.00000000]
- [1.66477392 -0.00549597 0.00000000]
- [1.69825979 -0.00003443 0.00000000]
- [1.73191728 0.00451479 0.00000000]
- [1.76556761 0.00853041 0.00000000]
- [1.79927599 0.01235044 0.00000000]
- [1.83309720 0.01532190 0.00000000]
- [1.86688945 0.01780500 0.00000000]
- [1.90076319 0.02010156 0.00000000]
- [1.93470530 0.02127729 0.00000000]
- [1.96859516 0.02215832 0.00000000]
- [2.00256067 0.02248948 0.00000000]
- [2.03649349 0.02188394 0.00000000]
- [2.07043027 0.02102513 0.00000000]
- [2.10433645 0.01914294 0.00000000]
- [2.13818663 0.01688751 0.00000000]
- [2.17199782 0.01394252 0.00000000]
- [2.20573876 0.01047614 0.00000000]
- [2.23941738 0.00653589 0.00000000]
- [2.27301796 0.00216362 0.00000000]
- [2.30655278 -0.00244236 0.00000000]
- [2.33426234 -0.00887532 0.00000000]
- [1.33665317 -0.04249395 0.00000000]
- [1.33769279 -0.01041853 0.00000000]
- [1.33873241 0.02165689 0.00000000]
- [1.33977202 0.05373230 0.00000000]
- [1.34081164 0.08580772 0.00000000]
- [1.34185125 0.11788314 0.00000000]
- [1.34289087 0.14995856 0.00000000]
- [1.34393049 0.18203398 0.00000000]
- [-0.54312259 -0.25908261 0.00000000]
- [-0.54502174 -0.22553802 0.00000000]
- [-0.54692090 -0.19199344 0.00000000]
- [-0.54882006 -0.15844885 0.00000000]
- [-0.55071921 -0.12490427 0.00000000]
- [-0.55261837 -0.09135968 0.00000000]
- [-0.55451753 -0.05781510 0.00000000]
- [-0.55641669 -0.02427051 0.00000000]
- [-0.55831584 0.00927407 0.00000000]
- [-0.56021500 0.04281866 0.00000000]
- [-0.56211416 0.07636324 0.00000000]
- [-0.56401331 0.10990783 0.00000000]
- [-0.56591247 0.14345241 0.00000000]
- [-0.56781163 0.17699700 0.00000000]
- [-0.56971078 0.21054158 0.00000000]
- [-0.57160994 0.24408617 0.00000000]
- [-0.57350910 0.27763075 0.00000000]
- [0.24794029 -0.32926428 0.00000000]
- [0.24617236 -0.29645526 0.00000000]
- [0.24440443 -0.26364624 0.00000000]
- [0.24263651 -0.23083722 0.00000000]
- [0.24086858 -0.19802820 0.00000000]
- [0.23910065 -0.16521919 0.00000000]
- [0.23733273 -0.13241017 0.00000000]
- [0.23556480 -0.09960115 0.00000000]
- [0.23379688 -0.06679213 0.00000000]
- [0.23202895 -0.03398311 0.00000000]
- [0.23026102 -0.00117410 0.00000000]
- [0.22849310 0.03163492 0.00000000]
- [0.22672517 0.06444394 0.00000000]
- [0.22495724 0.09725296 0.00000000]
- [0.22318932 0.13006198 0.00000000]
- [0.22142139 0.16287099 0.00000000]
- [0.21965347 0.19568001 0.00000000]
- [0.21788554 0.22848903 0.00000000]
- [0.21611761 0.26129805 0.00000000]
- [0.21434969 0.29410707 0.00000000]
- [0.21258176 0.32691608 0.00000000]
- [0.21081384 0.35972510 0.00000000]
elements:
- [1 2]
- [2 3]
- [3 4]
- [4 5]
- [5 6]
- [6 7]
- [7 8]
- [8 9]
- [9 10]
- [10 11]
- [11 12]
- [12 13]
- [13 14]
- [14 15]
- [15 16]
- [16 17]
- [17 18]
- [18 19]
- [19 20]
- [20 21]
- [21 22]
- [22 23]
- [23 24]
- [24 25]
- [25 26]
- [26 27]
- [27 28]
- [28 29]
- [29 30]
- [30 31]
- [31 32]
- [32 33]
- [33 34]
- [34 35]
- [35 36]
- [36 37]
- [37 38]
- [38 39]
- [39 40]
- [40 41]
- [41 42]
- [42 43]
- [43 44]
- [44 45]
- [45 46]
- [46 47]
- [47 48]
- [48 49]
- [49 50]
- [50 51]
- [51 52]
- [52 53]
- [53 54]
- [54 55]
- [55 56]
- [56 57]
- [57 58]
- [58 59]
- [59 60]
- [60 61]
- [61 62]
- [62 63]
- [63 64]
- [64 65]
- [65 66]
- [66 67]
- [67 68]
- [68 69]
- [69 70]
- [70 71]
- [71 72]
- [72 73]
- [73 74]
- [74 75]
- [75 76]
- [76 77]
- [77 78]
- [78 79]
- [79 80]
- [80 81]
- [81 82]
- [82 83]
- [83 84]
- [84 85]
- [85 86]
- [86 87]
- [87 88]
- [88 89]
- [89 90]
- [90 91]
- [91 92]
- [92 93]
- [93 94]
- [94 95]
- [95 96]
- [96 97]
- [97 98]
- [98 99]
- [99 100]
- [100 101]
- [101 102]
- [102 103]
- [103 104]
- [104 105]
- [105 106]
- [106 107]
- [107 108]
- [108 109]
- [109 110]
- [110 111]
- [111 112]
- [112 113]
- [113 114]
- [114 115]
- [115 116]
- [116 117]
- [117 118]
- [118 119]
- [119 120]
- [120 121]
- [121 122]
- [122 123]
- [123 124]
- [124 125]
- [125 126]
- [126 127]
- [127 128]
- [128 129]
- [129 130]
- [130 131]
- [131 132]
- [132 133]
- [133 134]
- [134 135]
- [135 136]
- [136 137]
- [137 138]
- [138 139]
- [139 140]
- [140 141]
- [141 142]
- [142 143]
- [143 144]
- [144 145]
- [145 146]
- [146 147]
- [147 148]
- [148 149]
- [149 150]
- [150 151]
- [151 152]
- [152 153]
- [153 154]
- [154 155]
- [155 156]
- [156 157]
- [157 158]
- [158 159]
- [159 160]
- [160 161]
- [161 162]
- [162 163]
- [163 164]
- [164 165]
- [165 166]
- [166 167]
- [167 168]
- [168 169]
- [169 170]
- [170 171]
- [171 172]
- [172 173]
- [173 174]
- [174 175]
- [175 176]
- [176 177]
- [177 178]
- [178 179]
- [179 180]
- [180 181]
- [181 182]
- [182 183]
- [183 184]
- [184 185]
- [185 186]
- [186 187]
- [187 188]
- [188 189]
- [189 190]
- [190 191]
- [191 192]
- [192 193]
- [193 194]
- [194 195]
- [195 196]
- [196 197]
- [197 198]
- [198 199]
- [199 200]
- [200 201]
- [201 202]
- [202 203]
- [203 204]
- [204 205]
- [205 206]
- [206 207]
- [207 208]
- [208 209]
- [209 210]
- [210 211]
- [211 1]
- [181 212]
- [212 213]
- [213 214]
- [214 215]
- [215 216]
- [216 217]
- [217 218]
- [218 219]
- [219 31]
- [123 220]
- [220 221]
- [221 222]
- [222 223]
- [223 224]
- [224 225]
- [225 226]
- [226 227]
- [227 228]
- [228 229]
- [229 230]
- [230 231]
- [231 232]
- [232 233]
- [233 234]
- [234 235]
- [235 236]
- [236 90]
- [147 237]
- [237 238]
- [238 239]
- [239 240]
- [240 241]
- [241 242]
- [242 243]
- [243 244]
- [244 245]
- [245 246]
- [246 247]
- [247 248]
- [248 249]
- [249 250]
- [250 251]
- [251 252]
- [252 253]
- [253 254]
- [254 255]
- [255 256]
- [256 257]
- [257 258]
- [258 66]
sets:
  element:
  - name: layup_0
    labels:
    - 1
    - 2
    - 3
    - 4
    - 5
    - 6
    - 7
    - 8
    - 9
    - 10
    - 11
    - 12
    - 13
    - 14
    - 15
    - 16
    - 17
    - 18
    - 19
    - 20
    - 21
    - 22
    - 23
    - 24
    - 187
    - 188
    - 189
    - 190
    - 191
    - 192
    - 193
    - 194
    - 195
    - 196
    - 197
    - 198
    - 199
    - 200
    - 201
    - 202
    - 203
    - 204
    - 205
    - 206
    - 207
    - 208
    - 209
    - 210
    - 211
  - name: layup_1
    labels:
    - 25
    - 26
    - 27
    - 28
    - 29
    - 30
    - 31
    - 32
    - 33
    - 34
    - 35
    - 36
    - 37
    - 38
    - 39
    - 40
    - 41
    - 42
    - 43
    - 44
    - 45
    - 46
    - 47
    - 48
    - 49
    - 50
    - 51
    - 52
    - 53
    - 54
    - 55
    - 56
    - 57
    - 58
    - 59
    - 60
    - 61
    - 62
    - 93
    - 94
    - 95
    - 96
    - 97
    - 98
    - 115
    - 116
    - 117
    - 118
    - 119
    - 120
    - 121
    - 151
    - 152
    - 153
    - 154
    - 155
    - 156
    - 157
    - 158
    - 159
    - 160
    - 161
    - 162
    - 163
    - 164
    - 165
    - 166
    - 167
    - 168
    - 169
    - 170
    - 171
    - 172
    - 173
    - 174
    - 175
    - 176
    - 177
    - 178
    - 179
    - 180
    - 181
    - 182
    - 183
    - 184
    - 185
    - 186
  - name: layup_2
    labels:
    - 63
    - 64
    - 65
    - 66
    - 67
    - 68
    - 69
    - 70
    - 71
    - 72
    - 73
    - 74
    - 75
    - 76
    - 77
    - 78
    - 79
    - 80
    - 81
    - 82
    - 83
    - 84
    - 85
    - 86
    - 87
    - 88
    - 89
    - 90
    - 91
    - 92
    - 122
    - 123
    - 124
    - 125
    - 126
    - 127
    - 128
    - 129
    - 130
    - 131
    - 132
    - 133
    - 134
    - 135
    - 136
    - 137
    - 138
    - 139
    - 140
    - 141
    - 142
    - 143
    - 144
    - 145
    - 146
    - 147
    - 148
    - 149
    - 150
  - name: layup_3
    labels:
    - 99
    - 100
    - 101
    - 102
    - 103
    - 104
    - 105
    - 106
    - 107
    - 108
    - 109
    - 110
    - 111
    - 112
    - 113
    - 114
  - name: layup_4
    labels:
    - 212
    - 213
    - 214
    - 215
    - 216
    - 217
    - 218
    - 219
    - 220
  - name: layup_5
    labels:
    - 221
    - 222
    - 223
    - 224
    - 225
    - 226
    - 227
    - 228
    - 229
    - 230
    - 231
    - 232
    - 233
    - 234
    - 235
    - 236
    - 237
    - 238
    - 239
    - 240
    - 241
    - 242
    - 243
    - 244
    - 245
    - 246
    - 247
    - 248
    - 249
    - 250
    - 251
    - 252
    - 253
    - 254
    - 255
    - 256
    - 257
    - 258
    - 259
    - 260
    - 261
sections:
- type: shell
  elementSet: layup_0
  layup:
  - - gelcoat
    - 0.0005
    - 0.0
  - - glass_triax
    - 0.003
    - 0.0
  - - glass_uniax
    - 0.00804
    - 0.0
  - - glass_triax
    - 0.003
    - 0.0
- type: shell
  elementSet: layup_1
  layup:
  - - gelcoat
    - 0.0005
    - 0.0
  - - glass_triax
    - 0.003
    - 0.0
  - - medium_density_foam
    - 0.025625
    - 0.0
  - - glass_triax
    - 0.003
    - 0.0
- type: shell
  elementSet: layup_2
  layup:
  - - gelcoat
    - 0.0005
    - 0.0
  - - glass_triax
    - 0.003
    - 0.0
  - - carbon_uniax
    - 0.04608627
    - 0.0
  - - glass_triax
    - 0.003
    - 0.0
- type: shell
  elementSet: layup_3
  layup:
  - - gelcoat
    - 0.0005
    - 0.0
  - - glass_triax
    - 0.003
    - 0.0
  - - glass_uniax
    - 0.00604
    - 0.0
  - - glass_triax
    - 0.003
    - 0.0
- type: shell
  elementSet: layup_4
  layup:
  - - glass_biax
    - 0.002
    - 0.0
  - - medium_density_foam
    - 0.03
    - 0.0
  - - glass_biax
    - 0.002
    - 0.0
- type: shell
  elementSet: layup_5
  layup:
  - - glass_biax
    - 0.002
    - 0.0
  - - medium_density_foam
    - 0.0228
    - 0.0
  - - glass_biax
    - 0.002
    - 0.0
elementOrientations:
- [0.0, 0.0, 1.0, -0.9889874123594194, 0.14799965606250437, 0.0, -0.14799965606250437,
  -0.9889874123594194, 0.0]
- [0.0, 0.0, 1.0, -0.9792244341046673, 0.202779455696069, 0.0, -0.202779455696069,
  -0.9792244341046673, 0.0]
- [0.0, 0.0, 1.0, -0.9792790749071201, 0.20251541533684608, 0.0, -0.20251541533684608,
  -0.9792790749071201, 0.0]
- [0.0, 0.0, 1.0, -0.9792969618269887, 0.2024289024730154, 0.0, -0.2024289024730154,
  -0.9792969618269887, 0.0]
- [0.0, 0.0, 1.0, -0.9793715028673496, 0.2020679573097841, 0.0, -0.2020679573097841,
  -0.9793715028673496, 0.0]
- [0.0, 0.0, 1.0, -0.9792577065164392, 0.20261871638168893, 0.0, -0.20261871638168893,
  -0.9792577065164392, 0.0]
- [0.0, 0.0, 1.0, -0.9789956104457392, 0.20388132510844256, 0.0, -0.20388132510844256,
  -0.9789956104457392, 0.0]
- [0.0, 0.0, 1.0, -0.9788298956503664, 0.2046754391251989, 0.0, -0.2046754391251989,
  -0.9788298956503664, 0.0]
- [0.0, 0.0, 1.0, -0.9783283198067024, 0.20705965001466287, 0.0, -0.20705965001466287,
  -0.9783283198067024, 0.0]
- [0.0, 0.0, 1.0, -0.9782327687862916, 0.2075106023139679, 0.0, -0.2075106023139679,
  -0.9782327687862916, 0.0]
- [0.0, 0.0, 1.0, -0.977881339485913, 0.20916043097401713, 0.0, -0.20916043097401713,
  -0.977881339485913, 0.0]
- [0.0, 0.0, 1.0, -0.9776036555485271, 0.210454490705608, 0.0, -0.210454490705608,
  -0.9776036555485271, 0.0]
- [0.0, 0.0, 1.0, -0.977526884457697, 0.2108107923291132, 0.0, -0.2108107923291132,
  -0.977526884457697, 0.0]
- [0.0, 0.0, 1.0, -0.9770820257614591, 0.21286313662511763, 0.0, -0.21286313662511763,
  -0.9770820257614591, 0.0]
- [0.0, 0.0, 1.0, -0.9769757619952468, 0.21335032335060272, 0.0, -0.21335032335060272,
  -0.9769757619952468, 0.0]
- [0.0, 0.0, 1.0, -0.9768909266552888, 0.21373843224504938, 0.0, -0.21373843224504938,
  -0.9768909266552888, 0.0]
- [0.0, 0.0, 1.0, -0.9766008583114535, 0.21505990687557824, 0.0, -0.21505990687557824,
  -0.9766008583114535, 0.0]
- [0.0, 0.0, 1.0, -0.9765312032206623, 0.21537597158551738, 0.0, -0.21537597158551738,
  -0.9765312032206623, 0.0]
- [0.0, 0.0, 1.0, -0.9764285673082442, 0.21584080463241828, 0.0, -0.21584080463241828,
  -0.9764285673082442, 0.0]
- [0.0, 0.0, 1.0, -0.9761576734549076, 0.21706265582799372, 0.0, -0.21706265582799372,
  -0.9761576734549076, 0.0]
- [0.0, 0.0, 1.0, -0.9761070611188398, 0.2172901406735738, 0.0, -0.2172901406735738,
  -0.9761070611188398, 0.0]
- [0.0, 0.0, 1.0, -0.9761373215153191, 0.21715416078191732, 0.0, -0.21715416078191732,
  -0.9761373215153191, 0.0]
- [0.0, 0.0, 1.0, -0.975977117031104, 0.21787305255963774, 0.0, -0.21787305255963774,
  -0.975977117031104, 0.0]
- [0.0, 0.0, 1.0, -0.995912384974686, 0.09032453406485394, 0.0, -0.09032453406485394,
  -0.995912384974686, 0.0]
- [0.0, 0.0, 1.0, -0.9959819876814225, 0.0895537839187315, 0.0, -0.0895537839187315,
  -0.9959819876814225, 0.0]
- [0.0, 0.0, 1.0, -0.9760140502894327, 0.21770754152673838, 0.0, -0.21770754152673838,
  -0.9760140502894327, 0.0]
- [0.0, 0.0, 1.0, -0.9760928428243751, 0.21735400200371213, 0.0, -0.21735400200371213,
  -0.9760928428243751, 0.0]
- [0.0, 0.0, 1.0, -0.9761328501349361, 0.2171742592653333, 0.0, -0.2171742592653333,
  -0.9761328501349361, 0.0]
- [0.0, 0.0, 1.0, -0.9762838600886521, 0.2164943983811159, 0.0, -0.2164943983811159,
  -0.9762838600886521, 0.0]
- [0.0, 0.0, 1.0, -0.9765917283980953, 0.21510136220958878, 0.0, -0.21510136220958878,
  -0.9765917283980953, 0.0]
- [0.0, 0.0, 1.0, -0.9766657323164181, 0.21476509799973217, 0.0, -0.21476509799973217,
  -0.9766657323164181, 0.0]
- [0.0, 0.0, 1.0, -0.9768127814385621, 0.21409528256890575, 0.0, -0.21409528256890575,
  -0.9768127814385621, 0.0]
- [0.0, 0.0, 1.0, -0.9772775368606946, 0.21196371375189088, 0.0, -0.21196371375189088,
  -0.9772775368606946, 0.0]
- [0.0, 0.0, 1.0, -0.9775098205677242, 0.21088990182949918, 0.0, -0.21088990182949918,
  -0.9775098205677242, 0.0]
- [0.0, 0.0, 1.0, -0.9777197363491973, 0.20991454726449052, 0.0, -0.20991454726449052,
  -0.9777197363491973, 0.0]
- [0.0, 0.0, 1.0, -0.9779187869714278, 0.20898527720471471, 0.0, -0.20898527720471471,
  -0.9779187869714278, 0.0]
- [0.0, 0.0, 1.0, -0.9787527963440129, 0.20504380909643546, 0.0, -0.20504380909643546,
  -0.9787527963440129, 0.0]
- [0.0, 0.0, 1.0, -0.9789748061881999, 0.20398119729224176, 0.0, -0.20398119729224176,
  -0.9789748061881999, 0.0]
- [0.0, 0.0, 1.0, -0.9791015488155324, 0.20337196735790775, 0.0, -0.20337196735790775,
  -0.9791015488155324, 0.0]
- [0.0, 0.0, 1.0, -0.9797936562047794, 0.2000109778508922, 0.0, -0.2000109778508922,
  -0.9797936562047794, 0.0]
- [0.0, 0.0, 1.0, -0.9807071966322203, 0.19548246589853382, 0.0, -0.19548246589853382,
  -0.9807071966322203, 0.0]
- [0.0, 0.0, 1.0, -0.9809220622223824, 0.19440140906225095, 0.0, -0.19440140906225095,
  -0.9809220622223824, 0.0]
- [0.0, 0.0, 1.0, -0.9810850663230687, 0.19357709740013115, 0.0, -0.19357709740013115,
  -0.9810850663230687, 0.0]
- [0.0, 0.0, 1.0, -0.9823290046300066, 0.1871623003241321, 0.0, -0.1871623003241321,
  -0.9823290046300066, 0.0]
- [0.0, 0.0, 1.0, -0.9829963648462723, 0.1836250165391803, 0.0, -0.1836250165391803,
  -0.9829963648462723, 0.0]
- [0.0, 0.0, 1.0, -0.9831854147673155, 0.18261007690930336, 0.0, -0.18261007690930336,
  -0.9831854147673155, 0.0]
- [0.0, 0.0, 1.0, -0.9835662201425939, 0.18054775156287775, 0.0, -0.18054775156287775,
  -0.9835662201425939, 0.0]
- [0.0, 0.0, 1.0, -0.9850777906961491, 0.17210969257190037, 0.0, -0.17210969257190037,
  -0.9850777906961491, 0.0]
- [0.0, 0.0, 1.0, -0.9855658798520498, 0.16929234026220746, 0.0, -0.16929234026220746,
  -0.9855658798520498, 0.0]
- [0.0, 0.0, 1.0, -0.9857447417261969, 0.16824774637169276, 0.0, -0.16824774637169276,
  -0.9857447417261969, 0.0]
- [0.0, 0.0, 1.0, -0.9864540253954099, 0.16403797054704014, 0.0, -0.16403797054704014,
  -0.9864540253954099, 0.0]
- [0.0, 0.0, 1.0, -0.9880490147254185, 0.1541400158950609, 0.0, -0.1541400158950609,
  -0.9880490147254185, 0.0]
- [0.0, 0.0, 1.0, -0.9883223907235678, 0.15237733425431613, 0.0, -0.15237733425431613,
  -0.9883223907235678, 0.0]
- [0.0, 0.0, 1.0, -0.988569737159109, 0.15076430205181332, 0.0, -0.15076430205181332,
  -0.988569737159109, 0.0]
- [0.0, 0.0, 1.0, -0.9899187165945109, 0.14163662851069464, 0.0, -0.14163662851069464,
  -0.9899187165945109, 0.0]
- [0.0, 0.0, 1.0, -0.991143381982844, 0.13279607054280715, 0.0, -0.13279607054280715,
  -0.991143381982844, 0.0]
- [0.0, 0.0, 1.0, -0.9913375693486695, 0.1313385838124952, 0.0, -0.1313385838124952,
  -0.9913375693486695, 0.0]
- [0.0, 0.0, 1.0, -0.9916109046663869, 0.12925870859137317, 0.0, -0.12925870859137317,
  -0.9916109046663869, 0.0]
- [0.0, 0.0, 1.0, -0.9936105054318095, 0.11286347281358985, 0.0, -0.11286347281358985,
  -0.9936105054318095, 0.0]
- [0.0, 0.0, 1.0, -0.9941174958268408, 0.10830699188404781, 0.0, -0.10830699188404781,
  -0.9941174958268408, 0.0]
- [0.0, 0.0, 1.0, -0.9943525406693917, 0.10612739921587365, 0.0, -0.10612739921587365,
  -0.9943525406693917, 0.0]
- [0.0, 0.0, 1.0, -0.998444996718791, -0.055745748960915414, 0.0, 0.055745748960915414,
  -0.998444996718791, 0.0]
- [0.0, 0.0, 1.0, -0.9973274733163907, -0.0730610085363197, 0.0, 0.0730610085363197,
  -0.9973274733163907, 0.0]
- [0.0, 0.0, 1.0, -0.9968658137445318, 0.07911099409976016, 0.0, -0.07911099409976016,
  -0.9968658137445318, 0.0]
- [0.0, 0.0, 1.0, -0.9970718325775924, 0.07647065241229307, 0.0, -0.07647065241229307,
  -0.9970718325775924, 0.0]
- [0.0, 0.0, 1.0, -0.9983638664477353, 0.05718033028523602, 0.0, -0.05718033028523602,
  -0.9983638664477353, 0.0]
- [0.0, 0.0, 1.0, -0.9988873745895107, 0.0471594411085881, 0.0, -0.0471594411085881,
  -0.9988873745895107, 0.0]
- [0.0, 0.0, 1.0, -0.9990275838265434, 0.04408953111225782, 0.0, -0.04408953111225782,
  -0.9990275838265434, 0.0]
- [0.0, 0.0, 1.0, -0.9994907471135975, 0.03190997390005906, 0.0, -0.03190997390005906,
  -0.9994907471135975, 0.0]
- [0.0, 0.0, 1.0, -0.9999463902386033, 0.010354547251662644, 0.0, -0.010354547251662644,
  -0.9999463902386033, 0.0]
- [0.0, 0.0, 1.0, -0.9999788650782783, 0.006501491887125999, 0.0, -0.006501491887125999,
  -0.9999788650782783, 0.0]
- [0.0, 0.0, 1.0, -0.9999995525614783, -0.0009459793036963981, 0.0, 0.0009459793036963981,
  -0.9999995525614783, 0.0]
- [0.0, 0.0, 1.0, -0.9995713941724301, -0.029275039746928414, 0.0, 0.029275039746928414,
  -0.9995713941724301, 0.0]
- [0.0, 0.0, 1.0, -0.9993516335055915, -0.036004341539683384, 0.0, 0.036004341539683384,
  -0.9993516335055915, 0.0]
- [0.0, 0.0, 1.0, -0.9991781958934746, -0.04053310808538335, 0.0, 0.04053310808538335,
  -0.9991781958934746, 0.0]
- [0.0, 0.0, 1.0, -0.9973137383954607, -0.0732482573695163, 0.0, 0.0732482573695163,
  -0.9973137383954607, 0.0]
- [0.0, 0.0, 1.0, -0.9965500704791875, -0.08299371679787979, 0.0, 0.08299371679787979,
  -0.9965500704791875, 0.0]
- [0.0, 0.0, 1.0, -0.9961766489167142, -0.08736180030806057, 0.0, 0.08736180030806057,
  -0.9961766489167142, 0.0]
- [0.0, 0.0, 1.0, -0.9927158031601514, -0.12047960058074404, 0.0, 0.12047960058074404,
  -0.9927158031601514, 0.0]
- [0.0, 0.0, 1.0, -0.9911285714101971, -0.13290656467752743, 0.0, 0.13290656467752743,
  -0.9911285714101971, 0.0]
- [0.0, 0.0, 1.0, -0.9900298704941917, -0.1408575717853114, 0.0, 0.1408575717853114,
  -0.9900298704941917, 0.0]
- [0.0, 0.0, 1.0, -0.9847079739947815, -0.1742131049923997, 0.0, 0.1742131049923997,
  -0.9847079739947815, 0.0]
- [0.0, 0.0, 1.0, -0.9822182760478526, -0.18774253166926352, 0.0, 0.18774253166926352,
  -0.9822182760478526, 0.0]
- [0.0, 0.0, 1.0, -0.9804710586305977, -0.19666342615696206, 0.0, 0.19666342615696206,
  -0.9804710586305977, 0.0]
- [0.0, 0.0, 1.0, -0.9711858391532321, -0.23832344791948684, 0.0, 0.23832344791948684,
  -0.9711858391532321, 0.0]
- [0.0, 0.0, 1.0, -0.9692866089064919, -0.24593387280843068, 0.0, 0.24593387280843068,
  -0.9692866089064919, 0.0]
- [0.0, 0.0, 1.0, -0.9630299609267418, -0.2693943101801489, 0.0, 0.2693943101801489,
  -0.9630299609267418, 0.0]
- [0.0, 0.0, 1.0, -0.9540461813286147, -0.2996596133820632, 0.0, 0.2996596133820632,
  -0.9540461813286147, 0.0]
- [0.0, 0.0, 1.0, -0.950805576084728, -0.3097882445900557, 0.0, 0.3097882445900557,
  -0.950805576084728, 0.0]
- [0.0, 0.0, 1.0, -0.9370787669964254, -0.34911800933847414, 0.0, 0.34911800933847414,
  -0.9370787669964254, 0.0]
- [0.0, 0.0, 1.0, -0.931618150774575, -0.36343860712280035, 0.0, 0.36343860712280035,
  -0.931618150774575, 0.0]
- [0.0, 0.0, 1.0, -0.9728340392483878, -0.23150363297293217, 0.0, 0.23150363297293217,
  -0.9728340392483878, 0.0]
- [0.0, 0.0, 1.0, -0.9639593142492775, -0.2660496954932719, 0.0, 0.2660496954932719,
  -0.9639593142492775, 0.0]
- [0.0, 0.0, 1.0, -0.898975822781214, -0.4379982534837776, 0.0, 0.4379982534837776,
  -0.898975822781214, 0.0]
- [0.0, 0.0, 1.0, -0.8782624835250377, -0.4781788473285209, 0.0, 0.4781788473285209,
  -0.8782624835250377, 0.0]
- [0.0, 0.0, 1.0, -0.8692264513496325, -0.49441417483131006, 0.0, 0.49441417483131006,
  -0.8692264513496325, 0.0]
- [0.0, 0.0, 1.0, -0.8403430011093393, -0.5420550161068054, 0.0, 0.5420550161068054,
  -0.8403430011093393, 0.0]
- [0.0, 0.0, 1.0, -0.9053013848816353, -0.4247698229999317, 0.0, 0.4247698229999317,
  -0.9053013848816353, 0.0]
- [0.0, 0.0, 1.0, -0.87058775527453, -0.49201317092742025, 0.0, 0.49201317092742025,
  -0.87058775527453, 0.0]
- [0.0, 0.0, 1.0, -0.7644943738482617, -0.6446303998062411, 0.0, 0.6446303998062411,
  -0.7644943738482617, 0.0]
- [0.0, 0.0, 1.0, -0.7146256528028678, -0.6995070952864417, 0.0, 0.6995070952864417,
  -0.7146256528028678, 0.0]
- [0.0, 0.0, 1.0, -0.6548734485706048, -0.7557385568814411, 0.0, 0.7557385568814411,
  -0.6548734485706048, 0.0]
- [0.0, 0.0, 1.0, -0.5854167081960692, -0.8107325562507519, 0.0, 0.8107325562507519,
  -0.5854167081960692, 0.0]
- [0.0, 0.0, 1.0, -0.4801955076752037, -0.8771614870755289, 0.0, 0.8771614870755289,
  -0.4801955076752037, 0.0]
- [0.0, 0.0, 1.0, -0.3126135671132866, -0.9498803912370793, 0.0, 0.9498803912370793,
  -0.3126135671132866, 0.0]
- [0.0, 0.0, 1.0, -0.10617122701587414, -0.9943478619446737, 0.0, 0.9943478619446737,
  -0.10617122701587414, 0.0]
- [0.0, 0.0, 1.0, 0.14982470743199436, -0.9887125755460571, 0.0, 0.9887125755460571,
  0.14982470743199436, 0.0]
- [0.0, 0.0, 1.0, 0.4192420557916428, -0.9078744949912388, 0.0, 0.9078744949912388,
  0.4192420557916428, 0.0]
- [0.0, 0.0, 1.0, 0.5821090413812218, -0.813110732890813, 0.0, 0.813110732890813,
  0.5821090413812218, 0.0]
- [0.0, 0.0, 1.0, 0.6796455738677395, -0.7335406559434801, 0.0, 0.7335406559434801,
  0.6796455738677395, 0.0]
- [0.0, 0.0, 1.0, 0.7397520748548224, -0.672879534350678, 0.0, 0.672879534350678,
  0.7397520748548224, 0.0]
- [0.0, 0.0, 1.0, 0.77888655391211, -0.6271648396832509, 0.0, 0.6271648396832509,
  0.77888655391211, 0.0]
- [0.0, 0.0, 1.0, 0.8096075916968711, -0.5869715048167095, 0.0, 0.5869715048167095,
  0.8096075916968711, 0.0]
- [0.0, 0.0, 1.0, 0.9088912116854014, -0.41703329042301, 0.0, 0.41703329042301, 0.9088912116854014,
  0.0]
- [0.0, 0.0, 1.0, 0.9162584508555991, -0.4005876324048182, 0.0, 0.4005876324048182,
  0.9162584508555991, 0.0]
- [0.0, 0.0, 1.0, 0.8753929580655412, -0.4834120074731922, 0.0, 0.4834120074731922,
  0.8753929580655412, 0.0]
- [0.0, 0.0, 1.0, 0.8844292806640048, -0.46667424131202145, 0.0, 0.46667424131202145,
  0.8844292806640048, 0.0]
- [0.0, 0.0, 1.0, 0.9038576458812995, -0.4278333273389479, 0.0, 0.4278333273389479,
  0.9038576458812995, 0.0]
- [0.0, 0.0, 1.0, 0.9102773733204259, -0.4139989174150893, 0.0, 0.4139989174150893,
  0.9102773733204259, 0.0]
- [0.0, 0.0, 1.0, 0.9269289486137161, -0.3752368908061553, 0.0, 0.3752368908061553,
  0.9269289486137161, 0.0]
- [0.0, 0.0, 1.0, 0.974794135949713, -0.22310623594613466, 0.0, 0.22310623594613466,
  0.974794135949713, 0.0]
- [0.0, 0.0, 1.0, 0.9753944916216146, -0.22046674514359754, 0.0, 0.22046674514359754,
  0.9753944916216146, 0.0]
- [0.0, 0.0, 1.0, 0.9512418847268971, -0.3084459056969646, 0.0, 0.3084459056969646,
  0.9512418847268971, 0.0]
- [0.0, 0.0, 1.0, 0.9601747657985276, -0.279400105804817, 0.0, 0.279400105804817,
  0.9601747657985276, 0.0]
- [0.0, 0.0, 1.0, 0.9662937316000975, -0.2574420794477051, 0.0, 0.2574420794477051,
  0.9662937316000975, 0.0]
- [0.0, 0.0, 1.0, 0.9685397275863117, -0.24885898835893572, 0.0, 0.24885898835893572,
  0.9685397275863117, 0.0]
- [0.0, 0.0, 1.0, 0.9777417944249644, -0.20981178097201908, 0.0, 0.20981178097201908,
  0.9777417944249644, 0.0]
- [0.0, 0.0, 1.0, 0.9797623633918647, -0.20016421078901062, 0.0, 0.20016421078901062,
  0.9797623633918647, 0.0]
- [0.0, 0.0, 1.0, 0.9825302007549316, -0.18610320954909443, 0.0, 0.18610320954909443,
  0.9825302007549316, 0.0]
- [0.0, 0.0, 1.0, 0.9884692074058244, -0.15142201296542518, 0.0, 0.15142201296542518,
  0.9884692074058244, 0.0]
- [0.0, 0.0, 1.0, 0.9895369909486741, -0.14427939403894025, 0.0, 0.14427939403894025,
  0.9895369909486741, 0.0]
- [0.0, 0.0, 1.0, 0.9917359380174816, -0.12829586604636012, 0.0, 0.12829586604636012,
  0.9917359380174816, 0.0]
- [0.0, 0.0, 1.0, 0.9952716347032616, -0.09713070140330159, 0.0, 0.09713070140330159,
  0.9952716347032616, 0.0]
- [0.0, 0.0, 1.0, 0.9958797131193633, -0.090684050401902, 0.0, 0.090684050401902,
  0.9958797131193633, 0.0]
- [0.0, 0.0, 1.0, 0.996968897696158, -0.07780113769417266, 0.0, 0.07780113769417266,
  0.996968897696158, 0.0]
- [0.0, 0.0, 1.0, 0.9990120352344578, -0.044440448430530584, 0.0, 0.044440448430530584,
  0.9990120352344578, 0.0]
- [0.0, 0.0, 1.0, 0.9992178191033564, -0.039544278806573276, 0.0, 0.039544278806573276,
  0.9992178191033564, 0.0]
- [0.0, 0.0, 1.0, 0.9994859741032621, -0.032059126171080296, 0.0, 0.032059126171080296,
  0.9994859741032621, 0.0]
- [0.0, 0.0, 1.0, 0.9999789057495203, 0.006495233328530376, 0.0, -0.006495233328530376,
  0.9999789057495203, 0.0]
- [0.0, 0.0, 1.0, 0.9999326645293776, 0.01160458560997829, 0.0, -0.01160458560997829,
  0.9999326645293776, 0.0]
- [0.0, 0.0, 1.0, 0.9998715557617035, 0.016027226168945235, 0.0, -0.016027226168945235,
  0.9998715557617035, 0.0]
- [0.0, 0.0, 1.0, 0.9987522424663098, 0.04993954513727265, 0.0, -0.04993954513727265,
  0.9987522424663098, 0.0]
- [0.0, 0.0, 1.0, 0.9981283939391996, 0.0611531619162414, 0.0, -0.0611531619162414,
  0.9981283939391996, 0.0]
- [0.0, 0.0, 1.0, 0.9978370265633921, 0.06573635538367047, 0.0, -0.06573635538367047,
  0.9978370265633921, 0.0]
- [0.0, 0.0, 1.0, 0.9963008241617413, 0.08593408971202839, 0.0, -0.08593408971202839,
  0.9963008241617413, 0.0]
- [0.0, 0.0, 1.0, 0.9939539315656748, 0.10979791402908284, 0.0, -0.10979791402908284,
  0.9939539315656748, 0.0]
- [0.0, 0.0, 1.0, 0.9934438956361578, 0.11432071650954162, 0.0, -0.11432071650954162,
  0.9934438956361578, 0.0]
- [0.0, 0.0, 1.0, 0.9923398587348158, 0.1235378677417003, 0.0, -0.1235378677417003,
  0.9923398587348158, 0.0]
- [0.0, 0.0, 1.0, 0.9880902819491697, 0.1538752570025816, 0.0, -0.1538752570025816,
  0.9880902819491697, 0.0]
- [0.0, 0.0, 1.0, 0.999878563920693, 0.01558388308133878, 0.0, -0.01558388308133878,
  0.999878563920693, 0.0]
- [0.0, 0.0, 1.0, 0.9999353434344929, 0.011371409347251508, 0.0, -0.011371409347251508,
  0.9999353434344929, 0.0]
- [0.0, 0.0, 1.0, 0.9825362381189117, 0.1860713325129297, 0.0, -0.1860713325129297,
  0.9825362381189117, 0.0]
- [0.0, 0.0, 1.0, 0.9787395296178386, 0.20510712606697012, 0.0, -0.20510712606697012,
  0.9787395296178386, 0.0]
- [0.0, 0.0, 1.0, 0.9780238019927499, 0.2084932678425047, 0.0, -0.2084932678425047,
  0.9780238019927499, 0.0]
- [0.0, 0.0, 1.0, 0.9773194688183156, 0.21177029033527242, 0.0, -0.21177029033527242,
  0.9773194688183156, 0.0]
- [0.0, 0.0, 1.0, 0.970660254196154, 0.24045513287068318, 0.0, -0.24045513287068318,
  0.970660254196154, 0.0]
- [0.0, 0.0, 1.0, 0.9686579364142451, 0.2483984746766698, 0.0, -0.2483984746766698,
  0.9686579364142451, 0.0]
- [0.0, 0.0, 1.0, 0.9679060409752501, 0.25131234717700895, 0.0, -0.25131234717700895,
  0.9679060409752501, 0.0]
- [0.0, 0.0, 1.0, 0.9663896383947453, 0.25708182900250504, 0.0, -0.25708182900250504,
  0.9663896383947453, 0.0]
- [0.0, 0.0, 1.0, 0.9600199930842261, 0.2799314431759365, 0.0, -0.2799314431759365,
  0.9600199930842261, 0.0]
- [0.0, 0.0, 1.0, 0.9589782290601784, 0.2834797280029109, 0.0, -0.2834797280029109,
  0.9589782290601784, 0.0]
- [0.0, 0.0, 1.0, 0.9582428080197176, 0.2859558023165235, 0.0, -0.2859558023165235,
  0.9582428080197176, 0.0]
- [0.0, 0.0, 1.0, 0.956106973806997, 0.2930178401354194, 0.0, -0.2930178401354194,
  0.956106973806997, 0.0]
- [0.0, 0.0, 1.0, 0.9520491491731728, 0.305945121808859, 0.0, -0.305945121808859,
  0.9520491491731728, 0.0]
- [0.0, 0.0, 1.0, 0.9512707325646617, 0.30835692527636166, 0.0, -0.30835692527636166,
  0.9512707325646617, 0.0]
- [0.0, 0.0, 1.0, 0.9507234652511591, 0.31004014678881187, 0.0, -0.31004014678881187,
  0.9507234652511591, 0.0]
- [0.0, 0.0, 1.0, 0.9490570537671239, 0.31510428225409187, 0.0, -0.31510428225409187,
  0.9490570537671239, 0.0]
- [0.0, 0.0, 1.0, 0.946981343878292, 0.321288553089686, 0.0, -0.321288553089686, 0.946981343878292,
  0.0]
- [0.0, 0.0, 1.0, 0.9465609467777315, 0.3225249975354536, 0.0, -0.3225249975354536,
  0.9465609467777315, 0.0]
- [0.0, 0.0, 1.0, 0.9463330415058449, 0.3231930917490301, 0.0, -0.3231930917490301,
  0.9463330415058449, 0.0]
- [0.0, 0.0, 1.0, 0.9461827276593896, 0.32363288751150965, 0.0, -0.32363288751150965,
  0.9461827276593896, 0.0]
- [0.0, 0.0, 1.0, 0.9462110530595386, 0.32355006269194087, 0.0, -0.32355006269194087,
  0.9462110530595386, 0.0]
- [0.0, 0.0, 1.0, 0.9461862570892626, 0.3236225685816917, 0.0, -0.3236225685816917,
  0.9461862570892626, 0.0]
- [0.0, 0.0, 1.0, 0.9464412222847706, 0.32287615700158073, 0.0, -0.32287615700158073,
  0.9464412222847706, 0.0]
- [0.0, 0.0, 1.0, 0.948726887220033, 0.3160969684539649, 0.0, -0.3160969684539649,
  0.948726887220033, 0.0]
- [0.0, 0.0, 1.0, 0.9497136070868999, 0.3131198884037704, 0.0, -0.3131198884037704,
  0.9497136070868999, 0.0]
- [0.0, 0.0, 1.0, 0.9501025012899522, 0.3119378736905418, 0.0, -0.3119378736905418,
  0.9501025012899522, 0.0]
- [0.0, 0.0, 1.0, 0.9514363450413809, 0.30784554785524926, 0.0, -0.30784554785524926,
  0.9514363450413809, 0.0]
- [0.0, 0.0, 1.0, 0.9564472238209338, 0.29190530664108966, 0.0, -0.29190530664108966,
  0.9564472238209338, 0.0]
- [0.0, 0.0, 1.0, 0.9573633274810598, 0.2888865853486333, 0.0, -0.2888865853486333,
  0.9573633274810598, 0.0]
- [0.0, 0.0, 1.0, 0.9580610447070951, 0.28656418934463807, 0.0, -0.28656418934463807,
  0.9580610447070951, 0.0]
- [0.0, 0.0, 1.0, 0.9621875684203106, 0.27238774417622036, 0.0, -0.27238774417622036,
  0.9621875684203106, 0.0]
- [0.0, 0.0, 1.0, 0.9662100499252547, 0.257755968744541, 0.0, -0.257755968744541,
  0.9662100499252547, 0.0]
- [0.0, 0.0, 1.0, 0.967029891574491, 0.2546628924704741, 0.0, -0.2546628924704741,
  0.967029891574491, 0.0]
- [0.0, 0.0, 1.0, 0.9682591627717841, 0.2499483820881494, 0.0, -0.2499483820881494,
  0.9682591627717841, 0.0]
- [0.0, 0.0, 1.0, 0.9959428994970672, 0.08998744879912174, 0.0, -0.08998744879912174,
  0.9959428994970672, 0.0]
- [0.0, 0.0, 1.0, 0.9962022507519405, 0.08706937232326843, 0.0, -0.08706937232326843,
  0.9962022507519405, 0.0]
- [0.0, 0.0, 1.0, 0.9776586955630313, 0.21019865601376164, 0.0, -0.21019865601376164,
  0.9776586955630313, 0.0]
- [0.0, 0.0, 1.0, 0.9839037091222169, 0.1786994436911984, 0.0, -0.1786994436911984,
  0.9839037091222169, 0.0]
- [0.0, 0.0, 1.0, 0.9861537901801991, 0.16583335645529182, 0.0, -0.16583335645529182,
  0.9861537901801991, 0.0]
- [0.0, 0.0, 1.0, 0.9869588637593583, 0.16097267236036128, 0.0, -0.16097267236036128,
  0.9869588637593583, 0.0]
- [0.0, 0.0, 1.0, 0.990988849212794, 0.13394439419364343, 0.0, -0.13394439419364343,
  0.990988849212794, 0.0]
- [0.0, 0.0, 1.0, 0.9929548805404835, 0.1184930597580897, 0.0, -0.1184930597580897,
  0.9929548805404835, 0.0]
- [0.0, 0.0, 1.0, 0.993639828571887, 0.1126050224263159, 0.0, -0.1126050224263159,
  0.993639828571887, 0.0]
- [0.0, 0.0, 1.0, 0.9961626924637148, 0.08752079834783487, 0.0, -0.08752079834783487,
  0.9961626924637148, 0.0]
- [0.0, 0.0, 1.0, 0.9973111358023647, 0.07328368443655876, 0.0, -0.07328368443655876,
  0.9973111358023647, 0.0]
- [0.0, 0.0, 1.0, 0.9977096361436673, 0.06764230884639598, 0.0, -0.06764230884639598,
  0.9977096361436673, 0.0]
- [0.0, 0.0, 1.0, 0.9994005998753246, 0.034618506161322345, 0.0, -0.034618506161322345,
  0.9994005998753246, 0.0]
- [0.0, 0.0, 1.0, 0.9996622516880983, 0.02598812324661534, 0.0, -0.02598812324661534,
  0.9996622516880983, 0.0]
- [0.0, 0.0, 1.0, 0.9999524729540331, 0.009749452964833807, 0.0, -0.009749452964833807,
  0.9999524729540331, 0.0]
- [0.0, 0.0, 1.0, 0.9998408122443228, -0.017842370095161812, 0.0, 0.017842370095161812,
  0.9998408122443228, 0.0]
- [0.0, 0.0, 1.0, 0.9996799527314019, -0.02529806528061204, 0.0, 0.02529806528061204,
  0.9996799527314019, 0.0]
- [0.0, 0.0, 1.0, 0.9984627724656748, -0.055426455778427024, 0.0, 0.055426455778427024,
  0.9984627724656748, 0.0]
- [0.0, 0.0, 1.0, 0.9977876001192045, -0.06648236644673809, 0.0, 0.06648236644673809,
  0.9977876001192045, 0.0]
- [0.0, 0.0, 1.0, 0.9962281466368536, -0.08677257544005348, 0.0, 0.08677257544005348,
  0.9962281466368536, 0.0]
- [0.0, 0.0, 1.0, 0.9947641567724163, -0.10219722305847483, 0.0, 0.10219722305847483,
  0.9947641567724163, 0.0]
- [0.0, 0.0, 1.0, 0.9932254845431935, -0.11620299847223599, 0.0, 0.11620299847223599,
  0.9932254845431935, 0.0]
