nodes:
- [1.94230927 0.00634020 0.00000000]
- [1.91794050 0.00974673 0.00000000]
- [1.88993766 0.01532390 0.00000000]
- [1.86193245 0.02089715 0.00000000]
- [1.83392731 0.02647568 0.00000000]
- [1.80592048 0.03205901 0.00000000]
- [1.77791582 0.03767129 0.00000000]
- [1.74991939 0.04331929 0.00000000]
- [1.72192317 0.04898708 0.00000000]
- [1.69394179 0.05472378 0.00000000]
- [1.66596446 0.06047211 0.00000000]
- [1.63799552 0.06627551 0.00000000]
- [1.61003942 0.07211614 0.00000000]
- [1.58208253 0.07796725 0.00000000]
- [1.55413851 0.08388264 0.00000000]
- [1.52620377 0.08981236 0.00000000]
- [1.49826695 0.09575289 0.00000000]
- [1.47034193 0.10174698 0.00000000]
- [1.44242258 0.10774697 0.00000000]
- [1.41450197 0.11376329 0.00000000]
- [1.38659237 0.11982775 0.00000000]
- [1.35868951 0.12590145 0.00000000]
- [1.33078661 0.13198266 0.00000000]
- [1.30288897 0.13808872 0.00000000]
- [1.27499570 0.14420279 0.00000000]
- [1.24645863 0.14737745 0.00000000]
- [1.21873348 0.15037563 0.00000000]
- [1.19165350 0.15631550 0.00000000]
- [1.16457706 0.16225595 0.00000000]
- [1.13750581 0.16818029 0.00000000]
- [1.11042396 0.17406902 0.00000000]
- [1.08326245 0.17997285 0.00000000]
- [1.05611377 0.18587076 0.00000000]
- [1.02895847 0.19170423 0.00000000]
- [1.00178193 0.19750625 0.00000000]
- [0.97460391 0.20330811 0.00000000]
- [0.94744670 0.20907610 0.00000000]
- [0.92026132 0.21472324 0.00000000]
- [0.89304619 0.22035969 0.00000000]
- [0.86584963 0.22598980 0.00000000]
- [0.83866328 0.23151131 0.00000000]
- [0.81142779 0.23689434 0.00000000]
- [0.78415968 0.24227335 0.00000000]
- [0.75693642 0.24763893 0.00000000]
- [0.72969158 0.25278420 0.00000000]
- [0.70238276 0.25784314 0.00000000]
- [0.67506211 0.26289514 0.00000000]
- [0.64779015 0.26788753 0.00000000]
- [0.62047287 0.27261082 0.00000000]
- [0.59308689 0.27728362 0.00000000]
- [0.56571591 0.28194714 0.00000000]
- [0.53838817 0.28646656 0.00000000]
- [0.51098840 0.29068864 0.00000000]
- [0.48351899 0.29489409 0.00000000]
- [0.45611119 0.29908394 0.00000000]
- [0.42870926 0.30295750 0.00000000]
- [0.40121027 0.30660542 0.00000000]
- [0.37366150 0.31023997 0.00000000]
- [0.34572612 0.30966780 0.00000000]
- [0.31333193 0.30902062 0.00000000]
- [0.28123201 0.31247398 0.00000000]
- [0.24931226 0.31587782 0.00000000]
- [0.22200788 0.31821797 0.00000000]
- [0.19448000 0.32039918 0.00000000]
- [0.16697949 0.32256304 0.00000000]
- [0.13969223 0.32445796 0.00000000]
- [0.11228344 0.32572805 0.00000000]
- [0.08464674 0.32698030 0.00000000]
- [0.05730451 0.32819330 0.00000000]
- [0.03001266 0.32858966 0.00000000]
- [0.00241800 0.32877268 0.00000000]
- [-0.02505322 0.32893184 0.00000000]
- [-0.05229705 0.32854690 0.00000000]
- [-0.07972460 0.32754541 0.00000000]
- [-0.10724295 0.32651589 0.00000000]
- [-0.13443954 0.32513332 0.00000000]
- [-0.16169040 0.32291675 0.00000000]
- [-0.18915640 0.32059771 0.00000000]
- [-0.21625145 0.31807489 0.00000000]
- [-0.24329198 0.31454291 0.00000000]
- [-0.27060833 0.31088331 0.00000000]
- [-0.29750973 0.30704249 0.00000000]
- [-0.32429461 0.30209193 0.00000000]
- [-0.35132074 0.29702897 0.00000000]
- [-0.37791104 0.29161379 0.00000000]
- [-0.40442893 0.28518530 0.00000000]
- [-0.43098563 0.27869695 0.00000000]
- [-0.45709662 0.27142974 0.00000000]
- [-0.48329293 0.26346155 0.00000000]
- [-0.50918820 0.25543207 0.00000000]
- [-0.53465561 0.24610682 0.00000000]
- [-0.56397322 0.23523277 0.00000000]
- [-0.59259712 0.22298424 0.00000000]
- [-0.62282747 0.21403823 0.00000000]
- [-0.64891182 0.20550749 0.00000000]
- [-0.67295017 0.19280860 0.00000000]
- [-0.69622470 0.17883006 0.00000000]
- [-0.71913106 0.16439345 0.00000000]
- [-0.74298015 0.15119548 0.00000000]
- [-0.76683728 0.13683988 0.00000000]
- [-0.78723699 0.11827077 0.00000000]
- [-0.80608203 0.09821103 0.00000000]
- [-0.82315611 0.07673053 0.00000000]
- [-0.83746274 0.05363798 0.00000000]
- [-0.84710345 0.02856042 0.00000000]
- [-0.85088172 0.00231344 0.00000000]
- [-0.84730745 -0.02366425 0.00000000]
- [-0.83561777 -0.04730872 0.00000000]
- [-0.81895241 -0.06859115 0.00000000]
- [-0.79940525 -0.08779337 0.00000000]
- [-0.77813415 -0.10538297 0.00000000]
- [-0.75579744 -0.12178045 0.00000000]
- [-0.73089805 -0.13427579 0.00000000]
- [-0.70669250 -0.14470289 0.00000000]
- [-0.68401984 -0.15760824 0.00000000]
- [-0.66076376 -0.16947606 0.00000000]
- [-0.63729254 -0.18104682 0.00000000]
- [-0.61343835 -0.19173476 0.00000000]
- [-0.58930592 -0.20203069 0.00000000]
- [-0.56504556 -0.21176974 0.00000000]
- [-0.53892181 -0.21681162 0.00000000]
- [-0.51653438 -0.22047344 0.00000000]
- [-0.49546934 -0.22725590 0.00000000]
- [-0.46892119 -0.23532786 0.00000000]
- [-0.44261545 -0.24318648 0.00000000]
- [-0.41596645 -0.24986001 0.00000000]
- [-0.38903428 -0.25650720 0.00000000]
- [-0.36227504 -0.26258583 0.00000000]
- [-0.33515535 -0.26783542 0.00000000]
- [-0.30797033 -0.27305805 0.00000000]
- [-0.28089430 -0.27752249 0.00000000]
- [-0.25345119 -0.28136024 0.00000000]
- [-0.22603910 -0.28517630 0.00000000]
- [-0.19875092 -0.28820508 0.00000000]
- [-0.17112201 -0.29067190 0.00000000]
- [-0.14350763 -0.29311417 0.00000000]
- [-0.11609462 -0.29490082 0.00000000]
- [-0.08841338 -0.29602152 0.00000000]
- [-0.06061786 -0.29711497 0.00000000]
- [-0.03315944 -0.29782243 0.00000000]
- [-0.00556017 -0.29757785 0.00000000]
- [0.02235676 -0.29729553 0.00000000]
- [0.04987792 -0.29691916 0.00000000]
- [0.07734043 -0.29545397 0.00000000]
- [0.10519270 -0.29380584 0.00000000]
- [0.13283657 -0.29214960 0.00000000]
- [0.16020798 -0.28979236 0.00000000]
- [0.18778195 -0.28681181 0.00000000]
- [0.21550227 -0.28378673 0.00000000]
- [0.24285406 -0.28060448 0.00000000]
- [0.27009295 -0.27647178 0.00000000]
- [0.29765091 -0.27212465 0.00000000]
- [0.32487445 -0.26780405 0.00000000]
- [0.35175741 -0.26301862 0.00000000]
- [0.37869528 -0.25750951 0.00000000]
- [0.40587464 -0.25192700 0.00000000]
- [0.43367172 -0.25047268 0.00000000]
- [0.46149851 -0.24818793 0.00000000]
- [0.48850893 -0.24143771 0.00000000]
- [0.51557852 -0.23464475 0.00000000]
- [0.54246598 -0.22786970 0.00000000]
- [0.56912967 -0.22028081 0.00000000]
- [0.59595555 -0.21259164 0.00000000]
- [0.62275724 -0.20489374 0.00000000]
- [0.64942491 -0.19708143 0.00000000]
- [0.67598568 -0.18883198 0.00000000]
- [0.70262774 -0.18051286 0.00000000]
- [0.72925200 -0.17219413 0.00000000]
- [0.75579464 -0.16377512 0.00000000]
- [0.78229528 -0.15513826 0.00000000]
- [0.80884209 -0.14648616 0.00000000]
- [0.83539003 -0.13783369 0.00000000]
- [0.86193993 -0.12918595 0.00000000]
- [0.88849129 -0.12053962 0.00000000]
- [0.91504897 -0.11190112 0.00000000]
- [0.94166060 -0.10326426 0.00000000]
- [0.96836190 -0.09485099 0.00000000]
- [0.99504550 -0.08654572 0.00000000]
- [1.02173487 -0.07825531 0.00000000]
- [1.04856692 -0.07002906 0.00000000]
- [1.07554657 -0.06233366 0.00000000]
- [1.10242965 -0.05473063 0.00000000]
- [1.12883077 -0.04727674 0.00000000]
- [1.15544303 -0.04019872 0.00000000]
- [1.18209300 -0.03361096 0.00000000]
- [1.20865044 -0.02707781 0.00000000]
- [1.23608689 -0.02345692 0.00000000]
- [1.26483378 -0.02057520 0.00000000]
- [1.29283463 -0.01490085 0.00000000]
- [1.32092449 -0.00922871 0.00000000]
- [1.34922248 -0.00444808 0.00000000]
- [1.37749819 -0.00011507 0.00000000]
- [1.40581321 0.00419158 0.00000000]
- [1.43428090 0.00775703 0.00000000]
- [1.46273729 0.01079387 0.00000000]
- [1.49122204 0.01377618 0.00000000]
- [1.51981052 0.01603681 0.00000000]
- [1.54835954 0.01785882 0.00000000]
- [1.57697555 0.01963728 0.00000000]
- [1.60565050 0.02039964 0.00000000]
- [1.63426172 0.02097964 0.00000000]
- [1.66294650 0.02116776 0.00000000]
- [1.69159631 0.02052192 0.00000000]
- [1.72025190 0.01977094 0.00000000]
- [1.74888210 0.01811191 0.00000000]
- [1.77746236 0.01620318 0.00000000]
- [1.80601676 0.01372968 0.00000000]
- [1.83450642 0.01083148 0.00000000]
- [1.86294882 0.00761469 0.00000000]
- [1.89133345 0.00408331 0.00000000]
- [1.91967528 0.00042826 0.00000000]
- [1.94302529 -0.00480666 0.00000000]
- [1.10342894 -0.02613067 0.00000000]
- [1.10442823 0.00246928 0.00000000]
- [1.10542751 0.03106924 0.00000000]
- [1.10642680 0.05966919 0.00000000]
- [1.10742609 0.08826915 0.00000000]
- [1.10842538 0.11686910 0.00000000]
- [1.10942467 0.14546906 0.00000000]
- [-0.49777441 -0.19941103 0.00000000]
- [-0.50007949 -0.17156616 0.00000000]
- [-0.50238456 -0.14372130 0.00000000]
- [-0.50468964 -0.11587643 0.00000000]
- [-0.50699471 -0.08803157 0.00000000]
- [-0.50929979 -0.06018670 0.00000000]
- [-0.51160486 -0.03234183 0.00000000]
- [-0.51390994 -0.00449697 0.00000000]
- [-0.51621501 0.02334790 0.00000000]
- [-0.51852009 0.05119276 0.00000000]
- [-0.52082516 0.07903763 0.00000000]
- [-0.52313024 0.10688249 0.00000000]
- [-0.52543531 0.13472736 0.00000000]
- [-0.52774039 0.16257223 0.00000000]
- [-0.53004546 0.19041709 0.00000000]
- [-0.53235054 0.21826196 0.00000000]
- [0.29534907 -0.24412453 0.00000000]
- [0.29304723 -0.21612441 0.00000000]
- [0.29074539 -0.18812430 0.00000000]
- [0.28844355 -0.16012418 0.00000000]
- [0.28614171 -0.13212406 0.00000000]
- [0.28383987 -0.10412394 0.00000000]
- [0.28153803 -0.07612383 0.00000000]
- [0.27923619 -0.04812371 0.00000000]
- [0.27693435 -0.02012359 0.00000000]
- [0.27463251 0.00787653 0.00000000]
- [0.27233067 0.03587664 0.00000000]
- [0.27002882 0.06387676 0.00000000]
- [0.26772698 0.09187688 0.00000000]
- [0.26542514 0.11987700 0.00000000]
- [0.26312330 0.14787711 0.00000000]
- [0.26082146 0.17587723 0.00000000]
- [0.25851962 0.20387735 0.00000000]
- [0.25621778 0.23187747 0.00000000]
- [0.25391594 0.25987758 0.00000000]
- [0.25161410 0.28787770 0.00000000]
elements:
- [1 2]
- [2 3]
- [3 4]
- [4 5]
- [5 6]
- [6 7]
- [7 8]
- [8 9]
- [9 10]
- [10 11]
- [11 12]
- [12 13]
- [13 14]
- [14 15]
- [15 16]
- [16 17]
- [17 18]
- [18 19]
- [19 20]
- [20 21]
- [21 22]
- [22 23]
- [23 24]
- [24 25]
- [25 26]
- [26 27]
- [27 28]
- [28 29]
- [29 30]
- [30 31]
- [31 32]
- [32 33]
- [33 34]
- [34 35]
- [35 36]
- [36 37]
- [37 38]
- [38 39]
- [39 40]
- [40 41]
- [41 42]
- [42 43]
- [43 44]
- [44 45]
- [45 46]
- [46 47]
- [47 48]
- [48 49]
- [49 50]
- [50 51]
- [51 52]
- [52 53]
- [53 54]
- [54 55]
- [55 56]
- [56 57]
- [57 58]
- [58 59]
- [59 60]
- [60 61]
- [61 62]
- [62 63]
- [63 64]
- [64 65]
- [65 66]
- [66 67]
- [67 68]
- [68 69]
- [69 70]
- [70 71]
- [71 72]
- [72 73]
- [73 74]
- [74 75]
- [75 76]
- [76 77]
- [77 78]
- [78 79]
- [79 80]
- [80 81]
- [81 82]
- [82 83]
- [83 84]
- [84 85]
- [85 86]
- [86 87]
- [87 88]
- [88 89]
- [89 90]
- [90 91]
- [91 92]
- [92 93]
- [93 94]
- [94 95]
- [95 96]
- [96 97]
- [97 98]
- [98 99]
- [99 100]
- [100 101]
- [101 102]
- [102 103]
- [103 104]
- [104 105]
- [105 106]
- [106 107]
- [107 108]
- [108 109]
- [109 110]
- [110 111]
- [111 112]
- [112 113]
- [113 114]
- [114 115]
- [115 116]
- [116 117]
- [117 118]
- [118 119]
- [119 120]
- [120 121]
- [121 122]
- [122 123]
- [123 124]
- [124 125]
- [125 126]
- [126 127]
- [127 128]
- [128 129]
- [129 130]
- [130 131]
- [131 132]
- [132 133]
- [133 134]
- [134 135]
- [135 136]
- [136 137]
- [137 138]
- [138 139]
- [139 140]
- [140 141]
- [141 142]
- [142 143]
- [143 144]
- [144 145]
- [145 146]
- [146 147]
- [147 148]
- [148 149]
- [149 150]
- [150 151]
- [151 152]
- [152 153]
- [153 154]
- [154 155]
- [155 156]
- [156 157]
- [157 158]
- [158 159]
- [159 160]
- [160 161]
- [161 162]
- [162 163]
- [163 164]
- [164 165]
- [165 166]
- [166 167]
- [167 168]
- [168 169]
- [169 170]
- [170 171]
- [171 172]
- [172 173]
- [173 174]
- [174 175]
- [175 176]
- [176 177]
- [177 178]
- [178 179]
- [179 180]
- [180 181]
- [181 182]
- [182 183]
- [183 184]
- [184 185]
- [185 186]
- [186 187]
- [187 188]
- [188 189]
- [189 190]
- [190 191]
- [191 192]
- [192 193]
- [193 194]
- [194 195]
- [195 196]
- [196 197]
- [197 198]
- [198 199]
- [199 200]
- [200 201]
- [201 202]
- [202 203]
- [203 204]
- [204 205]
- [205 206]
- [206 207]
- [207 208]
- [208 209]
- [209 210]
- [210 211]
- [211 212]
- [212 1]
- [182 213]
- [213 214]
- [214 215]
- [215 216]
- [216 217]
- [217 218]
- [218 219]
- [219 31]
- [123 220]
- [220 221]
- [221 222]
- [222 223]
- [223 224]
- [224 225]
- [225 226]
- [226 227]
- [227 228]
- [228 229]
- [229 230]
- [230 231]
- [231 232]
- [232 233]
- [233 234]
- [234 235]
- [235 91]
- [152 236]
- [236 237]
- [237 238]
- [238 239]
- [239 240]
- [240 241]
- [241 242]
- [242 243]
- [243 244]
- [244 245]
- [245 246]
- [246 247]
- [247 248]
- [248 249]
- [249 250]
- [250 251]
- [251 252]
- [252 253]
- [253 254]
- [254 255]
- [255 62]
sets:
  element:
  - name: layup_0
    labels:
    - 1
    - 2
    - 3
    - 4
    - 5
    - 6
    - 7
    - 8
    - 9
    - 10
    - 11
    - 12
    - 13
    - 14
    - 15
    - 16
    - 17
    - 18
    - 19
    - 20
    - 21
    - 22
    - 23
    - 24
    - 25
    - 187
    - 188
    - 189
    - 190
    - 191
    - 192
    - 193
    - 194
    - 195
    - 196
    - 197
    - 198
    - 199
    - 200
    - 201
    - 202
    - 203
    - 204
    - 205
    - 206
    - 207
    - 208
    - 209
    - 210
    - 211
    - 212
  - name: layup_1
    labels:
    - 26
    - 27
    - 28
    - 29
    - 30
    - 31
    - 32
    - 33
    - 34
    - 35
    - 36
    - 37
    - 38
    - 39
    - 40
    - 41
    - 42
    - 43
    - 44
    - 45
    - 46
    - 47
    - 48
    - 49
    - 50
    - 51
    - 52
    - 53
    - 54
    - 55
    - 56
    - 57
    - 58
    - 94
    - 95
    - 96
    - 97
    - 98
    - 113
    - 114
    - 115
    - 116
    - 117
    - 118
    - 119
    - 120
    - 157
    - 158
    - 159
    - 160
    - 161
    - 162
    - 163
    - 164
    - 165
    - 166
    - 167
    - 168
    - 169
    - 170
    - 171
    - 172
    - 173
    - 174
    - 175
    - 176
    - 177
    - 178
    - 179
    - 180
    - 181
    - 182
    - 183
    - 184
    - 185
    - 186
  - name: layup_2
    labels:
    - 59
    - 60
    - 61
    - 62
    - 63
    - 64
    - 65
    - 66
    - 67
    - 68
    - 69
    - 70
    - 71
    - 72
    - 73
    - 74
    - 75
    - 76
    - 77
    - 78
    - 79
    - 80
    - 81
    - 82
    - 83
    - 84
    - 85
    - 86
    - 87
    - 88
    - 89
    - 90
    - 91
    - 92
    - 93
    - 121
    - 122
    - 123
    - 124
    - 125
    - 126
    - 127
    - 128
    - 129
    - 130
    - 131
    - 132
    - 133
    - 134
    - 135
    - 136
    - 137
    - 138
    - 139
    - 140
    - 141
    - 142
    - 143
    - 144
    - 145
    - 146
    - 147
    - 148
    - 149
    - 150
    - 151
    - 152
    - 153
    - 154
    - 155
    - 156
  - name: layup_3
    labels:
    - 99
    - 100
    - 101
    - 102
    - 103
    - 104
    - 105
    - 106
    - 107
    - 108
    - 109
    - 110
    - 111
    - 112
  - name: layup_4
    labels:
    - 213
    - 214
    - 215
    - 216
    - 217
    - 218
    - 219
    - 220
  - name: layup_5
    labels:
    - 221
    - 222
    - 223
    - 224
    - 225
    - 226
    - 227
    - 228
    - 229
    - 230
    - 231
    - 232
    - 233
    - 234
    - 235
    - 236
    - 237
    - 238
    - 239
    - 240
    - 241
    - 242
    - 243
    - 244
    - 245
    - 246
    - 247
    - 248
    - 249
    - 250
    - 251
    - 252
    - 253
    - 254
    - 255
    - 256
    - 257
    - 258
sections:
- type: shell
  elementSet: layup_0
  layup:
  - - gelcoat
    - 0.0005
    - 0.0
  - - glass_triax
    - 0.003
    - 0.0
  - - glass_uniax
    - 0.00608
    - 0.0
  - - glass_triax
    - 0.003
    - 0.0
- type: shell
  elementSet: layup_1
  layup:
  - - gelcoat
    - 0.0005
    - 0.0
  - - glass_triax
    - 0.003
    - 0.0
  - - medium_density_foam
    - 0.01812501
    - 0.0
  - - glass_triax
    - 0.003
    - 0.0
- type: shell
  elementSet: layup_2
  layup:
  - - gelcoat
    - 0.0005
    - 0.0
  - - glass_triax
    - 0.003
    - 0.0
  - - carbon_uniax
    - 0.03492351
    - 0.0
  - - glass_triax
    - 0.003
    - 0.0
- type: shell
  elementSet: layup_3
  layup:
  - - gelcoat
    - 0.0005
    - 0.0
  - - glass_triax
    - 0.003
    - 0.0
  - - glass_uniax
    - 0.00458
    - 0.0
  - - glass_triax
    - 0.003
    - 0.0
- type: shell
  elementSet: layup_4
  layup:
  - - glass_biax
    - 0.002
    - 0.0
  - - medium_density_foam
    - 0.03
    - 0.0
  - - glass_biax
    - 0.002
    - 0.0
- type: shell
  elementSet: layup_5
  layup:
  - - glass_biax
    - 0.002
    - 0.0
  - - medium_density_foam
    - 0.0196
    - 0.0
  - - glass_biax
    - 0.002
    - 0.0
elementOrientations:
- [0.0, 0.0, 1.0, -0.990370210682438, 0.13844437797477827, 0.0, -0.13844437797477827,
  -0.990370210682438, 0.0]
- [0.0, 0.0, 1.0, -0.9807379095454015, 0.19532832047738427, 0.0, -0.19532832047738427,
  -0.9807379095454015, 0.0]
- [0.0, 0.0, 1.0, -0.9807674645697464, 0.19517986689572045, 0.0, -0.19517986689572045,
  -0.9807674645697464, 0.0]
- [0.0, 0.0, 1.0, -0.9807318973362128, 0.1953585051829384, 0.0, -0.1953585051829384,
  -0.9807318973362128, 0.0]
- [0.0, 0.0, 1.0, -0.9807019074753316, 0.19550899895975693, 0.0, -0.19550899895975693,
  -0.9807019074753316, 0.0]
- [0.0, 0.0, 1.0, -0.9805041638382512, 0.1964983071068345, 0.0, -0.1964983071068345,
  -0.9805041638382512, 0.0]
- [0.0, 0.0, 1.0, -0.9802513360221131, 0.19775570339907383, 0.0, -0.19775570339907383,
  -0.9802513360221131, 0.0]
- [0.0, 0.0, 1.0, -0.9801164539233596, 0.19842312553908342, 0.0, -0.19842312553908342,
  -0.9801164539233596, 0.0]
- [0.0, 0.0, 1.0, -0.9796238798913061, 0.20084086722254527, 0.0, -0.20084086722254527,
  -0.9796238798913061, 0.0]
- [0.0, 0.0, 1.0, -0.9795379224108924, 0.20125967941679862, 0.0, -0.20125967941679862,
  -0.9795379224108924, 0.0]
- [0.0, 0.0, 1.0, -0.9791441208207203, 0.20316690346170715, 0.0, -0.20316690346170715,
  -0.9791441208207203, 0.0]
- [0.0, 0.0, 1.0, -0.978865297566517, 0.20450606157279136, 0.0, -0.20450606157279136,
  -0.978865297566517, 0.0]
- [0.0, 0.0, 1.0, -0.9787929478315539, 0.20485205704414322, 0.0, -0.20485205704414322,
  -0.9787929478315539, 0.0]
- [0.0, 0.0, 1.0, -0.9783202558878628, 0.20709774725840677, 0.0, -0.20709774725840677,
  -0.9783202558878628, 0.0]
- [0.0, 0.0, 1.0, -0.9782044944871539, 0.2076438464417663, 0.0, -0.2076438464417663,
  -0.9782044944871539, 0.0]
- [0.0, 0.0, 1.0, -0.9781306514073634, 0.20799141515314248, 0.0, -0.20799141515314248,
  -0.9781306514073634, 0.0]
- [0.0, 0.0, 1.0, -0.97772947394194, 0.20986918731728416, 0.0, -0.20986918731728416,
  -0.97772947394194, 0.0]
- [0.0, 0.0, 1.0, -0.9776783744164339, 0.21010710649199682, 0.0, -0.21010710649199682,
  -0.9776783744164339, 0.0]
- [0.0, 0.0, 1.0, -0.9775626176867358, 0.21064502961488693, 0.0, -0.21064502961488693,
  -0.9775626176867358, 0.0]
- [0.0, 0.0, 1.0, -0.9771970789867506, 0.21233433264491716, 0.0, -0.21233433264491716,
  -0.9771970789867506, 0.0]
- [0.0, 0.0, 1.0, -0.9771191944504233, 0.21269245364270914, 0.0, -0.21269245364270914,
  -0.9771191944504233, 0.0]
- [0.0, 0.0, 1.0, -0.9770645441478429, 0.21294336469861597, 0.0, -0.21294336469861597,
  -0.9770645441478429, 0.0]
- [0.0, 0.0, 1.0, -0.9768748000895677, 0.2138121253576775, 0.0, -0.2138121253576775,
  -0.9768748000895677, 0.0]
- [0.0, 0.0, 1.0, -0.9768091191128854, 0.21411199129873332, 0.0, -0.21411199129873332,
  -0.9768091191128854, 0.0]
- [0.0, 0.0, 1.0, -0.9938689380542608, 0.1105646144609388, 0.0, -0.1105646144609388,
  -0.9938689380542608, 0.0]
- [0.0, 0.0, 1.0, -0.9942037197376614, 0.10751262093260348, 0.0, -0.10751262093260348,
  -0.9942037197376614, 0.0]
- [0.0, 0.0, 1.0, -0.9767784267975246, 0.21425196601887483, 0.0, -0.21425196601887483,
  -0.9767784267975246, 0.0]
- [0.0, 0.0, 1.0, -0.9767681735351558, 0.2142987054762482, 0.0, -0.2142987054762482,
  -0.9767681735351558, 0.0]
- [0.0, 0.0, 1.0, -0.9768811940173826, 0.2137829103908282, 0.0, -0.2137829103908282,
  -0.9768811940173826, 0.0]
- [0.0, 0.0, 1.0, -0.9771661005511137, 0.21247685034782143, 0.0, -0.21247685034782143,
  -0.9771661005511137, 0.0]
- [0.0, 0.0, 1.0, -0.9771826650858053, 0.21240065691000812, 0.0, -0.21240065691000812,
  -0.9771826650858053, 0.0]
- [0.0, 0.0, 1.0, -0.9772060843718883, 0.21229288416374695, 0.0, -0.21229288416374695,
  -0.9772060843718883, 0.0]
- [0.0, 0.0, 1.0, -0.977695477042742, 0.21002750812730517, 0.0, -0.21002750812730517,
  -0.977695477042742, 0.0]
- [0.0, 0.0, 1.0, -0.9779608285193614, 0.20878845246259237, 0.0, -0.20878845246259237,
  -0.9779608285193614, 0.0]
- [0.0, 0.0, 1.0, -0.9779642754974994, 0.20877230623492912, 0.0, -0.20877230623492912,
  -0.9779642754974994, 0.0]
- [0.0, 0.0, 1.0, -0.9781802569785518, 0.20775799589275568, 0.0, -0.20775799589275568,
  -0.9781802569785518, 0.0]
- [0.0, 0.0, 1.0, -0.9790987466095225, 0.20338545766023233, 0.0, -0.20338545766023233,
  -0.9790987466095225, 0.0]
- [0.0, 0.0, 1.0, -0.9792194837659879, 0.20280335947185976, 0.0, -0.20280335947185976,
  -0.9792194837659879, 0.0]
- [0.0, 0.0, 1.0, -0.9792372986365961, 0.20271732278939963, 0.0, -0.20271732278939963,
  -0.9792372986365961, 0.0]
- [0.0, 0.0, 1.0, -0.9799923440949135, 0.1990351866262759, 0.0, -0.1990351866262759,
  -0.9799923440949135, 0.0]
- [0.0, 0.0, 1.0, -0.9810219628103896, 0.19389664381739757, 0.0, -0.19389664381739757,
  -0.9810219628103896, 0.0]
- [0.0, 0.0, 1.0, -0.9810935395766807, 0.19353414841030006, 0.0, -0.19353414841030006,
  -0.9810935395766807, 0.0]
- [0.0, 0.0, 1.0, -0.9811249144030139, 0.19337503028488084, 0.0, -0.19337503028488084,
  -0.9811249144030139, 0.0]
- [0.0, 0.0, 1.0, -0.9826304775115658, 0.18557301707250495, 0.0, -0.18557301707250495,
  -0.9826304775115658, 0.0]
- [0.0, 0.0, 1.0, -0.9832707490252057, 0.18215003187320863, 0.0, -0.18215003187320863,
  -0.9832707490252057, 0.0]
- [0.0, 0.0, 1.0, -0.9833295195249258, 0.18183249443066737, 0.0, -0.18183249443066737,
  -0.9833295195249258, 0.0]
- [0.0, 0.0, 1.0, -0.9836543042283774, 0.1800672368116603, 0.0, -0.1800672368116603,
  -0.9836543042283774, 0.0]
- [0.0, 0.0, 1.0, -0.9853790044158118, 0.17037669340758896, 0.0, -0.17037669340758896,
  -0.9853790044158118, 0.0]
- [0.0, 0.0, 1.0, -0.9857534711266119, 0.1681965937878524, 0.0, -0.1681965937878524,
  -0.9857534711266119, 0.0]
- [0.0, 0.0, 1.0, -0.9857935585899916, 0.16796148321112378, 0.0, -0.16796148321112378,
  -0.9857935585899916, 0.0]
- [0.0, 0.0, 1.0, -0.9865992492543911, 0.16316225473641754, 0.0, -0.16316225473641754,
  -0.9865992492543911, 0.0]
- [0.0, 0.0, 1.0, -0.9883351882812793, 0.15229430588504622, 0.0, -0.15229430588504622,
  -0.9883351882812793, 0.0]
- [0.0, 0.0, 1.0, -0.988482888080188, 0.15133267979075266, 0.0, -0.15133267979075266,
  -0.988482888080188, 0.0]
- [0.0, 0.0, 1.0, -0.988516169254099, 0.15111513201265261, 0.0, -0.15111513201265261,
  -0.988516169254099, 0.0]
- [0.0, 0.0, 1.0, -0.9901558332554032, 0.1399693747585458, 0.0, -0.1399693747585458,
  -0.9901558332554032, 0.0]
- [0.0, 0.0, 1.0, -0.9913156021274955, 0.13150428501992292, 0.0, -0.13150428501992292,
  -0.9913156021274955, 0.0]
- [0.0, 0.0, 1.0, -0.9914090337298824, 0.13079804218252222, 0.0, -0.13079804218252222,
  -0.9914090337298824, 0.0]
- [0.0, 0.0, 1.0, -0.9997903158609919, -0.020477409762425177, 0.0, 0.020477409762425177,
  -0.9997903158609919, 0.0]
- [0.0, 0.0, 1.0, -0.999800492333207, -0.019974371836854514, 0.0, 0.019974371836854514,
  -0.999800492333207, 0.0]
- [0.0, 0.0, 1.0, -0.9942628607456252, 0.10696431059902957, 0.0, -0.10696431059902957,
  -0.9942628607456252, 0.0]
- [0.0, 0.0, 1.0, -0.9943622715767839, 0.10603618658108392, 0.0, -0.10603618658108392,
  -0.9943622715767839, 0.0]
- [0.0, 0.0, 1.0, -0.9963473462282956, 0.08539300711318751, 0.0, -0.08539300711318751,
  -0.9963473462282956, 0.0]
- [0.0, 0.0, 1.0, -0.9968754993803597, 0.07898885196759482, 0.0, -0.07898885196759482,
  -0.9968754993803597, 0.0]
- [0.0, 0.0, 1.0, -0.9969186866839294, 0.0784419029625708, 0.0, -0.0784419029625708,
  -0.9969186866839294, 0.0]
- [0.0, 0.0, 1.0, -0.9975974857470775, 0.06927666584867831, 0.0, -0.06927666584867831,
  -0.9975974857470775, 0.0]
- [0.0, 0.0, 1.0, -0.9989280798508492, 0.04628921348970581, 0.0, -0.04628921348970581,
  -0.9989280798508492, 0.0]
- [0.0, 0.0, 1.0, -0.9989750382311081, 0.0452644782490224, 0.0, -0.0452644782490224,
  -0.9989750382311081, 0.0]
- [0.0, 0.0, 1.0, -0.9990173852143737, 0.04432001849543722, 0.0, -0.04432001849543722,
  -0.9990173852143737, 0.0]
- [0.0, 0.0, 1.0, -0.999894558532569, 0.014521426133786656, 0.0, -0.014521426133786656,
  -0.999894558532569, 0.0]
- [0.0, 0.0, 1.0, -0.9999780054053239, 0.00663239817788178, 0.0, -0.00663239817788178,
  -0.9999780054053239, 0.0]
- [0.0, 0.0, 1.0, -0.9999832168415591, 0.005793620215997243, 0.0, -0.005793620215997243,
  -0.9999832168415591, 0.0]
- [0.0, 0.0, 1.0, -0.9999001933016836, -0.014128107985704741, 0.0, 0.014128107985704741,
  -0.9999001933016836, 0.0]
- [0.0, 0.0, 1.0, -0.9993340285365813, -0.03648971648077704, 0.0, 0.03648971648077704,
  -0.9993340285365813, 0.0]
- [0.0, 0.0, 1.0, -0.999300897710238, -0.037386037975592146, 0.0, 0.037386037975592146,
  -0.999300897710238, 0.0]
- [0.0, 0.0, 1.0, -0.9987103452428981, -0.050770525945781804, 0.0, 0.050770525945781804,
  -0.9987103452428981, 0.0]
- [0.0, 0.0, 1.0, -0.9967082632004656, -0.0810718080957336, 0.0, 0.0810718080957336,
  -0.9967082632004656, 0.0]
- [0.0, 0.0, 1.0, -0.9964544797444651, -0.08413364248139592, 0.0, 0.08413364248139592,
  -0.9964544797444651, 0.0]
- [0.0, 0.0, 1.0, -0.9956932515889972, -0.0927089463866886, 0.0, 0.0927089463866886,
  -0.9956932515889972, 0.0]
- [0.0, 0.0, 1.0, -0.991577079751437, -0.12951793278003002, 0.0, 0.12951793278003002,
  -0.991577079751437, 0.0]
- [0.0, 0.0, 1.0, -0.9911449231339647, -0.1327845674232033, 0.0, 0.1327845674232033,
  -0.9911449231339647, 0.0]
- [0.0, 0.0, 1.0, -0.9899610021889731, -0.14134077311591384, 0.0, 0.14134077311591384,
  -0.9899610021889731, 0.0]
- [0.0, 0.0, 1.0, -0.983345072711713, -0.18174836443169423, 0.0, 0.18174836443169423,
  -0.983345072711713, 0.0]
- [0.0, 0.0, 1.0, -0.9829014439209134, -0.18413242934959556, 0.0, 0.18413242934959556,
  -0.9829014439209134, 0.0]
- [0.0, 0.0, 1.0, -0.9798863528245355, -0.19955634680017043, 0.0, 0.19955634680017043,
  -0.9798863528245355, 0.0]
- [0.0, 0.0, 1.0, -0.9718508014662427, -0.23559715552065064, 0.0, 0.23559715552065064,
  -0.9718508014662427, 0.0]
- [0.0, 0.0, 1.0, -0.9714267809678215, -0.2373394388181117, 0.0, 0.2373394388181117,
  -0.9714267809678215, 0.0]
- [0.0, 0.0, 1.0, -0.9633830595221582, -0.26812885078955206, 0.0, 0.26812885078955206,
  -0.9633830595221582, 0.0]
- [0.0, 0.0, 1.0, -0.9567206762636618, -0.29100781365729966, 0.0, 0.29100781365729966,
  -0.9567206762636618, 0.0]
- [0.0, 0.0, 1.0, -0.9551370304518301, -0.2961642332552324, 0.0, 0.2961642332552324,
  -0.9551370304518301, 0.0]
- [0.0, 0.0, 1.0, -0.9390288311355938, -0.34383841306072915, 0.0, 0.34383841306072915,
  -0.9390288311355938, 0.0]
- [0.0, 0.0, 1.0, -0.937585390677715, -0.3477551368243416, 0.0, 0.3477551368243416,
  -0.937585390677715, 0.0]
- [0.0, 0.0, 1.0, -0.9193640807078185, -0.39340778729489817, 0.0, 0.39340778729489817,
  -0.9193640807078185, 0.0]
- [0.0, 0.0, 1.0, -0.9588942649038735, -0.283763614183461, 0.0, 0.283763614183461,
  -0.9588942649038735, 0.0]
- [0.0, 0.0, 1.0, -0.9504613037137363, -0.31084290267397896, 0.0, 0.31084290267397896,
  -0.9504613037137363, 0.0]
- [0.0, 0.0, 1.0, -0.8842026008495303, -0.4671035866389018, 0.0, 0.4671035866389018,
  -0.8842026008495303, 0.0]
- [0.0, 0.0, 1.0, -0.8572683588554426, -0.5148698485105687, 0.0, 0.5148698485105687,
  -0.8572683588554426, 0.0]
- [0.0, 0.0, 1.0, -0.8459980523122271, -0.5331859858285083, 0.0, 0.5331859858285083,
  -0.8459980523122271, 0.0]
- [0.0, 0.0, 1.0, -0.874958726367316, -0.4841975084133378, 0.0, 0.4841975084133378,
  -0.874958726367316, 0.0]
- [0.0, 0.0, 1.0, -0.8568373984902581, -0.5155867265052958, 0.0, 0.5155867265052958,
  -0.8568373984902581, 0.0]
- [0.0, 0.0, 1.0, -0.7395083115609672, -0.6731474260013532, 0.0, 0.6731474260013532,
  -0.7395083115609672, 0.0]
- [0.0, 0.0, 1.0, -0.6846955497234953, -0.7288292009715587, 0.0, 0.7288292009715587,
  -0.6846955497234953, 0.0]
- [0.0, 0.0, 1.0, -0.6222404749135143, -0.7828261565503571, 0.0, 0.7828261565503571,
  -0.6222404749135143, 0.0]
- [0.0, 0.0, 1.0, -0.5266537561647296, -0.850079891020592, 0.0, 0.850079891020592,
  -0.5266537561647296, 0.0]
- [0.0, 0.0, 1.0, -0.3588329843175632, -0.9334017834597016, 0.0, 0.9334017834597016,
  -0.3588329843175632, 0.0]
- [0.0, 0.0, 1.0, -0.14248194231476585, -0.9897974015495351, 0.0, 0.9897974015495351,
  -0.14248194231476585, 0.0]
- [0.0, 0.0, 1.0, 0.13630579950754781, -0.9906668102952719, 0.0, 0.9906668102952719,
  0.13630579950754781, 0.0]
- [0.0, 0.0, 1.0, 0.44318863763524285, -0.8964283749809672, 0.0, 0.8964283749809672,
  0.44318863763524285, 0.0]
- [0.0, 0.0, 1.0, 0.6165271416720497, -0.7873336545465921, 0.0, 0.7873336545465921,
  0.6165271416720497, 0.0]
- [0.0, 0.0, 1.0, 0.7133731018547208, -0.7007844301567882, 0.0, 0.7007844301567882,
  0.7133731018547208, 0.0]
- [0.0, 0.0, 1.0, 0.7706445805692305, -0.6372651963188284, 0.0, 0.6372651963188284,
  0.7706445805692305, 0.0]
- [0.0, 0.0, 1.0, 0.8061084308693722, -0.5917678579319076, 0.0, 0.5917678579319076,
  0.8061084308693722, 0.0]
- [0.0, 0.0, 1.0, 0.8937709014127235, -0.4485237739383361, 0.0, 0.4485237739383361,
  0.8937709014127235, 0.0]
- [0.0, 0.0, 1.0, 0.9184112760708906, -0.39562700613815327, 0.0, 0.39562700613815327,
  0.9184112760708906, 0.0]
- [0.0, 0.0, 1.0, 0.8690751016222118, -0.4946801671184547, 0.0, 0.4946801671184547,
  0.8690751016222118, 0.0]
- [0.0, 0.0, 1.0, 0.8907234375035289, -0.45454566094276705, 0.0, 0.45454566094276705,
  0.8907234375035289, 0.0]
- [0.0, 0.0, 1.0, 0.8969328596089179, -0.4421667619278604, 0.0, 0.4421667619278604,
  0.8969328596089179, 0.0]
- [0.0, 0.0, 1.0, 0.9125852500897677, -0.40888648952807954, 0.0, 0.40888648952807954,
  0.9125852500897677, 0.0]
- [0.0, 0.0, 1.0, 0.9197861520984444, -0.39241997197892103, 0.0, 0.39241997197892103,
  0.9197861520984444, 0.0]
- [0.0, 0.0, 1.0, 0.9280155359169817, -0.3725414944629891, 0.0, 0.3725414944629891,
  0.9280155359169817, 0.0]
- [0.0, 0.0, 1.0, 0.9818801678957596, -0.1895028651313612, 0.0, 0.1895028651313612,
  0.9818801678957596, 0.0]
- [0.0, 0.0, 1.0, 0.986885646577962, -0.16142094219275846, 0.0, 0.16142094219275846,
  0.986885646577962, 0.0]
- [0.0, 0.0, 1.0, 0.9518764689370233, -0.3064819536024662, 0.0, 0.3064819536024662,
  0.9518764689370233, 0.0]
- [0.0, 0.0, 1.0, 0.9567531816749126, -0.290900927043782, 0.0, 0.290900927043782,
  0.9567531816749126, 0.0]
- [0.0, 0.0, 1.0, 0.9581575096501869, -0.2862414831937398, 0.0, 0.2862414831937398,
  0.9581575096501869, 0.0]
- [0.0, 0.0, 1.0, 0.9700458367071196, -0.2429219518429409, 0.0, 0.2429219518429409,
  0.9700458367071196, 0.0]
- [0.0, 0.0, 1.0, 0.9708663462024946, -0.23962165555604137, 0.0, 0.23962165555604137,
  0.9708663462024946, 0.0]
- [0.0, 0.0, 1.0, 0.9751565584475425, -0.22151678608345884, 0.0, 0.22151678608345884,
  0.9751565584475425, 0.0]
- [0.0, 0.0, 1.0, 0.9817756999885313, -0.19004335008631432, 0.0, 0.19004335008631432,
  0.9817756999885313, 0.0]
- [0.0, 0.0, 1.0, 0.9820416447374984, -0.18866427325084348, 0.0, 0.18866427325084348,
  0.9820416447374984, 0.0]
- [0.0, 0.0, 1.0, 0.9866774684956822, -0.16268857723562594, 0.0, 0.16268857723562594,
  0.9866774684956822, 0.0]
- [0.0, 0.0, 1.0, 0.9903629758271971, -0.13849612308905476, 0.0, 0.13849612308905476,
  0.9903629758271971, 0.0]
- [0.0, 0.0, 1.0, 0.9904487476644109, -0.13788139196425303, 0.0, 0.13788139196425303,
  0.9904487476644109, 0.0]
- [0.0, 0.0, 1.0, 0.9938966853375184, -0.11031490776451774, 0.0, 0.11031490776451774,
  0.9938966853375184, 0.0]
- [0.0, 0.0, 1.0, 0.9960378586534375, -0.08893022056126351, 0.0, 0.08893022056126351,
  0.9960378586534375, 0.0]
- [0.0, 0.0, 1.0, 0.9961118109803312, -0.08809801374313199, 0.0, 0.08809801374313199,
  0.9961118109803312, 0.0]
- [0.0, 0.0, 1.0, 0.9978828267067227, -0.06503740588154504, 0.0, 0.06503740588154504,
  0.9978828267067227, 0.0]
- [0.0, 0.0, 1.0, 0.9991814573896551, -0.04045262919372287, 0.0, 0.04045262919372287,
  0.9991814573896551, 0.0]
- [0.0, 0.0, 1.0, 0.9992271173320092, -0.03930862485973268, 0.0, 0.03930862485973268,
  0.9992271173320092, 0.0]
- [0.0, 0.0, 1.0, 0.9996682498537671, -0.02575636298677013, 0.0, 0.02575636298677013,
  0.9996682498537671, 0.0]
- [0.0, 0.0, 1.0, 0.9999607350588983, 0.008861621774149753, 0.0, -0.008861621774149753,
  0.9999607350588983, 0.0]
- [0.0, 0.0, 1.0, 0.9999488707759894, 0.01011216266798148, 0.0, -0.01011216266798148,
  0.9999488707759894, 0.0]
- [0.0, 0.0, 1.0, 0.9999064997735795, 0.013674491235461687, 0.0, -0.013674491235461687,
  0.9999064997735795, 0.0]
- [0.0, 0.0, 1.0, 0.9985797860883995, 0.05327673803496639, 0.0, -0.05327673803496639,
  0.9985797860883995, 0.0]
- [0.0, 0.0, 1.0, 0.9982538234898641, 0.059070330013191605, 0.0, -0.059070330013191605,
  0.9982538234898641, 0.0]
- [0.0, 0.0, 1.0, 0.998210004152354, 0.05980625059437811, 0.0, -0.05980625059437811,
  0.998210004152354, 0.0]
- [0.0, 0.0, 1.0, 0.9963121333731634, 0.08580287229117643, 0.0, -0.08580287229117643,
  0.9963121333731634, 0.0]
- [0.0, 0.0, 1.0, 0.9942086324895035, 0.10746718142461592, 0.0, -0.10746718142461592,
  0.9942086324895035, 0.0]
- [0.0, 0.0, 1.0, 0.9940981545922128, 0.10848437231397445, 0.0, -0.10848437231397445,
  0.9940981545922128, 0.0]
- [0.0, 0.0, 1.0, 0.9932998331288434, 0.1155657453842262, 0.0, -0.1155657453842262,
  0.9932998331288434, 0.0]
- [0.0, 0.0, 1.0, 0.9886853988332962, 0.15000394039439788, 0.0, -0.15000394039439788,
  0.9886853988332962, 0.0]
- [0.0, 0.0, 1.0, 0.9877857366256416, 0.15581828685664087, 0.0, -0.15581828685664087,
  0.9877857366256416, 0.0]
- [0.0, 0.0, 1.0, 0.9876388854638186, 0.15674639364204232, 0.0, -0.15674639364204232,
  0.9876388854638186, 0.0]
- [0.0, 0.0, 1.0, 0.9845231249677815, 0.17525471863454628, 0.0, -0.17525471863454628,
  0.9845231249677815, 0.0]
- [0.0, 0.0, 1.0, 0.9797214152306496, 0.20036453912420013, 0.0, -0.20036453912420013,
  0.9797214152306496, 0.0]
- [0.0, 0.0, 1.0, 0.9795511884931094, 0.20119510213157996, 0.0, -0.20119510213157996,
  0.9795511884931094, 0.0]
- [0.0, 0.0, 1.0, 0.998634156841228, 0.05224768693453945, 0.0, -0.05224768693453945,
  0.998634156841228, 0.0]
- [0.0, 0.0, 1.0, 0.9966462355206119, 0.08183080851728773, 0.0, -0.08183080851728773,
  0.9966462355206119, 0.0]
- [0.0, 0.0, 1.0, 0.9701626445625574, 0.2424550331409619, 0.0, -0.2424550331409619,
  0.9701626445625574, 0.0]
- [0.0, 0.0, 1.0, 0.9699266754322302, 0.243397297201471, 0.0, -0.243397297201471,
  0.9699266754322302, 0.0]
- [0.0, 0.0, 1.0, 0.9696894644479512, 0.24434062809660947, 0.0, -0.24434062809660947,
  0.9696894644479512, 0.0]
- [0.0, 0.0, 1.0, 0.9618026569041084, 0.27374376554032787, 0.0, -0.27374376554032787,
  0.9618026569041084, 0.0]
- [0.0, 0.0, 1.0, 0.9612905045489368, 0.27553686842970826, 0.0, -0.27553686842970826,
  0.9612905045489368, 0.0]
- [0.0, 0.0, 1.0, 0.9611414532128041, 0.27605634735680135, 0.0, -0.27605634735680135,
  0.9611414532128041, 0.0]
- [0.0, 0.0, 1.0, 0.9596681299932742, 0.2811353415620531, 0.0, -0.2811353415620531,
  0.9596681299932742, 0.0]
- [0.0, 0.0, 1.0, 0.9549984264777501, 0.29661086531855363, 0.0, -0.29661086531855363,
  0.9549984264777501, 0.0]
- [0.0, 0.0, 1.0, 0.9545465332747075, 0.29806193284825505, 0.0, -0.29806193284825505,
  0.9545465332747075, 0.0]
- [0.0, 0.0, 1.0, 0.9544938061168937, 0.2982307396706212, 0.0, -0.2982307396706212,
  0.9544938061168937, 0.0]
- [0.0, 0.0, 1.0, 0.9531990127952863, 0.30234358271028616, 0.0, -0.30234358271028616,
  0.9531990127952863, 0.0]
- [0.0, 0.0, 1.0, 0.9507789907282661, 0.30986982878257063, 0.0, -0.30986982878257063,
  0.9507789907282661, 0.0]
- [0.0, 0.0, 1.0, 0.9507770901846512, 0.30987566019293533, 0.0, -0.30987566019293533,
  0.9507770901846512, 0.0]
- [0.0, 0.0, 1.0, 0.9507770088257139, 0.30987590982267116, 0.0, -0.30987590982267116,
  0.9507770088257139, 0.0]
- [0.0, 0.0, 1.0, 0.950833566633615, 0.30970232250146107, 0.0, -0.30970232250146107,
  0.950833566633615, 0.0]
- [0.0, 0.0, 1.0, 0.9508534963939028, 0.30964112839784436, 0.0, -0.30964112839784436,
  0.9508534963939028, 0.0]
- [0.0, 0.0, 1.0, 0.9509576708834926, 0.30932104388134213, 0.0, -0.30932104388134213,
  0.9509576708834926, 0.0]
- [0.0, 0.0, 1.0, 0.9511592190014536, 0.30870072903792267, 0.0, -0.30870072903792267,
  0.9511592190014536, 0.0]
- [0.0, 0.0, 1.0, 0.9537745004357173, 0.300523214275699, 0.0, -0.300523214275699,
  0.9537745004357173, 0.0]
- [0.0, 0.0, 1.0, 0.9548191807114048, 0.29718736875177193, 0.0, -0.29718736875177193,
  0.9548191807114048, 0.0]
- [0.0, 0.0, 1.0, 0.9549881043601969, 0.29664409741391734, 0.0, -0.29664409741391734,
  0.9549881043601969, 0.0]
- [0.0, 0.0, 1.0, 0.956076617883959, 0.29311687214415055, 0.0, -0.29311687214415055,
  0.956076617883959, 0.0]
- [0.0, 0.0, 1.0, 0.9616469247079911, 0.27429034288443904, 0.0, -0.27429034288443904,
  0.9616469247079911, 0.0]
- [0.0, 0.0, 1.0, 0.9622565294478884, 0.2721440271894738, 0.0, -0.2721440271894738,
  0.9622565294478884, 0.0]
- [0.0, 0.0, 1.0, 0.9623789720529905, 0.2717107177684191, 0.0, -0.2717107177684191,
  0.9623789720529905, 0.0]
- [0.0, 0.0, 1.0, 0.9664028083347548, 0.257032317117321, 0.0, -0.257032317117321,
  0.9664028083347548, 0.0]
- [0.0, 0.0, 1.0, 0.9707796478284131, 0.23997265544670307, 0.0, -0.23997265544670307,
  0.9707796478284131, 0.0]
- [0.0, 0.0, 1.0, 0.9710493408533658, 0.23887900206640958, 0.0, -0.23887900206640958,
  0.9710493408533658, 0.0]
- [0.0, 0.0, 1.0, 0.9914035995091959, 0.13083922531186845, 0.0, -0.13083922531186845,
  0.9914035995091959, 0.0]
- [0.0, 0.0, 1.0, 0.9950130613551054, 0.09974471280594951, 0.0, -0.09974471280594951,
  0.9950130613551054, 0.0]
- [0.0, 0.0, 1.0, 0.9800781772914823, 0.19861210032877097, 0.0, -0.19861210032877097,
  0.9800781772914823, 0.0]
- [0.0, 0.0, 1.0, 0.9802154996956837, 0.1979332568224486, 0.0, -0.1979332568224486,
  0.9802154996956837, 0.0]
- [0.0, 0.0, 1.0, 0.9860281775157422, 0.1665786095060943, 0.0, -0.1665786095060943,
  0.9860281775157422, 0.0]
- [0.0, 0.0, 1.0, 0.9884613966987811, 0.15147299177178417, 0.0, -0.15147299177178417,
  0.9884613966987811, 0.0]
- [0.0, 0.0, 1.0, 0.9886300184497893, 0.15036850275230368, 0.0, -0.15036850275230368,
  0.9886300184497893, 0.0]
- [0.0, 0.0, 1.0, 0.9922478589226175, 0.12427464127279353, 0.0, -0.12427464127279353,
  0.9922478589226175, 0.0]
- [0.0, 0.0, 1.0, 0.9943537294788395, 0.10611626016555022, 0.0, -0.10611626016555022,
  0.9943537294788395, 0.0]
- [0.0, 0.0, 1.0, 0.9945637540058913, 0.10412943492456321, 0.0, -0.10412943492456321,
  0.9945637540058913, 0.0]
- [0.0, 0.0, 1.0, 0.996888153389579, 0.07882898979128763, 0.0, -0.07882898979128763,
  0.996888153389579, 0.0]
- [0.0, 0.0, 1.0, 0.997969680542039, 0.06369078990576561, 0.0, -0.06369078990576561,
  0.997969680542039, 0.0]
- [0.0, 0.0, 1.0, 0.998074328443508, 0.062029306799612174, 0.0, -0.062029306799612174,
  0.998074328443508, 0.0]
- [0.0, 0.0, 1.0, 0.9996467746421039, 0.026576793403993555, 0.0, -0.026576793403993555,
  0.9996467746421039, 0.0]
- [0.0, 0.0, 1.0, 0.9997945869872346, 0.020267802816905874, 0.0, -0.020267802816905874,
  0.9997945869872346, 0.0]
- [0.0, 0.0, 1.0, 0.9999784976596263, 0.006557760166144717, 0.0, -0.006557760166144717,
  0.9999784976596263, 0.0]
- [0.0, 0.0, 1.0, 0.9997460133614137, -0.0225368313646837, 0.0, 0.0225368313646837,
  0.9997460133614137, 0.0]
- [0.0, 0.0, 1.0, 0.999656771171622, -0.026198088684619984, 0.0, 0.026198088684619984,
  0.999656771171622, 0.0]
- [0.0, 0.0, 1.0, 0.9983253031190289, -0.05784971177369092, 0.0, 0.05784971177369092,
  0.9983253031190289, 0.0]
- [0.0, 0.0, 1.0, 0.9977773357144064, -0.06663623889942182, 0.0, 0.06663623889942182,
  0.9977773357144064, 0.0]
- [0.0, 0.0, 1.0, 0.9962690855977105, -0.08630126929716411, 0.0, 0.08630126929716411,
  0.9962690855977105, 0.0]
- [0.0, 0.0, 1.0, 0.9948655342335081, -0.10120557689315608, 0.0, 0.10120557689315608,
  0.9948655342335081, 0.0]
- [0.0, 0.0, 1.0, 0.9936650934567836, -0.11238185816901948, 0.0, 0.11238185816901948,
  0.9936650934567836, 0.0]
