nodes:
- [2.03339467 0.00725949 0.00000000]
- [2.00855279 0.01077132 0.00000000]
- [1.97994718 0.01654880 0.00000000]
- [1.95134114 0.02232356 0.00000000]
- [1.92273476 0.02809544 0.00000000]
- [1.89412562 0.03386306 0.00000000]
- [1.86551413 0.03964509 0.00000000]
- [1.83691194 0.04546745 0.00000000]
- [1.80830660 0.05129437 0.00000000]
- [1.77971571 0.05719706 0.00000000]
- [1.75113208 0.06311184 0.00000000]
- [1.72255061 0.06906246 0.00000000]
- [1.69398508 0.07507071 0.00000000]
- [1.66542070 0.08108016 0.00000000]
- [1.63686388 0.08714091 0.00000000]
- [1.60831874 0.09323006 0.00000000]
- [1.57977217 0.09932196 0.00000000]
- [1.55123362 0.10546106 0.00000000]
- [1.52270463 0.11161935 0.00000000]
- [1.49417287 0.11777864 0.00000000]
- [1.46564870 0.12398418 0.00000000]
- [1.43713425 0.13020981 0.00000000]
- [1.40862035 0.13643542 0.00000000]
- [1.38010820 0.14267791 0.00000000]
- [1.35160152 0.14893670 0.00000000]
- [1.32309680 0.15519532 0.00000000]
- [1.29387233 0.15817415 0.00000000]
- [1.26120646 0.16190655 0.00000000]
- [1.22926224 0.16891804 0.00000000]
- [1.19732669 0.17591668 0.00000000]
- [1.16537804 0.18286159 0.00000000]
- [1.13693286 0.18904118 0.00000000]
- [1.10850277 0.19521484 0.00000000]
- [1.08006466 0.20131460 0.00000000]
- [1.05160243 0.20738225 0.00000000]
- [1.02313854 0.21345024 0.00000000]
- [0.99470024 0.21948312 0.00000000]
- [0.96622889 0.22537798 0.00000000]
- [0.93772363 0.23126833 0.00000000]
- [0.90924258 0.23715356 0.00000000]
- [0.88077169 0.24291431 0.00000000]
- [0.85224410 0.24853075 0.00000000]
- [0.82368235 0.25415344 0.00000000]
- [0.79517786 0.25976472 0.00000000]
- [0.76664438 0.26512019 0.00000000]
- [0.73803751 0.27040116 0.00000000]
- [0.70942534 0.27568269 0.00000000]
- [0.68086926 0.28088960 0.00000000]
- [0.65225700 0.28580107 0.00000000]
- [0.62356926 0.29067792 0.00000000]
- [0.59490807 0.29554999 0.00000000]
- [0.56629294 0.30024693 0.00000000]
- [0.53758967 0.30462950 0.00000000]
- [0.50881324 0.30902240 0.00000000]
- [0.48012511 0.31340181 0.00000000]
- [0.45142741 0.31738595 0.00000000]
- [0.42261298 0.32117847 0.00000000]
- [0.39376752 0.32497425 0.00000000]
- [0.36504297 0.32868521 0.00000000]
- [0.33576867 0.32739684 0.00000000]
- [0.30296122 0.32642820 0.00000000]
- [0.27082301 0.32986415 0.00000000]
- [0.23871945 0.33266784 0.00000000]
- [0.20915141 0.33499327 0.00000000]
- [0.17961039 0.33731621 0.00000000]
- [0.15029124 0.33929542 0.00000000]
- [0.12081160 0.34062890 0.00000000]
- [0.09108774 0.34197329 0.00000000]
- [0.06178214 0.34330093 0.00000000]
- [0.03245440 0.34351148 0.00000000]
- [0.00270768 0.34370889 0.00000000]
- [-0.02669554 0.34390521 0.00000000]
- [-0.05596044 0.34316835 0.00000000]
- [-0.08556782 0.34208363 0.00000000]
- [-0.11499723 0.34100629 0.00000000]
- [-0.14417158 0.33912806 0.00000000]
- [-0.17361326 0.33666986 0.00000000]
- [-0.20295871 0.33422111 0.00000000]
- [-0.23198585 0.33098304 0.00000000]
- [-0.26124345 0.32709149 0.00000000]
- [-0.29035898 0.32320709 0.00000000]
- [-0.31913095 0.31836502 0.00000000]
- [-0.34818564 0.31294091 0.00000000]
- [-0.37690120 0.30758604 0.00000000]
- [-0.40525347 0.30082987 0.00000000]
- [-0.43392245 0.29383697 0.00000000]
- [-0.46209404 0.28647007 0.00000000]
- [-0.49009917 0.27792786 0.00000000]
- [-0.51804846 0.26932130 0.00000000]
- [-0.54546798 0.25955513 0.00000000]
- [-0.57470233 0.24866423 0.00000000]
- [-0.60337490 0.23679828 0.00000000]
- [-0.63362527 0.22812951 0.00000000]
- [-0.66105755 0.21972393 0.00000000]
- [-0.68614768 0.20634490 0.00000000]
- [-0.71076042 0.19225084 0.00000000]
- [-0.73463285 0.17707963 0.00000000]
- [-0.76004068 0.16393248 0.00000000]
- [-0.78470843 0.14980476 0.00000000]
- [-0.80574261 0.13098860 0.00000000]
- [-0.82573067 0.11120005 0.00000000]
- [-0.84349134 0.08954794 0.00000000]
- [-0.85882979 0.06630655 0.00000000]
- [-0.87041129 0.04128907 0.00000000]
- [-0.87754420 0.01502195 0.00000000]
- [-0.87727199 -0.01189003 0.00000000]
- [-0.86965295 -0.03763197 0.00000000]
- [-0.85503932 -0.06069681 0.00000000]
- [-0.83673674 -0.08167358 0.00000000]
- [-0.81630702 -0.10096601 0.00000000]
- [-0.79441627 -0.11873402 0.00000000]
- [-0.77126956 -0.13505037 0.00000000]
- [-0.74560468 -0.14751003 0.00000000]
- [-0.71759467 -0.15975145 0.00000000]
- [-0.69109683 -0.17446340 0.00000000]
- [-0.66404433 -0.18817493 0.00000000]
- [-0.63659734 -0.20116511 0.00000000]
- [-0.60871563 -0.21331708 0.00000000]
- [-0.58061951 -0.22487505 0.00000000]
- [-0.55046067 -0.23130814 0.00000000]
- [-0.52791479 -0.23488776 0.00000000]
- [-0.50671494 -0.24171737 0.00000000]
- [-0.47922818 -0.25022335 0.00000000]
- [-0.45203180 -0.25842781 0.00000000]
- [-0.42443999 -0.26542175 0.00000000]
- [-0.39658136 -0.27241607 0.00000000]
- [-0.36890381 -0.27874998 0.00000000]
- [-0.34080904 -0.28424455 0.00000000]
- [-0.31267631 -0.28973664 0.00000000]
- [-0.28466198 -0.29438199 0.00000000]
- [-0.25622788 -0.29839196 0.00000000]
- [-0.22784230 -0.30239794 0.00000000]
- [-0.19960795 -0.30555972 0.00000000]
- [-0.17098742 -0.30811444 0.00000000]
- [-0.14236695 -0.31067059 0.00000000]
- [-0.11400285 -0.31256188 0.00000000]
- [-0.08534215 -0.31369144 0.00000000]
- [-0.05650775 -0.31482845 0.00000000]
- [-0.02809699 -0.31562771 0.00000000]
- [0.00045489 -0.31531597 0.00000000]
- [0.02943070 -0.31500182 0.00000000]
- [0.05792709 -0.31468353 0.00000000]
- [0.08632170 -0.31312505 0.00000000]
- [0.11518575 -0.31137275 0.00000000]
- [0.14386963 -0.30963161 0.00000000]
- [0.17220275 -0.30727692 0.00000000]
- [0.20071017 -0.30412152 0.00000000]
- [0.22948875 -0.30093642 0.00000000]
- [0.25782988 -0.29772898 0.00000000]
- [0.28597751 -0.29341882 0.00000000]
- [0.31335178 -0.28903958 0.00000000]
- [0.34069665 -0.28466455 0.00000000]
- [0.36761237 -0.28009838 0.00000000]
- [0.39444093 -0.27456651 0.00000000]
- [0.42254786 -0.27328304 0.00000000]
- [0.45222333 -0.27167217 0.00000000]
- [0.48071458 -0.26522549 0.00000000]
- [0.50915362 -0.25803596 0.00000000]
- [0.53775211 -0.25080115 0.00000000]
- [0.56619581 -0.24360543 0.00000000]
- [0.59438883 -0.23573783 0.00000000]
- [0.62265803 -0.22754045 0.00000000]
- [0.65098102 -0.21932671 0.00000000]
- [0.67916508 -0.21110404 0.00000000]
- [0.70717433 -0.20232774 0.00000000]
- [0.73528444 -0.19343624 0.00000000]
- [0.76339279 -0.18454494 0.00000000]
- [0.79141462 -0.17558894 0.00000000]
- [0.81936533 -0.16636269 0.00000000]
- [0.84737005 -0.15709969 0.00000000]
- [0.87537852 -0.14783545 0.00000000]
- [0.90338666 -0.13857082 0.00000000]
- [0.93139471 -0.12930527 0.00000000]
- [0.95940487 -0.12003955 0.00000000]
- [0.98747003 -0.11076441 0.00000000]
- [1.01563609 -0.10171582 0.00000000]
- [1.04378779 -0.09280249 0.00000000]
- [1.07193339 -0.08389208 0.00000000]
- [1.10023785 -0.07503165 0.00000000]
- [1.12871140 -0.06675896 0.00000000]
- [1.15707108 -0.05858301 0.00000000]
- [1.18815203 -0.04962418 0.00000000]
- [1.21949942 -0.04131935 0.00000000]
- [1.25081356 -0.03345123 0.00000000]
- [1.28295525 -0.02883894 0.00000000]
- [1.31230615 -0.02550264 0.00000000]
- [1.34096248 -0.01958627 0.00000000]
- [1.36957528 -0.01368095 0.00000000]
- [1.39835772 -0.00803438 0.00000000]
- [1.42730921 -0.00344442 0.00000000]
- [1.45616691 0.00103673 0.00000000]
- [1.48515500 0.00544992 0.00000000]
- [1.51430026 0.00870691 0.00000000]
- [1.54333823 0.01183447 0.00000000]
- [1.57249039 0.01488957 0.00000000]
- [1.60173575 0.01688363 0.00000000]
- [1.63089980 0.01876029 0.00000000]
- [1.66016934 0.02038863 0.00000000]
- [1.68945922 0.02106741 0.00000000]
- [1.71871570 0.02167084 0.00000000]
- [1.74804360 0.02164059 0.00000000]
- [1.77730135 0.02091160 0.00000000]
- [1.80660697 0.02013467 0.00000000]
- [1.83586098 0.01822007 0.00000000]
- [1.86506289 0.01624648 0.00000000]
- [1.89423658 0.01357437 0.00000000]
- [1.92334540 0.01058405 0.00000000]
- [1.95240739 0.00721802 0.00000000]
- [1.98140898 0.00357697 0.00000000]
- [2.01037081 -0.00018723 0.00000000]
- [2.03414532 -0.00558064 0.00000000]
- [1.15810945 -0.02840243 0.00000000]
- [1.15914782 0.00177814 0.00000000]
- [1.16018619 0.03195872 0.00000000]
- [1.16122456 0.06213929 0.00000000]
- [1.16226293 0.09231987 0.00000000]
- [1.16330130 0.12250044 0.00000000]
- [1.16433967 0.15268102 0.00000000]
- [-0.50899453 -0.21223075 0.00000000]
- [-0.51127412 -0.18274413 0.00000000]
- [-0.51355371 -0.15325752 0.00000000]
- [-0.51583330 -0.12377090 0.00000000]
- [-0.51811289 -0.09428428 0.00000000]
- [-0.52039248 -0.06479766 0.00000000]
- [-0.52267207 -0.03531105 0.00000000]
- [-0.52495166 -0.00582443 0.00000000]
- [-0.52723125 0.02366219 0.00000000]
- [-0.52951084 0.05314880 0.00000000]
- [-0.53179043 0.08263542 0.00000000]
- [-0.53407003 0.11212204 0.00000000]
- [-0.53634962 0.14160866 0.00000000]
- [-0.53862921 0.17109527 0.00000000]
- [-0.54090880 0.20058189 0.00000000]
- [-0.54318839 0.23006851 0.00000000]
- [0.28372712 -0.26360517 0.00000000]
- [0.28147674 -0.23379152 0.00000000]
- [0.27922636 -0.20397787 0.00000000]
- [0.27697597 -0.17416422 0.00000000]
- [0.27472559 -0.14435057 0.00000000]
- [0.27247521 -0.11453692 0.00000000]
- [0.27022482 -0.08472327 0.00000000]
- [0.26797444 -0.05490962 0.00000000]
- [0.26572406 -0.02509597 0.00000000]
- [0.26347367 0.00471768 0.00000000]
- [0.26122329 0.03453133 0.00000000]
- [0.25897290 0.06434498 0.00000000]
- [0.25672252 0.09415863 0.00000000]
- [0.25447214 0.12397228 0.00000000]
- [0.25222175 0.15378593 0.00000000]
- [0.24997137 0.18359958 0.00000000]
- [0.24772099 0.21341323 0.00000000]
- [0.24547060 0.24322688 0.00000000]
- [0.24322022 0.27304054 0.00000000]
- [0.24096983 0.30285419 0.00000000]
elements:
- [1 2]
- [2 3]
- [3 4]
- [4 5]
- [5 6]
- [6 7]
- [7 8]
- [8 9]
- [9 10]
- [10 11]
- [11 12]
- [12 13]
- [13 14]
- [14 15]
- [15 16]
- [16 17]
- [17 18]
- [18 19]
- [19 20]
- [20 21]
- [21 22]
- [22 23]
- [23 24]
- [24 25]
- [25 26]
- [26 27]
- [27 28]
- [28 29]
- [29 30]
- [30 31]
- [31 32]
- [32 33]
- [33 34]
- [34 35]
- [35 36]
- [36 37]
- [37 38]
- [38 39]
- [39 40]
- [40 41]
- [41 42]
- [42 43]
- [43 44]
- [44 45]
- [45 46]
- [46 47]
- [47 48]
- [48 49]
- [49 50]
- [50 51]
- [51 52]
- [52 53]
- [53 54]
- [54 55]
- [55 56]
- [56 57]
- [57 58]
- [58 59]
- [59 60]
- [60 61]
- [61 62]
- [62 63]
- [63 64]
- [64 65]
- [65 66]
- [66 67]
- [67 68]
- [68 69]
- [69 70]
- [70 71]
- [71 72]
- [72 73]
- [73 74]
- [74 75]
- [75 76]
- [76 77]
- [77 78]
- [78 79]
- [79 80]
- [80 81]
- [81 82]
- [82 83]
- [83 84]
- [84 85]
- [85 86]
- [86 87]
- [87 88]
- [88 89]
- [89 90]
- [90 91]
- [91 92]
- [92 93]
- [93 94]
- [94 95]
- [95 96]
- [96 97]
- [97 98]
- [98 99]
- [99 100]
- [100 101]
- [101 102]
- [102 103]
- [103 104]
- [104 105]
- [105 106]
- [106 107]
- [107 108]
- [108 109]
- [109 110]
- [110 111]
- [111 112]
- [112 113]
- [113 114]
- [114 115]
- [115 116]
- [116 117]
- [117 118]
- [118 119]
- [119 120]
- [120 121]
- [121 122]
- [122 123]
- [123 124]
- [124 125]
- [125 126]
- [126 127]
- [127 128]
- [128 129]
- [129 130]
- [130 131]
- [131 132]
- [132 133]
- [133 134]
- [134 135]
- [135 136]
- [136 137]
- [137 138]
- [138 139]
- [139 140]
- [140 141]
- [141 142]
- [142 143]
- [143 144]
- [144 145]
- [145 146]
- [146 147]
- [147 148]
- [148 149]
- [149 150]
- [150 151]
- [151 152]
- [152 153]
- [153 154]
- [154 155]
- [155 156]
- [156 157]
- [157 158]
- [158 159]
- [159 160]
- [160 161]
- [161 162]
- [162 163]
- [163 164]
- [164 165]
- [165 166]
- [166 167]
- [167 168]
- [168 169]
- [169 170]
- [170 171]
- [171 172]
- [172 173]
- [173 174]
- [174 175]
- [175 176]
- [176 177]
- [177 178]
- [178 179]
- [179 180]
- [180 181]
- [181 182]
- [182 183]
- [183 184]
- [184 185]
- [185 186]
- [186 187]
- [187 188]
- [188 189]
- [189 190]
- [190 191]
- [191 192]
- [192 193]
- [193 194]
- [194 195]
- [195 196]
- [196 197]
- [197 198]
- [198 199]
- [199 200]
- [200 201]
- [201 202]
- [202 203]
- [203 204]
- [204 205]
- [205 206]
- [206 207]
- [207 208]
- [208 209]
- [209 210]
- [210 211]
- [211 1]
- [181 212]
- [212 213]
- [213 214]
- [214 215]
- [215 216]
- [216 217]
- [217 218]
- [218 31]
- [122 219]
- [219 220]
- [220 221]
- [221 222]
- [222 223]
- [223 224]
- [224 225]
- [225 226]
- [226 227]
- [227 228]
- [228 229]
- [229 230]
- [230 231]
- [231 232]
- [232 233]
- [233 234]
- [234 90]
- [150 235]
- [235 236]
- [236 237]
- [237 238]
- [238 239]
- [239 240]
- [240 241]
- [241 242]
- [242 243]
- [243 244]
- [244 245]
- [245 246]
- [246 247]
- [247 248]
- [248 249]
- [249 250]
- [250 251]
- [251 252]
- [252 253]
- [253 254]
- [254 63]
sets:
  element:
  - name: layup_0
    labels:
    - 1
    - 2
    - 3
    - 4
    - 5
    - 6
    - 7
    - 8
    - 9
    - 10
    - 11
    - 12
    - 13
    - 14
    - 15
    - 16
    - 17
    - 18
    - 19
    - 20
    - 21
    - 22
    - 23
    - 24
    - 25
    - 26
    - 185
    - 186
    - 187
    - 188
    - 189
    - 190
    - 191
    - 192
    - 193
    - 194
    - 195
    - 196
    - 197
    - 198
    - 199
    - 200
    - 201
    - 202
    - 203
    - 204
    - 205
    - 206
    - 207
    - 208
    - 209
    - 210
    - 211
  - name: layup_1
    labels:
    - 27
    - 28
    - 29
    - 30
    - 31
    - 32
    - 33
    - 34
    - 35
    - 36
    - 37
    - 38
    - 39
    - 40
    - 41
    - 42
    - 43
    - 44
    - 45
    - 46
    - 47
    - 48
    - 49
    - 50
    - 51
    - 52
    - 53
    - 54
    - 55
    - 56
    - 57
    - 58
    - 59
    - 93
    - 94
    - 95
    - 96
    - 97
    - 113
    - 114
    - 115
    - 116
    - 117
    - 118
    - 119
    - 155
    - 156
    - 157
    - 158
    - 159
    - 160
    - 161
    - 162
    - 163
    - 164
    - 165
    - 166
    - 167
    - 168
    - 169
    - 170
    - 171
    - 172
    - 173
    - 174
    - 175
    - 176
    - 177
    - 178
    - 179
    - 180
    - 181
    - 182
    - 183
    - 184
  - name: layup_2
    labels:
    - 60
    - 61
    - 62
    - 63
    - 64
    - 65
    - 66
    - 67
    - 68
    - 69
    - 70
    - 71
    - 72
    - 73
    - 74
    - 75
    - 76
    - 77
    - 78
    - 79
    - 80
    - 81
    - 82
    - 83
    - 84
    - 85
    - 86
    - 87
    - 88
    - 89
    - 90
    - 91
    - 92
    - 120
    - 121
    - 122
    - 123
    - 124
    - 125
    - 126
    - 127
    - 128
    - 129
    - 130
    - 131
    - 132
    - 133
    - 134
    - 135
    - 136
    - 137
    - 138
    - 139
    - 140
    - 141
    - 142
    - 143
    - 144
    - 145
    - 146
    - 147
    - 148
    - 149
    - 150
    - 151
    - 152
    - 153
    - 154
  - name: layup_3
    labels:
    - 98
    - 99
    - 100
    - 101
    - 102
    - 103
    - 104
    - 105
    - 106
    - 107
    - 108
    - 109
    - 110
    - 111
    - 112
  - name: layup_4
    labels:
    - 212
    - 213
    - 214
    - 215
    - 216
    - 217
    - 218
    - 219
  - name: layup_5
    labels:
    - 220
    - 221
    - 222
    - 223
    - 224
    - 225
    - 226
    - 227
    - 228
    - 229
    - 230
    - 231
    - 232
    - 233
    - 234
    - 235
    - 236
    - 237
    - 238
    - 239
    - 240
    - 241
    - 242
    - 243
    - 244
    - 245
    - 246
    - 247
    - 248
    - 249
    - 250
    - 251
    - 252
    - 253
    - 254
    - 255
    - 256
    - 257
sections:
- type: shell
  elementSet: layup_0
  layup:
  - - gelcoat
    - 0.0005
    - 0.0
  - - glass_triax
    - 0.003
    - 0.0
  - - glass_uniax
    - 0.00657
    - 0.0
  - - glass_triax
    - 0.003
    - 0.0
- type: shell
  elementSet: layup_1
  layup:
  - - gelcoat
    - 0.0005
    - 0.0
  - - glass_triax
    - 0.003
    - 0.0
  - - medium_density_foam
    - 0.02
    - 0.0
  - - glass_triax
    - 0.003
    - 0.0
- type: shell
  elementSet: layup_2
  layup:
  - - gelcoat
    - 0.0005
    - 0.0
  - - glass_triax
    - 0.003
    - 0.0
  - - carbon_uniax
    - 0.03783095
    - 0.0
  - - glass_triax
    - 0.003
    - 0.0
- type: shell
  elementSet: layup_3
  layup:
  - - gelcoat
    - 0.0005
    - 0.0
  - - glass_triax
    - 0.003
    - 0.0
  - - glass_uniax
    - 0.004945
    - 0.0
  - - glass_triax
    - 0.003
    - 0.0
- type: shell
  elementSet: layup_4
  layup:
  - - glass_biax
    - 0.002
    - 0.0
  - - medium_density_foam
    - 0.03
    - 0.0
  - - glass_biax
    - 0.002
    - 0.0
- type: shell
  elementSet: layup_5
  layup:
  - - glass_biax
    - 0.002
    - 0.0
  - - medium_density_foam
    - 0.0204
    - 0.0
  - - glass_biax
    - 0.002
    - 0.0
elementOrientations:
- [0.0, 0.0, 1.0, -0.9901549823299416, 0.1399753941490895, 0.0, -0.1399753941490895,
  -0.9901549823299416, 0.0]
- [0.0, 0.0, 1.0, -0.9802075484057451, 0.19797262954357778, 0.0, -0.19797262954357778,
  -0.9802075484057451, 0.0]
- [0.0, 0.0, 1.0, -0.9802261951395983, 0.1978802829039467, 0.0, -0.1978802829039467,
  -0.9802261951395983, 0.0]
- [0.0, 0.0, 1.0, -0.9802457419476642, 0.1977834305331798, 0.0, -0.1977834305331798,
  -0.9802457419476642, 0.0]
- [0.0, 0.0, 1.0, -0.9802777739614734, 0.19762460848067037, 0.0, -0.19762460848067037,
  -0.9802777739614734, 0.0]
- [0.0, 0.0, 1.0, -0.9801852349437326, 0.19808307650655016, 0.0, -0.19808307650655016,
  -0.9801852349437326, 0.0]
- [0.0, 0.0, 1.0, -0.979903368567994, 0.19947277575924532, 0.0, -0.19947277575924532,
  -0.979903368567994, 0.0]
- [0.0, 0.0, 1.0, -0.9798772132480027, 0.1996012198292593, 0.0, -0.1996012198292593,
  -0.9798772132480027, 0.0]
- [0.0, 0.0, 1.0, -0.9793464246018274, 0.20218946713322417, 0.0, -0.20218946713322417,
  -0.9793464246018274, 0.0]
- [0.0, 0.0, 1.0, -0.9792540929283834, 0.20263618009380524, 0.0, -0.20263618009380524,
  -0.9792540929283834, 0.0]
- [0.0, 0.0, 1.0, -0.9790068064797104, 0.2038275566904505, 0.0, -0.2038275566904505,
  -0.9790068064797104, 0.0]
- [0.0, 0.0, 1.0, -0.9785880374723356, 0.20582869798947542, 0.0, -0.20582869798947542,
  -0.9785880374723356, 0.0]
- [0.0, 0.0, 1.0, -0.97857808679655, 0.20587600161651623, 0.0, -0.20587600161651623,
  -0.97857808679655, 0.0]
- [0.0, 0.0, 1.0, -0.9782115865693802, 0.20761043302641582, 0.0, -0.20761043302641582,
  -0.9782115865693802, 0.0]
- [0.0, 0.0, 1.0, -0.9779962083254257, 0.20862266535803473, 0.0, -0.20862266535803473,
  -0.9779962083254257, 0.0]
- [0.0, 0.0, 1.0, -0.97797905806776, 0.20870304736849662, 0.0, -0.20870304736849662,
  -0.97797905806776, 0.0]
- [0.0, 0.0, 1.0, -0.9776358045069197, 0.2103050968143852, 0.0, -0.2103050968143852,
  -0.9776358045069197, 0.0]
- [0.0, 0.0, 1.0, -0.9774859179242613, 0.21100066412161914, 0.0, -0.21100066412161914,
  -0.9774859179242613, 0.0]
- [0.0, 0.0, 1.0, -0.9774830271546102, 0.21101405551446004, 0.0, -0.21101405551446004,
  -0.9774830271546102, 0.0]
- [0.0, 0.0, 1.0, -0.9771433716807058, 0.21258135191136204, 0.0, -0.21258135191136204,
  -0.9771433716807058, 0.0]
- [0.0, 0.0, 1.0, -0.976985159022092, 0.2133072878515345, 0.0, -0.2133072878515345,
  -0.976985159022092, 0.0]
- [0.0, 0.0, 1.0, -0.9769843172882715, 0.21331114310501947, 0.0, -0.21331114310501947,
  -0.9769843172882715, 0.0]
- [0.0, 0.0, 1.0, -0.9768609920923184, 0.21387520222880382, 0.0, -0.21387520222880382,
  -0.9768609920923184, 0.0]
- [0.0, 0.0, 1.0, -0.9767355788870536, 0.2144472171331962, 0.0, -0.2144472171331962,
  -0.9767355788870536, 0.0]
- [0.0, 0.0, 1.0, -0.9767336620684296, 0.21445594741670107, 0.0, -0.21445594741670107,
  -0.9767336620684296, 0.0]
- [0.0, 0.0, 1.0, -0.9948453457120412, 0.10140383678682721, 0.0, -0.10140383678682721,
  -0.9948453457120412, 0.0]
- [0.0, 0.0, 1.0, -0.993535543059045, 0.11352147232294145, 0.0, -0.11352147232294145,
  -0.993535543059045, 0.0]
- [0.0, 0.0, 1.0, -0.9767485805545609, 0.21438799029948136, 0.0, -0.21438799029948136,
  -0.9767485805545609, 0.0]
- [0.0, 0.0, 1.0, -0.9768185852204799, 0.21406880101467365, 0.0, -0.21406880101467365,
  -0.9768185852204799, 0.0]
- [0.0, 0.0, 1.0, -0.9771792061990324, 0.2124165694389896, 0.0, -0.2124165694389896,
  -0.9771792061990324, 0.0]
- [0.0, 0.0, 1.0, -0.9772059410159258, 0.21229354404498227, 0.0, -0.21229354404498227,
  -0.9772059410159258, 0.0]
- [0.0, 0.0, 1.0, -0.977224776187204, 0.21220682554024747, 0.0, -0.21220682554024747,
  -0.977224776187204, 0.0]
- [0.0, 0.0, 1.0, -0.9777609805016065, 0.20972235219102672, 0.0, -0.20972235219102672,
  -0.9777609805016065, 0.0]
- [0.0, 0.0, 1.0, -0.9780229241876469, 0.20849738550745478, 0.0, -0.20849738550745478,
  -0.9780229241876469, 0.0]
- [0.0, 0.0, 1.0, -0.9780230630370067, 0.20849673418955839, 0.0, -0.20849673418955839,
  -0.9780230630370067, 0.0]
- [0.0, 0.0, 1.0, -0.9782305237355767, 0.20752118550167192, 0.0, -0.20752118550167192,
  -0.9782305237355767, 0.0]
- [0.0, 0.0, 1.0, -0.9792314711990557, 0.2027454705124945, 0.0, -0.2027454705124945,
  -0.9792314711990557, 0.0]
- [0.0, 0.0, 1.0, -0.9793100999485281, 0.20236533334245696, 0.0, -0.20236533334245696,
  -0.9793100999485281, 0.0]
- [0.0, 0.0, 1.0, -0.9793108723402757, 0.20236159545755744, 0.0, -0.20236159545755744,
  -0.9793108723402757, 0.0]
- [0.0, 0.0, 1.0, -0.9801374876474673, 0.19831920055332677, 0.0, -0.19831920055332677,
  -0.9801374876474673, 0.0]
- [0.0, 0.0, 1.0, -0.9811653972048989, 0.19316951966537801, 0.0, -0.19316951966537801,
  -0.9811653972048989, 0.0]
- [0.0, 0.0, 1.0, -0.9811685209603987, 0.19315365250593483, 0.0, -0.19315365250593483,
  -0.9811685209603987, 0.0]
- [0.0, 0.0, 1.0, -0.9811694344904756, 0.1931490119613364, 0.0, -0.1931490119613364,
  -0.9811694344904756, 0.0]
- [0.0, 0.0, 1.0, -0.9828382500193706, 0.18446944001341006, 0.0, -0.18446944001341006,
  -0.9828382500193706, 0.0]
- [0.0, 0.0, 1.0, -0.9833839950002713, 0.1815376500269467, 0.0, -0.1815376500269467,
  -0.9833839950002713, 0.0]
- [0.0, 0.0, 1.0, -0.983386549767039, 0.18152381038662385, 0.0, -0.18152381038662385,
  -0.983386549767039, 0.0]
- [0.0, 0.0, 1.0, -0.9837794968451387, 0.17938199906101476, 0.0, -0.17938199906101476,
  -0.9837794968451387, 0.0]
- [0.0, 0.0, 1.0, -0.9855848842843125, 0.16918166528994322, 0.0, -0.16918166528994322,
  -0.9855848842843125, 0.0]
- [0.0, 0.0, 1.0, -0.9858561846984636, 0.1675935055179316, 0.0, -0.1675935055179316,
  -0.9858561846984636, 0.0]
- [0.0, 0.0, 1.0, -0.985857762007326, 0.1675842268529671, 0.0, -0.1675842268529671,
  -0.985857762007326, 0.0]
- [0.0, 0.0, 1.0, -0.986794941631267, 0.16197451395495618, 0.0, -0.16197451395495618,
  -0.986794941631267, 0.0]
- [0.0, 0.0, 1.0, -0.9885435084573143, 0.1509361848163114, 0.0, -0.1509361848163114,
  -0.9885435084573143, 0.0]
- [0.0, 0.0, 1.0, -0.9885478442072504, 0.15090778546250552, 0.0, -0.15090778546250552,
  -0.9885478442072504, 0.0]
- [0.0, 0.0, 1.0, -0.988547883916829, 0.15090752533773635, 0.0, -0.15090752533773635,
  -0.988547883916829, 0.0]
- [0.0, 0.0, 1.0, -0.9905000294415238, 0.13751251461718172, 0.0, -0.13751251461718172,
  -0.9905000294415238, 0.0]
- [0.0, 0.0, 1.0, -0.9914491933848306, 0.13049328310901212, 0.0, -0.13049328310901212,
  -0.9914491933848306, 0.0]
- [0.0, 0.0, 1.0, -0.9914528694205149, 0.13046535064080209, 0.0, -0.13046535064080209,
  -0.9914528694205149, 0.0]
- [0.0, 0.0, 1.0, -0.991757819065764, 0.12812661051444077, 0.0, -0.12812661051444077,
  -0.991757819065764, 0.0]
- [0.0, 0.0, 1.0, -0.9990329528175063, -0.04396770615729635, 0.0, 0.04396770615729635,
  -0.9990329528175063, 0.0]
- [0.0, 0.0, 1.0, -0.9995644226748176, -0.029512114847275686, 0.0, 0.029512114847275686,
  -0.9995644226748176, 0.0]
- [0.0, 0.0, 1.0, -0.9943334675189949, 0.1063059517226201, 0.0, -0.1063059517226201,
  -0.9943334675189949, 0.0]
- [0.0, 0.0, 1.0, -0.9962082003830993, 0.08700127291865621, 0.0, -0.08700127291865621,
  -0.9962082003830993, 0.0]
- [0.0, 0.0, 1.0, -0.996921611818301, 0.07840471854168551, 0.0, -0.07840471854168551,
  -0.996921611818301, 0.0]
- [0.0, 0.0, 1.0, -0.9969225677210581, 0.0783925632215985, 0.0, -0.0783925632215985,
  -0.9969225677210581, 0.0]
- [0.0, 0.0, 1.0, -0.9977292625802147, 0.06735219811662525, 0.0, -0.06735219811662525,
  -0.9977292625802147, 0.0]
- [0.0, 0.0, 1.0, -0.9989785070032763, 0.04518785838591164, 0.0, -0.04518785838591164,
  -0.9989785070032763, 0.0]
- [0.0, 0.0, 1.0, -0.9989787164407699, 0.045183228064758316, 0.0, -0.045183228064758316,
  -0.9989787164407699, 0.0]
- [0.0, 0.0, 1.0, -0.9989753923127269, 0.04525666308548727, 0.0, -0.04525666308548727,
  -0.9989753923127269, 0.0]
- [0.0, 0.0, 1.0, -0.9999742291953615, 0.00717920226365876, 0.0, -0.00717920226365876,
  -0.9999742291953615, 0.0]
- [0.0, 0.0, 1.0, -0.9999779809672279, 0.006636081728431622, 0.0, -0.006636081728431622,
  -0.9999779809672279, 0.0]
- [0.0, 0.0, 1.0, -0.9999777115628088, 0.006676554321503113, 0.0, -0.006676554321503113,
  -0.9999777115628088, 0.0]
- [0.0, 0.0, 1.0, -0.9996831622052923, -0.025170919793030728, 0.0, 0.025170919793030728,
  -0.9996831622052923, 0.0]
- [0.0, 0.0, 1.0, -0.9993295513454982, -0.03661212651028931, 0.0, 0.03661212651028931,
  -0.9993295513454982, 0.0]
- [0.0, 0.0, 1.0, -0.9993306171764804, -0.036583023025370476, 0.0, 0.036583023025370476,
  -0.9993306171764804, 0.0]
- [0.0, 0.0, 1.0, -0.997934061506142, -0.06424646983185524, 0.0, 0.06424646983185524,
  -0.997934061506142, 0.0]
- [0.0, 0.0, 1.0, -0.9965324947282056, -0.08320448876580351, 0.0, 0.08320448876580351,
  -0.9965324947282056, 0.0]
- [0.0, 0.0, 1.0, -0.9965364947312374, -0.08315656720174593, 0.0, 0.08315656720174593,
  -0.9965364947312374, 0.0]
- [0.0, 0.0, 1.0, -0.9938354224571074, -0.11086547284661244, 0.0, 0.11086547284661244,
  -0.9938354224571074, 0.0]
- [0.0, 0.0, 1.0, -0.9912698563453273, -0.13184867045637685, 0.0, 0.13184867045637685,
  -0.9912698563453273, 0.0]
- [0.0, 0.0, 1.0, -0.9912175045961903, -0.13224166734468112, 0.0, 0.13224166734468112,
  -0.9912175045961903, 0.0]
- [0.0, 0.0, 1.0, -0.9861328812625654, -0.16595764668369806, 0.0, 0.16595764668369806,
  -0.9861328812625654, 0.0]
- [0.0, 0.0, 1.0, -0.9830168088756115, -0.18351554012674118, 0.0, 0.18351554012674118,
  -0.9830168088756115, 0.0]
- [0.0, 0.0, 1.0, -0.9830533535843724, -0.1833196770849191, 0.0, 0.1833196770849191,
  -0.9830533535843724, 0.0]
- [0.0, 0.0, 1.0, -0.9727627214937152, -0.23180312265399003, 0.0, 0.23180312265399003,
  -0.9727627214937152, 0.0]
- [0.0, 0.0, 1.0, -0.9715166904048289, -0.23697113804184677, 0.0, 0.23697113804184677,
  -0.9715166904048289, 0.0]
- [0.0, 0.0, 1.0, -0.9674678784763249, -0.25299388157921726, 0.0, 0.25299388157921726,
  -0.9674678784763249, 0.0]
- [0.0, 0.0, 1.0, -0.956493793510853, -0.2917526743240202, 0.0, 0.2917526743240202,
  -0.956493793510853, 0.0]
- [0.0, 0.0, 1.0, -0.9557138210183389, -0.2942976253973626, 0.0, 0.2942976253973626,
  -0.9557138210183389, 0.0]
- [0.0, 0.0, 1.0, -0.9420300555852033, -0.33552850009222607, 0.0, 0.33552850009222607,
  -0.9420300555852033, 0.0]
- [0.0, 0.0, 1.0, -0.9370856682563047, -0.3490994848873813, 0.0, 0.3490994848873813,
  -0.9370856682563047, 0.0]
- [0.0, 0.0, 1.0, -0.924000455929202, -0.3823913668515893, 0.0, 0.3823913668515893,
  -0.924000455929202, 0.0]
- [0.0, 0.0, 1.0, -0.9613069811996641, -0.2754793783512456, 0.0, 0.2754793783512456,
  -0.9613069811996641, 0.0]
- [0.0, 0.0, 1.0, -0.9561223909569723, -0.2929675297890919, 0.0, 0.2929675297890919,
  -0.9561223909569723, 0.0]
- [0.0, 0.0, 1.0, -0.882387590513773, -0.4705232620256919, 0.0, 0.4705232620256919,
  -0.882387590513773, 0.0]
- [0.0, 0.0, 1.0, -0.8677926690274049, -0.4969264367914962, 0.0, 0.4969264367914962,
  -0.8677926690274049, 0.0]
- [0.0, 0.0, 1.0, -0.843987056396912, -0.5363635414851347, 0.0, 0.5363635414851347,
  -0.843987056396912, 0.0]
- [0.0, 0.0, 1.0, -0.8881438145596644, -0.45956562606379575, 0.0, 0.45956562606379575,
  -0.8881438145596644, 0.0]
- [0.0, 0.0, 1.0, -0.8677598852675762, -0.49698368335429594, 0.0, 0.49698368335429594,
  -0.8677598852675762, 0.0]
- [0.0, 0.0, 1.0, -0.7453100200494819, -0.6667180618626145, 0.0, 0.6667180618626145,
  -0.7453100200494819, 0.0]
- [0.0, 0.0, 1.0, -0.7106444992637414, -0.703551274368959, 0.0, 0.703551274368959,
  -0.7106444992637414, 0.0]
- [0.0, 0.0, 1.0, -0.6342064267014345, -0.7731637655313381, 0.0, 0.7731637655313381,
  -0.6342064267014345, 0.0]
- [0.0, 0.0, 1.0, -0.5508205122440523, -0.8346237255741056, 0.0, 0.8346237255741056,
  -0.5508205122440523, 0.0]
- [0.0, 0.0, 1.0, -0.42010353218905383, -0.9074761827410572, 0.0, 0.9074761827410572,
  -0.42010353218905383, 0.0]
- [0.0, 0.0, 1.0, -0.2620623068744229, -0.9650509558130367, 0.0, 0.9650509558130367,
  -0.2620623068744229, 0.0]
- [0.0, 0.0, 1.0, 0.010114375378005906, -0.9999488483971132, 0.0, 0.9999488483971132,
  0.010114375378005906, 0.0]
- [0.0, 0.0, 1.0, 0.2838071510335982, -0.9588813800581344, 0.0, 0.9588813800581344,
  0.2838071510335982, 0.0]
- [0.0, 0.0, 1.0, 0.535206400354385, -0.8447213203297887, 0.0, 0.8447213203297887,
  0.535206400354385, 0.0]
- [0.0, 0.0, 1.0, 0.6574443089145816, -0.7535031391280518, 0.0, 0.7535031391280518,
  0.6574443089145816, 0.0]
- [0.0, 0.0, 1.0, 0.7270539537548337, -0.6865803291163126, 0.0, 0.6865803291163126,
  0.7270539537548337, 0.0]
- [0.0, 0.0, 1.0, 0.7764302216376003, -0.6302032298614368, 0.0, 0.6302032298614368,
  0.7764302216376003, 0.0]
- [0.0, 0.0, 1.0, 0.8173421903286548, -0.576152535279293, 0.0, 0.576152535279293,
  0.8173421903286548, 0.0]
- [0.0, 0.0, 1.0, 0.8995926244522572, -0.43673001961291846, 0.0, 0.43673001961291846,
  0.8995926244522572, 0.0]
- [0.0, 0.0, 1.0, 0.9163129209002647, -0.4004630207537586, 0.0, 0.4004630207537586,
  0.9163129209002647, 0.0]
- [0.0, 0.0, 1.0, 0.8742844138275581, -0.4854140127130687, 0.0, 0.4854140127130687,
  0.8742844138275581, 0.0]
- [0.0, 0.0, 1.0, 0.8919702254287526, -0.4520941461118252, 0.0, 0.4520941461118252,
  0.8919702254287526, 0.0]
- [0.0, 0.0, 1.0, 0.9038782293975557, -0.42778983908122425, 0.0, 0.42778983908122425,
  0.9038782293975557, 0.0]
- [0.0, 0.0, 1.0, 0.9167151388649518, -0.39954142986155017, 0.0, 0.39954142986155017,
  0.9167151388649518, 0.0]
- [0.0, 0.0, 1.0, 0.9248058001489848, -0.380439524774695, 0.0, 0.380439524774695,
  0.9248058001489848, 0.0]
- [0.0, 0.0, 1.0, 0.9779980986389962, -0.20861380361449783, 0.0, 0.20861380361449783,
  0.9779980986389962, 0.0]
- [0.0, 0.0, 1.0, 0.9876293717638428, -0.15680632649659715, 0.0, 0.15680632649659715,
  0.9876293717638428, 0.0]
- [0.0, 0.0, 1.0, 0.9518272921214064, -0.30663464574772203, 0.0, 0.30663464574772203,
  0.9518272921214064, 0.0]
- [0.0, 0.0, 1.0, 0.9553038330795804, -0.2956257541275136, 0.0, 0.2956257541275136,
  0.9553038330795804, 0.0]
- [0.0, 0.0, 1.0, 0.9573838410011519, -0.28881859529795, 0.0, 0.28881859529795, 0.9573838410011519,
  0.0]
- [0.0, 0.0, 1.0, 0.9693438862069456, -0.245708018333176, 0.0, 0.245708018333176,
  0.9693438862069456, 0.0]
- [0.0, 0.0, 1.0, 0.9698990004290339, -0.24350755422935233, 0.0, 0.24350755422935233,
  0.9698990004290339, 0.0]
- [0.0, 0.0, 1.0, 0.9748001945517956, -0.2230797630933418, 0.0, 0.2230797630933418,
  0.9748001945517956, 0.0]
- [0.0, 0.0, 1.0, 0.9814073845603949, -0.19193630592028477, 0.0, 0.19193630592028477,
  0.9814073845603949, 0.0]
- [0.0, 0.0, 1.0, 0.9814723456518712, -0.1916038483971911, 0.0, 0.1916038483971911,
  0.9814723456518712, 0.0]
- [0.0, 0.0, 1.0, 0.9865289626607664, -0.16358669209771418, 0.0, 0.16358669209771418,
  0.9865289626607664, 0.0]
- [0.0, 0.0, 1.0, 0.9902016691126164, -0.1396447438559296, 0.0, 0.1396447438559296,
  0.9902016691126164, 0.0]
- [0.0, 0.0, 1.0, 0.9901878745133715, -0.13974252454672295, 0.0, 0.13974252454672295,
  0.9901878745133715, 0.0]
- [0.0, 0.0, 1.0, 0.9937881848805383, -0.11128811073895117, 0.0, 0.11128811073895117,
  0.9937881848805383, 0.0]
- [0.0, 0.0, 1.0, 0.9960398351137734, -0.08890808099676425, 0.0, 0.08890808099676425,
  0.9960398351137734, 0.0]
- [0.0, 0.0, 1.0, 0.9960353957083716, -0.08895780177178038, 0.0, 0.08895780177178038,
  0.9960353957083716, 0.0]
- [0.0, 0.0, 1.0, 0.9977843396650256, -0.0665312822605204, 0.0, 0.0665312822605204,
  0.9977843396650256, 0.0]
- [0.0, 0.0, 1.0, 0.9992242725996979, -0.039380871595286804, 0.0, 0.039380871595286804,
  0.9992242725996979, 0.0]
- [0.0, 0.0, 1.0, 0.9992234451868403, -0.03940186022184412, 0.0, 0.03940186022184412,
  0.9992234451868403, 0.0]
- [0.0, 0.0, 1.0, 0.9996045162054734, -0.028121365216172655, 0.0, 0.028121365216172655,
  0.9996045162054734, 0.0]
- [0.0, 0.0, 1.0, 0.9999403988044808, 0.01091782206925424, 0.0, -0.01091782206925424,
  0.9999403988044808, 0.0]
- [0.0, 0.0, 1.0, 0.9999412331416817, 0.010841137536853729, 0.0, -0.010841137536853729,
  0.9999412331416817, 0.0]
- [0.0, 0.0, 1.0, 0.9999376252035208, 0.011168961560647887, 0.0, -0.011168961560647887,
  0.9999376252035208, 0.0]
- [0.0, 0.0, 1.0, 0.998497139042236, 0.05480386231343213, 0.0, -0.05480386231343213,
  0.998497139042236, 0.0]
- [0.0, 0.0, 1.0, 0.9981623105541763, 0.060597044392842116, 0.0, -0.060597044392842116,
  0.9981623105541763, 0.0]
- [0.0, 0.0, 1.0, 0.9981627703146558, 0.060589470684035654, 0.0, -0.060589470684035654,
  0.9981627703146558, 0.0]
- [0.0, 0.0, 1.0, 0.9965643728902503, 0.08282180078857299, 0.0, -0.08282180078857299,
  0.9965643728902503, 0.0]
- [0.0, 0.0, 1.0, 0.9939298944133871, 0.11001529435216367, 0.0, -0.11001529435216367,
  0.9939298944133871, 0.0]
- [0.0, 0.0, 1.0, 0.9939311251145831, 0.11000417505012636, 0.0, -0.11000417505012636,
  0.9939311251145831, 0.0]
- [0.0, 0.0, 1.0, 0.9936568243198912, 0.11245494867949903, 0.0, -0.11245494867949903,
  0.9936568243198912, 0.0]
- [0.0, 0.0, 1.0, 0.9884783285466511, 0.1513624589970017, 0.0, -0.1513624589970017,
  0.9884783285466511, 0.0]
- [0.0, 0.0, 1.0, 0.9874442202515026, 0.15796807238142183, 0.0, -0.15796807238142183,
  0.9874442202515026, 0.0]
- [0.0, 0.0, 1.0, 0.9874414773719828, 0.15798521692055834, 0.0, -0.15798521692055834,
  0.9874414773719828, 0.0]
- [0.0, 0.0, 1.0, 0.9859133267434316, 0.16725702421632258, 0.0, -0.16725702421632258,
  0.9859133267434316, 0.0]
- [0.0, 0.0, 1.0, 0.9793968364867107, 0.20194513284509474, 0.0, -0.20194513284509474,
  0.9793968364867107, 0.0]
- [0.0, 0.0, 1.0, 0.9989590353839436, 0.04561628683684043, 0.0, -0.04561628683684043,
  0.9989590353839436, 0.0]
- [0.0, 0.0, 1.0, 0.9985299275468584, 0.054203171431804364, 0.0, -0.054203171431804364,
  0.9985299275468584, 0.0]
- [0.0, 0.0, 1.0, 0.9753440528125595, 0.2206897791996066, 0.0, -0.2206897791996066,
  0.9753440528125595, 0.0]
- [0.0, 0.0, 1.0, 0.9694992227555439, 0.24509438401643613, 0.0, -0.24509438401643613,
  0.9694992227555439, 0.0]
- [0.0, 0.0, 1.0, 0.9694591917281566, 0.24525267699617329, 0.0, -0.24525267699617329,
  0.9694591917281566, 0.0]
- [0.0, 0.0, 1.0, 0.9694587335775395, 0.2452544880124177, 0.0, -0.2452544880124177,
  0.9694587335775395, 0.0]
- [0.0, 0.0, 1.0, 0.9631981776592357, 0.26879224422205195, 0.0, -0.26879224422205195,
  0.9631981776592357, 0.0]
- [0.0, 0.0, 1.0, 0.9604354670004642, 0.2785026278648019, 0.0, -0.2785026278648019,
  0.9604354670004642, 0.0]
- [0.0, 0.0, 1.0, 0.9604284018860235, 0.27852699124260616, 0.0, -0.27852699124260616,
  0.9604284018860235, 0.0]
- [0.0, 0.0, 1.0, 0.959978787812088, 0.2800727172554194, 0.0, -0.2800727172554194,
  0.959978787812088, 0.0]
- [0.0, 0.0, 1.0, 0.9542526455930158, 0.29900148557947037, 0.0, -0.29900148557947037,
  0.9542526455930158, 0.0]
- [0.0, 0.0, 1.0, 0.9534401540635566, 0.30158228167327955, 0.0, -0.30158228167327955,
  0.9534401540635566, 0.0]
- [0.0, 0.0, 1.0, 0.9534366189806444, 0.30159345746676525, 0.0, -0.30159345746676525,
  0.9534366189806444, 0.0]
- [0.0, 0.0, 1.0, 0.9525324688623897, 0.3044370144429229, 0.0, -0.3044370144429229,
  0.9525324688623897, 0.0]
- [0.0, 0.0, 1.0, 0.9496032244779166, 0.31345448802201537, 0.0, -0.31345448802201537,
  0.9496032244779166, 0.0]
- [0.0, 0.0, 1.0, 0.949412106052109, 0.3140328850322829, 0.0, -0.3140328850322829,
  0.949412106052109, 0.0]
- [0.0, 0.0, 1.0, 0.9494120689097966, 0.3140329973241979, 0.0, -0.3140329973241979,
  0.9494120689097966, 0.0]
- [0.0, 0.0, 1.0, 0.9494070495954253, 0.31404817174839517, 0.0, -0.31404817174839517,
  0.9494070495954253, 0.0]
- [0.0, 0.0, 1.0, 0.9493974784308528, 0.31407710510181835, 0.0, -0.31407710510181835,
  0.9493974784308528, 0.0]
- [0.0, 0.0, 1.0, 0.9494027746823182, 0.3140610950524043, 0.0, -0.3140610950524043,
  0.9494027746823182, 0.0]
- [0.0, 0.0, 1.0, 0.9494913271759605, 0.3137932752906491, 0.0, -0.3137932752906491,
  0.9494913271759605, 0.0]
- [0.0, 0.0, 1.0, 0.9520756672888707, 0.30586258966478963, 0.0, -0.30586258966478963,
  0.9520756672888707, 0.0]
- [0.0, 0.0, 1.0, 0.9533556248621261, 0.30184938718464394, 0.0, -0.30184938718464394,
  0.9533556248621261, 0.0]
- [0.0, 0.0, 1.0, 0.9533652262601924, 0.30181906062714503, 0.0, -0.30181906062714503,
  0.9533652262601924, 0.0]
- [0.0, 0.0, 1.0, 0.9543331211149709, 0.2987445295615605, 0.0, -0.2987445295615605,
  0.9543331211149709, 0.0]
- [0.0, 0.0, 1.0, 0.9602904743276922, 0.2790021593384107, 0.0, -0.2790021593384107,
  0.9602904743276922, 0.0]
- [0.0, 0.0, 1.0, 0.9608661996881055, 0.2770128991526169, 0.0, -0.2770128991526169,
  0.9608661996881055, 0.0]
- [0.0, 0.0, 1.0, 0.9608797992281384, 0.276965722491597, 0.0, -0.276965722491597,
  0.9608797992281384, 0.0]
- [0.0, 0.0, 1.0, 0.9666518629863872, 0.25609407604422835, 0.0, -0.25609407604422835,
  0.9666518629863872, 0.0]
- [0.0, 0.0, 1.0, 0.9698533708291456, 0.2436892264572724, 0.0, -0.2436892264572724,
  0.9698533708291456, 0.0]
- [0.0, 0.0, 1.0, 0.9898603801748762, 0.1420437529779097, 0.0, -0.1420437529779097,
  0.9898603801748762, 0.0]
- [0.0, 0.0, 1.0, 0.9936015824997386, 0.11294199951309106, 0.0, -0.11294199951309106,
  0.9936015824997386, 0.0]
- [0.0, 0.0, 1.0, 0.9793452301105989, 0.20219525281177658, 0.0, -0.20219525281177658,
  0.9793452301105989, 0.0]
- [0.0, 0.0, 1.0, 0.9793592509940455, 0.20212732989969973, 0.0, -0.20212732989969973,
  0.9793592509940455, 0.0]
- [0.0, 0.0, 1.0, 0.9812947170184286, 0.19251150186864643, 0.0, -0.19251150186864643,
  0.9812947170184286, 0.0]
- [0.0, 0.0, 1.0, 0.9876646362633777, 0.15658405498239505, 0.0, -0.15658405498239505,
  0.9876646362633777, 0.0]
- [0.0, 0.0, 1.0, 0.9881571793324845, 0.15344506813080722, 0.0, -0.15344506813080722,
  0.9881571793324845, 0.0]
- [0.0, 0.0, 1.0, 0.9886088648188317, 0.1505075160967752, 0.0, -0.1505075160967752,
  0.9886088648188317, 0.0]
- [0.0, 0.0, 1.0, 0.9938138247281915, 0.11105891129992013, 0.0, -0.11105891129992013,
  0.9938138247281915, 0.0]
- [0.0, 0.0, 1.0, 0.9942496989511308, 0.10708658242555794, 0.0, -0.10708658242555794,
  0.9942496989511308, 0.0]
- [0.0, 0.0, 1.0, 0.9945534816455739, 0.10422750187290826, 0.0, -0.10422750187290826,
  0.9945534816455739, 0.0]
- [0.0, 0.0, 1.0, 0.9976835593351296, 0.06802584385648554, 0.0, -0.06802584385648554,
  0.9976835593351296, 0.0]
- [0.0, 0.0, 1.0, 0.9979360452011117, 0.06421564987107715, 0.0, -0.06421564987107715,
  0.9979360452011117, 0.0]
- [0.0, 0.0, 1.0, 0.9984560989970553, 0.055546542426891554, 0.0, -0.055546542426891554,
  0.9984560989970553, 0.0]
- [0.0, 0.0, 1.0, 0.9997315729388081, 0.023168557773340155, 0.0, -0.023168557773340155,
  0.9997315729388081, 0.0]
- [0.0, 0.0, 1.0, 0.9997873608618183, 0.02062117991193375, 0.0, -0.02062117991193375,
  0.9997873608618183, 0.0]
- [0.0, 0.0, 1.0, 0.9999994678761833, -0.001031623647596299, 0.0, 0.001031623647596299,
  0.9999994678761833, 0.0]
- [0.0, 0.0, 1.0, 0.9996897420104498, -0.024908225932018618, 0.0, 0.024908225932018618,
  0.9996897420104498, 0.0]
- [0.0, 0.0, 1.0, 0.9996487567059165, -0.026502136070804965, 0.0, 0.026502136070804965,
  0.9996487567059165, 0.0]
- [0.0, 0.0, 1.0, 0.9978651736530031, -0.06530769641062256, 0.0, 0.06530769641062256,
  0.9978651736530031, 0.0]
- [0.0, 0.0, 1.0, 0.9977239797632821, -0.06743041009305793, 0.0, 0.06743041009305793,
  0.9977239797632821, 0.0]
- [0.0, 0.0, 1.0, 0.995831543498504, -0.09121149584009226, 0.0, 0.09121149584009226,
  0.995831543498504, 0.0]
- [0.0, 0.0, 1.0, 0.994764798986506, -0.10219097170169365, 0.0, 0.10219097170169365,
  0.994764798986506, 0.0]
- [0.0, 0.0, 1.0, 0.9933593136829281, -0.11505335249084359, 0.0, 0.11505335249084359,
  0.9933593136829281, 0.0]
- [0.0, 0.0, 1.0, 0.992210994946095, -0.12456862168331263, 0.0, 0.12456862168331263,
  0.992210994946095, 0.0]
- [0.0, 0.0, 1.0, 0.9916592643160074, -0.12888717351325127, 0.0, 0.12888717351325127,
  0.9916592643160074, 0.0]
