nodes:
- [1.09480222 0.00053085 0.00000000]
- [1.08026388 0.00234419 0.00000000]
- [1.06393691 0.00513530 0.00000000]
- [1.04759836 0.00791590 0.00000000]
- [1.03126441 0.01075612 0.00000000]
- [1.01493784 0.01364527 0.00000000]
- [0.99862510 0.01660570 0.00000000]
- [0.98232258 0.01960269 0.00000000]
- [0.96602462 0.02263376 0.00000000]
- [0.94973815 0.02572015 0.00000000]
- [0.93345698 0.02882836 0.00000000]
- [0.91718416 0.03197974 0.00000000]
- [0.90097227 0.03544208 0.00000000]
- [0.88540407 0.03882322 0.00000000]
- [0.86978372 0.04193616 0.00000000]
- [0.85417126 0.04508541 0.00000000]
- [0.83856264 0.04824807 0.00000000]
- [0.82295788 0.05143293 0.00000000]
- [0.80735740 0.05463961 0.00000000]
- [0.79176122 0.05787121 0.00000000]
- [0.77617178 0.06113505 0.00000000]
- [0.76058799 0.06442325 0.00000000]
- [0.74501018 0.06773684 0.00000000]
- [0.72943604 0.07106729 0.00000000]
- [0.71386749 0.07442215 0.00000000]
- [0.69830223 0.07778942 0.00000000]
- [0.68274103 0.08117318 0.00000000]
- [0.66718192 0.08456328 0.00000000]
- [0.65162487 0.08796097 0.00000000]
- [0.63606865 0.09135989 0.00000000]
- [0.62051267 0.09475935 0.00000000]
- [0.60524357 0.09809600 0.00000000]
- [0.58997362 0.10142679 0.00000000]
- [0.57470329 0.10475205 0.00000000]
- [0.55942929 0.10806130 0.00000000]
- [0.54415557 0.11136742 0.00000000]
- [0.52887658 0.11464542 0.00000000]
- [0.51359465 0.11791078 0.00000000]
- [0.49830725 0.12115107 0.00000000]
- [0.48301998 0.12437990 0.00000000]
- [0.46772162 0.12755172 0.00000000]
- [0.45241930 0.13070198 0.00000000]
- [0.43710414 0.13378914 0.00000000]
- [0.42178570 0.13685453 0.00000000]
- [0.40615177 0.13828506 0.00000000]
- [0.38870160 0.14002487 0.00000000]
- [0.37154271 0.14325419 0.00000000]
- [0.35437111 0.14642435 0.00000000]
- [0.33719482 0.14953570 0.00000000]
- [0.32130910 0.15232118 0.00000000]
- [0.30542042 0.15507316 0.00000000]
- [0.28951732 0.15771893 0.00000000]
- [0.27360417 0.16031163 0.00000000]
- [0.25767685 0.16280598 0.00000000]
- [0.24174067 0.16523769 0.00000000]
- [0.22579689 0.16756584 0.00000000]
- [0.20983034 0.16978752 0.00000000]
- [0.19386602 0.17194899 0.00000000]
- [0.17788323 0.17394206 0.00000000]
- [0.16188657 0.17585750 0.00000000]
- [0.14587632 0.17762948 0.00000000]
- [0.12985596 0.17930616 0.00000000]
- [0.11383543 0.18083834 0.00000000]
- [0.09779151 0.18219281 0.00000000]
- [0.08174491 0.18344772 0.00000000]
- [0.06569163 0.18449147 0.00000000]
- [0.04962176 0.18538749 0.00000000]
- [0.03355399 0.18611720 0.00000000]
- [0.01748207 0.18663686 0.00000000]
- [0.00141664 0.18696877 0.00000000]
- [-0.01465312 0.18702377 0.00000000]
- [-0.03073103 0.18689683 0.00000000]
- [-0.04678730 0.18654519 0.00000000]
- [-0.06284170 0.18590376 0.00000000]
- [-0.07888971 0.18507983 0.00000000]
- [-0.09490281 0.18398047 0.00000000]
- [-0.11090768 0.18258980 0.00000000]
- [-0.12689019 0.18100870 0.00000000]
- [-0.14282284 0.17911287 0.00000000]
- [-0.15874205 0.17693361 0.00000000]
- [-0.17462678 0.17457165 0.00000000]
- [-0.19044292 0.17188439 0.00000000]
- [-0.20623062 0.16891561 0.00000000]
- [-0.22196885 0.16574695 0.00000000]
- [-0.23762136 0.16224762 0.00000000]
- [-0.25322566 0.15845731 0.00000000]
- [-0.26875968 0.15444896 0.00000000]
- [-0.28418556 0.15007784 0.00000000]
- [-0.29954100 0.14542495 0.00000000]
- [-0.31479947 0.14048109 0.00000000]
- [-0.32993829 0.13523809 0.00000000]
- [-0.34492989 0.12960677 0.00000000]
- [-0.35980092 0.12363592 0.00000000]
- [-0.37452150 0.11734736 0.00000000]
- [-0.38904476 0.11064951 0.00000000]
- [-0.40336799 0.10356286 0.00000000]
- [-0.41694269 0.09628153 0.00000000]
- [-0.43027561 0.08860664 0.00000000]
- [-0.44326249 0.08042605 0.00000000]
- [-0.45586332 0.07170937 0.00000000]
- [-0.46897947 0.06365554 0.00000000]
- [-0.48280338 0.05361959 0.00000000]
- [-0.49452792 0.04132900 0.00000000]
- [-0.50432699 0.02762318 0.00000000]
- [-0.51049363 0.01452420 0.00000000]
- [-0.51316109 0.00072646 0.00000000]
- [-0.51012885 -0.01269938 0.00000000]
- [-0.50213757 -0.02442422 0.00000000]
- [-0.49090636 -0.03495661 0.00000000]
- [-0.47827766 -0.04413127 0.00000000]
- [-0.46494831 -0.05239106 0.00000000]
- [-0.45116490 -0.05995205 0.00000000]
- [-0.43706787 -0.06696605 0.00000000]
- [-0.42273021 -0.07351143 0.00000000]
- [-0.40760667 -0.07820162 0.00000000]
- [-0.39418699 -0.08181581 0.00000000]
- [-0.38126864 -0.08664368 0.00000000]
- [-0.36606565 -0.09193649 0.00000000]
- [-0.35075742 -0.09695575 0.00000000]
- [-0.33535727 -0.10169378 0.00000000]
- [-0.31987880 -0.10616509 0.00000000]
- [-0.30431533 -0.11034307 0.00000000]
- [-0.28866649 -0.11427535 0.00000000]
- [-0.27298946 -0.11802532 0.00000000]
- [-0.25723398 -0.12143040 0.00000000]
- [-0.24141454 -0.12465906 0.00000000]
- [-0.22558432 -0.12768973 0.00000000]
- [-0.20968337 -0.13037562 0.00000000]
- [-0.19374094 -0.13291984 0.00000000]
- [-0.17778471 -0.13521933 0.00000000]
- [-0.16177175 -0.13723878 0.00000000]
- [-0.14574071 -0.13912633 0.00000000]
- [-0.12969507 -0.14074051 0.00000000]
- [-0.11360750 -0.14213405 0.00000000]
- [-0.09751896 -0.14337934 0.00000000]
- [-0.08141598 -0.14433506 0.00000000]
- [-0.06528397 -0.14511255 0.00000000]
- [-0.04916276 -0.14571380 0.00000000]
- [-0.03303280 -0.14602729 0.00000000]
- [-0.01688919 -0.14617011 0.00000000]
- [-0.00075675 -0.14609007 0.00000000]
- [0.01537449 -0.14577073 0.00000000]
- [0.03150220 -0.14524165 0.00000000]
- [0.04762615 -0.14448240 0.00000000]
- [0.06373734 -0.14354531 0.00000000]
- [0.07982286 -0.14236156 0.00000000]
- [0.09590732 -0.14094196 0.00000000]
- [0.11197134 -0.13938148 0.00000000]
- [0.12799405 -0.13754593 0.00000000]
- [0.14401805 -0.13549453 0.00000000]
- [0.16001104 -0.13332936 0.00000000]
- [0.17594999 -0.13085946 0.00000000]
- [0.19188241 -0.12821531 0.00000000]
- [0.20777582 -0.12539161 0.00000000]
- [0.22363510 -0.12234725 0.00000000]
- [0.23946297 -0.11916208 0.00000000]
- [0.25524428 -0.11573734 0.00000000]
- [0.27101558 -0.11218603 0.00000000]
- [0.28674862 -0.10849828 0.00000000]
- [0.30245135 -0.10464685 0.00000000]
- [0.31814222 -0.10070649 0.00000000]
- [0.33381460 -0.09665648 0.00000000]
- [0.34947644 -0.09257167 0.00000000]
- [0.36510882 -0.08837132 0.00000000]
- [0.38123652 -0.08400568 0.00000000]
- [0.39735261 -0.07959556 0.00000000]
- [0.41346355 -0.07515742 0.00000000]
- [0.42957046 -0.07068803 0.00000000]
- [0.44568186 -0.06621541 0.00000000]
- [0.46180003 -0.06174083 0.00000000]
- [0.47835176 -0.05883472 0.00000000]
- [0.49392017 -0.05621585 0.00000000]
- [0.50908460 -0.05212063 0.00000000]
- [0.52426082 -0.04805674 0.00000000]
- [0.53946410 -0.04408871 0.00000000]
- [0.55468000 -0.04017323 0.00000000]
- [0.56992088 -0.03634189 0.00000000]
- [0.58518709 -0.03260589 0.00000000]
- [0.60048246 -0.02897801 0.00000000]
- [0.61580537 -0.02548229 0.00000000]
- [0.63130416 -0.02202175 0.00000000]
- [0.64684130 -0.01872813 0.00000000]
- [0.66239933 -0.01553312 0.00000000]
- [0.67799214 -0.01251018 0.00000000]
- [0.69360403 -0.00958983 0.00000000]
- [0.70925300 -0.00683907 0.00000000]
- [0.72492693 -0.00426909 0.00000000]
- [0.74062073 -0.00179767 0.00000000]
- [0.75635301 0.00044250 0.00000000]
- [0.77210235 0.00253216 0.00000000]
- [0.78788078 0.00443527 0.00000000]
- [0.80367906 0.00612053 0.00000000]
- [0.81949543 0.00767386 0.00000000]
- [0.83533705 0.00895762 0.00000000]
- [0.85118435 0.01009470 0.00000000]
- [0.86705212 0.01102380 0.00000000]
- [0.88292846 0.01172607 0.00000000]
- [0.89880587 0.01255060 0.00000000]
- [0.91540901 0.01313535 0.00000000]
- [0.93201935 0.01320193 0.00000000]
- [0.94863513 0.01302780 0.00000000]
- [0.96524747 0.01256459 0.00000000]
- [0.98184288 0.01184110 0.00000000]
- [0.99843521 0.01090320 0.00000000]
- [1.01500574 0.00962698 0.00000000]
- [1.03154333 0.00813307 0.00000000]
- [1.04806172 0.00645856 0.00000000]
- [1.06455396 0.00459105 0.00000000]
- [1.08102068 0.00260562 0.00000000]
- [1.09511217 -0.00017185 0.00000000]
- [0.61647784 -0.00830491 0.00000000]
- [0.61715031 0.00887247 0.00000000]
- [0.61782278 0.02604984 0.00000000]
- [0.61849525 0.04322722 0.00000000]
- [0.61916773 0.06040460 0.00000000]
- [0.61984020 0.07758198 0.00000000]
- [-0.38311025 -0.07079314 0.00000000]
- [-0.38495187 -0.05494259 0.00000000]
- [-0.38679348 -0.03909205 0.00000000]
- [-0.38863509 -0.02324150 0.00000000]
- [-0.39047670 -0.00739096 0.00000000]
- [-0.39231831 0.00845959 0.00000000]
- [-0.39415993 0.02431013 0.00000000]
- [-0.39600154 0.04016068 0.00000000]
- [-0.39784315 0.05601123 0.00000000]
- [-0.39968476 0.07186177 0.00000000]
- [-0.40152637 0.08771232 0.00000000]
- [0.36324789 -0.07251085 0.00000000]
- [0.36138696 -0.05665038 0.00000000]
- [0.35952602 -0.04078991 0.00000000]
- [0.35766509 -0.02492945 0.00000000]
- [0.35580416 -0.00906898 0.00000000]
- [0.35394322 0.00679149 0.00000000]
- [0.35208229 0.02265196 0.00000000]
- [0.35022136 0.03851242 0.00000000]
- [0.34836042 0.05437289 0.00000000]
- [0.34649949 0.07023336 0.00000000]
- [0.34463856 0.08609383 0.00000000]
- [0.34277762 0.10195430 0.00000000]
- [0.34091669 0.11781476 0.00000000]
- [0.33905576 0.13367523 0.00000000]
elements:
- [1 2]
- [2 3]
- [3 4]
- [4 5]
- [5 6]
- [6 7]
- [7 8]
- [8 9]
- [9 10]
- [10 11]
- [11 12]
- [12 13]
- [13 14]
- [14 15]
- [15 16]
- [16 17]
- [17 18]
- [18 19]
- [19 20]
- [20 21]
- [21 22]
- [22 23]
- [23 24]
- [24 25]
- [25 26]
- [26 27]
- [27 28]
- [28 29]
- [29 30]
- [30 31]
- [31 32]
- [32 33]
- [33 34]
- [34 35]
- [35 36]
- [36 37]
- [37 38]
- [38 39]
- [39 40]
- [40 41]
- [41 42]
- [42 43]
- [43 44]
- [44 45]
- [45 46]
- [46 47]
- [47 48]
- [48 49]
- [49 50]
- [50 51]
- [51 52]
- [52 53]
- [53 54]
- [54 55]
- [55 56]
- [56 57]
- [57 58]
- [58 59]
- [59 60]
- [60 61]
- [61 62]
- [62 63]
- [63 64]
- [64 65]
- [65 66]
- [66 67]
- [67 68]
- [68 69]
- [69 70]
- [70 71]
- [71 72]
- [72 73]
- [73 74]
- [74 75]
- [75 76]
- [76 77]
- [77 78]
- [78 79]
- [79 80]
- [80 81]
- [81 82]
- [82 83]
- [83 84]
- [84 85]
- [85 86]
- [86 87]
- [87 88]
- [88 89]
- [89 90]
- [90 91]
- [91 92]
- [92 93]
- [93 94]
- [94 95]
- [95 96]
- [96 97]
- [97 98]
- [98 99]
- [99 100]
- [100 101]
- [101 102]
- [102 103]
- [103 104]
- [104 105]
- [105 106]
- [106 107]
- [107 108]
- [108 109]
- [109 110]
- [110 111]
- [111 112]
- [112 113]
- [113 114]
- [114 115]
- [115 116]
- [116 117]
- [117 118]
- [118 119]
- [119 120]
- [120 121]
- [121 122]
- [122 123]
- [123 124]
- [124 125]
- [125 126]
- [126 127]
- [127 128]
- [128 129]
- [129 130]
- [130 131]
- [131 132]
- [132 133]
- [133 134]
- [134 135]
- [135 136]
- [136 137]
- [137 138]
- [138 139]
- [139 140]
- [140 141]
- [141 142]
- [142 143]
- [143 144]
- [144 145]
- [145 146]
- [146 147]
- [147 148]
- [148 149]
- [149 150]
- [150 151]
- [151 152]
- [152 153]
- [153 154]
- [154 155]
- [155 156]
- [156 157]
- [157 158]
- [158 159]
- [159 160]
- [160 161]
- [161 162]
- [162 163]
- [163 164]
- [164 165]
- [165 166]
- [166 167]
- [167 168]
- [168 169]
- [169 170]
- [170 171]
- [171 172]
- [172 173]
- [173 174]
- [174 175]
- [175 176]
- [176 177]
- [177 178]
- [178 179]
- [179 180]
- [180 181]
- [181 182]
- [182 183]
- [183 184]
- [184 185]
- [185 186]
- [186 187]
- [187 188]
- [188 189]
- [189 190]
- [190 191]
- [191 192]
- [192 193]
- [193 194]
- [194 195]
- [195 196]
- [196 197]
- [197 198]
- [198 199]
- [199 200]
- [200 201]
- [201 202]
- [202 203]
- [203 204]
- [204 205]
- [205 206]
- [206 207]
- [207 208]
- [208 209]
- [209 210]
- [210 1]
- [180 211]
- [211 212]
- [212 213]
- [213 214]
- [214 215]
- [215 216]
- [216 31]
- [117 217]
- [217 218]
- [218 219]
- [219 220]
- [220 221]
- [221 222]
- [222 223]
- [223 224]
- [224 225]
- [225 226]
- [226 227]
- [227 96]
- [164 228]
- [228 229]
- [229 230]
- [230 231]
- [231 232]
- [232 233]
- [233 234]
- [234 235]
- [235 236]
- [236 237]
- [237 238]
- [238 239]
- [239 240]
- [240 241]
- [241 49]
sets:
  element:
  - name: layup_0
    labels:
    - 1
    - 2
    - 3
    - 4
    - 5
    - 6
    - 7
    - 8
    - 9
    - 10
    - 11
    - 12
    - 198
    - 199
    - 200
    - 201
    - 202
    - 203
    - 204
    - 205
    - 206
    - 207
    - 208
    - 209
    - 210
  - name: layup_1
    labels:
    - 13
    - 14
    - 15
    - 16
    - 17
    - 18
    - 19
    - 20
    - 21
    - 22
    - 23
    - 24
    - 25
    - 26
    - 27
    - 28
    - 29
    - 30
    - 31
    - 32
    - 33
    - 34
    - 35
    - 36
    - 37
    - 38
    - 39
    - 40
    - 41
    - 42
    - 43
    - 44
    - 101
    - 102
    - 103
    - 108
    - 109
    - 110
    - 111
    - 112
    - 113
    - 114
    - 171
    - 172
    - 173
    - 174
    - 175
    - 176
    - 177
    - 178
    - 179
    - 180
    - 181
    - 182
    - 183
    - 184
    - 185
    - 186
    - 187
    - 188
    - 189
    - 190
    - 191
    - 192
    - 193
    - 194
    - 195
    - 196
    - 197
  - name: layup_2
    labels:
    - 45
    - 46
    - 47
    - 48
    - 49
    - 50
    - 51
    - 52
    - 53
    - 54
    - 55
    - 56
    - 57
    - 58
    - 59
    - 60
    - 61
    - 62
    - 63
    - 64
    - 65
    - 66
    - 67
    - 68
    - 69
    - 70
    - 71
    - 72
    - 73
    - 74
    - 75
    - 76
    - 77
    - 78
    - 79
    - 80
    - 81
    - 82
    - 83
    - 84
    - 85
    - 86
    - 87
    - 88
    - 89
    - 90
    - 91
    - 92
    - 93
    - 94
    - 95
    - 96
    - 97
    - 98
    - 99
    - 100
    - 115
    - 116
    - 117
    - 118
    - 119
    - 120
    - 121
    - 122
    - 123
    - 124
    - 125
    - 126
    - 127
    - 128
    - 129
    - 130
    - 131
    - 132
    - 133
    - 134
    - 135
    - 136
    - 137
    - 138
    - 139
    - 140
    - 141
    - 142
    - 143
    - 144
    - 145
    - 146
    - 147
    - 148
    - 149
    - 150
    - 151
    - 152
    - 153
    - 154
    - 155
    - 156
    - 157
    - 158
    - 159
    - 160
    - 161
    - 162
    - 163
    - 164
    - 165
    - 166
    - 167
    - 168
    - 169
    - 170
  - name: layup_3
    labels:
    - 104
    - 105
    - 106
    - 107
  - name: layup_4
    labels:
    - 211
    - 212
    - 213
    - 214
    - 215
    - 216
    - 217
  - name: layup_5
    labels:
    - 218
    - 219
    - 220
    - 221
    - 222
    - 223
    - 224
    - 225
    - 226
    - 227
    - 228
    - 229
    - 230
    - 231
    - 232
    - 233
    - 234
    - 235
    - 236
    - 237
    - 238
    - 239
    - 240
    - 241
    - 242
    - 243
    - 244
sections:
- type: shell
  elementSet: layup_0
  layup:
  - - gelcoat
    - 0.0005
    - 0.0
  - - glass_triax
    - 0.00215965
    - 0.0
  - - glass_uniax
    - 0.00118
    - 0.0
  - - glass_triax
    - 0.00215965
    - 0.0
- type: shell
  elementSet: layup_1
  layup:
  - - gelcoat
    - 0.0005
    - 0.0
  - - glass_triax
    - 0.00215965
    - 0.0
  - - glass_triax
    - 0.00215965
    - 0.0
- type: shell
  elementSet: layup_2
  layup:
  - - gelcoat
    - 0.0005
    - 0.0
  - - glass_triax
    - 0.00215965
    - 0.0
  - - carbon_uniax
    - 0.00634806
    - 0.0
  - - glass_triax
    - 0.00215965
    - 0.0
- type: shell
  elementSet: layup_3
  layup:
  - - gelcoat
    - 0.0005
    - 0.0
  - - glass_triax
    - 0.00215965
    - 0.0
  - - glass_uniax
    - 0.00093
    - 0.0
  - - glass_triax
    - 0.00215965
    - 0.0
- type: shell
  elementSet: layup_4
  layup:
  - - glass_biax
    - 0.002
    - 0.0
  - - medium_density_foam
    - 0.03
    - 0.0
  - - glass_biax
    - 0.002
    - 0.0
- type: shell
  elementSet: layup_5
  layup:
  - - glass_biax
    - 0.002
    - 0.0
  - - medium_density_foam
    - 0.014
    - 0.0
  - - glass_biax
    - 0.002
    - 0.0
elementOrientations:
- [0.0, 0.0, 1.0, -0.9923110642978974, 0.12376894469928232, 0.0, -0.12376894469928232,
  -0.9923110642978974, 0.0]
- [0.0, 0.0, 1.0, -0.9857005104885623, 0.16850668717468661, 0.0, -0.16850668717468661,
  -0.9857005104885623, 0.0]
- [0.0, 0.0, 1.0, -0.9858255133994532, 0.1677738273113671, 0.0, -0.1677738273113671,
  -0.9858255133994532, 0.0]
- [0.0, 0.0, 1.0, -0.9852164891751982, 0.1713139499786763, 0.0, -0.1713139499786763,
  -0.9852164891751982, 0.0]
- [0.0, 0.0, 1.0, -0.9847009176052561, 0.17425298524664265, 0.0, -0.17425298524664265,
  -0.9847009176052561, 0.0]
- [0.0, 0.0, 1.0, -0.9839284894438889, 0.1785629515343733, 0.0, -0.1785629515343733,
  -0.9839284894438889, 0.0]
- [0.0, 0.0, 1.0, -0.9835187913697239, 0.18080593746511062, 0.0, -0.18080593746511062,
  -0.9835187913697239, 0.0]
- [0.0, 0.0, 1.0, -0.9831421038669319, 0.18284311199523678, 0.0, -0.18284311199523678,
  -0.9831421038669319, 0.0]
- [0.0, 0.0, 1.0, -0.982513272009488, 0.18619256248628785, 0.0, -0.18619256248628785,
  -0.982513272009488, 0.0]
- [0.0, 0.0, 1.0, -0.9822605043286278, 0.18752146980031378, 0.0, -0.18752146980031378,
  -0.9822605043286278, 0.0]
- [0.0, 0.0, 1.0, -0.9817594536392203, 0.19012726051258255, 0.0, -0.19012726051258255,
  -0.9817594536392203, 0.0]
- [0.0, 0.0, 1.0, -0.9779460798816256, 0.20885752283353656, 0.0, -0.20885752283353656,
  -0.9779460798816256, 0.0]
- [0.0, 0.0, 1.0, -0.9772186422495208, 0.2122350707117064, 0.0, -0.2122350707117064,
  -0.9772186422495208, 0.0]
- [0.0, 0.0, 1.0, -0.980714901444099, 0.19544380799987246, 0.0, -0.19544380799987246,
  -0.980714901444099, 0.0]
- [0.0, 0.0, 1.0, -0.9802561786560761, 0.19773169752618577, 0.0, -0.19773169752618577,
  -0.9802561786560761, 0.0]
- [0.0, 0.0, 1.0, -0.9800832752824579, 0.1985869419463677, 0.0, -0.1985869419463677,
  -0.9800832752824579, 0.0]
- [0.0, 0.0, 1.0, -0.9798013875752307, 0.199973100455168, 0.0, -0.199973100455168,
  -0.9798013875752307, 0.0]
- [0.0, 0.0, 1.0, -0.9795213451475284, 0.20134034469121326, 0.0, -0.20134034469121326,
  -0.9795213451475284, 0.0]
- [0.0, 0.0, 1.0, -0.979200526104088, 0.20289487346277907, 0.0, -0.20289487346277907,
  -0.979200526104088, 0.0]
- [0.0, 0.0, 1.0, -0.9787788889409811, 0.20491921960484505, 0.0, -0.20491921960484505,
  -0.9787788889409811, 0.0]
- [0.0, 0.0, 1.0, -0.9784558994120633, 0.20645593453744626, 0.0, -0.20645593453744626,
  -0.9784558994120633, 0.0]
- [0.0, 0.0, 1.0, -0.9781166774740442, 0.20805712015486702, 0.0, -0.20805712015486702,
  -0.9781166774740442, 0.0]
- [0.0, 0.0, 1.0, -0.9778906787279386, 0.2091167627355876, 0.0, -0.2091167627355876,
  -0.9778906787279386, 0.0]
- [0.0, 0.0, 1.0, -0.977560669211344, 0.21065407190716604, 0.0, -0.21065407190716604,
  -0.977560669211344, 0.0]
- [0.0, 0.0, 1.0, -0.9773907179617194, 0.21144120800419816, 0.0, -0.21144120800419816,
  -0.9773907179617194, 0.0]
- [0.0, 0.0, 1.0, -0.9771647032418751, 0.2124832763730317, 0.0, -0.2124832763730317,
  -0.9771647032418751, 0.0]
- [0.0, 0.0, 1.0, -0.9770760663306716, 0.21289048969782862, 0.0, -0.21289048969782862,
  -0.9770760663306716, 0.0]
- [0.0, 0.0, 1.0, -0.9769709453068824, 0.2133723787798602, 0.0, -0.2133723787798602,
  -0.9769709453068824, 0.0]
- [0.0, 0.0, 1.0, -0.9769525324666644, 0.21345666845280642, 0.0, -0.21345666845280642,
  -0.9769525324666644, 0.0]
- [0.0, 0.0, 1.0, -0.9769446490355961, 0.21349274629531553, 0.0, -0.21349274629531553,
  -0.9769446490355961, 0.0]
- [0.0, 0.0, 1.0, -0.9769462927777918, 0.21348522437800962, 0.0, -0.21348522437800962,
  -0.9769462927777918, 0.0]
- [0.0, 0.0, 1.0, -0.9770268584188214, 0.21311620756819105, 0.0, -0.21311620756819105,
  -0.9770268584188214, 0.0]
- [0.0, 0.0, 1.0, -0.9771016949456475, 0.21277283128807367, 0.0, -0.21277283128807367,
  -0.9771016949456475, 0.0]
- [0.0, 0.0, 1.0, -0.9773246445408285, 0.21174640297569003, 0.0, -0.21174640297569003,
  -0.9773246445408285, 0.0]
- [0.0, 0.0, 1.0, -0.9773652747625432, 0.2115587854198889, 0.0, -0.2115587854198889,
  -0.9773652747625432, 0.0]
- [0.0, 0.0, 1.0, -0.9777509600115546, 0.20976906396435924, 0.0, -0.20976906396435924,
  -0.9777509600115546, 0.0]
- [0.0, 0.0, 1.0, -0.9779246747725859, 0.2089577241236415, 0.0, -0.2089577241236415,
  -0.9779246747725859, 0.0]
- [0.0, 0.0, 1.0, -0.9782664994943481, 0.20735152752529834, 0.0, -0.20735152752529834,
  -0.9782664994943481, 0.0]
- [0.0, 0.0, 1.0, -0.9784146275880069, 0.20665143726047916, 0.0, -0.20665143726047916,
  -0.9784146275880069, 0.0]
- [0.0, 0.0, 1.0, -0.9791759757981452, 0.20301332079385864, 0.0, -0.20301332079385864,
  -0.9791759757981452, 0.0]
- [0.0, 0.0, 1.0, -0.9794597799712482, 0.20163962760001805, 0.0, -0.20163962760001805,
  -0.9794597799712482, 0.0]
- [0.0, 0.0, 1.0, -0.9802825925845681, 0.19760070514974862, 0.0, -0.19760070514974862,
  -0.9802825925845681, 0.0]
- [0.0, 0.0, 1.0, -0.9805596114426781, 0.196221426983355, 0.0, -0.196221426983355,
  -0.9805596114426781, 0.0]
- [0.0, 0.0, 1.0, -0.9958398509489594, 0.09112075099533655, 0.0, -0.09112075099533655,
  -0.9958398509489594, 0.0]
- [0.0, 0.0, 1.0, -0.9950665251627188, 0.09920993146148405, 0.0, -0.09920993146148405,
  -0.9950665251627188, 0.0]
- [0.0, 0.0, 1.0, -0.9827471912483304, 0.18495393505821314, 0.0, -0.18495393505821314,
  -0.9827471912483304, 0.0]
- [0.0, 0.0, 1.0, -0.9833820182770735, 0.1815483575505695, 0.0, -0.1815483575505695,
  -0.9833820182770735, 0.0]
- [0.0, 0.0, 1.0, -0.9839867993821085, 0.17824134941632913, 0.0, -0.17824134941632913,
  -0.9839867993821085, 0.0]
- [0.0, 0.0, 1.0, -0.9849726683877049, 0.17271028495490495, 0.0, -0.17271028495490495,
  -0.9849726683877049, 0.0]
- [0.0, 0.0, 1.0, -0.9853294864092257, 0.17066283488953174, 0.0, -0.17066283488953174,
  -0.9853294864092257, 0.0]
- [0.0, 0.0, 1.0, -0.986441683834714, 0.16411217015606866, 0.0, -0.16411217015606866,
  -0.986441683834714, 0.0]
- [0.0, 0.0, 1.0, -0.9869857396824299, 0.16080780349077195, 0.0, -0.16080780349077195,
  -0.9869857396824299, 0.0]
- [0.0, 0.0, 1.0, -0.9879579822942091, 0.1547224134414761, 0.0, -0.1547224134414761,
  -0.9879579822942091, 0.0]
- [0.0, 0.0, 1.0, -0.9885574825405494, 0.1508446343530032, 0.0, -0.1508446343530032,
  -0.9885574825405494, 0.0]
- [0.0, 0.0, 1.0, -0.9895062682133989, 0.1444899483230339, 0.0, -0.1444899483230339,
  -0.9895062682133989, 0.0]
- [0.0, 0.0, 1.0, -0.9904575075146678, 0.13781845234884907, 0.0, -0.13781845234884907,
  -0.9904575075146678, 0.0]
- [0.0, 0.0, 1.0, -0.9909584512240883, 0.13416910205988636, 0.0, -0.13416910205988636,
  -0.9909584512240883, 0.0]
- [0.0, 0.0, 1.0, -0.9923142950214202, 0.12374303978867571, 0.0, -0.12374303978867571,
  -0.9923142950214202, 0.0]
- [0.0, 0.0, 1.0, -0.9929073470445707, 0.11889070689045532, 0.0, -0.11889070689045532,
  -0.9929073470445707, 0.0]
- [0.0, 0.0, 1.0, -0.9939309267893315, 0.11000596698225255, 0.0, -0.11000596698225255,
  -0.9939309267893315, 0.0]
- [0.0, 0.0, 1.0, -0.9945677963879759, 0.10409081798105646, 0.0, -0.10409081798105646,
  -0.9945677963879759, 0.0]
- [0.0, 0.0, 1.0, -0.9954578026198153, 0.09520379826104135, 0.0, -0.09520379826104135,
  -0.9954578026198153, 0.0]
- [0.0, 0.0, 1.0, -0.9964553375402244, 0.084123482379163, 0.0, -0.084123482379163,
  -0.9964553375402244, 0.0]
- [0.0, 0.0, 1.0, -0.9969560008767202, 0.07796622548191703, 0.0, -0.07796622548191703,
  -0.9969560008767202, 0.0]
- [0.0, 0.0, 1.0, -0.9978930333674627, 0.06488061310348547, 0.0, -0.06488061310348547,
  -0.9978930333674627, 0.0]
- [0.0, 0.0, 1.0, -0.9984491405687703, 0.05567148010861501, 0.0, -0.05567148010861501,
  -0.9984491405687703, 0.0]
- [0.0, 0.0, 1.0, -0.9989703462966185, 0.04536790958391133, 0.0, -0.04536790958391133,
  -0.9989703462966185, 0.0]
- [0.0, 0.0, 1.0, -0.9994776784298146, 0.03231671890133394, 0.0, -0.03231671890133394,
  -0.9994776784298146, 0.0]
- [0.0, 0.0, 1.0, -0.9997866557883095, 0.020655336057013352, 0.0, -0.020655336057013352,
  -0.9997866557883095, 0.0]
- [0.0, 0.0, 1.0, -0.9999941438256615, 0.0034223258731768784, 0.0, -0.0034223258731768784,
  -0.9999941438256615, 0.0]
- [0.0, 0.0, 1.0, -0.9999688357868574, -0.007894773909182144, 0.0, 0.007894773909182144,
  -0.9999688357868574, 0.0]
- [0.0, 0.0, 1.0, -0.9997602677466597, -0.021895365608443598, 0.0, 0.021895365608443598,
  -0.9997602677466597, 0.0]
- [0.0, 0.0, 1.0, -0.9992028132749301, -0.039921647554489674, 0.0, 0.039921647554489674,
  -0.9992028132749301, 0.0]
- [0.0, 0.0, 1.0, -0.9986846200539982, -0.0512740642781637, 0.0, 0.0512740642781637,
  -0.9986846200539982, 0.0]
- [0.0, 0.0, 1.0, -0.9976516039703951, -0.06849289813767483, 0.0, 0.06849289813767483,
  -0.9976516039703951, 0.0]
- [0.0, 0.0, 1.0, -0.9962463097671234, -0.08656379309727967, 0.0, 0.08656379309727967,
  -0.9962463097671234, 0.0]
- [0.0, 0.0, 1.0, -0.9951423358271635, -0.09844659183769218, 0.0, 0.09844659183769218,
  -0.9951423358271635, 0.0]
- [0.0, 0.0, 1.0, -0.9929949575104899, -0.11815673640863715, 0.0, 0.11815673640863715,
  -0.9929949575104899, 0.0]
- [0.0, 0.0, 1.0, -0.990759554993189, -0.13563002687346845, 0.0, 0.13563002687346845,
  -0.990759554993189, 0.0]
- [0.0, 0.0, 1.0, -0.9891250786770756, -0.14707677835766392, 0.0, 0.14707677835766392,
  -0.9891250786770756, 0.0]
- [0.0, 0.0, 1.0, -0.985871209155314, -0.16750510129139043, 0.0, 0.16750510129139043,
  -0.985871209155314, 0.0]
- [0.0, 0.0, 1.0, -0.9827751579111063, -0.18480527317368367, 0.0, 0.18480527317368367,
  -0.9827751579111063, 0.0]
- [0.0, 0.0, 1.0, -0.9803282266561266, -0.19737418276272564, 0.0, 0.19737418276272564,
  -0.9803282266561266, 0.0]
- [0.0, 0.0, 1.0, -0.975909042700084, -0.21817777241553615, 0.0, 0.21817777241553615,
  -0.975909042700084, 0.0]
- [0.0, 0.0, 1.0, -0.9717437189167358, -0.23603843912776562, 0.0, 0.23603843912776562,
  -0.9717437189167358, 0.0]
- [0.0, 0.0, 1.0, -0.9682837884293789, -0.2498529668922297, 0.0, 0.2498529668922297,
  -0.9682837884293789, 0.0]
- [0.0, 0.0, 1.0, -0.9621193233294403, -0.27262869928916184, 0.0, 0.27262869928916184,
  -0.9621193233294403, 0.0]
- [0.0, 0.0, 1.0, -0.9570291748688601, -0.2899916523795625, 0.0, 0.2899916523795625,
  -0.9570291748688601, 0.0]
- [0.0, 0.0, 1.0, -0.951311188665634, -0.3082320916445569, 0.0, 0.3082320916445569,
  -0.951311188665634, 0.0]
- [0.0, 0.0, 1.0, -0.944935237266274, -0.3272573870404311, 0.0, 0.3272573870404311,
  -0.944935237266274, 0.0]
- [0.0, 0.0, 1.0, -0.9361345522699351, -0.35164200552034125, 0.0, 0.35164200552034125,
  -0.9361345522699351, 0.0]
- [0.0, 0.0, 1.0, -0.9279930185672395, -0.37259758116560987, 0.0, 0.37259758116560987,
  -0.9279930185672395, 0.0]
- [0.0, 0.0, 1.0, -0.9196027873640392, -0.39284947940946796, 0.0, 0.39284947940946796,
  -0.9196027873640392, 0.0]
- [0.0, 0.0, 1.0, -0.908082654612725, -0.41879098890915334, 0.0, 0.41879098890915334,
  -0.908082654612725, 0.0]
- [0.0, 0.0, 1.0, -0.89629582802377, -0.44345663673823255, 0.0, 0.44345663673823255,
  -0.89629582802377, 0.0]
- [0.0, 0.0, 1.0, -0.8812322017951847, -0.47268362201287556, 0.0, 0.47268362201287556,
  -0.8812322017951847, 0.0]
- [0.0, 0.0, 1.0, -0.86666855335345, -0.4988843740068818, 0.0, 0.4988843740068818,
  -0.86666855335345, 0.0]
- [0.0, 0.0, 1.0, -0.8461249546306606, -0.5329845787180549, 0.0, 0.5329845787180549,
  -0.8461249546306606, 0.0]
- [0.0, 0.0, 1.0, -0.8224050728126432, -0.5689023608775334, 0.0, 0.5689023608775334,
  -0.8224050728126432, 0.0]
- [0.0, 0.0, 1.0, -0.85216986424935, -0.5232652505806633, 0.0, 0.5232652505806633,
  -0.85216986424935, 0.0]
- [0.0, 0.0, 1.0, -0.8092314497505413, -0.5874899664969921, 0.0, 0.5874899664969921,
  -0.8092314497505413, 0.0]
- [0.0, 0.0, 1.0, -0.6902482211267413, -0.7235726592619217, 0.0, 0.7235726592619217,
  -0.6902482211267413, 0.0]
- [0.0, 0.0, 1.0, -0.5815996937892449, -0.8134751355660829, 0.0, 0.8134751355660829,
  -0.5815996937892449, 0.0]
- [0.0, 0.0, 1.0, -0.4259337310019945, -0.9047543626834417, 0.0, 0.9047543626834417,
  -0.4259337310019945, 0.0]
- [0.0, 0.0, 1.0, -0.1898113327837265, -0.9818205833790945, 0.0, 0.9818205833790945,
  -0.1898113327837265, 0.0]
- [0.0, 0.0, 1.0, 0.22030228480488553, -0.9754316497375647, 0.0, 0.9754316497375647,
  0.22030228480488553, 0.0]
- [0.0, 0.0, 1.0, 0.5631957358036752, -0.8263235220980684, 0.0, 0.8263235220980684,
  0.5631957358036752, 0.0]
- [0.0, 0.0, 1.0, 0.7294361583593274, -0.6840488950930235, 0.0, 0.6840488950930235,
  0.7294361583593274, 0.0]
- [0.0, 0.0, 1.0, 0.8090358699517969, -0.5877592714124884, 0.0, 0.5877592714124884,
  0.8090358699517969, 0.0]
- [0.0, 0.0, 1.0, 0.8500285859724585, -0.5267365594200414, 0.0, 0.5267365594200414,
  0.8500285859724585, 0.0]
- [0.0, 0.0, 1.0, 0.8767496305389381, -0.48094707125611585, 0.0, 0.48094707125611585,
  0.8767496305389381, 0.0]
- [0.0, 0.0, 1.0, 0.8953020903626744, -0.4454595009562888, 0.0, 0.4454595009562888,
  0.8953020903626744, 0.0]
- [0.0, 0.0, 1.0, 0.9096899465962031, -0.41528809405254696, 0.0, 0.41528809405254696,
  0.9096899465962031, 0.0]
- [0.0, 0.0, 1.0, 0.9551235121389087, -0.29620782663433454, 0.0, 0.29620782663433454,
  0.9551235121389087, 0.0]
- [0.0, 0.0, 1.0, 0.9655940475063883, -0.2600541009486887, 0.0, 0.2600541009486887,
  0.9655940475063883, 0.0]
- [0.0, 0.0, 1.0, 0.9367221811699556, -0.3500736426870792, 0.0, 0.3500736426870792,
  0.9367221811699556, 0.0]
- [0.0, 0.0, 1.0, 0.9444040917512372, -0.3287870305889832, 0.0, 0.3287870305889832,
  0.9444040917512372, 0.0]
- [0.0, 0.0, 1.0, 0.950226378980381, -0.3115603130853376, 0.0, 0.3115603130853376,
  0.950226378980381, 0.0]
- [0.0, 0.0, 1.0, 0.9557873468920702, -0.2940587484177565, 0.0, 0.2940587484177565,
  0.9557873468920702, 0.0]
- [0.0, 0.0, 1.0, 0.9607183041635212, -0.2775253863075735, 0.0, 0.2775253863075735,
  0.9607183041635212, 0.0]
- [0.0, 0.0, 1.0, 0.9658052945116767, -0.25926845757479494, 0.0, 0.25926845757479494,
  0.9658052945116767, 0.0]
- [0.0, 0.0, 1.0, 0.9698491773285369, -0.24370591547018317, 0.0, 0.24370591547018317,
  0.9698491773285369, 0.0]
- [0.0, 0.0, 1.0, 0.9725631770792582, -0.23263891890545632, 0.0, 0.23263891890545632,
  0.9725631770792582, 0.0]
- [0.0, 0.0, 1.0, 0.9774335769481866, -0.2112429943318202, 0.0, 0.2112429943318202,
  0.9774335769481866, 0.0]
- [0.0, 0.0, 1.0, 0.9798015327328129, -0.1999723892301895, 0.0, 0.1999723892301895,
  0.9798015327328129, 0.0]
- [0.0, 0.0, 1.0, 0.9821626454155419, -0.18803334265588237, 0.0, 0.18803334265588237,
  0.9821626454155419, 0.0]
- [0.0, 0.0, 1.0, 0.9860322756459168, -0.16655434964159563, 0.0, 0.16655434964159563,
  0.9860322756459168, 0.0]
- [0.0, 0.0, 1.0, 0.9875039972712457, -0.15759395728679332, 0.0, 0.15759395728679332,
  0.9875039972712457, 0.0]
- [0.0, 0.0, 1.0, 0.9897748070035287, -0.14263881456716954, 0.0, 0.14263881456716954,
  0.9897748070035287, 0.0]
- [0.0, 0.0, 1.0, 0.992141361399099, -0.12512201645251167, 0.0, 0.12512201645251167,
  0.992141361399099, 0.0]
- [0.0, 0.0, 1.0, 0.9931394924065922, -0.11693566018275263, 0.0, 0.11693566018275263,
  0.9931394924065922, 0.0]
- [0.0, 0.0, 1.0, 0.994977935032461, -0.10009449934207162, 0.0, 0.10009449934207162,
  0.994977935032461, 0.0]
- [0.0, 0.0, 1.0, 0.9962692807629123, -0.08629901626408809, 0.0, 0.08629901626408809,
  0.9962692807629123, 0.0]
- [0.0, 0.0, 1.0, 0.997017862783402, -0.07717111694680404, 0.0, 0.07717111694680404,
  0.997017862783402, 0.0]
- [0.0, 0.0, 1.0, 0.9982433947836132, -0.05924630596828435, 0.0, 0.05924630596828435,
  0.9982433947836132, 0.0]
- [0.0, 0.0, 1.0, 0.9988406138115927, -0.048139673871774945, 0.0, 0.048139673871774945,
  0.9988406138115927, 0.0]
- [0.0, 0.0, 1.0, 0.9993052529433039, -0.037269443783337436, 0.0, 0.037269443783337436,
  0.9993052529433039, 0.0]
- [0.0, 0.0, 1.0, 0.9998111812104258, -0.019431982055695535, 0.0, 0.019431982055695535,
  0.9998111812104258, 0.0]
- [0.0, 0.0, 1.0, 0.9999608708333652, -0.008846287479962283, 0.0, 0.008846287479962283,
  0.9999608708333652, 0.0]
- [0.0, 0.0, 1.0, 0.9999876918215318, 0.004961472104618761, 0.0, -0.004961472104618761,
  0.9999876918215318, 0.0]
- [0.0, 0.0, 1.0, 0.9998041194685694, 0.019791985592120885, 0.0, -0.019791985592120885,
  0.9998041194685694, 0.0]
- [0.0, 0.0, 1.0, 0.9994623210103849, 0.03278824302298796, 0.0, -0.03278824302298796,
  0.9994623210103849, 0.0]
- [0.0, 0.0, 1.0, 0.9988931748423955, 0.04703642475018472, 0.0, -0.04703642475018472,
  0.9988931748423955, 0.0]
- [0.0, 0.0, 1.0, 0.99831276077341, 0.058065753047490294, 0.0, -0.058065753047490294,
  0.99831276077341, 0.0]
- [0.0, 0.0, 1.0, 0.9973031338663687, 0.07339250084525092, 0.0, -0.07339250084525092,
  0.9973031338663687, 0.0]
- [0.0, 0.0, 1.0, 0.996127793247928, 0.08791711732656596, 0.0, -0.08791711732656596,
  0.996127793247928, 0.0]
- [0.0, 0.0, 1.0, 0.9953148883512329, 0.09668646764864709, 0.0, -0.09668646764864709,
  0.9953148883512329, 0.0]
- [0.0, 0.0, 1.0, 0.9935019840841602, 0.11381479526334376, 0.0, -0.11381479526334376,
  0.9935019840841602, 0.0]
- [0.0, 0.0, 1.0, 0.9919047241815856, 0.12698432244278235, 0.0, -0.12698432244278235,
  0.9919047241815856, 0.0]
- [0.0, 0.0, 1.0, 0.9909598729725217, 0.1341586007614993, 0.0, -0.1341586007614993,
  0.9909598729725217, 0.0]
- [0.0, 0.0, 1.0, 0.988205691885413, 0.15313233011115632, 0.0, -0.15313233011115632,
  0.988205691885413, 0.0]
- [0.0, 0.0, 1.0, 0.9865067566987932, 0.16372055151271783, 0.0, -0.16372055151271783,
  0.9865067566987932, 0.0]
- [0.0, 0.0, 1.0, 0.984581647604321, 0.17492563906060465, 0.0, -0.17492563906060465,
  0.984581647604321, 0.0]
- [0.0, 0.0, 1.0, 0.9820695611820003, 0.18851890356087245, 0.0, -0.18851890356087245,
  0.9820695611820003, 0.0]
- [0.0, 0.0, 1.0, 0.9803465196756687, 0.19728330228329913, 0.0, -0.19728330228329913,
  0.9803465196756687, 0.0]
- [0.0, 0.0, 1.0, 0.9772531708751672, 0.2120760241385893, 0.0, -0.2120760241385893,
  0.9772531708751672, 0.0]
- [0.0, 0.0, 1.0, 0.9755730975713297, 0.21967505842739832, 0.0, -0.21967505842739832,
  0.9755730975713297, 0.0]
- [0.0, 0.0, 1.0, 0.9736119625952875, 0.22820987334327267, 0.0, -0.22820987334327267,
  0.9736119625952875, 0.0]
- [0.0, 0.0, 1.0, 0.971213476824519, 0.23821079411821247, 0.0, -0.23821079411821247,
  0.971213476824519, 0.0]
- [0.0, 0.0, 1.0, 0.969885321188869, 0.24356203263719986, 0.0, -0.24356203263719986,
  0.969885321188869, 0.0]
- [0.0, 0.0, 1.0, 0.9681946815322078, 0.25019803886670783, 0.0, -0.25019803886670783,
  0.9681946815322078, 0.0]
- [0.0, 0.0, 1.0, 0.967630683151732, 0.2523704836610509, 0.0, -0.2523704836610509,
  0.967630683151732, 0.0]
- [0.0, 0.0, 1.0, 0.9657453735859673, 0.25949156710247917, 0.0, -0.25949156710247917,
  0.9657453735859673, 0.0]
- [0.0, 0.0, 1.0, 0.9652608219717533, 0.26128824230419423, 0.0, -0.26128824230419423,
  0.9652608219717533, 0.0]
- [0.0, 0.0, 1.0, 0.9645382308027524, 0.2639431782029922, 0.0, -0.2639431782029922,
  0.9645382308027524, 0.0]
- [0.0, 0.0, 1.0, 0.9640885134053553, 0.2655811332151666, 0.0, -0.2655811332151666,
  0.9640885134053553, 0.0]
- [0.0, 0.0, 1.0, 0.9635912603452133, 0.2673796607566167, 0.0, -0.2673796607566167,
  0.9635912603452133, 0.0]
- [0.0, 0.0, 1.0, 0.9635605977161832, 0.26749013912447694, 0.0, -0.26749013912447694,
  0.9635605977161832, 0.0]
- [0.0, 0.0, 1.0, 0.9635594005484637, 0.26749445155869184, 0.0, -0.26749445155869184,
  0.9635594005484637, 0.0]
- [0.0, 0.0, 1.0, 0.984933679421409, 0.172932493017956, 0.0, -0.172932493017956, 0.984933679421409,
  0.0]
- [0.0, 0.0, 1.0, 0.9861448777373908, 0.1658863469737845, 0.0, -0.1658863469737845,
  0.9861448777373908, 0.0]
- [0.0, 0.0, 1.0, 0.9654158818379512, 0.26071473892944974, 0.0, -0.26071473892944974,
  0.9654158818379512, 0.0]
- [0.0, 0.0, 1.0, 0.965966724356641, 0.2586663631702062, 0.0, -0.2586663631702062,
  0.965966724356641, 0.0]
- [0.0, 0.0, 1.0, 0.9675869111685883, 0.2525382532117272, 0.0, -0.2525382532117272,
  0.9675869111685883, 0.0]
- [0.0, 0.0, 1.0, 0.968449558773191, 0.24920965493337463, 0.0, -0.24920965493337463,
  0.968449558773191, 0.0]
- [0.0, 0.0, 1.0, 0.9698254201686958, 0.243800439693231, 0.0, -0.243800439693231,
  0.9698254201686958, 0.0]
- [0.0, 0.0, 1.0, 0.9713364612959834, 0.23770881127336602, 0.0, -0.23770881127336602,
  0.9713364612959834, 0.0]
- [0.0, 0.0, 1.0, 0.9730046918320141, 0.23078533244746557, 0.0, -0.23078533244746557,
  0.9730046918320141, 0.0]
- [0.0, 0.0, 1.0, 0.9749504638851061, 0.22242210539920823, 0.0, -0.22242210539920823,
  0.9749504638851061, 0.0]
- [0.0, 0.0, 1.0, 0.9759684503588584, 0.21791187187514233, 0.0, -0.21791187187514233,
  0.9759684503588584, 0.0]
- [0.0, 0.0, 1.0, 0.9782613918284341, 0.20737562358651251, 0.0, -0.20737562358651251,
  0.9782613918284341, 0.0]
- [0.0, 0.0, 1.0, 0.9795577674628936, 0.20116306868585898, 0.0, -0.20116306868585898,
  0.9795577674628936, 0.0]
- [0.0, 0.0, 1.0, 0.9817213459668399, 0.19032393142496945, 0.0, -0.19032393142496945,
  0.9817213459668399, 0.0]
- [0.0, 0.0, 1.0, 0.982950641263749, 0.18386961913047134, 0.0, -0.18386961913047134,
  0.982950641263749, 0.0]
- [0.0, 0.0, 1.0, 0.984899884367731, 0.17312486179757686, 0.0, -0.17312486179757686,
  0.984899884367731, 0.0]
- [0.0, 0.0, 1.0, 0.9868228381319245, 0.16180446885439612, 0.0, -0.16180446885439612,
  0.9868228381319245, 0.0]
- [0.0, 0.0, 1.0, 0.9878263868218247, 0.15556037251992896, 0.0, -0.15556037251992896,
  0.9878263868218247, 0.0]
- [0.0, 0.0, 1.0, 0.9900136859334548, 0.14097127957302, 0.0, -0.14097127957302, 0.9900136859334548,
  0.0]
- [0.0, 0.0, 1.0, 0.9913122220564601, 0.13152976241704228, 0.0, -0.13152976241704228,
  0.9913122220564601, 0.0]
- [0.0, 0.0, 1.0, 0.9928044735367061, 0.11974672156474245, 0.0, -0.11974672156474245,
  0.9928044735367061, 0.0]
- [0.0, 0.0, 1.0, 0.9943584562803501, 0.10607195870614991, 0.0, -0.10607195870614991,
  0.9943584562803501, 0.0]
- [0.0, 0.0, 1.0, 0.9952119943071399, 0.09773989148349611, 0.0, -0.09773989148349611,
  0.9952119943071399, 0.0]
- [0.0, 0.0, 1.0, 0.9967325715885587, 0.08077240082143881, 0.0, -0.08077240082143881,
  0.9967325715885587, 0.0]
- [0.0, 0.0, 1.0, 0.9974357007062046, 0.07156830972380497, 0.0, -0.07156830972380497,
  0.9974357007062046, 0.0]
- [0.0, 0.0, 1.0, 0.9982901649835937, 0.05845294258657319, 0.0, -0.05845294258657319,
  0.9982901649835937, 0.0]
- [0.0, 0.0, 1.0, 0.9990231260623, 0.04419042421961488, 0.0, -0.04419042421961488,
  0.9990231260623, 0.0]
- [0.0, 0.0, 1.0, 0.998654306243138, 0.051861128237215774, 0.0, -0.051861128237215774,
  0.998654306243138, 0.0]
- [0.0, 0.0, 1.0, 0.9993803750016234, 0.03519752919758063, 0.0, -0.03519752919758063,
  0.9993803750016234, 0.0]
- [0.0, 0.0, 1.0, 0.9999919669458402, 0.004008246972120967, 0.0, -0.004008246972120967,
  0.9999919669458402, 0.0]
- [0.0, 0.0, 1.0, 0.9999450919017158, -0.010479178482547152, 0.0, 0.010479178482547152,
  0.9999450919017158, 0.0]
- [0.0, 0.0, 1.0, 0.9996114812335943, -0.027872685302629176, 0.0, 0.027872685302629176,
  0.9996114812335943, 0.0]
- [0.0, 0.0, 1.0, 0.9990510577008791, -0.043554381028258274, 0.0, 0.043554381028258274,
  0.9990510577008791, 0.0]
- [0.0, 0.0, 1.0, 0.9984061983457091, -0.05643636332072274, 0.0, 0.05643636332072274,
  0.9984061983457091, 0.0]
- [0.0, 0.0, 1.0, 0.9970472840477821, -0.0767900603785507, 0.0, 0.0767900603785507,
  0.9970472840477821, 0.0]
- [0.0, 0.0, 1.0, 0.9959446987431683, -0.08996753328495675, 0.0, 0.08996753328495675,
  0.9959446987431683, 0.0]
- [0.0, 0.0, 1.0, 0.9949010425364962, -0.10085591484783199, 0.0, 0.10085591484783199,
  0.9949010425364962, 0.0]
- [0.0, 0.0, 1.0, 0.9936498486404011, -0.11251656898834045, 0.0, 0.11251656898834045,
  0.9936498486404011, 0.0]
- [0.0, 0.0, 1.0, 0.9928095106613006, -0.11970495202985133, 0.0, 0.11970495202985133,
  0.9928095106613006, 0.0]
- [0.0, 0.0, 1.0, 0.9811235246698503, -0.19338208122628528, 0.0, 0.19338208122628528,
  0.9811235246698503, 0.0]
- [0.0, 0.0, 1.0, -0.4035662658202477, 0.9149504189254745, 0.0, -0.9149504189254745,
  -0.4035662658202477, 0.0]
- [0.0, 0.0, 1.0, 0.03911869028226641, 0.9992345710945955, 0.0, -0.9992345710945955,
  0.03911869028226641, 0.0]
- [0.0, 0.0, 1.0, 0.03911869028226641, 0.9992345710945955, 0.0, -0.9992345710945955,
  0.03911869028226641, 0.0]
- [0.0, 0.0, 1.0, 0.0391186902822664, 0.9992345710945955, 0.0, -0.9992345710945955,
  0.0391186902822664, 0.0]
- [0.0, 0.0, 1.0, 0.0391186902822793, 0.9992345710945949, 0.0, -0.9992345710945949,
  0.0391186902822793, 0.0]
- [0.0, 0.0, 1.0, 0.03911869028226643, 0.9992345710945955, 0.0, -0.9992345710945955,
  0.03911869028226643, 0.0]
- [0.0, 0.0, 1.0, 0.03911869028226637, 0.9992345710945955, 0.0, -0.9992345710945955,
  0.03911869028226637, 0.0]
