nodes:
- [4.73390308 0.08110865 0.00000000]
- [4.67145718 0.09428580 0.00000000]
- [4.60069127 0.11290469 0.00000000]
- [4.52989200 0.13135926 0.00000000]
- [4.45904015 0.14965060 0.00000000]
- [4.38815180 0.16787521 0.00000000]
- [4.31725560 0.18610717 0.00000000]
- [4.24635000 0.20435749 0.00000000]
- [4.17546331 0.22274174 0.00000000]
- [4.10461876 0.24127993 0.00000000]
- [4.03380976 0.25992795 0.00000000]
- [3.96303047 0.27866972 0.00000000]
- [3.88955377 0.28723553 0.00000000]
- [3.81886131 0.29507846 0.00000000]
- [3.75089276 0.31322868 0.00000000]
- [3.68296559 0.33145133 0.00000000]
- [3.61503057 0.34965764 0.00000000]
- [3.54712447 0.36795302 0.00000000]
- [3.47922134 0.38621005 0.00000000]
- [3.41132263 0.40451172 0.00000000]
- [3.34345149 0.42279757 0.00000000]
- [3.27555226 0.44101481 0.00000000]
- [3.20765336 0.45926052 0.00000000]
- [3.13975012 0.47745927 0.00000000]
- [3.07184386 0.49565571 0.00000000]
- [3.00393561 0.51381379 0.00000000]
- [2.93602975 0.53193639 0.00000000]
- [2.86809771 0.54998160 0.00000000]
- [2.80015977 0.56801493 0.00000000]
- [2.73223069 0.58597213 0.00000000]
- [2.66427324 0.60381220 0.00000000]
- [2.59628413 0.62157735 0.00000000]
- [2.52828354 0.63926702 0.00000000]
- [2.46025983 0.65684820 0.00000000]
- [2.39219893 0.67434135 0.00000000]
- [2.32414113 0.69177480 0.00000000]
- [2.25606151 0.70904588 0.00000000]
- [2.18794145 0.72619336 0.00000000]
- [2.11977530 0.74321991 0.00000000]
- [2.05161032 0.76017279 0.00000000]
- [1.98198150 0.77727820 0.00000000]
- [1.91227667 0.79419203 0.00000000]
- [1.84254321 0.81101579 0.00000000]
- [1.77279713 0.82765933 0.00000000]
- [1.70300907 0.84409645 0.00000000]
- [1.63318201 0.86033266 0.00000000]
- [1.56328646 0.87633717 0.00000000]
- [1.49336984 0.89219539 0.00000000]
- [1.42342529 0.90776513 0.00000000]
- [1.35338767 0.92306023 0.00000000]
- [1.28332794 0.93819328 0.00000000]
- [1.21324498 0.95298543 0.00000000]
- [1.14306102 0.96743858 0.00000000]
- [1.07282948 0.98167476 0.00000000]
- [1.00258263 0.99556708 0.00000000]
- [0.93227843 1.00903585 0.00000000]
- [0.86187511 1.02208014 0.00000000]
- [0.79140414 1.03477719 0.00000000]
- [0.72093015 1.04704891 0.00000000]
- [0.65035452 1.05869855 0.00000000]
- [0.57966320 1.06992586 0.00000000]
- [0.50895702 1.08070274 0.00000000]
- [0.43819960 1.09083244 0.00000000]
- [0.36731733 1.10035551 0.00000000]
- [0.29638292 1.10939064 0.00000000]
- [0.22511033 1.11429063 0.00000000]
- [0.12746447 1.12094025 0.00000000]
- [0.05585365 1.12766476 0.00000000]
- [-0.01570758 1.13366111 0.00000000]
- [-0.08734984 1.13856963 0.00000000]
- [-0.15913626 1.14275814 0.00000000]
- [-0.23080742 1.14617484 0.00000000]
- [-0.30249667 1.14834959 0.00000000]
- [-0.37427139 1.14966596 0.00000000]
- [-0.44588924 1.14995280 0.00000000]
- [-0.51749191 1.14882489 0.00000000]
- [-0.58912570 1.14665065 0.00000000]
- [-0.66045944 1.14325406 0.00000000]
- [-0.75491445 1.13976468 0.00000000]
- [-0.82486081 1.13672390 0.00000000]
- [-0.89421624 1.12854527 0.00000000]
- [-0.96341080 1.11854370 0.00000000]
- [-1.03231080 1.10717921 0.00000000]
- [-1.10071270 1.09373389 0.00000000]
- [-1.16884118 1.07845836 0.00000000]
- [-1.23635136 1.06156811 0.00000000]
- [-1.30312077 1.04205681 0.00000000]
- [-1.36946448 1.02077217 0.00000000]
- [-1.43489571 0.99738706 0.00000000]
- [-1.49944775 0.97162535 0.00000000]
- [-1.56299964 0.94387916 0.00000000]
- [-1.62514892 0.91335064 0.00000000]
- [-1.68611314 0.88048902 0.00000000]
- [-1.74549625 0.84503226 0.00000000]
- [-1.80324928 0.80713588 0.00000000]
- [-1.85898502 0.76650704 0.00000000]
- [-1.91271255 0.72329594 0.00000000]
- [-1.96405048 0.67750486 0.00000000]
- [-2.01277640 0.62890512 0.00000000]
- [-2.05892438 0.57809655 0.00000000]
- [-2.10155809 0.52450601 0.00000000]
- [-2.14097298 0.46850344 0.00000000]
- [-2.17664568 0.41025081 0.00000000]
- [-2.20809016 0.34983955 0.00000000]
- [-2.24572873 0.29187163 0.00000000]
- [-2.27863402 0.22643080 0.00000000]
- [-2.29415903 0.15486232 0.00000000]
- [-2.30575878 0.08249509 0.00000000]
- [-2.31126606 0.01002371 0.00000000]
- [-2.30609817 -0.06246937 0.00000000]
- [-2.29491075 -0.13470456 0.00000000]
- [-2.27789414 -0.20569677 0.00000000]
- [-2.24320995 -0.27018641 0.00000000]
- [-2.20393819 -0.32745999 0.00000000]
- [-2.17078985 -0.38724560 0.00000000]
- [-2.13326684 -0.44458428 0.00000000]
- [-2.09194305 -0.49945132 0.00000000]
- [-2.04723931 -0.55165222 0.00000000]
- [-1.99905908 -0.60095836 0.00000000]
- [-1.94827905 -0.64794185 0.00000000]
- [-1.89504813 -0.69222177 0.00000000]
- [-1.83969815 -0.73399423 0.00000000]
- [-1.78235293 -0.77314678 0.00000000]
- [-1.72334661 -0.80992569 0.00000000]
- [-1.66276013 -0.84416663 0.00000000]
- [-1.60075007 -0.87617680 0.00000000]
- [-1.53777140 -0.90611903 0.00000000]
- [-1.47349481 -0.93351802 0.00000000]
- [-1.40843933 -0.95933035 0.00000000]
- [-1.34257532 -0.98288193 0.00000000]
- [-1.27593351 -1.00465904 0.00000000]
- [-1.20879311 -1.02472259 0.00000000]
- [-1.14108852 -1.04279909 0.00000000]
- [-1.07285308 -1.05915940 0.00000000]
- [-1.00364558 -1.07127593 0.00000000]
- [-0.94601844 -1.07962856 0.00000000]
- [-0.87566378 -1.09173541 0.00000000]
- [-0.80509079 -1.10207698 0.00000000]
- [-0.73420136 -1.11088521 0.00000000]
- [-0.66317971 -1.11828493 0.00000000]
- [-0.59199543 -1.12403539 0.00000000]
- [-0.52060564 -1.12841881 0.00000000]
- [-0.44923363 -1.13150435 0.00000000]
- [-0.37778111 -1.13292051 0.00000000]
- [-0.30619310 -1.13313935 0.00000000]
- [-0.23470584 -1.13209828 0.00000000]
- [-0.16321615 -1.12953895 0.00000000]
- [-0.09629331 -1.12609708 0.00000000]
- [-0.02925794 -1.12429624 0.00000000]
- [0.04101978 -1.12109079 0.00000000]
- [0.11103467 -1.11396533 0.00000000]
- [0.18102979 -1.10584360 0.00000000]
- [0.25080268 -1.09679932 0.00000000]
- [0.32037993 -1.08636353 0.00000000]
- [0.38994640 -1.07496412 0.00000000]
- [0.45930073 -1.06271724 0.00000000]
- [0.52838415 -1.04929059 0.00000000]
- [0.59736138 -1.03479574 0.00000000]
- [0.66622232 -1.01951035 0.00000000]
- [0.73476129 -1.00341259 0.00000000]
- [0.80300951 -0.98603652 0.00000000]
- [0.87121094 -0.96786622 0.00000000]
- [0.93919837 -0.94901335 0.00000000]
- [1.00690003 -0.92931780 0.00000000]
- [1.07441953 -0.90875405 0.00000000]
- [1.14181459 -0.88759021 0.00000000]
- [1.20897322 -0.86580813 0.00000000]
- [1.27589877 -0.84330971 0.00000000]
- [1.34267551 -0.82017923 0.00000000]
- [1.40932750 -0.79654945 0.00000000]
- [1.47578173 -0.77249815 0.00000000]
- [1.54198971 -0.74781011 0.00000000]
- [1.60809748 -0.72261642 0.00000000]
- [1.67412130 -0.69707310 0.00000000]
- [1.74000160 -0.67123371 0.00000000]
- [1.80572088 -0.64496518 0.00000000]
- [1.87139865 -0.61839409 0.00000000]
- [1.93603212 -0.59206319 0.00000000]
- [2.00061732 -0.56560774 0.00000000]
- [2.06515671 -0.53899838 0.00000000]
- [2.12970470 -0.51230723 0.00000000]
- [2.19427619 -0.48559472 0.00000000]
- [2.25888337 -0.45891228 0.00000000]
- [2.32354700 -0.43228358 0.00000000]
- [2.38830219 -0.40579283 0.00000000]
- [2.45317006 -0.37946637 0.00000000]
- [2.51819774 -0.35342508 0.00000000]
- [2.58337608 -0.32770472 0.00000000]
- [2.64873457 -0.30235066 0.00000000]
- [2.71433289 -0.27742500 0.00000000]
- [2.78019506 -0.25312206 0.00000000]
- [2.84624037 -0.22938828 0.00000000]
- [2.91251982 -0.20619615 0.00000000]
- [2.97912947 -0.18368343 0.00000000]
- [3.04607891 -0.16205142 0.00000000]
- [3.11326659 -0.14131316 0.00000000]
- [3.18076344 -0.12129956 0.00000000]
- [3.24867722 -0.10247482 0.00000000]
- [3.31678022 -0.08470292 0.00000000]
- [3.38513954 -0.06780133 0.00000000]
- [3.45390005 -0.05203693 0.00000000]
- [3.52290007 -0.03764619 0.00000000]
- [3.59208564 -0.02420922 0.00000000]
- [3.66167881 -0.01209163 0.00000000]
- [3.73149584 -0.00155485 0.00000000]
- [3.80152108 0.00775325 0.00000000]
- [3.87288455 0.00480814 0.00000000]
- [3.94719198 0.00038884 0.00000000]
- [4.02063849 0.00494319 0.00000000]
- [4.09420646 0.00737181 0.00000000]
- [4.16780052 0.00804605 0.00000000]
- [4.24138773 0.00669518 0.00000000]
- [4.31493962 0.00353792 0.00000000]
- [4.38840893 -0.00180337 0.00000000]
- [4.46175376 -0.00940478 0.00000000]
- [4.53485230 -0.01990323 0.00000000]
- [4.60742736 -0.03372634 0.00000000]
- [4.67921557 -0.05061154 0.00000000]
- [4.73673852 -0.07220374 0.00000000]
- [1.88040923 -0.54946574 0.00000000]
- [1.88941982 -0.48053740 0.00000000]
- [1.89843040 -0.41160905 0.00000000]
- [1.90744099 -0.34268071 0.00000000]
- [1.91645157 -0.27375237 0.00000000]
- [1.92546215 -0.20482402 0.00000000]
- [1.93447274 -0.13589568 0.00000000]
- [1.94348332 -0.06696734 0.00000000]
- [1.95249390 0.00196101 0.00000000]
- [1.96150449 0.07088935 0.00000000]
- [1.97051507 0.13981770 0.00000000]
- [1.97952565 0.20874604 0.00000000]
- [1.98853624 0.27767438 0.00000000]
- [1.99754682 0.34660273 0.00000000]
- [2.00655741 0.41553107 0.00000000]
- [2.01556799 0.48445942 0.00000000]
- [2.02457857 0.55338776 0.00000000]
- [2.03358916 0.62231610 0.00000000]
- [2.04259974 0.69124445 0.00000000]
- [-0.93709472 -1.01016348 0.00000000]
- [-0.92817100 -0.94069839 0.00000000]
- [-0.91924728 -0.87123331 0.00000000]
- [-0.91032356 -0.80176823 0.00000000]
- [-0.90139984 -0.73230315 0.00000000]
- [-0.89247612 -0.66283807 0.00000000]
- [-0.88355241 -0.59337299 0.00000000]
- [-0.87462869 -0.52390790 0.00000000]
- [-0.86570497 -0.45444282 0.00000000]
- [-0.85678125 -0.38497774 0.00000000]
- [-0.84785753 -0.31551266 0.00000000]
- [-0.83893381 -0.24604758 0.00000000]
- [-0.83001009 -0.17658250 0.00000000]
- [-0.82108638 -0.10711741 0.00000000]
- [-0.81216266 -0.03765233 0.00000000]
- [-0.80323894 0.03181275 0.00000000]
- [-0.79431522 0.10127783 0.00000000]
- [-0.78539150 0.17074291 0.00000000]
- [-0.77646778 0.24020799 0.00000000]
- [-0.76754406 0.30967308 0.00000000]
- [-0.75862034 0.37913816 0.00000000]
- [-0.74969663 0.44860324 0.00000000]
- [-0.74077291 0.51806832 0.00000000]
- [-0.73184919 0.58753340 0.00000000]
- [-0.72292547 0.65699848 0.00000000]
- [-0.71400175 0.72646357 0.00000000]
- [-0.70507803 0.79592865 0.00000000]
- [-0.69615431 0.86539373 0.00000000]
- [-0.68723059 0.93485881 0.00000000]
- [-0.67830688 1.00432389 0.00000000]
- [-0.66938316 1.07378897 0.00000000]
- [-0.15413238 -1.05921148 0.00000000]
- [-0.14504861 -0.98888400 0.00000000]
- [-0.13596484 -0.91855653 0.00000000]
- [-0.12688108 -0.84822905 0.00000000]
- [-0.11779731 -0.77790158 0.00000000]
- [-0.10871354 -0.70757410 0.00000000]
- [-0.09962977 -0.63724663 0.00000000]
- [-0.09054600 -0.56691915 0.00000000]
- [-0.08146223 -0.49659168 0.00000000]
- [-0.07237846 -0.42626420 0.00000000]
- [-0.06329469 -0.35593673 0.00000000]
- [-0.05421092 -0.28560925 0.00000000]
- [-0.04512715 -0.21528178 0.00000000]
- [-0.03604338 -0.14495430 0.00000000]
- [-0.02695961 -0.07462682 0.00000000]
- [-0.01787584 -0.00429935 0.00000000]
- [-0.00879207 0.06602813 0.00000000]
- [0.00029170 0.13635560 0.00000000]
- [0.00937547 0.20668308 0.00000000]
- [0.01845923 0.27701055 0.00000000]
- [0.02754300 0.34733803 0.00000000]
- [0.03662677 0.41766550 0.00000000]
- [0.04571054 0.48799298 0.00000000]
- [0.05479431 0.55832045 0.00000000]
- [0.06387808 0.62864793 0.00000000]
- [0.07296185 0.69897540 0.00000000]
- [0.08204562 0.76930288 0.00000000]
- [0.09112939 0.83963035 0.00000000]
- [0.10021316 0.90995783 0.00000000]
- [0.10929693 0.98028530 0.00000000]
- [0.11838070 1.05061278 0.00000000]
elements:
- [1 2]
- [2 3]
- [3 4]
- [4 5]
- [5 6]
- [6 7]
- [7 8]
- [8 9]
- [9 10]
- [10 11]
- [11 12]
- [12 13]
- [13 14]
- [14 15]
- [15 16]
- [16 17]
- [17 18]
- [18 19]
- [19 20]
- [20 21]
- [21 22]
- [22 23]
- [23 24]
- [24 25]
- [25 26]
- [26 27]
- [27 28]
- [28 29]
- [29 30]
- [30 31]
- [31 32]
- [32 33]
- [33 34]
- [34 35]
- [35 36]
- [36 37]
- [37 38]
- [38 39]
- [39 40]
- [40 41]
- [41 42]
- [42 43]
- [43 44]
- [44 45]
- [45 46]
- [46 47]
- [47 48]
- [48 49]
- [49 50]
- [50 51]
- [51 52]
- [52 53]
- [53 54]
- [54 55]
- [55 56]
- [56 57]
- [57 58]
- [58 59]
- [59 60]
- [60 61]
- [61 62]
- [62 63]
- [63 64]
- [64 65]
- [65 66]
- [66 67]
- [67 68]
- [68 69]
- [69 70]
- [70 71]
- [71 72]
- [72 73]
- [73 74]
- [74 75]
- [75 76]
- [76 77]
- [77 78]
- [78 79]
- [79 80]
- [80 81]
- [81 82]
- [82 83]
- [83 84]
- [84 85]
- [85 86]
- [86 87]
- [87 88]
- [88 89]
- [89 90]
- [90 91]
- [91 92]
- [92 93]
- [93 94]
- [94 95]
- [95 96]
- [96 97]
- [97 98]
- [98 99]
- [99 100]
- [100 101]
- [101 102]
- [102 103]
- [103 104]
- [104 105]
- [105 106]
- [106 107]
- [107 108]
- [108 109]
- [109 110]
- [110 111]
- [111 112]
- [112 113]
- [113 114]
- [114 115]
- [115 116]
- [116 117]
- [117 118]
- [118 119]
- [119 120]
- [120 121]
- [121 122]
- [122 123]
- [123 124]
- [124 125]
- [125 126]
- [126 127]
- [127 128]
- [128 129]
- [129 130]
- [130 131]
- [131 132]
- [132 133]
- [133 134]
- [134 135]
- [135 136]
- [136 137]
- [137 138]
- [138 139]
- [139 140]
- [140 141]
- [141 142]
- [142 143]
- [143 144]
- [144 145]
- [145 146]
- [146 147]
- [147 148]
- [148 149]
- [149 150]
- [150 151]
- [151 152]
- [152 153]
- [153 154]
- [154 155]
- [155 156]
- [156 157]
- [157 158]
- [158 159]
- [159 160]
- [160 161]
- [161 162]
- [162 163]
- [163 164]
- [164 165]
- [165 166]
- [166 167]
- [167 168]
- [168 169]
- [169 170]
- [170 171]
- [171 172]
- [172 173]
- [173 174]
- [174 175]
- [175 176]
- [176 177]
- [177 178]
- [178 179]
- [179 180]
- [180 181]
- [181 182]
- [182 183]
- [183 184]
- [184 185]
- [185 186]
- [186 187]
- [187 188]
- [188 189]
- [189 190]
- [190 191]
- [191 192]
- [192 193]
- [193 194]
- [194 195]
- [195 196]
- [196 197]
- [197 198]
- [198 199]
- [199 200]
- [200 201]
- [201 202]
- [202 203]
- [203 204]
- [204 205]
- [205 206]
- [206 207]
- [207 208]
- [208 209]
- [209 210]
- [210 211]
- [211 212]
- [212 213]
- [213 214]
- [214 215]
- [215 216]
- [216 217]
- [217 218]
- [218 219]
- [219 1]
- [177 220]
- [220 221]
- [221 222]
- [222 223]
- [223 224]
- [224 225]
- [225 226]
- [226 227]
- [227 228]
- [228 229]
- [229 230]
- [230 231]
- [231 232]
- [232 233]
- [233 234]
- [234 235]
- [235 236]
- [236 237]
- [237 238]
- [238 40]
- [136 239]
- [239 240]
- [240 241]
- [241 242]
- [242 243]
- [243 244]
- [244 245]
- [245 246]
- [246 247]
- [247 248]
- [248 249]
- [249 250]
- [250 251]
- [251 252]
- [252 253]
- [253 254]
- [254 255]
- [255 256]
- [256 257]
- [257 258]
- [258 259]
- [259 260]
- [260 261]
- [261 262]
- [262 263]
- [263 264]
- [264 265]
- [265 266]
- [266 267]
- [267 268]
- [268 269]
- [269 78]
- [147 270]
- [270 271]
- [271 272]
- [272 273]
- [273 274]
- [274 275]
- [275 276]
- [276 277]
- [277 278]
- [278 279]
- [279 280]
- [280 281]
- [281 282]
- [282 283]
- [283 284]
- [284 285]
- [285 286]
- [286 287]
- [287 288]
- [288 289]
- [289 290]
- [290 291]
- [291 292]
- [292 293]
- [293 294]
- [294 295]
- [295 296]
- [296 297]
- [297 298]
- [298 299]
- [299 300]
- [300 67]
sets:
  element:
  - name: layup_0
    labels:
    - 1
    - 2
    - 3
    - 4
    - 5
    - 6
    - 7
    - 8
    - 9
    - 10
    - 11
    - 12
    - 207
    - 208
    - 209
    - 210
    - 211
    - 212
    - 213
    - 214
    - 215
    - 216
    - 217
    - 218
    - 219
  - name: layup_1
    labels:
    - 13
    - 14
    - 15
    - 16
    - 17
    - 18
    - 19
    - 20
    - 21
    - 22
    - 23
    - 24
    - 25
    - 26
    - 27
    - 28
    - 29
    - 30
    - 31
    - 32
    - 33
    - 34
    - 35
    - 36
    - 37
    - 38
    - 39
    - 40
    - 41
    - 42
    - 43
    - 44
    - 45
    - 46
    - 47
    - 48
    - 49
    - 50
    - 51
    - 52
    - 53
    - 54
    - 55
    - 56
    - 57
    - 58
    - 59
    - 60
    - 61
    - 62
    - 63
    - 64
    - 65
    - 79
    - 80
    - 81
    - 82
    - 83
    - 84
    - 85
    - 86
    - 87
    - 88
    - 89
    - 90
    - 91
    - 92
    - 93
    - 94
    - 95
    - 96
    - 97
    - 98
    - 99
    - 100
    - 101
    - 102
    - 103
    - 104
    - 113
    - 114
    - 115
    - 116
    - 117
    - 118
    - 119
    - 120
    - 121
    - 122
    - 123
    - 124
    - 125
    - 126
    - 127
    - 128
    - 129
    - 130
    - 131
    - 132
    - 133
    - 134
    - 149
    - 150
    - 151
    - 152
    - 153
    - 154
    - 155
    - 156
    - 157
    - 158
    - 159
    - 160
    - 161
    - 162
    - 163
    - 164
    - 165
    - 166
    - 167
    - 168
    - 169
    - 170
    - 171
    - 172
    - 173
    - 174
    - 175
    - 176
    - 177
    - 178
    - 179
    - 180
    - 181
    - 182
    - 183
    - 184
    - 185
    - 186
    - 187
    - 188
    - 189
    - 190
    - 191
    - 192
    - 193
    - 194
    - 195
    - 196
    - 197
    - 198
    - 199
    - 200
    - 201
    - 202
    - 203
    - 204
    - 205
    - 206
  - name: layup_2
    labels:
    - 66
    - 67
    - 68
    - 69
    - 70
    - 71
    - 72
    - 73
    - 74
    - 75
    - 76
    - 77
    - 78
  - name: layup_3
    labels:
    - 105
    - 106
    - 107
    - 108
    - 109
    - 110
    - 111
    - 112
  - name: layup_4
    labels:
    - 135
    - 136
    - 137
    - 138
    - 139
    - 140
    - 141
    - 142
    - 143
    - 144
    - 145
    - 146
    - 147
    - 148
  - name: layup_5
    labels:
    - 220
    - 221
    - 222
    - 223
    - 224
    - 225
    - 226
    - 227
    - 228
    - 229
    - 230
    - 231
    - 232
    - 233
    - 234
    - 235
    - 236
    - 237
    - 238
    - 239
    - 240
    - 241
    - 242
    - 243
    - 244
    - 245
    - 246
    - 247
    - 248
    - 249
    - 250
    - 251
    - 252
    - 253
    - 254
    - 255
    - 256
    - 257
    - 258
    - 259
    - 260
    - 261
    - 262
    - 263
    - 264
    - 265
    - 266
    - 267
    - 268
    - 269
    - 270
    - 271
    - 272
    - 273
    - 274
    - 275
    - 276
    - 277
    - 278
    - 279
    - 280
    - 281
    - 282
    - 283
    - 284
    - 285
    - 286
    - 287
    - 288
    - 289
    - 290
    - 291
    - 292
    - 293
    - 294
    - 295
    - 296
    - 297
    - 298
    - 299
    - 300
    - 301
    - 302
    - 303
sections:
- type: shell
  elementSet: layup_0
  layup:
  - - gelcoat
    - 0.0005
    - 0.0
  - - glass_triax
    - 0.003
    - 0.0
  - - glass_uniax
    - 0.02448521
    - 0.0
  - - glass_triax
    - 0.003
    - 0.0
- type: shell
  elementSet: layup_1
  layup:
  - - gelcoat
    - 0.0005
    - 0.0
  - - glass_triax
    - 0.003
    - 0.0
  - - medium_density_foam
    - 0.06687499
    - 0.0
  - - glass_triax
    - 0.003
    - 0.0
- type: shell
  elementSet: layup_2
  layup:
  - - gelcoat
    - 0.0005
    - 0.0
  - - glass_triax
    - 0.003
    - 0.0
  - - carbon_uniax
    - 0.08080661
    - 0.0
  - - glass_triax
    - 0.003
    - 0.0
- type: shell
  elementSet: layup_3
  layup:
  - - gelcoat
    - 0.0005
    - 0.0
  - - glass_triax
    - 0.003
    - 0.0
  - - glass_uniax
    - 0.02017456
    - 0.0
  - - glass_triax
    - 0.003
    - 0.0
- type: shell
  elementSet: layup_4
  layup:
  - - gelcoat
    - 0.0005
    - 0.0
  - - glass_triax
    - 0.003
    - 0.0
  - - carbon_uniax
    - 0.07745227
    - 0.0
  - - glass_triax
    - 0.003
    - 0.0
- type: shell
  elementSet: layup_5
  layup:
  - - glass_biax
    - 0.002
    - 0.0
  - - medium_density_foam
    - 0.0404
    - 0.0
  - - glass_biax
    - 0.002
    - 0.0
elementOrientations:
- [0.0, 0.0, 1.0, -0.9784528490290891, 0.20647039067832038, 0.0, -0.20647039067832038,
  -0.9784528490290891, 0.0]
- [0.0, 0.0, 1.0, -0.9670870594570776, 0.25444571018325907, 0.0, -0.25444571018325907,
  -0.9670870594570776, 0.0]
- [0.0, 0.0, 1.0, -0.96766666969302, 0.25223246493110213, 0.0, -0.25223246493110213,
  -0.96766666969302, 0.0]
- [0.0, 0.0, 1.0, -0.9682542000019264, 0.2499676062585504, 0.0, -0.2499676062585504,
  -0.9682542000019264, 0.0]
- [0.0, 0.0, 1.0, -0.9685055407260719, 0.2489920030500963, 0.0, -0.2489920030500963,
  -0.9685055407260719, 0.0]
- [0.0, 0.0, 1.0, -0.9684879749928798, 0.24906031858606295, 0.0, -0.24906031858606295,
  -0.9684879749928798, 0.0]
- [0.0, 0.0, 1.0, -0.9684353944783596, 0.24926469208763616, 0.0, -0.24926469208763616,
  -0.9684353944783596, 0.0]
- [0.0, 0.0, 1.0, -0.967976272584258, 0.25104170114522123, 0.0, -0.25104170114522123,
  -0.967976272584258, 0.0]
- [0.0, 0.0, 1.0, -0.9674268660682191, 0.2531506642484356, 0.0, -0.2531506642484356,
  -0.9674268660682191, 0.0]
- [0.0, 0.0, 1.0, -0.9670272039634294, 0.25467309790135223, 0.0, -0.25467309790135223,
  -0.9670272039634294, 0.0]
- [0.0, 0.0, 1.0, -0.9666847059845431, 0.2559700748438721, 0.0, -0.2559700748438721,
  -0.9666847059845431, 0.0]
- [0.0, 0.0, 1.0, -0.9932732100313242, 0.11579434456858775, 0.0, -0.11579434456858775,
  -0.9932732100313242, 0.0]
- [0.0, 0.0, 1.0, -0.9939019142439612, 0.11026778705582753, 0.0, -0.11026778705582753,
  -0.9939019142439612, 0.0]
- [0.0, 0.0, 1.0, -0.9661454471108945, 0.25799801361035646, 0.0, -0.25799801361035646,
  -0.9661454471108945, 0.0]
- [0.0, 0.0, 1.0, -0.9658489365949923, 0.25910583103882956, 0.0, -0.25910583103882956,
  -0.9658489365949923, 0.0]
- [0.0, 0.0, 1.0, -0.9659145004078022, 0.2588613101681006, 0.0, -0.2588613101681006,
  -0.9659145004078022, 0.0]
- [0.0, 0.0, 1.0, -0.9655694869400863, 0.2601452784316073, 0.0, -0.2601452784316073,
  -0.9655694869400863, 0.0]
- [0.0, 0.0, 1.0, -0.965703447994955, 0.2596475505962944, 0.0, -0.2596475505962944,
  -0.965703447994955, 0.0]
- [0.0, 0.0, 1.0, -0.9655398632121378, 0.2602552065728684, 0.0, -0.2602552065728684,
  -0.9655398632121378, 0.0]
- [0.0, 0.0, 1.0, -0.9655698303390491, 0.2601440038498294, 0.0, -0.2601440038498294,
  -0.9655698303390491, 0.0]
- [0.0, 0.0, 1.0, -0.965841514474266, 0.25913349632584415, 0.0, -0.25913349632584415,
  -0.965841514474266, 0.0]
- [0.0, 0.0, 1.0, -0.9657397770584112, 0.25951239470817267, 0.0, -0.25951239470817267,
  -0.9657397770584112, 0.0]
- [0.0, 0.0, 1.0, -0.9659111256171756, 0.2588739025258449, 0.0, -0.2588739025258449,
  -0.9659111256171756, 0.0]
- [0.0, 0.0, 1.0, -0.9659222510634212, 0.25883238765767497, 0.0, -0.25883238765767497,
  -0.9659222510634212, 0.0]
- [0.0, 0.0, 1.0, -0.9660604008998498, 0.25831628251664934, 0.0, -0.25831628251664934,
  -0.9660604008998498, 0.0]
- [0.0, 0.0, 1.0, -0.9661840178049145, 0.2578535315607542, 0.0, -0.2578535315607542,
  -0.9661840178049145, 0.0]
- [0.0, 0.0, 1.0, -0.9664824324249965, 0.256732755630952, 0.0, -0.256732755630952,
  -0.9664824324249965, 0.0]
- [0.0, 0.0, 1.0, -0.9665299034844523, 0.2565539819810544, 0.0, -0.2565539819810544,
  -0.9665299034844523, 0.0]
- [0.0, 0.0, 1.0, -0.9667897636969139, 0.2555729892043867, 0.0, -0.2555729892043867,
  -0.9667897636969139, 0.0]
- [0.0, 0.0, 1.0, -0.9672266217017794, 0.2539146751792085, 0.0, -0.2539146751792085,
  -0.9672266217017794, 0.0]
- [0.0, 0.0, 1.0, -0.9675169038728353, 0.25280633045935147, 0.0, -0.25280633045935147,
  -0.9675169038728353, 0.0]
- [0.0, 0.0, 1.0, -0.9677894943364831, 0.2517607885512245, 0.0, -0.2517607885512245,
  -0.9677894943364831, 0.0]
- [0.0, 0.0, 1.0, -0.9681854112232728, 0.25023390956147856, 0.0, -0.25023390956147856,
  -0.9681854112232728, 0.0]
- [0.0, 0.0, 1.0, -0.9685211569162674, 0.24893125276986608, 0.0, -0.24893125276986608,
  -0.9685211569162674, 0.0]
- [0.0, 0.0, 1.0, -0.9687229644700911, 0.24814475232871358, 0.0, -0.24814475232871358,
  -0.9687229644700911, 0.0]
- [0.0, 0.0, 1.0, -0.9692952335017297, 0.24589987863117665, 0.0, -0.24589987863117665,
  -0.9692952335017297, 0.0]
- [0.0, 0.0, 1.0, -0.9697477644326882, 0.24410914234785128, 0.0, -0.24410914234785128,
  -0.9697477644326882, 0.0]
- [0.0, 0.0, 1.0, -0.9701926678230698, 0.24233486604769566, 0.0, -0.24233486604769566,
  -0.9701926678230698, 0.0]
- [0.0, 0.0, 1.0, -0.9704377604901734, 0.24135151338828803, 0.0, -0.24135151338828803,
  -0.9704377604901734, 0.0]
- [0.0, 0.0, 1.0, -0.9711248186280784, 0.23857197371984393, 0.0, -0.23857197371984393,
  -0.9711248186280784, 0.0]
- [0.0, 0.0, 1.0, -0.9718000062626639, 0.2358065898737483, 0.0, -0.2358065898737483,
  -0.9718000062626639, 0.0]
- [0.0, 0.0, 1.0, -0.9721090816606627, 0.2345291737777264, 0.0, -0.2345291737777264,
  -0.9721090816606627, 0.0]
- [0.0, 0.0, 1.0, -0.9726887624159506, 0.23211327292881495, 0.0, -0.23211327292881495,
  -0.9726887624159506, 0.0]
- [0.0, 0.0, 1.0, -0.9733661682624556, 0.22925597589172012, 0.0, -0.22925597589172012,
  -0.9733661682624556, 0.0]
- [0.0, 0.0, 1.0, -0.9740161278419804, 0.22647865838465825, 0.0, -0.22647865838465825,
  -0.9740161278419804, 0.0]
- [0.0, 0.0, 1.0, -0.9747724653508064, 0.22320089783401642, 0.0, -0.22320089783401642,
  -0.9747724653508064, 0.0]
- [0.0, 0.0, 1.0, -0.9752289989580811, 0.22119764824974772, 0.0, -0.22119764824974772,
  -0.9752289989580811, 0.0]
- [0.0, 0.0, 1.0, -0.9761086579891911, 0.2172829671155573, 0.0, -0.2172829671155573,
  -0.9761086579891911, 0.0]
- [0.0, 0.0, 1.0, -0.9769745795499544, 0.21335573794297114, 0.0, -0.21335573794297114,
  -0.9769745795499544, 0.0]
- [0.0, 0.0, 1.0, -0.9774573696447136, 0.21113287410357906, 0.0, -0.21113287410357906,
  -0.9774573696447136, 0.0]
- [0.0, 0.0, 1.0, -0.9784431562532515, 0.20651631892219827, 0.0, -0.20651631892219827,
  -0.9784431562532515, 0.0]
- [0.0, 0.0, 1.0, -0.9794473677471359, 0.20169991029548529, 0.0, -0.20169991029548529,
  -0.9794473677471359, 0.0]
- [0.0, 0.0, 1.0, -0.9800678191695116, 0.19866320703219742, 0.0, -0.19866320703219742,
  -0.9800678191695116, 0.0]
- [0.0, 0.0, 1.0, -0.9810001784098467, 0.19400682967320773, 0.0, -0.19400682967320773,
  -0.9810001784098467, 0.0]
- [0.0, 0.0, 1.0, -0.9821390287532499, 0.188156658664058, 0.0, -0.188156658664058,
  -0.9821390287532499, 0.0]
- [0.0, 0.0, 1.0, -0.983265388385678, 0.1821789669604088, 0.0, -0.1821789669604088,
  -0.983265388385678, 0.0]
- [0.0, 0.0, 1.0, -0.9841534324933974, 0.17731898181374703, 0.0, -0.17731898181374703,
  -0.9841534324933974, 0.0]
- [0.0, 0.0, 1.0, -0.9851754403815228, 0.1715498518480056, 0.0, -0.1715498518480056,
  -0.9851754403815228, 0.0]
- [0.0, 0.0, 1.0, -0.9866488301983654, 0.1628621683147969, 0.0, -0.1628621683147969,
  -0.9866488301983654, 0.0]
- [0.0, 0.0, 1.0, -0.9876215309956003, 0.15685570284151804, 0.0, -0.15685570284151804,
  -0.9876215309956003, 0.0]
- [0.0, 0.0, 1.0, -0.9885829496479576, 0.15067764155754446, 0.0, -0.15067764155754446,
  -0.9885829496479576, 0.0]
- [0.0, 0.0, 1.0, -0.98990734718735, 0.14171606819448318, 0.0, -0.14171606819448318,
  -0.98990734718735, 0.0]
- [0.0, 0.0, 1.0, -0.99109534545528, 0.13315410702219826, 0.0, -0.13315410702219826,
  -0.99109534545528, 0.0]
- [0.0, 0.0, 1.0, -0.9919854378107256, 0.1263522503616896, 0.0, -0.1263522503616896,
  -0.9919854378107256, 0.0]
- [0.0, 0.0, 1.0, -0.9976450717821964, 0.06858797816451491, 0.0, -0.06858797816451491,
  -0.9976450717821964, 0.0]
- [0.0, 0.0, 1.0, -0.9976892663286693, 0.0679420919059876, 0.0, -0.0679420919059876,
  -0.9976892663286693, 0.0]
- [0.0, 0.0, 1.0, -0.995620014711185, 0.09349217243437982, 0.0, -0.09349217243437982,
  -0.995620014711185, 0.0]
- [0.0, 0.0, 1.0, -0.9965077184356594, 0.08350070118362211, 0.0, -0.08350070118362211,
  -0.9965077184356594, 0.0]
- [0.0, 0.0, 1.0, -0.9976611323783063, 0.06835396800212244, 0.0, -0.06835396800212244,
  -0.9976611323783063, 0.0]
- [0.0, 0.0, 1.0, -0.9983021566170177, 0.05824778187889711, 0.0, -0.05824778187889711,
  -0.9983021566170177, 0.0]
- [0.0, 0.0, 1.0, -0.9988656244280999, 0.04761789932223002, 0.0, -0.04761789932223002,
  -0.9988656244280999, 0.0]
- [0.0, 0.0, 1.0, -0.9995401888484559, 0.030321788812554155, 0.0, -0.030321788812554155,
  -0.9995401888484559, 0.0]
- [0.0, 0.0, 1.0, -0.9998318596836486, 0.01833718521303177, 0.0, -0.01833718521303177,
  -0.9998318596836486, 0.0]
- [0.0, 0.0, 1.0, -0.9999919792294588, 0.004005181238059531, 0.0, -0.004005181238059531,
  -0.9999919792294588, 0.0]
- [0.0, 0.0, 1.0, -0.9998759542342542, -0.015750433141326656, 0.0, 0.015750433141326656,
  -0.9998759542342542, 0.0]
- [0.0, 0.0, 1.0, -0.999539691567332, -0.03033817696373036, 0.0, 0.03033817696373036,
  -0.999539691567332, 0.0]
- [0.0, 0.0, 1.0, -0.9988683047769681, -0.047561641182637095, 0.0, 0.047561641182637095,
  -0.9988683047769681, 0.0]
- [0.0, 0.0, 1.0, -0.9993183363649536, -0.036916969062768826, 0.0, 0.036916969062768826,
  -0.9993183363649536, 0.0]
- [0.0, 0.0, 1.0, -0.9990563802155614, -0.043432121184436054, 0.0, 0.043432121184436054,
  -0.9990563802155614, 0.0]
- [0.0, 0.0, 1.0, -0.9931187225902349, -0.11711192441737092, 0.0, 0.11711192441737092,
  -0.9931187225902349, 0.0]
- [0.0, 0.0, 1.0, -0.9897145824570949, -0.14305609134803923, 0.0, 0.14305609134803923,
  -0.9897145824570949, 0.0]
- [0.0, 0.0, 1.0, -0.9866685179748849, -0.1627428512631031, 0.0, 0.1627428512631031,
  -0.9866685179748849, 0.0]
- [0.0, 0.0, 1.0, -0.9812237732719115, -0.19287277352190557, 0.0, 0.19287277352190557,
  -0.9812237732719115, 0.0]
- [0.0, 0.0, 1.0, -0.9757732070349587, -0.21878447941458715, 0.0, 0.21878447941458715,
  -0.9757732070349587, 0.0]
- [0.0, 0.0, 1.0, -0.970099513780745, -0.2427075057808515, 0.0, 0.2427075057808515,
  -0.970099513780745, 0.0]
- [0.0, 0.0, 1.0, -0.9598573607908953, -0.28048858610563293, 0.0, 0.28048858610563293,
  -0.9598573607908953, 0.0]
- [0.0, 0.0, 1.0, -0.9521961859931214, -0.30548719020632137, 0.0, 0.30548719020632137,
  -0.9521961859931214, 0.0]
- [0.0, 0.0, 1.0, -0.9416652504066487, -0.33655097114194066, 0.0, 0.33655097114194066,
  -0.9416652504066487, 0.0]
- [0.0, 0.0, 1.0, -0.9287696296593118, -0.3706574901745609, 0.0, 0.3706574901745609,
  -0.9287696296593118, 0.0]
- [0.0, 0.0, 1.0, -0.9164629501337663, -0.4001195584223715, 0.0, 0.4001195584223715,
  -0.9164629501337663, 0.0]
- [0.0, 0.0, 1.0, -0.8975597494223044, -0.4408928398340917, 0.0, 0.4408928398340917,
  -0.8975597494223044, 0.0]
- [0.0, 0.0, 1.0, -0.8802616389827228, -0.47448861623378324, 0.0, 0.47448861623378324,
  -0.8802616389827228, 0.0]
- [0.0, 0.0, 1.0, -0.858595226642056, -0.5126541102804858, 0.0, 0.5126541102804858,
  -0.858595226642056, 0.0]
- [0.0, 0.0, 1.0, -0.8360747292884717, -0.5486155730976005, 0.0, 0.5486155730976005,
  -0.8360747292884717, 0.0]
- [0.0, 0.0, 1.0, -0.8080890140984461, -0.5890603918898311, 0.0, 0.5890603918898311,
  -0.8080890140984461, 0.0]
- [0.0, 0.0, 1.0, -0.7792454519183227, -0.6267188569562983, 0.0, 0.6267188569562983,
  -0.7792454519183227, 0.0]
- [0.0, 0.0, 1.0, -0.7462723891692166, -0.6656406847268798, 0.0, 0.6656406847268798,
  -0.7462723891692166, 0.0]
- [0.0, 0.0, 1.0, -0.7080228998355059, -0.7061894740850512, 0.0, 0.7061894740850512,
  -0.7080228998355059, 0.0]
- [0.0, 0.0, 1.0, -0.6723407069675129, -0.740241834642183, 0.0, 0.740241834642183,
  -0.6723407069675129, 0.0]
- [0.0, 0.0, 1.0, -0.6225670399265885, -0.78256647052953, 0.0, 0.78256647052953, -0.6225670399265885,
  0.0]
- [0.0, 0.0, 1.0, -0.5755488995945124, -0.8177673655603689, 0.0, 0.8177673655603689,
  -0.5755488995945124, 0.0]
- [0.0, 0.0, 1.0, -0.5222371379583093, -0.8528003117595079, 0.0, 0.8528003117595079,
  -0.5222371379583093, 0.0]
- [0.0, 0.0, 1.0, -0.4617066843768605, -0.8870326587007529, 0.0, 0.8870326587007529,
  -0.4617066843768605, 0.0]
- [0.0, 0.0, 1.0, -0.5445755366855484, -0.8387118008253175, 0.0, 0.8387118008253175,
  -0.5445755366855484, 0.0]
- [0.0, 0.0, 1.0, -0.4492316844242233, -0.8934152974453566, 0.0, 0.8934152974453566,
  -0.4492316844242233, 0.0]
- [0.0, 0.0, 1.0, -0.21199461637141095, -0.9772708338170839, 0.0, 0.9772708338170839,
  -0.21199461637141095, 0.0]
- [0.0, 0.0, 1.0, -0.15826987651204627, -0.9873958913165791, 0.0, 0.9873958913165791,
  -0.15826987651204627, 0.0]
- [0.0, 0.0, 1.0, -0.07577399261249947, -0.9971250182617829, 0.0, 0.9971250182617829,
  -0.07577399261249947, 0.0]
- [0.0, 0.0, 1.0, 0.07110765378905026, -0.9974686469120805, 0.0, 0.9974686469120805,
  0.07110765378905026, 0.0]
- [0.0, 0.0, 1.0, 0.1530502633863966, -0.9882184054536501, 0.0, 0.9882184054536501,
  0.1530502633863966, 0.0]
- [0.0, 0.0, 1.0, 0.23309412241778746, -0.9724541789175886, 0.0, 0.9724541789175886,
  0.23309412241778746, 0.0]
- [0.0, 0.0, 1.0, 0.4736657172243379, -0.8807047111980005, 0.0, 0.8807047111980005,
  0.4736657172243379, 0.0]
- [0.0, 0.0, 1.0, 0.5655131671072264, -0.8247392665735968, 0.0, 0.8247392665735968,
  0.5655131671072264, 0.0]
- [0.0, 0.0, 1.0, 0.48490621528005484, -0.8745661566644191, 0.0, 0.8745661566644191,
  0.48490621528005484, 0.0]
- [0.0, 0.0, 1.0, 0.5475799059221564, -0.8367533965454114, 0.0, 0.8367533965454114,
  0.5475799059221564, 0.0]
- [0.0, 0.0, 1.0, 0.6016154107896728, -0.7987858896477662, 0.0, 0.7987858896477662,
  0.6016154107896728, 0.0]
- [0.0, 0.0, 1.0, 0.6504567718143809, -0.7595432759236399, 0.0, 0.7595432759236399,
  0.6504567718143809, 0.0]
- [0.0, 0.0, 1.0, 0.6988935163197725, -0.7152257355871529, 0.0, 0.7152257355871529,
  0.6988935163197725, 0.0]
- [0.0, 0.0, 1.0, 0.7340132522173584, -0.6791351452909037, 0.0, 0.6791351452909037,
  0.7340132522173584, 0.0]
- [0.0, 0.0, 1.0, 0.7687833466561182, -0.6395093165108844, 0.0, 0.6395093165108844,
  0.7687833466561182, 0.0]
- [0.0, 0.0, 1.0, 0.7981968536616938, -0.6023966988659322, 0.0, 0.6023966988659322,
  0.7981968536616938, 0.0]
- [0.0, 0.0, 1.0, 0.8258682626553157, -0.5638631152493402, 0.0, 0.5638631152493402,
  0.8258682626553157, 0.0]
- [0.0, 0.0, 1.0, 0.8486443573752758, -0.5289638500834489, 0.0, 0.5289638500834489,
  0.8486443573752758, 0.0]
- [0.0, 0.0, 1.0, 0.8705849662376911, -0.4920181059279404, 0.0, 0.4920181059279404,
  0.8705849662376911, 0.0]
- [0.0, 0.0, 1.0, 0.8885915860447742, -0.4586992404729189, 0.0, 0.4586992404729189,
  0.8885915860447742, 0.0]
- [0.0, 0.0, 1.0, 0.9031253489784513, -0.42937699522977557, 0.0, 0.42937699522977557,
  0.9031253489784513, 0.0]
- [0.0, 0.0, 1.0, 0.9199108652082673, -0.39212753036706954, 0.0, 0.39212753036706954,
  0.9199108652082673, 0.0]
- [0.0, 0.0, 1.0, 0.9295070412258002, -0.36880436590645, 0.0, 0.36880436590645, 0.9295070412258002,
  0.0]
- [0.0, 0.0, 1.0, 0.9416117815519249, -0.3367005388213834, 0.0, 0.3367005388213834,
  0.9416117815519249, 0.0]
- [0.0, 0.0, 1.0, 0.9505359311328783, -0.3106146223624253, 0.0, 0.3106146223624253,
  0.9505359311328783, 0.0]
- [0.0, 0.0, 1.0, 0.9581342961684429, -0.28631917593099177, 0.0, 0.28631917593099177,
  0.9581342961684429, 0.0]
- [0.0, 0.0, 1.0, 0.9661569611062415, -0.25795489238615443, 0.0, 0.25795489238615443,
  0.9661569611062415, 0.0]
- [0.0, 0.0, 1.0, 0.972439644761253, -0.23315474967627822, 0.0, 0.23315474967627822,
  0.972439644761253, 0.0]
- [0.0, 0.0, 1.0, 0.9850178496670764, -0.1724524161537007, 0.0, 0.1724524161537007,
  0.9850178496670764, 0.0]
- [0.0, 0.0, 1.0, 0.9896584941400144, -0.14344359510455348, 0.0, 0.14344359510455348,
  0.9896584941400144, 0.0]
- [0.0, 0.0, 1.0, 0.9855146270306424, -0.16959044757489675, 0.0, 0.16959044757489675,
  0.9855146270306424, 0.0]
- [0.0, 0.0, 1.0, 0.9894332801664356, -0.1449889102624329, 0.0, 0.1449889102624329,
  0.9894332801664356, 0.0]
- [0.0, 0.0, 1.0, 0.9923688388075061, -0.1233048570164287, 0.0, 0.1233048570164287,
  0.9923688388075061, 0.0]
- [0.0, 0.0, 1.0, 0.9946160555253408, -0.10362867407822944, 0.0, 0.10362867407822944,
  0.9946160555253408, 0.0]
- [0.0, 0.0, 1.0, 0.9967529576758276, -0.08052044066254098, 0.0, 0.08052044066254098,
  0.9967529576758276, 0.0]
- [0.0, 0.0, 1.0, 0.9981202646552807, -0.061285702121068646, 0.0, 0.061285702121068646,
  0.9981202646552807, 0.0]
- [0.0, 0.0, 1.0, 0.9990668143991221, -0.043191438577456484, 0.0, 0.043191438577456484,
  0.9990668143991221, 0.0]
- [0.0, 0.0, 1.0, 0.9998036494385838, -0.01981571521014264, 0.0, 0.01981571521014264,
  0.9998036494385838, 0.0]
- [0.0, 0.0, 1.0, 0.9999953274729934, -0.0030569645370523892, 0.0, 0.0030569645370523892,
  0.9999953274729934, 0.0]
- [0.0, 0.0, 1.0, 0.9998939768468466, 0.014561423879479668, 0.0, -0.014561423879479668,
  0.9998939768468466, 0.0]
- [0.0, 0.0, 1.0, 0.999359796445925, 0.035777049173446915, 0.0, -0.035777049173446915,
  0.999359796445925, 0.0]
- [0.0, 0.0, 1.0, 0.9986800672699809, 0.051362663848621405, 0.0, -0.051362663848621405,
  0.9986800672699809, 0.0]
- [0.0, 0.0, 1.0, 0.9996393590785045, 0.0268542693275501, 0.0, -0.0268542693275501,
  0.9996393590785045, 0.0]
- [0.0, 0.0, 1.0, 0.9989614309165977, 0.045563796385550075, 0.0, -0.045563796385550075,
  0.9989614309165977, 0.0]
- [0.0, 0.0, 1.0, 0.9948612509255587, 0.10124767358726175, 0.0, -0.10124767358726175,
  0.9948612509255587, 0.0]
- [0.0, 0.0, 1.0, 0.9933354159364421, 0.11525949612233842, 0.0, -0.11525949612233842,
  0.9933354159364421, 0.0]
- [0.0, 0.0, 1.0, 0.9917031430532691, 0.1285491192434517, 0.0, -0.1285491192434517,
  0.9917031430532691, 0.0]
- [0.0, 0.0, 1.0, 0.9889380147533847, 0.148329373273247, 0.0, -0.148329373273247,
  0.9889380147533847, 0.0]
- [0.0, 0.0, 1.0, 0.9868388215292151, 0.16170695817691313, 0.0, -0.16170695817691313,
  0.9868388215292151, 0.0]
- [0.0, 0.0, 1.0, 0.9847644121731245, 0.1738937966614125, 0.0, -0.1738937966614125,
  0.9847644121731245, 0.0]
- [0.0, 0.0, 1.0, 0.98163198819388, 0.19078427543833498, 0.0, -0.19078427543833498,
  0.98163198819388, 0.0]
- [0.0, 0.0, 1.0, 0.9786260088512229, 0.20564808484380853, 0.0, -0.20564808484380853,
  0.9786260088512229, 0.0]
- [0.0, 0.0, 1.0, 0.9762382041221075, 0.21670018184681425, 0.0, -0.21670018184681425,
  0.9762382041221075, 0.0]
- [0.0, 0.0, 1.0, 0.9735091091274923, 0.2286482329820123, 0.0, -0.2286482329820123,
  0.9735091091274923, 0.0]
- [0.0, 0.0, 1.0, 0.969084263654713, 0.24672999399506096, 0.0, -0.24672999399506096,
  0.969084263654713, 0.0]
- [0.0, 0.0, 1.0, 0.9662940109471909, 0.25744103093250337, 0.0, -0.25744103093250337,
  0.9662940109471909, 0.0]
- [0.0, 0.0, 1.0, 0.963636708040561, 0.26721582085788015, 0.0, -0.26721582085788015,
  0.963636708040561, 0.0]
- [0.0, 0.0, 1.0, 0.9601933033393008, 0.27933639258492904, 0.0, -0.27933639258492904,
  0.9601933033393008, 0.0]
- [0.0, 0.0, 1.0, 0.9566172891770242, 0.29134749363535223, 0.0, -0.29134749363535223,
  0.9566172891770242, 0.0]
- [0.0, 0.0, 1.0, 0.9540644100458112, 0.29960157123075687, 0.0, -0.29960157123075687,
  0.9540644100458112, 0.0]
- [0.0, 0.0, 1.0, 0.9512190416073293, 0.30851634459722554, 0.0, -0.30851634459722554,
  0.9512190416073293, 0.0]
- [0.0, 0.0, 1.0, 0.9478733324138404, 0.3186473688871154, 0.0, -0.3186473688871154,
  0.9478733324138404, 0.0]
- [0.0, 0.0, 1.0, 0.9449184438074125, 0.32730587307987274, 0.0, -0.32730587307987274,
  0.9449184438074125, 0.0]
- [0.0, 0.0, 1.0, 0.9425209722201537, 0.33414699897676203, 0.0, -0.33414699897676203,
  0.9425209722201537, 0.0]
- [0.0, 0.0, 1.0, 0.9403098483065591, 0.340319539811771, 0.0, -0.340319539811771,
  0.9403098483065591, 0.0]
- [0.0, 0.0, 1.0, 0.9369787414134788, 0.3493863737171402, 0.0, -0.3493863737171402,
  0.9369787414134788, 0.0]
- [0.0, 0.0, 1.0, 0.9344417498163948, 0.3561160150850762, 0.0, -0.3561160150850762,
  0.9344417498163948, 0.0]
- [0.0, 0.0, 1.0, 0.9326360013834756, 0.36081863716199825, 0.0, -0.36081863716199825,
  0.9326360013834756, 0.0]
- [0.0, 0.0, 1.0, 0.9309540787029039, 0.36513628051239666, 0.0, -0.36513628051239666,
  0.9309540787029039, 0.0]
- [0.0, 0.0, 1.0, 0.9285701211369082, 0.37115701546890884, 0.0, -0.37115701546890884,
  0.9285701211369082, 0.0]
- [0.0, 0.0, 1.0, 0.9270094815446288, 0.3750378929206466, 0.0, -0.3750378929206466,
  0.9270094815446288, 0.0]
- [0.0, 0.0, 1.0, 0.9260986548379888, 0.3772814354129653, 0.0, -0.3772814354129653,
  0.9260986548379888, 0.0]
- [0.0, 0.0, 1.0, 0.9253750063149887, 0.3790528956327005, 0.0, -0.3790528956327005,
  0.9253750063149887, 0.0]
- [0.0, 0.0, 1.0, 0.9245049384742017, 0.38117006537346626, 0.0, -0.38117006537346626,
  0.9245049384742017, 0.0]
- [0.0, 0.0, 1.0, 0.924109654218409, 0.3821273962703179, 0.0, -0.3821273962703179,
  0.924109654218409, 0.0]
- [0.0, 0.0, 1.0, 0.9240508431558592, 0.38226958977002795, 0.0, -0.38226958977002795,
  0.9240508431558592, 0.0]
- [0.0, 0.0, 1.0, 0.9242772680298561, 0.3817217989626286, 0.0, -0.3817217989626286,
  0.9242772680298561, 0.0]
- [0.0, 0.0, 1.0, 0.9246655298643668, 0.38078032759144714, 0.0, -0.38078032759144714,
  0.9246655298643668, 0.0]
- [0.0, 0.0, 1.0, 0.9255469878073704, 0.3786327684719107, 0.0, -0.3786327684719107,
  0.9255469878073704, 0.0]
