nodes:
- [3.06314974 0.67059835 0.00000000]
- [3.03485989 0.71354622 0.00000000]
- [3.00296236 0.76404575 0.00000000]
- [2.96960181 0.81312763 0.00000000]
- [2.93472840 0.86138553 0.00000000]
- [2.89866395 0.90908903 0.00000000]
- [2.86187783 0.95649513 0.00000000]
- [2.82465187 1.00359357 0.00000000]
- [2.78707036 1.05009957 0.00000000]
- [2.74821863 1.09589257 0.00000000]
- [2.70952920 1.14199453 0.00000000]
- [2.67160187 1.18830643 0.00000000]
- [2.63288240 1.23397917 0.00000000]
- [2.59316965 1.27857102 0.00000000]
- [2.55230028 1.32198572 0.00000000]
- [2.51107192 1.36553194 0.00000000]
- [2.46985701 1.40872324 0.00000000]
- [2.42771712 1.45103540 0.00000000]
- [2.38534887 1.49334030 0.00000000]
- [2.34266038 1.53508207 0.00000000]
- [2.29939481 1.57617105 0.00000000]
- [2.25561581 1.61670534 0.00000000]
- [2.21120798 1.65657690 0.00000000]
- [2.16624066 1.69606485 0.00000000]
- [2.12115078 1.73532212 0.00000000]
- [2.07562422 1.77376096 0.00000000]
- [2.02919247 1.81153326 0.00000000]
- [1.98296605 1.84942811 0.00000000]
- [1.93605751 1.88603318 0.00000000]
- [1.88832089 1.92215794 0.00000000]
- [1.84069013 1.95827247 0.00000000]
- [1.79244604 1.99326808 0.00000000]
- [1.74410830 2.02752174 0.00000000]
- [1.69545127 2.06114050 0.00000000]
- [1.64609514 2.09393720 0.00000000]
- [1.59657966 2.12656874 0.00000000]
- [1.54665472 2.15839244 0.00000000]
- [1.49631196 2.18975057 0.00000000]
- [1.44583175 2.22064065 0.00000000]
- [1.39490033 2.25046898 0.00000000]
- [1.34317620 2.27948523 0.00000000]
- [1.29154189 2.30845149 0.00000000]
- [1.23931282 2.33601646 0.00000000]
- [1.18650258 2.36320577 0.00000000]
- [1.13382274 2.39019260 0.00000000]
- [1.08065499 2.41579644 0.00000000]
- [1.02693217 2.44073255 0.00000000]
- [0.97302793 2.46511197 0.00000000]
- [0.91873163 2.48845443 0.00000000]
- [0.86391653 2.51110742 0.00000000]
- [0.80906349 2.53351113 0.00000000]
- [0.75398908 2.55483849 0.00000000]
- [0.69856362 2.57520225 0.00000000]
- [0.64263380 2.59454128 0.00000000]
- [0.58646221 2.61345344 0.00000000]
- [0.53025745 2.63156819 0.00000000]
- [0.47360603 2.64838078 0.00000000]
- [0.41662689 2.66467148 0.00000000]
- [0.35968666 2.68023701 0.00000000]
- [0.30246862 2.69427935 0.00000000]
- [0.24474401 2.70726393 0.00000000]
- [0.18705478 2.71970576 0.00000000]
- [0.12707312 2.71888312 0.00000000]
- [0.03784448 2.72210868 0.00000000]
- [-0.02048309 2.73067547 0.00000000]
- [-0.07927502 2.73783583 0.00000000]
- [-0.13829610 2.74435590 0.00000000]
- [-0.19681418 2.74971969 0.00000000]
- [-0.25574636 2.75305043 0.00000000]
- [-0.31492232 2.75588881 0.00000000]
- [-0.37396457 2.75715039 0.00000000]
- [-0.43287851 2.75749158 0.00000000]
- [-0.49195805 2.75593044 0.00000000]
- [-0.55117449 2.75388141 0.00000000]
- [-0.60968976 2.75030325 0.00000000]
- [-0.66827519 2.74481038 0.00000000]
- [-0.75747754 2.74657989 0.00000000]
- [-0.81769067 2.74998911 0.00000000]
- [-0.87611040 2.74030618 0.00000000]
- [-0.93441458 2.72858437 0.00000000]
- [-0.99250401 2.71640601 0.00000000]
- [-1.04989549 2.70180748 0.00000000]
- [-1.10735701 2.68611737 0.00000000]
- [-1.16427853 2.66944441 0.00000000]
- [-1.22052277 2.65081204 0.00000000]
- [-1.27648619 2.63087538 0.00000000]
- [-1.33180248 2.60963136 0.00000000]
- [-1.38643322 2.58658563 0.00000000]
- [-1.44069720 2.56225346 0.00000000]
- [-1.49433830 2.53689030 0.00000000]
- [-1.54700428 2.50992891 0.00000000]
- [-1.59896365 2.48119255 0.00000000]
- [-1.65036139 2.45161463 0.00000000]
- [-1.70059959 2.42017175 0.00000000]
- [-1.75037194 2.38765007 0.00000000]
- [-1.79912480 2.35411755 0.00000000]
- [-1.84667671 2.31856427 0.00000000]
- [-1.89390278 2.28254099 0.00000000]
- [-1.93959288 2.24485697 0.00000000]
- [-1.98468927 2.20602602 0.00000000]
- [-2.02895975 2.16647580 0.00000000]
- [-2.07189553 2.12560378 0.00000000]
- [-2.11393731 2.08360730 0.00000000]
- [-2.15506881 2.04071014 0.00000000]
- [-2.19512323 1.99690852 0.00000000]
- [-2.23401360 1.95201564 0.00000000]
- [-2.27202025 1.90626282 0.00000000]
- [-2.30901207 1.85978099 0.00000000]
- [-2.34479004 1.81233323 0.00000000]
- [-2.37952526 1.76435675 0.00000000]
- [-2.41245541 1.71487579 0.00000000]
- [-2.44523681 1.66507328 0.00000000]
- [-2.47651461 1.61468565 0.00000000]
- [-2.50649611 1.56331071 0.00000000]
- [-2.53576730 1.51146606 0.00000000]
- [-2.56376867 1.45902062 0.00000000]
- [-2.59074961 1.40594823 0.00000000]
- [-2.61674903 1.35247683 0.00000000]
- [-2.64135975 1.29837315 0.00000000]
- [-2.66499748 1.24366412 0.00000000]
- [-2.68780266 1.18871407 0.00000000]
- [-2.70912816 1.13323285 0.00000000]
- [-2.72948583 1.07723434 0.00000000]
- [-2.74888575 1.02103505 0.00000000]
- [-2.76676819 0.96424667 0.00000000]
- [-2.78410623 0.90711518 0.00000000]
- [-2.80047483 0.84993247 0.00000000]
- [-2.81535903 0.79230504 0.00000000]
- [-2.82953153 0.73435006 0.00000000]
- [-2.84271387 0.67638009 0.00000000]
- [-2.85428647 0.61811362 0.00000000]
- [-2.86474435 0.55951012 0.00000000]
- [-2.87406970 0.50085683 0.00000000]
- [-2.88169670 0.44186240 0.00000000]
- [-2.88862356 0.38253677 0.00000000]
- [-2.89480436 0.32331194 0.00000000]
- [-2.89952156 0.26373506 0.00000000]
- [-2.90440472 0.20411726 0.00000000]
- [-2.90800667 0.14469809 0.00000000]
- [-2.91059104 0.08501704 0.00000000]
- [-2.91137984 0.02546740 0.00000000]
- [-2.91031478 -0.02126219 0.00000000]
- [-2.91077413 -0.06823520 0.00000000]
- [-2.91013114 -0.12826957 0.00000000]
- [-2.90712135 -0.18810514 0.00000000]
- [-2.90277073 -0.24799235 0.00000000]
- [-2.89797579 -0.30792364 0.00000000]
- [-2.89219010 -0.36759115 0.00000000]
- [-2.88523372 -0.42723344 0.00000000]
- [-2.87770028 -0.48668776 0.00000000]
- [-2.86855094 -0.54577780 0.00000000]
- [-2.85823867 -0.60483504 0.00000000]
- [-2.84696129 -0.66358589 0.00000000]
- [-2.83405969 -0.72194468 0.00000000]
- [-2.81989751 -0.78022354 0.00000000]
- [-2.80496552 -0.83824134 0.00000000]
- [-2.78857355 -0.89583427 0.00000000]
- [-2.77124975 -0.95330538 0.00000000]
- [-2.75309879 -1.01035443 0.00000000]
- [-2.73342708 -1.06690936 0.00000000]
- [-2.71290555 -1.12330263 0.00000000]
- [-2.69151472 -1.17902973 0.00000000]
- [-2.66805947 -1.23403731 0.00000000]
- [-2.64399573 -1.28893684 0.00000000]
- [-2.61852646 -1.34307222 0.00000000]
- [-2.59208699 -1.39675208 0.00000000]
- [-2.56430878 -1.44966262 0.00000000]
- [-2.53523785 -1.50200563 0.00000000]
- [-2.50520044 -1.55390225 0.00000000]
- [-2.47431731 -1.60516321 0.00000000]
- [-2.44216931 -1.65554328 0.00000000]
- [-2.40881656 -1.70522671 0.00000000]
- [-2.37448683 -1.75417513 0.00000000]
- [-2.33885931 -1.80217095 0.00000000]
- [-2.30219669 -1.84943072 0.00000000]
- [-2.26446464 -1.89569472 0.00000000]
- [-2.22533653 -1.94096444 0.00000000]
- [-2.18550237 -1.98564012 0.00000000]
- [-2.14459338 -2.02909446 0.00000000]
- [-2.10233895 -2.07156128 0.00000000]
- [-2.05970374 -2.11344338 0.00000000]
- [-2.01565382 -2.15358200 0.00000000]
- [-1.97041468 -2.19293491 0.00000000]
- [-1.92485436 -2.23159544 0.00000000]
- [-1.87791321 -2.26849077 0.00000000]
- [-1.83030968 -2.30471910 0.00000000]
- [-1.78175664 -2.33946593 0.00000000]
- [-1.72702944 -2.36541826 0.00000000]
- [-1.67956219 -2.38551978 0.00000000]
- [-1.62932584 -2.41665470 0.00000000]
- [-1.57821206 -2.44643367 0.00000000]
- [-1.52613236 -2.47501202 0.00000000]
- [-1.47365501 -2.50268172 0.00000000]
- [-1.42067294 -2.52867133 0.00000000]
- [-1.36656185 -2.55326902 0.00000000]
- [-1.31227238 -2.57719561 0.00000000]
- [-1.25760457 -2.59910906 0.00000000]
- [-1.20181233 -2.61954919 0.00000000]
- [-1.14588370 -2.63930126 0.00000000]
- [-1.08972615 -2.65697411 0.00000000]
- [-1.03273052 -2.67303182 0.00000000]
- [-0.97364917 -2.68840157 0.00000000]
- [-0.91637283 -2.71144012 0.00000000]
- [-0.86067442 -2.73250640 0.00000000]
- [-0.80274080 -2.74309849 0.00000000]
- [-0.74460489 -2.75196271 0.00000000]
- [-0.68618199 -2.75911618 0.00000000]
- [-0.62735886 -2.76477887 0.00000000]
- [-0.56855726 -2.76965319 0.00000000]
- [-0.50976520 -2.77262195 0.00000000]
- [-0.45088957 -2.77425183 0.00000000]
- [-0.39200914 -2.77419960 0.00000000]
- [-0.33308105 -2.77264386 0.00000000]
- [-0.27416907 -2.76969922 0.00000000]
- [-0.21526844 -2.76538213 0.00000000]
- [-0.15662273 -2.75999582 0.00000000]
- [-0.09810268 -2.75256581 0.00000000]
- [-0.03960949 -2.74445303 0.00000000]
- [0.01830238 -2.73460999 0.00000000]
- [0.07618912 -2.72283394 0.00000000]
- [0.13413192 -2.71053832 0.00000000]
- [0.19147950 -2.69709899 0.00000000]
- [0.24847833 -2.68183606 0.00000000]
- [0.30525609 -2.66578856 0.00000000]
- [0.36156295 -2.64792010 0.00000000]
- [0.41774466 -2.62955385 0.00000000]
- [0.47324278 -2.60957094 0.00000000]
- [0.52858694 -2.58859402 0.00000000]
- [0.58347486 -2.56676982 0.00000000]
- [0.63784743 -2.54359796 0.00000000]
- [0.69199261 -2.51961229 0.00000000]
- [0.74574227 -2.49474642 0.00000000]
- [0.79895544 -2.46921995 0.00000000]
- [0.85149698 -2.44204961 0.00000000]
- [0.90410592 -2.41448287 0.00000000]
- [0.95608862 -2.38637705 0.00000000]
- [1.00735412 -2.35690508 0.00000000]
- [1.05841000 -2.32684750 0.00000000]
- [1.10892770 -2.29585180 0.00000000]
- [1.15918373 -2.26439754 0.00000000]
- [1.20890429 -2.23209497 0.00000000]
- [1.25819996 -2.19907770 0.00000000]
- [1.30700258 -2.16537079 0.00000000]
- [1.35527253 -2.13092571 0.00000000]
- [1.40303932 -2.09574061 0.00000000]
- [1.45052514 -2.05976240 0.00000000]
- [1.49797916 -2.02397520 0.00000000]
- [1.54444922 -1.98720154 0.00000000]
- [1.59079497 -1.94978312 0.00000000]
- [1.63693131 -1.91236445 0.00000000]
- [1.68216919 -1.87406288 0.00000000]
- [1.72719031 -1.83507668 0.00000000]
- [1.77208623 -1.79607325 0.00000000]
- [1.81634683 -1.75628877 0.00000000]
- [1.86078593 -1.71644258 0.00000000]
- [1.90485971 -1.67654055 0.00000000]
- [1.94835539 -1.63596066 0.00000000]
- [1.99183341 -1.59518575 0.00000000]
- [2.03493901 -1.55422091 0.00000000]
- [2.07765713 -1.51261588 0.00000000]
- [2.12066415 -1.47112303 0.00000000]
- [2.16348892 -1.42953441 0.00000000]
- [2.20636500 -1.38791993 0.00000000]
- [2.24918892 -1.34639647 0.00000000]
- [2.29167850 -1.30464024 0.00000000]
- [2.33410205 -1.26254521 0.00000000]
- [2.37680863 -1.22071910 0.00000000]
- [2.41932905 -1.17874855 0.00000000]
- [2.46210392 -1.13689012 0.00000000]
- [2.50502573 -1.09515967 0.00000000]
- [2.54710650 -1.05238912 0.00000000]
- [2.59013929 -1.00958974 0.00000000]
- [2.63473118 -0.96842463 0.00000000]
- [2.67988962 -0.92764953 0.00000000]
- [2.72595403 -0.88766972 0.00000000]
- [2.77275715 -0.84869918 0.00000000]
- [2.82015908 -0.81033464 0.00000000]
- [2.86874402 -0.77301924 0.00000000]
- [2.91889125 -0.73695051 0.00000000]
- [2.97114080 -0.70378550 0.00000000]
- [3.02474241 -0.67255454 0.00000000]
- [3.06673705 -0.65712141 0.00000000]
- [1.16810292 -2.20443042 0.00000000]
- [1.17702211 -2.14446330 0.00000000]
- [1.18594130 -2.08449618 0.00000000]
- [1.19486048 -2.02452906 0.00000000]
- [1.20377967 -1.96456193 0.00000000]
- [1.21269886 -1.90459481 0.00000000]
- [1.22161804 -1.84462769 0.00000000]
- [1.23053723 -1.78466057 0.00000000]
- [1.23945642 -1.72469345 0.00000000]
- [1.24837561 -1.66472633 0.00000000]
- [1.25729479 -1.60475921 0.00000000]
- [1.26621398 -1.54479208 0.00000000]
- [1.27513317 -1.48482496 0.00000000]
- [1.28405236 -1.42485784 0.00000000]
- [1.29297154 -1.36489072 0.00000000]
- [1.30189073 -1.30492360 0.00000000]
- [1.31080992 -1.24495648 0.00000000]
- [1.31972911 -1.18498936 0.00000000]
- [1.32864829 -1.12502223 0.00000000]
- [1.33756748 -1.06505511 0.00000000]
- [1.34648667 -1.00508799 0.00000000]
- [1.35540586 -0.94512087 0.00000000]
- [1.36432504 -0.88515375 0.00000000]
- [1.37324423 -0.82518663 0.00000000]
- [1.38216342 -0.76521951 0.00000000]
- [1.39108261 -0.70525238 0.00000000]
- [1.40000179 -0.64528526 0.00000000]
- [1.40892098 -0.58531814 0.00000000]
- [1.41784017 -0.52535102 0.00000000]
- [1.42675935 -0.46538390 0.00000000]
- [1.43567854 -0.40541678 0.00000000]
- [1.44459773 -0.34544966 0.00000000]
- [1.45351692 -0.28548254 0.00000000]
- [1.46243610 -0.22551541 0.00000000]
- [1.47135529 -0.16554829 0.00000000]
- [1.48027448 -0.10558117 0.00000000]
- [1.48919367 -0.04561405 0.00000000]
- [1.49811285 0.01435307 0.00000000]
- [1.50703204 0.07432019 0.00000000]
- [1.51595123 0.13428731 0.00000000]
- [1.52487042 0.19425444 0.00000000]
- [1.53378960 0.25422156 0.00000000]
- [1.54270879 0.31418868 0.00000000]
- [1.55162798 0.37415580 0.00000000]
- [1.56054717 0.43412292 0.00000000]
- [1.56946635 0.49409004 0.00000000]
- [1.57838554 0.55405716 0.00000000]
- [1.58730473 0.61402429 0.00000000]
- [1.59622392 0.67399141 0.00000000]
- [1.60514310 0.73395853 0.00000000]
- [1.61406229 0.79392565 0.00000000]
- [1.62298148 0.85389277 0.00000000]
- [1.63190066 0.91385989 0.00000000]
- [1.64081985 0.97382701 0.00000000]
- [1.64973904 1.03379413 0.00000000]
- [1.65865823 1.09376126 0.00000000]
- [1.66757741 1.15372838 0.00000000]
- [1.67649660 1.21369550 0.00000000]
- [1.68541579 1.27366262 0.00000000]
- [1.69433498 1.33362974 0.00000000]
- [1.70325416 1.39359686 0.00000000]
- [1.71217335 1.45356398 0.00000000]
- [1.72109254 1.51353111 0.00000000]
- [1.73001173 1.57349823 0.00000000]
- [1.73893091 1.63346535 0.00000000]
- [1.74785010 1.69343247 0.00000000]
- [1.75676929 1.75339959 0.00000000]
- [1.76568848 1.81336671 0.00000000]
- [1.77460766 1.87333383 0.00000000]
- [1.78352685 1.93330096 0.00000000]
- [-1.66793820 -2.32655046 0.00000000]
- [-1.65631422 -2.26758115 0.00000000]
- [-1.64469023 -2.20861184 0.00000000]
- [-1.63306624 -2.14964253 0.00000000]
- [-1.62144225 -2.09067322 0.00000000]
- [-1.60981826 -2.03170390 0.00000000]
- [-1.59819427 -1.97273459 0.00000000]
- [-1.58657028 -1.91376528 0.00000000]
- [-1.57494630 -1.85479597 0.00000000]
- [-1.56332231 -1.79582666 0.00000000]
- [-1.55169832 -1.73685734 0.00000000]
- [-1.54007433 -1.67788803 0.00000000]
- [-1.52845034 -1.61891872 0.00000000]
- [-1.51682635 -1.55994941 0.00000000]
- [-1.50520236 -1.50098009 0.00000000]
- [-1.49357838 -1.44201078 0.00000000]
- [-1.48195439 -1.38304147 0.00000000]
- [-1.47033040 -1.32407216 0.00000000]
- [-1.45870641 -1.26510285 0.00000000]
- [-1.44708242 -1.20613353 0.00000000]
- [-1.43545843 -1.14716422 0.00000000]
- [-1.42383444 -1.08819491 0.00000000]
- [-1.41221046 -1.02922560 0.00000000]
- [-1.40058647 -0.97025628 0.00000000]
- [-1.38896248 -0.91128697 0.00000000]
- [-1.37733849 -0.85231766 0.00000000]
- [-1.36571450 -0.79334835 0.00000000]
- [-1.35409051 -0.73437904 0.00000000]
- [-1.34246652 -0.67540972 0.00000000]
- [-1.33084254 -0.61644041 0.00000000]
- [-1.31921855 -0.55747110 0.00000000]
- [-1.30759456 -0.49850179 0.00000000]
- [-1.29597057 -0.43953248 0.00000000]
- [-1.28434658 -0.38056316 0.00000000]
- [-1.27272259 -0.32159385 0.00000000]
- [-1.26109860 -0.26262454 0.00000000]
- [-1.24947462 -0.20365523 0.00000000]
- [-1.23785063 -0.14468591 0.00000000]
- [-1.22622664 -0.08571660 0.00000000]
- [-1.21460265 -0.02674729 0.00000000]
- [-1.20297866 0.03222202 0.00000000]
- [-1.19135467 0.09119133 0.00000000]
- [-1.17973068 0.15016065 0.00000000]
- [-1.16810670 0.20912996 0.00000000]
- [-1.15648271 0.26809927 0.00000000]
- [-1.14485872 0.32706858 0.00000000]
- [-1.13323473 0.38603790 0.00000000]
- [-1.12161074 0.44500721 0.00000000]
- [-1.10998675 0.50397652 0.00000000]
- [-1.09836276 0.56294583 0.00000000]
- [-1.08673878 0.62191514 0.00000000]
- [-1.07511479 0.68088446 0.00000000]
- [-1.06349080 0.73985377 0.00000000]
- [-1.05186681 0.79882308 0.00000000]
- [-1.04024282 0.85779239 0.00000000]
- [-1.02861883 0.91676170 0.00000000]
- [-1.01699484 0.97573102 0.00000000]
- [-1.00537085 1.03470033 0.00000000]
- [-0.99374687 1.09366964 0.00000000]
- [-0.98212288 1.15263895 0.00000000]
- [-0.97049889 1.21160827 0.00000000]
- [-0.95887490 1.27057758 0.00000000]
- [-0.94725091 1.32954689 0.00000000]
- [-0.93562692 1.38851620 0.00000000]
- [-0.92400293 1.44748551 0.00000000]
- [-0.91237895 1.50645483 0.00000000]
- [-0.90075496 1.56542414 0.00000000]
- [-0.88913097 1.62439345 0.00000000]
- [-0.87750698 1.68336276 0.00000000]
- [-0.86588299 1.74233208 0.00000000]
- [-0.85425900 1.80130139 0.00000000]
- [-0.84263501 1.86027070 0.00000000]
- [-0.83101103 1.91924001 0.00000000]
- [-0.81938704 1.97820932 0.00000000]
- [-0.80776305 2.03717864 0.00000000]
- [-0.79613906 2.09614795 0.00000000]
- [-0.78451507 2.15511726 0.00000000]
- [-0.77289108 2.21408657 0.00000000]
- [-0.76126709 2.27305589 0.00000000]
- [-0.74964311 2.33202520 0.00000000]
- [-0.73801912 2.39099451 0.00000000]
- [-0.72639513 2.44996382 0.00000000]
- [-0.71477114 2.50893313 0.00000000]
- [-0.70314715 2.56790245 0.00000000]
- [-0.69152316 2.62687176 0.00000000]
- [-0.67989917 2.68584107 0.00000000]
- [-1.02096596 -2.61374456 0.00000000]
- [-1.00920140 -2.55445730 0.00000000]
- [-0.99743684 -2.49517004 0.00000000]
- [-0.98567228 -2.43588279 0.00000000]
- [-0.97390772 -2.37659553 0.00000000]
- [-0.96214316 -2.31730827 0.00000000]
- [-0.95037860 -2.25802101 0.00000000]
- [-0.93861404 -2.19873375 0.00000000]
- [-0.92684948 -2.13944650 0.00000000]
- [-0.91508492 -2.08015924 0.00000000]
- [-0.90332036 -2.02087198 0.00000000]
- [-0.89155580 -1.96158472 0.00000000]
- [-0.87979124 -1.90229746 0.00000000]
- [-0.86802668 -1.84301020 0.00000000]
- [-0.85626212 -1.78372295 0.00000000]
- [-0.84449756 -1.72443569 0.00000000]
- [-0.83273300 -1.66514843 0.00000000]
- [-0.82096843 -1.60586117 0.00000000]
- [-0.80920387 -1.54657391 0.00000000]
- [-0.79743931 -1.48728666 0.00000000]
- [-0.78567475 -1.42799940 0.00000000]
- [-0.77391019 -1.36871214 0.00000000]
- [-0.76214563 -1.30942488 0.00000000]
- [-0.75038107 -1.25013762 0.00000000]
- [-0.73861651 -1.19085036 0.00000000]
- [-0.72685195 -1.13156311 0.00000000]
- [-0.71508739 -1.07227585 0.00000000]
- [-0.70332283 -1.01298859 0.00000000]
- [-0.69155827 -0.95370133 0.00000000]
- [-0.67979371 -0.89441407 0.00000000]
- [-0.66802915 -0.83512682 0.00000000]
- [-0.65626459 -0.77583956 0.00000000]
- [-0.64450003 -0.71655230 0.00000000]
- [-0.63273547 -0.65726504 0.00000000]
- [-0.62097091 -0.59797778 0.00000000]
- [-0.60920635 -0.53869052 0.00000000]
- [-0.59744179 -0.47940327 0.00000000]
- [-0.58567723 -0.42011601 0.00000000]
- [-0.57391267 -0.36082875 0.00000000]
- [-0.56214811 -0.30154149 0.00000000]
- [-0.55038355 -0.24225423 0.00000000]
- [-0.53861898 -0.18296698 0.00000000]
- [-0.52685442 -0.12367972 0.00000000]
- [-0.51508986 -0.06439246 0.00000000]
- [-0.50332530 -0.00510520 0.00000000]
- [-0.49156074 0.05418206 0.00000000]
- [-0.47979618 0.11346932 0.00000000]
- [-0.46803162 0.17275657 0.00000000]
- [-0.45626706 0.23204383 0.00000000]
- [-0.44450250 0.29133109 0.00000000]
- [-0.43273794 0.35061835 0.00000000]
- [-0.42097338 0.40990561 0.00000000]
- [-0.40920882 0.46919286 0.00000000]
- [-0.39744426 0.52848012 0.00000000]
- [-0.38567970 0.58776738 0.00000000]
- [-0.37391514 0.64705464 0.00000000]
- [-0.36215058 0.70634190 0.00000000]
- [-0.35038602 0.76562916 0.00000000]
- [-0.33862146 0.82491641 0.00000000]
- [-0.32685690 0.88420367 0.00000000]
- [-0.31509234 0.94349093 0.00000000]
- [-0.30332778 1.00277819 0.00000000]
- [-0.29156322 1.06206545 0.00000000]
- [-0.27979866 1.12135270 0.00000000]
- [-0.26803410 1.18063996 0.00000000]
- [-0.25626954 1.23992722 0.00000000]
- [-0.24450497 1.29921448 0.00000000]
- [-0.23274041 1.35850174 0.00000000]
- [-0.22097585 1.41778900 0.00000000]
- [-0.20921129 1.47707625 0.00000000]
- [-0.19744673 1.53636351 0.00000000]
- [-0.18568217 1.59565077 0.00000000]
- [-0.17391761 1.65493803 0.00000000]
- [-0.16215305 1.71422529 0.00000000]
- [-0.15038849 1.77351254 0.00000000]
- [-0.13862393 1.83279980 0.00000000]
- [-0.12685937 1.89208706 0.00000000]
- [-0.11509481 1.95137432 0.00000000]
- [-0.10333025 2.01066158 0.00000000]
- [-0.09156569 2.06994884 0.00000000]
- [-0.07980113 2.12923609 0.00000000]
- [-0.06803657 2.18852335 0.00000000]
- [-0.05627201 2.24781061 0.00000000]
- [-0.04450745 2.30709787 0.00000000]
- [-0.03274289 2.36638513 0.00000000]
- [-0.02097833 2.42567238 0.00000000]
- [-0.00921377 2.48495964 0.00000000]
- [0.00255079 2.54424690 0.00000000]
- [0.01431535 2.60353416 0.00000000]
- [0.02607991 2.66282142 0.00000000]
elements:
- [1 2]
- [2 3]
- [3 4]
- [4 5]
- [5 6]
- [6 7]
- [7 8]
- [8 9]
- [9 10]
- [10 11]
- [11 12]
- [12 13]
- [13 14]
- [14 15]
- [15 16]
- [16 17]
- [17 18]
- [18 19]
- [19 20]
- [20 21]
- [21 22]
- [22 23]
- [23 24]
- [24 25]
- [25 26]
- [26 27]
- [27 28]
- [28 29]
- [29 30]
- [30 31]
- [31 32]
- [32 33]
- [33 34]
- [34 35]
- [35 36]
- [36 37]
- [37 38]
- [38 39]
- [39 40]
- [40 41]
- [41 42]
- [42 43]
- [43 44]
- [44 45]
- [45 46]
- [46 47]
- [47 48]
- [48 49]
- [49 50]
- [50 51]
- [51 52]
- [52 53]
- [53 54]
- [54 55]
- [55 56]
- [56 57]
- [57 58]
- [58 59]
- [59 60]
- [60 61]
- [61 62]
- [62 63]
- [63 64]
- [64 65]
- [65 66]
- [66 67]
- [67 68]
- [68 69]
- [69 70]
- [70 71]
- [71 72]
- [72 73]
- [73 74]
- [74 75]
- [75 76]
- [76 77]
- [77 78]
- [78 79]
- [79 80]
- [80 81]
- [81 82]
- [82 83]
- [83 84]
- [84 85]
- [85 86]
- [86 87]
- [87 88]
- [88 89]
- [89 90]
- [90 91]
- [91 92]
- [92 93]
- [93 94]
- [94 95]
- [95 96]
- [96 97]
- [97 98]
- [98 99]
- [99 100]
- [100 101]
- [101 102]
- [102 103]
- [103 104]
- [104 105]
- [105 106]
- [106 107]
- [107 108]
- [108 109]
- [109 110]
- [110 111]
- [111 112]
- [112 113]
- [113 114]
- [114 115]
- [115 116]
- [116 117]
- [117 118]
- [118 119]
- [119 120]
- [120 121]
- [121 122]
- [122 123]
- [123 124]
- [124 125]
- [125 126]
- [126 127]
- [127 128]
- [128 129]
- [129 130]
- [130 131]
- [131 132]
- [132 133]
- [133 134]
- [134 135]
- [135 136]
- [136 137]
- [137 138]
- [138 139]
- [139 140]
- [140 141]
- [141 142]
- [142 143]
- [143 144]
- [144 145]
- [145 146]
- [146 147]
- [147 148]
- [148 149]
- [149 150]
- [150 151]
- [151 152]
- [152 153]
- [153 154]
- [154 155]
- [155 156]
- [156 157]
- [157 158]
- [158 159]
- [159 160]
- [160 161]
- [161 162]
- [162 163]
- [163 164]
- [164 165]
- [165 166]
- [166 167]
- [167 168]
- [168 169]
- [169 170]
- [170 171]
- [171 172]
- [172 173]
- [173 174]
- [174 175]
- [175 176]
- [176 177]
- [177 178]
- [178 179]
- [179 180]
- [180 181]
- [181 182]
- [182 183]
- [183 184]
- [184 185]
- [185 186]
- [186 187]
- [187 188]
- [188 189]
- [189 190]
- [190 191]
- [191 192]
- [192 193]
- [193 194]
- [194 195]
- [195 196]
- [196 197]
- [197 198]
- [198 199]
- [199 200]
- [200 201]
- [201 202]
- [202 203]
- [203 204]
- [204 205]
- [205 206]
- [206 207]
- [207 208]
- [208 209]
- [209 210]
- [210 211]
- [211 212]
- [212 213]
- [213 214]
- [214 215]
- [215 216]
- [216 217]
- [217 218]
- [218 219]
- [219 220]
- [220 221]
- [221 222]
- [222 223]
- [223 224]
- [224 225]
- [225 226]
- [226 227]
- [227 228]
- [228 229]
- [229 230]
- [230 231]
- [231 232]
- [232 233]
- [233 234]
- [234 235]
- [235 236]
- [236 237]
- [237 238]
- [238 239]
- [239 240]
- [240 241]
- [241 242]
- [242 243]
- [243 244]
- [244 245]
- [245 246]
- [246 247]
- [247 248]
- [248 249]
- [249 250]
- [250 251]
- [251 252]
- [252 253]
- [253 254]
- [254 255]
- [255 256]
- [256 257]
- [257 258]
- [258 259]
- [259 260]
- [260 261]
- [261 262]
- [262 263]
- [263 264]
- [264 265]
- [265 266]
- [266 267]
- [267 268]
- [268 269]
- [269 270]
- [270 271]
- [271 272]
- [272 273]
- [273 274]
- [274 275]
- [275 276]
- [276 277]
- [277 278]
- [278 279]
- [279 280]
- [280 281]
- [281 282]
- [282 1]
- [240 283]
- [283 284]
- [284 285]
- [285 286]
- [286 287]
- [287 288]
- [288 289]
- [289 290]
- [290 291]
- [291 292]
- [292 293]
- [293 294]
- [294 295]
- [295 296]
- [296 297]
- [297 298]
- [298 299]
- [299 300]
- [300 301]
- [301 302]
- [302 303]
- [303 304]
- [304 305]
- [305 306]
- [306 307]
- [307 308]
- [308 309]
- [309 310]
- [310 311]
- [311 312]
- [312 313]
- [313 314]
- [314 315]
- [315 316]
- [316 317]
- [317 318]
- [318 319]
- [319 320]
- [320 321]
- [321 322]
- [322 323]
- [323 324]
- [324 325]
- [325 326]
- [326 327]
- [327 328]
- [328 329]
- [329 330]
- [330 331]
- [331 332]
- [332 333]
- [333 334]
- [334 335]
- [335 336]
- [336 337]
- [337 338]
- [338 339]
- [339 340]
- [340 341]
- [341 342]
- [342 343]
- [343 344]
- [344 345]
- [345 346]
- [346 347]
- [347 348]
- [348 349]
- [349 350]
- [350 351]
- [351 352]
- [352 32]
- [189 353]
- [353 354]
- [354 355]
- [355 356]
- [356 357]
- [357 358]
- [358 359]
- [359 360]
- [360 361]
- [361 362]
- [362 363]
- [363 364]
- [364 365]
- [365 366]
- [366 367]
- [367 368]
- [368 369]
- [369 370]
- [370 371]
- [371 372]
- [372 373]
- [373 374]
- [374 375]
- [375 376]
- [376 377]
- [377 378]
- [378 379]
- [379 380]
- [380 381]
- [381 382]
- [382 383]
- [383 384]
- [384 385]
- [385 386]
- [386 387]
- [387 388]
- [388 389]
- [389 390]
- [390 391]
- [391 392]
- [392 393]
- [393 394]
- [394 395]
- [395 396]
- [396 397]
- [397 398]
- [398 399]
- [399 400]
- [400 401]
- [401 402]
- [402 403]
- [403 404]
- [404 405]
- [405 406]
- [406 407]
- [407 408]
- [408 409]
- [409 410]
- [410 411]
- [411 412]
- [412 413]
- [413 414]
- [414 415]
- [415 416]
- [416 417]
- [417 418]
- [418 419]
- [419 420]
- [420 421]
- [421 422]
- [422 423]
- [423 424]
- [424 425]
- [425 426]
- [426 427]
- [427 428]
- [428 429]
- [429 430]
- [430 431]
- [431 432]
- [432 433]
- [433 434]
- [434 435]
- [435 436]
- [436 437]
- [437 438]
- [438 76]
- [201 439]
- [439 440]
- [440 441]
- [441 442]
- [442 443]
- [443 444]
- [444 445]
- [445 446]
- [446 447]
- [447 448]
- [448 449]
- [449 450]
- [450 451]
- [451 452]
- [452 453]
- [453 454]
- [454 455]
- [455 456]
- [456 457]
- [457 458]
- [458 459]
- [459 460]
- [460 461]
- [461 462]
- [462 463]
- [463 464]
- [464 465]
- [465 466]
- [466 467]
- [467 468]
- [468 469]
- [469 470]
- [470 471]
- [471 472]
- [472 473]
- [473 474]
- [474 475]
- [475 476]
- [476 477]
- [477 478]
- [478 479]
- [479 480]
- [480 481]
- [481 482]
- [482 483]
- [483 484]
- [484 485]
- [485 486]
- [486 487]
- [487 488]
- [488 489]
- [489 490]
- [490 491]
- [491 492]
- [492 493]
- [493 494]
- [494 495]
- [495 496]
- [496 497]
- [497 498]
- [498 499]
- [499 500]
- [500 501]
- [501 502]
- [502 503]
- [503 504]
- [504 505]
- [505 506]
- [506 507]
- [507 508]
- [508 509]
- [509 510]
- [510 511]
- [511 512]
- [512 513]
- [513 514]
- [514 515]
- [515 516]
- [516 517]
- [517 518]
- [518 519]
- [519 520]
- [520 521]
- [521 522]
- [522 523]
- [523 524]
- [524 525]
- [525 526]
- [526 527]
- [527 528]
- [528 64]
sets:
  element:
  - name: layup_0
    labels:
    - 1
    - 2
    - 3
    - 4
    - 5
    - 6
    - 7
    - 8
    - 9
    - 10
    - 11
    - 271
    - 272
    - 273
    - 274
    - 275
    - 276
    - 277
    - 278
    - 279
    - 280
    - 281
    - 282
  - name: layup_1
    labels:
    - 12
    - 13
    - 14
    - 15
    - 16
    - 17
    - 18
    - 19
    - 20
    - 21
    - 22
    - 23
    - 24
    - 25
    - 26
    - 27
    - 28
    - 29
    - 30
    - 31
    - 32
    - 33
    - 34
    - 35
    - 36
    - 37
    - 38
    - 39
    - 40
    - 41
    - 42
    - 43
    - 44
    - 45
    - 46
    - 47
    - 48
    - 49
    - 50
    - 51
    - 52
    - 53
    - 54
    - 55
    - 56
    - 57
    - 58
    - 59
    - 60
    - 61
    - 62
    - 77
    - 78
    - 79
    - 80
    - 81
    - 82
    - 83
    - 84
    - 85
    - 86
    - 87
    - 88
    - 89
    - 90
    - 91
    - 92
    - 93
    - 94
    - 95
    - 96
    - 97
    - 98
    - 99
    - 100
    - 101
    - 102
    - 103
    - 104
    - 105
    - 106
    - 107
    - 108
    - 109
    - 110
    - 111
    - 112
    - 113
    - 114
    - 115
    - 116
    - 117
    - 118
    - 119
    - 120
    - 121
    - 122
    - 123
    - 124
    - 125
    - 126
    - 127
    - 128
    - 129
    - 130
    - 131
    - 132
    - 133
    - 134
    - 135
    - 136
    - 137
    - 138
    - 139
    - 140
    - 143
    - 144
    - 145
    - 146
    - 147
    - 148
    - 149
    - 150
    - 151
    - 152
    - 153
    - 154
    - 155
    - 156
    - 157
    - 158
    - 159
    - 160
    - 161
    - 162
    - 163
    - 164
    - 165
    - 166
    - 167
    - 168
    - 169
    - 170
    - 171
    - 172
    - 173
    - 174
    - 175
    - 176
    - 177
    - 178
    - 179
    - 180
    - 181
    - 182
    - 183
    - 184
    - 185
    - 186
    - 187
    - 203
    - 204
    - 205
    - 206
    - 207
    - 208
    - 209
    - 210
    - 211
    - 212
    - 213
    - 214
    - 215
    - 216
    - 217
    - 218
    - 219
    - 220
    - 221
    - 222
    - 223
    - 224
    - 225
    - 226
    - 227
    - 228
    - 229
    - 230
    - 231
    - 232
    - 233
    - 234
    - 235
    - 236
    - 237
    - 238
    - 239
    - 240
    - 241
    - 242
    - 243
    - 244
    - 245
    - 246
    - 247
    - 248
    - 249
    - 250
    - 251
    - 252
    - 253
    - 254
    - 255
    - 256
    - 257
    - 258
    - 259
    - 260
    - 261
    - 262
    - 263
    - 264
    - 265
    - 266
    - 267
    - 268
    - 269
    - 270
  - name: layup_2
    labels:
    - 63
    - 64
    - 65
    - 66
    - 67
    - 68
    - 69
    - 70
    - 71
    - 72
    - 73
    - 74
    - 75
    - 76
  - name: layup_3
    labels:
    - 141
    - 142
  - name: layup_4
    labels:
    - 188
    - 189
    - 190
    - 191
    - 192
    - 193
    - 194
    - 195
    - 196
    - 197
    - 198
    - 199
    - 200
    - 201
    - 202
  - name: layup_5
    labels:
    - 283
    - 284
    - 285
    - 286
    - 287
    - 288
    - 289
    - 290
    - 291
    - 292
    - 293
    - 294
    - 295
    - 296
    - 297
    - 298
    - 299
    - 300
    - 301
    - 302
    - 303
    - 304
    - 305
    - 306
    - 307
    - 308
    - 309
    - 310
    - 311
    - 312
    - 313
    - 314
    - 315
    - 316
    - 317
    - 318
    - 319
    - 320
    - 321
    - 322
    - 323
    - 324
    - 325
    - 326
    - 327
    - 328
    - 329
    - 330
    - 331
    - 332
    - 333
    - 334
    - 335
    - 336
    - 337
    - 338
    - 339
    - 340
    - 341
    - 342
    - 343
    - 344
    - 345
    - 346
    - 347
    - 348
    - 349
    - 350
    - 351
    - 352
    - 353
    - 354
    - 355
    - 356
    - 357
    - 358
    - 359
    - 360
    - 361
    - 362
    - 363
    - 364
    - 365
    - 366
    - 367
    - 368
    - 369
    - 370
    - 371
    - 372
    - 373
    - 374
    - 375
    - 376
    - 377
    - 378
    - 379
    - 380
    - 381
    - 382
    - 383
    - 384
    - 385
    - 386
    - 387
    - 388
    - 389
    - 390
    - 391
    - 392
    - 393
    - 394
    - 395
    - 396
    - 397
    - 398
    - 399
    - 400
    - 401
    - 402
    - 403
    - 404
    - 405
    - 406
    - 407
    - 408
    - 409
    - 410
    - 411
    - 412
    - 413
    - 414
    - 415
    - 416
    - 417
    - 418
    - 419
    - 420
    - 421
    - 422
    - 423
    - 424
    - 425
    - 426
    - 427
    - 428
    - 429
    - 430
    - 431
    - 432
    - 433
    - 434
    - 435
    - 436
    - 437
    - 438
    - 439
    - 440
    - 441
    - 442
    - 443
    - 444
    - 445
    - 446
    - 447
    - 448
    - 449
    - 450
    - 451
    - 452
    - 453
    - 454
    - 455
    - 456
    - 457
    - 458
    - 459
    - 460
    - 461
    - 462
    - 463
    - 464
    - 465
    - 466
    - 467
    - 468
    - 469
    - 470
    - 471
    - 472
    - 473
    - 474
    - 475
    - 476
    - 477
    - 478
    - 479
    - 480
    - 481
    - 482
    - 483
    - 484
    - 485
    - 486
    - 487
    - 488
    - 489
    - 490
    - 491
    - 492
    - 493
    - 494
    - 495
    - 496
    - 497
    - 498
    - 499
    - 500
    - 501
    - 502
    - 503
    - 504
    - 505
    - 506
    - 507
    - 508
    - 509
    - 510
    - 511
    - 512
    - 513
    - 514
    - 515
    - 516
    - 517
    - 518
    - 519
    - 520
    - 521
    - 522
    - 523
    - 524
    - 525
    - 526
    - 527
    - 528
    - 529
    - 530
    - 531
sections:
- type: shell
  elementSet: layup_0
  layup:
  - - gelcoat
    - 0.0005
    - 0.0
  - - glass_triax
    - 0.0285768
    - 0.0
  - - glass_uniax
    - 0.00662807
    - 0.0
  - - glass_triax
    - 0.0285768
    - 0.0
- type: shell
  elementSet: layup_1
  layup:
  - - gelcoat
    - 0.0005
    - 0.0
  - - glass_triax
    - 0.0285768
    - 0.0
  - - glass_triax
    - 0.0285768
    - 0.0
- type: shell
  elementSet: layup_2
  layup:
  - - gelcoat
    - 0.0005
    - 0.0
  - - glass_triax
    - 0.0285768
    - 0.0
  - - carbon_uniax
    - 0.04677916
    - 0.0
  - - glass_triax
    - 0.0285768
    - 0.0
- type: shell
  elementSet: layup_3
  layup:
  - - gelcoat
    - 0.0005
    - 0.0
  - - glass_triax
    - 0.0285768
    - 0.0
  - - glass_uniax
    - 0.00555616
    - 0.0
  - - glass_triax
    - 0.0285768
    - 0.0
- type: shell
  elementSet: layup_4
  layup:
  - - gelcoat
    - 0.0005
    - 0.0
  - - glass_triax
    - 0.0285768
    - 0.0
  - - carbon_uniax
    - 0.03734392
    - 0.0
  - - glass_triax
    - 0.0285768
    - 0.0
- type: shell
  elementSet: layup_5
  layup:
  - - glass_biax
    - 0.002
    - 0.0
  - - medium_density_foam
    - 0.046
    - 0.0
  - - glass_biax
    - 0.002
    - 0.0
elementOrientations:
- [0.0, 0.0, 1.0, -0.5500869621467658, 0.8351073787700254, 0.0, -0.8351073787700254,
  -0.5500869621467658, 0.0]
- [0.0, 0.0, 1.0, -0.5340299845713938, 0.8454655377829878, 0.0, -0.8454655377829878,
  -0.5340299845713938, 0.0]
- [0.0, 0.0, 1.0, -0.5621357395090631, 0.827044986906153, 0.0, -0.827044986906153,
  -0.5621357395090631, 0.0]
- [0.0, 0.0, 1.0, -0.5857165515668299, 0.8105159598802859, 0.0, -0.8105159598802859,
  -0.5857165515668299, 0.0]
- [0.0, 0.0, 1.0, -0.6030652363866387, 0.7976918707508104, 0.0, -0.7976918707508104,
  -0.6030652363866387, 0.0]
- [0.0, 0.0, 1.0, -0.6130544592088142, 0.7900406508808191, 0.0, -0.7900406508808191,
  -0.6130544592088142, 0.0]
- [0.0, 0.0, 1.0, -0.6200853330900759, 0.7845343712588823, 0.0, -0.7845343712588823,
  -0.6200853330900759, 0.0]
- [0.0, 0.0, 1.0, -0.6285290726295548, 0.7777860919683713, 0.0, -0.7777860919683713,
  -0.6285290726295548, 0.0]
- [0.0, 0.0, 1.0, -0.6469490210720031, 0.762533254444668, 0.0, -0.762533254444668,
  -0.6469490210720031, 0.0]
- [0.0, 0.0, 1.0, -0.6428391805369467, 0.7660011670791285, 0.0, -0.7660011670791285,
  -0.6428391805369467, 0.0]
- [0.0, 0.0, 1.0, -0.6335958405050571, 0.7736642106849005, 0.0, -0.7736642106849005,
  -0.6335958405050571, 0.0]
- [0.0, 0.0, 1.0, -0.646655388626799, 0.7627822810998716, 0.0, -0.7627822810998716,
  -0.646655388626799, 0.0]
- [0.0, 0.0, 1.0, -0.6650703219919549, 0.7467807354274193, 0.0, -0.7467807354274193,
  -0.6650703219919549, 0.0]
- [0.0, 0.0, 1.0, -0.6854400287754032, 0.7281290867369428, 0.0, -0.7281290867369428,
  -0.6854400287754032, 0.0]
- [0.0, 0.0, 1.0, -0.6875165878725111, 0.726168672830314, 0.0, -0.726168672830314,
  -0.6875165878725111, 0.0]
- [0.0, 0.0, 1.0, -0.6903604809447521, 0.7234655529807419, 0.0, -0.7234655529807419,
  -0.6903604809447521, 0.0]
- [0.0, 0.0, 1.0, -0.7056629341569643, 0.7085476860148398, 0.0, -0.7085476860148398,
  -0.7056629341569643, 0.0]
- [0.0, 0.0, 1.0, -0.707635547576263, 0.7065776190953421, 0.0, -0.7065776190953421,
  -0.707635547576263, 0.0]
- [0.0, 0.0, 1.0, -0.7149906773276096, 0.6991339866825286, 0.0, -0.6991339866825286,
  -0.7149906773276096, 0.0]
- [0.0, 0.0, 1.0, -0.7251108885138549, 0.6886321219335095, 0.0, -0.6886321219335095,
  -0.7251108885138549, 0.0]
- [0.0, 0.0, 1.0, -0.733775799323417, 0.6793916958038864, 0.0, -0.6793916958038864,
  -0.733775799323417, 0.0]
- [0.0, 0.0, 1.0, -0.7440892251778551, 0.6680802533934223, 0.0, -0.6680802533934223,
  -0.7440892251778551, 0.0]
- [0.0, 0.0, 1.0, -0.751403400545057, 0.6598431098748586, 0.0, -0.6598431098748586,
  -0.751403400545057, 0.0]
- [0.0, 0.0, 1.0, -0.754202120790093, 0.6566423387169961, 0.0, -0.6566423387169961,
  -0.754202120790093, 0.0]
- [0.0, 0.0, 1.0, -0.7640780251806898, 0.645123841937327, 0.0, -0.645123841937327,
  -0.7640780251806898, 0.0]
- [0.0, 0.0, 1.0, -0.7757336154667929, 0.6310605025152644, 0.0, -0.6310605025152644,
  -0.7757336154667929, 0.0]
- [0.0, 0.0, 1.0, -0.7733565424258333, 0.6339713386953391, 0.0, -0.6339713386953391,
  -0.7733565424258333, 0.0]
- [0.0, 0.0, 1.0, -0.7883684995210617, 0.6152033070155831, 0.0, -0.6152033070155831,
  -0.7883684995210617, 0.0]
- [0.0, 0.0, 1.0, -0.797408425292604, 0.6034399748710468, 0.0, -0.6034399748710468,
  -0.797408425292604, 0.0]
- [0.0, 0.0, 1.0, -0.7968454752059324, 0.6041831581928047, 0.0, -0.6041831581928047,
  -0.7968454752059324, 0.0]
- [0.0, 0.0, 1.0, -0.8094617937483568, 0.5871725508414819, 0.0, -0.5871725508414819,
  -0.8094617937483568, 0.0]
- [0.0, 0.0, 1.0, -0.8159095991382102, 0.5781794929207755, 0.0, -0.5781794929207755,
  -0.8159095991382102, 0.0]
- [0.0, 0.0, 1.0, -0.8227209751129871, 0.5684454213986911, 0.0, -0.5684454213986911,
  -0.8227209751129871, 0.0]
- [0.0, 0.0, 1.0, -0.8328857888680213, 0.553444904847532, 0.0, -0.553444904847532,
  -0.8328857888680213, 0.0]
- [0.0, 0.0, 1.0, -0.8349865340489963, 0.5502703771391337, 0.0, -0.5502703771391337,
  -0.8349865340489963, 0.0]
- [0.0, 0.0, 1.0, -0.8432535830888485, 0.5375159482357881, 0.0, -0.5375159482357881,
  -0.8432535830888485, 0.0]
- [0.0, 0.0, 1.0, -0.8488013369609729, 0.5287119162391415, 0.0, -0.5287119162391415,
  -0.8488013369609729, 0.0]
- [0.0, 0.0, 1.0, -0.8529729535671181, 0.5219551134752749, 0.0, -0.5219551134752749,
  -0.8529729535671181, 0.0]
- [0.0, 0.0, 1.0, -0.8629049922899317, 0.505366178410381, 0.0, -0.505366178410381,
  -0.8629049922899317, 0.0]
- [0.0, 0.0, 1.0, -0.8721410734093014, 0.4892544819135248, 0.0, -0.4892544819135248,
  -0.8721410734093014, 0.0]
- [0.0, 0.0, 1.0, -0.8721382195907071, 0.4892595690726462, 0.0, -0.4892595690726462,
  -0.8721382195907071, 0.0]
- [0.0, 0.0, 1.0, -0.8843873430100339, 0.46675371184775033, 0.0, -0.46675371184775033,
  -0.8843873430100339, 0.0]
- [0.0, 0.0, 1.0, -0.8890839467891178, 0.45774418135229755, 0.0, -0.45774418135229755,
  -0.8890839467891178, 0.0]
- [0.0, 0.0, 1.0, -0.8900126670291315, 0.45593579869066253, 0.0, -0.45593579869066253,
  -0.8900126670291315, 0.0]
- [0.0, 0.0, 1.0, -0.9009715530473977, 0.4338781633124212, 0.0, -0.4338781633124212,
  -0.9009715530473977, 0.0]
- [0.0, 0.0, 1.0, -0.9070516810394729, 0.42101929637899793, 0.0, -0.42101929637899793,
  -0.9070516810394729, 0.0]
- [0.0, 0.0, 1.0, -0.9111449414041226, 0.41208602955411866, 0.0, -0.41208602955411866,
  -0.9111449414041226, 0.0]
- [0.0, 0.0, 1.0, -0.9186995710984733, 0.3949570838249152, 0.0, -0.3949570838249152,
  -0.9186995710984733, 0.0]
- [0.0, 0.0, 1.0, -0.9241902493567362, 0.38193243249812353, 0.0, -0.38193243249812353,
  -0.9241902493567362, 0.0]
- [0.0, 0.0, 1.0, -0.9257606982529452, 0.3781099437600385, 0.0, -0.3781099437600385,
  -0.9257606982529452, 0.0]
- [0.0, 0.0, 1.0, -0.932521158306525, 0.36111534073015633, 0.0, -0.36111534073015633,
  -0.932521158306525, 0.0]
- [0.0, 0.0, 1.0, -0.9386511699906726, 0.34486806328673225, 0.0, -0.34486806328673225,
  -0.9386511699906726, 0.0]
- [0.0, 0.0, 1.0, -0.9450972775651263, 0.32678913069284693, 0.0, -0.32678913069284693,
  -0.9450972775651263, 0.0]
- [0.0, 0.0, 1.0, -0.9477258842077156, 0.31908564430682773, 0.0, -0.31908564430682773,
  -0.9477258842077156, 0.0]
- [0.0, 0.0, 1.0, -0.9517868756000006, 0.3067600747091918, 0.0, -0.3067600747091918,
  -0.9517868756000006, 0.0]
- [0.0, 0.0, 1.0, -0.958673639208988, 0.28450809036966784, 0.0, -0.28450809036966784,
  -0.958673639208988, 0.0]
- [0.0, 0.0, 1.0, -0.9614751350221179, 0.27489191463955487, 0.0, -0.27489191463955487,
  -0.9614751350221179, 0.0]
- [0.0, 0.0, 1.0, -0.9646072240212721, 0.2636909239355338, 0.0, -0.2636909239355338,
  -0.9646072240212721, 0.0]
- [0.0, 0.0, 1.0, -0.9711805038573608, 0.23834518859704884, 0.0, -0.23834518859704884,
  -0.9711805038573608, 0.0]
- [0.0, 0.0, 1.0, -0.9756222623603241, 0.21945660433653588, 0.0, -0.21945660433653588,
  -0.9756222623603241, 0.0]
- [0.0, 0.0, 1.0, -0.9775243313244633, 0.21082263082662892, 0.0, -0.21082263082662892,
  -0.9775243313244633, 0.0]
- [0.0, 0.0, 1.0, -0.9999059643813161, -0.013713584311567622, 0.0, 0.013713584311567622,
  -0.9999059643813161, 0.0]
