nodes:
- [3.30672967 0.02561854 0.00000000]
- [3.26748971 0.03209023 0.00000000]
- [3.22269497 0.04200008 0.00000000]
- [3.17788912 0.05186827 0.00000000]
- [3.13308259 0.06173836 0.00000000]
- [3.08826915 0.07157606 0.00000000]
- [3.04344463 0.08141609 0.00000000]
- [2.99862980 0.09132792 0.00000000]
- [2.95382259 0.10129507 0.00000000]
- [2.90903993 0.11137410 0.00000000]
- [2.86427817 0.12151016 0.00000000]
- [2.81952438 0.13168687 0.00000000]
- [2.77478833 0.14193304 0.00000000]
- [2.73005822 0.15220271 0.00000000]
- [2.68534115 0.16253776 0.00000000]
- [2.64063649 0.17291373 0.00000000]
- [2.59594363 0.18332793 0.00000000]
- [2.55125813 0.19375725 0.00000000]
- [2.50501259 0.19752025 0.00000000]
- [2.45748104 0.20161286 0.00000000]
- [2.41152295 0.21240332 0.00000000]
- [2.36557185 0.22319220 0.00000000]
- [2.31962642 0.23397976 0.00000000]
- [2.27367448 0.24474494 0.00000000]
- [2.22771793 0.25551627 0.00000000]
- [2.18177368 0.26628506 0.00000000]
- [2.13582104 0.27700922 0.00000000]
- [2.08986847 0.28772553 0.00000000]
- [2.04390790 0.29838947 0.00000000]
- [1.99794508 0.30902937 0.00000000]
- [1.95197506 0.31960344 0.00000000]
- [1.90598652 0.33012522 0.00000000]
- [1.86051072 0.34048884 0.00000000]
- [1.81502282 0.35075300 0.00000000]
- [1.76949867 0.36094305 0.00000000]
- [1.72398482 0.37110628 0.00000000]
- [1.67845188 0.38112699 0.00000000]
- [1.63289218 0.39107960 0.00000000]
- [1.58731875 0.40093554 0.00000000]
- [1.54172368 0.41069329 0.00000000]
- [1.49612549 0.42035431 0.00000000]
- [1.45048560 0.42985231 0.00000000]
- [1.40483055 0.43928555 0.00000000]
- [1.35916307 0.44855676 0.00000000]
- [1.31346636 0.45768393 0.00000000]
- [1.26773032 0.46665546 0.00000000]
- [1.22197038 0.47551558 0.00000000]
- [1.17620441 0.48422232 0.00000000]
- [1.13040495 0.49272701 0.00000000]
- [1.08457041 0.50106618 0.00000000]
- [1.03870260 0.50922165 0.00000000]
- [0.99281664 0.51720941 0.00000000]
- [0.94690609 0.52496729 0.00000000]
- [0.90094735 0.53250404 0.00000000]
- [0.85497270 0.53985463 0.00000000]
- [0.80898267 0.54692276 0.00000000]
- [0.76294083 0.55369665 0.00000000]
- [0.71684209 0.56022379 0.00000000]
- [0.67075173 0.56653241 0.00000000]
- [0.62462469 0.57243815 0.00000000]
- [0.57843343 0.57806945 0.00000000]
- [0.53223171 0.58341334 0.00000000]
- [0.48601404 0.58838366 0.00000000]
- [0.43974439 0.59296993 0.00000000]
- [0.39344222 0.59723320 0.00000000]
- [0.34715443 0.60111275 0.00000000]
- [0.30082297 0.60448029 0.00000000]
- [0.25408901 0.60140370 0.00000000]
- [0.20468711 0.59801355 0.00000000]
- [0.15564799 0.60009836 0.00000000]
- [0.10888674 0.60154967 0.00000000]
- [0.06215082 0.60254608 0.00000000]
- [0.01546916 0.60290843 0.00000000]
- [-0.03121965 0.60265336 0.00000000]
- [-0.07788777 0.60178109 0.00000000]
- [-0.12448288 0.60025892 0.00000000]
- [-0.17103012 0.59797610 0.00000000]
- [-0.21754023 0.59499815 0.00000000]
- [-0.26394158 0.59127114 0.00000000]
- [-0.31027569 0.58671119 0.00000000]
- [-0.35650170 0.58142157 0.00000000]
- [-0.40252994 0.57523618 0.00000000]
- [-0.44840223 0.56810873 0.00000000]
- [-0.49406187 0.56003877 0.00000000]
- [-0.53950676 0.55089146 0.00000000]
- [-0.58476061 0.54077528 0.00000000]
- [-0.62966318 0.52965037 0.00000000]
- [-0.67360047 0.51747310 0.00000000]
- [-0.71907952 0.51010657 0.00000000]
- [-0.76559919 0.50103741 0.00000000]
- [-0.80985441 0.48487905 0.00000000]
- [-0.85358057 0.46760673 0.00000000]
- [-0.89660706 0.44873272 0.00000000]
- [-0.93906293 0.42863584 0.00000000]
- [-0.98065395 0.40697701 0.00000000]
- [-1.02139375 0.38388386 0.00000000]
- [-1.06104604 0.35907879 0.00000000]
- [-1.09958733 0.33276129 0.00000000]
- [-1.13657102 0.30458314 0.00000000]
- [-1.17192029 0.27443462 0.00000000]
- [-1.21098157 0.24773677 0.00000000]
- [-1.24751991 0.22019839 0.00000000]
- [-1.27599702 0.18517087 0.00000000]
- [-1.30106812 0.14780940 0.00000000]
- [-1.32167737 0.10805866 0.00000000]
- [-1.33656581 0.06608760 0.00000000]
- [-1.34460778 0.02249885 0.00000000]
- [-1.34417654 -0.02151462 0.00000000]
- [-1.33412014 -0.06428088 0.00000000]
- [-1.31577134 -0.10472224 0.00000000]
- [-1.29154900 -0.14240037 0.00000000]
- [-1.26344575 -0.17767148 0.00000000]
- [-1.23273569 -0.21091110 0.00000000]
- [-1.19468713 -0.23637915 0.00000000]
- [-1.15369845 -0.26123364 0.00000000]
- [-1.11632076 -0.29022320 0.00000000]
- [-1.07776022 -0.31779129 0.00000000]
- [-1.03822878 -0.34397311 0.00000000]
- [-0.99770411 -0.36866404 0.00000000]
- [-0.95638447 -0.39204398 0.00000000]
- [-0.91420646 -0.41393518 0.00000000]
- [-0.87135813 -0.43465803 0.00000000]
- [-0.82792603 -0.45408927 0.00000000]
- [-0.78389816 -0.47223971 0.00000000]
- [-0.73939840 -0.48922990 0.00000000]
- [-0.69255992 -0.49934920 0.00000000]
- [-0.64181240 -0.50939756 0.00000000]
- [-0.59730787 -0.52225842 0.00000000]
- [-0.55242482 -0.53418064 0.00000000]
- [-0.50740607 -0.54508747 0.00000000]
- [-0.46203604 -0.55471915 0.00000000]
- [-0.41637756 -0.56353085 0.00000000]
- [-0.37063909 -0.57133750 0.00000000]
- [-0.32463542 -0.57804058 0.00000000]
- [-0.27846583 -0.58399139 0.00000000]
- [-0.23225663 -0.58897192 0.00000000]
- [-0.18587839 -0.59299853 0.00000000]
- [-0.13939199 -0.59626025 0.00000000]
- [-0.09291985 -0.59868196 0.00000000]
- [-0.04637258 -0.60016003 0.00000000]
- [0.00025454 -0.60089383 0.00000000]
- [0.04684600 -0.60084657 0.00000000]
- [0.09344763 -0.59994525 0.00000000]
- [0.14009513 -0.59830755 0.00000000]
- [0.18574549 -0.59604016 0.00000000]
- [0.23134670 -0.59293717 0.00000000]
- [0.27751693 -0.59503335 0.00000000]
- [0.32444200 -0.59646541 0.00000000]
- [0.37072179 -0.59120994 0.00000000]
- [0.41697319 -0.58520930 0.00000000]
- [0.46317467 -0.57863066 0.00000000]
- [0.50922421 -0.57143759 0.00000000]
- [0.55516115 -0.56343736 0.00000000]
- [0.60108295 -0.55487990 0.00000000]
- [0.64684766 -0.54586186 0.00000000]
- [0.69242884 -0.53604400 0.00000000]
- [0.73796951 -0.52566752 0.00000000]
- [0.78339411 -0.51480731 0.00000000]
- [0.82864889 -0.50340489 0.00000000]
- [0.87377033 -0.49137731 0.00000000]
- [0.91881344 -0.47889786 0.00000000]
- [0.96371934 -0.46596947 0.00000000]
- [1.00847573 -0.45256647 0.00000000]
- [1.05311439 -0.43866960 0.00000000]
- [1.09767921 -0.42440447 0.00000000]
- [1.14213666 -0.40980949 0.00000000]
- [1.18647888 -0.39485744 0.00000000]
- [1.23074132 -0.37958078 0.00000000]
- [1.27494603 -0.36404931 0.00000000]
- [1.31908775 -0.34830990 0.00000000]
- [1.36315620 -0.33236328 0.00000000]
- [1.40717953 -0.31620625 0.00000000]
- [1.45120177 -0.29994096 0.00000000]
- [1.49522208 -0.28360339 0.00000000]
- [1.53925215 -0.26725235 0.00000000]
- [1.58329103 -0.25088381 0.00000000]
- [1.62737958 -0.23454807 0.00000000]
- [1.67153443 -0.21832327 0.00000000]
- [1.71575131 -0.20222810 0.00000000]
- [1.76005759 -0.18629434 0.00000000]
- [1.80448334 -0.17059375 0.00000000]
- [1.84903728 -0.15518652 0.00000000]
- [1.89371451 -0.14011494 0.00000000]
- [1.93849297 -0.12538108 0.00000000]
- [1.98343397 -0.11102667 0.00000000]
- [2.02854276 -0.09714810 0.00000000]
- [2.07379527 -0.08373013 0.00000000]
- [2.11922011 -0.07080524 0.00000000]
- [2.16483567 -0.05844452 0.00000000]
- [2.21063012 -0.04671676 0.00000000]
- [2.25660414 -0.03560252 0.00000000]
- [2.30281533 -0.02521786 0.00000000]
- [2.34920638 -0.01572122 0.00000000]
- [2.39569829 -0.00693662 0.00000000]
- [2.44235453 0.00111451 0.00000000]
- [2.49014677 0.00155294 0.00000000]
- [2.53674910 0.00102249 0.00000000]
- [2.58245379 0.00658458 0.00000000]
- [2.62825395 0.01136396 0.00000000]
- [2.67412439 0.01538666 0.00000000]
- [2.72007023 0.01865164 0.00000000]
- [2.76608521 0.02100715 0.00000000]
- [2.81214379 0.02248610 0.00000000]
- [2.85822605 0.02298784 0.00000000]
- [2.90429803 0.02257077 0.00000000]
- [2.95036603 0.02129014 0.00000000]
- [2.99637930 0.01897903 0.00000000]
- [3.04235366 0.01593693 0.00000000]
- [3.08825384 0.01184362 0.00000000]
- [3.13406001 0.00695290 0.00000000]
- [3.17976052 0.00115616 0.00000000]
- [3.22532841 -0.00543499 0.00000000]
- [3.27074001 -0.01268515 0.00000000]
- [3.30804372 -0.02241481 0.00000000]
- [1.89494172 -0.09309093 0.00000000]
- [1.89616892 -0.04606691 0.00000000]
- [1.89739612 0.00095710 0.00000000]
- [1.89862332 0.04798112 0.00000000]
- [1.89985052 0.09500514 0.00000000]
- [1.90107772 0.14202915 0.00000000]
- [1.90230492 0.18905317 0.00000000]
- [1.90353212 0.23607719 0.00000000]
- [1.90475932 0.28310120 0.00000000]
- [-0.64126016 -0.46216811 0.00000000]
- [-0.64070792 -0.41493866 0.00000000]
- [-0.64015568 -0.36770921 0.00000000]
- [-0.63960345 -0.32047976 0.00000000]
- [-0.63905121 -0.27325031 0.00000000]
- [-0.63849897 -0.22602086 0.00000000]
- [-0.63794674 -0.17879140 0.00000000]
- [-0.63739450 -0.13156195 0.00000000]
- [-0.63684226 -0.08433250 0.00000000]
- [-0.63629002 -0.03710305 0.00000000]
- [-0.63573779 0.01012640 0.00000000]
- [-0.63518555 0.05735585 0.00000000]
- [-0.63463331 0.10458530 0.00000000]
- [-0.63408107 0.15181476 0.00000000]
- [-0.63352884 0.19904421 0.00000000]
- [-0.63297660 0.24627366 0.00000000]
- [-0.63242436 0.29350311 0.00000000]
- [-0.63187213 0.34073256 0.00000000]
- [-0.63131989 0.38796201 0.00000000]
- [-0.63076765 0.43519146 0.00000000]
- [-0.63021541 0.48242091 0.00000000]
- [0.14069332 -0.55221501 0.00000000]
- [0.14129151 -0.50612248 0.00000000]
- [0.14188969 -0.46002994 0.00000000]
- [0.14248788 -0.41393741 0.00000000]
- [0.14308607 -0.36784487 0.00000000]
- [0.14368425 -0.32175234 0.00000000]
- [0.14428244 -0.27565980 0.00000000]
- [0.14488063 -0.22956727 0.00000000]
- [0.14547881 -0.18347473 0.00000000]
- [0.14607700 -0.13738220 0.00000000]
- [0.14667519 -0.09128966 0.00000000]
- [0.14727338 -0.04519713 0.00000000]
- [0.14787156 0.00089541 0.00000000]
- [0.14846975 0.04698794 0.00000000]
- [0.14906794 0.09308047 0.00000000]
- [0.14966612 0.13917301 0.00000000]
- [0.15026431 0.18526554 0.00000000]
- [0.15086250 0.23135808 0.00000000]
- [0.15146068 0.27745061 0.00000000]
- [0.15205887 0.32354315 0.00000000]
- [0.15265706 0.36963568 0.00000000]
- [0.15325525 0.41572822 0.00000000]
- [0.15385343 0.46182075 0.00000000]
- [0.15445162 0.50791329 0.00000000]
- [0.15504981 0.55400582 0.00000000]
elements:
- [1 2]
- [2 3]
- [3 4]
- [4 5]
- [5 6]
- [6 7]
- [7 8]
- [8 9]
- [9 10]
- [10 11]
- [11 12]
- [12 13]
- [13 14]
- [14 15]
- [15 16]
- [16 17]
- [17 18]
- [18 19]
- [19 20]
- [20 21]
- [21 22]
- [22 23]
- [23 24]
- [24 25]
- [25 26]
- [26 27]
- [27 28]
- [28 29]
- [29 30]
- [30 31]
- [31 32]
- [32 33]
- [33 34]
- [34 35]
- [35 36]
- [36 37]
- [37 38]
- [38 39]
- [39 40]
- [40 41]
- [41 42]
- [42 43]
- [43 44]
- [44 45]
- [45 46]
- [46 47]
- [47 48]
- [48 49]
- [49 50]
- [50 51]
- [51 52]
- [52 53]
- [53 54]
- [54 55]
- [55 56]
- [56 57]
- [57 58]
- [58 59]
- [59 60]
- [60 61]
- [61 62]
- [62 63]
- [63 64]
- [64 65]
- [65 66]
- [66 67]
- [67 68]
- [68 69]
- [69 70]
- [70 71]
- [71 72]
- [72 73]
- [73 74]
- [74 75]
- [75 76]
- [76 77]
- [77 78]
- [78 79]
- [79 80]
- [80 81]
- [81 82]
- [82 83]
- [83 84]
- [84 85]
- [85 86]
- [86 87]
- [87 88]
- [88 89]
- [89 90]
- [90 91]
- [91 92]
- [92 93]
- [93 94]
- [94 95]
- [95 96]
- [96 97]
- [97 98]
- [98 99]
- [99 100]
- [100 101]
- [101 102]
- [102 103]
- [103 104]
- [104 105]
- [105 106]
- [106 107]
- [107 108]
- [108 109]
- [109 110]
- [110 111]
- [111 112]
- [112 113]
- [113 114]
- [114 115]
- [115 116]
- [116 117]
- [117 118]
- [118 119]
- [119 120]
- [120 121]
- [121 122]
- [122 123]
- [123 124]
- [124 125]
- [125 126]
- [126 127]
- [127 128]
- [128 129]
- [129 130]
- [130 131]
- [131 132]
- [132 133]
- [133 134]
- [134 135]
- [135 136]
- [136 137]
- [137 138]
- [138 139]
- [139 140]
- [140 141]
- [141 142]
- [142 143]
- [143 144]
- [144 145]
- [145 146]
- [146 147]
- [147 148]
- [148 149]
- [149 150]
- [150 151]
- [151 152]
- [152 153]
- [153 154]
- [154 155]
- [155 156]
- [156 157]
- [157 158]
- [158 159]
- [159 160]
- [160 161]
- [161 162]
- [162 163]
- [163 164]
- [164 165]
- [165 166]
- [166 167]
- [167 168]
- [168 169]
- [169 170]
- [170 171]
- [171 172]
- [172 173]
- [173 174]
- [174 175]
- [175 176]
- [176 177]
- [177 178]
- [178 179]
- [179 180]
- [180 181]
- [181 182]
- [182 183]
- [183 184]
- [184 185]
- [185 186]
- [186 187]
- [187 188]
- [188 189]
- [189 190]
- [190 191]
- [191 192]
- [192 193]
- [193 194]
- [194 195]
- [195 196]
- [196 197]
- [197 198]
- [198 199]
- [199 200]
- [200 201]
- [201 202]
- [202 203]
- [203 204]
- [204 205]
- [205 206]
- [206 207]
- [207 208]
- [208 209]
- [209 210]
- [210 211]
- [211 212]
- [212 213]
- [213 214]
- [214 1]
- [183 215]
- [215 216]
- [216 217]
- [217 218]
- [218 219]
- [219 220]
- [220 221]
- [221 222]
- [222 223]
- [223 32]
- [127 224]
- [224 225]
- [225 226]
- [226 227]
- [227 228]
- [228 229]
- [229 230]
- [230 231]
- [231 232]
- [232 233]
- [233 234]
- [234 235]
- [235 236]
- [236 237]
- [237 238]
- [238 239]
- [239 240]
- [240 241]
- [241 242]
- [242 243]
- [243 244]
- [244 87]
- [144 245]
- [245 246]
- [246 247]
- [247 248]
- [248 249]
- [249 250]
- [250 251]
- [251 252]
- [252 253]
- [253 254]
- [254 255]
- [255 256]
- [256 257]
- [257 258]
- [258 259]
- [259 260]
- [260 261]
- [261 262]
- [262 263]
- [263 264]
- [264 265]
- [265 266]
- [266 267]
- [267 268]
- [268 269]
- [269 70]
sets:
  element:
  - name: layup_0
    labels:
    - 1
    - 2
    - 3
    - 4
    - 5
    - 6
    - 7
    - 8
    - 9
    - 10
    - 11
    - 12
    - 13
    - 14
    - 15
    - 16
    - 17
    - 18
    - 196
    - 197
    - 198
    - 199
    - 200
    - 201
    - 202
    - 203
    - 204
    - 205
    - 206
    - 207
    - 208
    - 209
    - 210
    - 211
    - 212
    - 213
    - 214
  - name: layup_1
    labels:
    - 19
    - 20
    - 21
    - 22
    - 23
    - 24
    - 25
    - 26
    - 27
    - 28
    - 29
    - 30
    - 31
    - 32
    - 33
    - 34
    - 35
    - 36
    - 37
    - 38
    - 39
    - 40
    - 41
    - 42
    - 43
    - 44
    - 45
    - 46
    - 47
    - 48
    - 49
    - 50
    - 51
    - 52
    - 53
    - 54
    - 55
    - 56
    - 57
    - 58
    - 59
    - 60
    - 61
    - 62
    - 63
    - 64
    - 65
    - 66
    - 67
    - 89
    - 90
    - 91
    - 92
    - 93
    - 94
    - 95
    - 96
    - 97
    - 98
    - 99
    - 100
    - 114
    - 115
    - 116
    - 117
    - 118
    - 119
    - 120
    - 121
    - 122
    - 123
    - 124
    - 125
    - 147
    - 148
    - 149
    - 150
    - 151
    - 152
    - 153
    - 154
    - 155
    - 156
    - 157
    - 158
    - 159
    - 160
    - 161
    - 162
    - 163
    - 164
    - 165
    - 166
    - 167
    - 168
    - 169
    - 170
    - 171
    - 172
    - 173
    - 174
    - 175
    - 176
    - 177
    - 178
    - 179
    - 180
    - 181
    - 182
    - 183
    - 184
    - 185
    - 186
    - 187
    - 188
    - 189
    - 190
    - 191
    - 192
    - 193
    - 194
    - 195
  - name: layup_2
    labels:
    - 68
    - 69
    - 70
    - 71
    - 72
    - 73
    - 74
    - 75
    - 76
    - 77
    - 78
    - 79
    - 80
    - 81
    - 82
    - 83
    - 84
    - 85
    - 86
    - 87
    - 88
  - name: layup_3
    labels:
    - 101
    - 102
    - 103
    - 104
    - 105
    - 106
    - 107
    - 108
    - 109
    - 110
    - 111
    - 112
    - 113
  - name: layup_4
    labels:
    - 126
    - 127
    - 128
    - 129
    - 130
    - 131
    - 132
    - 133
    - 134
    - 135
    - 136
    - 137
    - 138
    - 139
    - 140
    - 141
    - 142
    - 143
    - 144
    - 145
    - 146
  - name: layup_5
    labels:
    - 215
    - 216
    - 217
    - 218
    - 219
    - 220
    - 221
    - 222
    - 223
    - 224
  - name: layup_6
    labels:
    - 225
    - 226
    - 227
    - 228
    - 229
    - 230
    - 231
    - 232
    - 233
    - 234
    - 235
    - 236
    - 237
    - 238
    - 239
    - 240
    - 241
    - 242
    - 243
    - 244
    - 245
    - 246
    - 247
    - 248
    - 249
    - 250
    - 251
    - 252
    - 253
    - 254
    - 255
    - 256
    - 257
    - 258
    - 259
    - 260
    - 261
    - 262
    - 263
    - 264
    - 265
    - 266
    - 267
    - 268
    - 269
    - 270
    - 271
    - 272
sections:
- type: shell
  elementSet: layup_0
  layup:
  - - gelcoat
    - 0.0005
    - 0.0
  - - glass_triax
    - 0.003
    - 0.0
  - - glass_uniax
    - 0.01321893
    - 0.0
  - - glass_triax
    - 0.003
    - 0.0
- type: shell
  elementSet: layup_1
  layup:
  - - gelcoat
    - 0.0005
    - 0.0
  - - glass_triax
    - 0.003
    - 0.0
  - - medium_density_foam
    - 0.040625
    - 0.0
  - - glass_triax
    - 0.003
    - 0.0
- type: shell
  elementSet: layup_2
  layup:
  - - gelcoat
    - 0.0005
    - 0.0
  - - glass_triax
    - 0.003
    - 0.0
  - - carbon_uniax
    - 0.06498838
    - 0.0
  - - glass_triax
    - 0.003
    - 0.0
- type: shell
  elementSet: layup_3
  layup:
  - - gelcoat
    - 0.0005
    - 0.0
  - - glass_triax
    - 0.003
    - 0.0
  - - glass_uniax
    - 0.01031657
    - 0.0
  - - glass_triax
    - 0.003
    - 0.0
- type: shell
  elementSet: layup_4
  layup:
  - - gelcoat
    - 0.0005
    - 0.0
  - - glass_triax
    - 0.003
    - 0.0
  - - carbon_uniax
    - 0.0642048
    - 0.0
  - - glass_triax
    - 0.003
    - 0.0
- type: shell
  elementSet: layup_5
  layup:
  - - glass_biax
    - 0.002
    - 0.0
  - - medium_density_foam
    - 0.03
    - 0.0
  - - glass_biax
    - 0.002
    - 0.0
- type: shell
  elementSet: layup_6
  layup:
  - - glass_biax
    - 0.002
    - 0.0
  - - medium_density_foam
    - 0.0292
    - 0.0
  - - glass_biax
    - 0.002
    - 0.0
elementOrientations:
- [0.0, 0.0, 1.0, -0.9866710373238683, 0.16272757635459767, 0.0, -0.16272757635459767,
  -0.9866710373238683, 0.0]
- [0.0, 0.0, 1.0, -0.9763921999753381, 0.21600525879551952, 0.0, -0.21600525879551952,
  -0.9763921999753381, 0.0]
- [0.0, 0.0, 1.0, -0.9765945816141507, 0.2150884077812702, 0.0, -0.2150884077812702,
  -0.9765945816141507, 0.0]
- [0.0, 0.0, 1.0, -0.9765865542127339, 0.21512485242504914, 0.0, -0.21512485242504914,
  -0.9765865542127339, 0.0]
- [0.0, 0.0, 1.0, -0.9767415813928186, 0.21441987589366737, 0.0, -0.21441987589366737,
  -0.9767415813928186, 0.0]
- [0.0, 0.0, 1.0, -0.9767420336390741, 0.21441781577706154, 0.0, -0.21441781577706154,
  -0.9767420336390741, 0.0]
- [0.0, 0.0, 1.0, -0.976403541475561, 0.21595398628870616, 0.0, -0.21595398628870616,
  -0.976403541475561, 0.0]
- [0.0, 0.0, 1.0, -0.9761409266705657, 0.21713795448684012, 0.0, -0.21713795448684012,
  -0.9761409266705657, 0.0]
- [0.0, 0.0, 1.0, -0.975596085968226, 0.21957294242114062, 0.0, -0.21957294242114062,
  -0.975596085968226, 0.0]
- [0.0, 0.0, 1.0, -0.9753071251577353, 0.22085291851491012, 0.0, -0.22085291851491012,
  -0.9753071251577353, 0.0]
- [0.0, 0.0, 1.0, -0.9751074275546351, 0.22173295814511268, 0.0, -0.22173295814511268,
  -0.9751074275546351, 0.0]
- [0.0, 0.0, 1.0, -0.9747600049393692, 0.22325530849366385, 0.0, -0.22325530849366385,
  -0.9747600049393692, 0.0]
- [0.0, 0.0, 1.0, -0.9746420250196878, 0.22376979927041596, 0.0, -0.22376979927041596,
  -0.9746420250196878, 0.0]
- [0.0, 0.0, 1.0, -0.9743160763310281, 0.22518477613486734, 0.0, -0.22518477613486734,
  -0.9743160763310281, 0.0]
- [0.0, 0.0, 1.0, -0.9741062686094162, 0.2260906399120489, 0.0, -0.2260906399120489,
  -0.9741062686094162, 0.0]
- [0.0, 0.0, 1.0, -0.9739093382228339, 0.22693743834449537, 0.0, -0.22693743834449537,
  -0.9739093382228339, 0.0]
- [0.0, 0.0, 1.0, -0.9738281665302044, 0.22728550783633414, 0.0, -0.22728550783633414,
  -0.9738281665302044, 0.0]
- [0.0, 0.0, 1.0, -0.9967058125496835, 0.08110193110940996, 0.0, -0.08110193110940996,
  -0.9967058125496835, 0.0]
- [0.0, 0.0, 1.0, -0.9963136182479035, 0.08578562871350068, 0.0, -0.08578562871350068,
  -0.9963136182479035, 0.0]
- [0.0, 0.0, 1.0, -0.9735266723793892, 0.22857344151478606, 0.0, -0.22857344151478606,
  -0.9735266723793892, 0.0]
- [0.0, 0.0, 1.0, -0.9735263523238944, 0.22857480467219599, 0.0, -0.22857480467219599,
  -0.9735263523238944, 0.0]
- [0.0, 0.0, 1.0, -0.9735263612937918, 0.22857476646836977, 0.0, -0.22857476646836977,
  -0.9735263612937918, 0.0]
- [0.0, 0.0, 1.0, -0.9736389043341576, 0.22809490122968804, 0.0, -0.22809490122968804,
  -0.9736389043341576, 0.0]
- [0.0, 0.0, 1.0, -0.9736150871038598, 0.2281965428391575, 0.0, -0.2281965428391575,
  -0.9736150871038598, 0.0]
- [0.0, 0.0, 1.0, -0.9736134583784828, 0.2282034917881192, 0.0, -0.2282034917881192,
  -0.9736134583784828, 0.0]
- [0.0, 0.0, 1.0, -0.9738323789700503, 0.2272674584482615, 0.0, -0.2272674584482615,
  -0.9738323789700503, 0.0]
- [0.0, 0.0, 1.0, -0.9738691552444998, 0.22710981586748868, 0.0, -0.22710981586748868,
  -0.9738691552444998, 0.0]
- [0.0, 0.0, 1.0, -0.9741227724477618, 0.22601952172032835, 0.0, -0.22601952172032835,
  -0.9741227724477618, 0.0]
- [0.0, 0.0, 1.0, -0.9742372778022156, 0.22552544543915337, 0.0, -0.22552544543915337,
  -0.9742372778022156, 0.0]
- [0.0, 0.0, 1.0, -0.9745506969587123, 0.22416721227085853, 0.0, -0.22416721227085853,
  -0.9745506969587123, 0.0]
- [0.0, 0.0, 1.0, -0.974811926650339, 0.2230284906917813, 0.0, -0.2230284906917813,
  -0.974811926650339, 0.0]
- [0.0, 0.0, 1.0, -0.9750019493580645, 0.2221963067829305, 0.0, -0.2221963067829305,
  -0.9750019493580645, 0.0]
- [0.0, 0.0, 1.0, -0.9754746697234612, 0.2201117187427878, 0.0, -0.2201117187427878,
  -0.9754746697234612, 0.0]
- [0.0, 0.0, 1.0, -0.9758519082481912, 0.2184331778104321, 0.0, -0.2184331778104321,
  -0.9758519082481912, 0.0]
- [0.0, 0.0, 1.0, -0.9759638809125561, 0.2179323361828207, 0.0, -0.2179323361828207,
  -0.9759638809125561, 0.0]
- [0.0, 0.0, 1.0, -0.9766288594400048, 0.21493271251467375, 0.0, -0.21493271251467375,
  -0.9766288594400048, 0.0]
- [0.0, 0.0, 1.0, -0.9769607246908713, 0.2134191706747255, 0.0, -0.2134191706747255,
  -0.9769607246908713, 0.0]
- [0.0, 0.0, 1.0, -0.9774043309185816, 0.21137827206598067, 0.0, -0.21137827206598067,
  -0.9774043309185816, 0.0]
- [0.0, 0.0, 1.0, -0.9778578118030455, 0.20927039899555727, 0.0, -0.20927039899555727,
  -0.9778578118030455, 0.0]
- [0.0, 0.0, 1.0, -0.9782834093505618, 0.20727173224885495, 0.0, -0.20727173224885495,
  -0.9782834093505618, 0.0]
- [0.0, 0.0, 1.0, -0.9790245772703352, 0.2037421829191035, 0.0, -0.2037421829191035,
  -0.9790245772703352, 0.0]
- [0.0, 0.0, 1.0, -0.9793141485129339, 0.20234574006483916, 0.0, -0.20234574006483916,
  -0.9793141485129339, 0.0]
- [0.0, 0.0, 1.0, -0.9800082340334799, 0.19895693309502993, 0.0, -0.19895693309502993,
  -0.9800082340334799, 0.0]
- [0.0, 0.0, 1.0, -0.9806308589734793, 0.19586505157617037, 0.0, -0.19586505157617037,
  -0.9806308589734793, 0.0]
- [0.0, 0.0, 1.0, -0.981298849691025, 0.19249043507424227, 0.0, -0.19249043507424227,
  -0.981298849691025, 0.0]
- [0.0, 0.0, 1.0, -0.9817664198725561, 0.19009128546733442, 0.0, -0.19009128546733442,
  -0.9817664198725561, 0.0]
- [0.0, 0.0, 1.0, -0.9823802952990579, 0.18689289822819855, 0.0, -0.18689289822819855,
  -0.9823802952990579, 0.0]
- [0.0, 0.0, 1.0, -0.9831923228150523, 0.18257287957838111, 0.0, -0.18257287957838111,
  -0.9831923228150523, 0.0]
- [0.0, 0.0, 1.0, -0.9838486566503408, 0.17900229274319338, 0.0, -0.17900229274319338,
  -0.9838486566503408, 0.0]
- [0.0, 0.0, 1.0, -0.9845581068557914, 0.17505808814373652, 0.0, -0.17505808814373652,
  -0.9845581068557914, 0.0]
- [0.0, 0.0, 1.0, -0.9851842367749256, 0.17149932830832756, 0.0, -0.17149932830832756,
  -0.9851842367749256, 0.0]
- [0.0, 0.0, 1.0, -0.9860218170251441, 0.16661625476055278, 0.0, -0.16661625476055278,
  -0.9860218170251441, 0.0]
- [0.0, 0.0, 1.0, -0.9868189907058252, 0.16182793202144197, 0.0, -0.16182793202144197,
  -0.9868189907058252, 0.0]
- [0.0, 0.0, 1.0, -0.9874585636866235, 0.15787838674736432, 0.0, -0.15787838674736432,
  -0.9874585636866235, 0.0]
- [0.0, 0.0, 1.0, -0.9883951381617229, 0.15190474271157234, 0.0, -0.15190474271157234,
  -0.9883951381617229, 0.0]
- [0.0, 0.0, 1.0, -0.9893497677485033, 0.14555767604624104, 0.0, -0.14555767604624104,
  -0.9893497677485033, 0.0]
- [0.0, 0.0, 1.0, -0.9901243034152092, 0.1401922386815577, 0.0, -0.1401922386815577,
  -0.9901243034152092, 0.0]
- [0.0, 0.0, 1.0, -0.9907622186743172, 0.13561056761014098, 0.0, -0.13561056761014098,
  -0.9907622186743172, 0.0]
- [0.0, 0.0, 1.0, -0.9919032943195074, 0.12699549093612994, 0.0, -0.12699549093612994,
  -0.9919032943195074, 0.0]
- [0.0, 0.0, 1.0, -0.9926504800929586, 0.12101662849054524, 0.0, -0.12101662849054524,
  -0.9926504800929586, 0.0]
- [0.0, 0.0, 1.0, -0.9933772620629695, 0.1148982820423279, 0.0, -0.1148982820423279,
  -0.9933772620629695, 0.0]
- [0.0, 0.0, 1.0, -0.9942670855359164, 0.10692503270943964, 0.0, -0.10692503270943964,
  -0.9942670855359164, 0.0]
- [0.0, 0.0, 1.0, -0.9951234740707737, 0.09863706886011052, 0.0, -0.09863706886011052,
  -0.9951234740707737, 0.0]
- [0.0, 0.0, 1.0, -0.9957878578659224, 0.0916871971804009, 0.0, -0.0916871971804009,
  -0.9957878578659224, 0.0]
- [0.0, 0.0, 1.0, -0.9965060349231506, 0.08352078999710569, 0.0, -0.08352078999710569,
  -0.9965060349231506, 0.0]
- [0.0, 0.0, 1.0, -0.997368961387004, 0.07249244692937949, 0.0, -0.07249244692937949,
  -0.997368961387004, 0.0]
- [0.0, 0.0, 1.0, -0.9978400965002777, -0.06568973904892846, 0.0, 0.06568973904892846,
  -0.9978400965002777, 0.0]
- [0.0, 0.0, 1.0, -0.997653660946084, -0.0684629301219003, 0.0, 0.0684629301219003,
  -0.997653660946084, 0.0]
- [0.0, 0.0, 1.0, -0.9990975384031602, 0.04247480143268267, 0.0, -0.04247480143268267,
  -0.9990975384031602, 0.0]
- [0.0, 0.0, 1.0, -0.9995187144865397, 0.031021595561404807, 0.0, -0.031021595561404807,
  -0.9995187144865397, 0.0]
- [0.0, 0.0, 1.0, -0.9997728043822512, 0.02131524378581507, 0.0, -0.02131524378581507,
  -0.9997728043822512, 0.0]
- [0.0, 0.0, 1.0, -0.9999698756424051, 0.00776194612921207, 0.0, -0.00776194612921207,
  -0.9999698756424051, 0.0]
- [0.0, 0.0, 1.0, -0.9999850767123998, -0.00546318153606566, 0.0, 0.00546318153606566,
  -0.9999850767123998, 0.0]
- [0.0, 0.0, 1.0, -0.9998253735732617, -0.018687492049162265, 0.0, 0.018687492049162265,
  -0.9998253735732617, 0.0]
- [0.0, 0.0, 1.0, -0.9994668239510907, -0.03265069403733864, 0.0, 0.03265069403733864,
  -0.9994668239510907, 0.0]
- [0.0, 0.0, 1.0, -0.9987995556787909, -0.04898415637581214, 0.0, 0.04898415637581214,
  -0.9987995556787909, 0.0]
- [0.0, 0.0, 1.0, -0.9979564846744681, -0.06389721978441759, 0.0, 0.06389721978441759,
  -0.9979564846744681, 0.0]
- [0.0, 0.0, 1.0, -0.9967897833307645, -0.08006327402378452, 0.0, 0.08006327402378452,
  -0.9967897833307645, 0.0]
- [0.0, 0.0, 1.0, -0.995192180033596, -0.0979414355621683, 0.0, 0.0979414355621683,
  -0.995192180033596, 0.0]
- [0.0, 0.0, 1.0, -0.9935165375714909, -0.11368768434600282, 0.0, 0.11368768434600282,
  -0.9935165375714909, 0.0]
- [0.0, 0.0, 1.0, -0.9910911709239806, -0.1331851752881418, 0.0, 0.1331851752881418,
  -0.9910911709239806, 0.0]
- [0.0, 0.0, 1.0, -0.9881434095957128, -0.15353371640313873, 0.0, 0.15353371640313873,
  -0.9881434095957128, 0.0]
- [0.0, 0.0, 1.0, -0.9847378212570927, -0.17404431443122206, 0.0, 0.17404431443122206,
  -0.9847378212570927, 0.0]
- [0.0, 0.0, 1.0, -0.9803379501571208, -0.19732588142900678, 0.0, 0.19732588142900678,
  -0.9803379501571208, 0.0]
- [0.0, 0.0, 1.0, -0.9759133494565518, -0.21815850740343384, 0.0, 0.21815850740343384,
  -0.9759133494565518, 0.0]
- [0.0, 0.0, 1.0, -0.9706526610393563, -0.2404857825677362, 0.0, 0.2404857825677362,
  -0.9706526610393563, 0.0]
- [0.0, 0.0, 1.0, -0.9636735132420953, -0.26708305800937127, 0.0, 0.26708305800937127,
  -0.9636735132420953, 0.0]
- [0.0, 0.0, 1.0, -0.9871344306528029, -0.1598925133324473, 0.0, 0.1598925133324473,
  -0.9871344306528029, 0.0]
- [0.0, 0.0, 1.0, -0.9815216958240385, -0.1913508835273666, 0.0, 0.1913508835273666,
  -0.9815216958240385, 0.0]
- [0.0, 0.0, 1.0, -0.9393457665238386, -0.34297161823355293, 0.0, 0.34297161823355293,
  -0.9393457665238386, 0.0]
- [0.0, 0.0, 1.0, -0.9300681043428097, -0.3673871544898822, 0.0, 0.3673871544898822,
  -0.9300681043428097, 0.0]
- [0.0, 0.0, 1.0, -0.9157667425583034, -0.40171043454726696, 0.0, 0.40171043454726696,
  -0.9157667425583034, 0.0]
- [0.0, 0.0, 1.0, -0.9038513746070657, -0.42784657603037773, 0.0, 0.42784657603037773,
  -0.9038513746070657, 0.0]
- [0.0, 0.0, 1.0, -0.8869417682422542, -0.46188126152432685, 0.0, 0.46188126152432685,
  -0.8869417682422542, 0.0]
- [0.0, 0.0, 1.0, -0.8699555712485476, -0.49313010864640305, 0.0, 0.49313010864640305,
  -0.8699555712485476, 0.0]
- [0.0, 0.0, 1.0, -0.8477831163125834, -0.530343084894415, 0.0, 0.530343084894415,
  -0.8477831163125834, 0.0]
- [0.0, 0.0, 1.0, -0.8258347307033558, -0.563912225052903, 0.0, 0.563912225052903,
  -0.8258347307033558, 0.0]
- [0.0, 0.0, 1.0, -0.795430697474741, -0.6060445573675642, 0.0, 0.6060445573675642,
  -0.795430697474741, 0.0]
- [0.0, 0.0, 1.0, -0.7608586970444698, -0.6489175934830181, 0.0, 0.6489175934830181,
  -0.7608586970444698, 0.0]
- [0.0, 0.0, 1.0, -0.8255857947680756, -0.5642766125555487, 0.0, 0.5642766125555487,
  -0.8255857947680756, 0.0]
- [0.0, 0.0, 1.0, -0.798585379811774, -0.6018815424573879, 0.0, 0.6018815424573879,
  -0.798585379811774, 0.0]
- [0.0, 0.0, 1.0, -0.6308228452722499, -0.775926889521573, 0.0, 0.775926889521573,
  -0.6308228452722499, 0.0]
- [0.0, 0.0, 1.0, -0.5572127947801243, -0.8303697377273109, 0.0, 0.8303697377273109,
  -0.5572127947801243, 0.0]
- [0.0, 0.0, 1.0, -0.4602775032797612, -0.8877750953786379, 0.0, 0.8877750953786379,
  -0.4602775032797612, 0.0]
- [0.0, 0.0, 1.0, -0.3343197966092968, -0.9424596933530465, 0.0, 0.9424596933530465,
  -0.3343197966092968, 0.0]
- [0.0, 0.0, 1.0, -0.18143429297270977, -0.9834030696176888, 0.0, 0.9834030696176888,
  -0.18143429297270977, 0.0]
- [0.0, 0.0, 1.0, 0.009797391910096195, -0.9999520044040914, 0.0, 0.9999520044040914,
  0.009797391910096195, 0.0]
- [0.0, 0.0, 1.0, 0.22890446532958617, -0.9734488922137496, 0.0, 0.9734488922137496,
  0.22890446532958617, 0.0]
- [0.0, 0.0, 1.0, 0.41317505817064315, -0.9106516190649889, 0.0, 0.9106516190649889,
  0.41317505817064315, 0.0]
- [0.0, 0.0, 1.0, 0.5407686178246498, -0.8411713868029617, 0.0, 0.8411713868029617,
  0.5407686178246498, 0.0]
- [0.0, 0.0, 1.0, 0.6231572158325409, -0.7820965952846465, 0.0, 0.7820965952846465,
  0.6231572158325409, 0.0]
- [0.0, 0.0, 1.0, 0.6786061696587096, -0.7345023257288807, 0.0, 0.7345023257288807,
  0.6786061696587096, 0.0]
- [0.0, 0.0, 1.0, 0.8310172987421844, -0.5562465722961742, 0.0, 0.5562465722961742,
  0.8310172987421844, 0.0]
- [0.0, 0.0, 1.0, 0.8550788047553356, -0.5184980594546007, 0.0, 0.5184980594546007,
  0.8550788047553356, 0.0]
- [0.0, 0.0, 1.0, 0.7901913116398195, -0.6128602540620022, 0.0, 0.6128602540620022,
  0.7901913116398195, 0.0]
- [0.0, 0.0, 1.0, 0.8134855144694454, -0.5815851766924445, 0.0, 0.5815851766924445,
  0.8134855144694454, 0.0]
- [0.0, 0.0, 1.0, 0.8337253093817918, -0.5521794169436558, 0.0, 0.5521794169436558,
  0.8337253093817918, 0.0]
- [0.0, 0.0, 1.0, 0.8539763082674964, -0.520311891962713, 0.0, 0.520311891962713,
  0.8539763082674964, 0.0]
- [0.0, 0.0, 1.0, 0.8703338780982013, -0.492462121014952, 0.0, 0.492462121014952,
  0.8703338780982013, 0.0]
- [0.0, 0.0, 1.0, 0.8875728651243023, -0.4606673518874951, 0.0, 0.4606673518874951,
  0.8875728651243023, 0.0]
- [0.0, 0.0, 1.0, 0.9002433387379415, -0.4353871048365623, 0.0, 0.4353871048365623,
  0.9002433387379415, 0.0]
- [0.0, 0.0, 1.0, 0.9128097028064933, -0.40838516924873924, 0.0, 0.40838516924873924,
  0.9128097028064933, 0.0]
- [0.0, 0.0, 1.0, 0.9245204235808118, -0.38113250501886686, 0.0, 0.38113250501886686,
  0.9245204235808118, 0.0]
- [0.0, 0.0, 1.0, 0.9342227985710911, -0.3566900091536045, 0.0, 0.3566900091536045,
  0.9342227985710911, 0.0]
- [0.0, 0.0, 1.0, 0.977448350586782, -0.2111746242690613, 0.0, 0.2111746242690613,
  0.977448350586782, 0.0]
- [0.0, 0.0, 1.0, 0.9809548605026158, -0.19423584029805974, 0.0, 0.19423584029805974,
  0.9809548605026158, 0.0]
- [0.0, 0.0, 1.0, 0.9606911848512834, -0.27761924888061557, 0.0, 0.27761924888061557,
  0.9606911848512834, 0.0]
- [0.0, 0.0, 1.0, 0.9664842763639665, -0.25672581393623056, 0.0, 0.25672581393623056,
  0.9664842763639665, 0.0]
- [0.0, 0.0, 1.0, 0.9718837472803342, -0.2354612107595126, 0.0, 0.2354612107595126,
  0.9718837472803342, 0.0]
- [0.0, 0.0, 1.0, 0.9782002379382025, -0.20766389791594386, 0.0, 0.20766389791594386,
  0.9782002379382025, 0.0]
- [0.0, 0.0, 1.0, 0.9818817326394352, -0.18949475747096728, 0.0, 0.18949475747096728,
  0.9818817326394352, 0.0]
- [0.0, 0.0, 1.0, 0.9857448335629341, -0.16824720830962822, 0.0, 0.16824720830962822,
  0.9857448335629341, 0.0]
- [0.0, 0.0, 1.0, 0.9895507591417627, -0.14418493361638426, 0.0, 0.14418493361638426,
  0.9895507591417627, 0.0]
- [0.0, 0.0, 1.0, 0.9917957412901597, -0.12783273273580084, 0.0, 0.12783273273580084,
  0.9917957412901597, 0.0]
- [0.0, 0.0, 1.0, 0.9942416168498176, -0.10716159444437368, 0.0, 0.10716159444437368,
  0.9942416168498176, 0.0]
- [0.0, 0.0, 1.0, 0.9962522249876187, -0.08649568895164161, 0.0, 0.08649568895164161,
  0.9962522249876187, 0.0]
- [0.0, 0.0, 1.0, 0.9975474805597475, -0.06999302843069523, 0.0, 0.06999302843069523,
  0.9975474805597475, 0.0]
- [0.0, 0.0, 1.0, 0.99864498499124, -0.05204031083540932, 0.0, 0.05204031083540932,
  0.99864498499124, 0.0]
- [0.0, 0.0, 1.0, 0.9994962150188023, -0.03173824448655379, 0.0, 0.03173824448655379,
  0.9994962150188023, 0.0]
- [0.0, 0.0, 1.0, 0.9998761885210887, -0.015735553010307702, 0.0, 0.015735553010307702,
  0.9998761885210887, 0.0]
- [0.0, 0.0, 1.0, 0.999999485506634, 0.0010143897019357113, 0.0, -0.0010143897019357113,
  0.999999485506634, 0.0]
- [0.0, 0.0, 1.0, 0.9998130162779004, 0.019337333872252022, 0.0, -0.019337333872252022,
  0.9998130162779004, 0.0]
- [0.0, 0.0, 1.0, 0.9993842851632477, 0.0350863302262345, 0.0, -0.0350863302262345,
  0.9993842851632477, 0.0]
- [0.0, 0.0, 1.0, 0.9987687905345429, 0.04960748989987553, 0.0, -0.04960748989987553,
  0.9987687905345429, 0.0]
- [0.0, 0.0, 1.0, 0.9976928752520164, 0.06788907623001253, 0.0, -0.06788907623001253,
  0.9976928752520164, 0.0]
- [0.0, 0.0, 1.0, 0.9989709649171431, -0.045354285933216415, 0.0, 0.045354285933216415,
  0.9989709649171431, 0.0]
- [0.0, 0.0, 1.0, 0.9995346466995072, -0.030503934947661883, 0.0, 0.030503934947661883,
  0.9995346466995072, 0.0]
- [0.0, 0.0, 1.0, 0.9936139167017277, 0.11283343713922828, 0.0, -0.11283343713922828,
  0.9936139167017277, 0.0]
- [0.0, 0.0, 1.0, 0.9916885875727721, 0.12866135891525576, 0.0, -0.12866135891525576,
  0.9916885875727721, 0.0]
- [0.0, 0.0, 1.0, 0.9900141002789128, 0.14096836967538004, 0.0, -0.14096836967538004,
  0.9900141002789128, 0.0]
- [0.0, 0.0, 1.0, 0.9880191428400373, 0.15433137523406568, 0.0, -0.15433137523406568,
  0.9880191428400373, 0.0]
- [0.0, 0.0, 1.0, 0.9851711972849605, 0.17157421729420022, 0.0, -0.17157421729420022,
  0.9851711972849605, 0.0]
- [0.0, 0.0, 1.0, 0.9830766141352206, 0.18319489823799823, 0.0, -0.18319489823799823,
  0.9830766141352206, 0.0]
- [0.0, 0.0, 1.0, 0.9811328907636905, 0.19333455630508609, 0.0, -0.19333455630508609,
  0.9811328907636905, 0.0]
- [0.0, 0.0, 1.0, 0.9775801481293649, 0.210563657793478, 0.0, -0.210563657793478,
  0.9775801481293649, 0.0]
- [0.0, 0.0, 1.0, 0.9750108670444133, 0.22215717216714212, 0.0, -0.22215717216714212,
  0.9750108670444133, 0.0]
- [0.0, 0.0, 1.0, 0.9725895501724805, 0.23252863672092566, 0.0, -0.23252863672092566,
  0.9725895501724805, 0.0]
- [0.0, 0.0, 1.0, 0.9696935028634897, 0.2443246006941079, 0.0, -0.2443246006941079,
  0.9696935028634897, 0.0]
- [0.0, 0.0, 1.0, 0.9662605320358496, 0.2575666597791666, 0.0, -0.2575666597791666,
  0.9662605320358496, 0.0]
- [0.0, 0.0, 1.0, 0.9636971312252491, 0.2669978263361427, 0.0, -0.2669978263361427,
  0.9636971312252491, 0.0]
- [0.0, 0.0, 1.0, 0.9609672760732546, 0.2766620579630484, 0.0, -0.2766620579630484,
  0.9609672760732546, 0.0]
- [0.0, 0.0, 1.0, 0.9579671011852338, 0.286878080457117, 0.0, -0.286878080457117,
  0.9579671011852338, 0.0]
- [0.0, 0.0, 1.0, 0.9548003674037523, 0.297247806393352, 0.0, -0.297247806393352,
  0.9548003674037523, 0.0]
- [0.0, 0.0, 1.0, 0.9523969250281958, 0.30486078330417843, 0.0, -0.30486078330417843,
  0.9523969250281958, 0.0]
- [0.0, 0.0, 1.0, 0.9501107611111511, 0.3119127147469128, 0.0, -0.3119127147469128,
  0.9501107611111511, 0.0]
- [0.0, 0.0, 1.0, 0.9475793321149883, 0.31952059299599556, 0.0, -0.31952059299599556,
  0.9475793321149883, 0.0]
- [0.0, 0.0, 1.0, 0.945282436533486, 0.32625314585658166, 0.0, -0.32625314585658166,
  0.945282436533486, 0.0]
- [0.0, 0.0, 1.0, 0.9434595775812782, 0.33148759474549905, 0.0, -0.33148759474549905,
  0.9434595775812782, 0.0]
- [0.0, 0.0, 1.0, 0.9419140701066129, 0.33585396310776905, 0.0, -0.33585396310776905,
  0.9419140701066129, 0.0]
- [0.0, 0.0, 1.0, 0.940328669916237, 0.34026753082473277, 0.0, -0.34026753082473277,
  0.940328669916237, 0.0]
- [0.0, 0.0, 1.0, 0.9387719116730661, 0.34453925444526223, 0.0, -0.34453925444526223,
  0.9387719116730661, 0.0]
- [0.0, 0.0, 1.0, 0.9380207966332096, 0.3465789738048154, 0.0, -0.3465789738048154,
  0.9380207966332096, 0.0]
- [0.0, 0.0, 1.0, 0.937514454717334, 0.34794632803933995, 0.0, -0.34794632803933995,
  0.937514454717334, 0.0]
- [0.0, 0.0, 1.0, 0.9374460129668446, 0.34813068346896187, 0.0, -0.34813068346896187,
  0.9374460129668446, 0.0]
- [0.0, 0.0, 1.0, 0.9373471563969671, 0.34839676863386626, 0.0, -0.34839676863386626,
  0.9373471563969671, 0.0]
- [0.0, 0.0, 1.0, 0.9377026631094971, 0.3474387940304836, 0.0, -0.3474387940304836,
  0.9377026631094971, 0.0]
- [0.0, 0.0, 1.0, 0.9386377376035875, 0.34490462094094776, 0.0, -0.34490462094094776,
  0.9386377376035875, 0.0]
- [0.0, 0.0, 1.0, 0.9396821416881516, 0.3420489330379044, 0.0, -0.3420489330379044,
  0.9396821416881516, 0.0]
- [0.0, 0.0, 1.0, 0.9409990316098167, 0.3384092529902028, 0.0, -0.3384092529902028,
  0.9409990316098167, 0.0]
- [0.0, 0.0, 1.0, 0.9428509717837809, 0.3332147130700865, 0.0, -0.3332147130700865,
  0.9428509717837809, 0.0]
- [0.0, 0.0, 1.0, 0.9450862993431043, 0.3268208787607615, 0.0, -0.3268208787607615,
  0.9450862993431043, 0.0]
- [0.0, 0.0, 1.0, 0.9475371468031463, 0.3196456716868738, 0.0, -0.3196456716868738,
  0.9475371468031463, 0.0]
- [0.0, 0.0, 1.0, 0.9498998932291685, 0.31255430383089344, 0.0, -0.31255430383089344,
  0.9498998932291685, 0.0]
- [0.0, 0.0, 1.0, 0.9525883588692435, 0.30426208857956866, 0.0, -0.30426208857956866,
  0.9525883588692435, 0.0]
- [0.0, 0.0, 1.0, 0.9557852988532101, 0.2940654051330755, 0.0, -0.2940654051330755,
  0.9557852988532101, 0.0]
- [0.0, 0.0, 1.0, 0.9587414368959771, 0.28427954055583543, 0.0, -0.28427954055583543,
  0.9587414368959771, 0.0]
- [0.0, 0.0, 1.0, 0.9618233695539846, 0.27367098088730407, 0.0, -0.27367098088730407,
  0.9618233695539846, 0.0]
- [0.0, 0.0, 1.0, 0.9651916540524086, 0.2615436310590944, 0.0, -0.2615436310590944,
  0.9651916540524086, 0.0]
- [0.0, 0.0, 1.0, 0.9687371321402172, 0.2480894371244923, 0.0, -0.2480894371244923,
  0.9687371321402172, 0.0]
- [0.0, 0.0, 1.0, 0.9719998468914246, 0.23498148361742716, 0.0, -0.23498148361742716,
  0.9719998468914246, 0.0]
- [0.0, 0.0, 1.0, 0.9756678669565946, 0.21925376482142506, 0.0, -0.21925376482142506,
  0.9756678669565946, 0.0]
- [0.0, 0.0, 1.0, 0.979683592255768, 0.20054939308019382, 0.0, -0.20054939308019382,
  0.979683592255768, 0.0]
- [0.0, 0.0, 1.0, 0.9826133235943795, 0.1856638260265242, 0.0, -0.1856638260265242,
  0.9826133235943795, 0.0]
- [0.0, 0.0, 1.0, 0.9854355089973519, 0.1700495739692702, 0.0, -0.1700495739692702,
  0.9854355089973519, 0.0]
- [0.0, 0.0, 1.0, 0.9999579245111175, 0.0091732877104284, 0.0, -0.0091732877104284,
  0.9999579245111175, 0.0]
- [0.0, 0.0, 1.0, 0.9999352244603877, -0.011381866426641544, 0.0, 0.011381866426641544,
  0.9999352244603877, 0.0]
- [0.0, 0.0, 1.0, 0.9926762586417315, 0.12080498966952487, 0.0, -0.12080498966952487,
  0.9926762586417315, 0.0]
- [0.0, 0.0, 1.0, 0.9945993040722785, 0.10378932671011623, 0.0, -0.10378932671011623,
  0.9945993040722785, 0.0]
- [0.0, 0.0, 1.0, 0.9961766516667028, 0.08736176895025063, 0.0, -0.08736176895025063,
