nodes:
- [4.20408571 0.05093197 0.00000000]
- [4.15204414 0.06067334 0.00000000]
- [4.09301198 0.07483260 0.00000000]
- [4.03394808 0.08887346 0.00000000]
- [3.97486696 0.10288899 0.00000000]
- [3.91577416 0.11688866 0.00000000]
- [3.85667614 0.13093601 0.00000000]
- [3.79761280 0.14511510 0.00000000]
- [3.73853961 0.15931223 0.00000000]
- [3.67952717 0.17377072 0.00000000]
- [3.62054451 0.18826370 0.00000000]
- [3.56157127 0.20282586 0.00000000]
- [3.50263150 0.21749487 0.00000000]
- [3.44369434 0.23216761 0.00000000]
- [3.38264868 0.23847351 0.00000000]
- [3.32305403 0.24448149 0.00000000]
- [3.26558555 0.25894873 0.00000000]
- [3.20812686 0.27347480 0.00000000]
- [3.15068575 0.28801415 0.00000000]
- [3.09325370 0.30255651 0.00000000]
- [3.03582446 0.31708325 0.00000000]
- [2.97838581 0.33159111 0.00000000]
- [2.92094893 0.34610182 0.00000000]
- [2.86351882 0.36058542 0.00000000]
- [2.80607190 0.37502309 0.00000000]
- [2.74861455 0.38945858 0.00000000]
- [2.69118589 0.40387557 0.00000000]
- [2.63372901 0.41816381 0.00000000]
- [2.57623550 0.43243442 0.00000000]
- [2.51876187 0.44669105 0.00000000]
- [2.46129919 0.46082654 0.00000000]
- [2.40377199 0.47480856 0.00000000]
- [2.34620841 0.48878676 0.00000000]
- [2.28869318 0.50272347 0.00000000]
- [2.23113943 0.51642738 0.00000000]
- [2.17351042 0.53005146 0.00000000]
- [2.11587686 0.54365563 0.00000000]
- [2.05829427 0.55714963 0.00000000]
- [2.00062832 0.57034067 0.00000000]
- [1.94195025 0.58371588 0.00000000]
- [1.88331230 0.59705832 0.00000000]
- [1.82468668 0.61016076 0.00000000]
- [1.76594996 0.62300084 0.00000000]
- [1.70714697 0.63582872 0.00000000]
- [1.64843641 0.64860378 0.00000000]
- [1.58967688 0.66094818 0.00000000]
- [1.53077538 0.67311980 0.00000000]
- [1.47184539 0.68527742 0.00000000]
- [1.41303310 0.69731090 0.00000000]
- [1.35410380 0.70877742 0.00000000]
- [1.29502487 0.72018926 0.00000000]
- [1.23599277 0.73155625 0.00000000]
- [1.17704919 0.74260165 0.00000000]
- [1.11793136 0.75304943 0.00000000]
- [1.05866160 0.76347853 0.00000000]
- [0.99955315 0.77384383 0.00000000]
- [0.94042710 0.78347956 0.00000000]
- [0.88106354 0.79270153 0.00000000]
- [0.82159297 0.80188807 0.00000000]
- [0.76241853 0.81098365 0.00000000]
- [0.70307265 0.81881770 0.00000000]
- [0.64341360 0.82661317 0.00000000]
- [0.58388594 0.83433539 0.00000000]
- [0.52450205 0.84139845 0.00000000]
- [0.46487089 0.84754401 0.00000000]
- [0.40501806 0.85364264 0.00000000]
- [0.34553195 0.85962596 0.00000000]
- [0.28595980 0.86404229 0.00000000]
- [0.22560607 0.86262115 0.00000000]
- [0.17632959 0.86037008 0.00000000]
- [0.12786615 0.86325869 0.00000000]
- [0.06700345 0.86546932 0.00000000]
- [0.00573305 0.86743754 0.00000000]
- [-0.05500413 0.86915828 0.00000000]
- [-0.11564687 0.86902773 0.00000000]
- [-0.17686456 0.86831626 0.00000000]
- [-0.23759908 0.86746752 0.00000000]
- [-0.29800974 0.86462844 0.00000000]
- [-0.35900137 0.86085313 0.00000000]
- [-0.41954526 0.85695783 0.00000000]
- [-0.47957749 0.85089726 0.00000000]
- [-0.54016121 0.84369167 0.00000000]
- [-0.60014207 0.83630406 0.00000000]
- [-0.65949130 0.82620466 0.00000000]
- [-0.70515086 0.81771767 0.00000000]
- [-0.75150178 0.81468407 0.00000000]
- [-0.81036545 0.80709353 0.00000000]
- [-0.86807256 0.79210561 0.00000000]
- [-0.92538158 0.77671219 0.00000000]
- [-0.98170434 0.75852316 0.00000000]
- [-1.03802313 0.73920403 0.00000000]
- [-1.09335430 0.71854735 0.00000000]
- [-1.14782633 0.69511558 0.00000000]
- [-1.20189066 0.67107589 0.00000000]
- [-1.25436725 0.64402426 0.00000000]
- [-1.30641715 0.61587801 0.00000000]
- [-1.35675951 0.58532874 0.00000000]
- [-1.40608312 0.55289282 0.00000000]
- [-1.45377863 0.51854323 0.00000000]
- [-1.49967058 0.48181484 0.00000000]
- [-1.54378833 0.44313708 0.00000000]
- [-1.58550705 0.40222504 0.00000000]
- [-1.62459637 0.35872470 0.00000000]
- [-1.66126914 0.31384491 0.00000000]
- [-1.70118699 0.27062403 0.00000000]
- [-1.73858073 0.22496165 0.00000000]
- [-1.76245326 0.17178119 0.00000000]
- [-1.78004950 0.11632996 0.00000000]
- [-1.79184549 0.05935270 0.00000000]
- [-1.79682460 0.00165174 0.00000000]
- [-1.79209057 -0.05584139 0.00000000]
- [-1.77890328 -0.11227128 0.00000000]
- [-1.75933281 -0.16706302 0.00000000]
- [-1.73391235 -0.21944856 0.00000000]
- [-1.69452616 -0.26334848 0.00000000]
- [-1.65319563 -0.30366592 0.00000000]
- [-1.61670155 -0.34703398 0.00000000]
- [-1.57721663 -0.38823072 0.00000000]
- [-1.53601309 -0.42784954 0.00000000]
- [-1.49235033 -0.46500944 0.00000000]
- [-1.44758786 -0.50098104 0.00000000]
- [-1.40090076 -0.53438357 0.00000000]
- [-1.35302911 -0.56661750 0.00000000]
- [-1.30421937 -0.59695883 0.00000000]
- [-1.25386377 -0.62531128 0.00000000]
- [-1.20318637 -0.65275498 0.00000000]
- [-1.15103275 -0.67748980 0.00000000]
- [-1.09844956 -0.70174838 0.00000000]
- [-1.04522982 -0.72368683 0.00000000]
- [-0.99085797 -0.74410267 0.00000000]
- [-0.93658978 -0.76394066 0.00000000]
- [-0.88143957 -0.78091963 0.00000000]
- [-0.82406111 -0.79244468 0.00000000]
- [-0.76897005 -0.80268371 0.00000000]
- [-0.71039132 -0.81565948 0.00000000]
- [-0.65107336 -0.82858779 0.00000000]
- [-0.59227918 -0.84010697 0.00000000]
- [-0.53266313 -0.84918049 0.00000000]
- [-0.47267516 -0.85814187 0.00000000]
- [-0.41315561 -0.86553201 0.00000000]
- [-0.35295200 -0.87080631 0.00000000]
- [-0.29246084 -0.87595556 0.00000000]
- [-0.23252838 -0.87971384 0.00000000]
- [-0.17209928 -0.88140263 0.00000000]
- [-0.11123788 -0.88291930 0.00000000]
- [-0.05114820 -0.88362194 0.00000000]
- [0.00914371 -0.88180903 0.00000000]
- [0.07792337 -0.87955745 0.00000000]
- [0.14626155 -0.88156898 0.00000000]
- [0.20589163 -0.88164861 0.00000000]
- [0.26572286 -0.87637482 0.00000000]
- [0.32502216 -0.87102048 0.00000000]
- [0.38391425 -0.86340746 0.00000000]
- [0.44325357 -0.85498266 0.00000000]
- [0.50257131 -0.84644889 0.00000000]
- [0.56126633 -0.83723117 0.00000000]
- [0.61977199 -0.82589854 0.00000000]
- [0.67875282 -0.81437662 0.00000000]
- [0.73732744 -0.80281251 0.00000000]
- [0.79532958 -0.78968442 0.00000000]
- [0.85347909 -0.77546029 0.00000000]
- [0.91179107 -0.76108790 0.00000000]
- [0.96961826 -0.74656198 0.00000000]
- [1.02692549 -0.73029139 0.00000000]
- [1.08452378 -0.71344718 0.00000000]
- [1.14210084 -0.69652011 0.00000000]
- [1.19920971 -0.67925216 0.00000000]
- [1.25593397 -0.66056492 0.00000000]
- [1.31292357 -0.64154879 0.00000000]
- [1.36982693 -0.62249848 0.00000000]
- [1.42631611 -0.60304800 0.00000000]
- [1.48254161 -0.58252241 0.00000000]
- [1.53898762 -0.56183381 0.00000000]
- [1.59533107 -0.54112388 0.00000000]
- [1.65139134 -0.52005777 0.00000000]
- [1.70732516 -0.49838167 0.00000000]
- [1.76338122 -0.47661500 0.00000000]
- [1.81939265 -0.45483281 0.00000000]
- [1.87530510 -0.43289154 0.00000000]
- [1.93119719 -0.41077877 0.00000000]
- [1.98671132 -0.38880544 0.00000000]
- [2.04228432 -0.36680920 0.00000000]
- [2.09797825 -0.34502460 0.00000000]
- [2.15367095 -0.32339070 0.00000000]
- [2.20936164 -0.30177788 0.00000000]
- [2.26526838 -0.28019184 0.00000000]
- [2.32148901 -0.25932317 0.00000000]
- [2.37762931 -0.23876437 0.00000000]
- [2.43383242 -0.21823910 0.00000000]
- [2.49046669 -0.19803993 0.00000000]
- [2.54744112 -0.17903001 0.00000000]
- [2.60420275 -0.16028287 0.00000000]
- [2.66126204 -0.14154427 0.00000000]
- [2.71890334 -0.12398254 0.00000000]
- [2.77652902 -0.10739068 0.00000000]
- [2.83413355 -0.09092173 0.00000000]
- [2.89240405 -0.07500723 0.00000000]
- [2.95107730 -0.06117312 0.00000000]
- [3.00931997 -0.04762889 0.00000000]
- [3.06820065 -0.03412815 0.00000000]
- [3.12763009 -0.02319039 0.00000000]
- [3.18656400 -0.01261828 0.00000000]
- [3.24602596 -0.00236953 0.00000000]
- [3.30587078 0.00578593 0.00000000]
- [3.36644631 0.00458042 0.00000000]
- [3.42813802 0.00301179 0.00000000]
- [3.48901651 0.00742182 0.00000000]
- [3.54979337 0.01148512 0.00000000]
- [3.61081128 0.01409588 0.00000000]
- [3.67178219 0.01471182 0.00000000]
- [3.73281233 0.01492770 0.00000000]
- [3.79381391 0.01257683 0.00000000]
- [3.85474399 0.00968715 0.00000000]
- [3.91559811 0.00471021 0.00000000]
- [3.97634624 -0.00142948 0.00000000]
- [4.03689754 -0.00959268 0.00000000]
- [4.09718339 -0.01940288 0.00000000]
- [4.15708509 -0.03090901 0.00000000]
- [4.20604694 -0.04589570 0.00000000]
- [1.93553663 -0.34945880 0.00000000]
- [1.93987608 -0.28813884 0.00000000]
- [1.94421552 -0.22681887 0.00000000]
- [1.94855497 -0.16549891 0.00000000]
- [1.95289442 -0.10417894 0.00000000]
- [1.95723386 -0.04285898 0.00000000]
- [1.96157331 0.01846099 0.00000000]
- [1.96591275 0.07978095 0.00000000]
- [1.97025220 0.14110092 0.00000000]
- [1.97459165 0.20242088 0.00000000]
- [1.97893109 0.26374085 0.00000000]
- [1.98327054 0.32506081 0.00000000]
- [1.98760998 0.38638078 0.00000000]
- [1.99194943 0.44770074 0.00000000]
- [1.99628888 0.50902071 0.00000000]
- [-0.76491528 -0.74235451 0.00000000]
- [-0.76086051 -0.68202531 0.00000000]
- [-0.75680574 -0.62169611 0.00000000]
- [-0.75275097 -0.56136691 0.00000000]
- [-0.74869621 -0.50103772 0.00000000]
- [-0.74464144 -0.44070852 0.00000000]
- [-0.74058667 -0.38037932 0.00000000]
- [-0.73653190 -0.32005012 0.00000000]
- [-0.73247713 -0.25972092 0.00000000]
- [-0.72842236 -0.19939172 0.00000000]
- [-0.72436760 -0.13906252 0.00000000]
- [-0.72031283 -0.07873332 0.00000000]
- [-0.71625806 -0.01840412 0.00000000]
- [-0.71220329 0.04192507 0.00000000]
- [-0.70814852 0.10225427 0.00000000]
- [-0.70409375 0.16258347 0.00000000]
- [-0.70003898 0.22291267 0.00000000]
- [-0.69598422 0.28324187 0.00000000]
- [-0.69192945 0.34357107 0.00000000]
- [-0.68787468 0.40390027 0.00000000]
- [-0.68381991 0.46422947 0.00000000]
- [-0.67976514 0.52455867 0.00000000]
- [-0.67571037 0.58488786 0.00000000]
- [-0.67165560 0.64521706 0.00000000]
- [-0.66760084 0.70554626 0.00000000]
- [-0.66354607 0.76587546 0.00000000]
- [0.01323759 -0.82163428 0.00000000]
- [0.01733146 -0.76145953 0.00000000]
- [0.02142534 -0.70128478 0.00000000]
- [0.02551922 -0.64111003 0.00000000]
- [0.02961309 -0.58093528 0.00000000]
- [0.03370697 -0.52076053 0.00000000]
- [0.03780085 -0.46058578 0.00000000]
- [0.04189473 -0.40041104 0.00000000]
- [0.04598860 -0.34023629 0.00000000]
- [0.05008248 -0.28006154 0.00000000]
- [0.05417636 -0.21988679 0.00000000]
- [0.05827024 -0.15971204 0.00000000]
- [0.06236411 -0.09953729 0.00000000]
- [0.06645799 -0.03936254 0.00000000]
- [0.07055187 0.02081221 0.00000000]
- [0.07464575 0.08098695 0.00000000]
- [0.07873962 0.14116170 0.00000000]
- [0.08283350 0.20133645 0.00000000]
- [0.08692738 0.26151120 0.00000000]
- [0.09102126 0.32168595 0.00000000]
- [0.09511513 0.38186070 0.00000000]
- [0.09920901 0.44203545 0.00000000]
- [0.10330289 0.50221020 0.00000000]
- [0.10739677 0.56238494 0.00000000]
- [0.11149064 0.62255969 0.00000000]
- [0.11558452 0.68273444 0.00000000]
- [0.11967840 0.74290919 0.00000000]
- [0.12377227 0.80308394 0.00000000]
elements:
- [1 2]
- [2 3]
- [3 4]
- [4 5]
- [5 6]
- [6 7]
- [7 8]
- [8 9]
- [9 10]
- [10 11]
- [11 12]
- [12 13]
- [13 14]
- [14 15]
- [15 16]
- [16 17]
- [17 18]
- [18 19]
- [19 20]
- [20 21]
- [21 22]
- [22 23]
- [23 24]
- [24 25]
- [25 26]
- [26 27]
- [27 28]
- [28 29]
- [29 30]
- [30 31]
- [31 32]
- [32 33]
- [33 34]
- [34 35]
- [35 36]
- [36 37]
- [37 38]
- [38 39]
- [39 40]
- [40 41]
- [41 42]
- [42 43]
- [43 44]
- [44 45]
- [45 46]
- [46 47]
- [47 48]
- [48 49]
- [49 50]
- [50 51]
- [51 52]
- [52 53]
- [53 54]
- [54 55]
- [55 56]
- [56 57]
- [57 58]
- [58 59]
- [59 60]
- [60 61]
- [61 62]
- [62 63]
- [63 64]
- [64 65]
- [65 66]
- [66 67]
- [67 68]
- [68 69]
- [69 70]
- [70 71]
- [71 72]
- [72 73]
- [73 74]
- [74 75]
- [75 76]
- [76 77]
- [77 78]
- [78 79]
- [79 80]
- [80 81]
- [81 82]
- [82 83]
- [83 84]
- [84 85]
- [85 86]
- [86 87]
- [87 88]
- [88 89]
- [89 90]
- [90 91]
- [91 92]
- [92 93]
- [93 94]
- [94 95]
- [95 96]
- [96 97]
- [97 98]
- [98 99]
- [99 100]
- [100 101]
- [101 102]
- [102 103]
- [103 104]
- [104 105]
- [105 106]
- [106 107]
- [107 108]
- [108 109]
- [109 110]
- [110 111]
- [111 112]
- [112 113]
- [113 114]
- [114 115]
- [115 116]
- [116 117]
- [117 118]
- [118 119]
- [119 120]
- [120 121]
- [121 122]
- [122 123]
- [123 124]
- [124 125]
- [125 126]
- [126 127]
- [127 128]
- [128 129]
- [129 130]
- [130 131]
- [131 132]
- [132 133]
- [133 134]
- [134 135]
- [135 136]
- [136 137]
- [137 138]
- [138 139]
- [139 140]
- [140 141]
- [141 142]
- [142 143]
- [143 144]
- [144 145]
- [145 146]
- [146 147]
- [147 148]
- [148 149]
- [149 150]
- [150 151]
- [151 152]
- [152 153]
- [153 154]
- [154 155]
- [155 156]
- [156 157]
- [157 158]
- [158 159]
- [159 160]
- [160 161]
- [161 162]
- [162 163]
- [163 164]
- [164 165]
- [165 166]
- [166 167]
- [167 168]
- [168 169]
- [169 170]
- [170 171]
- [171 172]
- [172 173]
- [173 174]
- [174 175]
- [175 176]
- [176 177]
- [177 178]
- [178 179]
- [179 180]
- [180 181]
- [181 182]
- [182 183]
- [183 184]
- [184 185]
- [185 186]
- [186 187]
- [187 188]
- [188 189]
- [189 190]
- [190 191]
- [191 192]
- [192 193]
- [193 194]
- [194 195]
- [195 196]
- [196 197]
- [197 198]
- [198 199]
- [199 200]
- [200 201]
- [201 202]
- [202 203]
- [203 204]
- [204 205]
- [205 206]
- [206 207]
- [207 208]
- [208 209]
- [209 210]
- [210 211]
- [211 212]
- [212 213]
- [213 214]
- [214 215]
- [215 216]
- [216 217]
- [217 218]
- [218 219]
- [219 1]
- [180 220]
- [220 221]
- [221 222]
- [222 223]
- [223 224]
- [224 225]
- [225 226]
- [226 227]
- [227 228]
- [228 229]
- [229 230]
- [230 231]
- [231 232]
- [232 233]
- [233 234]
- [234 39]
- [134 235]
- [235 236]
- [236 237]
- [237 238]
- [238 239]
- [239 240]
- [240 241]
- [241 242]
- [242 243]
- [243 244]
- [244 245]
- [245 246]
- [246 247]
- [247 248]
- [248 249]
- [249 250]
- [250 251]
- [251 252]
- [252 253]
- [253 254]
- [254 255]
- [255 256]
- [256 257]
- [257 258]
- [258 259]
- [259 260]
- [260 84]
- [147 261]
- [261 262]
- [262 263]
- [263 264]
- [264 265]
- [265 266]
- [266 267]
- [267 268]
- [268 269]
- [269 270]
- [270 271]
- [271 272]
- [272 273]
- [273 274]
- [274 275]
- [275 276]
- [276 277]
- [277 278]
- [278 279]
- [279 280]
- [280 281]
- [281 282]
- [282 283]
- [283 284]
- [284 285]
- [285 286]
- [286 287]
- [287 288]
- [288 71]
sets:
  element:
  - name: layup_0
    labels:
    - 1
    - 2
    - 3
    - 4
    - 5
    - 6
    - 7
    - 8
    - 9
    - 10
    - 11
    - 12
    - 13
    - 14
    - 205
    - 206
    - 207
    - 208
    - 209
    - 210
    - 211
    - 212
    - 213
    - 214
    - 215
    - 216
    - 217
    - 218
    - 219
  - name: layup_1
    labels:
    - 15
    - 16
    - 17
    - 18
    - 19
    - 20
    - 21
    - 22
    - 23
    - 24
    - 25
    - 26
    - 27
    - 28
    - 29
    - 30
    - 31
    - 32
    - 33
    - 34
    - 35
    - 36
    - 37
    - 38
    - 39
    - 40
    - 41
    - 42
    - 43
    - 44
    - 45
    - 46
    - 47
    - 48
    - 49
    - 50
    - 51
    - 52
    - 53
    - 54
    - 55
    - 56
    - 57
    - 58
    - 59
    - 60
    - 61
    - 62
    - 63
    - 64
    - 65
    - 66
    - 67
    - 68
    - 86
    - 87
    - 88
    - 89
    - 90
    - 91
    - 92
    - 93
    - 94
    - 95
    - 96
    - 97
    - 98
    - 99
    - 100
    - 101
    - 102
    - 103
    - 104
    - 115
    - 116
    - 117
    - 118
    - 119
    - 120
    - 121
    - 122
    - 123
    - 124
    - 125
    - 126
    - 127
    - 128
    - 129
    - 130
    - 131
    - 132
    - 149
    - 150
    - 151
    - 152
    - 153
    - 154
    - 155
    - 156
    - 157
    - 158
    - 159
    - 160
    - 161
    - 162
    - 163
    - 164
    - 165
    - 166
    - 167
    - 168
    - 169
    - 170
    - 171
    - 172
    - 173
    - 174
    - 175
    - 176
    - 177
    - 178
    - 179
    - 180
    - 181
    - 182
    - 183
    - 184
    - 185
    - 186
    - 187
    - 188
    - 189
    - 190
    - 191
    - 192
    - 193
    - 194
    - 195
    - 196
    - 197
    - 198
    - 199
    - 200
    - 201
    - 202
    - 203
    - 204
  - name: layup_2
    labels:
    - 69
    - 70
    - 71
    - 72
    - 73
    - 74
    - 75
    - 76
    - 77
    - 78
    - 79
    - 80
    - 81
    - 82
    - 83
    - 84
    - 85
  - name: layup_3
    labels:
    - 105
    - 106
    - 107
    - 108
    - 109
    - 110
    - 111
    - 112
    - 113
    - 114
  - name: layup_4
    labels:
    - 133
    - 134
    - 135
    - 136
    - 137
    - 138
    - 139
    - 140
    - 141
    - 142
    - 143
    - 144
    - 145
    - 146
    - 147
    - 148
  - name: layup_5
    labels:
    - 220
    - 221
    - 222
    - 223
    - 224
    - 225
    - 226
    - 227
    - 228
    - 229
    - 230
    - 231
    - 232
    - 233
    - 234
    - 235
    - 236
    - 237
    - 238
    - 239
    - 240
    - 241
    - 242
    - 243
    - 244
    - 245
    - 246
    - 247
    - 248
    - 249
    - 250
    - 251
    - 252
    - 253
    - 254
    - 255
    - 256
    - 257
    - 258
    - 259
    - 260
    - 261
    - 262
    - 263
    - 264
    - 265
    - 266
    - 267
    - 268
    - 269
    - 270
    - 271
    - 272
    - 273
    - 274
    - 275
    - 276
    - 277
    - 278
    - 279
    - 280
    - 281
    - 282
    - 283
    - 284
    - 285
    - 286
    - 287
    - 288
    - 289
    - 290
    - 291
sections:
- type: shell
  elementSet: layup_0
  layup:
  - - gelcoat
    - 0.0005
    - 0.0
  - - glass_triax
    - 0.003
    - 0.0
  - - glass_uniax
    - 0.01885207
    - 0.0
  - - glass_triax
    - 0.003
    - 0.0
- type: shell
  elementSet: layup_1
  layup:
  - - gelcoat
    - 0.0005
    - 0.0
  - - glass_triax
    - 0.003
    - 0.0
  - - medium_density_foam
    - 0.05375
    - 0.0
  - - glass_triax
    - 0.003
    - 0.0
- type: shell
  elementSet: layup_2
  layup:
  - - gelcoat
    - 0.0005
    - 0.0
  - - glass_triax
    - 0.003
    - 0.0
  - - carbon_uniax
    - 0.07617339
    - 0.0
  - - glass_triax
    - 0.003
    - 0.0
- type: shell
  elementSet: layup_3
  layup:
  - - gelcoat
    - 0.0005
    - 0.0
  - - glass_triax
    - 0.003
    - 0.0
  - - glass_uniax
    - 0.01524556
    - 0.0
  - - glass_triax
    - 0.003
    - 0.0
- type: shell
  elementSet: layup_4
  layup:
  - - gelcoat
    - 0.0005
    - 0.0
  - - glass_triax
    - 0.003
    - 0.0
  - - carbon_uniax
    - 0.07417077
    - 0.0
  - - glass_triax
    - 0.003
    - 0.0
- type: shell
  elementSet: layup_5
  layup:
  - - glass_biax
    - 0.002
    - 0.0
  - - medium_density_foam
    - 0.0348
    - 0.0
  - - glass_biax
    - 0.002
    - 0.0
elementOrientations:
- [0.0, 0.0, 1.0, -0.9829283174420029, 0.18398892023878255, 0.0, -0.18398892023878255,
  -0.9829283174420029, 0.0]
- [0.0, 0.0, 1.0, -0.972418920379072, 0.23324116979812978, 0.0, -0.23324116979812978,
  -0.972418920379072, 0.0]
- [0.0, 0.0, 1.0, -0.9728876985206352, 0.23127802763605074, 0.0, -0.23127802763605074,
  -0.9728876985206352, 0.0]
- [0.0, 0.0, 1.0, -0.9729966398495146, 0.230819277447864, 0.0, -0.230819277447864,
  -0.9729966398495146, 0.0]
- [0.0, 0.0, 1.0, -0.9730654896086017, 0.23052885488105856, 0.0, -0.23052885488105856,
  -0.9730654896086017, 0.0]
- [0.0, 0.0, 1.0, -0.9728937149586928, 0.23125271759240798, 0.0, -0.23125271759240798,
  -0.9728937149586928, 0.0]
- [0.0, 0.0, 1.0, -0.9723727683546274, 0.23343350094268395, 0.0, -0.23343350094268395,
  -0.9723727683546274, 0.0]
- [0.0, 0.0, 1.0, -0.9723141717256318, 0.2336774517609658, 0.0, -0.2336774517609658,
  -0.9723141717256318, 0.0]
- [0.0, 0.0, 1.0, -0.9712727262818148, 0.23796909711366054, 0.0, -0.23796909711366054,
  -0.9712727262818148, 0.0]
- [0.0, 0.0, 1.0, -0.9711134865811341, 0.23861809692526156, 0.0, -0.23861809692526156,
  -0.9711134865811341, 0.0]
- [0.0, 0.0, 1.0, -0.9708401228880769, 0.23972787862629522, 0.0, -0.23972787862629522,
  -0.9708401228880769, 0.0]
- [0.0, 0.0, 1.0, -0.9703974084674225, 0.24151370486933077, 0.0, -0.24151370486933077,
  -0.9703974084674225, 0.0]
- [0.0, 0.0, 1.0, -0.9703804527456379, 0.2415818224311816, 0.0, -0.2415818224311816,
  -0.9703804527456379, 0.0]
- [0.0, 0.0, 1.0, -0.9947070809122831, 0.10275126852241137, 0.0, -0.10275126852241137,
  -0.9947070809122831, 0.0]
- [0.0, 0.0, 1.0, -0.9949566663968976, 0.10030569272166238, 0.0, -0.10030569272166238,
  -0.9949566663968976, 0.0]
- [0.0, 0.0, 1.0, -0.9697436787512849, 0.24412537254846067, 0.0, -0.24412537254846067,
  -0.9697436787512849, 0.0]
- [0.0, 0.0, 1.0, -0.9694983455338932, 0.24509785394214217, 0.0, -0.24509785394214217,
  -0.9694983455338932, 0.0]
- [0.0, 0.0, 1.0, -0.9694272438526443, 0.24537892916113546, 0.0, -0.24537892916113546,
  -0.9694272438526443, 0.0]
- [0.0, 0.0, 1.0, -0.9694059285397533, 0.24546312495358416, 0.0, -0.24546312495358416,
  -0.9694059285397533, 0.0]
- [0.0, 0.0, 1.0, -0.9694657694334273, 0.24522667452145727, 0.0, -0.24522667452145727,
  -0.9694657694334273, 0.0]
- [0.0, 0.0, 1.0, -0.9695510684571829, 0.2448892109782202, 0.0, -0.2448892109782202,
  -0.9695510684571829, 0.0]
- [0.0, 0.0, 1.0, -0.9695378119990277, 0.24494168919181153, 0.0, -0.24494168919181153,
  -0.9695378119990277, 0.0]
- [0.0, 0.0, 1.0, -0.9696396136406019, 0.24453838074810283, 0.0, -0.24453838074810283,
  -0.9696396136406019, 0.0]
- [0.0, 0.0, 1.0, -0.9698400631872267, 0.24374218313003634, 0.0, -0.24374218313003634,
  -0.9698400631872267, 0.0]
- [0.0, 0.0, 1.0, -0.9698592643577669, 0.24366576973266335, 0.0, -0.24366576973266335,
  -0.9698592643577669, 0.0]
- [0.0, 0.0, 1.0, -0.9699042817694516, 0.24348651750206654, 0.0, -0.24348651750206654,
  -0.9699042817694516, 0.0]
- [0.0, 0.0, 1.0, -0.9704437253644551, 0.24132752826969003, 0.0, -0.24132752826969003,
  -0.9704437253644551, 0.0]
- [0.0, 0.0, 1.0, -0.9705492932647165, 0.24090261381595549, 0.0, -0.24090261381595549,
  -0.9705492932647165, 0.0]
- [0.0, 0.0, 1.0, -0.9705850210336364, 0.2407586279765186, 0.0, -0.2407586279765186,
  -0.9705850210336364, 0.0]
- [0.0, 0.0, 1.0, -0.9710508503608903, 0.238872865795577, 0.0, -0.238872865795577,
  -0.9710508503608903, 0.0]
- [0.0, 0.0, 1.0, -0.9717105712079502, 0.23617486276638153, 0.0, -0.23617486276638153,
  -0.9717105712079502, 0.0]
- [0.0, 0.0, 1.0, -0.9717596179919674, 0.23597297480878088, 0.0, -0.23597297480878088,
  -0.9717596179919674, 0.0]
- [0.0, 0.0, 1.0, -0.9718747920140408, 0.23549817121936395, 0.0, -0.23549817121936395,
  -0.9718747920140408, 0.0]
- [0.0, 0.0, 1.0, -0.9728037807649148, 0.23163074953357882, 0.0, -0.23163074953357882,
  -0.9728037807649148, 0.0]
- [0.0, 0.0, 1.0, -0.9731744755602627, 0.23006833793029324, 0.0, -0.23006833793029324,
  -0.9731744755602627, 0.0]
- [0.0, 0.0, 1.0, -0.9732537958396432, 0.22973255947672247, 0.0, -0.22973255947672247,
  -0.9732537958396432, 0.0]
- [0.0, 0.0, 1.0, -0.9736235161619664, 0.22816057673579224, 0.0, -0.22816057673579224,
  -0.9736235161619664, 0.0]
- [0.0, 0.0, 1.0, -0.9748208288191137, 0.22298957756006513, 0.0, -0.22298957756006513,
  -0.9748208288191137, 0.0]
- [0.0, 0.0, 1.0, -0.9749916112036772, 0.22224166594600941, 0.0, -0.22224166594600941,
  -0.9749916112036772, 0.0]
- [0.0, 0.0, 1.0, -0.9750766265018388, 0.22186836739335666, 0.0, -0.22186836739335666,
  -0.9750766265018388, 0.0]
- [0.0, 0.0, 1.0, -0.9759236534527849, 0.21811240824714373, 0.0, -0.21811240824714373,
  -0.9759236534527849, 0.0]
- [0.0, 0.0, 1.0, -0.976929790236679, 0.21356072894640138, 0.0, -0.21356072894640138,
  -0.976929790236679, 0.0]
- [0.0, 0.0, 1.0, -0.9770222064761503, 0.21313753318567472, 0.0, -0.21313753318567472,
  -0.9770222064761503, 0.0]
- [0.0, 0.0, 1.0, -0.9771352277455193, 0.2126187825633287, 0.0, -0.2126187825633287,
  -0.9771352277455193, 0.0]
- [0.0, 0.0, 1.0, -0.9786371004386948, 0.20559529577532676, 0.0, -0.20559529577532676,
  -0.9786371004386948, 0.0]
- [0.0, 0.0, 1.0, -0.9793095325714238, 0.20236807904098725, 0.0, -0.20236807904098725,
  -0.9793095325714238, 0.0]
- [0.0, 0.0, 1.0, -0.9793749808074665, 0.2020510998939985, 0.0, -0.2020510998939985,
  -0.9793749808074665, 0.0]
- [0.0, 0.0, 1.0, -0.9797028507028972, 0.2004552925832009, 0.0, -0.2004552925832009,
  -0.9797028507028972, 0.0]
- [0.0, 0.0, 1.0, -0.9815902650244517, 0.1909988261985576, 0.0, -0.1909988261985576,
  -0.9815902650244517, 0.0]
- [0.0, 0.0, 1.0, -0.9818504431409204, 0.18965681454663957, 0.0, -0.18965681454663957,
  -0.9818504431409204, 0.0]
- [0.0, 0.0, 1.0, -0.9819611919626979, 0.18908256788820474, 0.0, -0.18908256788820474,
  -0.9819611919626979, 0.0]
- [0.0, 0.0, 1.0, -0.9828918651151638, 0.18418355380010062, 0.0, -0.18418355380010062,
  -0.9828918651151638, 0.0]
- [0.0, 0.0, 1.0, -0.9847401662642676, 0.17403104592520974, 0.0, -0.17403104592520974,
  -0.9847401662642676, 0.0]
- [0.0, 0.0, 1.0, -0.9848694995585641, 0.17329763079529878, 0.0, -0.17329763079529878,
  -0.9848694995585641, 0.0]
- [0.0, 0.0, 1.0, -0.9849700889203229, 0.17272499509998882, 0.0, -0.17272499509998882,
  -0.9849700889203229, 0.0]
- [0.0, 0.0, 1.0, -0.9869792908334196, 0.16084737941900096, 0.0, -0.16084737941900096,
  -0.9869792908334196, 0.0]
- [0.0, 0.0, 1.0, -0.9881477007331658, 0.1535060960866301, 0.0, -0.1535060960866301,
  -0.9881477007331658, 0.0]
- [0.0, 0.0, 1.0, -0.9882785584146754, 0.15266136046102544, 0.0, -0.15266136046102544,
  -0.9882785584146754, 0.0]
- [0.0, 0.0, 1.0, -0.9883922171130434, 0.15192374781568002, 0.0, -0.15192374781568002,
  -0.9883922171130434, 0.0]
- [0.0, 0.0, 1.0, -0.9913993585005799, 0.13087135654771298, 0.0, -0.13087135654771298,
  -0.9913993585005799, 0.0]
- [0.0, 0.0, 1.0, -0.9915708687457909, 0.1295654747790378, 0.0, -0.1295654747790378,
  -0.9915708687457909, 0.0]
- [0.0, 0.0, 1.0, -0.9916904485397009, 0.12864701424878366, 0.0, -0.12864701424878366,
  -0.9916904485397009, 0.0]
- [0.0, 0.0, 1.0, -0.9930009337880071, 0.11810650065151314, 0.0, -0.11810650065151314,
  -0.9930009337880071, 0.0]
- [0.0, 0.0, 1.0, -0.9947312910762411, 0.10251662574331262, 0.0, -0.10251662574331262,
  -0.9947312910762411, 0.0]
- [0.0, 0.0, 1.0, -0.9948489060030881, 0.1013689016634726, 0.0, -0.1013689016634726,
  -0.9948489060030881, 0.0]
- [0.0, 0.0, 1.0, -0.9949795450423928, 0.10007849392967973, 0.0, -0.10007849392967973,
  -0.9949795450423928, 0.0]
- [0.0, 0.0, 1.0, -0.9972633463716339, 0.07393117058217458, 0.0, -0.07393117058217458,
  -0.9972633463716339, 0.0]
- [0.0, 0.0, 1.0, -0.9997228875210438, -0.02354035187898885, 0.0, 0.02354035187898885,
  -0.9997228875210438, 0.0]
- [0.0, 0.0, 1.0, -0.9989581911533041, -0.045634771038308715, 0.0, 0.045634771038308715,
  -0.9989581911533041, 0.0]
- [0.0, 0.0, 1.0, -0.9982284090678369, 0.059498263251082935, 0.0, -0.059498263251082935,
  -0.9982284090678369, 0.0]
- [0.0, 0.0, 1.0, -0.9993410221091672, 0.03629767939972209, 0.0, -0.03629767939972209,
  -0.9993410221091672, 0.0]
- [0.0, 0.0, 1.0, -0.9994844370047686, 0.032107011465730674, 0.0, -0.032107011465730674,
  -0.9994844370047686, 0.0]
- [0.0, 0.0, 1.0, -0.9995989224131391, 0.02831950406506363, 0.0, -0.02831950406506363,
  -0.9995989224131391, 0.0]
- [0.0, 0.0, 1.0, -0.9999976826561014, -0.002152831258334911, 0.0, 0.002152831258334911,
  -0.9999976826561014, 0.0]
- [0.0, 0.0, 1.0, -0.9999324732225064, -0.01162105826169104, 0.0, 0.01162105826169104,
  -0.9999324732225064, 0.0]
- [0.0, 0.0, 1.0, -0.9999023685533209, -0.013973308894423617, 0.0, 0.013973308894423617,
  -0.9999023685533209, 0.0]
- [0.0, 0.0, 1.0, -0.9988974958713722, -0.04694457095236748, 0.0, 0.04694457095236748,
  -0.9988974958713722, 0.0]
- [0.0, 0.0, 1.0, -0.9980897583128092, -0.061780533755203954, 0.0, 0.061780533755203954,
  -0.9980897583128092, 0.0]
- [0.0, 0.0, 1.0, -0.9979366845796187, -0.06420571290966816, 0.0, 0.06420571290966816,
  -0.9979366845796187, 0.0]
- [0.0, 0.0, 1.0, -0.9949426433553195, -0.10044469340452683, 0.0, 0.10044469340452683,
  -0.9949426433553195, 0.0]
- [0.0, 0.0, 1.0, -0.993001264334581, -0.11810372149057599, 0.0, 0.11810372149057599,
  -0.993001264334581, 0.0]
- [0.0, 0.0, 1.0, -0.9925002806771606, -0.12224235295411165, 0.0, 0.12224235295411165,
  -0.9925002806771606, 0.0]
- [0.0, 0.0, 1.0, -0.9858283017628616, -0.16775744228901532, 0.0, 0.16775744228901532,
  -0.9858283017628616, 0.0]
- [0.0, 0.0, 1.0, -0.9831602967470265, -0.18274526231970778, 0.0, 0.18274526231970778,
  -0.9831602967470265, 0.0]
- [0.0, 0.0, 1.0, -0.9978650942848385, -0.06530890910059926, 0.0, 0.06530890910059926,
  -0.9978650942848385, 0.0]
- [0.0, 0.0, 1.0, -0.991788064927326, -0.12789227602834427, 0.0, 0.12789227602834427,
  -0.991788064927326, 0.0]
- [0.0, 0.0, 1.0, -0.967887558414394, -0.251383520276535, 0.0, 0.251383520276535,
  -0.967887558414394, 0.0]
- [0.0, 0.0, 1.0, -0.9657675896250079, -0.2594088719182565, 0.0, 0.2594088719182565,
  -0.9657675896250079, 0.0]
- [0.0, 0.0, 1.0, -0.9516078865206162, -0.3073148716085279, 0.0, 0.3073148716085279,
  -0.9516078865206162, 0.0]
- [0.0, 0.0, 1.0, -0.9458952619810072, -0.3244721149218866, 0.0, 0.3244721149218866,
  -0.9458952619810072, 0.0]
- [0.0, 0.0, 1.0, -0.9368431235373744, -0.34974985615541837, 0.0, 0.34974985615541837,
  -0.9368431235373744, 0.0]
- [0.0, 0.0, 1.0, -0.9186153541603913, -0.39515292115936435, 0.0, 0.39515292115936435,
  -0.9186153541603913, 0.0]
- [0.0, 0.0, 1.0, -0.9137419423311358, -0.4062950440565616, 0.0, 0.4062950440565616,
  -0.9137419423311358, 0.0]
- [0.0, 0.0, 1.0, -0.8888487202979687, -0.45820077741604, 0.0, 0.45820077741604, -0.8888487202979687,
  0.0]
- [0.0, 0.0, 1.0, -0.8796275434086454, -0.47566310018422886, 0.0, 0.47566310018422886,
  -0.8796275434086454, 0.0]
- [0.0, 0.0, 1.0, -0.8549060500706643, -0.5187828500948878, 0.0, 0.5187828500948878,
  -0.8549060500706643, 0.0]
- [0.0, 0.0, 1.0, -0.835524577152661, -0.549453074405692, 0.0, 0.549453074405692,
  -0.835524577152661, 0.0]
- [0.0, 0.0, 1.0, -0.811463207673341, -0.5844035100788599, 0.0, 0.5844035100788599,
  -0.811463207673341, 0.0]
- [0.0, 0.0, 1.0, -0.7807456849343326, -0.6248489221055118, 0.0, 0.6248489221055118,
  -0.7807456849343326, 0.0]
- [0.0, 0.0, 1.0, -0.7519451164274191, -0.6592257139106114, 0.0, 0.6592257139106114,
  -0.7519451164274191, 0.0]
- [0.0, 0.0, 1.0, -0.7139758863631859, -0.7001702890668121, 0.0, 0.7001702890668121,
  -0.7139758863631859, 0.0]
- [0.0, 0.0, 1.0, -0.6683884412035966, -0.74381240354368, 0.0, 0.74381240354368, -0.6683884412035966,
  0.0]
- [0.0, 0.0, 1.0, -0.6327512477054444, -0.7743551242984082, 0.0, 0.7743551242984082,
  -0.6327512477054444, 0.0]
- [0.0, 0.0, 1.0, -0.6784788274114596, -0.7346199566812563, 0.0, 0.7346199566812563,
  -0.6784788274114596, 0.0]
- [0.0, 0.0, 1.0, -0.6335788018767061, -0.7736781642339906, 0.0, 0.7736781642339906,
  -0.6335788018767061, 0.0]
- [0.0, 0.0, 1.0, -0.4095273881280962, -0.9122978232863321, 0.0, 0.9122978232863321,
  -0.4095273881280962, 0.0]
- [0.0, 0.0, 1.0, -0.3024648217893885, -0.9531605486904676, 0.0, 0.9531605486904676,
  -0.3024648217893885, 0.0]
- [0.0, 0.0, 1.0, -0.20273070387554554, -0.9792345284486887, 0.0, 0.9792345284486887,
  -0.20273070387554554, 0.0]
- [0.0, 0.0, 1.0, -0.08597204931411018, -0.9962975492977648, 0.0, 0.9962975492977648,
  -0.08597204931411018, 0.0]
- [0.0, 0.0, 1.0, 0.08206292095381351, -0.9966271504452043, 0.0, 0.9966271504452043,
  0.08206292095381351, 0.0]
- [0.0, 0.0, 1.0, 0.22756217332206358, -0.9737635530625179, 0.0, 0.9737635530625179,
  0.22756217332206358, 0.0]
- [0.0, 0.0, 1.0, 0.33636671190381023, -0.9417310842926547, 0.0, 0.9417310842926547,
  0.33636671190381023, 0.0]
- [0.0, 0.0, 1.0, 0.4365711337951483, -0.8996697422592463, 0.0, 0.8996697422592463,
  0.4365711337951483, 0.0]
- [0.0, 0.0, 1.0, 0.6678048513688807, -0.7443364027697336, 0.0, 0.7443364027697336,
  0.6678048513688807, 0.0]
- [0.0, 0.0, 1.0, 0.7158254644417085, -0.6982792453286955, 0.0, 0.6982792453286955,
  0.7158254644417085, 0.0]
- [0.0, 0.0, 1.0, 0.6438633294034226, -0.7651405184994059, 0.0, 0.7651405184994059,
  0.6438633294034226, 0.0]
- [0.0, 0.0, 1.0, 0.6919484046689143, -0.721946954613803, 0.0, 0.721946954613803,
  0.6919484046689143, 0.0]
- [0.0, 0.0, 1.0, 0.7208326728605652, -0.693109123974496, 0.0, 0.693109123974496,
  0.7208326728605652, 0.0]
- [0.0, 0.0, 1.0, 0.7615386168310153, -0.6481195376434072, 0.0, 0.6481195376434072,
  0.7615386168310153, 0.0]
- [0.0, 0.0, 1.0, 0.7794939389865634, -0.6264097693069703, 0.0, 0.6264097693069703,
  0.7794939389865634, 0.0]
- [0.0, 0.0, 1.0, 0.8132833772166341, -0.5818678100248424, 0.0, 0.5818678100248424,
  0.8132833772166341, 0.0]
- [0.0, 0.0, 1.0, 0.8294863145907572, -0.5585270395483494, 0.0, 0.5585270395483494,
  0.8294863145907572, 0.0]
- [0.0, 0.0, 1.0, 0.8492842491734862, -0.527935852264106, 0.0, 0.527935852264106,
  0.8492842491734862, 0.0]
- [0.0, 0.0, 1.0, 0.8713727311384724, -0.490621609214555, 0.0, 0.490621609214555,
  0.8713727311384724, 0.0]
- [0.0, 0.0, 1.0, 0.8793396020855829, -0.4761951954860199, 0.0, 0.4761951954860199,
  0.8793396020855829, 0.0]
- [0.0, 0.0, 1.0, 0.9035334796191917, -0.4285175039683161, 0.0, 0.4285175039683161,
  0.9035334796191917, 0.0]
- [0.0, 0.0, 1.0, 0.9080289324980355, -0.4189074572581373, 0.0, 0.4189074572581373,
  0.9080289324980355, 0.0]
- [0.0, 0.0, 1.0, 0.9245285591316691, -0.3811127698594208, 0.0, 0.3811127698594208,
  0.9245285591316691, 0.0]
- [0.0, 0.0, 1.0, 0.9361796747644239, -0.35152185786658785, 0.0, 0.35152185786658785,
  0.9361796747644239, 0.0]
- [0.0, 0.0, 1.0, 0.9392133852060852, -0.34333397304916663, 0.0, 0.34333397304916663,
  0.9392133852060852, 0.0]
- [0.0, 0.0, 1.0, 0.9557318757081319, -0.29423898748367106, 0.0, 0.29423898748367106,
  0.9557318757081319, 0.0]
- [0.0, 0.0, 1.0, 0.9804181548209561, -0.19692699585753026, 0.0, 0.19692699585753026,
  0.9804181548209561, 0.0]
- [0.0, 0.0, 1.0, 0.9831636389699835, -0.18272728041346162, 0.0, 0.18272728041346162,
  0.9831636389699835, 0.0]
- [0.0, 0.0, 1.0, 0.9763341025063956, -0.2162677051319288, 0.0, 0.2162677051319288,
  0.9763341025063956, 0.0]
- [0.0, 0.0, 1.0, 0.9770630369546107, -0.2129502801525115, 0.0, 0.2129502801525115,
  0.9770630369546107, 0.0]
- [0.0, 0.0, 1.0, 0.9813424129925641, -0.1922682201039261, 0.0, 0.1922682201039261,
  0.9813424129925641, 0.0]
- [0.0, 0.0, 1.0, 0.98861508792503, -0.15046663393252813, 0.0, 0.15046663393252813,
  0.98861508792503, 0.0]
- [0.0, 0.0, 1.0, 0.9890252295728836, -0.14774672676003628, 0.0, 0.14774672676003628,
  0.9890252295728836, 0.0]
- [0.0, 0.0, 1.0, 0.9923797443280088, -0.1232170566418301, 0.0, 0.1232170566418301,
  0.9923797443280088, 0.0]
- [0.0, 0.0, 1.0, 0.996184393541068, -0.08727344421537575, 0.0, 0.08727344421537575,
  0.996184393541068, 0.0]
- [0.0, 0.0, 1.0, 0.9963965262421683, -0.08481722992729725, 0.0, 0.08481722992729725,
  0.9963965262421683, 0.0]
- [0.0, 0.0, 1.0, 0.9980395871409272, -0.06258580110190967, 0.0, 0.06258580110190967,
  0.9980395871409272, 0.0]
- [0.0, 0.0, 1.0, 0.9996097216783164, -0.027935717749840664, 0.0, 0.027935717749840664,
  0.9996097216783164, 0.0]
- [0.0, 0.0, 1.0, 0.9996896415607404, -0.02491225714700261, 0.0, 0.02491225714700261,
  0.9996896415607404, 0.0]
- [0.0, 0.0, 1.0, 0.9999316408507838, -0.011692460197025974, 0.0, 0.011692460197025974,
  0.9999316408507838, 0.0]
- [0.0, 0.0, 1.0, 0.9995482337840117, 0.03005542112935417, 0.0, -0.03005542112935417,
  0.9995482337840117, 0.0]
- [0.0, 0.0, 1.0, 0.9994646057111244, 0.03271852580276683, 0.0, -0.03271852580276683,
  0.9994646057111244, 0.0]
- [0.0, 0.0, 1.0, 0.9995670720750489, -0.029422243682522678, 0.0, 0.029422243682522678,
  0.9995670720750489, 0.0]
- [0.0, 0.0, 1.0, 0.9999991085426712, -0.001335257976168618, 0.0, 0.001335257976168618,
  0.9999991085426712, 0.0]
- [0.0, 0.0, 1.0, 0.996137780284338, 0.0878038876712868, 0.0, -0.0878038876712868,
  0.996137780284338, 0.0]
- [0.0, 0.0, 1.0, 0.9959482919018061, 0.08992774798622892, 0.0, -0.08992774798622892,
  0.9959482919018061, 0.0]
- [0.0, 0.0, 1.0, 0.9917478307750494, 0.12820390069332624, 0.0, -0.12820390069332624,
  0.9917478307750494, 0.0]
- [0.0, 0.0, 1.0, 0.9900711758199728, 0.1405669477880783, 0.0, -0.1405669477880783,
  0.9900711758199728, 0.0]
- [0.0, 0.0, 1.0, 0.9898092949399031, 0.142399296524147, 0.0, -0.142399296524147,
  0.9898092949399031, 0.0]
- [0.0, 0.0, 1.0, 0.9878920482227725, 0.15514284082166094, 0.0, -0.15514284082166094,
  0.9878920482227725, 0.0]
- [0.0, 0.0, 1.0, 0.9817518097147679, 0.19016672716797262, 0.0, -0.19016672716797262,
  0.9817518097147679, 0.0]
- [0.0, 0.0, 1.0, 0.9814484519720089, 0.19172620092660075, 0.0, -0.19172620092660075,
  0.9814484519720089, 0.0]
- [0.0, 0.0, 1.0, 0.9810634118945004, 0.19368681380497166, 0.0, -0.19368681380497166,
  0.9810634118945004, 0.0]
- [0.0, 0.0, 1.0, 0.9753294903065836, 0.2207541287004617, 0.0, -0.2207541287004617,
  0.9753294903065836, 0.0]
- [0.0, 0.0, 1.0, 0.9713612174908808, 0.23760762856994688, 0.0, -0.23760762856994688,
  0.9713612174908808, 0.0]
- [0.0, 0.0, 1.0, 0.9709426650677494, 0.239312225243794, 0.0, -0.239312225243794,
  0.9709426650677494, 0.0]
- [0.0, 0.0, 1.0, 0.9698691368309043, 0.24362647110459204, 0.0, -0.24362647110459204,
  0.9698691368309043, 0.0]
- [0.0, 0.0, 1.0, 0.9619788730344649, 0.27312386903260716, 0.0, -0.27312386903260716,
  0.9619788730344649, 0.0]
- [0.0, 0.0, 1.0, 0.9597995025941306, 0.28068650630206515, 0.0, -0.28068650630206515,
  0.9597995025941306, 0.0]
- [0.0, 0.0, 1.0, 0.9593987256820214, 0.28205333743764416, 0.0, -0.28205333743764416,
  0.9593987256820214, 0.0]
- [0.0, 0.0, 1.0, 0.9571998873301771, 0.2894276691940426, 0.0, -0.2894276691940426,
  0.9571998873301771, 0.0]
- [0.0, 0.0, 1.0, 0.9497868346465447, 0.31289769691082275, 0.0, -0.31289769691082275,
  0.9497868346465447, 0.0]
- [0.0, 0.0, 1.0, 0.948585383523488, 0.316521358150753, 0.0, -0.316521358150753, 0.948585383523488,
  0.0]
- [0.0, 0.0, 1.0, 0.9482699540273589, 0.31746510719912274, 0.0, -0.31746510719912274,
  0.9482699540273589, 0.0]
- [0.0, 0.0, 1.0, 0.9455201165188883, 0.3255636792673712, 0.0, -0.3255636792673712,
  0.9455201165188883, 0.0]
- [0.0, 0.0, 1.0, 0.9393636854952786, 0.34292253698572706, 0.0, -0.34292253698572706,
  0.9393636854952786, 0.0]
- [0.0, 0.0, 1.0, 0.938920786442358, 0.3441333415791968, 0.0, -0.3441333415791968,
  0.938920786442358, 0.0]
- [0.0, 0.0, 1.0, 0.9386032154730951, 0.34499855637896015, 0.0, -0.34499855637896015,
  0.9386032154730951, 0.0]
- [0.0, 0.0, 1.0, 0.9360900979295622, 0.3517603282893378, 0.0, -0.3517603282893378,
  0.9360900979295622, 0.0]
- [0.0, 0.0, 1.0, 0.9324316585027793, 0.3613463743027683, 0.0, -0.3613463743027683,
  0.9324316585027793, 0.0]
- [0.0, 0.0, 1.0, 0.9321894448398468, 0.3619707708215933, 0.0, -0.3619707708215933,
  0.9321894448398468, 0.0]
- [0.0, 0.0, 1.0, 0.9320048409245572, 0.3624458255976898, 0.0, -0.3624458255976898,
  0.9320048409245572, 0.0]
- [0.0, 0.0, 1.0, 0.9308893240823065, 0.3653013363096098, 0.0, -0.3653013363096098,
  0.9308893240823065, 0.0]
- [0.0, 0.0, 1.0, 0.9298702322600427, 0.36788768823739443, 0.0, -0.36788768823739443,
  0.9298702322600427, 0.0]
- [0.0, 0.0, 1.0, 0.9298124712777521, 0.36803365098365576, 0.0, -0.36803365098365576,
  0.9298124712777521, 0.0]
- [0.0, 0.0, 1.0, 0.9298146165697796, 0.36802823100027765, 0.0, -0.36802823100027765,
  0.9298146165697796, 0.0]
- [0.0, 0.0, 1.0, 0.9312920249139213, 0.36427347464745247, 0.0, -0.36427347464745247,
  0.9312920249139213, 0.0]
- [0.0, 0.0, 1.0, 0.9321424108007018, 0.3620918750630229, 0.0, -0.3620918750630229,
  0.9321424108007018, 0.0]
- [0.0, 0.0, 1.0, 0.9322570126247713, 0.36179671420832044, 0.0, -0.36179671420832044,
  0.9322570126247713, 0.0]
- [0.0, 0.0, 1.0, 0.9328783065303325, 0.3601917061858848, 0.0, -0.3601917061858848,
  0.9328783065303325, 0.0]
- [0.0, 0.0, 1.0, 0.937497504311152, 0.34799199618721344, 0.0, -0.34799199618721344,
  0.937497504311152, 0.0]
- [0.0, 0.0, 1.0, 0.9390167102294493, 0.3438715136644246, 0.0, -0.3438715136644246,
  0.9390167102294493, 0.0]
- [0.0, 0.0, 1.0, 0.9393213464320554, 0.34303849366662953, 0.0, -0.34303849366662953,
  0.9393213464320554, 0.0]
- [0.0, 0.0, 1.0, 0.9418859241032304, 0.3359328890957296, 0.0, -0.3359328890957296,
  0.9418859241032304, 0.0]
- [0.0, 0.0, 1.0, 0.9485911635048166, 0.31650403555180523, 0.0, -0.31650403555180523,
  0.9485911635048166, 0.0]
