nodes:
- [3.43905648 0.02874290 0.00000000]
- [3.39724783 0.03581683 0.00000000]
- [3.34967475 0.04646621 0.00000000]
- [3.30208781 0.05706466 0.00000000]
- [3.25449856 0.06766250 0.00000000]
- [3.20690047 0.07822900 0.00000000]
- [3.15929433 0.08881406 0.00000000]
- [3.11170177 0.09947846 0.00000000]
- [3.06411389 0.11019786 0.00000000]
- [3.01656114 0.12106477 0.00000000]
- [2.96902643 0.13196787 0.00000000]
- [2.92150294 0.14293120 0.00000000]
- [2.87399684 0.15395592 0.00000000]
- [2.82649661 0.16501176 0.00000000]
- [2.77901362 0.17614202 0.00000000]
- [2.73154149 0.18730355 0.00000000]
- [2.68408131 0.19850733 0.00000000]
- [2.63498996 0.20279617 0.00000000]
- [2.58658937 0.20692933 0.00000000]
- [2.53983422 0.21802294 0.00000000]
- [2.49308939 0.22912338 0.00000000]
- [2.44634819 0.24022301 0.00000000]
- [2.39960999 0.25131616 0.00000000]
- [2.35286943 0.26239218 0.00000000]
- [2.30611935 0.27345801 0.00000000]
- [2.25938090 0.28453122 0.00000000]
- [2.21263961 0.29555395 0.00000000]
- [2.16589110 0.30655289 0.00000000]
- [2.11913097 0.31750975 0.00000000]
- [2.07237843 0.32844614 0.00000000]
- [2.02561376 0.33929209 0.00000000]
- [1.97882309 0.35009038 0.00000000]
- [1.93121079 0.36104314 0.00000000]
- [1.88359352 0.37189199 0.00000000]
- [1.83593264 0.38264060 0.00000000]
- [1.78827153 0.39336758 0.00000000]
- [1.74060560 0.40396707 0.00000000]
- [1.69290934 0.41445711 0.00000000]
- [1.64518532 0.42484940 0.00000000]
- [1.59744202 0.43515503 0.00000000]
- [1.54970571 0.44535749 0.00000000]
- [1.50191905 0.45536395 0.00000000]
- [1.45410356 0.46531004 0.00000000]
- [1.40628787 0.47511452 0.00000000]
- [1.35844802 0.48474190 0.00000000]
- [1.31055287 0.49419203 0.00000000]
- [1.26262782 0.50354556 0.00000000]
- [1.21471458 0.51275242 0.00000000]
- [1.16676074 0.52170468 0.00000000]
- [1.11875084 0.53049296 0.00000000]
- [1.07071527 0.53912637 0.00000000]
- [1.02268609 0.54757476 0.00000000]
- [0.97460767 0.55571639 0.00000000]
- [0.92646065 0.56367100 0.00000000]
- [0.87832849 0.57145706 0.00000000]
- [0.83017787 0.57887919 0.00000000]
- [0.78194426 0.58599398 0.00000000]
- [0.73365042 0.59289608 0.00000000]
- [0.68540779 0.59958857 0.00000000]
- [0.63710727 0.60574713 0.00000000]
- [0.58870431 0.61166370 0.00000000]
- [0.54032072 0.61732488 0.00000000]
- [0.49193665 0.62253338 0.00000000]
- [0.44346467 0.62729943 0.00000000]
- [0.39494451 0.63178553 0.00000000]
- [0.34648975 0.63590073 0.00000000]
- [0.29797277 0.63934722 0.00000000]
- [0.24900068 0.63635382 0.00000000]
- [0.19967743 0.63296860 0.00000000]
- [0.15072952 0.63498356 0.00000000]
- [0.10101242 0.63649712 0.00000000]
- [0.05138432 0.63760221 0.00000000]
- [0.00185647 0.63790430 0.00000000]
- [-0.04776782 0.63750285 0.00000000]
- [-0.09734033 0.63656130 0.00000000]
- [-0.14676678 0.63480019 0.00000000]
- [-0.19623107 0.63216687 0.00000000]
- [-0.24561607 0.62891818 0.00000000]
- [-0.29480944 0.62469718 0.00000000]
- [-0.34403962 0.61953841 0.00000000]
- [-0.39305080 0.61375239 0.00000000]
- [-0.44177342 0.60666409 0.00000000]
- [-0.49050470 0.59860970 0.00000000]
- [-0.53887910 0.58969918 0.00000000]
- [-0.58696005 0.57931398 0.00000000]
- [-0.63496183 0.56802960 0.00000000]
- [-0.67895453 0.55656799 0.00000000]
- [-0.72446467 0.54960043 0.00000000]
- [-0.77300051 0.54083951 0.00000000]
- [-0.81910086 0.52456881 0.00000000]
- [-0.86483113 0.50706743 0.00000000]
- [-0.90991427 0.48826004 0.00000000]
- [-0.95430239 0.46787471 0.00000000]
- [-0.99798013 0.44618243 0.00000000]
- [-1.04071193 0.42271871 0.00000000]
- [-1.08256843 0.39794943 0.00000000]
- [-1.12307551 0.37113986 0.00000000]
- [-1.16249141 0.34288100 0.00000000]
- [-1.20006200 0.31261850 0.00000000]
- [-1.23582561 0.28015017 0.00000000]
- [-1.27563513 0.25136052 0.00000000]
- [-1.31364137 0.21985199 0.00000000]
- [-1.34260395 0.18052878 0.00000000]
- [-1.36753064 0.13874123 0.00000000]
- [-1.38695316 0.09442551 0.00000000]
- [-1.39930071 0.04783734 0.00000000]
- [-1.40407597 0.00011669 0.00000000]
- [-1.39900692 -0.04726480 0.00000000]
- [-1.38280592 -0.09237569 0.00000000]
- [-1.35979377 -0.13498307 0.00000000]
- [-1.33184458 -0.17488185 0.00000000]
- [-1.30022877 -0.21220390 0.00000000]
- [-1.26024776 -0.24140959 0.00000000]
- [-1.21934986 -0.26809200 0.00000000]
- [-1.18201858 -0.29855436 0.00000000]
- [-1.14343971 -0.32776675 0.00000000]
- [-1.10376779 -0.35549724 0.00000000]
- [-1.06314644 -0.38178175 0.00000000]
- [-1.02144753 -0.40648360 0.00000000]
- [-0.97900595 -0.42997695 0.00000000]
- [-0.93571780 -0.45196965 0.00000000]
- [-0.89185926 -0.47283432 0.00000000]
- [-0.84727005 -0.49220400 0.00000000]
- [-0.80224564 -0.51058568 0.00000000]
- [-0.75667880 -0.52745872 0.00000000]
- [-0.70873657 -0.53762080 0.00000000]
- [-0.65728071 -0.54774173 0.00000000]
- [-0.60994535 -0.56095972 0.00000000]
- [-0.56227702 -0.57338196 0.00000000]
- [-0.51439175 -0.58443956 0.00000000]
- [-0.46608323 -0.59439735 0.00000000]
- [-0.41771253 -0.60345293 0.00000000]
- [-0.36907033 -0.61105781 0.00000000]
- [-0.32008714 -0.61787019 0.00000000]
- [-0.27116773 -0.62379107 0.00000000]
- [-0.22205295 -0.62840418 0.00000000]
- [-0.17270251 -0.63230797 0.00000000]
- [-0.12348242 -0.63535208 0.00000000]
- [-0.07413628 -0.63715263 0.00000000]
- [-0.02456408 -0.63828601 0.00000000]
- [0.02477328 -0.63873163 0.00000000]
- [0.07413758 -0.63782963 0.00000000]
- [0.12375813 -0.63632607 0.00000000]
- [0.16936853 -0.63438639 0.00000000]
- [0.21489250 -0.63144987 0.00000000]
- [0.26106906 -0.63372744 0.00000000]
- [0.30927905 -0.63534119 0.00000000]
- [0.35680474 -0.63032290 0.00000000]
- [0.40428499 -0.62434440 0.00000000]
- [0.45180697 -0.61782758 0.00000000]
- [0.49915546 -0.61080638 0.00000000]
- [0.54632196 -0.60288067 0.00000000]
- [0.59349119 -0.59427666 0.00000000]
- [0.64059720 -0.58521567 0.00000000]
- [0.68748214 -0.57560517 0.00000000]
- [0.73420871 -0.56512184 0.00000000]
- [0.78094387 -0.55414967 0.00000000]
- [0.82753358 -0.54277418 0.00000000]
- [0.87389486 -0.53077476 0.00000000]
- [0.92014522 -0.51808565 0.00000000]
- [0.96637524 -0.50499858 0.00000000]
- [1.01243262 -0.49159408 0.00000000]
- [1.05826297 -0.47753010 0.00000000]
- [1.10405635 -0.46299244 0.00000000]
- [1.14980126 -0.44817223 0.00000000]
- [1.19539521 -0.43307893 0.00000000]
- [1.24082748 -0.41749842 0.00000000]
- [1.28623769 -0.40161120 0.00000000]
- [1.33159955 -0.38552684 0.00000000]
- [1.37686682 -0.36924314 0.00000000]
- [1.42204650 -0.35268450 0.00000000]
- [1.46721566 -0.33594378 0.00000000]
- [1.51238243 -0.31911850 0.00000000]
- [1.55753621 -0.30222581 0.00000000]
- [1.60268958 -0.28529564 0.00000000]
- [1.64785791 -0.26834115 0.00000000]
- [1.69307886 -0.25142411 0.00000000]
- [1.73836990 -0.23461436 0.00000000]
- [1.78372505 -0.21795671 0.00000000]
- [1.82914549 -0.20143973 0.00000000]
- [1.87469223 -0.18510751 0.00000000]
- [1.92039960 -0.16911723 0.00000000]
- [1.96620703 -0.15347862 0.00000000]
- [2.01169352 -0.13825904 0.00000000]
- [2.05736825 -0.12335404 0.00000000]
- [2.10325034 -0.10902113 0.00000000]
- [2.14922394 -0.09513087 0.00000000]
- [2.19535137 -0.08165453 0.00000000]
- [2.24171638 -0.06869985 0.00000000]
- [2.28827080 -0.05650324 0.00000000]
- [2.33489631 -0.04480580 0.00000000]
- [2.38183379 -0.03361693 0.00000000]
- [2.42905358 -0.02361419 0.00000000]
- [2.47623760 -0.01425599 0.00000000]
- [2.52363765 -0.00544136 0.00000000]
- [2.57125652 0.00234080 0.00000000]
- [2.61987038 0.00233855 0.00000000]
- [2.66935498 0.00185733 0.00000000]
- [2.71799612 0.00741036 0.00000000]
- [2.76668896 0.01208936 0.00000000]
- [2.81547488 0.01613289 0.00000000]
- [2.86436434 0.01895314 0.00000000]
- [2.91326672 0.02096314 0.00000000]
- [2.96224091 0.02201054 0.00000000]
- [3.01120796 0.02182882 0.00000000]
- [3.06017450 0.02087799 0.00000000]
- [3.10909798 0.01861710 0.00000000]
- [3.15796301 0.01558275 0.00000000]
- [3.20675595 0.01140878 0.00000000]
- [3.25545772 0.00633448 0.00000000]
- [3.30404038 0.00018884 0.00000000]
- [3.35246862 -0.00690320 0.00000000]
- [3.40071090 -0.01479775 0.00000000]
- [3.44045435 -0.02532849 0.00000000]
- [1.96746863 -0.10312172 0.00000000]
- [1.96873024 -0.05276482 0.00000000]
- [1.96999184 -0.00240792 0.00000000]
- [1.97125345 0.04794898 0.00000000]
- [1.97251506 0.09830588 0.00000000]
- [1.97377666 0.14866278 0.00000000]
- [1.97503827 0.19901968 0.00000000]
- [1.97629988 0.24937658 0.00000000]
- [1.97756148 0.29973348 0.00000000]
- [-0.65631032 -0.49922994 0.00000000]
- [-0.65533993 -0.45071814 0.00000000]
- [-0.65436955 -0.40220634 0.00000000]
- [-0.65339916 -0.35369454 0.00000000]
- [-0.65242878 -0.30518275 0.00000000]
- [-0.65145839 -0.25667095 0.00000000]
- [-0.65048800 -0.20815915 0.00000000]
- [-0.64951762 -0.15964736 0.00000000]
- [-0.64854723 -0.11113556 0.00000000]
- [-0.64757685 -0.06262376 0.00000000]
- [-0.64660646 -0.01411197 0.00000000]
- [-0.64563607 0.03439983 0.00000000]
- [-0.64466569 0.08291163 0.00000000]
- [-0.64369530 0.13142342 0.00000000]
- [-0.64272492 0.17993522 0.00000000]
- [-0.64175453 0.22844702 0.00000000]
- [-0.64078414 0.27695882 0.00000000]
- [-0.63981376 0.32547061 0.00000000]
- [-0.63884337 0.37398241 0.00000000]
- [-0.63787299 0.42249421 0.00000000]
- [-0.63690260 0.47100600 0.00000000]
- [-0.63593221 0.51951780 0.00000000]
- [0.12479549 -0.58742954 0.00000000]
- [0.12583285 -0.53853302 0.00000000]
- [0.12687021 -0.48963650 0.00000000]
- [0.12790757 -0.44073997 0.00000000]
- [0.12894494 -0.39184345 0.00000000]
- [0.12998230 -0.34294692 0.00000000]
- [0.13101966 -0.29405040 0.00000000]
- [0.13205702 -0.24515388 0.00000000]
- [0.13309438 -0.19625735 0.00000000]
- [0.13413174 -0.14736083 0.00000000]
- [0.13516910 -0.09846430 0.00000000]
- [0.13620646 -0.04956778 0.00000000]
- [0.13724382 -0.00067125 0.00000000]
- [0.13828119 0.04822527 0.00000000]
- [0.13931855 0.09712179 0.00000000]
- [0.14035591 0.14601832 0.00000000]
- [0.14139327 0.19491484 0.00000000]
- [0.14243063 0.24381137 0.00000000]
- [0.14346799 0.29270789 0.00000000]
- [0.14450535 0.34160441 0.00000000]
- [0.14554271 0.39050094 0.00000000]
- [0.14658007 0.43939746 0.00000000]
- [0.14761744 0.48829399 0.00000000]
- [0.14865480 0.53719051 0.00000000]
- [0.14969216 0.58608704 0.00000000]
elements:
- [1 2]
- [2 3]
- [3 4]
- [4 5]
- [5 6]
- [6 7]
- [7 8]
- [8 9]
- [9 10]
- [10 11]
- [11 12]
- [12 13]
- [13 14]
- [14 15]
- [15 16]
- [16 17]
- [17 18]
- [18 19]
- [19 20]
- [20 21]
- [21 22]
- [22 23]
- [23 24]
- [24 25]
- [25 26]
- [26 27]
- [27 28]
- [28 29]
- [29 30]
- [30 31]
- [31 32]
- [32 33]
- [33 34]
- [34 35]
- [35 36]
- [36 37]
- [37 38]
- [38 39]
- [39 40]
- [40 41]
- [41 42]
- [42 43]
- [43 44]
- [44 45]
- [45 46]
- [46 47]
- [47 48]
- [48 49]
- [49 50]
- [50 51]
- [51 52]
- [52 53]
- [53 54]
- [54 55]
- [55 56]
- [56 57]
- [57 58]
- [58 59]
- [59 60]
- [60 61]
- [61 62]
- [62 63]
- [63 64]
- [64 65]
- [65 66]
- [66 67]
- [67 68]
- [68 69]
- [69 70]
- [70 71]
- [71 72]
- [72 73]
- [73 74]
- [74 75]
- [75 76]
- [76 77]
- [77 78]
- [78 79]
- [79 80]
- [80 81]
- [81 82]
- [82 83]
- [83 84]
- [84 85]
- [85 86]
- [86 87]
- [87 88]
- [88 89]
- [89 90]
- [90 91]
- [91 92]
- [92 93]
- [93 94]
- [94 95]
- [95 96]
- [96 97]
- [97 98]
- [98 99]
- [99 100]
- [100 101]
- [101 102]
- [102 103]
- [103 104]
- [104 105]
- [105 106]
- [106 107]
- [107 108]
- [108 109]
- [109 110]
- [110 111]
- [111 112]
- [112 113]
- [113 114]
- [114 115]
- [115 116]
- [116 117]
- [117 118]
- [118 119]
- [119 120]
- [120 121]
- [121 122]
- [122 123]
- [123 124]
- [124 125]
- [125 126]
- [126 127]
- [127 128]
- [128 129]
- [129 130]
- [130 131]
- [131 132]
- [132 133]
- [133 134]
- [134 135]
- [135 136]
- [136 137]
- [137 138]
- [138 139]
- [139 140]
- [140 141]
- [141 142]
- [142 143]
- [143 144]
- [144 145]
- [145 146]
- [146 147]
- [147 148]
- [148 149]
- [149 150]
- [150 151]
- [151 152]
- [152 153]
- [153 154]
- [154 155]
- [155 156]
- [156 157]
- [157 158]
- [158 159]
- [159 160]
- [160 161]
- [161 162]
- [162 163]
- [163 164]
- [164 165]
- [165 166]
- [166 167]
- [167 168]
- [168 169]
- [169 170]
- [170 171]
- [171 172]
- [172 173]
- [173 174]
- [174 175]
- [175 176]
- [176 177]
- [177 178]
- [178 179]
- [179 180]
- [180 181]
- [181 182]
- [182 183]
- [183 184]
- [184 185]
- [185 186]
- [186 187]
- [187 188]
- [188 189]
- [189 190]
- [190 191]
- [191 192]
- [192 193]
- [193 194]
- [194 195]
- [195 196]
- [196 197]
- [197 198]
- [198 199]
- [199 200]
- [200 201]
- [201 202]
- [202 203]
- [203 204]
- [204 205]
- [205 206]
- [206 207]
- [207 208]
- [208 209]
- [209 210]
- [210 211]
- [211 212]
- [212 213]
- [213 214]
- [214 1]
- [183 215]
- [215 216]
- [216 217]
- [217 218]
- [218 219]
- [219 220]
- [220 221]
- [221 222]
- [222 223]
- [223 32]
- [127 224]
- [224 225]
- [225 226]
- [226 227]
- [227 228]
- [228 229]
- [229 230]
- [230 231]
- [231 232]
- [232 233]
- [233 234]
- [234 235]
- [235 236]
- [236 237]
- [237 238]
- [238 239]
- [239 240]
- [240 241]
- [241 242]
- [242 243]
- [243 244]
- [244 245]
- [245 86]
- [143 246]
- [246 247]
- [247 248]
- [248 249]
- [249 250]
- [250 251]
- [251 252]
- [252 253]
- [253 254]
- [254 255]
- [255 256]
- [256 257]
- [257 258]
- [258 259]
- [259 260]
- [260 261]
- [261 262]
- [262 263]
- [263 264]
- [264 265]
- [265 266]
- [266 267]
- [267 268]
- [268 269]
- [269 270]
- [270 70]
sets:
  element:
  - name: layup_0
    labels:
    - 1
    - 2
    - 3
    - 4
    - 5
    - 6
    - 7
    - 8
    - 9
    - 10
    - 11
    - 12
    - 13
    - 14
    - 15
    - 16
    - 17
    - 197
    - 198
    - 199
    - 200
    - 201
    - 202
    - 203
    - 204
    - 205
    - 206
    - 207
    - 208
    - 209
    - 210
    - 211
    - 212
    - 213
    - 214
  - name: layup_1
    labels:
    - 18
    - 19
    - 20
    - 21
    - 22
    - 23
    - 24
    - 25
    - 26
    - 27
    - 28
    - 29
    - 30
    - 31
    - 32
    - 33
    - 34
    - 35
    - 36
    - 37
    - 38
    - 39
    - 40
    - 41
    - 42
    - 43
    - 44
    - 45
    - 46
    - 47
    - 48
    - 49
    - 50
    - 51
    - 52
    - 53
    - 54
    - 55
    - 56
    - 57
    - 58
    - 59
    - 60
    - 61
    - 62
    - 63
    - 64
    - 65
    - 66
    - 67
    - 88
    - 89
    - 90
    - 91
    - 92
    - 93
    - 94
    - 95
    - 96
    - 97
    - 98
    - 99
    - 100
    - 113
    - 114
    - 115
    - 116
    - 117
    - 118
    - 119
    - 120
    - 121
    - 122
    - 123
    - 124
    - 125
    - 146
    - 147
    - 148
    - 149
    - 150
    - 151
    - 152
    - 153
    - 154
    - 155
    - 156
    - 157
    - 158
    - 159
    - 160
    - 161
    - 162
    - 163
    - 164
    - 165
    - 166
    - 167
    - 168
    - 169
    - 170
    - 171
    - 172
    - 173
    - 174
    - 175
    - 176
    - 177
    - 178
    - 179
    - 180
    - 181
    - 182
    - 183
    - 184
    - 185
    - 186
    - 187
    - 188
    - 189
    - 190
    - 191
    - 192
    - 193
    - 194
    - 195
    - 196
  - name: layup_2
    labels:
    - 68
    - 69
    - 70
    - 71
    - 72
    - 73
    - 74
    - 75
    - 76
    - 77
    - 78
    - 79
    - 80
    - 81
    - 82
    - 83
    - 84
    - 85
    - 86
    - 87
  - name: layup_3
    labels:
    - 101
    - 102
    - 103
    - 104
    - 105
    - 106
    - 107
    - 108
    - 109
    - 110
    - 111
    - 112
  - name: layup_4
    labels:
    - 126
    - 127
    - 128
    - 129
    - 130
    - 131
    - 132
    - 133
    - 134
    - 135
    - 136
    - 137
    - 138
    - 139
    - 140
    - 141
    - 142
    - 143
    - 144
    - 145
  - name: layup_5
    labels:
    - 215
    - 216
    - 217
    - 218
    - 219
    - 220
    - 221
    - 222
    - 223
    - 224
    - 225
    - 226
    - 227
    - 228
    - 229
    - 230
    - 231
    - 232
    - 233
    - 234
    - 235
    - 236
    - 237
    - 238
    - 239
    - 240
    - 241
    - 242
    - 243
    - 244
    - 245
    - 246
    - 247
    - 248
    - 249
    - 250
    - 251
    - 252
    - 253
    - 254
    - 255
    - 256
    - 257
    - 258
    - 259
    - 260
    - 261
    - 262
    - 263
    - 264
    - 265
    - 266
    - 267
    - 268
    - 269
    - 270
    - 271
    - 272
    - 273
sections:
- type: shell
  elementSet: layup_0
  layup:
  - - gelcoat
    - 0.0005
    - 0.0
  - - glass_triax
    - 0.003
    - 0.0
  - - glass_uniax
    - 0.01402367
    - 0.0
  - - glass_triax
    - 0.003
    - 0.0
- type: shell
  elementSet: layup_1
  layup:
  - - gelcoat
    - 0.0005
    - 0.0
  - - glass_triax
    - 0.003
    - 0.0
  - - medium_density_foam
    - 0.0425
    - 0.0
  - - glass_triax
    - 0.003
    - 0.0
- type: shell
  elementSet: layup_2
  layup:
  - - gelcoat
    - 0.0005
    - 0.0
  - - glass_triax
    - 0.003
    - 0.0
  - - carbon_uniax
    - 0.0670263
    - 0.0
  - - glass_triax
    - 0.003
    - 0.0
- type: shell
  elementSet: layup_3
  layup:
  - - gelcoat
    - 0.0005
    - 0.0
  - - glass_triax
    - 0.003
    - 0.0
  - - glass_uniax
    - 0.01102071
    - 0.0
  - - glass_triax
    - 0.003
    - 0.0
- type: shell
  elementSet: layup_4
  layup:
  - - gelcoat
    - 0.0005
    - 0.0
  - - glass_triax
    - 0.003
    - 0.0
  - - carbon_uniax
    - 0.0660444
    - 0.0
  - - glass_triax
    - 0.003
    - 0.0
- type: shell
  elementSet: layup_5
  layup:
  - - glass_biax
    - 0.002
    - 0.0
  - - medium_density_foam
    - 0.03
    - 0.0
  - - glass_biax
    - 0.002
    - 0.0
elementOrientations:
- [0.0, 0.0, 1.0, -0.9859862389573846, 0.1668266662937052, 0.0, -0.1668266662937052,
  -0.9859862389573846, 0.0]
- [0.0, 0.0, 1.0, -0.9758488601069955, 0.21844679495904215, 0.0, -0.21844679495904215,
  -0.9758488601069955, 0.0]
- [0.0, 0.0, 1.0, -0.9760845575171314, 0.2173912063000388, 0.0, -0.2173912063000388,
  -0.9760845575171314, 0.0]
- [0.0, 0.0, 1.0, -0.9760894677639035, 0.21736915816274327, 0.0, -0.21736915816274327,
  -0.9760894677639035, 0.0]
- [0.0, 0.0, 1.0, -0.9762341615101113, 0.21671839308339727, 0.0, -0.21671839308339727,
  -0.9762341615101113, 0.0]
- [0.0, 0.0, 1.0, -0.9761613758760327, 0.2170460049109651, 0.0, -0.2170460049109651,
  -0.9761613758760327, 0.0]
- [0.0, 0.0, 1.0, -0.9758022229901107, 0.2186550287726272, 0.0, -0.2186550287726272,
  -0.9758022229901107, 0.0]
- [0.0, 0.0, 1.0, -0.9755565065872571, 0.2197487257193248, 0.0, -0.2197487257193248,
  -0.9755565065872571, 0.0]
- [0.0, 0.0, 1.0, -0.9748686845281587, 0.2227802682607626, 0.0, -0.2227802682607626,
  -0.9748686845281587, 0.0]
- [0.0, 0.0, 1.0, -0.9746889025759287, 0.22356552327076734, 0.0, -0.22356552327076734,
  -0.9746889025759287, 0.0]
- [0.0, 0.0, 1.0, -0.9744074962498005, 0.22478885927063857, 0.0, -0.22478885927063857,
  -0.9744074962498005, 0.0]
- [0.0, 0.0, 1.0, -0.97411291300258, 0.2260620107882525, 0.0, -0.2260620107882525,
  -0.97411291300258, 0.0]
- [0.0, 0.0, 1.0, -0.9739660666452443, 0.2266938486672971, 0.0, -0.2266938486672971,
  -0.9739660666452443, 0.0]
- [0.0, 0.0, 1.0, -0.9736097665557586, 0.22821924210557054, 0.0, -0.22821924210557054,
  -0.9736097665557586, 0.0]
- [0.0, 0.0, 1.0, -0.9734554774953224, 0.22887645867225767, 0.0, -0.22887645867225767,
  -0.9734554774953224, 0.0]
- [0.0, 0.0, 1.0, -0.9732492129666533, 0.22975197378867018, 0.0, -0.22975197378867018,
  -0.9732492129666533, 0.0]
- [0.0, 0.0, 1.0, -0.9962054221779256, 0.08703307890279949, 0.0, -0.08703307890279949,
  -0.9962054221779256, 0.0]
- [0.0, 0.0, 1.0, -0.996373686546587, 0.08508511478257308, 0.0, -0.08508511478257308,
  -0.996373686546587, 0.0]
- [0.0, 0.0, 1.0, -0.9729867433144027, 0.23086099136587, 0.0, -0.23086099136587, -0.9729867433144027,
  0.0]
- [0.0, 0.0, 1.0, -0.9729434168123611, 0.23104351902074244, 0.0, -0.23104351902074244,
  -0.9729434168123611, 0.0]
- [0.0, 0.0, 1.0, -0.9729430880527549, 0.23104490345032305, 0.0, -0.23104490345032305,
  -0.9729430880527549, 0.0]
- [0.0, 0.0, 1.0, -0.9729701075751362, 0.2309310931105375, 0.0, -0.2309310931105375,
  -0.9729701075751362, 0.0]
- [0.0, 0.0, 1.0, -0.9730528119269294, 0.23058236099297774, 0.0, -0.23058236099297774,
  -0.9730528119269294, 0.0]
- [0.0, 0.0, 1.0, -0.973110900325751, 0.23033709138392391, 0.0, -0.23033709138392391,
  -0.973110900325751, 0.0]
- [0.0, 0.0, 1.0, -0.9730635535451228, 0.23053702687884672, 0.0, -0.23053702687884672,
  -0.9730635535451228, 0.0]
- [0.0, 0.0, 1.0, -0.9733020168495116, 0.22952817691227606, 0.0, -0.22952817691227606,
  -0.9733020168495116, 0.0]
- [0.0, 0.0, 1.0, -0.9734204580510892, 0.22902535197573118, 0.0, -0.22902535197573118,
  -0.9734204580510892, 0.0]
- [0.0, 0.0, 1.0, -0.9736280933768897, 0.2281410436271442, 0.0, -0.2281410436271442,
  -0.9736280933768897, 0.0]
- [0.0, 0.0, 1.0, -0.9737144627997623, 0.22777213379728944, 0.0, -0.22777213379728944,
  -0.9737144627997623, 0.0]
- [0.0, 0.0, 1.0, -0.9741437030721413, 0.22592929372902473, 0.0, -0.22592929372902473,
  -0.9741437030721413, 0.0]
- [0.0, 0.0, 1.0, -0.974389156437759, 0.22486834329561012, 0.0, -0.22486834329561012,
  -0.974389156437759, 0.0]
- [0.0, 0.0, 1.0, -0.9745465751751907, 0.22418513067174325, 0.0, -0.22418513067174325,
  -0.9745465751751907, 0.0]
- [0.0, 0.0, 1.0, -0.9750143652111203, 0.22214181873739167, 0.0, -0.22214181873739167,
  -0.9750143652111203, 0.0]
- [0.0, 0.0, 1.0, -0.9755004188251427, 0.21999757469565712, 0.0, -0.21999757469565712,
  -0.9755004188251427, 0.0]
- [0.0, 0.0, 1.0, -0.9755956377789988, 0.21957493378477563, 0.0, -0.21957493378477563,
  -0.9755956377789988, 0.0]
- [0.0, 0.0, 1.0, -0.9761564147147995, 0.21706831646085123, 0.0, -0.21706831646085123,
  -0.9761564147147995, 0.0]
- [0.0, 0.0, 1.0, -0.9766579596243298, 0.2148004420443338, 0.0, -0.2148004420443338,
  -0.9766579596243298, 0.0]
- [0.0, 0.0, 1.0, -0.9771018933769711, 0.2127719200438304, 0.0, -0.2127719200438304,
  -0.9771018933769711, 0.0]
- [0.0, 0.0, 1.0, -0.9774870246565269, 0.21099553698628365, 0.0, -0.21099553698628365,
  -0.9774870246565269, 0.0]
- [0.0, 0.0, 1.0, -0.9779145503114082, 0.20900510110816986, 0.0, -0.20900510110816986,
  -0.9779145503114082, 0.0]
- [0.0, 0.0, 1.0, -0.9787717213655385, 0.20495345192296893, 0.0, -0.20495345192296893,
  -0.9787717213655385, 0.0]
- [0.0, 0.0, 1.0, -0.9790436407499405, 0.20365055734542328, 0.0, -0.20365055734542328,
  -0.9790436407499405, 0.0]
- [0.0, 0.0, 1.0, -0.979618269923722, 0.20086822852719607, 0.0, -0.20086822852719607,
  -0.979618269923722, 0.0]
- [0.0, 0.0, 1.0, -0.9803458644869513, 0.19728655804015643, 0.0, -0.19728655804015643,
  -0.9803458644869513, 0.0]
- [0.0, 0.0, 1.0, -0.9810851565255688, 0.19357664023636734, 0.0, -0.19357664023636734,
  -0.9810851565255688, 0.0]
- [0.0, 0.0, 1.0, -0.9814817513628302, 0.1915556622544779, 0.0, -0.1915556622544779,
  -0.9814817513628302, 0.0]
- [0.0, 0.0, 1.0, -0.9820338947114852, 0.18870460947680026, 0.0, -0.18870460947680026,
  -0.9820338947114852, 0.0]
- [0.0, 0.0, 1.0, -0.9830170043146911, 0.1835144932373754, 0.0, -0.1835144932373754,
  -0.9830170043146911, 0.0]
- [0.0, 0.0, 1.0, -0.983655689950646, 0.1800596668544029, 0.0, -0.1800596668544029,
  -0.983655689950646, 0.0]
- [0.0, 0.0, 1.0, -0.9842297233177756, 0.176895030280149, 0.0, -0.176895030280149,
  -0.9842297233177756, 0.0]
- [0.0, 0.0, 1.0, -0.9848793778346485, 0.1732414820879682, 0.0, -0.1732414820879682,
  -0.9848793778346485, 0.0]
- [0.0, 0.0, 1.0, -0.9859630722197411, 0.16696352960754526, 0.0, -0.16696352960754526,
  -0.9859630722197411, 0.0]
- [0.0, 0.0, 1.0, -0.98662518220658, 0.16300536750620453, 0.0, -0.16300536750620453,
  -0.98662518220658, 0.0]
- [0.0, 0.0, 1.0, -0.9871674836754443, 0.1596883188398308, 0.0, -0.1596883188398308,
  -0.9871674836754443, 0.0]
- [0.0, 0.0, 1.0, -0.9883274020317843, 0.1523448272607375, 0.0, -0.1523448272607375,
  -0.9883274020317843, 0.0]
- [0.0, 0.0, 1.0, -0.9892952413877067, 0.14592780875364095, 0.0, -0.14592780875364095,
  -0.9892952413877067, 0.0]
- [0.0, 0.0, 1.0, -0.9899409422276247, 0.1414812033504192, 0.0, -0.1414812033504192,
  -0.9899409422276247, 0.0]
- [0.0, 0.0, 1.0, -0.9905142840867261, 0.1374097995783428, 0.0, -0.1374097995783428,
  -0.9905142840867261, 0.0]
- [0.0, 0.0, 1.0, -0.9919690298290353, 0.12648100197279574, 0.0, -0.12648100197279574,
  -0.9919690298290353, 0.0]
- [0.0, 0.0, 1.0, -0.992611910254622, 0.12133258268358947, 0.0, -0.12133258268358947,
  -0.992611910254622, 0.0]
- [0.0, 0.0, 1.0, -0.9932242619315718, 0.11621344806210913, 0.0, -0.11621344806210913,
  -0.9932242619315718, 0.0]
- [0.0, 0.0, 1.0, -0.9942557054555665, 0.10703080009536417, 0.0, -0.10703080009536417,
  -0.9942557054555665, 0.0]
- [0.0, 0.0, 1.0, -0.9952007830611926, 0.09785397996192637, 0.0, -0.09785397996192637,
  -0.9952007830611926, 0.0]
- [0.0, 0.0, 1.0, -0.9957529262363859, 0.09206579110437596, 0.0, -0.09206579110437596,
  -0.9957529262363859, 0.0]
- [0.0, 0.0, 1.0, -0.9964129554946336, 0.08462400441038768, 0.0, -0.08462400441038768,
  -0.9964129554946336, 0.0]
- [0.0, 0.0, 1.0, -0.9974863955225246, 0.07085824403329302, 0.0, -0.07085824403329302,
  -0.9974863955225246, 0.0]
- [0.0, 0.0, 1.0, -0.9981371028703772, -0.06101085045735571, 0.0, 0.06101085045735571,
  -0.9981371028703772, 0.0]
- [0.0, 0.0, 1.0, -0.997653029594622, -0.06847212966362512, 0.0, 0.06847212966362512,
  -0.997653029594622, 0.0]
- [0.0, 0.0, 1.0, -0.999153783161646, 0.041130494693964854, 0.0, -0.041130494693964854,
  -0.999153783161646, 0.0]
- [0.0, 0.0, 1.0, -0.9995369188477796, 0.0304293913887083, 0.0, -0.0304293913887083,
  -0.9995369188477796, 0.0]
- [0.0, 0.0, 1.0, -0.9997521730283796, 0.022261907488642558, 0.0, -0.022261907488642558,
  -0.9997521730283796, 0.0]
- [0.0, 0.0, 1.0, -0.9999813998478319, 0.0060991768600808, 0.0, -0.0060991768600808,
  -0.9999813998478319, 0.0]
- [0.0, 0.0, 1.0, -0.9999672795550751, -0.008089488192863386, 0.0, 0.008089488192863386,
  -0.9999672795550751, 0.0]
- [0.0, 0.0, 1.0, -0.9998196767450499, -0.018989839215321807, 0.0, 0.018989839215321807,
  -0.9998196767450499, 0.0]
- [0.0, 0.0, 1.0, -0.9993658228150891, -0.03560831629156135, 0.0, 0.03560831629156135,
  -0.9993658228150891, 0.0]
- [0.0, 0.0, 1.0, -0.9985859229702333, -0.053161588065890726, 0.0, 0.053161588065890726,
  -0.9985859229702333, 0.0]
- [0.0, 0.0, 1.0, -0.9978432966870834, -0.06564110950199961, 0.0, 0.06564110950199961,
  -0.9978432966870834, 0.0]
- [0.0, 0.0, 1.0, -0.9963390295676368, -0.08548998865492884, 0.0, 0.08548998865492884,
  -0.9963390295676368, 0.0]
- [0.0, 0.0, 1.0, -0.994554455578679, -0.10421820804733434, 0.0, 0.10421820804733434,
  -0.994554455578679, 0.0]
- [0.0, 0.0, 1.0, -0.9931034915664869, -0.11724101261270539, 0.0, 0.11724101261270539,
  -0.9931034915664869, 0.0]
- [0.0, 0.0, 1.0, -0.9895824688237389, -0.14396713998935226, 0.0, 0.14396713998935226,
  -0.9895824688237389, 0.0]
- [0.0, 0.0, 1.0, -0.9866146136767063, -0.16306932292605944, 0.0, 0.16306932292605944,
  -0.9866146136767063, 0.0]
- [0.0, 0.0, 1.0, -0.9834552022076318, -0.18115149806376385, 0.0, 0.18115149806376385,
  -0.9834552022076318, 0.0]
- [0.0, 0.0, 1.0, -0.9774589793952957, -0.21112542149041827, 0.0, 0.21112542149041827,
  -0.9774589793952957, 0.0]
- [0.0, 0.0, 1.0, -0.9734630580423264, -0.22884421475510855, 0.0, 0.22884421475510855,
  -0.9734630580423264, 0.0]
- [0.0, 0.0, 1.0, -0.9676964745943746, -0.25211809347529746, 0.0, 0.25211809347529746,
  -0.9676964745943746, 0.0]
- [0.0, 0.0, 1.0, -0.9884824106594624, -0.15133579820008827, 0.0, 0.15133579820008827,
  -0.9884824106594624, 0.0]
- [0.0, 0.0, 1.0, -0.9840967074102027, -0.17763352854795691, 0.0, 0.17763352854795691,
  -0.9840967074102027, 0.0]
- [0.0, 0.0, 1.0, -0.9429904505340287, -0.3328197863733909, 0.0, 0.3328197863733909,
  -0.9429904505340287, 0.0]
- [0.0, 0.0, 1.0, -0.9339408902400315, -0.3574274940986739, 0.0, 0.3574274940986739,
  -0.9339408902400315, 0.0]
- [0.0, 0.0, 1.0, -0.9229114581480838, -0.3850122600891792, 0.0, 0.3850122600891792,
  -0.9229114581480838, 0.0]
- [0.0, 0.0, 1.0, -0.9087484051962116, -0.4173443854340705, 0.0, 0.4173443854340705,
  -0.9087484051962116, 0.0]
- [0.0, 0.0, 1.0, -0.8956263355191302, -0.44480722467668454, 0.0, 0.44480722467668454,
  -0.8956263355191302, 0.0]
- [0.0, 0.0, 1.0, -0.8765515255532148, -0.4813080334363139, 0.0, 0.4813080334363139,
  -0.8765515255532148, 0.0]
- [0.0, 0.0, 1.0, -0.8606030801364037, -0.5092762889235418, 0.0, 0.5092762889235418,
  -0.8606030801364037, 0.0]
- [0.0, 0.0, 1.0, -0.833899886330006, -0.5519157359405538, 0.0, 0.5519157359405538,
  -0.833899886330006, 0.0]
- [0.0, 0.0, 1.0, -0.812711682962049, -0.5826660453269902, 0.0, 0.5826660453269902,
  -0.812711682962049, 0.0]
- [0.0, 0.0, 1.0, -0.7787812578582074, -0.6272955861543967, 0.0, 0.6272955861543967,
  -0.7787812578582074, 0.0]
- [0.0, 0.0, 1.0, -0.7403937781189236, -0.67217338040329, 0.0, 0.67217338040329, -0.7403937781189236,
  0.0]
- [0.0, 0.0, 1.0, -0.8103086223251768, -0.5860033588516999, 0.0, 0.5860033588516999,
  -0.8103086223251768, 0.0]
- [0.0, 0.0, 1.0, -0.7698459947359136, -0.6382296956340026, 0.0, 0.6382296956340026,
  -0.7698459947359136, 0.0]
- [0.0, 0.0, 1.0, -0.5930342010692159, -0.8051772701475103, 0.0, 0.8051772701475103,
  -0.5930342010692159, 0.0]
- [0.0, 0.0, 1.0, -0.5122902602750928, -0.8588123713753066, 0.0, 0.8588123713753066,
  -0.5122902602750928, 0.0]
- [0.0, 0.0, 1.0, -0.4014152751546977, -0.91589616052939, 0.0, 0.91589616052939, -0.4014152751546977,
  0.0]
- [0.0, 0.0, 1.0, -0.25619098917198485, -0.9666261826927098, 0.0, 0.9666261826927098,
  -0.25619098917198485, 0.0]
- [0.0, 0.0, 1.0, -0.09956965709058067, -0.9950305941964117, 0.0, 0.9950305941964117,
  -0.09956965709058067, 0.0]
- [0.0, 0.0, 1.0, 0.10637684354544596, -0.9943258857926347, 0.0, 0.9943258857926347,
  0.10637684354544596, 0.0]
- [0.0, 0.0, 1.0, 0.3380003755544749, -0.9411459749289873, 0.0, 0.9411459749289873,
  0.3380003755544749, 0.0]
- [0.0, 0.0, 1.0, 0.4752156489449531, -0.8798693579150413, 0.0, 0.8798693579150413,
  0.4752156489449531, 0.0]
- [0.0, 0.0, 1.0, 0.5737384438757787, -0.8190385815204313, 0.0, 0.8190385815204313,
  0.5737384438757787, 0.0]
- [0.0, 0.0, 1.0, 0.6463663480616297, -0.7630272236909192, 0.0, 0.7630272236909192,
  0.6463663480616297, 0.0]
- [0.0, 0.0, 1.0, 0.8074988659756706, -0.5898691223042668, 0.0, 0.5898691223042668,
  0.8074988659756706, 0.0]
- [0.0, 0.0, 1.0, 0.8375181269869828, -0.5464095414322631, 0.0, 0.5464095414322631,
  0.8375181269869828, 0.0]
- [0.0, 0.0, 1.0, 0.7747847556501154, -0.6322251042249041, 0.0, 0.6322251042249041,
  0.7747847556501154, 0.0]
- [0.0, 0.0, 1.0, 0.7972316930596615, -0.6036734444890098, 0.0, 0.6036734444890098,
  0.7972316930596615, 0.0]
- [0.0, 0.0, 1.0, 0.8196184935736042, -0.5729097005568468, 0.0, 0.5729097005568468,
  0.8196184935736042, 0.0]
- [0.0, 0.0, 1.0, 0.8395691864474825, -0.5432527783342783, 0.0, 0.5432527783342783,
  0.8395691864474825, 0.0]
- [0.0, 0.0, 1.0, 0.8603694701646186, -0.5096708494790078, 0.0, 0.5096708494790078,
  0.8603694701646186, 0.0]
- [0.0, 0.0, 1.0, 0.8749028152909594, -0.48429852755914243, 0.0, 0.48429852755914243,
  0.8749028152909594, 0.0]
- [0.0, 0.0, 1.0, 0.8915366984293092, -0.45294846876191897, 0.0, 0.45294846876191897,
  0.8915366984293092, 0.0]
- [0.0, 0.0, 1.0, 0.9030231374359425, -0.42959191479280295, 0.0, 0.42959191479280295,
  0.9030231374359425, 0.0]
- [0.0, 0.0, 1.0, 0.9171973590695895, -0.3984331870160547, 0.0, 0.3984331870160547,
  0.9171973590695895, 0.0]
- [0.0, 0.0, 1.0, 0.9258161614325745, -0.3779741197889787, 0.0, 0.3779741197889787,
  0.9258161614325745, 0.0]
- [0.0, 0.0, 1.0, 0.9377726920483609, -0.34724973441079826, 0.0, 0.34724973441079826,
  0.9377726920483609, 0.0]
- [0.0, 0.0, 1.0, 0.9782651232344763, -0.20735802049362564, 0.0, 0.20735802049362564,
  0.9782651232344763, 0.0]
- [0.0, 0.0, 1.0, 0.9811999891369227, -0.19299373388196422, 0.0, 0.19299373388196422,
  0.9811999891369227, 0.0]
- [0.0, 0.0, 1.0, 0.9631535191008779, -0.2689522237193712, 0.0, 0.2689522237193712,
  0.9631535191008779, 0.0]
- [0.0, 0.0, 1.0, 0.9676815601687724, -0.25217533207935, 0.0, 0.25217533207935, 0.9676815601687724,
  0.0]
- [0.0, 0.0, 1.0, 0.9743592897531612, -0.22499772103671425, 0.0, 0.22499772103671425,
  0.9743592897531612, 0.0]
- [0.0, 0.0, 1.0, 0.9794093107849607, -0.20188462533766183, 0.0, 0.20188462533766183,
  0.9794093107849607, 0.0]
- [0.0, 0.0, 1.0, 0.9829234058378806, -0.18401515768017854, 0.0, 0.18401515768017854,
  0.9829234058378806, 0.0]
- [0.0, 0.0, 1.0, 0.9879979776179664, -0.15446681269065035, 0.0, 0.15446681269065035,
  0.9879979776179664, 0.0]
- [0.0, 0.0, 1.0, 0.9904670196991914, -0.13775007400434125, 0.0, 0.13775007400434125,
  0.9904670196991914, 0.0]
- [0.0, 0.0, 1.0, 0.9927549781943591, -0.12015637007798419, 0.0, 0.12015637007798419,
  0.9927549781943591, 0.0]
- [0.0, 0.0, 1.0, 0.9956180036674187, -0.09351358603595468, 0.0, 0.09351358603595468,
  0.9956180036674187, 0.0]
- [0.0, 0.0, 1.0, 0.9968859296998851, -0.07885710599810182, 0.0, 0.07885710599810182,
  0.9968859296998851, 0.0]
- [0.0, 0.0, 1.0, 0.9980929447567578, -0.061729033904505425, 0.0, 0.061729033904505425,
  0.9980929447567578, 0.0]
- [0.0, 0.0, 1.0, 0.9993349759947306, -0.036463759455260876, 0.0, 0.036463759455260876,
  0.9993349759947306, 0.0]
- [0.0, 0.0, 1.0, 0.9997387366557748, -0.022857349582030607, 0.0, 0.022857349582030607,
  0.9997387366557748, 0.0]
- [0.0, 0.0, 1.0, 0.999959212597427, -0.009031785069059198, 0.0, 0.009031785069059198,
  0.999959212597427, 0.0]
- [0.0, 0.0, 1.0, 0.9998331035952044, 0.01826923521062754, 0.0, -0.01826923521062754,
  0.9998331035952044, 0.0]
- [0.0, 0.0, 1.0, 0.9995412319601695, 0.03028738370256765, 0.0, -0.03028738370256765,
  0.9995412319601695, 0.0]
- [0.0, 0.0, 1.0, 0.9990969482024669, 0.04248868193433604, 0.0, -0.04248868193433604,
  0.9990969482024669, 0.0]
- [0.0, 0.0, 1.0, 0.9979260294127352, 0.06437111013904262, 0.0, -0.06437111013904262,
  0.9979260294127352, 0.0]
- [0.0, 0.0, 1.0, 0.9987858324418767, -0.04926318009819873, 0.0, 0.04926318009819873,
  0.9987858324418767, 0.0]
- [0.0, 0.0, 1.0, 0.9994402412179648, -0.03345450992282443, 0.0, 0.03345450992282443,
  0.9994402412179648, 0.0]
- [0.0, 0.0, 1.0, 0.994471445697674, 0.105007350656887, 0.0, -0.105007350656887, 0.994471445697674,
  0.0]
- [0.0, 0.0, 1.0, 0.992165682650075, 0.12492901252915885, 0.0, -0.12492901252915885,
  0.992165682650075, 0.0]
- [0.0, 0.0, 1.0, 0.990727883569797, 0.13586118178976234, 0.0, -0.13586118178976234,
  0.990727883569797, 0.0]
- [0.0, 0.0, 1.0, 0.9891834394245447, 0.14668375222984975, 0.0, -0.14668375222984975,
  0.9891834394245447, 0.0]
- [0.0, 0.0, 1.0, 0.9861739191603548, 0.16571361189686937, 0.0, -0.16571361189686937,
  0.9861739191603548, 0.0]
- [0.0, 0.0, 1.0, 0.9837677507783787, 0.17944640572730847, 0.0, -0.17944640572730847,
  0.9837677507783787, 0.0]
- [0.0, 0.0, 1.0, 0.9819981790713374, 0.18889038170478012, 0.0, -0.18889038170478012,
  0.9819981790713374, 0.0]
- [0.0, 0.0, 1.0, 0.9796311596799345, 0.20080535596479165, 0.0, -0.20080535596479165,
  0.9796311596799345, 0.0]
- [0.0, 0.0, 1.0, 0.9757443939114167, 0.21891294559811234, 0.0, -0.21891294559811234,
  0.9757443939114167, 0.0]
- [0.0, 0.0, 1.0, 0.9735300831150985, 0.22855891422105906, 0.0, -0.22855891422105906,
  0.9735300831150985, 0.0]
- [0.0, 0.0, 1.0, 0.9714620254840509, 0.2371951370547579, 0.0, -0.2371951370547579,
  0.9714620254840509, 0.0]
- [0.0, 0.0, 1.0, 0.9680991266026581, 0.2505675179890055, 0.0, -0.2505675179890055,
  0.9680991266026581, 0.0]
- [0.0, 0.0, 1.0, 0.9643637596204082, 0.2645799295691033, 0.0, -0.2645799295691033,
  0.9643637596204082, 0.0]
- [0.0, 0.0, 1.0, 0.9621891475780687, 0.27238216586808617, 0.0, -0.27238216586808617,
  0.9621891475780687, 0.0]
- [0.0, 0.0, 1.0, 0.9601617764763404, 0.2794447405012272, 0.0, -0.2794447405012272,
  0.9601617764763404, 0.0]
- [0.0, 0.0, 1.0, 0.9559996009445367, 0.2933679651800561, 0.0, -0.2933679651800561,
  0.9559996009445367, 0.0]
- [0.0, 0.0, 1.0, 0.9531237472805564, 0.30258076999351746, 0.0, -0.30258076999351746,
  0.9531237472805564, 0.0]
- [0.0, 0.0, 1.0, 0.9513203022702373, 0.30820396248014736, 0.0, -0.30820396248014736,
  0.9513203022702373, 0.0]
- [0.0, 0.0, 1.0, 0.9493351878674702, 0.3142653354677147, 0.0, -0.3142653354677147,
  0.9493351878674702, 0.0]
- [0.0, 0.0, 1.0, 0.9459221045998729, 0.324393853254569, 0.0, -0.324393853254569,
  0.9459221045998729, 0.0]
- [0.0, 0.0, 1.0, 0.943899500774166, 0.3302328457895739, 0.0, -0.3302328457895739,
  0.943899500774166, 0.0]
- [0.0, 0.0, 1.0, 0.9425048673644006, 0.33419242210800265, 0.0, -0.33419242210800265,
  0.9425048673644006, 0.0]
- [0.0, 0.0, 1.0, 0.940970327794532, 0.33848905774079463, 0.0, -0.33848905774079463,
  0.940970327794532, 0.0]
- [0.0, 0.0, 1.0, 0.9389249209703568, 0.3441220608749303, 0.0, -0.3441220608749303,
  0.9389249209703568, 0.0]
- [0.0, 0.0, 1.0, 0.9376716856998845, 0.34752238753314435, 0.0, -0.34752238753314435,
  0.9376716856998845, 0.0]
- [0.0, 0.0, 1.0, 0.9370926607109221, 0.34908071450844247, 0.0, -0.34908071450844247,
  0.9370926607109221, 0.0]
- [0.0, 0.0, 1.0, 0.936601584105859, 0.3503961652906542, 0.0, -0.3503961652906542,
  0.936601584105859, 0.0]
- [0.0, 0.0, 1.0, 0.9363451048687746, 0.3510809658587082, 0.0, -0.3510809658587082,
  0.9363451048687746, 0.0]
- [0.0, 0.0, 1.0, 0.9362175753098075, 0.351420903876, 0.0, -0.351420903876, 0.9362175753098075,
  0.0]
- [0.0, 0.0, 1.0, 0.936606837671605, 0.3503821222990631, 0.0, -0.3503821222990631,
  0.936606837671605, 0.0]
- [0.0, 0.0, 1.0, 0.9375106206725876, 0.34795665840173173, 0.0, -0.34795665840173173,
  0.9375106206725876, 0.0]
- [0.0, 0.0, 1.0, 0.9386927081231288, 0.3447549850494787, 0.0, -0.3447549850494787,
  0.9386927081231288, 0.0]
- [0.0, 0.0, 1.0, 0.9397904140889498, 0.34175133882184033, 0.0, -0.34175133882184033,
  0.9397904140889498, 0.0]
- [0.0, 0.0, 1.0, 0.9413122047576132, 0.3375371582127828, 0.0, -0.3375371582127828,
  0.9413122047576132, 0.0]
- [0.0, 0.0, 1.0, 0.943905332857582, 0.3302161755623385, 0.0, -0.3302161755623385,
  0.943905332857582, 0.0]
- [0.0, 0.0, 1.0, 0.9463684568802739, 0.32308937435646057, 0.0, -0.32308937435646057,
  0.9463684568802739, 0.0]
- [0.0, 0.0, 1.0, 0.9483236080921854, 0.3173047972140022, 0.0, -0.3173047972140022,
  0.9483236080921854, 0.0]
- [0.0, 0.0, 1.0, 0.9506619498421003, 0.3102287174366937, 0.0, -0.3102287174366937,
  0.9506619498421003, 0.0]
- [0.0, 0.0, 1.0, 0.9545110195041867, 0.29817564227327176, 0.0, -0.29817564227327176,
  0.9545110195041867, 0.0]
- [0.0, 0.0, 1.0, 0.9572617875824863, 0.2892228725989403, 0.0, -0.2892228725989403,
  0.9572617875824863, 0.0]
- [0.0, 0.0, 1.0, 0.9598739992843681, 0.28043164139917026, 0.0, -0.28043164139917026,
  0.9598739992843681, 0.0]
- [0.0, 0.0, 1.0, 0.9631123041032991, 0.26909977644887456, 0.0, -0.26909977644887456,
  0.9631123041032991, 0.0]
- [0.0, 0.0, 1.0, 0.9673529782002347, 0.25343286205055654, 0.0, -0.25343286205055654,
  0.9673529782002347, 0.0]
- [0.0, 0.0, 1.0, 0.9699411450700496, 0.24333962911988036, 0.0, -0.24333962911988036,
  0.9699411450700496, 0.0]
- [0.0, 0.0, 1.0, 0.9727442110187369, 0.23188078818551416, 0.0, -0.23188078818551416,
  0.9727442110187369, 0.0]
- [0.0, 0.0, 1.0, 0.9782911795138685, 0.2072350551556471, 0.0, -0.2072350551556471,
  0.9782911795138685, 0.0]
- [0.0, 0.0, 1.0, 0.9808936659979843, 0.1945446375643249, 0.0, -0.1945446375643249,
  0.9808936659979843, 0.0]
- [0.0, 0.0, 1.0, 0.9831448923883074, 0.18282811756068487, 0.0, -0.18282811756068487,
  0.9831448923883074, 0.0]
- [0.0, 0.0, 1.0, 0.9869076698718369, 0.16128623979788698, 0.0, -0.16128623979788698,
  0.9869076698718369, 0.0]
- [0.0, 0.0, 1.0, 0.9999999989294641, -4.627171734327654e-05, 0.0, 4.627171734327654e-05,
  0.9999999989294641, 0.0]
- [0.0, 0.0, 1.0, 0.9999527202746676, -0.009724053439397588, 0.0, 0.009724053439397588,
  0.9999527202746676, 0.0]
- [0.0, 0.0, 1.0, 0.9935464036785328, 0.11342638025368726, 0.0, -0.11342638025368726,
  0.9935464036785328, 0.0]
- [0.0, 0.0, 1.0, 0.995414881743287, 0.09565151961154628, 0.0, -0.09565151961154628,
  0.995414881743287, 0.0]
- [0.0, 0.0, 1.0, 0.996582786509302, 0.08259993724788767, 0.0, -0.08259993724788767,
  0.996582786509302, 0.0]
