nodes:
- [4.31595849 0.05499458 0.00000000]
- [4.26388754 0.06480579 0.00000000]
- [4.20462888 0.07918947 0.00000000]
- [4.14533948 0.09345069 0.00000000]
- [4.08602980 0.10767254 0.00000000]
- [4.02670634 0.12186880 0.00000000]
- [3.96737334 0.13609444 0.00000000]
- [3.90806835 0.15043924 0.00000000]
- [3.84876284 0.16481774 0.00000000]
- [3.78949788 0.17939328 0.00000000]
- [3.73027403 0.19406394 0.00000000]
- [3.67105673 0.20877454 0.00000000]
- [3.61187410 0.22361317 0.00000000]
- [3.55270502 0.23846463 0.00000000]
- [3.49133221 0.24463852 0.00000000]
- [3.42981605 0.25096767 0.00000000]
- [3.37052241 0.26601209 0.00000000]
- [3.31122903 0.28109566 0.00000000]
- [3.25195434 0.29621493 0.00000000]
- [3.19268711 0.31133364 0.00000000]
- [3.13343224 0.32645968 0.00000000]
- [3.07417059 0.34154754 0.00000000]
- [3.01490132 0.35663616 0.00000000]
- [2.95564116 0.37171335 0.00000000]
- [2.89637098 0.38674460 0.00000000]
- [2.83708858 0.40176331 0.00000000]
- [2.77781853 0.41676606 0.00000000]
- [2.71854573 0.43168934 0.00000000]
- [2.65923765 0.44654067 0.00000000]
- [2.59991716 0.46138259 0.00000000]
- [2.54063634 0.47617344 0.00000000]
- [2.48130465 0.49075826 0.00000000]
- [2.42191633 0.50531515 0.00000000]
- [2.36254687 0.51984483 0.00000000]
- [2.30318493 0.53423041 0.00000000]
- [2.24375615 0.54844234 0.00000000]
- [2.18427739 0.56262216 0.00000000]
- [2.12485628 0.57676519 0.00000000]
- [2.06539241 0.59061313 0.00000000]
- [2.00583636 0.60435478 0.00000000]
- [1.94488102 0.61837879 0.00000000]
- [1.88399592 0.63230626 0.00000000]
- [1.82301702 0.64584339 0.00000000]
- [1.76194013 0.65934493 0.00000000]
- [1.70089592 0.67279080 0.00000000]
- [1.63988618 0.68599104 0.00000000]
- [1.57874640 0.69881838 0.00000000]
- [1.51752086 0.71162757 0.00000000]
- [1.45637990 0.72434870 0.00000000]
- [1.39519670 0.73662856 0.00000000]
- [1.33387464 0.74867517 0.00000000]
- [1.27251348 0.76065017 0.00000000]
- [1.21125561 0.77244566 0.00000000]
- [1.14988903 0.78362886 0.00000000]
- [1.08835679 0.79465881 0.00000000]
- [1.02687074 0.80560234 0.00000000]
- [0.96546971 0.81610077 0.00000000]
- [0.90387141 0.82590480 0.00000000]
- [0.84211005 0.83563364 0.00000000]
- [0.78052255 0.84521712 0.00000000]
- [0.71888553 0.85391781 0.00000000]
- [0.65700275 0.86221660 0.00000000]
- [0.59508527 0.87038763 0.00000000]
- [0.53337023 0.87816904 0.00000000]
- [0.47148181 0.88482816 0.00000000]
- [0.40932982 0.89132070 0.00000000]
- [0.34739858 0.89763661 0.00000000]
- [0.28549396 0.90279713 0.00000000]
- [0.22290466 0.90196580 0.00000000]
- [0.17357865 0.90005437 0.00000000]
- [0.12507409 0.90329776 0.00000000]
- [0.06435531 0.90588619 0.00000000]
- [0.00319256 0.90800824 0.00000000]
- [-0.05775267 0.90989705 0.00000000]
- [-0.11835784 0.91063797 0.00000000]
- [-0.17927674 0.91010208 0.00000000]
- [-0.24032936 0.90932142 0.00000000]
- [-0.30082439 0.90767616 0.00000000]
- [-0.36141644 0.90421951 0.00000000]
- [-0.42239866 0.90035636 0.00000000]
- [-0.48260016 0.89595288 0.00000000]
- [-0.54265236 0.88902436 0.00000000]
- [-0.60319170 0.88168216 0.00000000]
- [-0.66291683 0.87346821 0.00000000]
- [-0.70813931 0.86542818 0.00000000]
- [-0.75490587 0.86210338 0.00000000]
- [-0.81578584 0.85555339 0.00000000]
- [-0.87491001 0.84123090 0.00000000]
- [-0.93410221 0.82557697 0.00000000]
- [-0.99258250 0.80898310 0.00000000]
- [-1.05025496 0.78951553 0.00000000]
- [-1.10779661 0.76927176 0.00000000]
- [-1.16411712 0.74683156 0.00000000]
- [-1.21991336 0.72225786 0.00000000]
- [-1.27485178 0.69675299 0.00000000]
- [-1.32819275 0.66787606 0.00000000]
- [-1.38112772 0.63825264 0.00000000]
- [-1.43196192 0.60555075 0.00000000]
- [-1.48202083 0.57144636 0.00000000]
- [-1.52995323 0.53480657 0.00000000]
- [-1.57634227 0.49631444 0.00000000]
- [-1.62028859 0.45514840 0.00000000]
- [-1.66227893 0.41234875 0.00000000]
- [-1.70072448 0.36644229 0.00000000]
- [-1.73698306 0.31907698 0.00000000]
- [-1.77697281 0.27377919 0.00000000]
- [-1.81293614 0.22705814 0.00000000]
- [-1.83551385 0.17330365 0.00000000]
- [-1.85172918 0.11738674 0.00000000]
- [-1.86268822 0.06014997 0.00000000]
- [-1.86758624 0.00240375 0.00000000]
- [-1.86297019 -0.05515154 0.00000000]
- [-1.85074458 -0.11190012 0.00000000]
- [-1.83271384 -0.16725566 0.00000000]
- [-1.80872876 -0.22030417 0.00000000]
- [-1.77049032 -0.26522301 0.00000000]
- [-1.72807649 -0.30978777 0.00000000]
- [-1.69008348 -0.35687286 0.00000000]
- [-1.64905192 -0.40189664 0.00000000]
- [-1.60577869 -0.44480166 0.00000000]
- [-1.55975443 -0.48514927 0.00000000]
- [-1.51242639 -0.52402325 0.00000000]
- [-1.46280146 -0.56002386 0.00000000]
- [-1.41202090 -0.59477788 0.00000000]
- [-1.35981106 -0.62708622 0.00000000]
- [-1.30623681 -0.65768217 0.00000000]
- [-1.25202491 -0.68666983 0.00000000]
- [-1.19619818 -0.71309687 0.00000000]
- [-1.14023722 -0.73892417 0.00000000]
- [-1.08295832 -0.76145777 0.00000000]
- [-1.02487918 -0.78334613 0.00000000]
- [-0.96672394 -0.80363960 0.00000000]
- [-0.90745549 -0.82141415 0.00000000]
- [-0.84667933 -0.83414699 0.00000000]
- [-0.79079884 -0.84330686 0.00000000]
- [-0.73176570 -0.85642614 0.00000000]
- [-0.67285942 -0.86918584 0.00000000]
- [-0.61384970 -0.87957880 0.00000000]
- [-0.55393728 -0.88877242 0.00000000]
- [-0.49426445 -0.89760652 0.00000000]
- [-0.43464483 -0.90421504 0.00000000]
- [-0.37424982 -0.90958689 0.00000000]
- [-0.31396160 -0.91465985 0.00000000]
- [-0.25400998 -0.91800029 0.00000000]
- [-0.19350039 -0.91974978 0.00000000]
- [-0.13277070 -0.92122318 0.00000000]
- [-0.07266807 -0.92170838 0.00000000]
- [-0.01234700 -0.92002634 0.00000000]
- [0.05631871 -0.91777420 0.00000000]
- [0.12459581 -0.91954300 0.00000000]
- [0.18664316 -0.91927419 0.00000000]
- [0.24886635 -0.91380290 0.00000000]
- [0.31062718 -0.90811535 0.00000000]
- [0.37199975 -0.90033133 0.00000000]
- [0.43372618 -0.89161671 0.00000000]
- [0.49543484 -0.88266212 0.00000000]
- [0.55657333 -0.87297437 0.00000000]
- [0.61751580 -0.86125991 0.00000000]
- [0.67885283 -0.84925493 0.00000000]
- [0.73979022 -0.83706901 0.00000000]
- [0.80020263 -0.82331433 0.00000000]
- [0.86073902 -0.80852409 0.00000000]
- [0.92135561 -0.79348170 0.00000000]
- [0.98151124 -0.77811624 0.00000000]
- [1.04121282 -0.76111868 0.00000000]
- [1.10114344 -0.74355555 0.00000000]
- [1.16099505 -0.72581902 0.00000000]
- [1.22039685 -0.70760346 0.00000000]
- [1.27947354 -0.68807451 0.00000000]
- [1.33876291 -0.66821972 0.00000000]
- [1.39791280 -0.64827558 0.00000000]
- [1.45665573 -0.62777346 0.00000000]
- [1.51521141 -0.60633891 0.00000000]
- [1.57392152 -0.58472587 0.00000000]
- [1.63248825 -0.56304665 0.00000000]
- [1.69077550 -0.54086998 0.00000000]
- [1.74901101 -0.51822257 0.00000000]
- [1.80730801 -0.49546359 0.00000000]
- [1.86554891 -0.47265693 0.00000000]
- [1.92369713 -0.44964774 0.00000000]
- [1.98140961 -0.42669022 0.00000000]
- [2.03914465 -0.40370209 0.00000000]
- [2.09694867 -0.38070467 0.00000000]
- [2.15486062 -0.35793372 0.00000000]
- [2.21275595 -0.33526120 0.00000000]
- [2.27069362 -0.31261943 0.00000000]
- [2.32887909 -0.29009524 0.00000000]
- [2.38733484 -0.26832459 0.00000000]
- [2.44567906 -0.24674483 0.00000000]
- [2.50420855 -0.22521824 0.00000000]
- [2.56319890 -0.20433855 0.00000000]
- [2.62236718 -0.18443684 0.00000000]
- [2.68141110 -0.16473478 0.00000000]
- [2.74089286 -0.14515774 0.00000000]
- [2.80091805 -0.12715287 0.00000000]
- [2.86073555 -0.10968713 0.00000000]
- [2.92086115 -0.09237680 0.00000000]
- [2.98163832 -0.07641654 0.00000000]
- [3.04246638 -0.06185260 0.00000000]
- [3.10327679 -0.04756149 0.00000000]
- [3.16469096 -0.03420548 0.00000000]
- [3.22630240 -0.02268723 0.00000000]
- [3.28776754 -0.01152002 0.00000000]
- [3.34981665 -0.00127445 0.00000000]
- [3.41200741 0.00695292 0.00000000]
- [3.47513707 0.00587129 0.00000000]
- [3.53717461 0.00318011 0.00000000]
- [3.59824908 0.00764602 0.00000000]
- [3.65938991 0.01164831 0.00000000]
- [3.72070435 0.01355618 0.00000000]
- [3.78193321 0.01424539 0.00000000]
- [3.84325790 0.01395285 0.00000000]
- [3.90450335 0.01151412 0.00000000]
- [3.96572334 0.00843951 0.00000000]
- [4.02683727 0.00318630 0.00000000]
- [4.08787045 -0.00311238 0.00000000]
- [4.14866990 -0.01172174 0.00000000]
- [4.20919215 -0.02188293 0.00000000]
- [4.26930007 -0.03390919 0.00000000]
- [4.31803354 -0.04946252 0.00000000]
- [1.92852885 -0.38764759 0.00000000]
- [1.93336057 -0.32564744 0.00000000]
- [1.93819229 -0.26364730 0.00000000]
- [1.94302401 -0.20164715 0.00000000]
- [1.94785573 -0.13964700 0.00000000]
- [1.95268745 -0.07764685 0.00000000]
- [1.95751917 -0.01564670 0.00000000]
- [1.96235088 0.04635344 0.00000000]
- [1.96718260 0.10835359 0.00000000]
- [1.97201432 0.17035374 0.00000000]
- [1.97684604 0.23235389 0.00000000]
- [1.98167776 0.29435404 0.00000000]
- [1.98650948 0.35635418 0.00000000]
- [1.99134120 0.41835433 0.00000000]
- [1.99617292 0.48035448 0.00000000]
- [2.00100464 0.54235463 0.00000000]
- [-0.78623162 -0.78199347 0.00000000]
- [-0.78166441 -0.72068007 0.00000000]
- [-0.77709719 -0.65936668 0.00000000]
- [-0.77252998 -0.59805328 0.00000000]
- [-0.76796276 -0.53673989 0.00000000]
- [-0.76339555 -0.47542649 0.00000000]
- [-0.75882833 -0.41411309 0.00000000]
- [-0.75426112 -0.35279970 0.00000000]
- [-0.74969390 -0.29148630 0.00000000]
- [-0.74512669 -0.23017291 0.00000000]
- [-0.74055947 -0.16885951 0.00000000]
- [-0.73599226 -0.10754612 0.00000000]
- [-0.73142505 -0.04623272 0.00000000]
- [-0.72685783 0.01508067 0.00000000]
- [-0.72229062 0.07639407 0.00000000]
- [-0.71772340 0.13770747 0.00000000]
- [-0.71315619 0.19902086 0.00000000]
- [-0.70858897 0.26033426 0.00000000]
- [-0.70402176 0.32164765 0.00000000]
- [-0.69945454 0.38296105 0.00000000]
- [-0.69488733 0.44427444 0.00000000]
- [-0.69032011 0.50558784 0.00000000]
- [-0.68575290 0.56690124 0.00000000]
- [-0.68118568 0.62821463 0.00000000]
- [-0.67661847 0.68952803 0.00000000]
- [-0.67205126 0.75084142 0.00000000]
- [-0.66748404 0.81215482 0.00000000]
- [-0.00760834 -0.85715310 0.00000000]
- [-0.00286968 -0.79427985 0.00000000]
- [0.00186897 -0.73140661 0.00000000]
- [0.00660763 -0.66853336 0.00000000]
- [0.01134629 -0.60566012 0.00000000]
- [0.01608495 -0.54278687 0.00000000]
- [0.02082361 -0.47991363 0.00000000]
- [0.02556226 -0.41704038 0.00000000]
- [0.03030092 -0.35416714 0.00000000]
- [0.03503958 -0.29129389 0.00000000]
- [0.03977824 -0.22842065 0.00000000]
- [0.04451690 -0.16554740 0.00000000]
- [0.04925556 -0.10267416 0.00000000]
- [0.05399421 -0.03980091 0.00000000]
- [0.05873287 0.02307233 0.00000000]
- [0.06347153 0.08594558 0.00000000]
- [0.06821019 0.14881882 0.00000000]
- [0.07294885 0.21169207 0.00000000]
- [0.07768751 0.27456531 0.00000000]
- [0.08242616 0.33743856 0.00000000]
- [0.08716482 0.40031180 0.00000000]
- [0.09190348 0.46318505 0.00000000]
- [0.09664214 0.52605829 0.00000000]
- [0.10138080 0.58893154 0.00000000]
- [0.10611945 0.65180478 0.00000000]
- [0.11085811 0.71467803 0.00000000]
- [0.11559677 0.77755127 0.00000000]
- [0.12033543 0.84042452 0.00000000]
elements:
- [1 2]
- [2 3]
- [3 4]
- [4 5]
- [5 6]
- [6 7]
- [7 8]
- [8 9]
- [9 10]
- [10 11]
- [11 12]
- [12 13]
- [13 14]
- [14 15]
- [15 16]
- [16 17]
- [17 18]
- [18 19]
- [19 20]
- [20 21]
- [21 22]
- [22 23]
- [23 24]
- [24 25]
- [25 26]
- [26 27]
- [27 28]
- [28 29]
- [29 30]
- [30 31]
- [31 32]
- [32 33]
- [33 34]
- [34 35]
- [35 36]
- [36 37]
- [37 38]
- [38 39]
- [39 40]
- [40 41]
- [41 42]
- [42 43]
- [43 44]
- [44 45]
- [45 46]
- [46 47]
- [47 48]
- [48 49]
- [49 50]
- [50 51]
- [51 52]
- [52 53]
- [53 54]
- [54 55]
- [55 56]
- [56 57]
- [57 58]
- [58 59]
- [59 60]
- [60 61]
- [61 62]
- [62 63]
- [63 64]
- [64 65]
- [65 66]
- [66 67]
- [67 68]
- [68 69]
- [69 70]
- [70 71]
- [71 72]
- [72 73]
- [73 74]
- [74 75]
- [75 76]
- [76 77]
- [77 78]
- [78 79]
- [79 80]
- [80 81]
- [81 82]
- [82 83]
- [83 84]
- [84 85]
- [85 86]
- [86 87]
- [87 88]
- [88 89]
- [89 90]
- [90 91]
- [91 92]
- [92 93]
- [93 94]
- [94 95]
- [95 96]
- [96 97]
- [97 98]
- [98 99]
- [99 100]
- [100 101]
- [101 102]
- [102 103]
- [103 104]
- [104 105]
- [105 106]
- [106 107]
- [107 108]
- [108 109]
- [109 110]
- [110 111]
- [111 112]
- [112 113]
- [113 114]
- [114 115]
- [115 116]
- [116 117]
- [117 118]
- [118 119]
- [119 120]
- [120 121]
- [121 122]
- [122 123]
- [123 124]
- [124 125]
- [125 126]
- [126 127]
- [127 128]
- [128 129]
- [129 130]
- [130 131]
- [131 132]
- [132 133]
- [133 134]
- [134 135]
- [135 136]
- [136 137]
- [137 138]
- [138 139]
- [139 140]
- [140 141]
- [141 142]
- [142 143]
- [143 144]
- [144 145]
- [145 146]
- [146 147]
- [147 148]
- [148 149]
- [149 150]
- [150 151]
- [151 152]
- [152 153]
- [153 154]
- [154 155]
- [155 156]
- [156 157]
- [157 158]
- [158 159]
- [159 160]
- [160 161]
- [161 162]
- [162 163]
- [163 164]
- [164 165]
- [165 166]
- [166 167]
- [167 168]
- [168 169]
- [169 170]
- [170 171]
- [171 172]
- [172 173]
- [173 174]
- [174 175]
- [175 176]
- [176 177]
- [177 178]
- [178 179]
- [179 180]
- [180 181]
- [181 182]
- [182 183]
- [183 184]
- [184 185]
- [185 186]
- [186 187]
- [187 188]
- [188 189]
- [189 190]
- [190 191]
- [191 192]
- [192 193]
- [193 194]
- [194 195]
- [195 196]
- [196 197]
- [197 198]
- [198 199]
- [199 200]
- [200 201]
- [201 202]
- [202 203]
- [203 204]
- [204 205]
- [205 206]
- [206 207]
- [207 208]
- [208 209]
- [209 210]
- [210 211]
- [211 212]
- [212 213]
- [213 214]
- [214 215]
- [215 216]
- [216 217]
- [217 218]
- [218 219]
- [219 220]
- [220 1]
- [180 221]
- [221 222]
- [222 223]
- [223 224]
- [224 225]
- [225 226]
- [226 227]
- [227 228]
- [228 229]
- [229 230]
- [230 231]
- [231 232]
- [232 233]
- [233 234]
- [234 235]
- [235 236]
- [236 40]
- [135 237]
- [237 238]
- [238 239]
- [239 240]
- [240 241]
- [241 242]
- [242 243]
- [243 244]
- [244 245]
- [245 246]
- [246 247]
- [247 248]
- [248 249]
- [249 250]
- [250 251]
- [251 252]
- [252 253]
- [253 254]
- [254 255]
- [255 256]
- [256 257]
- [257 258]
- [258 259]
- [259 260]
- [260 261]
- [261 262]
- [262 263]
- [263 84]
- [148 264]
- [264 265]
- [265 266]
- [266 267]
- [267 268]
- [268 269]
- [269 270]
- [270 271]
- [271 272]
- [272 273]
- [273 274]
- [274 275]
- [275 276]
- [276 277]
- [277 278]
- [278 279]
- [279 280]
- [280 281]
- [281 282]
- [282 283]
- [283 284]
- [284 285]
- [285 286]
- [286 287]
- [287 288]
- [288 289]
- [289 290]
- [290 291]
- [291 71]
sets:
  element:
  - name: layup_0
    labels:
    - 1
    - 2
    - 3
    - 4
    - 5
    - 6
    - 7
    - 8
    - 9
    - 10
    - 11
    - 12
    - 13
    - 14
    - 206
    - 207
    - 208
    - 209
    - 210
    - 211
    - 212
    - 213
    - 214
    - 215
    - 216
    - 217
    - 218
    - 219
    - 220
  - name: layup_1
    labels:
    - 15
    - 16
    - 17
    - 18
    - 19
    - 20
    - 21
    - 22
    - 23
    - 24
    - 25
    - 26
    - 27
    - 28
    - 29
    - 30
    - 31
    - 32
    - 33
    - 34
    - 35
    - 36
    - 37
    - 38
    - 39
    - 40
    - 41
    - 42
    - 43
    - 44
    - 45
    - 46
    - 47
    - 48
    - 49
    - 50
    - 51
    - 52
    - 53
    - 54
    - 55
    - 56
    - 57
    - 58
    - 59
    - 60
    - 61
    - 62
    - 63
    - 64
    - 65
    - 66
    - 67
    - 68
    - 86
    - 87
    - 88
    - 89
    - 90
    - 91
    - 92
    - 93
    - 94
    - 95
    - 96
    - 97
    - 98
    - 99
    - 100
    - 101
    - 102
    - 103
    - 104
    - 105
    - 116
    - 117
    - 118
    - 119
    - 120
    - 121
    - 122
    - 123
    - 124
    - 125
    - 126
    - 127
    - 128
    - 129
    - 130
    - 131
    - 132
    - 133
    - 150
    - 151
    - 152
    - 153
    - 154
    - 155
    - 156
    - 157
    - 158
    - 159
    - 160
    - 161
    - 162
    - 163
    - 164
    - 165
    - 166
    - 167
    - 168
    - 169
    - 170
    - 171
    - 172
    - 173
    - 174
    - 175
    - 176
    - 177
    - 178
    - 179
    - 180
    - 181
    - 182
    - 183
    - 184
    - 185
    - 186
    - 187
    - 188
    - 189
    - 190
    - 191
    - 192
    - 193
    - 194
    - 195
    - 196
    - 197
    - 198
    - 199
    - 200
    - 201
    - 202
    - 203
    - 204
    - 205
  - name: layup_2
    labels:
    - 69
    - 70
    - 71
    - 72
    - 73
    - 74
    - 75
    - 76
    - 77
    - 78
    - 79
    - 80
    - 81
    - 82
    - 83
    - 84
    - 85
  - name: layup_3
    labels:
    - 106
    - 107
    - 108
    - 109
    - 110
    - 111
    - 112
    - 113
    - 114
    - 115
  - name: layup_4
    labels:
    - 134
    - 135
    - 136
    - 137
    - 138
    - 139
    - 140
    - 141
    - 142
    - 143
    - 144
    - 145
    - 146
    - 147
    - 148
    - 149
  - name: layup_5
    labels:
    - 221
    - 222
    - 223
    - 224
    - 225
    - 226
    - 227
    - 228
    - 229
    - 230
    - 231
    - 232
    - 233
    - 234
    - 235
    - 236
    - 237
    - 238
    - 239
    - 240
    - 241
    - 242
    - 243
    - 244
    - 245
    - 246
    - 247
    - 248
    - 249
    - 250
    - 251
    - 252
    - 253
    - 254
    - 255
    - 256
    - 257
    - 258
    - 259
    - 260
    - 261
    - 262
    - 263
    - 264
    - 265
    - 266
    - 267
    - 268
    - 269
    - 270
    - 271
    - 272
    - 273
    - 274
    - 275
    - 276
    - 277
    - 278
    - 279
    - 280
    - 281
    - 282
    - 283
    - 284
    - 285
    - 286
    - 287
    - 288
    - 289
    - 290
    - 291
    - 292
    - 293
    - 294
sections:
- type: shell
  elementSet: layup_0
  layup:
  - - gelcoat
    - 0.0005
    - 0.0
  - - glass_triax
    - 0.003
    - 0.0
  - - glass_uniax
    - 0.0196568
    - 0.0
  - - glass_triax
    - 0.003
    - 0.0
- type: shell
  elementSet: layup_1
  layup:
  - - gelcoat
    - 0.0005
    - 0.0
  - - glass_triax
    - 0.003
    - 0.0
  - - medium_density_foam
    - 0.055625
    - 0.0
  - - glass_triax
    - 0.003
    - 0.0
- type: shell
  elementSet: layup_2
  layup:
  - - gelcoat
    - 0.0005
    - 0.0
  - - glass_triax
    - 0.003
    - 0.0
  - - carbon_uniax
    - 0.07704511
    - 0.0
  - - glass_triax
    - 0.003
    - 0.0
- type: shell
  elementSet: layup_3
  layup:
  - - gelcoat
    - 0.0005
    - 0.0
  - - glass_triax
    - 0.003
    - 0.0
  - - glass_uniax
    - 0.0159497
    - 0.0
  - - glass_triax
    - 0.003
    - 0.0
- type: shell
  elementSet: layup_4
  layup:
  - - gelcoat
    - 0.0005
    - 0.0
  - - glass_triax
    - 0.003
    - 0.0
  - - carbon_uniax
    - 0.07488566
    - 0.0
  - - glass_triax
    - 0.003
    - 0.0
- type: shell
  elementSet: layup_5
  layup:
  - - glass_biax
    - 0.002
    - 0.0
  - - medium_density_foam
    - 0.0356
    - 0.0
  - - glass_biax
    - 0.002
    - 0.0
elementOrientations:
- [0.0, 0.0, 1.0, -0.9827080395312082, 0.18516184553176526, 0.0, -0.18516184553176526,
  -0.9827080395312082, 0.0]
- [0.0, 0.0, 1.0, -0.9717826860293626, 0.23587795813419588, 0.0, -0.23587795813419588,
  -0.9717826860293626, 0.0]
- [0.0, 0.0, 1.0, -0.9722689645147982, 0.23386547552240872, 0.0, -0.23386547552240872,
  -0.9722689645147982, 0.0]
- [0.0, 0.0, 1.0, -0.9724336886171653, 0.23317959010688336, 0.0, -0.23317959010688336,
  -0.9724336886171653, 0.0]
- [0.0, 0.0, 1.0, -0.9725410071250438, 0.23273158242964245, 0.0, -0.23273158242964245,
  -0.9725410071250438, 0.0]
- [0.0, 0.0, 1.0, -0.9724403819409912, 0.23315167503249706, 0.0, -0.23315167503249706,
  -0.9724403819409912, 0.0]
- [0.0, 0.0, 1.0, -0.9719707087331173, 0.23510198077609168, 0.0, -0.23510198077609168,
  -0.9719707087331173, 0.0]
- [0.0, 0.0, 1.0, -0.9718448243445633, 0.2356218100997549, 0.0, -0.2356218100997549,
  -0.9718448243445633, 0.0]
- [0.0, 0.0, 1.0, -0.9710633638155771, 0.23882199114649402, 0.0, -0.23882199114649402,
  -0.9710633638155771, 0.0]
- [0.0, 0.0, 1.0, -0.9706620431465136, 0.24044791118792372, 0.0, -0.24044791118792372,
  -0.9706620431465136, 0.0]
- [0.0, 0.0, 1.0, -0.9705028433397593, 0.2410896743318606, 0.0, -0.2410896743318606,
  -0.9705028433397593, 0.0]
- [0.0, 0.0, 1.0, -0.9699765518559765, 0.2431984556891553, 0.0, -0.2431984556891553,
  -0.9699765518559765, 0.0]
- [0.0, 0.0, 1.0, -0.9699137890977886, 0.24344864287559811, 0.0, -0.24344864287559811,
  -0.9699137890977886, 0.0]
- [0.0, 0.0, 1.0, -0.9949782463884888, 0.10009140429471403, 0.0, -0.10009140429471403,
  -0.9949782463884888, 0.0]
- [0.0, 0.0, 1.0, -0.9947488934870404, 0.1023456833789713, 0.0, -0.1023456833789713,
  -0.9947488934870404, 0.0]
- [0.0, 0.0, 1.0, -0.969286446629858, 0.24593451238015293, 0.0, -0.24593451238015293,
  -0.969286446629858, 0.0]
- [0.0, 0.0, 1.0, -0.9691334577554098, 0.2465366931291229, 0.0, -0.2465366931291229,
  -0.9691334577554098, 0.0]
- [0.0, 0.0, 1.0, -0.9689752628037994, 0.24715772307234862, 0.0, -0.24715772307234862,
  -0.9689752628037994, 0.0]
- [0.0, 0.0, 1.0, -0.9689700143558864, 0.24717829856027648, 0.0, -0.24717829856027648,
  -0.9689700143558864, 0.0]
- [0.0, 0.0, 1.0, -0.9689289110626979, 0.2473393727388634, 0.0, -0.2473393727388634,
  -0.9689289110626979, 0.0]
- [0.0, 0.0, 1.0, -0.9690851734569986, 0.2467264205264988, 0.0, -0.2467264205264988,
  -0.9690851734569986, 0.0]
- [0.0, 0.0, 1.0, -0.9690897352137133, 0.24670850229251318, 0.0, -0.24670850229251318,
  -0.9690897352137133, 0.0]
- [0.0, 0.0, 1.0, -0.9691253640141538, 0.24656850736546593, 0.0, -0.24656850736546593,
  -0.9691253640141538, 0.0]
- [0.0, 0.0, 1.0, -0.9693146109150972, 0.24582348355377617, 0.0, -0.24582348355377617,
  -0.9693146109150972, 0.0]
- [0.0, 0.0, 1.0, -0.9693754564209636, 0.2455834369183895, 0.0, -0.2455834369183895,
  -0.9693754564209636, 0.0]
- [0.0, 0.0, 1.0, -0.9694254391742516, 0.2453860588578933, 0.0, -0.2453860588578933,
  -0.9694254391742516, 0.0]
- [0.0, 0.0, 1.0, -0.9697366473349202, 0.24415330187328776, 0.0, -0.24415330187328776,
  -0.9697366473349202, 0.0]
- [0.0, 0.0, 1.0, -0.970048855388776, 0.24290989720249218, 0.0, -0.24290989720249218,
  -0.970048855388776, 0.0]
- [0.0, 0.0, 1.0, -0.9700971136640125, 0.2427170988223777, 0.0, -0.2427170988223777,
  -0.9700971136640125, 0.0]
- [0.0, 0.0, 1.0, -0.9702554053530322, 0.24208355661470093, 0.0, -0.24208355661470093,
  -0.9702554053530322, 0.0]
- [0.0, 0.0, 1.0, -0.9710904660331536, 0.2387117650630409, 0.0, -0.2387117650630409,
  -0.9710904660331536, 0.0]
- [0.0, 0.0, 1.0, -0.9712488761164098, 0.23806642065316752, 0.0, -0.23806642065316752,
  -0.9712488761164098, 0.0]
- [0.0, 0.0, 1.0, -0.9713342843550506, 0.23771770661114333, 0.0, -0.23771770661114333,
  -0.9713342843550506, 0.0]
- [0.0, 0.0, 1.0, -0.9718695485291697, 0.23551980944648332, 0.0, -0.23551980944648332,
  -0.9718695485291697, 0.0]
- [0.0, 0.0, 1.0, -0.9725762956732888, 0.2325840688749411, 0.0, -0.2325840688749411,
  -0.9725762956732888, 0.0]
- [0.0, 0.0, 1.0, -0.9727390782248726, 0.23190231929462296, 0.0, -0.23190231929462296,
  -0.9727390782248726, 0.0]
- [0.0, 0.0, 1.0, -0.97282409901247, 0.23154540025786738, 0.0, -0.23154540025786738,
  -0.97282409901247, 0.0]
- [0.0, 0.0, 1.0, -0.9739388450623183, 0.22681077152260082, 0.0, -0.22681077152260082,
  -0.9739388450623183, 0.0]
- [0.0, 0.0, 1.0, -0.9743985822601028, 0.22482749584848763, 0.0, -0.22482749584848763,
  -0.9743985822601028, 0.0]
- [0.0, 0.0, 1.0, -0.9745402258691314, 0.22421272970762032, 0.0, -0.22421272970762032,
  -0.9745402258691314, 0.0]
- [0.0, 0.0, 1.0, -0.9748206599667608, 0.22299031571341588, 0.0, -0.22299031571341588,
  -0.9748206599667608, 0.0]
- [0.0, 0.0, 1.0, -0.9762336007332454, 0.21672091915503316, 0.0, -0.21672091915503316,
  -0.9762336007332454, 0.0]
- [0.0, 0.0, 1.0, -0.9764271764883382, 0.2158470963784585, 0.0, -0.2158470963784585,
  -0.9764271764883382, 0.0]
- [0.0, 0.0, 1.0, -0.9765902427031278, 0.21510810737172567, 0.0, -0.21510810737172567,
  -0.9765902427031278, 0.0]
- [0.0, 0.0, 1.0, -0.9773845419130948, 0.21146975488076294, 0.0, -0.21146975488076294,
  -0.9773845419130948, 0.0]
- [0.0, 0.0, 1.0, -0.9786921564880756, 0.20533305342472336, 0.0, -0.20533305342472336,
  -0.9786921564880756, 0.0]
- [0.0, 0.0, 1.0, -0.9788081265404156, 0.2047795190404588, 0.0, -0.2047795190404588,
  -0.9788081265404156, 0.0]
- [0.0, 0.0, 1.0, -0.9790333567804389, 0.20369999094557126, 0.0, -0.20369999094557126,
  -0.9790333567804389, 0.0]
- [0.0, 0.0, 1.0, -0.9804472830959438, 0.19678192261938646, 0.0, -0.19678192261938646,
  -0.9804472830959438, 0.0]
- [0.0, 0.0, 1.0, -0.9812451778172006, 0.19276384777880526, 0.0, -0.19276384777880526,
  -0.9812451778172006, 0.0]
- [0.0, 0.0, 1.0, -0.981484304204093, 0.19154258169140223, 0.0, -0.19154258169140223,
  -0.981484304204093, 0.0]
- [0.0, 0.0, 1.0, -0.9819614326681002, 0.18908131783021875, 0.0, -0.18908131783021875,
  -0.9819614326681002, 0.0]
- [0.0, 0.0, 1.0, -0.9837974824150875, 0.17928333328487514, 0.0, -0.17928333328487514,
  -0.9837974824150875, 0.0]
- [0.0, 0.0, 1.0, -0.9843109388736884, 0.1764425561297446, 0.0, -0.1764425561297446,
  -0.9843109388736884, 0.0]
- [0.0, 0.0, 1.0, -0.9845275136087392, 0.17523006290986085, 0.0, -0.17523006290986085,
  -0.9845275136087392, 0.0]
- [0.0, 0.0, 1.0, -0.9856955947453286, 0.16853543989218633, 0.0, -0.16853543989218633,
  -0.9856955947453286, 0.0]
- [0.0, 0.0, 1.0, -0.9875695951604379, 0.1571823613343708, 0.0, -0.1571823613343708,
  -0.9875695951604379, 0.0]
- [0.0, 0.0, 1.0, -0.9878194700180095, 0.15560428867270565, 0.0, -0.15560428867270565,
  -0.9878194700180095, 0.0]
- [0.0, 0.0, 1.0, -0.9881086421552457, 0.1537573129906879, 0.0, -0.1537573129906879,
  -0.9881086421552457, 0.0]
- [0.0, 0.0, 1.0, -0.9901833922750183, 0.13977428112044474, 0.0, -0.13977428112044474,
  -0.9901833922750183, 0.0]
- [0.0, 0.0, 1.0, -0.9911274164036842, 0.13291517766213953, 0.0, -0.13291517766213953,
  -0.9911274164036842, 0.0]
- [0.0, 0.0, 1.0, -0.9914045381095509, 0.13083211309074, 0.0, -0.13083211309074, -0.9914045381095509,
  0.0]
- [0.0, 0.0, 1.0, -0.9921446856139071, 0.12509565463308978, 0.0, -0.12509565463308978,
  -0.9921446856139071, 0.0]
- [0.0, 0.0, 1.0, -0.9942610259237954, 0.10698136440035665, 0.0, -0.10698136440035665,
  -0.9942610259237954, 0.0]
- [0.0, 0.0, 1.0, -0.9945880616410049, 0.10389700496736466, 0.0, -0.10389700496736466,
  -0.9945880616410049, 0.0]
- [0.0, 0.0, 1.0, -0.994839994923215, 0.10145631819249952, 0.0, -0.10145631819249952,
  -0.994839994923215, 0.0]
- [0.0, 0.0, 1.0, -0.9965433503441532, 0.08307436960248446, 0.0, -0.08307436960248446,
  -0.9965433503441532, 0.0]
- [0.0, 0.0, 1.0, -0.9999118016273384, -0.013281150792391118, 0.0, 0.013281150792391118,
  -0.9999118016273384, 0.0]
- [0.0, 0.0, 1.0, -0.9992500213252226, -0.03872202062834702, 0.0, 0.03872202062834702,
  -0.9992500213252226, 0.0]
- [0.0, 0.0, 1.0, -0.9977718159272091, 0.06671883797938583, 0.0, -0.06671883797938583,
  -0.9977718159272091, 0.0]
- [0.0, 0.0, 1.0, -0.9990925876308073, 0.042591094622906826, 0.0, -0.042591094622906826,
  -0.9990925876308073, 0.0]
- [0.0, 0.0, 1.0, -0.9993986632032138, 0.03467437076039505, 0.0, -0.03467437076039505,
  -0.9993986632032138, 0.0]
- [0.0, 0.0, 1.0, -0.9995200989232182, 0.030976956734319914, 0.0, -0.030976956734319914,
  -0.9995200989232182, 0.0]
- [0.0, 0.0, 1.0, -0.9999252779483165, 0.012224504897213051, 0.0, -0.012224504897213051,
  -0.9999252779483165, 0.0]
- [0.0, 0.0, 1.0, -0.9999613096368992, -0.008796546439210497, 0.0, 0.008796546439210497,
  -0.9999613096368992, 0.0]
- [0.0, 0.0, 1.0, -0.9999182621295272, -0.012785501940332237, 0.0, 0.012785501940332237,
  -0.9999182621295272, 0.0]
- [0.0, 0.0, 1.0, -0.9996303749780514, -0.027186640491983147, 0.0, 0.027186640491983147,
  -0.9996303749780514, 0.0]
- [0.0, 0.0, 1.0, -0.998376728555688, -0.056955314751496344, 0.0, 0.056955314751496344,
  -0.998376728555688, 0.0]
- [0.0, 0.0, 1.0, -0.9979994834812336, -0.06322207661245405, 0.0, 0.06322207661245405,
  -0.9979994834812336, 0.0]
- [0.0, 0.0, 1.0, -0.9973355452260307, -0.0729507383697783, 0.0, 0.0729507383697783,
  -0.9973355452260307, 0.0]
- [0.0, 0.0, 1.0, -0.9934100248639971, -0.11461466965320238, 0.0, 0.11461466965320238,
  -0.9934100248639971, 0.0]
- [0.0, 0.0, 1.0, -0.9927257508724194, -0.12039760610074958, 0.0, 0.12039760610074958,
  -0.9927257508724194, 0.0]
- [0.0, 0.0, 1.0, -0.9906749477033946, -0.13624664396922406, 0.0, 0.13624664396922406,
  -0.9906749477033946, 0.0]
- [0.0, 0.0, 1.0, -0.9845606970938007, -0.1750435195549079, 0.0, 0.1750435195549079,
  -0.9845606970938007, 0.0]
- [0.0, 0.0, 1.0, -0.9974824019678695, -0.0709144397454399, 0.0, 0.0709144397454399,
  -0.9974824019678695, 0.0]
- [0.0, 0.0, 1.0, -0.9942621124669505, -0.10697126582759077, 0.0, 0.10697126582759077,
  -0.9942621124669505, 0.0]
- [0.0, 0.0, 1.0, -0.9718901454519715, -0.23543480025974442, 0.0, 0.23543480025974442,
  -0.9718901454519715, 0.0]
- [0.0, 0.0, 1.0, -0.9667641503009403, -0.25566986074408704, 0.0, 0.25566986074408704,
  -0.9667641503009403, 0.0]
- [0.0, 0.0, 1.0, -0.9620211345010493, -0.2729749746282873, 0.0, 0.2729749746282873,
  -0.9620211345010493, 0.0]
- [0.0, 0.0, 1.0, -0.9474767621115748, -0.31982461640493876, 0.0, 0.31982461640493876,
  -0.9474767621115748, 0.0]
- [0.0, 0.0, 1.0, -0.9433245483573603, -0.3318716566180096, 0.0, 0.3318716566180096,
  -0.9433245483573603, 0.0]
- [0.0, 0.0, 1.0, -0.9289763956537709, -0.3701389689267108, 0.0, 0.3701389689267108,
  -0.9289763956537709, 0.0]
- [0.0, 0.0, 1.0, -0.915173753366137, -0.4030595503765382, 0.0, 0.4030595503765382,
  -0.915173753366137, 0.0]
- [0.0, 0.0, 1.0, -0.9070231899786626, -0.4210806726043488, 0.0, 0.4210806726043488,
  -0.9070231899786626, 0.0]
- [0.0, 0.0, 1.0, -0.8794030623089528, -0.4760779915115129, 0.0, 0.4760779915115129,
  -0.8794030623089528, 0.0]
- [0.0, 0.0, 1.0, -0.8726476727448866, -0.48835032430923325, 0.0, 0.48835032430923325,
  -0.8726476727448866, 0.0]
- [0.0, 0.0, 1.0, -0.8410071677408303, -0.5410239771105777, 0.0, 0.5410239771105777,
  -0.8410071677408303, 0.0]
- [0.0, 0.0, 1.0, -0.8264323584449291, -0.5630360174226442, 0.0, 0.5630360174226442,
  -0.8264323584449291, 0.0]
- [0.0, 0.0, 1.0, -0.7944729009989696, -0.6072996044608306, 0.0, 0.6072996044608306,
  -0.7944729009989696, 0.0]
- [0.0, 0.0, 1.0, -0.769569105595142, -0.6385635377262731, 0.0, 0.6385635377262731,
  -0.769569105595142, 0.0]
- [0.0, 0.0, 1.0, -0.729815856385544, -0.6836437784169727, 0.0, 0.6836437784169727,
  -0.729815856385544, 0.0]
- [0.0, 0.0, 1.0, -0.7003256047612157, -0.7138235407408734, 0.0, 0.7138235407408734,
  -0.7003256047612157, 0.0]
- [0.0, 0.0, 1.0, -0.6420567859745442, -0.766657083436942, 0.0, 0.766657083436942,
  -0.6420567859745442, 0.0]
- [0.0, 0.0, 1.0, -0.6078525191593448, -0.7940499448722595, 0.0, 0.7940499448722595,
  -0.6078525191593448, 0.0]
- [0.0, 0.0, 1.0, -0.6618181354970966, -0.7496644286126606, 0.0, 0.7496644286126606,
  -0.6618181354970966, 0.0]
- [0.0, 0.0, 1.0, -0.6099670171327797, -0.7924268029352234, 0.0, 0.7924268029352234,
  -0.6099670171327797, 0.0]
- [0.0, 0.0, 1.0, -0.3872445081807542, -0.9219770555083493, 0.0, 0.9219770555083493,
  -0.3872445081807542, 0.0]
- [0.0, 0.0, 1.0, -0.2785153670352933, -0.9604317728632242, 0.0, 0.9604317728632242,
  -0.2785153670352933, 0.0]
- [0.0, 0.0, 1.0, -0.1880525975730623, -0.9821589588992323, 0.0, 0.9821589588992323,
  -0.1880525975730623, 0.0]
- [0.0, 0.0, 1.0, -0.08451616341533381, -0.9964221084066494, 0.0, 0.9964221084066494,
  -0.08451616341533381, 0.0]
- [0.0, 0.0, 1.0, 0.07994528106703973, -0.9967992536288899, 0.0, 0.9967992536288899,
  0.07994528106703973, 0.0]
- [0.0, 0.0, 1.0, 0.21060283009537348, -0.9775717098790345, 0.0, 0.9775717098790345,
  0.21060283009537348, 0.0]
- [0.0, 0.0, 1.0, 0.30971023913498347, -0.9508309880178241, 0.0, 0.9508309880178241,
  0.30971023913498347, 0.0]
- [0.0, 0.0, 1.0, 0.41198185573634905, -0.9111920492102826, 0.0, 0.9111920492102826,
  0.41198185573634905, 0.0]
- [0.0, 0.0, 1.0, 0.648213339979699, -0.7614587749001013, 0.0, 0.7614587749001013,
  0.648213339979699, 0.0]
- [0.0, 0.0, 1.0, 0.6894096849705421, -0.7243716492718484, 0.0, 0.7243716492718484,
  0.6894096849705421, 0.0]
- [0.0, 0.0, 1.0, 0.6279643464384458, -0.7782421086025452, 0.0, 0.7782421086025452,
  0.6279643464384458, 0.0]
- [0.0, 0.0, 1.0, 0.6735787857061414, -0.7391154303940894, 0.0, 0.7391154303940894,
  0.6735787857061414, 0.0]
- [0.0, 0.0, 1.0, 0.7101214660513906, -0.7040791883396523, 0.0, 0.7040791883396523,
  0.7101214660513906, 0.0]
- [0.0, 0.0, 1.0, 0.7519579016521015, -0.659211130172245, 0.0, 0.659211130172245,
  0.7519579016521015, 0.0]
- [0.0, 0.0, 1.0, 0.7727473275358651, -0.6347137683918463, 0.0, 0.6347137683918463,
  0.7727473275358651, 0.0]
- [0.0, 0.0, 1.0, 0.809435647356296, -0.5872085939331049, 0.0, 0.5872085939331049,
  0.809435647356296, 0.0]
- [0.0, 0.0, 1.0, 0.8252358603365197, -0.5647882566189246, 0.0, 0.5647882566189246,
  0.8252358603365197, 0.0]
- [0.0, 0.0, 1.0, 0.8503529405226526, -0.5262127673712204, 0.0, 0.5262127673712204,
  0.8503529405226526, 0.0]
- [0.0, 0.0, 1.0, 0.8683681644922668, -0.49592008519148656, 0.0, 0.49592008519148656,
  0.8683681644922668, 0.0]
- [0.0, 0.0, 1.0, 0.8818482238780524, -0.4715333604774158, 0.0, 0.4715333604774158,
  0.8818482238780524, 0.0]
- [0.0, 0.0, 1.0, 0.9038455471862759, -0.4278588865870869, 0.0, 0.4278588865870869,
  0.9038455471862759, 0.0]
- [0.0, 0.0, 1.0, 0.907964489045351, -0.4190471174374245, 0.0, 0.4190471174374245,
  0.907964489045351, 0.0]
- [0.0, 0.0, 1.0, 0.9305790391541225, -0.3660910431668469, 0.0, 0.3660910431668469,
  0.9305790391541225, 0.0]
- [0.0, 0.0, 1.0, 0.9357522710089523, -0.3526580316703254, 0.0, 0.3526580316703254,
  0.9357522710089523, 0.0]
- [0.0, 0.0, 1.0, 0.9441660470127822, -0.32946999206036465, 0.0, 0.32946999206036465,
  0.9441660470127822, 0.0]
- [0.0, 0.0, 1.0, 0.9578528770388525, -0.28725923126749664, 0.0, 0.28725923126749664,
  0.9578528770388525, 0.0]
- [0.0, 0.0, 1.0, 0.9787510700400918, -0.20505204923476253, 0.0, 0.20505204923476253,
  0.9787510700400918, 0.0]
- [0.0, 0.0, 1.0, 0.9868300870548389, -0.16176025248292322, 0.0, 0.16176025248292322,
  0.9868300870548389, 0.0]
- [0.0, 0.0, 1.0, 0.9761842660477377, -0.216943031049259, 0.0, 0.216943031049259,
  0.9761842660477377, 0.0]
- [0.0, 0.0, 1.0, 0.9773345569831625, -0.2117006464952943, 0.0, 0.2117006464952943,
  0.9773345569831625, 0.0]
- [0.0, 0.0, 1.0, 0.9848421068254247, -0.17345323468779322, 0.0, 0.17345323468779322,
  0.9848421068254247, 0.0]
- [0.0, 0.0, 1.0, 0.9884303352919991, -0.15167554936292926, 0.0, 0.15167554936292926,
  0.9884303352919991, 0.0]
- [0.0, 0.0, 1.0, 0.9892186253709976, -0.14644627417286496, 0.0, 0.14644627417286496,
  0.9892186253709976, 0.0]
- [0.0, 0.0, 1.0, 0.9939127728558649, -0.11016986863006492, 0.0, 0.11016986863006492,
  0.9939127728558649, 0.0]
- [0.0, 0.0, 1.0, 0.9960676872524401, -0.08859549882231822, 0.0, 0.08859549882231822,
  0.9960676872524401, 0.0]
- [0.0, 0.0, 1.0, 0.996478482079158, -0.08384888045297446, 0.0, 0.08384888045297446,
  0.996478482079158, 0.0]
- [0.0, 0.0, 1.0, 0.9984513116068393, -0.055632529607976475, 0.0, 0.055632529607976475,
  0.9984513116068393, 0.0]
- [0.0, 0.0, 1.0, 0.9995822880818883, -0.02890068083932965, 0.0, 0.02890068083932965,
  0.9995822880818883, 0.0]
- [0.0, 0.0, 1.0, 0.9997058176476326, -0.024254446220815597, 0.0, 0.024254446220815597,
  0.9997058176476326, 0.0]
- [0.0, 0.0, 1.0, 0.9999674161156713, -0.008072589853819832, 0.0, 0.008072589853819832,
  0.9999674161156713, 0.0]
- [0.0, 0.0, 1.0, 0.9996114462335429, 0.027873940497975848, 0.0, -0.027873940497975848,
  0.9996114462335429, 0.0]
- [0.0, 0.0, 1.0, 0.9994625569992914, 0.03278104873914499, 0.0, -0.03278104873914499,
  0.9994625569992914, 0.0]
- [0.0, 0.0, 1.0, 0.999664604440895, -0.025897463737383553, 0.0, 0.025897463737383553,
  0.999664604440895, 0.0]
- [0.0, 0.0, 1.0, 0.9999906155648602, 0.004332295259075403, 0.0, -0.004332295259075403,
  0.9999906155648602, 0.0]
- [0.0, 0.0, 1.0, 0.996156436102518, 0.08759197915066162, 0.0, -0.08759197915066162,
  0.996156436102518, 0.0]
- [0.0, 0.0, 1.0, 0.9957864922811901, 0.09170202718764497, 0.0, -0.09170202718764497,
  0.9957864922811901, 0.0]
- [0.0, 0.0, 1.0, 0.9920525630917543, 0.1258241314815276, 0.0, -0.1258241314815276,
  0.9920525630917543, 0.0]
- [0.0, 0.0, 1.0, 0.9901804554551881, 0.13979508444346805, 0.0, -0.13979508444346805,
  0.9901804554551881, 0.0]
- [0.0, 0.0, 1.0, 0.9896348558024576, 0.14360658822229894, 0.0, -0.14360658822229894,
  0.9896348558024576, 0.0]
- [0.0, 0.0, 1.0, 0.9876774450555192, 0.1565032412718718, 0.0, -0.1565032412718718,
  0.9876774450555192, 0.0]
- [0.0, 0.0, 1.0, 0.9820221244312383, 0.18876585265232065, 0.0, -0.18876585265232065,
  0.9820221244312383, 0.0]
- [0.0, 0.0, 1.0, 0.9813798163057963, 0.19207721402498876, 0.0, -0.19207721402498876,
  0.9813798163057963, 0.0]
- [0.0, 0.0, 1.0, 0.9805854841017361, 0.19609209155130172, 0.0, -0.19609209155130172,
  0.9805854841017361, 0.0]
- [0.0, 0.0, 1.0, 0.975047021874065, 0.22199843498213387, 0.0, -0.22199843498213387,
  0.975047021874065, 0.0]
- [0.0, 0.0, 1.0, 0.9714269096157812, 0.23733891226331363, 0.0, -0.23733891226331363,
  0.9714269096157812, 0.0]
- [0.0, 0.0, 1.0, 0.9705621112055248, 0.24085096697392444, 0.0, -0.24085096697392444,
  0.9705621112055248, 0.0]
- [0.0, 0.0, 1.0, 0.9688923105763723, 0.247482707488783, 0.0, -0.247482707488783,
  0.9688923105763723, 0.0]
- [0.0, 0.0, 1.0, 0.9617789876191354, 0.2738269142621138, 0.0, -0.2738269142621138,
  0.9617789876191354, 0.0]
- [0.0, 0.0, 1.0, 0.9596403998115174, 0.2812299824869159, 0.0, -0.2812299824869159,
  0.9596403998115174, 0.0]
- [0.0, 0.0, 1.0, 0.9587862592617816, 0.2841283320100258, 0.0, -0.2841283320100258,
  0.9587862592617816, 0.0]
- [0.0, 0.0, 1.0, 0.9560586669432093, 0.2931754173916591, 0.0, -0.2931754173916591,
  0.9560586669432093, 0.0]
- [0.0, 0.0, 1.0, 0.9494676259438982, 0.31386498257126055, 0.0, -0.31386498257126055,
  0.9494676259438982, 0.0]
- [0.0, 0.0, 1.0, 0.9482425738608956, 0.31754688018883725, 0.0, -0.31754688018883725,
  0.9482425738608956, 0.0]
- [0.0, 0.0, 1.0, 0.9475841728604455, 0.31950623678480117, 0.0, -0.31950623678480117,
  0.9475841728604455, 0.0]
- [0.0, 0.0, 1.0, 0.9441482069437458, 0.32952111210802526, 0.0, -0.32952111210802526,
  0.9441482069437458, 0.0]
- [0.0, 0.0, 1.0, 0.939062065235966, 0.34374763655152935, 0.0, -0.34374763655152935,
  0.939062065235966, 0.0]
- [0.0, 0.0, 1.0, 0.9384312361501786, 0.34546608374433513, 0.0, -0.34546608374433513,
  0.9384312361501786, 0.0]
- [0.0, 0.0, 1.0, 0.9378121987425296, 0.34714302512034173, 0.0, -0.34714302512034173,
  0.9378121987425296, 0.0]
- [0.0, 0.0, 1.0, 0.9346369857688636, 0.3556032969938455, 0.0, -0.3556032969938455,
  0.9346369857688636, 0.0]
- [0.0, 0.0, 1.0, 0.9320032392029024, 0.36244994428927363, 0.0, -0.36244994428927363,
  0.9320032392029024, 0.0]
- [0.0, 0.0, 1.0, 0.9315292504542322, 0.3636664069558476, 0.0, -0.3636664069558476,
  0.9315292504542322, 0.0]
- [0.0, 0.0, 1.0, 0.9311519385174167, 0.36463141306702734, 0.0, -0.36463141306702734,
  0.9311519385174167, 0.0]
- [0.0, 0.0, 1.0, 0.9298493472566532, 0.3679404726397683, 0.0, -0.3679404726397683,
  0.9298493472566532, 0.0]
- [0.0, 0.0, 1.0, 0.9291827262306873, 0.36962069919649726, 0.0, -0.36962069919649726,
  0.9291827262306873, 0.0]
- [0.0, 0.0, 1.0, 0.929063042495414, 0.36992142823735513, 0.0, -0.36992142823735513,
  0.929063042495414, 0.0]
- [0.0, 0.0, 1.0, 0.9291634554549267, 0.3696691399712186, 0.0, -0.3696691399712186,
  0.9291634554549267, 0.0]
- [0.0, 0.0, 1.0, 0.9306430131994563, 0.36592838368051817, 0.0, -0.36592838368051817,
  0.9306430131994563, 0.0]
- [0.0, 0.0, 1.0, 0.9311454813691447, 0.36464790212727655, 0.0, -0.36464790212727655,
  0.9311454813691447, 0.0]
- [0.0, 0.0, 1.0, 0.931403568569838, 0.3639881762576517, 0.0, -0.3639881762576517,
  0.931403568569838, 0.0]
- [0.0, 0.0, 1.0, 0.932563875880082, 0.36100501021941356, 0.0, -0.36100501021941356,
  0.932563875880082, 0.0]
- [0.0, 0.0, 1.0, 0.937118737038517, 0.3490107056973105, 0.0, -0.3490107056973105,
  0.937118737038517, 0.0]
- [0.0, 0.0, 1.0, 0.9379016237157278, 0.3469013465401962, 0.0, -0.3469013465401962,
  0.9379016237157278, 0.0]
- [0.0, 0.0, 1.0, 0.9385349297308848, 0.34518427785031425, 0.0, -0.34518427785031425,
