nodes:
- [1.69229871 0.00398785 0.00000000]
- [1.67071650 0.00683205 0.00000000]
- [1.64589468 0.01156654 0.00000000]
- [1.62106537 0.01629398 0.00000000]
- [1.59623762 0.02104976 0.00000000]
- [1.57141233 0.02583163 0.00000000]
- [1.54659540 0.03066377 0.00000000]
- [1.52178795 0.03553317 0.00000000]
- [1.49698365 0.04043392 0.00000000]
- [1.47219337 0.04539849 0.00000000]
- [1.44740798 0.05038213 0.00000000]
- [1.42263248 0.05542062 0.00000000]
- [1.39786567 0.06048847 0.00000000]
- [1.37310338 0.06558762 0.00000000]
- [1.34835086 0.07073322 0.00000000]
- [1.32360825 0.07590749 0.00000000]
- [1.29886638 0.08109434 0.00000000]
- [1.27413418 0.08632711 0.00000000]
- [1.24940705 0.09157161 0.00000000]
- [1.22468121 0.09684024 0.00000000]
- [1.19996598 0.10215438 0.00000000]
- [1.17525709 0.10748369 0.00000000]
- [1.15013352 0.11090492 0.00000000]
- [1.12587371 0.11416129 0.00000000]
- [1.10203853 0.11936071 0.00000000]
- [1.07820622 0.12456585 0.00000000]
- [1.05437640 0.12977938 0.00000000]
- [1.03054801 0.13499566 0.00000000]
- [1.00672277 0.14021587 0.00000000]
- [0.98290089 0.14542669 0.00000000]
- [0.95907284 0.15061567 0.00000000]
- [0.93489728 0.15587883 0.00000000]
- [0.91072867 0.16113548 0.00000000]
- [0.88655519 0.16634809 0.00000000]
- [0.86236770 0.17153454 0.00000000]
- [0.83818115 0.17671926 0.00000000]
- [0.81400288 0.18186621 0.00000000]
- [0.78980416 0.18693094 0.00000000]
- [0.76558742 0.19197957 0.00000000]
- [0.74138460 0.19701513 0.00000000]
- [0.71717627 0.20194542 0.00000000]
- [0.69293590 0.20678827 0.00000000]
- [0.66867755 0.21160301 0.00000000]
- [0.64444174 0.21638395 0.00000000]
- [0.62017891 0.22098665 0.00000000]
- [0.59587419 0.22552918 0.00000000]
- [0.57156788 0.23004758 0.00000000]
- [0.54727770 0.23447988 0.00000000]
- [0.52295071 0.23872867 0.00000000]
- [0.49858148 0.24292239 0.00000000]
- [0.47423147 0.24709294 0.00000000]
- [0.44988045 0.25108072 0.00000000]
- [0.42547997 0.25490410 0.00000000]
- [0.40104218 0.25866952 0.00000000]
- [0.37616712 0.25910380 0.00000000]
- [0.35241803 0.25905467 0.00000000]
- [0.32904935 0.26221136 0.00000000]
- [0.30566838 0.26532014 0.00000000]
- [0.28237991 0.26832655 0.00000000]
- [0.25763556 0.27114234 0.00000000]
- [0.23276929 0.27385671 0.00000000]
- [0.20796816 0.27652806 0.00000000]
- [0.18321815 0.27886393 0.00000000]
- [0.15836111 0.28091442 0.00000000]
- [0.13346205 0.28288815 0.00000000]
- [0.10867805 0.28466932 0.00000000]
- [0.08385770 0.28597469 0.00000000]
- [0.05890235 0.28712367 0.00000000]
- [0.03406819 0.28818191 0.00000000]
- [0.00929881 0.28868962 0.00000000]
- [-0.01562689 0.28886679 0.00000000]
- [-0.04051426 0.28895811 0.00000000]
- [-0.06525275 0.28859824 0.00000000]
- [-0.09009542 0.28770354 0.00000000]
- [-0.11497553 0.28671368 0.00000000]
- [-0.13965934 0.28532750 0.00000000]
- [-0.16438681 0.28330229 0.00000000]
- [-0.18918356 0.28113154 0.00000000]
- [-0.21376384 0.27859556 0.00000000]
- [-0.23834114 0.27536636 0.00000000]
- [-0.26297640 0.27197679 0.00000000]
- [-0.28737086 0.26817203 0.00000000]
- [-0.31175094 0.26366659 0.00000000]
- [-0.33611027 0.25903025 0.00000000]
- [-0.36020589 0.25375247 0.00000000]
- [-0.38436564 0.24792760 0.00000000]
- [-0.40831368 0.24202884 0.00000000]
- [-0.43195282 0.23507575 0.00000000]
- [-0.45569802 0.22789220 0.00000000]
- [-0.47909627 0.22020617 0.00000000]
- [-0.50232797 0.21180349 0.00000000]
- [-0.52436473 0.20346814 0.00000000]
- [-0.54608315 0.19429680 0.00000000]
- [-0.56765144 0.18486190 0.00000000]
- [-0.59024277 0.17753233 0.00000000]
- [-0.61457472 0.16877877 0.00000000]
- [-0.63678051 0.15592434 0.00000000]
- [-0.65860833 0.14260048 0.00000000]
- [-0.67939643 0.12786303 0.00000000]
- [-0.70100489 0.11397906 0.00000000]
- [-0.72152807 0.09909360 0.00000000]
- [-0.73882794 0.08073857 0.00000000]
- [-0.75428019 0.06095089 0.00000000]
- [-0.76672568 0.03945599 0.00000000]
- [-0.77497002 0.01643169 0.00000000]
- [-0.77633963 -0.00749749 0.00000000]
- [-0.76921184 -0.03021288 0.00000000]
- [-0.75493414 -0.05003175 0.00000000]
- [-0.73711235 -0.06758593 0.00000000]
- [-0.71746620 -0.08350666 0.00000000]
- [-0.69548518 -0.09629818 0.00000000]
- [-0.67241785 -0.10807967 0.00000000]
- [-0.64990263 -0.12081531 0.00000000]
- [-0.62702043 -0.13290214 0.00000000]
- [-0.60358917 -0.14401113 0.00000000]
- [-0.57995101 -0.15472841 0.00000000]
- [-0.55589396 -0.16452595 0.00000000]
- [-0.53170870 -0.17403026 0.00000000]
- [-0.50608527 -0.17948381 0.00000000]
- [-0.48408572 -0.18345344 0.00000000]
- [-0.46311872 -0.19003537 0.00000000]
- [-0.43976187 -0.19678087 0.00000000]
- [-0.41650654 -0.20339834 0.00000000]
- [-0.39302867 -0.20908248 0.00000000]
- [-0.36931062 -0.21465837 0.00000000]
- [-0.34571064 -0.21986744 0.00000000]
- [-0.32188545 -0.22435693 0.00000000]
- [-0.29794678 -0.22875963 0.00000000]
- [-0.27410333 -0.23267680 0.00000000]
- [-0.25003563 -0.23598366 0.00000000]
- [-0.22591066 -0.23922575 0.00000000]
- [-0.20188619 -0.24195897 0.00000000]
- [-0.17767822 -0.24415481 0.00000000]
- [-0.15339361 -0.24624136 0.00000000]
- [-0.12925929 -0.24796273 0.00000000]
- [-0.10501002 -0.24904442 0.00000000]
- [-0.08058960 -0.25000644 0.00000000]
- [-0.05640704 -0.25081616 0.00000000]
- [-0.03220527 -0.25076892 0.00000000]
- [-0.00774476 -0.25059079 0.00000000]
- [0.01651465 -0.25033993 0.00000000]
- [0.04067890 -0.24935580 0.00000000]
- [0.06504273 -0.24806221 0.00000000]
- [0.08937644 -0.24667425 0.00000000]
- [0.11350760 -0.24492321 0.00000000]
- [0.13766760 -0.24253882 0.00000000]
- [0.16198890 -0.24000585 0.00000000]
- [0.18611381 -0.23739387 0.00000000]
- [0.21008468 -0.23410048 0.00000000]
- [0.23421944 -0.23047273 0.00000000]
- [0.25835707 -0.22677848 0.00000000]
- [0.28225002 -0.22285070 0.00000000]
- [0.30608196 -0.21824429 0.00000000]
- [0.33007445 -0.21351054 0.00000000]
- [0.35251368 -0.20895764 0.00000000]
- [0.37475735 -0.20414028 0.00000000]
- [0.39697570 -0.19881183 0.00000000]
- [0.41932563 -0.19339542 0.00000000]
- [0.44158928 -0.18791396 0.00000000]
- [0.46454993 -0.18543834 0.00000000]
- [0.48978298 -0.18195076 0.00000000]
- [0.51421013 -0.17516240 0.00000000]
- [0.53858410 -0.16835843 0.00000000]
- [0.56284806 -0.16126034 0.00000000]
- [0.58711814 -0.15399414 0.00000000]
- [0.61140264 -0.14669203 0.00000000]
- [0.63565088 -0.13936852 0.00000000]
- [0.65984520 -0.13187086 0.00000000]
- [0.68406191 -0.12433035 0.00000000]
- [0.70828705 -0.11678658 0.00000000]
- [0.73251814 -0.10925540 0.00000000]
- [0.75675552 -0.10173255 0.00000000]
- [0.78100285 -0.09424079 0.00000000]
- [0.80528239 -0.08675118 0.00000000]
- [0.82963564 -0.07944180 0.00000000]
- [0.85399600 -0.07224390 0.00000000]
- [0.87837101 -0.06510366 0.00000000]
- [0.90283539 -0.05803871 0.00000000]
- [0.92741369 -0.05136518 0.00000000]
- [0.95195780 -0.04482432 0.00000000]
- [0.97540464 -0.03862081 0.00000000]
- [0.99899168 -0.03273417 0.00000000]
- [1.02261380 -0.02718767 0.00000000]
- [1.04620562 -0.02175321 0.00000000]
- [1.06992606 -0.01634999 0.00000000]
- [1.09380803 -0.01163585 0.00000000]
- [1.11759252 -0.00708044 0.00000000]
- [1.14181593 -0.00451145 0.00000000]
- [1.16720466 -0.00233279 0.00000000]
- [1.19226547 0.00136535 0.00000000]
- [1.21735329 0.00494620 0.00000000]
- [1.24254141 0.00802667 0.00000000]
- [1.26774518 0.01065051 0.00000000]
- [1.29296940 0.01312080 0.00000000]
- [1.31826124 0.01509523 0.00000000]
- [1.34354602 0.01666857 0.00000000]
- [1.36887066 0.01809079 0.00000000]
- [1.39423434 0.01883293 0.00000000]
- [1.41956790 0.01932007 0.00000000]
- [1.44494575 0.01946710 0.00000000]
- [1.47030449 0.01897713 0.00000000]
- [1.49566356 0.01829710 0.00000000]
- [1.52100154 0.01693936 0.00000000]
- [1.54630475 0.01531398 0.00000000]
- [1.57158408 0.01320656 0.00000000]
- [1.59680695 0.01071880 0.00000000]
- [1.62199040 0.00795871 0.00000000]
- [1.64712604 0.00491411 0.00000000]
- [1.67222229 0.00174048 0.00000000]
- [1.69291376 -0.00284370 0.00000000]
- [0.95284718 -0.02039432 0.00000000]
- [0.95373656 0.00403568 0.00000000]
- [0.95462594 0.02846568 0.00000000]
- [0.95551532 0.05289567 0.00000000]
- [0.95640470 0.07732567 0.00000000]
- [0.95729408 0.10175567 0.00000000]
- [0.95818346 0.12618567 0.00000000]
- [-0.46556930 -0.16492044 0.00000000]
- [-0.46801988 -0.13980552 0.00000000]
- [-0.47047046 -0.11469059 0.00000000]
- [-0.47292104 -0.08957566 0.00000000]
- [-0.47537161 -0.06446073 0.00000000]
- [-0.47782219 -0.03934580 0.00000000]
- [-0.48027277 -0.01423087 0.00000000]
- [-0.48272335 0.01088406 0.00000000]
- [-0.48517393 0.03599899 0.00000000]
- [-0.48762451 0.06111391 0.00000000]
- [-0.49007508 0.08622884 0.00000000]
- [-0.49252566 0.11134377 0.00000000]
- [-0.49497624 0.13645870 0.00000000]
- [-0.49742682 0.16157363 0.00000000]
- [-0.49987740 0.18668856 0.00000000]
- [0.32768972 -0.18941869 0.00000000]
- [0.32530499 -0.16532683 0.00000000]
- [0.32292027 -0.14123498 0.00000000]
- [0.32053554 -0.11714312 0.00000000]
- [0.31815081 -0.09305127 0.00000000]
- [0.31576609 -0.06895942 0.00000000]
- [0.31338136 -0.04486756 0.00000000]
- [0.31099663 -0.02077571 0.00000000]
- [0.30861191 0.00331615 0.00000000]
- [0.30622718 0.02740800 0.00000000]
- [0.30384245 0.05149986 0.00000000]
- [0.30145773 0.07559171 0.00000000]
- [0.29907300 0.09968357 0.00000000]
- [0.29668827 0.12377542 0.00000000]
- [0.29430355 0.14786728 0.00000000]
- [0.29191882 0.17195913 0.00000000]
- [0.28953409 0.19605099 0.00000000]
- [0.28714937 0.22014284 0.00000000]
- [0.28476464 0.24423469 0.00000000]
elements:
- [1 2]
- [2 3]
- [3 4]
- [4 5]
- [5 6]
- [6 7]
- [7 8]
- [8 9]
- [9 10]
- [10 11]
- [11 12]
- [12 13]
- [13 14]
- [14 15]
- [15 16]
- [16 17]
- [17 18]
- [18 19]
- [19 20]
- [20 21]
- [21 22]
- [22 23]
- [23 24]
- [24 25]
- [25 26]
- [26 27]
- [27 28]
- [28 29]
- [29 30]
- [30 31]
- [31 32]
- [32 33]
- [33 34]
- [34 35]
- [35 36]
- [36 37]
- [37 38]
- [38 39]
- [39 40]
- [40 41]
- [41 42]
- [42 43]
- [43 44]
- [44 45]
- [45 46]
- [46 47]
- [47 48]
- [48 49]
- [49 50]
- [50 51]
- [51 52]
- [52 53]
- [53 54]
- [54 55]
- [55 56]
- [56 57]
- [57 58]
- [58 59]
- [59 60]
- [60 61]
- [61 62]
- [62 63]
- [63 64]
- [64 65]
- [65 66]
- [66 67]
- [67 68]
- [68 69]
- [69 70]
- [70 71]
- [71 72]
- [72 73]
- [73 74]
- [74 75]
- [75 76]
- [76 77]
- [77 78]
- [78 79]
- [79 80]
- [80 81]
- [81 82]
- [82 83]
- [83 84]
- [84 85]
- [85 86]
- [86 87]
- [87 88]
- [88 89]
- [89 90]
- [90 91]
- [91 92]
- [92 93]
- [93 94]
- [94 95]
- [95 96]
- [96 97]
- [97 98]
- [98 99]
- [99 100]
- [100 101]
- [101 102]
- [102 103]
- [103 104]
- [104 105]
- [105 106]
- [106 107]
- [107 108]
- [108 109]
- [109 110]
- [110 111]
- [111 112]
- [112 113]
- [113 114]
- [114 115]
- [115 116]
- [116 117]
- [117 118]
- [118 119]
- [119 120]
- [120 121]
- [121 122]
- [122 123]
- [123 124]
- [124 125]
- [125 126]
- [126 127]
- [127 128]
- [128 129]
- [129 130]
- [130 131]
- [131 132]
- [132 133]
- [133 134]
- [134 135]
- [135 136]
- [136 137]
- [137 138]
- [138 139]
- [139 140]
- [140 141]
- [141 142]
- [142 143]
- [143 144]
- [144 145]
- [145 146]
- [146 147]
- [147 148]
- [148 149]
- [149 150]
- [150 151]
- [151 152]
- [152 153]
- [153 154]
- [154 155]
- [155 156]
- [156 157]
- [157 158]
- [158 159]
- [159 160]
- [160 161]
- [161 162]
- [162 163]
- [163 164]
- [164 165]
- [165 166]
- [166 167]
- [167 168]
- [168 169]
- [169 170]
- [170 171]
- [171 172]
- [172 173]
- [173 174]
- [174 175]
- [175 176]
- [176 177]
- [177 178]
- [178 179]
- [179 180]
- [180 181]
- [181 182]
- [182 183]
- [183 184]
- [184 185]
- [185 186]
- [186 187]
- [187 188]
- [188 189]
- [189 190]
- [190 191]
- [191 192]
- [192 193]
- [193 194]
- [194 195]
- [195 196]
- [196 197]
- [197 198]
- [198 199]
- [199 200]
- [200 201]
- [201 202]
- [202 203]
- [203 204]
- [204 205]
- [205 206]
- [206 207]
- [207 208]
- [208 209]
- [209 210]
- [210 1]
- [180 211]
- [211 212]
- [212 213]
- [213 214]
- [214 215]
- [215 216]
- [216 217]
- [217 31]
- [121 218]
- [218 219]
- [219 220]
- [220 221]
- [221 222]
- [222 223]
- [223 224]
- [224 225]
- [225 226]
- [226 227]
- [227 228]
- [228 229]
- [229 230]
- [230 231]
- [231 232]
- [232 91]
- [154 233]
- [233 234]
- [234 235]
- [235 236]
- [236 237]
- [237 238]
- [238 239]
- [239 240]
- [240 241]
- [241 242]
- [242 243]
- [243 244]
- [244 245]
- [245 246]
- [246 247]
- [247 248]
- [248 249]
- [249 250]
- [250 251]
- [251 59]
sets:
  element:
  - name: layup_0
    labels:
    - 1
    - 2
    - 3
    - 4
    - 5
    - 6
    - 7
    - 8
    - 9
    - 10
    - 11
    - 12
    - 13
    - 14
    - 15
    - 16
    - 17
    - 18
    - 19
    - 20
    - 21
    - 22
    - 188
    - 189
    - 190
    - 191
    - 192
    - 193
    - 194
    - 195
    - 196
    - 197
    - 198
    - 199
    - 200
    - 201
    - 202
    - 203
    - 204
    - 205
    - 206
    - 207
    - 208
    - 209
    - 210
  - name: layup_1
    labels:
    - 23
    - 24
    - 25
    - 26
    - 27
    - 28
    - 29
    - 30
    - 31
    - 32
    - 33
    - 34
    - 35
    - 36
    - 37
    - 38
    - 39
    - 40
    - 41
    - 42
    - 43
    - 44
    - 45
    - 46
    - 47
    - 48
    - 49
    - 50
    - 51
    - 52
    - 53
    - 54
    - 95
    - 96
    - 97
    - 98
    - 99
    - 111
    - 112
    - 113
    - 114
    - 115
    - 116
    - 117
    - 118
    - 160
    - 161
    - 162
    - 163
    - 164
    - 165
    - 166
    - 167
    - 168
    - 169
    - 170
    - 171
    - 172
    - 173
    - 174
    - 175
    - 176
    - 177
    - 178
    - 179
    - 180
    - 181
    - 182
    - 183
    - 184
    - 185
    - 186
    - 187
  - name: layup_2
    labels:
    - 55
    - 56
    - 57
    - 58
    - 59
    - 60
    - 61
    - 62
    - 63
    - 64
    - 65
    - 66
    - 67
    - 68
    - 69
    - 70
    - 71
    - 72
    - 73
    - 74
    - 75
    - 76
    - 77
    - 78
    - 79
    - 80
    - 81
    - 82
    - 83
    - 84
    - 85
    - 86
    - 87
    - 88
    - 89
    - 90
    - 91
    - 92
    - 93
    - 94
    - 119
    - 120
    - 121
    - 122
    - 123
    - 124
    - 125
    - 126
    - 127
    - 128
    - 129
    - 130
    - 131
    - 132
    - 133
    - 134
    - 135
    - 136
    - 137
    - 138
    - 139
    - 140
    - 141
    - 142
    - 143
    - 144
    - 145
    - 146
    - 147
    - 148
    - 149
    - 150
    - 151
    - 152
    - 153
    - 154
    - 155
    - 156
    - 157
    - 158
    - 159
  - name: layup_3
    labels:
    - 100
    - 101
    - 102
    - 103
    - 104
    - 105
    - 106
    - 107
    - 108
    - 109
    - 110
  - name: layup_4
    labels:
    - 211
    - 212
    - 213
    - 214
    - 215
    - 216
    - 217
    - 218
  - name: layup_5
    labels:
    - 219
    - 220
    - 221
    - 222
    - 223
    - 224
    - 225
    - 226
    - 227
    - 228
    - 229
    - 230
    - 231
    - 232
    - 233
    - 234
    - 235
    - 236
    - 237
    - 238
    - 239
    - 240
    - 241
    - 242
    - 243
    - 244
    - 245
    - 246
    - 247
    - 248
    - 249
    - 250
    - 251
    - 252
    - 253
    - 254
sections:
- type: shell
  elementSet: layup_0
  layup:
  - - gelcoat
    - 0.0005
    - 0.0
  - - glass_triax
    - 0.003
    - 0.0
  - - glass_uniax
    - 0.00461
    - 0.0
  - - glass_triax
    - 0.003
    - 0.0
- type: shell
  elementSet: layup_1
  layup:
  - - gelcoat
    - 0.0005
    - 0.0
  - - glass_triax
    - 0.003
    - 0.0
  - - medium_density_foam
    - 0.01249797
    - 0.0
  - - glass_triax
    - 0.003
    - 0.0
- type: shell
  elementSet: layup_2
  layup:
  - - gelcoat
    - 0.0005
    - 0.0
  - - glass_triax
    - 0.003
    - 0.0
  - - carbon_uniax
    - 0.02583558
    - 0.0
  - - glass_triax
    - 0.003
    - 0.0
- type: shell
  elementSet: layup_3
  layup:
  - - gelcoat
    - 0.0005
    - 0.0
  - - glass_triax
    - 0.003
    - 0.0
  - - glass_uniax
    - 0.003485
    - 0.0
  - - glass_triax
    - 0.003
    - 0.0
- type: shell
  elementSet: layup_4
  layup:
  - - glass_biax
    - 0.002
    - 0.0
  - - medium_density_foam
    - 0.03
    - 0.0
  - - glass_biax
    - 0.002
    - 0.0
- type: shell
  elementSet: layup_5
  layup:
  - - glass_biax
    - 0.002
    - 0.0
  - - medium_density_foam
    - 0.0172
    - 0.0
  - - glass_biax
    - 0.002
    - 0.0
elementOrientations:
- [0.0, 0.0, 1.0, -0.9914278820852784, 0.13065509796368133, 0.0, -0.13065509796368133,
  -0.9914278820852784, 0.0]
- [0.0, 0.0, 1.0, -0.9822910898712817, 0.18736118797523094, 0.0, -0.18736118797523094,
  -0.9822910898712817, 0.0]
- [0.0, 0.0, 1.0, -0.9823528056556475, 0.18703733643440656, 0.0, -0.18703733643440656,
  -0.9823528056556475, 0.0]
- [0.0, 0.0, 1.0, -0.9821440163752314, 0.18813062243645806, 0.0, -0.18813062243645806,
  -0.9821440163752314, 0.0]
- [0.0, 0.0, 1.0, -0.981949339589792, 0.1891441103475635, 0.0, -0.1891441103475635,
  -0.981949339589792, 0.0]
- [0.0, 0.0, 1.0, -0.9815662041968732, 0.1911224392334454, 0.0, -0.1911224392334454,
  -0.9815662041968732, 0.0]
- [0.0, 0.0, 1.0, -0.9812749918458472, 0.1926120203360438, 0.0, -0.1926120203360438,
  -0.9812749918458472, 0.0]
- [0.0, 0.0, 1.0, -0.9810351627739488, 0.19382984651774288, 0.0, -0.19382984651774288,
  -0.9810351627739488, 0.0]
- [0.0, 0.0, 1.0, -0.9805310974181222, 0.19636386377338655, 0.0, -0.19636386377338655,
  -0.9805310974181222, 0.0]
- [0.0, 0.0, 1.0, -0.9803781133288201, 0.19712624103813073, 0.0, -0.19712624103813073,
  -0.9803781133288201, 0.0]
- [0.0, 0.0, 1.0, -0.9799412932794196, 0.19928638118511413, 0.0, -0.19928638118511413,
  -0.9799412932794196, 0.0]
- [0.0, 0.0, 1.0, -0.9797000525612757, 0.20046896770182093, 0.0, -0.20046896770182093,
  -0.9797000525612757, 0.0]
- [0.0, 0.0, 1.0, -0.9794490102474053, 0.20169193421001733, 0.0, -0.20169193421001733,
  -0.9794490102474053, 0.0]
- [0.0, 0.0, 1.0, -0.9790685871059408, 0.20353059166222867, 0.0, -0.20353059166222867,
  -0.9790685871059408, 0.0]
- [0.0, 0.0, 1.0, -0.9788256174647485, 0.2046958978454477, 0.0, -0.2046958978454477,
  -0.9788256174647485, 0.0]
- [0.0, 0.0, 1.0, -0.9787245813822013, 0.20517844379523587, 0.0, -0.20517844379523587,
  -0.9787245813822013, 0.0]
- [0.0, 0.0, 1.0, -0.9783420339510992, 0.2069948419754127, 0.0, -0.2069948419754127,
  -0.9783420339510992, 0.0]
- [0.0, 0.0, 1.0, -0.9782393423855947, 0.2074796110681702, 0.0, -0.2074796110681702,
  -0.9782393423855947, 0.0]
- [0.0, 0.0, 1.0, -0.9780429799451357, 0.20840328543484832, 0.0, -0.20840328543484832,
  -0.9780429799451357, 0.0]
- [0.0, 0.0, 1.0, -0.977656161108788, 0.21021044371302697, 0.0, -0.21021044371302697,
  -0.977656161108788, 0.0]
- [0.0, 0.0, 1.0, -0.9775214943461209, 0.21083578465556232, 0.0, -0.21083578465556232,
  -0.9775214943461209, 0.0]
- [0.0, 0.0, 1.0, -0.990855018811309, 0.13493084041997427, 0.0, -0.13493084041997427,
  -0.990855018811309, 0.0]
- [0.0, 0.0, 1.0, -0.9911112393502094, 0.13303575171243323, 0.0, -0.13303575171243323,
  -0.9911112393502094, 0.0]
- [0.0, 0.0, 1.0, -0.9770241921466405, 0.2131284306708152, 0.0, -0.2131284306708152,
  -0.9770241921466405, 0.0]
- [0.0, 0.0, 1.0, -0.9769698964982496, 0.21337718091726532, 0.0, -0.21337718091726532,
  -0.9769698964982496, 0.0]
- [0.0, 0.0, 1.0, -0.9768935354757634, 0.21372650828959777, 0.0, -0.21372650828959777,
  -0.9768935354757634, 0.0]
- [0.0, 0.0, 1.0, -0.9768672781526403, 0.2138464890398064, 0.0, -0.2138464890398064,
  -0.9768672781526403, 0.0]
- [0.0, 0.0, 1.0, -0.9768277894198224, 0.21402679696052768, 0.0, -0.21402679696052768,
  -0.9768277894198224, 0.0]
- [0.0, 0.0, 1.0, -0.9769018395595501, 0.21368854874598966, 0.0, -0.21368854874598966,
  -0.9769018395595501, 0.0]
- [0.0, 0.0, 1.0, -0.9771000043508775, 0.21278059473907693, 0.0, -0.21278059473907693,
  -0.9771000043508775, 0.0]
- [0.0, 0.0, 1.0, -0.9771125234734385, 0.21272309811435391, 0.0, -0.21272309811435391,
  -0.9771125234734385, 0.0]
- [0.0, 0.0, 1.0, -0.9771544580771229, 0.21253038620396003, 0.0, -0.21253038620396003,
  -0.9771544580771229, 0.0]
- [0.0, 0.0, 1.0, -0.977531754220787, 0.210788210035645, 0.0, -0.210788210035645,
  -0.977531754220787, 0.0]
- [0.0, 0.0, 1.0, -0.9777741114328737, 0.20966112422586697, 0.0, -0.20966112422586697,
  -0.9777741114328737, 0.0]
- [0.0, 0.0, 1.0, -0.9777867459205904, 0.20960219345708797, 0.0, -0.20960219345708797,
  -0.9777867459205904, 0.0]
- [0.0, 0.0, 1.0, -0.9780842033460008, 0.20820972879531655, 0.0, -0.20820972879531655,
  -0.9780842033460008, 0.0]
- [0.0, 0.0, 1.0, -0.9787915856129169, 0.20485856568215996, 0.0, -0.20485856568215996,
  -0.9787915856129169, 0.0]
- [0.0, 0.0, 1.0, -0.9789523365970139, 0.20408900673786154, 0.0, -0.20408900673786154,
  -0.9789523365970139, 0.0]
- [0.0, 0.0, 1.0, -0.9790344879678679, 0.20369455409876502, 0.0, -0.20369455409876502,
  -0.9790344879678679, 0.0]
- [0.0, 0.0, 1.0, -0.9798846945262722, 0.19956448940919877, 0.0, -0.19956448940919877,
  -0.9798846945262722, 0.0]
- [0.0, 0.0, 1.0, -0.9806213491100071, 0.19591265826809012, 0.0, -0.19591265826809012,
  -0.9806213491100071, 0.0]
- [0.0, 0.0, 1.0, -0.9808667808960926, 0.19468014314391807, 0.0, -0.19468014314391807,
  -0.9808667808960926, 0.0]
- [0.0, 0.0, 1.0, -0.981092788313806, 0.19353795679049998, 0.0, -0.19353795679049998,
  -0.981092788313806, 0.0]
- [0.0, 0.0, 1.0, -0.9824781536151971, 0.1863777821224231, 0.0, -0.1863777821224231,
  -0.9824781536151971, 0.0]
- [0.0, 0.0, 1.0, -0.9829789948136867, 0.18371797885638208, 0.0, -0.18371797885638208,
  -0.9829789948136867, 0.0]
- [0.0, 0.0, 1.0, -0.9831570336413311, 0.1827628167915422, 0.0, -0.1827628167915422,
  -0.9831570336413311, 0.0]
- [0.0, 0.0, 1.0, -0.9837563527120625, 0.17950888139214735, 0.0, -0.17950888139214735,
  -0.9837563527120625, 0.0]
- [0.0, 0.0, 1.0, -0.9850883647910251, 0.17204916028084638, 0.0, -0.17204916028084638,
  -0.9850883647910251, 0.0]
- [0.0, 0.0, 1.0, -0.9855133818770376, 0.16959768318371707, 0.0, -0.16959768318371707,
  -0.9855133818770376, 0.0]
- [0.0, 0.0, 1.0, -0.985647406111569, 0.16881703357640138, 0.0, -0.16881703357640138,
  -0.985647406111569, 0.0]
- [0.0, 0.0, 1.0, -0.9868547716347905, 0.1616095903764542, 0.0, -0.1616095903764542,
  -0.9868547716347905, 0.0]
- [0.0, 0.0, 1.0, -0.9879452102974072, 0.15480394520299437, 0.0, -0.15480394520299437,
  -0.9879452102974072, 0.0]
- [0.0, 0.0, 1.0, -0.9883366863756989, 0.15228458347417612, 0.0, -0.15228458347417612,
  -0.9883366863756989, 0.0]
- [0.0, 0.0, 1.0, -0.9998476379530369, 0.017455683307537644, 0.0, -0.017455683307537644,
  -0.9998476379530369, 0.0]
- [0.0, 0.0, 1.0, -0.999997860548599, -0.002068549787848529, 0.0, 0.002068549787848529,
  -0.999997860548599, 0.0]
- [0.0, 0.0, 1.0, -0.9909993758119193, 0.13386648998306608, 0.0, -0.13386648998306608,
  -0.9909993758119193, 0.0]
- [0.0, 0.0, 1.0, -0.9912760746826907, 0.13180191106989428, 0.0, -0.13180191106989428,
  -0.9912760746826907, 0.0]
- [0.0, 0.0, 1.0, -0.9917700667833163, 0.12803177196546345, 0.0, -0.12803177196546345,
  -0.9917700667833163, 0.0]
- [0.0, 0.0, 1.0, -0.9935875211796447, 0.1130656347264239, 0.0, -0.1130656347264239,
  -0.9935875211796447, 0.0]
- [0.0, 0.0, 1.0, -0.9940949078844302, 0.10851411944187833, 0.0, -0.10851411944187833,
  -0.9940949078844302, 0.0]
- [0.0, 0.0, 1.0, -0.9942492038139072, 0.10709117944728931, 0.0, -0.10709117944728931,
  -0.9942492038139072, 0.0]
- [0.0, 0.0, 1.0, -0.9955758750835143, 0.09396103954137004, 0.0, -0.09396103954137004,
  -0.9955758750835143, 0.0]
- [0.0, 0.0, 1.0, -0.9966148288623377, 0.08221242540938255, 0.0, -0.08221242540938255,
  -0.9966148288623377, 0.0]
- [0.0, 0.0, 1.0, -0.9968729535402661, 0.07902097506299398, 0.0, -0.07902097506299398,
  -0.9968729535402661, 0.0]
- [0.0, 0.0, 1.0, -0.9974274519230455, 0.07168317899131373, 0.0, -0.07168317899131373,
  -0.9974274519230455, 0.0]
- [0.0, 0.0, 1.0, -0.9986198763877131, 0.05251992463235841, 0.0, -0.05251992463235841,
  -0.9986198763877131, 0.0]
- [0.0, 0.0, 1.0, -0.998941776428619, 0.04599268752350353, 0.0, -0.04599268752350353,
  -0.998941776428619, 0.0]
- [0.0, 0.0, 1.0, -0.9990933246600071, 0.04257380203615535, 0.0, -0.04257380203615535,
  -0.9990933246600071, 0.0]
- [0.0, 0.0, 1.0, -0.9997899938481913, 0.020493125701889436, 0.0, -0.020493125701889436,
  -0.9997899938481913, 0.0]
- [0.0, 0.0, 1.0, -0.9999747391677722, 0.007107814456347357, 0.0, -0.007107814456347357,
  -0.9999747391677722, 0.0]
- [0.0, 0.0, 1.0, -0.9999932683260667, 0.0036692373255601406, 0.0, -0.0036692373255601406,
  -0.9999932683260667, 0.0]
- [0.0, 0.0, 1.0, -0.9998942080097961, -0.014545541875873584, 0.0, 0.014545541875873584,
  -0.9998942080097961, 0.0]
- [0.0, 0.0, 1.0, -0.999352100493026, -0.03599137730313537, 0.0, 0.03599137730313537,
  -0.999352100493026, 0.0]
- [0.0, 0.0, 1.0, -0.9992095208048181, -0.039753409074014597, 0.0, 0.039753409074014597,
  -0.9992095208048181, 0.0]
- [0.0, 0.0, 1.0, -0.9984268809274272, -0.05606927359551986, 0.0, 0.05606927359551986,
  -0.9984268809274272, 0.0]
- [0.0, 0.0, 1.0, -0.9966628611617672, -0.08162806613438767, 0.0, 0.08162806613438767,
  -0.9966628611617672, 0.0]
- [0.0, 0.0, 1.0, -0.996190103691611, -0.08720824104921118, 0.0, 0.08720824104921118,
  -0.996190103691611, 0.0]
- [0.0, 0.0, 1.0, -0.994719993779088, -0.10262618562594661, 0.0, 0.10262618562594661,
  -0.994719993779088, 0.0]
- [0.0, 0.0, 1.0, -0.9914785224170416, -0.13027025595169378, 0.0, 0.13027025595169378,
  -0.9914785224170416, 0.0]
- [0.0, 0.0, 1.0, -0.9906668109967984, -0.13630579440887133, 0.0, 0.13630579440887133,
  -0.9906668109967984, 0.0]
- [0.0, 0.0, 1.0, -0.988054431489075, -0.1541052900286054, 0.0, 0.1541052900286054,
  -0.988054431489075, 0.0]
- [0.0, 0.0, 1.0, -0.9833497678329499, -0.18172295975710856, 0.0, 0.18172295975710856,
  -0.9833497678329499, 0.0]
- [0.0, 0.0, 1.0, -0.9823647427857124, -0.1869746296468087, 0.0, 0.1869746296468087,
  -0.9823647427857124, 0.0]
- [0.0, 0.0, 1.0, -0.9768419107573755, -0.2139623363769421, 0.0, 0.2139623363769421,
  -0.9768419107573755, 0.0]
- [0.0, 0.0, 1.0, -0.9721444818580872, -0.23438239352150805, 0.0, 0.23438239352150805,
  -0.9721444818580872, 0.0]
- [0.0, 0.0, 1.0, -0.9709786362241318, -0.23916623506742118, 0.0, 0.23916623506742118,
  -0.9709786362241318, 0.0]
- [0.0, 0.0, 1.0, -0.9593610560034602, -0.2821814384822745, 0.0, 0.2821814384822745,
  -0.9593610560034602, 0.0]
- [0.0, 0.0, 1.0, -0.9571581154026291, -0.2895657820235109, 0.0, 0.2895657820235109,
  -0.9571581154026291, 0.0]
- [0.0, 0.0, 1.0, -0.9500554744251329, -0.3120810720226968, 0.0, 0.3120810720226968,
  -0.9500554744251329, 0.0]
- [0.0, 0.0, 1.0, -0.940379746473612, -0.34012634773305217, 0.0, 0.34012634773305217,
  -0.940379746473612, 0.0]
- [0.0, 0.0, 1.0, -0.9353267684224622, -0.353785014199858, 0.0, 0.353785014199858,
  -0.9353267684224622, 0.0]
- [0.0, 0.0, 1.0, -0.921229208999957, -0.3890202366012769, 0.0, 0.3890202366012769,
  -0.921229208999957, 0.0]
- [0.0, 0.0, 1.0, -0.9161765049329151, -0.40077501395285126, 0.0, 0.40077501395285126,
  -0.9161765049329151, 0.0]
- [0.0, 0.0, 1.0, -0.9511899934694977, -0.3086058915890896, 0.0, 0.3086058915890896,
  -0.9511899934694977, 0.0]
- [0.0, 0.0, 1.0, -0.9409606138132425, -0.33851606055282796, 0.0, 0.33851606055282796,
  -0.9409606138132425, 0.0]
- [0.0, 0.0, 1.0, -0.8654524675970318, -0.5009910441616785, 0.0, 0.5009910441616785,
  -0.8654524675970318, 0.0]
- [0.0, 0.0, 1.0, -0.8535491890299003, -0.5210122665603943, 0.0, 0.5210122665603943,
  -0.8535491890299003, 0.0]
- [0.0, 0.0, 1.0, -0.81579212109573, -0.5783452387269475, 0.0, 0.5783452387269475,
  -0.81579212109573, 0.0]
- [0.0, 0.0, 1.0, -0.8413056217042173, -0.5405597570009077, 0.0, 0.5405597570009077,
  -0.8413056217042173, 0.0]
- [0.0, 0.0, 1.0, -0.8094950121523148, -0.5871267540323161, 0.0, 0.5871267540323161,
  -0.8094950121523148, 0.0]
- [0.0, 0.0, 1.0, -0.6858807653664426, -0.7277139380967927, 0.0, 0.7277139380967927,
  -0.6858807653664426, 0.0]
- [0.0, 0.0, 1.0, -0.6154740426900627, -0.7881571561400371, 0.0, 0.7881571561400371,
  -0.6154740426900627, 0.0]
- [0.0, 0.0, 1.0, -0.5010685681613848, -0.8654075860545132, 0.0, 0.8654075860545132,
  -0.5010685681613848, 0.0]
- [0.0, 0.0, 1.0, -0.33711157813623854, -0.9414647013491769, 0.0, 0.9414647013491769,
  -0.33711157813623854, 0.0]
- [0.0, 0.0, 1.0, -0.05714256372094645, -0.9983660287747163, 0.0, 0.9983660287747163,
  -0.05714256372094645, 0.0]
- [0.0, 0.0, 1.0, 0.29939349712606694, -0.9541297259170914, 0.0, 0.9541297259170914,
  0.29939349712606694, 0.0]
- [0.0, 0.0, 1.0, 0.5845233770714484, -0.8113768678345403, 0.0, 0.8113768678345403,
  0.5845233770714484, 0.0]
- [0.0, 0.0, 1.0, 0.7124356598149719, -0.7017374370973843, 0.0, 0.7017374370973843,
  0.7124356598149719, 0.0]
- [0.0, 0.0, 1.0, 0.7769217057171403, -0.6295972229811447, 0.0, 0.6295972229811447,
  0.7769217057171403, 0.0]
- [0.0, 0.0, 1.0, 0.864304506288553, -0.5029689060064257, 0.0, 0.5029689060064257,
  0.864304506288553, 0.0]
- [0.0, 0.0, 1.0, 0.8905673850834915, -0.4548513302448966, 0.0, 0.4548513302448966,
  0.8905673850834915, 0.0]
- [0.0, 0.0, 1.0, 0.8704029725886197, -0.4923399895487819, 0.0, 0.4923399895487819,
  0.8704029725886197, 0.0]
- [0.0, 0.0, 1.0, 0.8842232786263531, -0.4670644425935918, 0.0, 0.4670644425935918,
  0.8842232786263531, 0.0]
- [0.0, 0.0, 1.0, 0.9035890653896065, -0.42840028117210366, 0.0, 0.42840028117210366,
  0.9035890653896065, 0.0]
- [0.0, 0.0, 1.0, 0.9107628198648844, -0.4129298801876222, 0.0, 0.4129298801876222,
  0.9107628198648844, 0.0]
- [0.0, 0.0, 1.0, 0.926139284840462, -0.3771816870888584, 0.0, 0.3771816870888584,
  0.926139284840462, 0.0]
- [0.0, 0.0, 1.0, 0.9307126949374188, -0.3657511168572518, 0.0, 0.3657511168572518,
  0.9307126949374188, 0.0]
- [0.0, 0.0, 1.0, 0.9780922650828898, -0.2081718544496882, 0.0, 0.2081718544496882,
  0.9780922650828898, 0.0]
- [0.0, 0.0, 1.0, 0.9841075209074432, -0.17757361091504065, 0.0, 0.17757361091504065,
  0.9841075209074432, 0.0]
- [0.0, 0.0, 1.0, 0.9540938003501447, -0.29950796338898605, 0.0, 0.29950796338898605,
  0.9540938003501447, 0.0]
- [0.0, 0.0, 1.0, 0.960736492928687, -0.27746241395022647, 0.0, 0.27746241395022647,
  0.960736492928687, 0.0]
- [0.0, 0.0, 1.0, 0.961817443786694, -0.27369180628515316, 0.0, 0.27369180628515316,
  0.961817443786694, 0.0]
- [0.0, 0.0, 1.0, 0.9719208251380114, -0.23530811644107644, 0.0, 0.23530811644107644,
  0.9719208251380114, 0.0]
- [0.0, 0.0, 1.0, 0.9734613099760643, -0.2288516505941894, 0.0, 0.2288516505941894,
  0.9734613099760643, 0.0]
- [0.0, 0.0, 1.0, 0.9764959871456884, -0.2155355819542738, 0.0, 0.2155355819542738,
  0.9764959871456884, 0.0]
- [0.0, 0.0, 1.0, 0.9827054518648033, -0.18517557850643426, 0.0, 0.18517557850643426,
  0.9827054518648033, 0.0]
- [0.0, 0.0, 1.0, 0.9835047274048182, -0.1808824236137227, 0.0, 0.1808824236137227,
  0.9835047274048182, 0.0]
- [0.0, 0.0, 1.0, 0.9867720985909155, -0.16211361892968973, 0.0, 0.16211361892968973,
  0.9867720985909155, 0.0]
- [0.0, 0.0, 1.0, 0.9906924274122341, -0.13611948526223344, 0.0, 0.13611948526223344,
  0.9906924274122341, 0.0]
- [0.0, 0.0, 1.0, 0.9910905526053898, -0.13318977639572402, 0.0, 0.13318977639572402,
  0.9910905526053898, 0.0]
- [0.0, 0.0, 1.0, 0.9935905376179337, -0.1130391240062724, 0.0, 0.1130391240062724,
  0.9935905376179337, 0.0]
- [0.0, 0.0, 1.0, 0.9959112924197687, -0.0903365796938657, 0.0, 0.0903365796938657,
  0.9959112924197687, 0.0]
- [0.0, 0.0, 1.0, 0.996329140880552, -0.08560515774310108, 0.0, 0.08560515774310108,
  0.996329140880552, 0.0]
- [0.0, 0.0, 1.0, 0.9974660645080929, -0.0711438694107707, 0.0, 0.0711438694107707,
  0.9974660645080929, 0.0]
- [0.0, 0.0, 1.0, 0.9990065797733945, -0.044562916976614575, 0.0, 0.044562916976614575,
  0.9990065797733945, 0.0]
- [0.0, 0.0, 1.0, 0.9992249666206535, -0.0393632580200595, 0.0, 0.0393632580200595,
  0.9992249666206535, 0.0]
- [0.0, 0.0, 1.0, 0.9994398941973174, -0.033464875419681836, 0.0, 0.033464875419681836,
  0.9994398941973174, 0.0]
- [0.0, 0.0, 1.0, 0.9999980951553361, 0.0019518416174070497, 0.0, -0.0019518416174070497,
  0.9999980951553361, 0.0]
- [0.0, 0.0, 1.0, 0.9999734848113868, 0.007282147634535196, 0.0, -0.007282147634535196,
  0.9999734848113868, 0.0]
- [0.0, 0.0, 1.0, 0.9999465414531353, 0.01033993403813914, 0.0, -0.01033993403813914,
  0.9999465414531353, 0.0]
- [0.0, 0.0, 1.0, 0.9991716892187349, 0.040693186945484114, 0.0, -0.040693186945484114,
  0.9991716892187349, 0.0]
- [0.0, 0.0, 1.0, 0.9985934602600172, 0.053019818237386274, 0.0, -0.053019818237386274,
  0.9985934602600172, 0.0]
- [0.0, 0.0, 1.0, 0.9983772555007662, 0.0569460771147392, 0.0, -0.0569460771147392,
  0.9983772555007662, 0.0]
- [0.0, 0.0, 1.0, 0.9973776122308156, 0.07237332810336117, 0.0, -0.07237332810336117,
  0.9973776122308156, 0.0]
- [0.0, 0.0, 1.0, 0.9951652722900383, 0.09821446343535187, 0.0, -0.09821446343535187,
  0.9951652722900383, 0.0]
- [0.0, 0.0, 1.0, 0.9946205117012774, 0.1035858952902814, 0.0, -0.1035858952902814,
  0.9946205117012774, 0.0]
- [0.0, 0.0, 1.0, 0.9941899538844952, 0.10763984204348129, 0.0, -0.10763984204348129,
  0.9941899538844952, 0.0]
- [0.0, 0.0, 1.0, 0.9906933554452898, 0.1361127307659073, 0.0, -0.1361127307659073,
  0.9906933554452898, 0.0]
- [0.0, 0.0, 1.0, 0.9888910416901205, 0.14864221360376778, 0.0, -0.14864221360376778,
  0.9888910416901205, 0.0]
- [0.0, 0.0, 1.0, 0.9884897136374612, 0.15128808952766273, 0.0, -0.15128808952766273,
  0.9884897136374612, 0.0]
- [0.0, 0.0, 1.0, 0.9867557003652283, 0.16221340202562776, 0.0, -0.16221340202562776,
  0.9867557003652283, 0.0]
- [0.0, 0.0, 1.0, 0.981827655459747, 0.18977474798933613, 0.0, -0.18977474798933613,
  0.981827655459747, 0.0]
- [0.0, 0.0, 1.0, 0.9810865507215997, 0.193569574037848, 0.0, -0.193569574037848,
  0.9810865507215997, 0.0]
- [0.0, 0.0, 1.0, 0.9800304975459235, 0.1988472375465382, 0.0, -0.1988472375465382,
  0.9800304975459235, 0.0]
- [0.0, 0.0, 1.0, 0.9773421725368379, 0.2116654855685591, 0.0, -0.2116654855685591,
  0.9773421725368379, 0.0]
- [0.0, 0.0, 1.0, 0.9724265998362135, 0.23320915061588093, 0.0, -0.23320915061588093,
  0.9724265998362135, 0.0]
- [0.0, 0.0, 1.0, 0.9718675983883963, 0.23552785653245079, 0.0, -0.23552785653245079,
  0.9718675983883963, 0.0]
- [0.0, 0.0, 1.0, 0.9710029112613924, 0.23906766055219725, 0.0, -0.23906766055219725,
  0.9710029112613924, 0.0]
- [0.0, 0.0, 1.0, 0.9942376201384591, 0.10719866930803353, 0.0, -0.10719866930803353,
  0.9942376201384591, 0.0]
- [0.0, 0.0, 1.0, 0.990583068678384, 0.13691305287559713, 0.0, -0.13691305287559713,
  0.990583068678384, 0.0]
- [0.0, 0.0, 1.0, 0.9634869195478148, 0.26775540304588175, 0.0, -0.26775540304588175,
  0.9634869195478148, 0.0]
- [0.0, 0.0, 1.0, 0.9631765871832723, 0.2688696001819175, 0.0, -0.2688696001819175,
  0.9631765871832723, 0.0]
- [0.0, 0.0, 1.0, 0.9597752309138438, 0.28076948930444334, 0.0, -0.28076948930444334,
  0.9597752309138438, 0.0]
- [0.0, 0.0, 1.0, 0.9579872035050137, 0.2868109445621692, 0.0, -0.2868109445621692,
  0.9579872035050137, 0.0]
- [0.0, 0.0, 1.0, 0.9576442073092323, 0.2879541147597518, 0.0, -0.2879541147597518,
  0.9576442073092323, 0.0]
- [0.0, 0.0, 1.0, 0.9572917603560309, 0.2891236509773135, 0.0, -0.2891236509773135,
  0.9572917603560309, 0.0]
- [0.0, 0.0, 1.0, 0.9551861352249531, 0.29600582270289466, 0.0, -0.29600582270289466,
  0.9551861352249531, 0.0]
- [0.0, 0.0, 1.0, 0.9547849599784727, 0.29729729261953663, 0.0, -0.29729729261953663,
  0.9547849599784727, 0.0]
- [0.0, 0.0, 1.0, 0.9547777451709349, 0.29732046234039333, 0.0, -0.29732046234039333,
  0.9547777451709349, 0.0]
- [0.0, 0.0, 1.0, 0.9549393077527671, 0.2968011430380043, 0.0, -0.2968011430380043,
  0.9549393077527671, 0.0]
- [0.0, 0.0, 1.0, 0.9550540348116765, 0.29643176380060415, 0.0, -0.29643176380060415,
  0.9550540348116765, 0.0]
- [0.0, 0.0, 1.0, 0.9554346136493094, 0.29520281001507237, 0.0, -0.29520281001507237,
  0.9554346136493094, 0.0]
- [0.0, 0.0, 1.0, 0.9555686906150183, 0.29476851513738633, 0.0, -0.29476851513738633,
  0.9555686906150183, 0.0]
- [0.0, 0.0, 1.0, 0.9577894611536419, 0.2874706038937132, 0.0, -0.2874706038937132,
  0.9577894611536419, 0.0]
- [0.0, 0.0, 1.0, 0.9590121054604622, 0.2833651029683989, 0.0, -0.2833651029683989,
  0.9590121054604622, 0.0]
- [0.0, 0.0, 1.0, 0.9596727415043201, 0.28111959948317783, 0.0, -0.28111959948317783,
  0.9596727415043201, 0.0]
- [0.0, 0.0, 1.0, 0.9607408104212168, 0.2774474638398836, 0.0, -0.2774474638398836,
  0.9607408104212168, 0.0]
- [0.0, 0.0, 1.0, 0.9650586234688806, 0.26203406890774616, 0.0, -0.26203406890774616,
  0.9650586234688806, 0.0]
- [0.0, 0.0, 1.0, 0.9662764147984163, 0.25750706826089004, 0.0, -0.25750706826089004,
  0.9662764147984163, 0.0]
- [0.0, 0.0, 1.0, 0.9667359476134576, 0.25577647974727885, 0.0, -0.25577647974727885,
  0.9667359476134576, 0.0]
- [0.0, 0.0, 1.0, 0.9702403642721956, 0.2421438323330932, 0.0, -0.2421438323330932,
  0.9702403642721956, 0.0]
- [0.0, 0.0, 1.0, 0.973524012214512, 0.22858477123762785, 0.0, -0.22858477123762785,
  0.973524012214512, 0.0]
- [0.0, 0.0, 1.0, 0.9744798947495368, 0.2244747975362308, 0.0, -0.2244747975362308,
  0.9744798947495368, 0.0]
- [0.0, 0.0, 1.0, 0.975024283579125, 0.2220982810176929, 0.0, -0.2220982810176929,
  0.975024283579125, 0.0]
- [0.0, 0.0, 1.0, 0.9810693863257863, 0.19365654962935047, 0.0, -0.19365654962935047,
  0.9810693863257863, 0.0]
- [0.0, 0.0, 1.0, 0.9821480938840427, 0.18810933437748797, 0.0, -0.18810933437748797,
  0.9821480938840427, 0.0]
- [0.0, 0.0, 1.0, 0.994423267918962, 0.10546262001947572, 0.0, -0.10546262001947572,
  0.994423267918962, 0.0]
- [0.0, 0.0, 1.0, 0.996338350324495, 0.0854979044928221, 0.0, -0.0854979044928221,
  0.996338350324495, 0.0]
- [0.0, 0.0, 1.0, 0.9892866728418537, 0.14598588609004362, 0.0, -0.14598588609004362,
  0.9892866728418537, 0.0]
- [0.0, 0.0, 1.0, 0.9899667639387617, 0.1413004115231663, 0.0, -0.1413004115231663,
  0.9899667639387617, 0.0]
- [0.0, 0.0, 1.0, 0.9926043807100208, 0.12139416540870496, 0.0, -0.12139416540870496,
  0.9926043807100208, 0.0]
- [0.0, 0.0, 1.0, 0.9946247367077627, 0.10354531920378426, 0.0, -0.10354531920378426,
  0.9946247367077627, 0.0]
- [0.0, 0.0, 1.0, 0.9952387632530317, 0.09746693859240547, 0.0, -0.09746693859240547,
  0.9952387632530317, 0.0]
- [0.0, 0.0, 1.0, 0.9969667117802624, 0.07782914365487437, 0.0, -0.07782914365487437,
  0.9969667117802624, 0.0]
- [0.0, 0.0, 1.0, 0.9980696418458869, 0.06210466991799513, 0.0, -0.06210466991799513,
  0.9980696418458869, 0.0]
- [0.0, 0.0, 1.0, 0.9984267803440825, 0.056071064656819075, 0.0, -0.056071064656819075,
  0.9984267803440825, 0.0]
- [0.0, 0.0, 1.0, 0.9995721995879817, 0.029247526576515973, 0.0, -0.029247526576515973,
  0.9995721995879817, 0.0]
- [0.0, 0.0, 1.0, 0.9998151713374029, 0.01922558616946398, 0.0, -0.01922558616946398,
  0.9998151713374029, 0.0]
- [0.0, 0.0, 1.0, 0.9999832179849666, 0.005793422859660066, 0.0, -0.005793422859660066,
  0.9999832179849666, 0.0]
- [0.0, 0.0, 1.0, 0.9998133917905301, -0.01931790869416608, 0.0, 0.01931790869416608,
  0.9998133917905301, 0.0]
- [0.0, 0.0, 1.0, 0.9996406404872733, -0.026806526932712557, 0.0, 0.026806526932712557,
  0.9996406404872733, 0.0]
- [0.0, 0.0, 1.0, 0.9985673995490245, -0.05350839707839157, 0.0, 0.05350839707839157,
  0.9985673995490245, 0.0]
- [0.0, 0.0, 1.0, 0.9979432443209879, -0.06410367473164803, 0.0, 0.06410367473164803,
  0.9979432443209879, 0.0]
- [0.0, 0.0, 1.0, 0.9965430883054944, -0.08307751290540386, 0.0, 0.08307751290540386,
  0.9965430883054944, 0.0]
- [0.0, 0.0, 1.0, 0.9951711767296857, -0.09815461785597604, 0.0, 0.09815461785597604,
  0.9951711767296857, 0.0]
- [0.0, 0.0, 1.0, 0.9940475516470424, -0.10894707460285792, 0.0, 0.10894707460285792,
  0.9940475516470424, 0.0]
- [0.0, 0.0, 1.0, 0.9927439046233731, -0.1202478267293803, 0.0, 0.1202478267293803,
  0.9927439046233731, 0.0]
- [0.0, 0.0, 1.0, 0.9920987916848506, -0.12545910703276786, 0.0, 0.12545910703276786,
  0.9920987916848506, 0.0]
- [0.0, 0.0, 1.0, 0.9763259903776672, -0.21630432384274517, 0.0, 0.21630432384274517,
  0.9763259903776672, 0.0]
- [0.0, 0.0, 1.0, -0.08966820302074349, 0.9959716930550941, 0.0, -0.9959716930550941,
  -0.08966820302074349, 0.0]
