nodes:
- [1.53924555 0.00269230 0.00000000]
- [1.51960594 0.00517085 0.00000000]
- [1.49699424 0.00935665 0.00000000]
- [1.47437262 0.01353370 0.00000000]
- [1.45175276 0.01774929 0.00000000]
- [1.42913752 0.02200259 0.00000000]
- [1.40653329 0.02631476 0.00000000]
- [1.38393890 0.03066495 0.00000000]
- [1.36134937 0.03505198 0.00000000]
- [1.33877239 0.03949711 0.00000000]
- [1.31620166 0.04396803 0.00000000]
- [1.29364030 0.04848708 0.00000000]
- [1.27108538 0.05303404 0.00000000]
- [1.24853776 0.05762177 0.00000000]
- [1.22599777 0.06224589 0.00000000]
- [1.20346855 0.06690825 0.00000000]
- [1.18094158 0.07158187 0.00000000]
- [1.15842243 0.07629516 0.00000000]
- [1.13590766 0.08102327 0.00000000]
- [1.11339638 0.08578043 0.00000000]
- [1.09062364 0.08931379 0.00000000]
- [1.06803166 0.09283695 0.00000000]
- [1.04571348 0.09763926 0.00000000]
- [1.02340032 0.10246645 0.00000000]
- [1.00109363 0.10731272 0.00000000]
- [0.97879067 0.11217013 0.00000000]
- [0.95649136 0.11703950 0.00000000]
- [0.93419432 0.12191406 0.00000000]
- [0.91190012 0.12679398 0.00000000]
- [0.88960851 0.13166905 0.00000000]
- [0.86731310 0.13652916 0.00000000]
- [0.84496707 0.14139918 0.00000000]
- [0.82262495 0.14626235 0.00000000]
- [0.80027898 0.15109297 0.00000000]
- [0.77792293 0.15590056 0.00000000]
- [0.75556839 0.16070501 0.00000000]
- [0.73321577 0.16547083 0.00000000]
- [0.71084773 0.17017619 0.00000000]
- [0.68846753 0.17486154 0.00000000]
- [0.66609667 0.17952889 0.00000000]
- [0.64371456 0.18409776 0.00000000]
- [0.62130876 0.18860134 0.00000000]
- [0.59889273 0.19306866 0.00000000]
- [0.57648363 0.19748237 0.00000000]
- [0.55404995 0.20175805 0.00000000]
- [0.53158569 0.20597422 0.00000000]
- [0.50912233 0.21016309 0.00000000]
- [0.48665834 0.21425084 0.00000000]
- [0.46416715 0.21820941 0.00000000]
- [0.44164496 0.22209616 0.00000000]
- [0.41913868 0.22595679 0.00000000]
- [0.39617413 0.22687494 0.00000000]
- [0.37288582 0.22773423 0.00000000]
- [0.35002338 0.23127336 0.00000000]
- [0.32719337 0.23470973 0.00000000]
- [0.30433483 0.23791391 0.00000000]
- [0.28164598 0.24097888 0.00000000]
- [0.25898962 0.24399370 0.00000000]
- [0.23634458 0.24675629 0.00000000]
- [0.21363580 0.24933137 0.00000000]
- [0.19088683 0.25180377 0.00000000]
- [0.16820193 0.25417427 0.00000000]
- [0.14550576 0.25618044 0.00000000]
- [0.12271030 0.25801762 0.00000000]
- [0.09995525 0.25978087 0.00000000]
- [0.07724222 0.26120427 0.00000000]
- [0.05444762 0.26233552 0.00000000]
- [0.03163142 0.26335539 0.00000000]
- [0.00891485 0.26413165 0.00000000]
- [-0.01382772 0.26442191 0.00000000]
- [-0.03666213 0.26452158 0.00000000]
- [-0.05939652 0.26444652 0.00000000]
- [-0.08208791 0.26383592 0.00000000]
- [-0.10488056 0.26292624 0.00000000]
- [-0.12759298 0.26186774 0.00000000]
- [-0.15021213 0.26026439 0.00000000]
- [-0.17291513 0.25829155 0.00000000]
- [-0.19554009 0.25616342 0.00000000]
- [-0.21804234 0.25346361 0.00000000]
- [-0.24061134 0.25038269 0.00000000]
- [-0.26308439 0.24712478 0.00000000]
- [-0.28541234 0.24327091 0.00000000]
- [-0.30779935 0.23904141 0.00000000]
- [-0.33002877 0.23465717 0.00000000]
- [-0.35206999 0.22950523 0.00000000]
- [-0.37415480 0.22407487 0.00000000]
- [-0.39603658 0.21826401 0.00000000]
- [-0.41779585 0.21186380 0.00000000]
- [-0.43942944 0.20519759 0.00000000]
- [-0.46081884 0.19782213 0.00000000]
- [-0.48211697 0.19013423 0.00000000]
- [-0.50411143 0.18142393 0.00000000]
- [-0.52588369 0.17215902 0.00000000]
- [-0.54732827 0.16225979 0.00000000]
- [-0.56970408 0.15418215 0.00000000]
- [-0.59255820 0.14483270 0.00000000]
- [-0.61365039 0.13232862 0.00000000]
- [-0.63396094 0.11868204 0.00000000]
- [-0.65361090 0.10412947 0.00000000]
- [-0.67325415 0.08965069 0.00000000]
- [-0.69077021 0.07415529 0.00000000]
- [-0.70559400 0.05618996 0.00000000]
- [-0.71771920 0.03659046 0.00000000]
- [-0.72592382 0.01547007 0.00000000]
- [-0.72756589 -0.00658470 0.00000000]
- [-0.72046182 -0.02737502 0.00000000]
- [-0.70653948 -0.04523217 0.00000000]
- [-0.68941719 -0.06091352 0.00000000]
- [-0.66982887 -0.07384472 0.00000000]
- [-0.65048184 -0.08489333 0.00000000]
- [-0.63132796 -0.09624826 0.00000000]
- [-0.61165866 -0.10686370 0.00000000]
- [-0.59167360 -0.11691544 0.00000000]
- [-0.57131029 -0.12625800 0.00000000]
- [-0.55075160 -0.13521268 0.00000000]
- [-0.52991587 -0.14352185 0.00000000]
- [-0.50891543 -0.15148790 0.00000000]
- [-0.48685183 -0.15630056 0.00000000]
- [-0.46503418 -0.16051943 0.00000000]
- [-0.44403853 -0.16704783 0.00000000]
- [-0.42263148 -0.17309778 0.00000000]
- [-0.40116462 -0.17894978 0.00000000]
- [-0.37959238 -0.18424626 0.00000000]
- [-0.35785100 -0.18924970 0.00000000]
- [-0.33614932 -0.19399311 0.00000000]
- [-0.31429713 -0.19810556 0.00000000]
- [-0.29232300 -0.20206756 0.00000000]
- [-0.27039651 -0.20567955 0.00000000]
- [-0.24835174 -0.20877442 0.00000000]
- [-0.22619907 -0.21167714 0.00000000]
- [-0.20411727 -0.21431220 0.00000000]
- [-0.18196333 -0.21640095 0.00000000]
- [-0.15966601 -0.21828663 0.00000000]
- [-0.13749122 -0.22003338 0.00000000]
- [-0.11528888 -0.22111438 0.00000000]
- [-0.09291283 -0.22202327 0.00000000]
- [-0.07066196 -0.22282336 0.00000000]
- [-0.04844010 -0.22300483 0.00000000]
- [-0.02607299 -0.22294290 0.00000000]
- [-0.00376861 -0.22274873 0.00000000]
- [0.01844956 -0.22210163 0.00000000]
- [0.04073782 -0.22106242 0.00000000]
- [0.06306749 -0.21984757 0.00000000]
- [0.08527106 -0.21842041 0.00000000]
- [0.10743120 -0.21644064 0.00000000]
- [0.12970201 -0.21422568 0.00000000]
- [0.15189527 -0.21191036 0.00000000]
- [0.17395055 -0.20915756 0.00000000]
- [0.19606154 -0.20599323 0.00000000]
- [0.21821160 -0.20274115 0.00000000]
- [0.24018951 -0.19928513 0.00000000]
- [0.26208716 -0.19528123 0.00000000]
- [0.28406726 -0.19107640 0.00000000]
- [0.30601067 -0.18671876 0.00000000]
- [0.32780621 -0.18218200 0.00000000]
- [0.34952450 -0.17712743 0.00000000]
- [0.37184425 -0.17184053 0.00000000]
- [0.39407728 -0.16644163 0.00000000]
- [0.41620251 -0.16076808 0.00000000]
- [0.43832051 -0.15483137 0.00000000]
- [0.46047904 -0.14879029 0.00000000]
- [0.48332710 -0.14541724 0.00000000]
- [0.50617750 -0.14174258 0.00000000]
- [0.52829484 -0.13530248 0.00000000]
- [0.55040811 -0.12882429 0.00000000]
- [0.57249584 -0.12231398 0.00000000]
- [0.59454974 -0.11567755 0.00000000]
- [0.61661950 -0.10901895 0.00000000]
- [0.63869511 -0.10235793 0.00000000]
- [0.66077909 -0.09571670 0.00000000]
- [0.68287058 -0.08908711 0.00000000]
- [0.70497541 -0.08250003 0.00000000]
- [0.72710674 -0.07592280 0.00000000]
- [0.74929923 -0.06951622 0.00000000]
- [0.77149843 -0.06319318 0.00000000]
- [0.79372270 -0.05694682 0.00000000]
- [0.81601183 -0.05078807 0.00000000]
- [0.83838814 -0.04493480 0.00000000]
- [0.86075614 -0.03921823 0.00000000]
- [0.88279200 -0.03364955 0.00000000]
- [0.90493453 -0.02837743 0.00000000]
- [0.92710678 -0.02336574 0.00000000]
- [0.94928427 -0.01848836 0.00000000]
- [0.97155339 -0.01371080 0.00000000]
- [0.99393621 -0.00946273 0.00000000]
- [1.01626972 -0.00537959 0.00000000]
- [1.03868681 -0.00135688 0.00000000]
- [1.06122684 0.00210029 0.00000000]
- [1.08390781 0.00402269 0.00000000]
- [1.10694610 0.00585993 0.00000000]
- [1.12988470 0.00847170 0.00000000]
- [1.15282133 0.01079155 0.00000000]
- [1.17579491 0.01292249 0.00000000]
- [1.19881355 0.01459822 0.00000000]
- [1.22182608 0.01599524 0.00000000]
- [1.24488166 0.01718000 0.00000000]
- [1.26795736 0.01780442 0.00000000]
- [1.29101728 0.01822702 0.00000000]
- [1.31410995 0.01827837 0.00000000]
- [1.33718207 0.01785361 0.00000000]
- [1.36026215 0.01721766 0.00000000]
- [1.38331861 0.01599201 0.00000000]
- [1.40634738 0.01454042 0.00000000]
- [1.42935485 0.01264385 0.00000000]
- [1.45231215 0.01042033 0.00000000]
- [1.47523495 0.00794653 0.00000000]
- [1.49811678 0.00522372 0.00000000]
- [1.52096315 0.00237132 0.00000000]
- [1.53979576 -0.00177484 0.00000000]
- [0.86157576 -0.01724981 0.00000000]
- [0.86239538 0.00471862 0.00000000]
- [0.86321500 0.02668704 0.00000000]
- [0.86403462 0.04865546 0.00000000]
- [0.86485424 0.07062389 0.00000000]
- [0.86567386 0.09259231 0.00000000]
- [0.86649348 0.11456073 0.00000000]
- [-0.44641843 -0.14472395 0.00000000]
- [-0.44879834 -0.12240007 0.00000000]
- [-0.45117824 -0.10007619 0.00000000]
- [-0.45355814 -0.07775231 0.00000000]
- [-0.45593804 -0.05542843 0.00000000]
- [-0.45831795 -0.03310455 0.00000000]
- [-0.46069785 -0.01078068 0.00000000]
- [-0.46307775 0.01154320 0.00000000]
- [-0.46545765 0.03386708 0.00000000]
- [-0.46783756 0.05619096 0.00000000]
- [-0.47021746 0.07851484 0.00000000]
- [-0.47259736 0.10083872 0.00000000]
- [-0.47497726 0.12316259 0.00000000]
- [-0.47735717 0.14548647 0.00000000]
- [-0.47973707 0.16781035 0.00000000]
- [0.34701396 -0.15406958 0.00000000]
- [0.34450342 -0.13101173 0.00000000]
- [0.34199288 -0.10795387 0.00000000]
- [0.33948235 -0.08489602 0.00000000]
- [0.33697181 -0.06183817 0.00000000]
- [0.33446127 -0.03878032 0.00000000]
- [0.33195074 -0.01572247 0.00000000]
- [0.32944020 0.00733539 0.00000000]
- [0.32692966 0.03039324 0.00000000]
- [0.32441913 0.05345109 0.00000000]
- [0.32190859 0.07650894 0.00000000]
- [0.31939805 0.09956680 0.00000000]
- [0.31688752 0.12262465 0.00000000]
- [0.31437698 0.14568250 0.00000000]
- [0.31186644 0.16874035 0.00000000]
- [0.30935590 0.19179820 0.00000000]
- [0.30684537 0.21485606 0.00000000]
elements:
- [1 2]
- [2 3]
- [3 4]
- [4 5]
- [5 6]
- [6 7]
- [7 8]
- [8 9]
- [9 10]
- [10 11]
- [11 12]
- [12 13]
- [13 14]
- [14 15]
- [15 16]
- [16 17]
- [17 18]
- [18 19]
- [19 20]
- [20 21]
- [21 22]
- [22 23]
- [23 24]
- [24 25]
- [25 26]
- [26 27]
- [27 28]
- [28 29]
- [29 30]
- [30 31]
- [31 32]
- [32 33]
- [33 34]
- [34 35]
- [35 36]
- [36 37]
- [37 38]
- [38 39]
- [39 40]
- [40 41]
- [41 42]
- [42 43]
- [43 44]
- [44 45]
- [45 46]
- [46 47]
- [47 48]
- [48 49]
- [49 50]
- [50 51]
- [51 52]
- [52 53]
- [53 54]
- [54 55]
- [55 56]
- [56 57]
- [57 58]
- [58 59]
- [59 60]
- [60 61]
- [61 62]
- [62 63]
- [63 64]
- [64 65]
- [65 66]
- [66 67]
- [67 68]
- [68 69]
- [69 70]
- [70 71]
- [71 72]
- [72 73]
- [73 74]
- [74 75]
- [75 76]
- [76 77]
- [77 78]
- [78 79]
- [79 80]
- [80 81]
- [81 82]
- [82 83]
- [83 84]
- [84 85]
- [85 86]
- [86 87]
- [87 88]
- [88 89]
- [89 90]
- [90 91]
- [91 92]
- [92 93]
- [93 94]
- [94 95]
- [95 96]
- [96 97]
- [97 98]
- [98 99]
- [99 100]
- [100 101]
- [101 102]
- [102 103]
- [103 104]
- [104 105]
- [105 106]
- [106 107]
- [107 108]
- [108 109]
- [109 110]
- [110 111]
- [111 112]
- [112 113]
- [113 114]
- [114 115]
- [115 116]
- [116 117]
- [117 118]
- [118 119]
- [119 120]
- [120 121]
- [121 122]
- [122 123]
- [123 124]
- [124 125]
- [125 126]
- [126 127]
- [127 128]
- [128 129]
- [129 130]
- [130 131]
- [131 132]
- [132 133]
- [133 134]
- [134 135]
- [135 136]
- [136 137]
- [137 138]
- [138 139]
- [139 140]
- [140 141]
- [141 142]
- [142 143]
- [143 144]
- [144 145]
- [145 146]
- [146 147]
- [147 148]
- [148 149]
- [149 150]
- [150 151]
- [151 152]
- [152 153]
- [153 154]
- [154 155]
- [155 156]
- [156 157]
- [157 158]
- [158 159]
- [159 160]
- [160 161]
- [161 162]
- [162 163]
- [163 164]
- [164 165]
- [165 166]
- [166 167]
- [167 168]
- [168 169]
- [169 170]
- [170 171]
- [171 172]
- [172 173]
- [173 174]
- [174 175]
- [175 176]
- [176 177]
- [177 178]
- [178 179]
- [179 180]
- [180 181]
- [181 182]
- [182 183]
- [183 184]
- [184 185]
- [185 186]
- [186 187]
- [187 188]
- [188 189]
- [189 190]
- [190 191]
- [191 192]
- [192 193]
- [193 194]
- [194 195]
- [195 196]
- [196 197]
- [197 198]
- [198 199]
- [199 200]
- [200 201]
- [201 202]
- [202 203]
- [203 204]
- [204 205]
- [205 206]
- [206 207]
- [207 208]
- [208 209]
- [209 1]
- [179 210]
- [210 211]
- [211 212]
- [212 213]
- [213 214]
- [214 215]
- [215 216]
- [216 31]
- [120 217]
- [217 218]
- [218 219]
- [219 220]
- [220 221]
- [221 222]
- [222 223]
- [223 224]
- [224 225]
- [225 226]
- [226 227]
- [227 228]
- [228 229]
- [229 230]
- [230 231]
- [231 91]
- [156 232]
- [232 233]
- [233 234]
- [234 235]
- [235 236]
- [236 237]
- [237 238]
- [238 239]
- [239 240]
- [240 241]
- [241 242]
- [242 243]
- [243 244]
- [244 245]
- [245 246]
- [246 247]
- [247 248]
- [248 56]
sets:
  element:
  - name: layup_0
    labels:
    - 1
    - 2
    - 3
    - 4
    - 5
    - 6
    - 7
    - 8
    - 9
    - 10
    - 11
    - 12
    - 13
    - 14
    - 15
    - 16
    - 17
    - 18
    - 19
    - 20
    - 189
    - 190
    - 191
    - 192
    - 193
    - 194
    - 195
    - 196
    - 197
    - 198
    - 199
    - 200
    - 201
    - 202
    - 203
    - 204
    - 205
    - 206
    - 207
    - 208
    - 209
  - name: layup_1
    labels:
    - 21
    - 22
    - 23
    - 24
    - 25
    - 26
    - 27
    - 28
    - 29
    - 30
    - 31
    - 32
    - 33
    - 34
    - 35
    - 36
    - 37
    - 38
    - 39
    - 40
    - 41
    - 42
    - 43
    - 44
    - 45
    - 46
    - 47
    - 48
    - 49
    - 50
    - 51
    - 95
    - 96
    - 97
    - 98
    - 99
    - 109
    - 110
    - 111
    - 112
    - 113
    - 114
    - 115
    - 116
    - 117
    - 162
    - 163
    - 164
    - 165
    - 166
    - 167
    - 168
    - 169
    - 170
    - 171
    - 172
    - 173
    - 174
    - 175
    - 176
    - 177
    - 178
    - 179
    - 180
    - 181
    - 182
    - 183
    - 184
    - 185
    - 186
    - 187
    - 188
  - name: layup_2
    labels:
    - 52
    - 53
    - 54
    - 55
    - 56
    - 57
    - 58
    - 59
    - 60
    - 61
    - 62
    - 63
    - 64
    - 65
    - 66
    - 67
    - 68
    - 69
    - 70
    - 71
    - 72
    - 73
    - 74
    - 75
    - 76
    - 77
    - 78
    - 79
    - 80
    - 81
    - 82
    - 83
    - 84
    - 85
    - 86
    - 87
    - 88
    - 89
    - 90
    - 91
    - 92
    - 93
    - 94
    - 118
    - 119
    - 120
    - 121
    - 122
    - 123
    - 124
    - 125
    - 126
    - 127
    - 128
    - 129
    - 130
    - 131
    - 132
    - 133
    - 134
    - 135
    - 136
    - 137
    - 138
    - 139
    - 140
    - 141
    - 142
    - 143
    - 144
    - 145
    - 146
    - 147
    - 148
    - 149
    - 150
    - 151
    - 152
    - 153
    - 154
    - 155
    - 156
    - 157
    - 158
    - 159
    - 160
    - 161
  - name: layup_3
    labels:
    - 100
    - 101
    - 102
    - 103
    - 104
    - 105
    - 106
    - 107
    - 108
  - name: layup_4
    labels:
    - 210
    - 211
    - 212
    - 213
    - 214
    - 215
    - 216
    - 217
  - name: layup_5
    labels:
    - 218
    - 219
    - 220
    - 221
    - 222
    - 223
    - 224
    - 225
    - 226
    - 227
    - 228
    - 229
    - 230
    - 231
    - 232
    - 233
    - 234
    - 235
    - 236
    - 237
    - 238
    - 239
    - 240
    - 241
    - 242
    - 243
    - 244
    - 245
    - 246
    - 247
    - 248
    - 249
    - 250
    - 251
sections:
- type: shell
  elementSet: layup_0
  layup:
  - - gelcoat
    - 0.0005
    - 0.0
  - - glass_triax
    - 0.003
    - 0.0
  - - glass_uniax
    - 0.00363
    - 0.0
  - - glass_triax
    - 0.003
    - 0.0
- type: shell
  elementSet: layup_1
  layup:
  - - gelcoat
    - 0.0005
    - 0.0
  - - glass_triax
    - 0.003
    - 0.0
  - - medium_density_foam
    - 0.0087907
    - 0.0
  - - glass_triax
    - 0.003
    - 0.0
- type: shell
  elementSet: layup_2
  layup:
  - - gelcoat
    - 0.0005
    - 0.0
  - - glass_triax
    - 0.003
    - 0.0
  - - carbon_uniax
    - 0.01991727
    - 0.0
  - - glass_triax
    - 0.003
    - 0.0
- type: shell
  elementSet: layup_3
  layup:
  - - gelcoat
    - 0.0005
    - 0.0
  - - glass_triax
    - 0.003
    - 0.0
  - - glass_uniax
    - 0.002755
    - 0.0
  - - glass_triax
    - 0.003
    - 0.0
- type: shell
  elementSet: layup_4
  layup:
  - - glass_biax
    - 0.002
    - 0.0
  - - medium_density_foam
    - 0.03
    - 0.0
  - - glass_biax
    - 0.002
    - 0.0
- type: shell
  elementSet: layup_5
  layup:
  - - glass_biax
    - 0.002
    - 0.0
  - - medium_density_foam
    - 0.015536
    - 0.0
  - - glass_biax
    - 0.002
    - 0.0
elementOrientations:
- [0.0, 0.0, 1.0, -0.9921304191473258, 0.1252087513017825, 0.0, -0.1252087513017825,
  -0.9921304191473258, 0.0]
- [0.0, 0.0, 1.0, -0.9832941330320255, 0.18202375653962738, 0.0, -0.18202375653962738,
  -0.9832941330320255, 0.0]
- [0.0, 0.0, 1.0, -0.9833763091662014, 0.1815792790234041, 0.0, -0.1815792790234041,
  -0.9833763091662014, 0.0]
- [0.0, 0.0, 1.0, -0.9830733878969306, 0.1832122103159365, 0.0, -0.1832122103159365,
  -0.9830733878969306, 0.0]
- [0.0, 0.0, 1.0, -0.9827701946914229, 0.18483166510688204, 0.0, -0.18483166510688204,
  -0.9827701946914229, 0.0]
- [0.0, 0.0, 1.0, -0.9822857854523038, 0.18738899567037193, 0.0, -0.18738899567037193,
  -0.9822857854523038, 0.0]
- [0.0, 0.0, 1.0, -0.9819652110438855, 0.18906169442681262, 0.0, -0.18906169442681262,
  -0.9819652110438855, 0.0]
- [0.0, 0.0, 1.0, -0.9816591735352375, 0.19064434692409488, 0.0, -0.19064434692409488,
  -0.9816591735352375, 0.0]
- [0.0, 0.0, 1.0, -0.9811634419650729, 0.19317945064434475, 0.0, -0.19317945064434475,
  -0.9811634419650729, 0.0]
- [0.0, 0.0, 1.0, -0.98094032558683, 0.1943092319927288, 0.0, -0.1943092319927288,
  -0.98094032558683, 0.0]
- [0.0, 0.0, 1.0, -0.9805239559472432, 0.1963995209097232, 0.0, -0.1963995209097232,
  -0.9805239559472432, 0.0]
- [0.0, 0.0, 1.0, -0.9802788502813723, 0.19761926953369421, 0.0, -0.19761926953369421,
  -0.9802788502813723, 0.0]
- [0.0, 0.0, 1.0, -0.9799216291164385, 0.1993830504074633, 0.0, -0.1993830504074633,
  -0.9799216291164385, 0.0]
- [0.0, 0.0, 1.0, -0.9795981469629361, 0.20096634162660557, 0.0, -0.20096634162660557,
  -0.9795981469629361, 0.0]
- [0.0, 0.0, 1.0, -0.9792505927371146, 0.20265309428678807, 0.0, -0.20265309428678807,
  -0.9792505927371146, 0.0]
- [0.0, 0.0, 1.0, -0.9791492837323115, 0.20314201969681514, 0.0, -0.20314201969681514,
  -0.9791492837323115, 0.0]
- [0.0, 0.0, 1.0, -0.978790765668134, 0.20486248324861228, 0.0, -0.20486248324861228,
  -0.978790765668134, 0.0]
- [0.0, 0.0, 1.0, -0.9786534849890232, 0.2055172895861559, 0.0, -0.2055172895861559,
  -0.9786534849890232, 0.0]
- [0.0, 0.0, 1.0, -0.9783922176929931, 0.20675751100694392, 0.0, -0.20675751100694392,
  -0.9783922176929931, 0.0]
- [0.0, 0.0, 1.0, -0.9881761749290695, 0.15332269010995397, 0.0, -0.15332269010995397,
  -0.9881761749290695, 0.0]
- [0.0, 0.0, 1.0, -0.9880576138423611, 0.15408488481398694, 0.0, -0.15408488481398694,
  -0.9880576138423611, 0.0]
- [0.0, 0.0, 1.0, -0.9776239153463554, 0.21036035782167295, 0.0, -0.21036035782167295,
  -0.9776239153463554, 0.0]
- [0.0, 0.0, 1.0, -0.9773895409671691, 0.21144664860902015, 0.0, -0.21144664860902015,
  -0.9773895409671691, 0.0]
- [0.0, 0.0, 1.0, -0.9772037891259161, 0.2123034491428536, 0.0, -0.2123034491428536,
  -0.9772037891259161, 0.0]
- [0.0, 0.0, 1.0, -0.9770949212208174, 0.21280393540647805, 0.0, -0.21280393540647805,
  -0.9770949212208174, 0.0]
- [0.0, 0.0, 1.0, -0.9769786909854996, 0.2133369104497856, 0.0, -0.2133369104497856,
  -0.9769786909854996, 0.0]
- [0.0, 0.0, 1.0, -0.976926721789047, 0.2135747650227098, 0.0, -0.2135747650227098,
  -0.976926721789047, 0.0]
- [0.0, 0.0, 1.0, -0.9768719811173526, 0.2138250044028029, 0.0, -0.2138250044028029,
  -0.9768719811173526, 0.0]
- [0.0, 0.0, 1.0, -0.9769111394591792, 0.2136460287498178, 0.0, -0.2136460287498178,
  -0.9769111394591792, 0.0]
- [0.0, 0.0, 1.0, -0.9770554260167678, 0.2129851978218027, 0.0, -0.2129851978218027,
  -0.9770554260167678, 0.0]
- [0.0, 0.0, 1.0, -0.9770655886650187, 0.21293857200300917, 0.0, -0.21293857200300917,
  -0.9770655886650187, 0.0]
- [0.0, 0.0, 1.0, -0.9771201535309529, 0.21268804753358087, 0.0, -0.21268804753358087,
  -0.9771201535309529, 0.0]
- [0.0, 0.0, 1.0, -0.9774226974010154, 0.21129332835024167, 0.0, -0.21129332835024167,
  -0.9774226974010154, 0.0]
- [0.0, 0.0, 1.0, -0.9776496787143554, 0.21024059006223747, 0.0, -0.21024059006223747,
  -0.9776496787143554, 0.0]
- [0.0, 0.0, 1.0, -0.9776750755661808, 0.21012245624078968, 0.0, -0.21012245624078968,
  -0.9776750755661808, 0.0]
- [0.0, 0.0, 1.0, -0.9780173585561737, 0.20852349115340665, 0.0, -0.20852349115340665,
  -0.9780173585561737, 0.0]
- [0.0, 0.0, 1.0, -0.9785823430712252, 0.20585576948249737, 0.0, -0.20585576948249737,
  -0.9785823430712252, 0.0]
- [0.0, 0.0, 1.0, -0.9787807848465809, 0.20491016376722493, 0.0, -0.20491016376722493,
  -0.9787807848465809, 0.0]
- [0.0, 0.0, 1.0, -0.9789213966832564, 0.20423735974523008, 0.0, -0.20423735974523008,
  -0.9789213966832564, 0.0]
- [0.0, 0.0, 1.0, -0.9797947320692713, 0.2000057074418245, 0.0, -0.2000057074418245,
  -0.9797947320692713, 0.0]
- [0.0, 0.0, 1.0, -0.980391554855319, 0.19705937980306817, 0.0, -0.19705937980306817,
  -0.980391554855319, 0.0]
- [0.0, 0.0, 1.0, -0.9807140633367109, 0.19544801348081817, 0.0, -0.19544801348081817,
  -0.9807140633367109, 0.0]
- [0.0, 0.0, 1.0, -0.9811499634405539, 0.19324789582450747, 0.0, -0.19324789582450747,
  -0.9811499634405539, 0.0]
- [0.0, 0.0, 1.0, -0.9823176652083856, 0.18722180594029703, 0.0, -0.18722180594029703,
  -0.9823176652083856, 0.0]
- [0.0, 0.0, 1.0, -0.9828395228168262, 0.18446265852251376, 0.0, -0.18446265852251376,
  -0.9828395228168262, 0.0]
- [0.0, 0.0, 1.0, -0.9830541150880509, 0.18331559346779328, 0.0, -0.18331559346779328,
  -0.9830541150880509, 0.0]
- [0.0, 0.0, 1.0, -0.9838437610823835, 0.17902919811938445, 0.0, -0.17902919811938445,
  -0.9838437610823835, 0.0]
- [0.0, 0.0, 1.0, -0.9848618510794729, 0.17334109232468287, 0.0, -0.17334109232468287,
  -0.9848618510794729, 0.0]
- [0.0, 0.0, 1.0, -0.9854336286129425, 0.1700604704178167, 0.0, -0.1700604704178167,
  -0.9854336286129425, 0.0]
- [0.0, 0.0, 1.0, -0.9856047125322817, 0.16906611320474144, 0.0, -0.16906611320474144,
  -0.9856047125322817, 0.0]
- [0.0, 0.0, 1.0, -0.9992017094501405, 0.039949265724376695, 0.0, -0.039949265724376695,
  -0.9992017094501405, 0.0]
- [0.0, 0.0, 1.0, -0.9993199565675487, 0.03687308511411402, 0.0, -0.03687308511411402,
  -0.9993199565675487, 0.0]
- [0.0, 0.0, 1.0, -0.9882294830295324, 0.15297872032143292, 0.0, -0.15297872032143292,
  -0.9882294830295324, 0.0]
- [0.0, 0.0, 1.0, -0.988860803225785, 0.14884324587852685, 0.0, -0.14884324587852685,
  -0.988860803225785, 0.0]
- [0.0, 0.0, 1.0, -0.9903180290456983, 0.13881715076691192, 0.0, -0.13881715076691192,
  -0.9903180290456983, 0.0]
- [0.0, 0.0, 1.0, -0.9909987556310347, 0.13387108103597606, 0.0, -0.13387108103597606,
  -0.9909987556310347, 0.0]
- [0.0, 0.0, 1.0, -0.991262419447719, 0.13190457077241288, 0.0, -0.13190457077241288,
  -0.991262419447719, 0.0]
- [0.0, 0.0, 1.0, -0.9926405836591943, 0.12109777732367315, 0.0, -0.12109777732367315,
  -0.9926405836591943, 0.0]
- [0.0, 0.0, 1.0, -0.9936320692291728, 0.11267347069897252, 0.0, -0.11267347069897252,
  -0.9936320692291728, 0.0]
- [0.0, 0.0, 1.0, -0.9941459105733033, 0.10804586290264657, 0.0, -0.10804586290264657,
  -0.9941459105733033, 0.0]
- [0.0, 0.0, 1.0, -0.9945845331102163, 0.10393077743350769, 0.0, -0.10393077743350769,
  -0.9945845331102163, 0.0]
- [0.0, 0.0, 1.0, -0.996116144341767, 0.08804900329755115, 0.0, -0.08804900329755115,
  -0.996116144341767, 0.0]
- [0.0, 0.0, 1.0, -0.9967680048323773, 0.08033395634774762, 0.0, -0.08033395634774762,
  -0.9967680048323773, 0.0]
- [0.0, 0.0, 1.0, -0.997011252552667, 0.0772564708187093, 0.0, -0.0772564708187093,
  -0.997011252552667, 0.0]
- [0.0, 0.0, 1.0, -0.9980420688783874, 0.06254621290652283, 0.0, -0.06254621290652283,
  -0.9980420688783874, 0.0]
- [0.0, 0.0, 1.0, -0.9987708027153408, 0.0495669612075797, 0.0, -0.0495669612075797,
  -0.9987708027153408, 0.0]
- [0.0, 0.0, 1.0, -0.9990024735573878, 0.04465487460760031, 0.0, -0.04465487460760031,
  -0.9990024735573878, 0.0]
- [0.0, 0.0, 1.0, -0.9994166593189833, 0.034151736056654655, 0.0, -0.034151736056654655,
  -0.9994166593189833, 0.0]
- [0.0, 0.0, 1.0, -0.9999185656894165, 0.012761739286627055, 0.0, -0.012761739286627055,
  -0.9999185656894165, 0.0]
- [0.0, 0.0, 1.0, -0.9999904752898882, 0.004364553757661015, 0.0, -0.004364553757661015,
  -0.9999904752898882, 0.0]
- [0.0, 0.0, 1.0, -0.999994550225779, -0.0033014419185918935, 0.0, 0.0033014419185918935,
  -0.999994550225779, 0.0]
- [0.0, 0.0, 1.0, -0.9996381579480512, -0.026898943738126464, 0.0, 0.026898943738126464,
  -0.9996381579480512, 0.0]
- [0.0, 0.0, 1.0, -0.9992045027102513, -0.03987934005922794, 0.0, 0.03987934005922794,
  -0.9992045027102513, 0.0]
- [0.0, 0.0, 1.0, -0.9989157719710244, -0.046554060054227624, 0.0, 0.046554060054227624,
  -0.9989157719710244, 0.0]
- [0.0, 0.0, 1.0, -0.9974971024636996, -0.07070735871550904, 0.0, 0.07070735871550904,
  -0.9974971024636996, 0.0]
- [0.0, 0.0, 1.0, -0.9962456465410445, -0.08657142570164988, 0.0, 0.08657142570164988,
  -0.9962456465410445, 0.0]
- [0.0, 0.0, 1.0, -0.9956053678517448, -0.09364801922513763, 0.0, 0.09364801922513763,
  -0.9956053678517448, 0.0]
- [0.0, 0.0, 1.0, -0.9928792514800042, -0.11912511062117231, 0.0, 0.11912511062117231,
  -0.9928792514800042, 0.0]
- [0.0, 0.0, 1.0, -0.9908105904450593, -0.1352566961814197, 0.0, 0.1352566961814197,
  -0.9908105904450593, 0.0]
- [0.0, 0.0, 1.0, -0.9896547172631213, -0.14346965044514387, 0.0, 0.14346965044514387,
  -0.9896547172631213, 0.0]
- [0.0, 0.0, 1.0, -0.9854288601651098, -0.17008809938879457, 0.0, 0.17008809938879457,
  -0.9854288601651098, 0.0]
- [0.0, 0.0, 1.0, -0.9826173680122935, -0.18564241993842057, 0.0, 0.18564241993842057,
  -0.9826173680122935, 0.0]
- [0.0, 0.0, 1.0, -0.9811003860167452, -0.1934994381330173, 0.0, 0.1934994381330173,
  -0.9811003860167452, 0.0]
- [0.0, 0.0, 1.0, -0.9737532500011371, -0.22760625675104565, 0.0, 0.22760625675104565,
  -0.9737532500011371, 0.0]
- [0.0, 0.0, 1.0, -0.9710750889873094, -0.23877431090527576, 0.0, 0.23877431090527576,
  -0.9710750889873094, 0.0]
- [0.0, 0.0, 1.0, -0.9665013926054467, -0.2566613685222853, 0.0, 0.2566613685222853,
  -0.9665013926054467, 0.0]
- [0.0, 0.0, 1.0, -0.9593605179373753, -0.2821832677940548, 0.0, 0.2821832677940548,
  -0.9593605179373753, 0.0]
- [0.0, 0.0, 1.0, -0.9556581728466509, -0.2944782787768918, 0.0, 0.2944782787768918,
  -0.9556581728466509, 0.0]
- [0.0, 0.0, 1.0, -0.9453756645975377, -0.32598290259883855, 0.0, 0.32598290259883855,
  -0.9453756645975377, 0.0]
- [0.0, 0.0, 1.0, -0.940597494726629, -0.3395237148035303, 0.0, 0.3395237148035303,
  -0.940597494726629, 0.0]
- [0.0, 0.0, 1.0, -0.929746476402208, -0.36820033897007554, 0.0, 0.36820033897007554,
  -0.929746476402208, 0.0]
- [0.0, 0.0, 1.0, -0.9201526971992753, -0.3915597193748339, 0.0, 0.3915597193748339,
  -0.9201526971992753, 0.0]
- [0.0, 0.0, 1.0, -0.9079315585830965, -0.41911846168937633, 0.0, 0.41911846168937633,
  -0.9079315585830965, 0.0]
- [0.0, 0.0, 1.0, -0.94058760626575, -0.33955110799298904, 0.0, 0.33955110799298904,
  -0.94058760626575, 0.0]
- [0.0, 0.0, 1.0, -0.9255465641253994, -0.37863380413754405, 0.0, 0.37863380413754405,
  -0.9255465641253994, 0.0]
- [0.0, 0.0, 1.0, -0.8602018667424245, -0.5099536728496503, 0.0, 0.5099536728496503,
  -0.8602018667424245, 0.0]
- [0.0, 0.0, 1.0, -0.8300415658672975, -0.5577015321232001, 0.0, 0.5577015321232001,
  -0.8300415658672975, 0.0]
- [0.0, 0.0, 1.0, -0.8036150504610395, -0.5951494355810992, 0.0, 0.5951494355810992,
  -0.8036150504610395, 0.0]
- [0.0, 0.0, 1.0, -0.8049617112258302, -0.5933267594339424, 0.0, 0.5933267594339424,
  -0.8049617112258302, 0.0]
- [0.0, 0.0, 1.0, -0.7489875603472923, -0.6625840583993937, 0.0, 0.6625840583993937,
  -0.7489875603472923, 0.0]
- [0.0, 0.0, 1.0, -0.6364441833770287, -0.7713227608761115, 0.0, 0.7713227608761115,
  -0.6364441833770287, 0.0]
- [0.0, 0.0, 1.0, -0.5261089068386968, -0.8504172024042032, 0.0, 0.8504172024042032,
  -0.5261089068386968, 0.0]
- [0.0, 0.0, 1.0, -0.3621065605986649, -0.9321367060530368, 0.0, 0.9321367060530368,
  -0.3621065605986649, 0.0]
- [0.0, 0.0, 1.0, -0.07424857374933826, -0.997239765200019, 0.0, 0.997239765200019,
  -0.07424857374933826, 0.0]
- [0.0, 0.0, 1.0, 0.3233450576120093, -0.9462811282689126, 0.0, 0.9462811282689126,
  0.3233450576120093, 0.0]
- [0.0, 0.0, 1.0, 0.614860614106948, -0.7886358001130983, 0.0, 0.7886358001130983,
  0.614860614106948, 0.0]
- [0.0, 0.0, 1.0, 0.7374560970648962, -0.6753950731992426, 0.0, 0.6753950731992426,
  0.7374560970648962, 0.0]
- [0.0, 0.0, 1.0, 0.8345523939650239, -0.5509285813308723, 0.0, 0.5509285813308723,
  0.8345523939650239, 0.0]
- [0.0, 0.0, 1.0, 0.8683753032607069, -0.49590758482490993, 0.0, 0.49590758482490993,
  0.8683753032607069, 0.0]
- [0.0, 0.0, 1.0, 0.8602030804489232, -0.509951625535387, 0.0, 0.509951625535387,
  0.8602030804489232, 0.0]
- [0.0, 0.0, 1.0, 0.8800174472445853, -0.474941356953807, 0.0, 0.474941356953807,
  0.8800174472445853, 0.0]
- [0.0, 0.0, 1.0, 0.8933659063672742, -0.44932989811560353, 0.0, 0.44932989811560353,
  0.8933659063672742, 0.0]
- [0.0, 0.0, 1.0, 0.9089062982941634, -0.41700040877821826, 0.0, 0.41700040877821826,
  0.9089062982941634, 0.0]
- [0.0, 0.0, 1.0, 0.9168069397689219, -0.3993307340933634, 0.0, 0.3993307340933634,
  0.9168069397689219, 0.0]
- [0.0, 0.0, 1.0, 0.9288623195185661, -0.3704251494952647, 0.0, 0.3704251494952647,
  0.9288623195185661, 0.0]
- [0.0, 0.0, 1.0, 0.9349921478032577, -0.35466841351641554, 0.0, 0.35466841351641554,
  0.9349921478032577, 0.0]
- [0.0, 0.0, 1.0, 0.9770270177668139, -0.21311547703929393, 0.0, 0.21311547703929393,
  0.9770270177668139, 0.0]
- [0.0, 0.0, 1.0, 0.9818125968131084, -0.18985263953682757, 0.0, 0.18985263953682757,
  0.9818125968131084, 0.0]
- [0.0, 0.0, 1.0, 0.9549029572781822, -0.29691807318077146, 0.0, 0.29691807318077146,
  0.9549029572781822, 0.0]
- [0.0, 0.0, 1.0, 0.9623078373045628, -0.27196254569740863, 0.0, 0.27196254569740863,
  0.9623078373045628, 0.0]
- [0.0, 0.0, 1.0, 0.9647934596227713, -0.2630087075918284, 0.0, 0.2630087075918284,
  0.9647934596227713, 0.0]
- [0.0, 0.0, 1.0, 0.9711569315127029, -0.23844121786056918, 0.0, 0.23844121786056918,
  0.9711569315127029, 0.0]
- [0.0, 0.0, 1.0, 0.9745265031365734, -0.2242723671886532, 0.0, 0.2242723671886532,
  0.9745265031365734, 0.0]
- [0.0, 0.0, 1.0, 0.9769360305739927, -0.2135321806340457, 0.0, 0.2135321806340457,
  0.9769360305739927, 0.0]
- [0.0, 0.0, 1.0, 0.9827484387131471, -0.18494730656830866, 0.0, 0.18494730656830866,
  0.9827484387131471, 0.0]
- [0.0, 0.0, 1.0, 0.9841313353309047, -0.1774415814283966, 0.0, 0.1774415814283966,
  0.9841313353309047, 0.0]
- [0.0, 0.0, 1.0, 0.9867017218841825, -0.1625414163553081, 0.0, 0.1625414163553081,
  0.9867017218841825, 0.0]
- [0.0, 0.0, 1.0, 0.990288643711003, -0.1390266238424216, 0.0, 0.1390266238424216,
  0.990288643711003, 0.0]
- [0.0, 0.0, 1.0, 0.9915241986271465, -0.12992214413561334, 0.0, 0.12992214413561334,
  0.9915241986271465, 0.0]
- [0.0, 0.0, 1.0, 0.9929551477498164, -0.11849082056066715, 0.0, 0.11849082056066715,
  0.9929551477498164, 0.0]
- [0.0, 0.0, 1.0, 0.9955847175802247, -0.09386730059346661, 0.0, 0.09386730059346661,
  0.9955847175802247, 0.0]
- [0.0, 0.0, 1.0, 0.9964430364606932, -0.08426906365323943, 0.0, 0.08426906365323943,
  0.9964430364606932, 0.0]
- [0.0, 0.0, 1.0, 0.9969118705580479, -0.0785284810782289, 0.0, 0.0785284810782289,
  0.9969118705580479, 0.0]
- [0.0, 0.0, 1.0, 0.9988168008655156, -0.04863124827491916, 0.0, 0.04863124827491916,
  0.9988168008655156, 0.0]
- [0.0, 0.0, 1.0, 0.9991760721396526, -0.04058542673886137, 0.0, 0.04058542673886137,
  0.9991760721396526, 0.0]
- [0.0, 0.0, 1.0, 0.9993541478470575, -0.03593448456401866, 0.0, 0.03593448456401866,
  0.9993541478470575, 0.0]
- [0.0, 0.0, 1.0, 0.9999666608616019, -0.008165608691220549, 0.0, 0.008165608691220549,
  0.9999666608616019, 0.0]
- [0.0, 0.0, 1.0, 0.9999961675599532, 0.002768549332372029, 0.0, -0.002768549332372029,
  0.9999961675599532, 0.0]
- [0.0, 0.0, 1.0, 0.9999621103332178, 0.008705050139866497, 0.0, -0.008705050139866497,
  0.9999621103332178, 0.0]
- [0.0, 0.0, 1.0, 0.9995761347117819, 0.029112727708917076, 0.0, -0.029112727708917076,
  0.9995761347117819, 0.0]
- [0.0, 0.0, 1.0, 0.9989147971520925, 0.046574972148071186, 0.0, -0.046574972148071186,
  0.9989147971520925, 0.0]
- [0.0, 0.0, 1.0, 0.9985233086235992, 0.054324967882002896, 0.0, -0.054324967882002896,
  0.9985233086235992, 0.0]
- [0.0, 0.0, 1.0, 0.9979406700097776, 0.06414373812334306, 0.0, -0.06414373812334306,
  0.9979406700097776, 0.0]
- [0.0, 0.0, 1.0, 0.99603296442984, 0.08898501991405679, 0.0, -0.08898501991405679,
  0.99603296442984, 0.0]
- [0.0, 0.0, 1.0, 0.9950906546850624, 0.09896761570561256, 0.0, -0.09896761570561256,
  0.9950906546850624, 0.0]
- [0.0, 0.0, 1.0, 0.9946021524090481, 0.1037620278487673, 0.0, -0.1037620278487673,
  0.9946021524090481, 0.0]
- [0.0, 0.0, 1.0, 0.9923006028219307, 0.12385279019559071, 0.0, -0.12385279019559071,
  0.9923006028219307, 0.0]
- [0.0, 0.0, 1.0, 0.9899142906925824, 0.141667558327944, 0.0, -0.141667558327944,
  0.9899142906925824, 0.0]
- [0.0, 0.0, 1.0, 0.9893930648932204, 0.1452630825130724, 0.0, -0.1452630825130724,
  0.9893930648932204, 0.0]
- [0.0, 0.0, 1.0, 0.9878609105084682, 0.15534098457709072, 0.0, -0.15534098457709072,
  0.9878609105084682, 0.0]
- [0.0, 0.0, 1.0, 0.9836914710606786, 0.17986408691697794, 0.0, -0.17986408691697794,
  0.9836914710606786, 0.0]
- [0.0, 0.0, 1.0, 0.9821892532224724, 0.1878943076686518, 0.0, -0.1878943076686518,
  0.9821892532224724, 0.0]
- [0.0, 0.0, 1.0, 0.980846547806412, 0.194782056812849, 0.0, -0.194782056812849, 0.980846547806412,
  0.0]
- [0.0, 0.0, 1.0, 0.9790160625763765, 0.20378309355157148, 0.0, -0.20378309355157148,
  0.9790160625763765, 0.0]
- [0.0, 0.0, 1.0, 0.973970409121457, 0.22667519086962637, 0.0, -0.22667519086962637,
  0.973970409121457, 0.0]
- [0.0, 0.0, 1.0, 0.9730739831284994, 0.23049300067125053, 0.0, -0.23049300067125053,
  0.9730739831284994, 0.0]
- [0.0, 0.0, 1.0, 0.9717592280473865, 0.23597458063263474, 0.0, -0.23597458063263474,
  0.9717592280473865, 0.0]
- [0.0, 0.0, 1.0, 0.9686595466594705, 0.24839219525876638, 0.0, -0.24839219525876638,
  0.9686595466594705, 0.0]
- [0.0, 0.0, 1.0, 0.9658142084399252, 0.25923524987077, 0.0, -0.25923524987077, 0.9658142084399252,
  0.0]
- [0.0, 0.0, 1.0, 0.9647876161251244, 0.2630301423251703, 0.0, -0.2630301423251703,
  0.9647876161251244, 0.0]
- [0.0, 0.0, 1.0, 0.9892777135659272, 0.14604658654611247, 0.0, -0.14604658654611247,
  0.9892777135659272, 0.0]
- [0.0, 0.0, 1.0, 0.9873149905843605, 0.15877376788186362, 0.0, -0.15877376788186362,
  0.9873149905843605, 0.0]
- [0.0, 0.0, 1.0, 0.9601257557072047, 0.2795684768132288, 0.0, -0.2795684768132288,
  0.9601257557072047, 0.0]
- [0.0, 0.0, 1.0, 0.95966714683262, 0.2811386976034049, 0.0, -0.2811386976034049,
  0.95966714683262, 0.0]
- [0.0, 0.0, 1.0, 0.959201646239801, 0.28272283574351725, 0.0, -0.28272283574351725,
  0.959201646239801, 0.0]
- [0.0, 0.0, 1.0, 0.9575838135409652, 0.28815488898219666, 0.0, -0.28815488898219666,
  0.9575838135409652, 0.0]
- [0.0, 0.0, 1.0, 0.9573753596160044, 0.2888467081344813, 0.0, -0.2888467081344813,
  0.9573753596160044, 0.0]
- [0.0, 0.0, 1.0, 0.9573675388085393, 0.28887262874090375, 0.0, -0.28887262874090375,
  0.9573675388085393, 0.0]
- [0.0, 0.0, 1.0, 0.9576346855564757, 0.2879857791960393, 0.0, -0.2879857791960393,
  0.9576346855564757, 0.0]
- [0.0, 0.0, 1.0, 0.9578006490294011, 0.28743332569286045, 0.0, -0.28743332569286045,
  0.9578006490294011, 0.0]
- [0.0, 0.0, 1.0, 0.9583541099220979, 0.2855825624848682, 0.0, -0.2855825624848682,
  0.9583541099220979, 0.0]
- [0.0, 0.0, 1.0, 0.9585642060551233, 0.2848765748002301, 0.0, -0.2848765748002301,
  0.9585642060551233, 0.0]
- [0.0, 0.0, 1.0, 0.9607670635660919, 0.2773565387125192, 0.0, -0.2773565387125192,
  0.9607670635660919, 0.0]
- [0.0, 0.0, 1.0, 0.9617478435826526, 0.27393627975154605, 0.0, -0.27393627975154605,
  0.9617478435826526, 0.0]
- [0.0, 0.0, 1.0, 0.962698490459584, 0.2705764521661824, 0.0, -0.2705764521661824,
  0.962698490459584, 0.0]
- [0.0, 0.0, 1.0, 0.9638814202635303, 0.2663317624143988, 0.0, -0.2663317624143988,
  0.9638814202635303, 0.0]
- [0.0, 0.0, 1.0, 0.967448352263348, 0.25306853953609615, 0.0, -0.25306853953609615,
  0.967448352263348, 0.0]
- [0.0, 0.0, 1.0, 0.9688596222654807, 0.247610646668495, 0.0, -0.247610646668495,
  0.9688596222654807, 0.0]
- [0.0, 0.0, 1.0, 0.9695211639652745, 0.24500757666533327, 0.0, -0.24500757666533327,
  0.9695211639652745, 0.0]
- [0.0, 0.0, 1.0, 0.9728053043806669, 0.23162435055243683, 0.0, -0.23162435055243683,
  0.9728053043806669, 0.0]
- [0.0, 0.0, 1.0, 0.9753932817523802, 0.22047209780904709, 0.0, -0.22047209780904709,
  0.9753932817523802, 0.0]
- [0.0, 0.0, 1.0, 0.9766598879085978, 0.2147916743041156, 0.0, -0.2147916743041156,
  0.9766598879085978, 0.0]
- [0.0, 0.0, 1.0, 0.9777519671084242, 0.20976436974759802, 0.0, -0.20976436974759802,
  0.9777519671084242, 0.0]
- [0.0, 0.0, 1.0, 0.9824619810487074, 0.1864630145467172, 0.0, -0.1864630145467172,
  0.9824619810487074, 0.0]
- [0.0, 0.0, 1.0, 0.9836949878084154, 0.17984485247179471, 0.0, -0.17984485247179471,
  0.9836949878084154, 0.0]
- [0.0, 0.0, 1.0, 0.9842778180166901, 0.17662722598824684, 0.0, -0.17662722598824684,
  0.9842778180166901, 0.0]
- [0.0, 0.0, 1.0, 0.9884409795131104, 0.15160616748392103, 0.0, -0.15160616748392103,
  0.9884409795131104, 0.0]
- [0.0, 0.0, 1.0, 0.9964272777700534, 0.08445519590742141, 0.0, -0.08445519590742141,
  0.9964272777700534, 0.0]
- [0.0, 0.0, 1.0, 0.996835251833052, 0.07949516150644438, 0.0, -0.07949516150644438,
  0.996835251833052, 0.0]
- [0.0, 0.0, 1.0, 0.9935804114721366, 0.11312809526753252, 0.0, -0.11312809526753252,
  0.9935804114721366, 0.0]
- [0.0, 0.0, 1.0, 0.9949241064090505, 0.10062813963376471, 0.0, -0.10062813963376471,
  0.9949241064090505, 0.0]
- [0.0, 0.0, 1.0, 0.9957256830555207, 0.0923599702447806, 0.0, -0.0923599702447806,
  0.9957256830555207, 0.0]
- [0.0, 0.0, 1.0, 0.9973606628186144, 0.07260653043641749, 0.0, -0.07260653043641749,
  0.9973606628186144, 0.0]
- [0.0, 0.0, 1.0, 0.9981624114206821, 0.06059538288391883, 0.0, -0.06059538288391883,
  0.9981624114206821, 0.0]
- [0.0, 0.0, 1.0, 0.9986822861050296, 0.05131950331045398, 0.0, -0.05131950331045398,
  0.9986822861050296, 0.0]
- [0.0, 0.0, 1.0, 0.9996340926298197, 0.02704959985206723, 0.0, -0.02704959985206723,
  0.9996340926298197, 0.0]
- [0.0, 0.0, 1.0, 0.9998321212860323, 0.01832291583435513, 0.0, -0.01832291583435513,
  0.9998321212860323, 0.0]
- [0.0, 0.0, 1.0, 0.9999975275273578, 0.0022237219185490395, 0.0, -0.0022237219185490395,
  0.9999975275273578, 0.0]
- [0.0, 0.0, 1.0, 0.9998305780522136, -0.018406933252886157, 0.0, 0.018406933252886157,
  0.9998305780522136, 0.0]
- [0.0, 0.0, 1.0, 0.9996206086611603, -0.02754339739195783, 0.0, 0.02754339739195783,
  0.9996206086611603, 0.0]
- [0.0, 0.0, 1.0, 0.9985900707171383, -0.05308361955575963, 0.0, 0.05308361955575963,
  0.9985900707171383, 0.0]
- [0.0, 0.0, 1.0, 0.9980192709410176, -0.06290894078237025, 0.0, 0.06290894078237025,
  0.9980192709410176, 0.0]
- [0.0, 0.0, 1.0, 0.9966196265967692, -0.08215424445587843, 0.0, 0.08215424445587843,
  0.9966196265967692, 0.0]
- [0.0, 0.0, 1.0, 0.9953423514268412, -0.09640333737006462, 0.0, 0.09640333737006462,
  0.9953423514268412, 0.0]
- [0.0, 0.0, 1.0, 0.9942271068515725, -0.1072961322767605, 0.0, 0.1072961322767605,
  0.9942271068515725, 0.0]
- [0.0, 0.0, 1.0, 0.9929945109954789, -0.11816048888206941, 0.0, 0.11816048888206941,
  0.9929945109954789, 0.0]
- [0.0, 0.0, 1.0, 0.9922959839238449, -0.12388979089742845, 0.0, 0.12388979089742845,
  0.9922959839238449, 0.0]
- [0.0, 0.0, 1.0, 0.9766120490624166, -0.2150090826595658, 0.0, 0.2150090826595658,
  0.9766120490624166, 0.0]
- [0.0, 0.0, 1.0, -0.1222453770419753, 0.9924999082074846, 0.0, -0.9924999082074846,
  -0.1222453770419753, 0.0]
- [0.0, 0.0, 1.0, 0.03728305401552902, 0.9993047452520553, 0.0, -0.9993047452520553,
  0.03728305401552902, 0.0]
- [0.0, 0.0, 1.0, 0.03728305401553911, 0.9993047452520549, 0.0, -0.9993047452520549,
  0.03728305401553911, 0.0]
- [0.0, 0.0, 1.0, 0.03728305401552902, 0.9993047452520553, 0.0, -0.9993047452520553,
  0.03728305401552902, 0.0]
