nodes:
- [2.67318444 0.01545943 0.00000000]
- [2.64145104 0.02037544 0.00000000]
- [2.60516473 0.02807402 0.00000000]
- [2.56887385 0.03575444 0.00000000]
- [2.53258310 0.04343474 0.00000000]
- [2.49628790 0.05109536 0.00000000]
- [2.45998513 0.05876024 0.00000000]
- [2.42369120 0.06648122 0.00000000]
- [2.38740057 0.07423249 0.00000000]
- [2.35112665 0.08206750 0.00000000]
- [2.31486758 0.08994219 0.00000000]
- [2.27861137 0.09784551 0.00000000]
- [2.24237207 0.10581942 0.00000000]
- [2.20613872 0.11380770 0.00000000]
- [2.16991251 0.12184290 0.00000000]
- [2.13369851 0.12992120 0.00000000]
- [2.09749245 0.13802173 0.00000000]
- [2.06129000 0.14613982 0.00000000]
- [2.02509354 0.15428351 0.00000000]
- [1.98890086 0.16244244 0.00000000]
- [1.95271220 0.17062423 0.00000000]
- [1.91653160 0.17883097 0.00000000]
- [1.87915226 0.18173399 0.00000000]
- [1.84092077 0.18482138 0.00000000]
- [1.80389322 0.19323136 0.00000000]
- [1.76687622 0.20164171 0.00000000]
- [1.72985438 0.21002987 0.00000000]
- [1.69283422 0.21841958 0.00000000]
- [1.65581141 0.22678128 0.00000000]
- [1.61878721 0.23513040 0.00000000]
- [1.58176459 0.24344476 0.00000000]
- [1.54472847 0.25171145 0.00000000]
- [1.50790105 0.25990866 0.00000000]
- [1.47107472 0.26805538 0.00000000]
- [1.43422946 0.27613420 0.00000000]
- [1.39737823 0.28418011 0.00000000]
- [1.36051218 0.29215225 0.00000000]
- [1.32364952 0.30008464 0.00000000]
- [1.28676709 0.30789658 0.00000000]
- [1.24985381 0.31565231 0.00000000]
- [1.21294659 0.32335806 0.00000000]
- [1.17603323 0.33093646 0.00000000]
- [1.13908413 0.33839283 0.00000000]
- [1.10210309 0.34577061 0.00000000]
- [1.06513834 0.35308054 0.00000000]
- [1.02814884 0.36019161 0.00000000]
- [0.99110733 0.36719234 0.00000000]
- [0.95404935 0.37411618 0.00000000]
- [0.91701346 0.38092392 0.00000000]
- [0.87993719 0.38748538 0.00000000]
- [0.84279727 0.39393010 0.00000000]
- [0.80565422 0.40029421 0.00000000]
- [0.76853853 0.40648305 0.00000000]
- [0.73135839 0.41237482 0.00000000]
- [0.69411791 0.41816959 0.00000000]
- [0.65690940 0.42383234 0.00000000]
- [0.61969277 0.42918160 0.00000000]
- [0.58238882 0.43426501 0.00000000]
- [0.54504039 0.43923876 0.00000000]
- [0.50776433 0.44404409 0.00000000]
- [0.47043773 0.44836388 0.00000000]
- [0.43300888 0.45250172 0.00000000]
- [0.39559095 0.45647280 0.00000000]
- [0.35822121 0.46013018 0.00000000]
- [0.32077908 0.46331295 0.00000000]
- [0.28281780 0.46075959 0.00000000]
- [0.24961367 0.45766679 0.00000000]
- [0.21690008 0.45968872 0.00000000]
- [0.18405127 0.46135988 0.00000000]
- [0.14596440 0.46309347 0.00000000]
- [0.10812443 0.46455445 0.00000000]
- [0.07025891 0.46515788 0.00000000]
- [0.03216584 0.46550773 0.00000000]
- [-0.00571142 0.46556921 0.00000000]
- [-0.04350175 0.46482307 0.00000000]
- [-0.08146916 0.46358744 0.00000000]
- [-0.11931719 0.46202646 0.00000000]
- [-0.15698368 0.45971735 0.00000000]
- [-0.19476188 0.45671267 0.00000000]
- [-0.23247592 0.45335770 0.00000000]
- [-0.26993920 0.44925082 0.00000000]
- [-0.30744291 0.44434210 0.00000000]
- [-0.34482022 0.43901392 0.00000000]
- [-0.38189678 0.43275750 0.00000000]
- [-0.41901725 0.42566336 0.00000000]
- [-0.45590509 0.41812433 0.00000000]
- [-0.49243582 0.40946013 0.00000000]
- [-0.52898037 0.40003017 0.00000000]
- [-0.56511335 0.39000602 0.00000000]
- [-0.60084262 0.37869305 0.00000000]
- [-0.64439751 0.36396299 0.00000000]
- [-0.68930357 0.35270468 0.00000000]
- [-0.72790336 0.34279989 0.00000000]
- [-0.76376015 0.32623572 0.00000000]
- [-0.79914098 0.30866295 0.00000000]
- [-0.83370304 0.28969268 0.00000000]
- [-0.86747291 0.26953781 0.00000000]
- [-0.90010298 0.24768451 0.00000000]
- [-0.93542421 0.22933199 0.00000000]
- [-0.96730560 0.21050665 0.00000000]
- [-0.99448595 0.18582552 0.00000000]
- [-1.01982750 0.15947344 0.00000000]
- [-1.04272627 0.13110270 0.00000000]
- [-1.06284566 0.10085103 0.00000000]
- [-1.07892302 0.06857511 0.00000000]
- [-1.08905080 0.03422876 0.00000000]
- [-1.09236034 -0.00111402 0.00000000]
- [-1.08739178 -0.03601641 0.00000000]
- [-1.07358079 -0.06872556 0.00000000]
- [-1.05391929 -0.09891100 0.00000000]
- [-1.03045456 -0.12668183 0.00000000]
- [-1.00447354 -0.15241916 0.00000000]
- [-0.97684414 -0.17655821 0.00000000]
- [-0.94791208 -0.19922711 0.00000000]
- [-0.91452064 -0.21564463 0.00000000]
- [-0.88157089 -0.23025918 0.00000000]
- [-0.85141072 -0.24888777 0.00000000]
- [-0.82065051 -0.26654896 0.00000000]
- [-0.78934461 -0.28326891 0.00000000]
- [-0.75748055 -0.29910005 0.00000000]
- [-0.72534078 -0.31421426 0.00000000]
- [-0.69261619 -0.32817971 0.00000000]
- [-0.65964092 -0.34167696 0.00000000]
- [-0.62447781 -0.34887818 0.00000000]
- [-0.57699547 -0.35937548 0.00000000]
- [-0.54103039 -0.37074918 0.00000000]
- [-0.50459956 -0.38113559 0.00000000]
- [-0.46802762 -0.39095550 0.00000000]
- [-0.43124028 -0.39967468 0.00000000]
- [-0.39409176 -0.40772271 0.00000000]
- [-0.35696608 -0.41514583 0.00000000]
- [-0.31962663 -0.42147343 0.00000000]
- [-0.28197671 -0.42726677 0.00000000]
- [-0.24446704 -0.43247689 0.00000000]
- [-0.20678054 -0.43655501 0.00000000]
- [-0.16876697 -0.44019798 0.00000000]
- [-0.13100103 -0.44338832 0.00000000]
- [-0.09313993 -0.44538250 0.00000000]
- [-0.05494495 -0.44699843 0.00000000]
- [-0.01699466 -0.44820805 0.00000000]
- [0.02092373 -0.44835992 0.00000000]
- [0.05912404 -0.44798988 0.00000000]
- [0.09719051 -0.44728127 0.00000000]
- [0.13508988 -0.44572616 0.00000000]
- [0.17315711 -0.44346534 0.00000000]
- [0.21129870 -0.44085897 0.00000000]
- [0.24544484 -0.43811911 0.00000000]
- [0.27956418 -0.43450573 0.00000000]
- [0.31390500 -0.43058417 0.00000000]
- [0.34882899 -0.43190582 0.00000000]
- [0.38640231 -0.43233407 0.00000000]
- [0.42320039 -0.42647458 0.00000000]
- [0.46006472 -0.42025943 0.00000000]
- [0.49677851 -0.41378414 0.00000000]
- [0.53328980 -0.40658110 0.00000000]
- [0.56981768 -0.39883052 0.00000000]
- [0.60635961 -0.39080872 0.00000000]
- [0.64268299 -0.38257787 0.00000000]
- [0.67878456 -0.37344740 0.00000000]
- [0.71498935 -0.36400640 0.00000000]
- [0.75112039 -0.35435145 0.00000000]
- [0.78706126 -0.34439381 0.00000000]
- [0.82285861 -0.33381745 0.00000000]
- [0.85870338 -0.32299999 0.00000000]
- [0.89447058 -0.31201634 0.00000000]
- [0.93009267 -0.30074209 0.00000000]
- [0.96563838 -0.28908651 0.00000000]
- [1.00119981 -0.27727133 0.00000000]
- [1.03670511 -0.26533873 0.00000000]
- [1.07212948 -0.25321123 0.00000000]
- [1.10752136 -0.24089999 0.00000000]
- [1.14291344 -0.22848785 0.00000000]
- [1.17830292 -0.21602192 0.00000000]
- [1.21369583 -0.20351858 0.00000000]
- [1.24909864 -0.19102307 0.00000000]
- [1.28450584 -0.17851823 0.00000000]
- [1.31997593 -0.16603321 0.00000000]
- [1.35552938 -0.15373380 0.00000000]
- [1.39109269 -0.14154712 0.00000000]
- [1.42670558 -0.12944226 0.00000000]
- [1.46246880 -0.11748934 0.00000000]
- [1.49837528 -0.10598261 0.00000000]
- [1.53426831 -0.09467087 0.00000000]
- [1.57040815 -0.08347286 0.00000000]
- [1.60675462 -0.07269774 0.00000000]
- [1.64318350 -0.06240606 0.00000000]
- [1.67962706 -0.05235914 0.00000000]
- [1.71630536 -0.04253999 0.00000000]
- [1.75321442 -0.03360007 0.00000000]
- [1.79005471 -0.02499376 0.00000000]
- [1.82710699 -0.01667827 0.00000000]
- [1.86543854 -0.01454738 0.00000000]
- [1.90305874 -0.01320418 0.00000000]
- [1.93972399 -0.00687191 0.00000000]
- [1.97653640 -0.00120326 0.00000000]
- [2.01342520 0.00373111 0.00000000]
- [2.05034688 0.00828034 0.00000000]
- [2.08737243 0.01225243 0.00000000]
- [2.12445175 0.01547757 0.00000000]
- [2.16155492 0.01830842 0.00000000]
- [2.19873960 0.02047261 0.00000000]
- [2.23593870 0.02187988 0.00000000]
- [2.27317256 0.02284201 0.00000000]
- [2.31043539 0.02285576 0.00000000]
- [2.34765295 0.02225168 0.00000000]
- [2.38489485 0.02109043 0.00000000]
- [2.42207606 0.01895318 0.00000000]
- [2.45922471 0.01643229 0.00000000]
- [2.49631231 0.01301807 0.00000000]
- [2.53332388 0.00912421 0.00000000]
- [2.57026457 0.00460653 0.00000000]
- [2.60711475 -0.00039218 0.00000000]
- [2.64387929 -0.00574114 0.00000000]
- [2.67417954 -0.01308682 0.00000000]
- [1.53543055 -0.05618394 0.00000000]
- [1.53659279 -0.01769702 0.00000000]
- [1.53775503 0.02078991 0.00000000]
- [1.53891727 0.05927683 0.00000000]
- [1.54007951 0.09776376 0.00000000]
- [1.54124175 0.13625068 0.00000000]
- [1.54240399 0.17473760 0.00000000]
- [1.54356623 0.21322453 0.00000000]
- [-0.57818783 -0.32247206 0.00000000]
- [-0.57938018 -0.28556863 0.00000000]
- [-0.58057254 -0.24866520 0.00000000]
- [-0.58176490 -0.21176177 0.00000000]
- [-0.58295726 -0.17485835 0.00000000]
- [-0.58414961 -0.13795492 0.00000000]
- [-0.58534197 -0.10105149 0.00000000]
- [-0.58653433 -0.06414807 0.00000000]
- [-0.58772669 -0.02724464 0.00000000]
- [-0.58891905 0.00965879 0.00000000]
- [-0.59011140 0.04656221 0.00000000]
- [-0.59130376 0.08346564 0.00000000]
- [-0.59249612 0.12036907 0.00000000]
- [-0.59368848 0.15727249 0.00000000]
- [-0.59488083 0.19417592 0.00000000]
- [-0.59607319 0.23107935 0.00000000]
- [-0.59726555 0.26798277 0.00000000]
- [-0.59845791 0.30488620 0.00000000]
- [-0.59965027 0.34178963 0.00000000]
- [0.21016339 -0.40326652 0.00000000]
- [0.20902808 -0.36567406 0.00000000]
- [0.20789277 -0.32808161 0.00000000]
- [0.20675746 -0.29048916 0.00000000]
- [0.20562215 -0.25289671 0.00000000]
- [0.20448684 -0.21530426 0.00000000]
- [0.20335153 -0.17771180 0.00000000]
- [0.20221622 -0.14011935 0.00000000]
- [0.20108091 -0.10252690 0.00000000]
- [0.19994560 -0.06493445 0.00000000]
- [0.19881029 -0.02734200 0.00000000]
- [0.19767498 0.01025046 0.00000000]
- [0.19653967 0.04784291 0.00000000]
- [0.19540436 0.08543536 0.00000000]
- [0.19426905 0.12302781 0.00000000]
- [0.19313374 0.16062026 0.00000000]
- [0.19199844 0.19821272 0.00000000]
- [0.19086313 0.23580517 0.00000000]
- [0.18972782 0.27339762 0.00000000]
- [0.18859251 0.31099007 0.00000000]
- [0.18745720 0.34858252 0.00000000]
- [0.18632189 0.38617497 0.00000000]
- [0.18518658 0.42376743 0.00000000]
elements:
- [1 2]
- [2 3]
- [3 4]
- [4 5]
- [5 6]
- [6 7]
- [7 8]
- [8 9]
- [9 10]
- [10 11]
- [11 12]
- [12 13]
- [13 14]
- [14 15]
- [15 16]
- [16 17]
- [17 18]
- [18 19]
- [19 20]
- [20 21]
- [21 22]
- [22 23]
- [23 24]
- [24 25]
- [25 26]
- [26 27]
- [27 28]
- [28 29]
- [29 30]
- [30 31]
- [31 32]
- [32 33]
- [33 34]
- [34 35]
- [35 36]
- [36 37]
- [37 38]
- [38 39]
- [39 40]
- [40 41]
- [41 42]
- [42 43]
- [43 44]
- [44 45]
- [45 46]
- [46 47]
- [47 48]
- [48 49]
- [49 50]
- [50 51]
- [51 52]
- [52 53]
- [53 54]
- [54 55]
- [55 56]
- [56 57]
- [57 58]
- [58 59]
- [59 60]
- [60 61]
- [61 62]
- [62 63]
- [63 64]
- [64 65]
- [65 66]
- [66 67]
- [67 68]
- [68 69]
- [69 70]
- [70 71]
- [71 72]
- [72 73]
- [73 74]
- [74 75]
- [75 76]
- [76 77]
- [77 78]
- [78 79]
- [79 80]
- [80 81]
- [81 82]
- [82 83]
- [83 84]
- [84 85]
- [85 86]
- [86 87]
- [87 88]
- [88 89]
- [89 90]
- [90 91]
- [91 92]
- [92 93]
- [93 94]
- [94 95]
- [95 96]
- [96 97]
- [97 98]
- [98 99]
- [99 100]
- [100 101]
- [101 102]
- [102 103]
- [103 104]
- [104 105]
- [105 106]
- [106 107]
- [107 108]
- [108 109]
- [109 110]
- [110 111]
- [111 112]
- [112 113]
- [113 114]
- [114 115]
- [115 116]
- [116 117]
- [117 118]
- [118 119]
- [119 120]
- [120 121]
- [121 122]
- [122 123]
- [123 124]
- [124 125]
- [125 126]
- [126 127]
- [127 128]
- [128 129]
- [129 130]
- [130 131]
- [131 132]
- [132 133]
- [133 134]
- [134 135]
- [135 136]
- [136 137]
- [137 138]
- [138 139]
- [139 140]
- [140 141]
- [141 142]
- [142 143]
- [143 144]
- [144 145]
- [145 146]
- [146 147]
- [147 148]
- [148 149]
- [149 150]
- [150 151]
- [151 152]
- [152 153]
- [153 154]
- [154 155]
- [155 156]
- [156 157]
- [157 158]
- [158 159]
- [159 160]
- [160 161]
- [161 162]
- [162 163]
- [163 164]
- [164 165]
- [165 166]
- [166 167]
- [167 168]
- [168 169]
- [169 170]
- [170 171]
- [171 172]
- [172 173]
- [173 174]
- [174 175]
- [175 176]
- [176 177]
- [177 178]
- [178 179]
- [179 180]
- [180 181]
- [181 182]
- [182 183]
- [183 184]
- [184 185]
- [185 186]
- [186 187]
- [187 188]
- [188 189]
- [189 190]
- [190 191]
- [191 192]
- [192 193]
- [193 194]
- [194 195]
- [195 196]
- [196 197]
- [197 198]
- [198 199]
- [199 200]
- [200 201]
- [201 202]
- [202 203]
- [203 204]
- [204 205]
- [205 206]
- [206 207]
- [207 208]
- [208 209]
- [209 210]
- [210 211]
- [211 212]
- [212 213]
- [213 214]
- [214 1]
- [183 215]
- [215 216]
- [216 217]
- [217 218]
- [218 219]
- [219 220]
- [220 221]
- [221 222]
- [222 32]
- [125 223]
- [223 224]
- [224 225]
- [225 226]
- [226 227]
- [227 228]
- [228 229]
- [229 230]
- [230 231]
- [231 232]
- [232 233]
- [233 234]
- [234 235]
- [235 236]
- [236 237]
- [237 238]
- [238 239]
- [239 240]
- [240 241]
- [241 90]
- [146 242]
- [242 243]
- [243 244]
- [244 245]
- [245 246]
- [246 247]
- [247 248]
- [248 249]
- [249 250]
- [250 251]
- [251 252]
- [252 253]
- [253 254]
- [254 255]
- [255 256]
- [256 257]
- [257 258]
- [258 259]
- [259 260]
- [260 261]
- [261 262]
- [262 263]
- [263 264]
- [264 69]
sets:
  element:
  - name: layup_0
    labels:
    - 1
    - 2
    - 3
    - 4
    - 5
    - 6
    - 7
    - 8
    - 9
    - 10
    - 11
    - 12
    - 13
    - 14
    - 15
    - 16
    - 17
    - 18
    - 19
    - 20
    - 21
    - 22
    - 192
    - 193
    - 194
    - 195
    - 196
    - 197
    - 198
    - 199
    - 200
    - 201
    - 202
    - 203
    - 204
    - 205
    - 206
    - 207
    - 208
    - 209
    - 210
    - 211
    - 212
    - 213
    - 214
  - name: layup_1
    labels:
    - 23
    - 24
    - 25
    - 26
    - 27
    - 28
    - 29
    - 30
    - 31
    - 32
    - 33
    - 34
    - 35
    - 36
    - 37
    - 38
    - 39
    - 40
    - 41
    - 42
    - 43
    - 44
    - 45
    - 46
    - 47
    - 48
    - 49
    - 50
    - 51
    - 52
    - 53
    - 54
    - 55
    - 56
    - 57
    - 58
    - 59
    - 60
    - 61
    - 62
    - 63
    - 64
    - 65
    - 92
    - 93
    - 94
    - 95
    - 96
    - 97
    - 98
    - 115
    - 116
    - 117
    - 118
    - 119
    - 120
    - 121
    - 122
    - 123
    - 150
    - 151
    - 152
    - 153
    - 154
    - 155
    - 156
    - 157
    - 158
    - 159
    - 160
    - 161
    - 162
    - 163
    - 164
    - 165
    - 166
    - 167
    - 168
    - 169
    - 170
    - 171
    - 172
    - 173
    - 174
    - 175
    - 176
    - 177
    - 178
    - 179
    - 180
    - 181
    - 182
    - 183
    - 184
    - 185
    - 186
    - 187
    - 188
    - 189
    - 190
    - 191
  - name: layup_2
    labels:
    - 66
    - 67
    - 68
    - 69
    - 70
    - 71
    - 72
    - 73
    - 74
    - 75
    - 76
    - 77
    - 78
    - 79
    - 80
    - 81
    - 82
    - 83
    - 84
    - 85
    - 86
    - 87
    - 88
    - 89
    - 90
    - 91
  - name: layup_3
    labels:
    - 99
    - 100
    - 101
    - 102
    - 103
    - 104
    - 105
    - 106
    - 107
    - 108
    - 109
    - 110
    - 111
    - 112
    - 113
    - 114
  - name: layup_4
    labels:
    - 124
    - 125
    - 126
    - 127
    - 128
    - 129
    - 130
    - 131
    - 132
    - 133
    - 134
    - 135
    - 136
    - 137
    - 138
    - 139
    - 140
    - 141
    - 142
    - 143
    - 144
    - 145
    - 146
    - 147
    - 148
    - 149
  - name: layup_5
    labels:
    - 215
    - 216
    - 217
    - 218
    - 219
    - 220
    - 221
    - 222
    - 223
  - name: layup_6
    labels:
    - 224
    - 225
    - 226
    - 227
    - 228
    - 229
    - 230
    - 231
    - 232
    - 233
    - 234
    - 235
    - 236
    - 237
    - 238
    - 239
    - 240
    - 241
    - 242
    - 243
    - 244
    - 245
    - 246
    - 247
    - 248
    - 249
    - 250
    - 251
    - 252
    - 253
    - 254
    - 255
    - 256
    - 257
    - 258
    - 259
    - 260
    - 261
    - 262
    - 263
    - 264
    - 265
    - 266
    - 267
sections:
- type: shell
  elementSet: layup_0
  layup:
  - - gelcoat
    - 0.0005
    - 0.0
  - - glass_triax
    - 0.003
    - 0.0
  - - glass_uniax
    - 0.00949504
    - 0.0
  - - glass_triax
    - 0.003
    - 0.0
- type: shell
  elementSet: layup_1
  layup:
  - - gelcoat
    - 0.0005
    - 0.0
  - - glass_triax
    - 0.003
    - 0.0
  - - medium_density_foam
    - 0.03125
    - 0.0
  - - glass_triax
    - 0.003
    - 0.0
- type: shell
  elementSet: layup_2
  layup:
  - - gelcoat
    - 0.0005
    - 0.0
  - - glass_triax
    - 0.003
    - 0.0
  - - carbon_uniax
    - 0.05350707
    - 0.0
  - - glass_triax
    - 0.003
    - 0.0
- type: shell
  elementSet: layup_3
  layup:
  - - gelcoat
    - 0.0005
    - 0.0
  - - glass_triax
    - 0.003
    - 0.0
  - - glass_uniax
    - 0.0071199
    - 0.0
  - - glass_triax
    - 0.003
    - 0.0
- type: shell
  elementSet: layup_4
  layup:
  - - gelcoat
    - 0.0005
    - 0.0
  - - glass_triax
    - 0.003
    - 0.0
  - - carbon_uniax
    - 0.05351544
    - 0.0
  - - glass_triax
    - 0.003
    - 0.0
- type: shell
  elementSet: layup_5
  layup:
  - - glass_biax
    - 0.002
    - 0.0
  - - medium_density_foam
    - 0.03
    - 0.0
  - - glass_biax
    - 0.002
    - 0.0
- type: shell
  elementSet: layup_6
  layup:
  - - glass_biax
    - 0.002
    - 0.0
  - - medium_density_foam
    - 0.0252
    - 0.0
  - - glass_biax
    - 0.002
    - 0.0
elementOrientations:
- [0.0, 0.0, 1.0, -0.9882123004346062, 0.1530896772148393, 0.0, -0.1530896772148393,
  -0.9882123004346062, 0.0]
- [0.0, 0.0, 1.0, -0.9782259836525801, 0.2075425857672153, 0.0, -0.2075425857672153,
  -0.9782259836525801, 0.0]
- [0.0, 0.0, 1.0, -0.978330567598505, 0.20704902922348348, 0.0, -0.20704902922348348,
  -0.978330567598505, 0.0]
- [0.0, 0.0, 1.0, -0.9783311230070413, 0.20704640483664816, 0.0, -0.20704640483664816,
  -0.9783311230070413, 0.0]
- [0.0, 0.0, 1.0, -0.9784435427118156, 0.20651448793135974, 0.0, -0.20651448793135974,
  -0.9784435427118156, 0.0]
- [0.0, 0.0, 1.0, -0.9784290054311028, 0.20658335201826653, 0.0, -0.20658335201826653,
  -0.9784290054311028, 0.0]
- [0.0, 0.0, 1.0, -0.9781121711408116, 0.20807830416986645, 0.0, -0.20807830416986645,
  -0.9781121711408116, 0.0]
- [0.0, 0.0, 1.0, -0.9779418189894535, 0.20887747286770533, 0.0, -0.20887747286770533,
  -0.9779418189894535, 0.0]
- [0.0, 0.0, 1.0, -0.9774586864725502, 0.21112677764641033, 0.0, -0.21112677764641033,
  -0.9774586864725502, 0.0]
- [0.0, 0.0, 1.0, -0.9772195082953866, 0.21223108303668134, 0.0, -0.21223108303668134,
  -0.9772195082953866, 0.0]
- [0.0, 0.0, 1.0, -0.9770557342736602, 0.21298378370889803, 0.0, -0.21298378370889803,
  -0.9770557342736602, 0.0]
- [0.0, 0.0, 1.0, -0.9766373570584773, 0.21489409670307896, 0.0, -0.21489409670307896,
  -0.9766373570584773, 0.0]
- [0.0, 0.0, 1.0, -0.9765484981107017, 0.21529754025007583, 0.0, -0.21529754025007583,
  -0.9765484981107017, 0.0]
- [0.0, 0.0, 1.0, -0.9762730136943947, 0.21654330451912965, 0.0, -0.21654330451912965,
  -0.9762730136943947, 0.0]
- [0.0, 0.0, 1.0, -0.9760112801479763, 0.2177199600953218, 0.0, -0.2177199600953218,
  -0.9760112801479763, 0.0]
- [0.0, 0.0, 1.0, -0.9758735946441718, 0.21833627109635914, 0.0, -0.21833627109635914,
  -0.9758735946441718, 0.0]
- [0.0, 0.0, 1.0, -0.9757680055187951, 0.21880767675260537, 0.0, -0.21880767675260537,
  -0.9757680055187951, 0.0]
- [0.0, 0.0, 1.0, -0.9756127058895151, 0.21949908452414713, 0.0, -0.21949908452414713,
  -0.9756127058895151, 0.0]
- [0.0, 0.0, 1.0, -0.9755197612550534, 0.2199117900451987, 0.0, -0.2199117900451987,
  -0.9755197612550534, 0.0]
- [0.0, 0.0, 1.0, -0.9753821462328289, 0.22052135681207907, 0.0, -0.22052135681207907,
  -0.9753821462328289, 0.0]
- [0.0, 0.0, 1.0, -0.9752267231571381, 0.22120768169344976, 0.0, -0.22120768169344976,
  -0.9752267231571381, 0.0]
- [0.0, 0.0, 1.0, -0.9969977464594988, 0.07743057248064829, 0.0, -0.07743057248064829,
  -0.9969977464594988, 0.0]
- [0.0, 0.0, 1.0, -0.996755151648879, 0.08049327711939847, 0.0, -0.08049327711939847,
  -0.996755151648879, 0.0]
- [0.0, 0.0, 1.0, -0.9751634237054507, 0.22148656182049423, 0.0, -0.22148656182049423,
  -0.9751634237054507, 0.0]
- [0.0, 0.0, 1.0, -0.975147681203349, 0.22155586167766272, 0.0, -0.22155586167766272,
  -0.975147681203349, 0.0]
- [0.0, 0.0, 1.0, -0.9752800945045561, 0.2209722545098912, 0.0, -0.2209722545098912,
  -0.9752800945045561, 0.0]
- [0.0, 0.0, 1.0, -0.9752690665659944, 0.22102092163298495, 0.0, -0.22102092163298495,
  -0.9752690665659944, 0.0]
- [0.0, 0.0, 1.0, -0.9754313018490268, 0.22030382514407876, 0.0, -0.22030382514407876,
  -0.9754313018490268, 0.0]
- [0.0, 0.0, 1.0, -0.9755043054089892, 0.2199803403227786, 0.0, -0.2199803403227786,
  -0.9755043054089892, 0.0]
- [0.0, 0.0, 1.0, -0.9756984569550227, 0.21911759649920412, 0.0, -0.21911759649920412,
  -0.9756984569550227, 0.0]
- [0.0, 0.0, 1.0, -0.9759832364109943, 0.21784563857172204, 0.0, -0.21784563857172204,
  -0.9759832364109943, 0.0]
- [0.0, 0.0, 1.0, -0.9761121628545915, 0.2172672214746893, 0.0, -0.2172672214746893,
  -0.9761121628545915, 0.0]
- [0.0, 0.0, 1.0, -0.9763938446108653, 0.2159978245400023, 0.0, -0.2159978245400023,
  -0.9763938446108653, 0.0]
- [0.0, 0.0, 1.0, -0.9767951956857105, 0.21417550206621352, 0.0, -0.21417550206621352,
  -0.9767951956857105, 0.0]
- [0.0, 0.0, 1.0, -0.9769845712271664, 0.2133099800386045, 0.0, -0.2133099800386045,
  -0.9769845712271664, 0.0]
- [0.0, 0.0, 1.0, -0.9774081446917581, 0.2113606365674918, 0.0, -0.2113606365674918,
  -0.9774081446917581, 0.0]
- [0.0, 0.0, 1.0, -0.9776213845374225, 0.21037211910120854, 0.0, -0.21037211910120854,
  -0.9776213845374225, 0.0]
- [0.0, 0.0, 1.0, -0.9782965896437175, 0.20720951399844514, 0.0, -0.20720951399844514,
  -0.9782965896437175, 0.0]
- [0.0, 0.0, 1.0, -0.978632478545091, 0.20561729483847485, 0.0, -0.20561729483847485,
  -0.978632478545091, 0.0]
- [0.0, 0.0, 1.0, -0.978891660604213, 0.2043798346205575, 0.0, -0.2043798346205575,
  -0.978891660604213, 0.0]
- [0.0, 0.0, 1.0, -0.979569098726046, 0.2011078835377718, 0.0, -0.2011078835377718,
  -0.979569098726046, 0.0]
- [0.0, 0.0, 1.0, -0.9802396516565435, 0.19781361257572327, 0.0, -0.19781361257572327,
  -0.9802396516565435, 0.0]
- [0.0, 0.0, 1.0, -0.9806745706739979, 0.19564607441339055, 0.0, -0.19564607441339055,
  -0.9806745706739979, 0.0]
- [0.0, 0.0, 1.0, -0.9810020679553207, 0.1939972748967995, 0.0, -0.1939972748967995,
  -0.9810020679553207, 0.0]
- [0.0, 0.0, 1.0, -0.9820177571485517, 0.18878857127731075, 0.0, -0.18878857127731075,
  -0.9820177571485517, 0.0]
- [0.0, 0.0, 1.0, -0.9826047557018506, 0.1857091652883796, 0.0, -0.1857091652883796,
  -0.9826047557018506, 0.0]
- [0.0, 0.0, 1.0, -0.9829898162995657, 0.18366006928928796, 0.0, -0.18366006928928796,
  -0.9829898162995657, 0.0]
- [0.0, 0.0, 1.0, -0.9835225002404471, 0.18078576138838984, 0.0, -0.18078576138838984,
  -0.9835225002404471, 0.0]
- [0.0, 0.0, 1.0, -0.9846989614920554, 0.17426403885043998, 0.0, -0.17426403885043998,
  -0.9846989614920554, 0.0]
- [0.0, 0.0, 1.0, -0.9852761292654656, 0.1709706088766764, 0.0, -0.1709706088766764,
  -0.9852761292654656, 0.0]
- [0.0, 0.0, 1.0, -0.9856367245430455, 0.16887938664045626, 0.0, -0.16887938664045626,
  -0.9856367245430455, 0.0]
- [0.0, 0.0, 1.0, -0.9863814284931185, 0.16447394177764227, 0.0, -0.16447394177764227,
  -0.9863814284931185, 0.0]
- [0.0, 0.0, 1.0, -0.9876759890455349, 0.15651242973937984, 0.0, -0.15651242973937984,
  -0.9876759890455349, 0.0]
- [0.0, 0.0, 1.0, -0.9881091626256154, 0.1537539681936855, 0.0, -0.1537539681936855,
  -0.9881091626256154, 0.0]
- [0.0, 0.0, 1.0, -0.9886165276032806, 0.1504571744704514, 0.0, -0.1504571744704514,
  -0.9886165276032806, 0.0]
- [0.0, 0.0, 1.0, -0.9898277489636427, 0.14227096464692926, 0.0, -0.14227096464692926,
  -0.9898277489636427, 0.0]
- [0.0, 0.0, 1.0, -0.9908425918780602, 0.135022065309222, 0.0, -0.135022065309222,
  -0.9908425918780602, 0.0]
- [0.0, 0.0, 1.0, -0.9912488887524826, 0.13200621404679486, 0.0, -0.13200621404679486,
  -0.9912488887524826, 0.0]
- [0.0, 0.0, 1.0, -0.9917930200802375, 0.12785384358759574, 0.0, -0.12785384358759574,
  -0.9917930200802375, 0.0]
- [0.0, 0.0, 1.0, -0.9933698597910776, 0.1149622618890861, 0.0, -0.1149622618890861,
  -0.9933698597910776, 0.0]
- [0.0, 0.0, 1.0, -0.9939445466975567, 0.10988283801480825, 0.0, -0.10988283801480825,
  -0.9939445466975567, 0.0]
- [0.0, 0.0, 1.0, -0.9944156005459648, 0.1055348918169167, 0.0, -0.1055348918169167,
  -0.9944156005459648, 0.0]
- [0.0, 0.0, 1.0, -0.995244834839574, 0.09740492146267149, 0.0, -0.09740492146267149,
  -0.995244834839574, 0.0]
- [0.0, 0.0, 1.0, -0.996406546697665, 0.08469943150950776, 0.0, -0.08469943150950776,
  -0.996406546697665, 0.0]
- [0.0, 0.0, 1.0, -0.9977455416127265, -0.06711061161937684, 0.0, 0.06711061161937684,
  -0.9977455416127265, 0.0]
- [0.0, 0.0, 1.0, -0.9956900205809608, -0.09274364083583289, 0.0, 0.09274364083583289,
  -0.9956900205809608, 0.0]
- [0.0, 0.0, 1.0, -0.998095397537325, 0.06168936224998039, 0.0, -0.06168936224998039,
  -0.998095397537325, 0.0]
- [0.0, 0.0, 1.0, -0.9987084070812936, 0.0508086373084847, 0.0, -0.0508086373084847,
  -0.9987084070812936, 0.0]
- [0.0, 0.0, 1.0, -0.9989657150165694, 0.04546977261251911, 0.0, -0.04546977261251911,
  -0.9989657150165694, 0.0]
- [0.0, 0.0, 1.0, -0.9992554870761778, 0.0385807147179836, 0.0, -0.0385807147179836,
  -0.9992554870761778, 0.0]
- [0.0, 0.0, 1.0, -0.9998730454032532, 0.015934022593926917, 0.0, -0.015934022593926917,
  -0.9998730454032532, 0.0]
- [0.0, 0.0, 1.0, -0.9999578286786226, 0.00918372823717842, 0.0, -0.00918372823717842,
  -0.9999578286786226, 0.0]
- [0.0, 0.0, 1.0, -0.9999986827438877, 0.001623117521706818, 0.0, -0.001623117521706818,
  -0.9999986827438877, 0.0]
- [0.0, 0.0, 1.0, -0.999805138074173, -0.019740463026072682, 0.0, 0.019740463026072682,
  -0.999805138074173, 0.0]
- [0.0, 0.0, 1.0, -0.9994708520136901, -0.032527157499978816, 0.0, 0.032527157499978816,
  -0.9994708520136901, 0.0]
- [0.0, 0.0, 1.0, -0.9991505742861457, -0.04120837176673171, 0.0, 0.04120837176673171,
  -0.9991505742861457, 0.0]
- [0.0, 0.0, 1.0, -0.9981261764376903, -0.061189344741358793, 0.0, 0.061189344741358793,
  -0.9981261764376903, 0.0]
- [0.0, 0.0, 1.0, -0.9968520408741762, -0.07928435283831116, 0.0, 0.07928435283831116,
  -0.9968520408741762, 0.0]
- [0.0, 0.0, 1.0, -0.996066569730085, -0.0886080620832095, 0.0, 0.0886080620832095,
  -0.996066569730085, 0.0]
- [0.0, 0.0, 1.0, -0.9940448802211068, -0.1089714462884912, 0.0, 0.1089714462884912,
  -0.9940448802211068, 0.0]
- [0.0, 0.0, 1.0, -0.9915429256164143, -0.129779145705471, 0.0, 0.129779145705471,
  -0.9915429256164143, 0.0]
- [0.0, 0.0, 1.0, -0.9899918489448232, -0.14112455145299949, 0.0, 0.14112455145299949,
  -0.9899918489448232, 0.0]
- [0.0, 0.0, 1.0, -0.9860598645780027, -0.16639093565579574, 0.0, 0.16639093565579574,
  -0.9860598645780027, 0.0]
- [0.0, 0.0, 1.0, -0.9822237119242478, -0.18771409039747677, 0.0, 0.18771409039747677,
  -0.9822237119242478, 0.0]
- [0.0, 0.0, 1.0, -0.9797472998608734, -0.2002379295121877, 0.0, 0.2002379295121877,
  -0.9797472998608734, 0.0]
- [0.0, 0.0, 1.0, -0.9730074597323503, -0.23077366250332548, 0.0, 0.23077366250332548,
  -0.9730074597323503, 0.0]
- [0.0, 0.0, 1.0, -0.9682830111071975, -0.24985597931844422, 0.0, 0.24985597931844422,
  -0.9682830111071975, 0.0]
- [0.0, 0.0, 1.0, -0.9636058557164202, -0.26732705592406053, 0.0, 0.26732705592406053,
  -0.9636058557164202, 0.0]
- [0.0, 0.0, 1.0, -0.9533522084361067, -0.3018601773503727, 0.0, 0.3018601773503727,
  -0.9533522084361067, 0.0]
- [0.0, 0.0, 1.0, -0.9472925171189447, -0.3203699221376033, 0.0, 0.3203699221376033,
  -0.9472925171189447, 0.0]
- [0.0, 0.0, 1.0, -0.9699806606456457, -0.24318206754083824, 0.0, 0.24318206754083824,
  -0.9699806606456457, 0.0]
- [0.0, 0.0, 1.0, -0.968619166081921, -0.24854961496402297, 0.0, 0.24854961496402297,
  -0.968619166081921, 0.0]
- [0.0, 0.0, 1.0, -0.9078158601437079, -0.41936900704694413, 0.0, 0.41936900704694413,
  -0.9078158601437079, 0.0]
- [0.0, 0.0, 1.0, -0.8956152693677281, -0.44482950585069325, 0.0, 0.44482950585069325,
  -0.8956152693677281, 0.0]
- [0.0, 0.0, 1.0, -0.8766318265853882, -0.4811617613833896, 0.0, 0.4811617613833896,
  -0.8766318265853882, 0.0]
- [0.0, 0.0, 1.0, -0.8586915096561911, -0.5124928206759303, 0.0, 0.5124928206759303,
  -0.8586915096561911, 0.0]
- [0.0, 0.0, 1.0, -0.8308740863160626, -0.5564604682171486, 0.0, 0.5564604682171486,
  -0.8308740863160626, 0.0]
- [0.0, 0.0, 1.0, -0.8873661156195812, -0.4610654800028038, 0.0, 0.4610654800028038,
  -0.8873661156195812, 0.0]
- [0.0, 0.0, 1.0, -0.8610880397177464, -0.508455885849548, 0.0, 0.508455885849548,
  -0.8610880397177464, 0.0]
- [0.0, 0.0, 1.0, -0.7403234444653249, -0.6722508442352431, 0.0, 0.6722508442352431,
  -0.7403234444653249, 0.0]
- [0.0, 0.0, 1.0, -0.6931514063196759, -0.7207920143266402, 0.0, 0.7207920143266402,
  -0.6931514063196759, 0.0]
- [0.0, 0.0, 1.0, -0.6280704972118224, -0.7781564434817038, 0.0, 0.7781564434817038,
  -0.6280704972118224, 0.0]
- [0.0, 0.0, 1.0, -0.5537779150164932, -0.8326644106961613, 0.0, 0.8326644106961613,
  -0.5537779150164932, 0.0]
- [0.0, 0.0, 1.0, -0.44586864370489626, -0.8950984038421453, 0.0, 0.8950984038421453,
  -0.44586864370489626, 0.0]
- [0.0, 0.0, 1.0, -0.28283219268613113, -0.9591694067162251, 0.0, 0.9591694067162251,
  -0.28283219268613113, 0.0]
- [0.0, 0.0, 1.0, -0.09323336406643919, -0.9956442837805352, 0.0, 0.9956442837805352,
  -0.09323336406643919, 0.0]
- [0.0, 0.0, 1.0, 0.1409349432655993, -0.9900188592985097, 0.0, 0.9900188592985097,
  0.1409349432655993, 0.0]
- [0.0, 0.0, 1.0, 0.3889830473552015, -0.9212449125342625, 0.0, 0.9212449125342625,
  0.3889830473552015, 0.0]
- [0.0, 0.0, 1.0, 0.5457875451952323, -0.8379235976565896, 0.0, 0.8379235976565896,
  0.5457875451952323, 0.0]
- [0.0, 0.0, 1.0, 0.6454024805653755, -0.7638426788809723, 0.0, 0.7638426788809723,
  0.6454024805653755, 0.0]
- [0.0, 0.0, 1.0, 0.7104306977430835, -0.7037671658327599, 0.0, 0.7037671658327599,
  0.7104306977430835, 0.0]
- [0.0, 0.0, 1.0, 0.7530718857056602, -0.6579382455517547, 0.0, 0.6579382455517547,
  0.7530718857056602, 0.0]
- [0.0, 0.0, 1.0, 0.7871559660003122, -0.6167539908181506, 0.0, 0.6167539908181506,
  0.7871559660003122, 0.0]
- [0.0, 0.0, 1.0, 0.8973979079299745, -0.4412221604168413, 0.0, 0.4412221604168413,
  0.8973979079299745, 0.0]
- [0.0, 0.0, 1.0, 0.9141178744224804, -0.405448531457849, 0.0, 0.405448531457849,
  0.9141178744224804, 0.0]
- [0.0, 0.0, 1.0, 0.850794824036006, -0.5254980184487298, 0.0, 0.5254980184487298,
  0.850794824036006, 0.0]
- [0.0, 0.0, 1.0, 0.8672220939750017, -0.4979215196410106, 0.0, 0.4979215196410106,
  0.8672220939750017, 0.0]
- [0.0, 0.0, 1.0, 0.882078270671074, -0.4711028809187307, 0.0, 0.4711028809187307,
  0.882078270671074, 0.0]
- [0.0, 0.0, 1.0, 0.8955585148667204, -0.44494375650155393, 0.0, 0.44494375650155393,
  0.8955585148667204, 0.0]
- [0.0, 0.0, 1.0, 0.9049312960653614, -0.4255576922127777, 0.0, 0.4255576922127777,
  0.9049312960653614, 0.0]
- [0.0, 0.0, 1.0, 0.9197481847114183, -0.39250895113366635, 0.0, 0.39250895113366635,
  0.9197481847114183, 0.0]
- [0.0, 0.0, 1.0, 0.9254745030032197, -0.37880990521756885, 0.0, 0.37880990521756885,
  0.9254745030032197, 0.0]
- [0.0, 0.0, 1.0, 0.979666966043703, -0.2006305949817385, 0.0, 0.2006305949817385,
  0.979666966043703, 0.0]
- [0.0, 0.0, 1.0, 0.9764230610857473, -0.2158657123767893, 0.0, 0.2158657123767893,
  0.9764230610857473, 0.0]
- [0.0, 0.0, 1.0, 0.9534584639258508, -0.3015243896737991, 0.0, 0.3015243896737991,
  0.9534584639258508, 0.0]
- [0.0, 0.0, 1.0, 0.9616799595431437, -0.2741744981085905, 0.0, 0.2741744981085905,
  0.9616799595431437, 0.0]
- [0.0, 0.0, 1.0, 0.9657904340611564, -0.25932380815490663, 0.0, 0.25932380815490663,
  0.9657904340611564, 0.0]
- [0.0, 0.0, 1.0, 0.9730423808518348, -0.23062637547815926, 0.0, 0.23062637547815926,
  0.9730423808518348, 0.0]
- [0.0, 0.0, 1.0, 0.9773275616136599, -0.21173293865220366, 0.0, 0.21173293865220366,
  0.9773275616136599, 0.0]
- [0.0, 0.0, 1.0, 0.9805909328863982, -0.19606484218488393, 0.0, 0.19606484218488393,
  0.9805909328863982, 0.0]
- [0.0, 0.0, 1.0, 0.9859434525353362, -0.1670793476247175, 0.0, 0.1670793476247175,
  0.9859434525353362, 0.0]
- [0.0, 0.0, 1.0, 0.9883675667644471, -0.1520840325876651, 0.0, 0.1520840325876651,
  0.9883675667644471, 0.0]
- [0.0, 0.0, 1.0, 0.9904906811593112, -0.1375798333207447, 0.0, 0.1375798333207447,
  0.9904906811593112, 0.0]
- [0.0, 0.0, 1.0, 0.9941960238204213, -0.107583763736283, 0.0, 0.107583763736283,
  0.9941960238204213, 0.0]
- [0.0, 0.0, 1.0, 0.9954393741819795, -0.09539629095614212, 0.0, 0.09539629095614212,
  0.9954393741819795, 0.0]
- [0.0, 0.0, 1.0, 0.9964508356584522, -0.08417679083674003, 0.0, 0.08417679083674003,
  0.9964508356584522, 0.0]
- [0.0, 0.0, 1.0, 0.9986157565970606, -0.052598200312180814, 0.0, 0.052598200312180814,
  0.9986157565970606, 0.0]
- [0.0, 0.0, 1.0, 0.9991062514999037, -0.042269353127428425, 0.0, 0.042269353127428425,
  0.9991062514999037, 0.0]
- [0.0, 0.0, 1.0, 0.9994924122120857, -0.031857776608956855, 0.0, 0.031857776608956855,
  0.9994924122120857, 0.0]
- [0.0, 0.0, 1.0, 0.9999919795109157, -0.004005110964808145, 0.0, 0.004005110964808145,
  0.9999919795109157, 0.0]
- [0.0, 0.0, 1.0, 0.9999530858568416, 0.00968638660077382, 0.0, -0.00968638660077382,
  0.9999530858568416, 0.0]
- [0.0, 0.0, 1.0, 0.9998267824289565, 0.018611962222183868, 0.0, -0.018611962222183868,
  0.9998267824289565, 0.0]
- [0.0, 0.0, 1.0, 0.9991592304800745, 0.04099795295457106, 0.0, -0.04099795295457106,
  0.9991592304800745, 0.0]
- [0.0, 0.0, 1.0, 0.9982410539425505, 0.05928573372798882, 0.0, -0.05928573372798882,
  0.9982410539425505, 0.0]
- [0.0, 0.0, 1.0, 0.9976733658047774, 0.06817517996871393, 0.0, -0.06817517996871393,
  0.9976733658047774, 0.0]
- [0.0, 0.0, 1.0, 0.996796290683515, 0.07998221602072324, 0.0, -0.07998221602072324,
  0.996796290683515, 0.0]
- [0.0, 0.0, 1.0, 0.9944389079398911, 0.10531504344259995, 0.0, -0.10531504344259995,
  0.9944389079398911, 0.0]
- [0.0, 0.0, 1.0, 0.9935428063025086, 0.11345788665639829, 0.0, -0.11345788665639829,
  0.9935428063025086, 0.0]
- [0.0, 0.0, 1.0, 0.9992847038275798, -0.037816407764702166, 0.0, 0.037816407764702166,
  0.9992847038275798, 0.0]
- [0.0, 0.0, 1.0, 0.9999350512051599, -0.011397077315448527, 0.0, 0.011397077315448527,
  0.9999350512051599, 0.0]
- [0.0, 0.0, 1.0, 0.9875584343188472, 0.15725246836125484, 0.0, -0.15725246836125484,
  0.9875584343188472, 0.0]
- [0.0, 0.0, 1.0, 0.986083815700599, 0.1662489350743243, 0.0, -0.1662489350743243,
  0.986083815700599, 0.0]
- [0.0, 0.0, 1.0, 0.9848001240590932, 0.1736914380537927, 0.0, -0.1736914380537927,
  0.9848001240590932, 0.0]
- [0.0, 0.0, 1.0, 0.9810900503193807, 0.1935518358588079, 0.0, -0.1935518358588079,
  0.9810900503193807, 0.0]
- [0.0, 0.0, 1.0, 0.978221934103312, 0.2075616718933808, 0.0, -0.2075616718933808,
  0.978221934103312, 0.0]
- [0.0, 0.0, 1.0, 0.9767420607023072, 0.2144176924953031, 0.0, -0.2144176924953031,
  0.9767420607023072, 0.0]
- [0.0, 0.0, 1.0, 0.9752746015587176, 0.2209964967018358, 0.0, -0.2209964967018358,
  0.9752746015587176, 0.0]
- [0.0, 0.0, 1.0, 0.9694749125545137, 0.2451905257700995, 0.0, -0.2451905257700995,
  0.9694749125545137, 0.0]
- [0.0, 0.0, 1.0, 0.9676416318078055, 0.25232850095129433, 0.0, -0.25232850095129433,
  0.9676416318078055, 0.0]
- [0.0, 0.0, 1.0, 0.9661016260895324, 0.25816205776054973, 0.0, -0.25816205776054973,
  0.9661016260895324, 0.0]
- [0.0, 0.0, 1.0, 0.9636970548023711, 0.26699810217534464, 0.0, -0.26699810217534464,
  0.9636970548023711, 0.0]
- [0.0, 0.0, 1.0, 0.9590186638355006, 0.28334290606113893, 0.0, -0.28334290606113893,
  0.9590186638355006, 0.0]
- [0.0, 0.0, 1.0, 0.9573543064810557, 0.2889164790422605, 0.0, -0.2889164790422605,
  0.9573543064810557, 0.0]
- [0.0, 0.0, 1.0, 0.9559414172618225, 0.2935575016303593, 0.0, -0.2935575016303593,
  0.9559414172618225, 0.0]
- [0.0, 0.0, 1.0, 0.9533890845003316, 0.3017436885099995, 0.0, -0.3017436885099995,
  0.9533890845003316, 0.0]
- [0.0, 0.0, 1.0, 0.9502196217787551, 0.31158092108895236, 0.0, -0.31158092108895236,
  0.9502196217787551, 0.0]
- [0.0, 0.0, 1.0, 0.948992119694513, 0.3152997887054719, 0.0, -0.3152997887054719,
  0.948992119694513, 0.0]
- [0.0, 0.0, 1.0, 0.9478995234289765, 0.31856944844589097, 0.0, -0.31856944844589097,
  0.9478995234289765, 0.0]
- [0.0, 0.0, 1.0, 0.946093303026322, 0.32389421416373576, 0.0, -0.32389421416373576,
  0.946093303026322, 0.0]
- [0.0, 0.0, 1.0, 0.9444883446258311, 0.32854492366487337, 0.0, -0.32854492366487337,
  0.9444883446258311, 0.0]
- [0.0, 0.0, 1.0, 0.9436510258333444, 0.3309422025727102, 0.0, -0.3309422025727102,
  0.9436510258333444, 0.0]
- [0.0, 0.0, 1.0, 0.9431948821889664, 0.3322399949020915, 0.0, -0.3322399949020915,
  0.9431948821889664, 0.0]
- [0.0, 0.0, 1.0, 0.9428922624773777, 0.33309785553241267, 0.0, -0.33309785553241267,
  0.9428922624773777, 0.0]
- [0.0, 0.0, 1.0, 0.9429870443027675, 0.33282943721541597, 0.0, -0.33282943721541597,
  0.9429870443027675, 0.0]
- [0.0, 0.0, 1.0, 0.9429218767822206, 0.33301401514875434, 0.0, -0.33301401514875434,
  0.9429218767822206, 0.0]
- [0.0, 0.0, 1.0, 0.9432724113541548, 0.3320198156407507, 0.0, -0.3320198156407507,
  0.9432724113541548, 0.0]
- [0.0, 0.0, 1.0, 0.945048107964415, 0.32693129803198656, 0.0, -0.32693129803198656,
  0.945048107964415, 0.0]
- [0.0, 0.0, 1.0, 0.9459986050993918, 0.32417069446513025, 0.0, -0.32417069446513025,
  0.9459986050993918, 0.0]
- [0.0, 0.0, 1.0, 0.9468013298533949, 0.32181864735879295, 0.0, -0.32181864735879295,
  0.9468013298533949, 0.0]
- [0.0, 0.0, 1.0, 0.9484296244856195, 0.31698777168538655, 0.0, -0.31698777168538655,
  0.9484296244856195, 0.0]
- [0.0, 0.0, 1.0, 0.9522957867639708, 0.30517656284778827, 0.0, -0.30517656284778827,
  0.9522957867639708, 0.0]
- [0.0, 0.0, 1.0, 0.9537572600510481, 0.3005779248379984, 0.0, -0.3005779248379984,
  0.9537572600510481, 0.0]
- [0.0, 0.0, 1.0, 0.955197229841594, 0.29597001892581104, 0.0, -0.29597001892581104,
  0.955197229841594, 0.0]
- [0.0, 0.0, 1.0, 0.9587564658651501, 0.2842288499814324, 0.0, -0.2842288499814324,
  0.9587564658651501, 0.0]
- [0.0, 0.0, 1.0, 0.9623332192501457, 0.2718727186159934, 0.0, -0.2718727186159934,
  0.9623332192501457, 0.0]
- [0.0, 0.0, 1.0, 0.9640364914759748, 0.26576990631501674, 0.0, -0.26576990631501674,
  0.9640364914759748, 0.0]
- [0.0, 0.0, 1.0, 0.9659835242163077, 0.2586036174198691, 0.0, -0.2586036174198691,
  0.9659835242163077, 0.0]
- [0.0, 0.0, 1.0, 0.9718967067504704, 0.23540771314379297, 0.0, -0.23540771314379297,
  0.9718967067504704, 0.0]
- [0.0, 0.0, 1.0, 0.9737812463377498, 0.2274864485654003, 0.0, -0.2274864485654003,
  0.9737812463377498, 0.0]
- [0.0, 0.0, 1.0, 0.9757296051415265, 0.21897885206193063, 0.0, -0.21897885206193063,
  0.9757296051415265, 0.0]
- [0.0, 0.0, 1.0, 0.9984583956432088, 0.055505244523284085, 0.0, -0.055505244523284085,
  0.9984583956432088, 0.0]
- [0.0, 0.0, 1.0, 0.9993632165370265, 0.035681387764046404, 0.0, -0.035681387764046404,
  0.9993632165370265, 0.0]
- [0.0, 0.0, 1.0, 0.9854120151193484, 0.17018566466781207, 0.0, -0.17018566466781207,
  0.9854120151193484, 0.0]
- [0.0, 0.0, 1.0, 0.9883507078385322, 0.15219355543212865, 0.0, -0.15219355543212865,
  0.9883507078385322, 0.0]
- [0.0, 0.0, 1.0, 0.9911719708465926, 0.1325825184859643, 0.0, -0.1325825184859643,
  0.9911719708465926, 0.0]
- [0.0, 0.0, 1.0, 0.9924946176585425, 0.1222883229046153, 0.0, -0.1222883229046153,
  0.9924946176585425, 0.0]
- [0.0, 0.0, 1.0, 0.994294750859889, 0.10666746651379257, 0.0, -0.10666746651379257,
  0.994294750859889, 0.0]
- [0.0, 0.0, 1.0, 0.9962385981555513, 0.08665249878140915, 0.0, -0.08665249878140915,
  0.9962385981555513, 0.0]
- [0.0, 0.0, 1.0, 0.9971020641578774, 0.07607544710417434, 0.0, -0.07607544710417434,
  0.9971020641578774, 0.0]
- [0.0, 0.0, 1.0, 0.9983106008115309, 0.0581028769280846, 0.0, -0.0581028769280846,
  0.9983106008115309, 0.0]
- [0.0, 0.0, 1.0, 0.9992851863896113, 0.037803654086341745, 0.0, -0.037803654086341745,
  0.9992851863896113, 0.0]
- [0.0, 0.0, 1.0, 0.9996663079857683, 0.02583162167002494, 0.0, -0.02583162167002494,
