nodes:
- [1.85539046 0.00549292 0.00000000]
- [1.83295613 0.00850918 0.00000000]
- [1.80701854 0.01360277 0.00000000]
- [1.78107709 0.01869125 0.00000000]
- [1.75513550 0.02378985 0.00000000]
- [1.72919452 0.02890108 0.00000000]
- [1.70325519 0.03403844 0.00000000]
- [1.67732525 0.03921755 0.00000000]
- [1.65139640 0.04441335 0.00000000]
- [1.62547849 0.04967019 0.00000000]
- [1.59957049 0.05495404 0.00000000]
- [1.57366349 0.06026225 0.00000000]
- [1.54777052 0.06563153 0.00000000]
- [1.52188294 0.07101157 0.00000000]
- [1.49599897 0.07642721 0.00000000]
- [1.47012739 0.08188554 0.00000000]
- [1.44425826 0.08734976 0.00000000]
- [1.41839357 0.09284776 0.00000000]
- [1.39253768 0.09837417 0.00000000]
- [1.36668440 0.10391064 0.00000000]
- [1.34083298 0.10947306 0.00000000]
- [1.31499283 0.11507615 0.00000000]
- [1.28915652 0.12068291 0.00000000]
- [1.26332181 0.12630592 0.00000000]
- [1.23749218 0.13194921 0.00000000]
- [1.21109687 0.13499902 0.00000000]
- [1.18507371 0.13796984 0.00000000]
- [1.15962171 0.14354788 0.00000000]
- [1.13417024 0.14912688 0.00000000]
- [1.10872238 0.15470771 0.00000000]
- [1.08327873 0.16027404 0.00000000]
- [1.05782612 0.16581112 0.00000000]
- [1.03196278 0.17143576 0.00000000]
- [1.00610989 0.17705462 0.00000000]
- [0.98025189 0.18261832 0.00000000]
- [0.95437530 0.18815092 0.00000000]
- [0.92849710 0.19368295 0.00000000]
- [0.90263544 0.19918334 0.00000000]
- [0.87675069 0.20457943 0.00000000]
- [0.85083972 0.20995824 0.00000000]
- [0.82494130 0.21533041 0.00000000]
- [0.79905469 0.22061281 0.00000000]
- [0.77312644 0.22575923 0.00000000]
- [0.74716574 0.23089081 0.00000000]
- [0.72123697 0.23600903 0.00000000]
- [0.69529655 0.24094773 0.00000000]
- [0.66930166 0.24578276 0.00000000]
- [0.64328532 0.25060203 0.00000000]
- [0.61731299 0.25538549 0.00000000]
- [0.59130687 0.25992051 0.00000000]
- [0.56523796 0.26438901 0.00000000]
- [0.53917073 0.26884098 0.00000000]
- [0.51314418 0.27318785 0.00000000]
- [0.48706431 0.27725711 0.00000000]
- [0.46091806 0.28127717 0.00000000]
- [0.43480244 0.28527936 0.00000000]
- [0.40871416 0.28906321 0.00000000]
- [0.38254998 0.29256903 0.00000000]
- [0.35580807 0.29214645 0.00000000]
- [0.33157276 0.29137949 0.00000000]
- [0.30789307 0.29418169 0.00000000]
- [0.28407728 0.29678432 0.00000000]
- [0.26018321 0.29935788 0.00000000]
- [0.23377134 0.30217206 0.00000000]
- [0.20737871 0.30449398 0.00000000]
- [0.18080233 0.30661888 0.00000000]
- [0.15423199 0.30871289 0.00000000]
- [0.12784727 0.31055781 0.00000000]
- [0.10136255 0.31181573 0.00000000]
- [0.07468064 0.31302754 0.00000000]
- [0.04824395 0.31417703 0.00000000]
- [0.02185370 0.31458432 0.00000000]
- [-0.00479235 0.31476037 0.00000000]
- [-0.03132849 0.31488994 0.00000000]
- [-0.05767514 0.31448170 0.00000000]
- [-0.08418798 0.31351498 0.00000000]
- [-0.11075206 0.31249953 0.00000000]
- [-0.13704276 0.31108960 0.00000000]
- [-0.16339899 0.30892917 0.00000000]
- [-0.18989930 0.30666445 0.00000000]
- [-0.21608886 0.30410396 0.00000000]
- [-0.24226081 0.30067662 0.00000000]
- [-0.26860710 0.29711700 0.00000000]
- [-0.29460242 0.29326769 0.00000000]
- [-0.32053572 0.28846419 0.00000000]
- [-0.34659193 0.28356006 0.00000000]
- [-0.37228046 0.27815257 0.00000000]
- [-0.39797429 0.27194141 0.00000000]
- [-0.42357564 0.26567202 0.00000000]
- [-0.44879362 0.25847759 0.00000000]
- [-0.47413021 0.25079930 0.00000000]
- [-0.49911109 0.24290216 0.00000000]
- [-0.52379535 0.23385522 0.00000000]
- [-0.54585745 0.22570259 0.00000000]
- [-0.56741462 0.21678789 0.00000000]
- [-0.58896078 0.20730252 0.00000000]
- [-0.61187290 0.20109997 0.00000000]
- [-0.63715200 0.19247871 0.00000000]
- [-0.66043812 0.17989065 0.00000000]
- [-0.68301094 0.16613976 0.00000000]
- [-0.70514526 0.15182936 0.00000000]
- [-0.72808446 0.13860662 0.00000000]
- [-0.75077536 0.12382788 0.00000000]
- [-0.77057840 0.10569063 0.00000000]
- [-0.78824907 0.08561866 0.00000000]
- [-0.80382091 0.06402483 0.00000000]
- [-0.81603049 0.04068617 0.00000000]
- [-0.82383579 0.01592142 0.00000000]
- [-0.82444008 -0.00963176 0.00000000]
- [-0.81698747 -0.03395780 0.00000000]
- [-0.80240254 -0.05547033 0.00000000]
- [-0.78413891 -0.07474841 0.00000000]
- [-0.76388503 -0.09234505 0.00000000]
- [-0.74239392 -0.10858479 0.00000000]
- [-0.71825345 -0.12098700 0.00000000]
- [-0.69454671 -0.13197457 0.00000000]
- [-0.67192778 -0.14465132 0.00000000]
- [-0.64885993 -0.15661570 0.00000000]
- [-0.62544038 -0.16796538 0.00000000]
- [-0.60173539 -0.17867728 0.00000000]
- [-0.57766378 -0.18873996 0.00000000]
- [-0.55350850 -0.19844161 0.00000000]
- [-0.52761263 -0.20353306 0.00000000]
- [-0.50536019 -0.20727346 0.00000000]
- [-0.48436502 -0.21399896 0.00000000]
- [-0.45869884 -0.22166819 0.00000000]
- [-0.43321928 -0.22916053 0.00000000]
- [-0.40743432 -0.23553321 0.00000000]
- [-0.38138321 -0.24185388 0.00000000]
- [-0.35547899 -0.24765459 0.00000000]
- [-0.32925600 -0.25266972 0.00000000]
- [-0.30297188 -0.25763691 0.00000000]
- [-0.27676753 -0.26188801 0.00000000]
- [-0.25023671 -0.26556498 0.00000000]
- [-0.22374969 -0.26919881 0.00000000]
- [-0.19734352 -0.27206257 0.00000000]
- [-0.17062982 -0.27444420 0.00000000]
- [-0.14396844 -0.27677554 0.00000000]
- [-0.11744412 -0.27842608 0.00000000]
- [-0.09066785 -0.27953455 0.00000000]
- [-0.06385658 -0.28058504 0.00000000]
- [-0.03729049 -0.28116486 0.00000000]
- [-0.01057146 -0.28097825 0.00000000]
- [0.01634540 -0.28072190 0.00000000]
- [0.04295028 -0.28025692 0.00000000]
- [0.06954766 -0.27886723 0.00000000]
- [0.09644919 -0.27731052 0.00000000]
- [0.12311565 -0.27571597 0.00000000]
- [0.14958658 -0.27333428 0.00000000]
- [0.17628833 -0.27050378 0.00000000]
- [0.20301492 -0.26762590 0.00000000]
- [0.22943139 -0.26443960 0.00000000]
- [0.25582333 -0.26045019 0.00000000]
- [0.28245764 -0.25630830 0.00000000]
- [0.30887925 -0.25213182 0.00000000]
- [0.33574498 -0.24717400 0.00000000]
- [0.36275115 -0.24171537 0.00000000]
- [0.38985940 -0.23618573 0.00000000]
- [0.41663156 -0.23058560 0.00000000]
- [0.44416582 -0.22786700 0.00000000]
- [0.47175158 -0.22508898 0.00000000]
- [0.49831843 -0.21845762 0.00000000]
- [0.52470697 -0.21148833 0.00000000]
- [0.55104078 -0.20404424 0.00000000]
- [0.57745664 -0.19653950 0.00000000]
- [0.60379083 -0.18904476 0.00000000]
- [0.62997511 -0.18114780 0.00000000]
- [0.65619579 -0.17307464 0.00000000]
- [0.68243435 -0.16497952 0.00000000]
- [0.70861709 -0.15685487 0.00000000]
- [0.73473200 -0.14850998 0.00000000]
- [0.76088085 -0.14011446 0.00000000]
- [0.78703866 -0.13171578 0.00000000]
- [0.81319983 -0.12332423 0.00000000]
- [0.83936441 -0.11493649 0.00000000]
- [0.86553475 -0.10656569 0.00000000]
- [0.89174630 -0.09818835 0.00000000]
- [0.91804604 -0.09001117 0.00000000]
- [0.94434575 -0.08196284 0.00000000]
- [0.97064924 -0.07394733 0.00000000]
- [0.99707297 -0.06599440 0.00000000]
- [1.02363771 -0.05852440 0.00000000]
- [1.05013377 -0.05117478 0.00000000]
- [1.07503081 -0.04429254 0.00000000]
- [1.10010991 -0.03773658 0.00000000]
- [1.12523390 -0.03162578 0.00000000]
- [1.15028352 -0.02559422 0.00000000]
- [1.17549668 -0.01955479 0.00000000]
- [1.20144834 -0.01689081 0.00000000]
- [1.22793224 -0.01432865 0.00000000]
- [1.25393083 -0.00918594 0.00000000]
- [1.28009289 -0.00457129 0.00000000]
- [1.30630726 -0.00058655 0.00000000]
- [1.33249919 0.00332017 0.00000000]
- [1.35881148 0.00690684 0.00000000]
- [1.38519189 0.00974299 0.00000000]
- [1.41152338 0.01247357 0.00000000]
- [1.43795876 0.01498397 0.00000000]
- [1.46444056 0.01666405 0.00000000]
- [1.49087467 0.01829733 0.00000000]
- [1.51739986 0.01954577 0.00000000]
- [1.54391365 0.02011266 0.00000000]
- [1.57043104 0.02061692 0.00000000]
- [1.59699301 0.02042108 0.00000000]
- [1.62348776 0.01978453 0.00000000]
- [1.65003337 0.01899800 0.00000000]
- [1.67652541 0.01728164 0.00000000]
- [1.70298224 0.01551314 0.00000000]
- [1.72940923 0.01309140 0.00000000]
- [1.75577866 0.01042196 0.00000000]
- [1.78210707 0.00740240 0.00000000]
- [1.80838373 0.00415756 0.00000000]
- [1.83462562 0.00078723 0.00000000]
- [1.85607237 -0.00409646 0.00000000]
- [1.05109531 -0.02405154 0.00000000]
- [1.05205686 0.00307170 0.00000000]
- [1.05301840 0.03019493 0.00000000]
- [1.05397995 0.05731817 0.00000000]
- [1.05494149 0.08444141 0.00000000]
- [1.05590303 0.11156465 0.00000000]
- [1.05686458 0.13868788 0.00000000]
- [-0.48668445 -0.18765460 0.00000000]
- [-0.48900388 -0.16131024 0.00000000]
- [-0.49132331 -0.13496587 0.00000000]
- [-0.49364275 -0.10862151 0.00000000]
- [-0.49596218 -0.08227715 0.00000000]
- [-0.49828161 -0.05593278 0.00000000]
- [-0.50060104 -0.02958842 0.00000000]
- [-0.50292047 -0.00324406 0.00000000]
- [-0.50523990 0.02310031 0.00000000]
- [-0.50755933 0.04944467 0.00000000]
- [-0.50987876 0.07578904 0.00000000]
- [-0.51219819 0.10213340 0.00000000]
- [-0.51451763 0.12847776 0.00000000]
- [-0.51683706 0.15482213 0.00000000]
- [-0.51915649 0.18116649 0.00000000]
- [-0.52147592 0.20751085 0.00000000]
- [0.30656039 -0.22587040 0.00000000]
- [0.30424153 -0.19960899 0.00000000]
- [0.30192267 -0.17334757 0.00000000]
- [0.29960381 -0.14708616 0.00000000]
- [0.29728496 -0.12082475 0.00000000]
- [0.29496610 -0.09456333 0.00000000]
- [0.29264724 -0.06830192 0.00000000]
- [0.29032838 -0.04204050 0.00000000]
- [0.28800952 -0.01577909 0.00000000]
- [0.28569066 0.01048232 0.00000000]
- [0.28337180 0.03674374 0.00000000]
- [0.28105294 0.06300515 0.00000000]
- [0.27873408 0.08926657 0.00000000]
- [0.27641522 0.11552798 0.00000000]
- [0.27409636 0.14178939 0.00000000]
- [0.27177750 0.16805081 0.00000000]
- [0.26945864 0.19431222 0.00000000]
- [0.26713978 0.22057364 0.00000000]
- [0.26482093 0.24683505 0.00000000]
- [0.26250207 0.27309646 0.00000000]
elements:
- [1 2]
- [2 3]
- [3 4]
- [4 5]
- [5 6]
- [6 7]
- [7 8]
- [8 9]
- [9 10]
- [10 11]
- [11 12]
- [12 13]
- [13 14]
- [14 15]
- [15 16]
- [16 17]
- [17 18]
- [18 19]
- [19 20]
- [20 21]
- [21 22]
- [22 23]
- [23 24]
- [24 25]
- [25 26]
- [26 27]
- [27 28]
- [28 29]
- [29 30]
- [30 31]
- [31 32]
- [32 33]
- [33 34]
- [34 35]
- [35 36]
- [36 37]
- [37 38]
- [38 39]
- [39 40]
- [40 41]
- [41 42]
- [42 43]
- [43 44]
- [44 45]
- [45 46]
- [46 47]
- [47 48]
- [48 49]
- [49 50]
- [50 51]
- [51 52]
- [52 53]
- [53 54]
- [54 55]
- [55 56]
- [56 57]
- [57 58]
- [58 59]
- [59 60]
- [60 61]
- [61 62]
- [62 63]
- [63 64]
- [64 65]
- [65 66]
- [66 67]
- [67 68]
- [68 69]
- [69 70]
- [70 71]
- [71 72]
- [72 73]
- [73 74]
- [74 75]
- [75 76]
- [76 77]
- [77 78]
- [78 79]
- [79 80]
- [80 81]
- [81 82]
- [82 83]
- [83 84]
- [84 85]
- [85 86]
- [86 87]
- [87 88]
- [88 89]
- [89 90]
- [90 91]
- [91 92]
- [92 93]
- [93 94]
- [94 95]
- [95 96]
- [96 97]
- [97 98]
- [98 99]
- [99 100]
- [100 101]
- [101 102]
- [102 103]
- [103 104]
- [104 105]
- [105 106]
- [106 107]
- [107 108]
- [108 109]
- [109 110]
- [110 111]
- [111 112]
- [112 113]
- [113 114]
- [114 115]
- [115 116]
- [116 117]
- [117 118]
- [118 119]
- [119 120]
- [120 121]
- [121 122]
- [122 123]
- [123 124]
- [124 125]
- [125 126]
- [126 127]
- [127 128]
- [128 129]
- [129 130]
- [130 131]
- [131 132]
- [132 133]
- [133 134]
- [134 135]
- [135 136]
- [136 137]
- [137 138]
- [138 139]
- [139 140]
- [140 141]
- [141 142]
- [142 143]
- [143 144]
- [144 145]
- [145 146]
- [146 147]
- [147 148]
- [148 149]
- [149 150]
- [150 151]
- [151 152]
- [152 153]
- [153 154]
- [154 155]
- [155 156]
- [156 157]
- [157 158]
- [158 159]
- [159 160]
- [160 161]
- [161 162]
- [162 163]
- [163 164]
- [164 165]
- [165 166]
- [166 167]
- [167 168]
- [168 169]
- [169 170]
- [170 171]
- [171 172]
- [172 173]
- [173 174]
- [174 175]
- [175 176]
- [176 177]
- [177 178]
- [178 179]
- [179 180]
- [180 181]
- [181 182]
- [182 183]
- [183 184]
- [184 185]
- [185 186]
- [186 187]
- [187 188]
- [188 189]
- [189 190]
- [190 191]
- [191 192]
- [192 193]
- [193 194]
- [194 195]
- [195 196]
- [196 197]
- [197 198]
- [198 199]
- [199 200]
- [200 201]
- [201 202]
- [202 203]
- [203 204]
- [204 205]
- [205 206]
- [206 207]
- [207 208]
- [208 209]
- [209 210]
- [210 211]
- [211 212]
- [212 213]
- [213 214]
- [214 1]
- [183 215]
- [215 216]
- [216 217]
- [217 218]
- [218 219]
- [219 220]
- [220 221]
- [221 32]
- [125 222]
- [222 223]
- [223 224]
- [224 225]
- [225 226]
- [226 227]
- [227 228]
- [228 229]
- [229 230]
- [230 231]
- [231 232]
- [232 233]
- [233 234]
- [234 235]
- [235 236]
- [236 237]
- [237 93]
- [155 238]
- [238 239]
- [239 240]
- [240 241]
- [241 242]
- [242 243]
- [243 244]
- [244 245]
- [245 246]
- [246 247]
- [247 248]
- [248 249]
- [249 250]
- [250 251]
- [251 252]
- [252 253]
- [253 254]
- [254 255]
- [255 256]
- [256 257]
- [257 63]
sets:
  element:
  - name: layup_0
    labels:
    - 1
    - 2
    - 3
    - 4
    - 5
    - 6
    - 7
    - 8
    - 9
    - 10
    - 11
    - 12
    - 13
    - 14
    - 15
    - 16
    - 17
    - 18
    - 19
    - 20
    - 21
    - 22
    - 23
    - 24
    - 25
    - 189
    - 190
    - 191
    - 192
    - 193
    - 194
    - 195
    - 196
    - 197
    - 198
    - 199
    - 200
    - 201
    - 202
    - 203
    - 204
    - 205
    - 206
    - 207
    - 208
    - 209
    - 210
    - 211
    - 212
    - 213
    - 214
  - name: layup_1
    labels:
    - 26
    - 27
    - 28
    - 29
    - 30
    - 31
    - 32
    - 33
    - 34
    - 35
    - 36
    - 37
    - 38
    - 39
    - 40
    - 41
    - 42
    - 43
    - 44
    - 45
    - 46
    - 47
    - 48
    - 49
    - 50
    - 51
    - 52
    - 53
    - 54
    - 55
    - 56
    - 57
    - 58
    - 97
    - 98
    - 99
    - 100
    - 101
    - 115
    - 116
    - 117
    - 118
    - 119
    - 120
    - 121
    - 122
    - 160
    - 161
    - 162
    - 163
    - 164
    - 165
    - 166
    - 167
    - 168
    - 169
    - 170
    - 171
    - 172
    - 173
    - 174
    - 175
    - 176
    - 177
    - 178
    - 179
    - 180
    - 181
    - 182
    - 183
    - 184
    - 185
    - 186
    - 187
    - 188
  - name: layup_2
    labels:
    - 59
    - 60
    - 61
    - 62
    - 63
    - 64
    - 65
    - 66
    - 67
    - 68
    - 69
    - 70
    - 71
    - 72
    - 73
    - 74
    - 75
    - 76
    - 77
    - 78
    - 79
    - 80
    - 81
    - 82
    - 83
    - 84
    - 85
    - 86
    - 87
    - 88
    - 89
    - 90
    - 91
    - 92
    - 93
    - 94
    - 95
    - 96
    - 123
    - 124
    - 125
    - 126
    - 127
    - 128
    - 129
    - 130
    - 131
    - 132
    - 133
    - 134
    - 135
    - 136
    - 137
    - 138
    - 139
    - 140
    - 141
    - 142
    - 143
    - 144
    - 145
    - 146
    - 147
    - 148
    - 149
    - 150
    - 151
    - 152
    - 153
    - 154
    - 155
    - 156
    - 157
    - 158
    - 159
  - name: layup_3
    labels:
    - 102
    - 103
    - 104
    - 105
    - 106
    - 107
    - 108
    - 109
    - 110
    - 111
    - 112
    - 113
    - 114
  - name: layup_4
    labels:
    - 215
    - 216
    - 217
    - 218
    - 219
    - 220
    - 221
    - 222
  - name: layup_5
    labels:
    - 223
    - 224
    - 225
    - 226
    - 227
    - 228
    - 229
    - 230
    - 231
    - 232
    - 233
    - 234
    - 235
    - 236
    - 237
    - 238
    - 239
    - 240
    - 241
    - 242
    - 243
    - 244
    - 245
    - 246
    - 247
    - 248
    - 249
    - 250
    - 251
    - 252
    - 253
    - 254
    - 255
    - 256
    - 257
    - 258
    - 259
    - 260
sections:
- type: shell
  elementSet: layup_0
  layup:
  - - gelcoat
    - 0.0005
    - 0.0
  - - glass_triax
    - 0.003
    - 0.0
  - - glass_uniax
    - 0.00559
    - 0.0
  - - glass_triax
    - 0.003
    - 0.0
- type: shell
  elementSet: layup_1
  layup:
  - - gelcoat
    - 0.0005
    - 0.0
  - - glass_triax
    - 0.003
    - 0.0
  - - medium_density_foam
    - 0.01625001
    - 0.0
  - - glass_triax
    - 0.003
    - 0.0
- type: shell
  elementSet: layup_2
  layup:
  - - gelcoat
    - 0.0005
    - 0.0
  - - glass_triax
    - 0.003
    - 0.0
  - - carbon_uniax
    - 0.03195684
    - 0.0
  - - glass_triax
    - 0.003
    - 0.0
- type: shell
  elementSet: layup_3
  layup:
  - - gelcoat
    - 0.0005
    - 0.0
  - - glass_triax
    - 0.003
    - 0.0
  - - glass_uniax
    - 0.004215
    - 0.0
  - - glass_triax
    - 0.003
    - 0.0
- type: shell
  elementSet: layup_4
  layup:
  - - glass_biax
    - 0.002
    - 0.0
  - - medium_density_foam
    - 0.03
    - 0.0
  - - glass_biax
    - 0.002
    - 0.0
- type: shell
  elementSet: layup_5
  layup:
  - - glass_biax
    - 0.002
    - 0.0
  - - medium_density_foam
    - 0.0188
    - 0.0
  - - glass_biax
    - 0.002
    - 0.0
elementOrientations:
- [0.0, 0.0, 1.0, -0.9910825384198212, 0.1332493978947889, 0.0, -0.1332493978947889,
  -0.9910825384198212, 0.0]
- [0.0, 0.0, 1.0, -0.9812580605633504, 0.19269825785266498, 0.0, -0.19269825785266498,
  -0.9812580605633504, 0.0]
- [0.0, 0.0, 1.0, -0.9813000476368449, 0.19248432795406004, 0.0, -0.19248432795406004,
  -0.9813000476368449, 0.0]
- [0.0, 0.0, 1.0, -0.9812278521626642, 0.19285202135379567, 0.0, -0.19285202135379567,
  -0.9812278521626642, 0.0]
- [0.0, 0.0, 1.0, -0.9811364571107155, 0.19331645695137623, 0.0, -0.19331645695137623,
  -0.9811364571107155, 0.0]
- [0.0, 0.0, 1.0, -0.9809462211438706, 0.19427946680892594, 0.0, -0.19427946680892594,
  -0.9809462211438706, 0.0]
- [0.0, 0.0, 1.0, -0.9806306739297262, 0.19586597802612649, 0.0, -0.19586597802612649,
  -0.9806306739297262, 0.0]
- [0.0, 0.0, 1.0, -0.9805076878645944, 0.1964807217984175, 0.0, -0.1964807217984175,
  -0.9805076878645944, 0.0]
- [0.0, 0.0, 1.0, -0.9800443451456952, 0.19877897662465666, 0.0, -0.19877897662465666,
  -0.9800443451456952, 0.0]
- [0.0, 0.0, 1.0, -0.9798299339086005, 0.1998331819710314, 0.0, -0.1998331819710314,
  -0.9798299339086005, 0.0]
- [0.0, 0.0, 1.0, -0.9796477051179566, 0.20072462195037535, 0.0, -0.20072462195037535,
  -0.9796477051179566, 0.0]
- [0.0, 0.0, 1.0, -0.9791694061715361, 0.2030450049069944, 0.0, -0.2030450049069944,
  -0.9791694061715361, 0.0]
- [0.0, 0.0, 1.0, -0.9790800267596934, 0.20347555430625586, 0.0, -0.20347555430625586,
  -0.9790800267596934, 0.0]
- [0.0, 0.0, 1.0, -0.9788053227369856, 0.20479292024321955, 0.0, -0.20479292024321955,
  -0.9788053227369856, 0.0]
- [0.0, 0.0, 1.0, -0.9784606489583113, 0.20643342374741605, 0.0, -0.20643342374741605,
  -0.9784606489583113, 0.0]
- [0.0, 0.0, 1.0, -0.9784116371873963, 0.206665595144133, 0.0, -0.206665595144133,
  -0.9784116371873963, 0.0]
- [0.0, 0.0, 1.0, -0.9781454069912534, 0.20792201129730203, 0.0, -0.20792201129730203,
  -0.9781454069912534, 0.0]
- [0.0, 0.0, 1.0, -0.9779118034786847, 0.20901795285828068, 0.0, -0.20901795285828068,
  -0.9779118034786847, 0.0]
- [0.0, 0.0, 1.0, -0.9778296580164151, 0.2094019099805461, 0.0, -0.2094019099805461,
  -0.9778296580164151, 0.0]
- [0.0, 0.0, 1.0, -0.9776252216561243, 0.21035428681587104, 0.0, -0.21035428681587104,
  -0.9776252216561243, 0.0]
- [0.0, 0.0, 1.0, -0.9772887552985954, 0.21191198353779422, 0.0, -0.21191198353779422,
  -0.9772887552985954, 0.0]
- [0.0, 0.0, 1.0, -0.9772534099470069, 0.21207492248483134, 0.0, -0.21207492248483134,
  -0.9772534099470069, 0.0]
- [0.0, 0.0, 1.0, -0.9771232524164839, 0.21267381029885266, 0.0, -0.21267381029885266,
  -0.9771232524164839, 0.0]
- [0.0, 0.0, 1.0, -0.9769547498734339, 0.21344651953062224, 0.0, -0.21344651953062224,
  -0.9769547498734339, 0.0]
- [0.0, 0.0, 1.0, -0.9933909486625441, 0.11477988985589184, 0.0, -0.11477988985589184,
  -0.9933909486625441, 0.0]
- [0.0, 0.0, 1.0, -0.9935466891235462, 0.11342387990030839, 0.0, -0.11342387990030839,
  -0.9935466891235462, 0.0]
- [0.0, 0.0, 1.0, -0.976816501910667, 0.21407830715653525, 0.0, -0.21407830715653525,
  -0.976816501910667, 0.0]
- [0.0, 0.0, 1.0, -0.9768078589767942, 0.2141177401365219, 0.0, -0.2141177401365219,
  -0.9768078589767942, 0.0]
- [0.0, 0.0, 1.0, -0.9767868138530919, 0.21421372571038788, 0.0, -0.21421372571038788,
  -0.9767868138530919, 0.0]
- [0.0, 0.0, 1.0, -0.9768957813739199, 0.2137162425597051, 0.0, -0.2137162425597051,
  -0.9768957813739199, 0.0]
- [0.0, 0.0, 1.0, -0.9771452052589448, 0.21257292358024993, 0.0, -0.21257292358024993,
  -0.9771452052589448, 0.0]
- [0.0, 0.0, 1.0, -0.9771592754625547, 0.21250823602273644, 0.0, -0.21250823602273644,
  -0.9771592754625547, 0.0]
- [0.0, 0.0, 1.0, -0.9771868451571243, 0.21238142492192302, 0.0, -0.21238142492192302,
  -0.9771868451571243, 0.0]
- [0.0, 0.0, 1.0, -0.9776262774985772, 0.2103493797097461, 0.0, -0.2103493797097461,
  -0.9776262774985772, 0.0]
- [0.0, 0.0, 1.0, -0.977898149913292, 0.20908182225186528, 0.0, -0.20908182225186528,
  -0.977898149913292, 0.0]
- [0.0, 0.0, 1.0, -0.9779052791014294, 0.20904847549206237, 0.0, -0.20904847549206237,
  -0.9779052791014294, 0.0]
- [0.0, 0.0, 1.0, -0.97812204161625, 0.2080319006894345, 0.0, -0.2080319006894345,
  -0.97812204161625, 0.0]
- [0.0, 0.0, 1.0, -0.9789544809913842, 0.20407872046563216, 0.0, -0.20407872046563216,
  -0.9789544809913842, 0.0]
- [0.0, 0.0, 1.0, -0.9791258476288045, 0.20325494952196146, 0.0, -0.20325494952196146,
  -0.9791258476288045, 0.0]
- [0.0, 0.0, 1.0, -0.9791561682451657, 0.20310883335651547, 0.0, -0.20310883335651547,
  -0.9791561682451657, 0.0]
- [0.0, 0.0, 1.0, -0.9798083567556711, 0.19993895076185486, 0.0, -0.19993895076185486,
  -0.9798083567556711, 0.0]
- [0.0, 0.0, 1.0, -0.980865109159202, 0.1946885657508076, 0.0, -0.1946885657508076,
  -0.980865109159202, 0.0]
- [0.0, 0.0, 1.0, -0.9810182605215114, 0.19391537464406455, 0.0, -0.19391537464406455,
  -0.9810182605215114, 0.0]
- [0.0, 0.0, 1.0, -0.9810690336661178, 0.19365833620433162, 0.0, -0.19365833620433162,
  -0.9810690336661178, 0.0]
- [0.0, 0.0, 1.0, -0.9823547498398038, 0.18702712495030427, 0.0, -0.18702712495030427,
  -0.9823547498398038, 0.0]
- [0.0, 0.0, 1.0, -0.9831384336732918, 0.18286284541816117, 0.0, -0.18286284541816117,
  -0.9831384336732918, 0.0]
- [0.0, 0.0, 1.0, -0.983272284301406, 0.18214174404758188, 0.0, -0.18214174404758188,
  -0.983272284301406, 0.0]
- [0.0, 0.0, 1.0, -0.9834594144292937, 0.18112862879840572, 0.0, -0.18112862879840572,
  -0.9834594144292937, 0.0]
- [0.0, 0.0, 1.0, -0.9851334978487204, 0.17179054518903317, 0.0, -0.17179054518903317,
  -0.9851334978487204, 0.0]
- [0.0, 0.0, 1.0, -0.9856251182819863, 0.16894711069331847, 0.0, -0.16894711069331847,
  -0.9856251182819863, 0.0]
- [0.0, 0.0, 1.0, -0.9857272553536423, 0.16835016499242142, 0.0, -0.16835016499242142,
  -0.9857272553536423, 0.0]
- [0.0, 0.0, 1.0, -0.9863378913841835, 0.16473482940715, 0.0, -0.16473482940715, -0.9863378913841835,
  0.0]
- [0.0, 0.0, 1.0, -0.9880450361089802, 0.1541655169627887, 0.0, -0.1541655169627887,
  -0.9880450361089802, 0.0]
- [0.0, 0.0, 1.0, -0.9883855333481028, 0.15196722498021228, 0.0, -0.15196722498021228,
  -0.9883855333481028, 0.0]
- [0.0, 0.0, 1.0, -0.9884602574857808, 0.15148042570293968, 0.0, -0.15148042570293968,
  -0.9884602574857808, 0.0]
- [0.0, 0.0, 1.0, -0.9896447806777179, 0.14353817637601354, 0.0, -0.14353817637601354,
  -0.9896447806777179, 0.0]
- [0.0, 0.0, 1.0, -0.9911420043432334, 0.13280635235740046, 0.0, -0.13280635235740046,
  -0.9911420043432334, 0.0]
- [0.0, 0.0, 1.0, -0.9998751667160016, -0.015800347611621284, 0.0, 0.015800347611621284,
  -0.9998751667160016, 0.0]
- [0.0, 0.0, 1.0, -0.9994996322252159, -0.03163044706699726, 0.0, 0.03163044706699726,
  -0.9994996322252159, 0.0]
- [0.0, 0.0, 1.0, -0.9930708027373495, 0.11751757634752448, 0.0, -0.11751757634752448,
  -0.9930708027373495, 0.0]
- [0.0, 0.0, 1.0, -0.9940817250117411, 0.10863481945343867, 0.0, -0.10863481945343867,
  -0.9940817250117411, 0.0]
- [0.0, 0.0, 1.0, -0.994249575143155, 0.1070877319194665, 0.0, -0.1070877319194665,
  -0.994249575143155, 0.0]
- [0.0, 0.0, 1.0, -0.994371437575913, 0.10595019647557191, 0.0, -0.10595019647557191,
  -0.994371437575913, 0.0]
- [0.0, 0.0, 1.0, -0.9961524174942427, 0.0876376695284406, 0.0, -0.0876376695284406,
  -0.9961524174942427, 0.0]
- [0.0, 0.0, 1.0, -0.9968188825613717, 0.07970015915353047, 0.0, -0.07970015915353047,
  -0.9968188825613717, 0.0]
- [0.0, 0.0, 1.0, -0.9969089002306597, 0.07856618000702618, 0.0, -0.07856618000702618,
  -0.9969089002306597, 0.0]
- [0.0, 0.0, 1.0, -0.9975642516238802, 0.06975359404423416, 0.0, -0.06975359404423416,
  -0.9975642516238802, 0.0]
- [0.0, 0.0, 1.0, -0.9988739678204691, 0.04744255906453882, 0.0, -0.04744255906453882,
  -0.9988739678204691, 0.0]
- [0.0, 0.0, 1.0, -0.9989702391400035, 0.0453702690378223, 0.0, -0.0453702690378223,
  -0.9989702391400035, 0.0]
- [0.0, 0.0, 1.0, -0.9990560495435784, 0.04343972686814497, 0.0, -0.04343972686814497,
  -0.9990560495435784, 0.0]
- [0.0, 0.0, 1.0, -0.9998809264515662, 0.01543155592795842, 0.0, -0.01543155592795842,
  -0.9998809264515662, 0.0]
- [0.0, 0.0, 1.0, -0.999978174039297, 0.006606924022072654, 0.0, -0.006606924022072654,
  -0.999978174039297, 0.0]
- [0.0, 0.0, 1.0, -0.9999880800277932, 0.004882602003833265, 0.0, -0.004882602003833265,
  -0.9999880800277932, 0.0]
- [0.0, 0.0, 1.0, -0.999879973332642, -0.01549318973985171, 0.0, 0.01549318973985171,
  -0.999879973332642, 0.0]
- [0.0, 0.0, 1.0, -0.9993359111615123, -0.03643812101343704, 0.0, 0.03643812101343704,
  -0.9993359111615123, 0.0]
- [0.0, 0.0, 1.0, -0.9992701789959323, -0.038198290137613514, 0.0, 0.038198290137613514,
  -0.9992701789959323, 0.0]
- [0.0, 0.0, 1.0, -0.9985650912326061, -0.053551457231500885, 0.0, 0.053551457231500885,
  -0.9985650912326061, 0.0]
- [0.0, 0.0, 1.0, -0.9966572541070506, -0.08169649830803026, 0.0, 0.08169649830803026,
  -0.9966572541070506, 0.0]
- [0.0, 0.0, 1.0, -0.9963681454318762, -0.08514997808950638, 0.0, 0.08514997808950638,
  -0.9963681454318762, 0.0]
- [0.0, 0.0, 1.0, -0.9952547409645638, -0.09730365146056451, 0.0, 0.09730365146056451,
  -0.9952547409645638, 0.0]
- [0.0, 0.0, 1.0, -0.9915341758257775, -0.12984597864198963, 0.0, 0.12984597864198963,
  -0.9915341758257775, 0.0]
- [0.0, 0.0, 1.0, -0.9909958849236213, -0.13389233011807936, 0.0, 0.13389233011807936,
  -0.9909958849236213, 0.0]
- [0.0, 0.0, 1.0, -0.9892136642525975, -0.1464797817309587, 0.0, 0.1464797817309587,
  -0.9892136642525975, 0.0]
- [0.0, 0.0, 1.0, -0.9832749629810299, -0.18212728289483246, 0.0, 0.18212728289483246,
  -0.9832749629810299, 0.0]
- [0.0, 0.0, 1.0, -0.9827449699855794, -0.1849657372813759, 0.0, 0.1849657372813759,
  -0.9827449699855794, 0.0]
- [0.0, 0.0, 1.0, -0.9785545081888983, -0.20598804456371578, 0.0, 0.20598804456371578,
  -0.9785545081888983, 0.0]
- [0.0, 0.0, 1.0, -0.9720027715297421, -0.2349693855345835, 0.0, 0.2349693855345835,
  -0.9720027715297421, 0.0]
- [0.0, 0.0, 1.0, -0.971300181766875, -0.2378570093556953, 0.0, 0.2378570093556953,
  -0.971300181766875, 0.0]
- [0.0, 0.0, 1.0, -0.9616317822104661, -0.2743434260971505, 0.0, 0.2743434260971505,
  -0.9616317822104661, 0.0]
- [0.0, 0.0, 1.0, -0.9570187618277292, -0.29002601522918625, 0.0, 0.29002601522918625,
  -0.9570187618277292, 0.0]
- [0.0, 0.0, 1.0, -0.9534900561719011, -0.30142447276441414, 0.0, 0.30142447276441414,
  -0.9534900561719011, 0.0]
- [0.0, 0.0, 1.0, -0.9389249290955443, -0.34412203870564145, 0.0, 0.34412203870564145,
  -0.9389249290955443, 0.0]
- [0.0, 0.0, 1.0, -0.9380049729838006, -0.3466217977243493, 0.0, 0.3466217977243493,
  -0.9380049729838006, 0.0]
- [0.0, 0.0, 1.0, -0.9241002039995149, -0.3821502492057999, 0.0, 0.3821502492057999,
  -0.9241002039995149, 0.0]
- [0.0, 0.0, 1.0, -0.9152357981244543, -0.4029186441845216, 0.0, 0.4029186441845216,
  -0.9152357981244543, 0.0]
- [0.0, 0.0, 1.0, -0.965256294944747, -0.26130496564271355, 0.0, 0.26130496564271355,
  -0.965256294944747, 0.0]
- [0.0, 0.0, 1.0, -0.9464714898598263, -0.3227874205766402, 0.0, 0.3227874205766402,
  -0.9464714898598263, 0.0]
- [0.0, 0.0, 1.0, -0.8796912708655088, -0.47554523229975293, 0.0, 0.47554523229975293,
  -0.8796912708655088, 0.0]
- [0.0, 0.0, 1.0, -0.8540150343412526, -0.5202483263972206, 0.0, 0.5202483263972206,
  -0.8540150343412526, 0.0]
- [0.0, 0.0, 1.0, -0.8397744463818938, -0.5429354282085339, 0.0, 0.5429354282085339,
  -0.8397744463818938, 0.0]
- [0.0, 0.0, 1.0, -0.8663721230369062, -0.49939898320333387, 0.0, 0.49939898320333387,
  -0.8663721230369062, 0.0]
- [0.0, 0.0, 1.0, -0.8379428262856627, -0.5457580231901276, 0.0, 0.5457580231901276,
  -0.8379428262856627, 0.0]
- [0.0, 0.0, 1.0, -0.7374421217503383, -0.6754103323671908, 0.0, 0.6754103323671908,
  -0.7374421217503383, 0.0]
- [0.0, 0.0, 1.0, -0.660782573352476, -0.7505773715971457, 0.0, 0.7505773715971457,
  -0.660782573352476, 0.0]
- [0.0, 0.0, 1.0, -0.5849051516236006, -0.8111016974487064, 0.0, 0.8111016974487064,
  -0.5849051516236006, 0.0]
- [0.0, 0.0, 1.0, -0.4635473864127059, -0.8860721305570723, 0.0, 0.8860721305570723,
  -0.4635473864127059, 0.0]
- [0.0, 0.0, 1.0, -0.3006007367552229, -0.9537500705437547, 0.0, 0.9537500705437547,
  -0.3006007367552229, 0.0]
- [0.0, 0.0, 1.0, -0.023641742274216965, -0.9997204949495831, 0.0, 0.9997204949495831,
  -0.023641742274216965, 0.0]
- [0.0, 0.0, 1.0, 0.29292487510605836, -0.956135459829882, 0.0, 0.956135459829882,
  0.29292487510605836, 0.0]
- [0.0, 0.0, 1.0, 0.5611626167950655, -0.8277055741697735, 0.0, 0.8277055741697735,
  0.5611626167950655, 0.0]
- [0.0, 0.0, 1.0, 0.6877484452477651, -0.7259490864098403, 0.0, 0.7259490864098403,
  0.6877484452477651, 0.0]
- [0.0, 0.0, 1.0, 0.7548900926774736, -0.6558513154499237, 0.0, 0.6558513154499237,
  0.7548900926774736, 0.0]
- [0.0, 0.0, 1.0, 0.7978313725991062, -0.602880668869575, 0.0, 0.602880668869575,
  0.7978313725991062, 0.0]
- [0.0, 0.0, 1.0, 0.8894808464177645, -0.45697245415444615, 0.0, 0.45697245415444615,
  0.8894808464177645, 0.0]
- [0.0, 0.0, 1.0, 0.9072885137420211, -0.42050868342020525, 0.0, 0.42050868342020525,
  0.9072885137420211, 0.0]
- [0.0, 0.0, 1.0, 0.8723390937342252, -0.4889013249552006, 0.0, 0.4889013249552006,
  0.8723390937342252, 0.0]
- [0.0, 0.0, 1.0, 0.8877030869433293, -0.46041636529480984, 0.0, 0.46041636529480984,
  0.8877030869433293, 0.0]
- [0.0, 0.0, 1.0, 0.899893343332995, -0.4361100441688594, 0.0, 0.4361100441688594,
  0.899893343332995, 0.0]
- [0.0, 0.0, 1.0, 0.911277962756654, -0.41179178548640627, 0.0, 0.41179178548640627,
  0.911277962756654, 0.0]
- [0.0, 0.0, 1.0, 0.9226292912246217, -0.38568794507263515, 0.0, 0.38568794507263515,
  0.9226292912246217, 0.0]
- [0.0, 0.0, 1.0, 0.9279521173290398, -0.3726994337861968, 0.0, 0.3726994337861968,
  0.9279521173290398, 0.0]
- [0.0, 0.0, 1.0, 0.9812146576790102, -0.19291914253350528, 0.0, 0.19291914253350528,
  0.9812146576790102, 0.0]
- [0.0, 0.0, 1.0, 0.9861654776034433, -0.16576384039703157, 0.0, 0.16576384039703157,
  0.9861654776034433, 0.0]
- [0.0, 0.0, 1.0, 0.9523312316336047, -0.3050659359142246, 0.0, 0.3050659359142246,
  0.9523312316336047, 0.0]
- [0.0, 0.0, 1.0, 0.9581404209471628, -0.28629867926204955, 0.0, 0.28629867926204955,
  0.9581404209471628, 0.0]
- [0.0, 0.0, 1.0, 0.9593822956449709, -0.2821092178624895, 0.0, 0.2821092178624895,
  0.9593822956449709, 0.0]
- [0.0, 0.0, 1.0, 0.9707906340326724, -0.23992820775065604, 0.0, 0.23992820775065604,
  0.9707906340326724, 0.0]
- [0.0, 0.0, 1.0, 0.9718052352098989, -0.2357850394292082, 0.0, 0.2357850394292082,
  0.9718052352098989, 0.0]
- [0.0, 0.0, 1.0, 0.9758330166173395, -0.2185175592017798, 0.0, 0.2185175592017798,
  0.9758330166173395, 0.0]
- [0.0, 0.0, 1.0, 0.9821987288806865, -0.18784476831991756, 0.0, 0.18784476831991756,
  0.9821987288806865, 0.0]
- [0.0, 0.0, 1.0, 0.9826076396221852, -0.18569390554382192, 0.0, 0.18569390554382192,
  0.9826076396221852, 0.0]
- [0.0, 0.0, 1.0, 0.9870951323472105, -0.16013494214706264, 0.0, 0.16013494214706264,
  0.9870951323472105, 0.0]
- [0.0, 0.0, 1.0, 0.990532220219473, -0.1372804454650462, 0.0, 0.1372804454650462,
  0.990532220219473, 0.0]
- [0.0, 0.0, 1.0, 0.9907198616718976, -0.13591966630630076, 0.0, 0.13591966630630076,
  0.9907198616718976, 0.0]
- [0.0, 0.0, 1.0, 0.9941706237538069, -0.10781823067072886, 0.0, 0.10781823067072886,
  0.9941706237538069, 0.0]
- [0.0, 0.0, 1.0, 0.9960493312027504, -0.08880163180118783, 0.0, 0.08880163180118783,
  0.9960493312027504, 0.0]
- [0.0, 0.0, 1.0, 0.9961986897335495, -0.08711010603345058, 0.0, 0.08711010603345058,
  0.9961986897335495, 0.0]
- [0.0, 0.0, 1.0, 0.9980694742836641, -0.062107362712728834, 0.0, 0.062107362712728834,
  0.9980694742836641, 0.0]
- [0.0, 0.0, 1.0, 0.9991442180359742, -0.04136219971521988, 0.0, 0.04136219971521988,
  0.9991442180359742, 0.0]
- [0.0, 0.0, 1.0, 0.9992333143374218, -0.03915077928025611, 0.0, 0.03915077928025611,
  0.9992333143374218, 0.0]
- [0.0, 0.0, 1.0, 0.9997619094061719, -0.02182027727883443, 0.0, 0.02182027727883443,
  0.9997619094061719, 0.0]
- [0.0, 0.0, 1.0, 0.9999756127450813, 0.006983832407717201, 0.0, -0.006983832407717201,
  0.9999756127450813, 0.0]
- [0.0, 0.0, 1.0, 0.9999546508709041, 0.009523455341856217, 0.0, -0.009523455341856217,
  0.9999546508709041, 0.0]
- [0.0, 0.0, 1.0, 0.9998473054332484, 0.017474719393234767, 0.0, -0.017474719393234767,
  0.9998473054332484, 0.0]
- [0.0, 0.0, 1.0, 0.9986378090985895, 0.05217783282936369, 0.0, -0.05217783282936369,
  0.9986378090985895, 0.0]
- [0.0, 0.0, 1.0, 0.9983299045631571, 0.05777024887359819, 0.0, -0.05777024887359819,
  0.9983299045631571, 0.0]
- [0.0, 0.0, 1.0, 0.9982169801156408, 0.05968970270331917, 0.0, -0.05968970270331917,
  0.9982169801156408, 0.0]
- [0.0, 0.0, 1.0, 0.9959767881942801, 0.089611591762484, 0.0, -0.089611591762484,
  0.9959767881942801, 0.0]
- [0.0, 0.0, 1.0, 0.9944284472407635, 0.10541377195757752, 0.0, -0.10541377195757752,
  0.9944284472407635, 0.0]
- [0.0, 0.0, 1.0, 0.9942526188530264, 0.10705946900624148, 0.0, -0.10705946900624148,
  0.9942526188530264, 0.0]
- [0.0, 0.0, 1.0, 0.9928040749081856, 0.11975002649562039, 0.0, -0.11975002649562039,
  0.9928040749081856, 0.0]
- [0.0, 0.0, 1.0, 0.9887674205372565, 0.14946232998351114, 0.0, -0.14946232998351114,
  0.9887674205372565, 0.0]
- [0.0, 0.0, 1.0, 0.9881233842823601, 0.15366254401894877, 0.0, -0.15366254401894877,
  0.9881233842823601, 0.0]
- [0.0, 0.0, 1.0, 0.9877361463991308, 0.15613233200267948, 0.0, -0.15613233200267948,
  0.9877361463991308, 0.0]
- [0.0, 0.0, 1.0, 0.9833952904719178, 0.18147645212989075, 0.0, -0.18147645212989075,
  0.9833952904719178, 0.0]
- [0.0, 0.0, 1.0, 0.980178048225676, 0.19811863561135387, 0.0, -0.19811863561135387,
  0.980178048225676, 0.0]
- [0.0, 0.0, 1.0, 0.9798228454156908, 0.19986793540110276, 0.0, -0.19986793540110276,
  0.9798228454156908, 0.0]
- [0.0, 0.0, 1.0, 0.9788151907677566, 0.2047457504376597, 0.0, -0.2047457504376597,
  0.9788151907677566, 0.0]
- [0.0, 0.0, 1.0, 0.9951610360346076, 0.09825737813785955, 0.0, -0.09825737813785955,
  0.9951610360346076, 0.0]
- [0.0, 0.0, 1.0, 0.9949675016459202, 0.10019815701137366, 0.0, -0.10019815701137366,
  0.9949675016459202, 0.0]
- [0.0, 0.0, 1.0, 0.970231368923789, 0.24217987273155114, 0.0, -0.24217987273155114,
  0.970231368923789, 0.0]
- [0.0, 0.0, 1.0, 0.9668493030564433, 0.25534765551943056, 0.0, -0.25534765551943056,
  0.9668493030564433, 0.0]
- [0.0, 0.0, 1.0, 0.9622909675130633, 0.27202223042018525, 0.0, -0.27202223042018525,
  0.9622909675130633, 0.0]
- [0.0, 0.0, 1.0, 0.9619331533089089, 0.2732848487662262, 0.0, -0.2732848487662262,
  0.9619331533089089, 0.0]
- [0.0, 0.0, 1.0, 0.9618061907492674, 0.27373134902013635, 0.0, -0.27373134902013635,
  0.9618061907492674, 0.0]
- [0.0, 0.0, 1.0, 0.9574058541231701, 0.2887456155349947, 0.0, -0.2887456155349947,
  0.9574058541231701, 0.0]
- [0.0, 0.0, 1.0, 0.9557252023948493, 0.294260662521045, 0.0, -0.294260662521045,
  0.9557252023948493, 0.0]
- [0.0, 0.0, 1.0, 0.955556366862815, 0.2948084628160079, 0.0, -0.2948084628160079,
  0.955556366862815, 0.0]
- [0.0, 0.0, 1.0, 0.95507482888931, 0.2963647604254852, 0.0, -0.2963647604254852,
  0.95507482888931, 0.0]
- [0.0, 0.0, 1.0, 0.9525497609790599, 0.30438290500410137, 0.0, -0.30438290500410137,
  0.9525497609790599, 0.0]
- [0.0, 0.0, 1.0, 0.9521290299818398, 0.3056964348268405, 0.0, -0.3056964348268405,
  0.9521290299818398, 0.0]
- [0.0, 0.0, 1.0, 0.9521258340749481, 0.3057063886919675, 0.0, -0.3057063886919675,
  0.9521258340749481, 0.0]
- [0.0, 0.0, 1.0, 0.9522129521726639, 0.30543492549906615, 0.0, -0.30543492549906615,
  0.9522129521726639, 0.0]
- [0.0, 0.0, 1.0, 0.9522647779131972, 0.3052733082762545, 0.0, -0.3052733082762545,
  0.9522647779131972, 0.0]
- [0.0, 0.0, 1.0, 0.9524633161368724, 0.30465329706660355, 0.0, -0.30465329706660355,
  0.9524633161368724, 0.0]
- [0.0, 0.0, 1.0, 0.9525333105082845, 0.30443438106121984, 0.0, -0.30443438106121984,
  0.9525333105082845, 0.0]
- [0.0, 0.0, 1.0, 0.9549078130777221, 0.2969024562429925, 0.0, -0.2969024562429925,
  0.9549078130777221, 0.0]
- [0.0, 0.0, 1.0, 0.9562264835618886, 0.2926275997490078, 0.0, -0.2926275997490078,
  0.9562264835618886, 0.0]
- [0.0, 0.0, 1.0, 0.9565714885479161, 0.29149783412098323, 0.0, -0.29149783412098323,
  0.9565714885479161, 0.0]
- [0.0, 0.0, 1.0, 0.9575684819828739, 0.28820583323904897, 0.0, -0.28820583323904897,
  0.9575684819828739, 0.0]
- [0.0, 0.0, 1.0, 0.9626635359047133, 0.2707007880288394, 0.0, -0.2707007880288394,
  0.9626635359047133, 0.0]
- [0.0, 0.0, 1.0, 0.9636153166606711, 0.2672929507056902, 0.0, -0.2672929507056902,
  0.9636153166606711, 0.0]
- [0.0, 0.0, 1.0, 0.9638526116404027, 0.2664360017602258, 0.0, -0.2664360017602258,
  0.9638526116404027, 0.0]
- [0.0, 0.0, 1.0, 0.9674891700878363, 0.25291244683239655, 0.0, -0.25291244683239655,
  0.9674891700878363, 0.0]
- [0.0, 0.0, 1.0, 0.9716715149178383, 0.23633549690487263, 0.0, -0.23633549690487263,
  0.9716715149178383, 0.0]
- [0.0, 0.0, 1.0, 0.9722139863641669, 0.23409392285554015, 0.0, -0.23409392285554015,
  0.9722139863641669, 0.0]
- [0.0, 0.0, 1.0, 0.9724898414673087, 0.23294529023547347, 0.0, -0.23294529023547347,
  0.9724898414673087, 0.0]
- [0.0, 0.0, 1.0, 0.994772611380206, 0.10211489434850149, 0.0, -0.10211489434850149,
  0.994772611380206, 0.0]
- [0.0, 0.0, 1.0, 0.9953528728156212, 0.09629464459506384, 0.0, -0.09629464459506384,
  0.9953528728156212, 0.0]
- [0.0, 0.0, 1.0, 0.9809921341877663, 0.19404750104480006, 0.0, -0.19404750104480006,
  0.9809921341877663, 0.0]
- [0.0, 0.0, 1.0, 0.9847976821428721, 0.17370528272342967, 0.0, -0.17370528272342967,
  0.9847976821428721, 0.0]
- [0.0, 0.0, 1.0, 0.9886434865531087, 0.15027992712306298, 0.0, -0.15027992712306298,
  0.9886434865531087, 0.0]
- [0.0, 0.0, 1.0, 0.9890582797193426, 0.14752531755131013, 0.0, -0.14752531755131013,
  0.9890582797193426, 0.0]
- [0.0, 0.0, 1.0, 0.9908370595393834, 0.1350626574718132, 0.0, -0.1350626574718132,
  0.9908370595393834, 0.0]
- [0.0, 0.0, 1.0, 0.9942704814689783, 0.10689345012415949, 0.0, -0.10689345012415949,
  0.9942704814689783, 0.0]
- [0.0, 0.0, 1.0, 0.9946661162992816, 0.10314706532957701, 0.0, -0.10314706532957701,
  0.9946661162992816, 0.0]
- [0.0, 0.0, 1.0, 0.9955211963470135, 0.0945386038812247, 0.0, -0.0945386038812247,
  0.9955211963470135, 0.0]
- [0.0, 0.0, 1.0, 0.9979935774092272, 0.06331523868653427, 0.0, -0.06331523868653427,
  0.9979935774092272, 0.0]
- [0.0, 0.0, 1.0, 0.9980966431957409, 0.0616692049680709, 0.0, -0.0616692049680709,
  0.9980966431957409, 0.0]
- [0.0, 0.0, 1.0, 0.9988942128600389, 0.04701437561771276, 0.0, -0.04701437561771276,
  0.9988942128600389, 0.0]
- [0.0, 0.0, 1.0, 0.9997715068151768, 0.02137601835027117, 0.0, -0.02137601835027117,
  0.9997715068151768, 0.0]
- [0.0, 0.0, 1.0, 0.9998192395053067, 0.01901284605286859, 0.0, -0.01901284605286859,
  0.9998192395053067, 0.0]
- [0.0, 0.0, 1.0, 0.9999728211891847, -0.007372712048001118, 0.0, 0.007372712048001118,
  0.9999728211891847, 0.0]
- [0.0, 0.0, 1.0, 0.9997115052906907, -0.024018871526809187, 0.0, 0.024018871526809187,
  0.9997115052906907, 0.0]
- [0.0, 0.0, 1.0, 0.9995613393119106, -0.029616362926255912, 0.0, 0.029616362926255912,
  0.9995613393119106, 0.0]
- [0.0, 0.0, 1.0, 0.9979078660181638, -0.06465207606159487, 0.0, 0.06465207606159487,
  0.9979078660181638, 0.0]
- [0.0, 0.0, 1.0, 0.9977733524767973, -0.06669585509769525, 0.0, 0.06669585509769525,
  0.9977733524767973, 0.0]
