nodes:
- [4.51280119 0.06330618 0.00000000]
- [4.45607191 0.07440343 0.00000000]
- [4.39175770 0.09035996 0.00000000]
- [4.32741393 0.10618755 0.00000000]
- [4.26304031 0.12193623 0.00000000]
- [4.19864659 0.13765386 0.00000000]
- [4.13424745 0.15340594 0.00000000]
- [4.06986711 0.16924967 0.00000000]
- [4.00548920 0.18516115 0.00000000]
- [3.94116450 0.20129241 0.00000000]
- [3.87687428 0.21749788 0.00000000]
- [3.81260114 0.23378091 0.00000000]
- [3.74836046 0.25016274 0.00000000]
- [3.68176376 0.25732494 0.00000000]
- [3.61546793 0.26449202 0.00000000]
- [3.55157528 0.28096468 0.00000000]
- [3.48768146 0.29742924 0.00000000]
- [3.42380743 0.31397141 0.00000000]
- [3.35994498 0.33050326 0.00000000]
- [3.29608981 0.34705884 0.00000000]
- [3.23224949 0.36359870 0.00000000]
- [3.16839021 0.38009333 0.00000000]
- [3.10453244 0.39660475 0.00000000]
- [3.04067553 0.41307716 0.00000000]
- [2.97680882 0.42952543 0.00000000]
- [2.91293412 0.44595137 0.00000000]
- [2.84908173 0.46235388 0.00000000]
- [2.78519371 0.47862775 0.00000000]
- [2.72128232 0.49490077 0.00000000]
- [2.65739556 0.51112252 0.00000000]
- [2.59348555 0.52719267 0.00000000]
- [2.52952467 0.54317054 0.00000000]
- [2.46554929 0.55910551 0.00000000]
- [2.40158728 0.57494738 0.00000000]
- [2.33757976 0.59060806 0.00000000]
- [2.27352284 0.60619471 0.00000000]
- [2.20947403 0.62171257 0.00000000]
- [2.14541483 0.63704764 0.00000000]
- [2.08128255 0.65219925 0.00000000]
- [2.01711103 0.66729243 0.00000000]
- [1.95345635 0.68216613 0.00000000]
- [1.88973890 0.69674531 0.00000000]
- [1.82594784 0.71122270 0.00000000]
- [1.76213188 0.72559680 0.00000000]
- [1.69837372 0.73984571 0.00000000]
- [1.63451586 0.75366731 0.00000000]
- [1.57056055 0.76742042 0.00000000]
- [1.50661493 0.78105082 0.00000000]
- [1.44269575 0.79444361 0.00000000]
- [1.37866400 0.80743651 0.00000000]
- [1.31454135 0.82033427 0.00000000]
- [1.25048011 0.83308185 0.00000000]
- [1.18637498 0.84536190 0.00000000]
- [1.12213981 0.85734241 0.00000000]
- [1.05784519 0.86914866 0.00000000]
- [0.99364494 0.88072216 0.00000000]
- [0.92933627 0.89158912 0.00000000]
- [0.86487295 0.90220773 0.00000000]
- [0.80039025 0.91255316 0.00000000]
- [0.73598107 0.92251454 0.00000000]
- [0.67143007 0.93169545 0.00000000]
- [0.60670071 0.94062802 0.00000000]
- [0.54208903 0.94931388 0.00000000]
- [0.47745981 0.95713007 0.00000000]
- [0.41262030 0.96437438 0.00000000]
- [0.34772030 0.97132127 0.00000000]
- [0.28298784 0.97776675 0.00000000]
- [0.21774437 0.97832319 0.00000000]
- [0.16852992 0.97730422 0.00000000]
- [0.11976956 0.98082218 0.00000000]
- [0.05397160 0.98491252 0.00000000]
- [-0.01195827 0.98777113 0.00000000]
- [-0.07810443 0.99018768 0.00000000]
- [-0.14392330 0.99197678 0.00000000]
- [-0.20973072 0.99223609 0.00000000]
- [-0.27581523 0.99177278 0.00000000]
- [-0.34158534 0.99064701 0.00000000]
- [-0.40717586 0.98785026 0.00000000]
- [-0.47303478 0.98397997 0.00000000]
- [-0.53859176 0.97944951 0.00000000]
- [-0.60377498 0.97307991 0.00000000]
- [-0.66899004 0.96536958 0.00000000]
- [-0.76201355 0.95723821 0.00000000]
- [-0.82562604 0.95052698 0.00000000]
- [-0.88858266 0.93819470 0.00000000]
- [-0.95080632 0.92437462 0.00000000]
- [-1.01260350 0.90809333 0.00000000]
- [-1.07417504 0.89086454 0.00000000]
- [-1.13479330 0.87144673 0.00000000]
- [-1.19501662 0.84999651 0.00000000]
- [-1.25449865 0.82742545 0.00000000]
- [-1.31270607 0.80188433 0.00000000]
- [-1.37042954 0.77487535 0.00000000]
- [-1.42672467 0.74569197 0.00000000]
- [-1.48187271 0.71401120 0.00000000]
- [-1.53584472 0.68085502 0.00000000]
- [-1.58780906 0.64460854 0.00000000]
- [-1.63859744 0.60691652 0.00000000]
- [-1.68675117 0.56608580 0.00000000]
- [-1.73340248 0.52355885 0.00000000]
- [-1.77712676 0.47813241 0.00000000]
- [-1.81881314 0.43124006 0.00000000]
- [-1.85626727 0.38117663 0.00000000]
- [-1.89102785 0.32906420 0.00000000]
- [-1.93090463 0.27983138 0.00000000]
- [-1.96654001 0.22517369 0.00000000]
- [-1.98748309 0.16375313 0.00000000]
- [-2.00206263 0.10057863 0.00000000]
- [-2.00991470 0.03631672 0.00000000]
- [-2.01037986 -0.02806195 0.00000000]
- [-2.00164783 -0.09194546 0.00000000]
- [-1.98567283 -0.15467769 0.00000000]
- [-1.96306817 -0.21539095 0.00000000]
- [-1.92511316 -0.26858615 0.00000000]
- [-1.88290110 -0.31852514 0.00000000]
- [-1.84484126 -0.37070103 0.00000000]
- [-1.80382910 -0.42101773 0.00000000]
- [-1.75946085 -0.46842752 0.00000000]
- [-1.71240044 -0.51357370 0.00000000]
- [-1.66308824 -0.55637221 0.00000000]
- [-1.61159280 -0.59669455 0.00000000]
- [-1.55827235 -0.63492672 0.00000000]
- [-1.50359850 -0.67100534 0.00000000]
- [-1.44708880 -0.70449736 0.00000000]
- [-1.38965181 -0.73638609 0.00000000]
- [-1.33066910 -0.76556553 0.00000000]
- [-1.27101586 -0.79347462 0.00000000]
- [-1.21024993 -0.81868665 0.00000000]
- [-1.14853954 -0.84247564 0.00000000]
- [-1.08655529 -0.86469319 0.00000000]
- [-1.02352178 -0.88426982 0.00000000]
- [-0.96004162 -0.90298897 0.00000000]
- [-0.89526815 -0.91558548 0.00000000]
- [-0.83801658 -0.92443132 0.00000000]
- [-0.77413137 -0.93832919 0.00000000]
- [-0.71014330 -0.95013067 0.00000000]
- [-0.64544753 -0.96038111 0.00000000]
- [-0.58076272 -0.96990425 0.00000000]
- [-0.51604927 -0.97737737 0.00000000]
- [-0.45074971 -0.98343860 0.00000000]
- [-0.38548769 -0.98883631 0.00000000]
- [-0.32037553 -0.99244721 0.00000000]
- [-0.25483822 -0.99456818 0.00000000]
- [-0.18922506 -0.99604268 0.00000000]
- [-0.12395851 -0.99619069 0.00000000]
- [-0.05847766 -0.99455089 0.00000000]
- [0.00983494 -0.99221898 0.00000000]
- [0.07794209 -0.99303674 0.00000000]
- [0.14319415 -0.99205344 0.00000000]
- [0.20848327 -0.98631860 0.00000000]
- [0.27341406 -0.98007069 0.00000000]
- [0.33803914 -0.97200771 0.00000000]
- [0.40287401 -0.96295819 0.00000000]
- [0.46766245 -0.95340404 0.00000000]
- [0.53200125 -0.94305984 0.00000000]
- [0.59613561 -0.93094395 0.00000000]
- [0.66048925 -0.91832733 0.00000000]
- [0.72451744 -0.90521533 0.00000000]
- [0.78813875 -0.89082680 0.00000000]
- [0.85173426 -0.87536783 0.00000000]
- [0.91534427 -0.85941557 0.00000000]
- [0.97859375 -0.84301624 0.00000000]
- [1.04143329 -0.82525398 0.00000000]
- [1.10433968 -0.80676711 0.00000000]
- [1.16717698 -0.78791068 0.00000000]
- [1.22966237 -0.76861443 0.00000000]
- [1.29180790 -0.74816957 0.00000000]
- [1.35404039 -0.72724448 0.00000000]
- [1.41615601 -0.70607627 0.00000000]
- [1.47793982 -0.68443048 0.00000000]
- [1.53949502 -0.66191822 0.00000000]
- [1.60111307 -0.63911008 0.00000000]
- [1.66260576 -0.61607989 0.00000000]
- [1.72389065 -0.59268316 0.00000000]
- [1.78504679 -0.56879136 0.00000000]
- [1.84622215 -0.54469222 0.00000000]
- [1.90735275 -0.52046550 0.00000000]
- [1.96815153 -0.49619322 0.00000000]
- [2.02892324 -0.47177028 0.00000000]
- [2.08970857 -0.44729649 0.00000000]
- [2.15053242 -0.42278107 0.00000000]
- [2.21144762 -0.39840367 0.00000000]
- [2.27238477 -0.37413457 0.00000000]
- [2.33336186 -0.34993910 0.00000000]
- [2.39451202 -0.32583511 0.00000000]
- [2.45590827 -0.30226998 0.00000000]
- [2.51732427 -0.27900317 0.00000000]
- [2.57887857 -0.25594034 0.00000000]
- [2.64078108 -0.23329909 0.00000000]
- [2.70297669 -0.21157649 0.00000000]
- [2.76515403 -0.19026379 0.00000000]
- [2.82761694 -0.16923298 0.00000000]
- [2.89054849 -0.14920668 0.00000000]
- [2.95360904 -0.13008731 0.00000000]
- [3.01679764 -0.11145491 0.00000000]
- [3.08050347 -0.09354772 0.00000000]
- [3.14459828 -0.07730807 0.00000000]
- [3.20856087 -0.06172022 0.00000000]
- [3.27301490 -0.04660205 0.00000000]
- [3.33794567 -0.03350575 0.00000000]
- [3.40269354 -0.02117095 0.00000000]
- [3.46785457 -0.00954631 0.00000000]
- [3.53336786 0.00028221 0.00000000]
- [3.59880462 0.00908849 0.00000000]
- [3.66565015 0.00751931 0.00000000]
- [3.73300319 0.00369618 0.00000000]
- [3.79938672 0.00841185 0.00000000]
- [3.86595543 0.01150866 0.00000000]
- [3.93253227 0.01274252 0.00000000]
- [3.99915915 0.01291631 0.00000000]
- [4.06575344 0.01083708 0.00000000]
- [4.13229913 0.00770454 0.00000000]
- [4.19875819 0.00240946 0.00000000]
- [4.26509740 -0.00445650 0.00000000]
- [4.33122013 -0.01368890 0.00000000]
- [4.39698017 -0.02521656 0.00000000]
- [4.46220835 -0.03897876 0.00000000]
- [4.51511251 -0.05673887 0.00000000]
- [1.91345044 -0.45447895 0.00000000]
- [1.91954812 -0.38849240 0.00000000]
- [1.92564580 -0.32250585 0.00000000]
- [1.93174348 -0.25651930 0.00000000]
- [1.93784116 -0.19053275 0.00000000]
- [1.94393884 -0.12454619 0.00000000]
- [1.95003653 -0.05855964 0.00000000]
- [1.95613421 0.00742691 0.00000000]
- [1.96223189 0.07341346 0.00000000]
- [1.96832957 0.13940001 0.00000000]
- [1.97442725 0.20538657 0.00000000]
- [1.98052494 0.27137312 0.00000000]
- [1.98662262 0.33735967 0.00000000]
- [1.99272030 0.40334622 0.00000000]
- [1.99881798 0.46933277 0.00000000]
- [2.00491566 0.53531932 0.00000000]
- [2.01101334 0.60130588 0.00000000]
- [-0.83218808 -0.85926577 0.00000000]
- [-0.82635958 -0.79410023 0.00000000]
- [-0.82053107 -0.72893468 0.00000000]
- [-0.81470257 -0.66376913 0.00000000]
- [-0.80887407 -0.59860358 0.00000000]
- [-0.80304557 -0.53343803 0.00000000]
- [-0.79721707 -0.46827248 0.00000000]
- [-0.79138857 -0.40310693 0.00000000]
- [-0.78556007 -0.33794139 0.00000000]
- [-0.77973157 -0.27277584 0.00000000]
- [-0.77390306 -0.20761029 0.00000000]
- [-0.76807456 -0.14244474 0.00000000]
- [-0.76224606 -0.07727919 0.00000000]
- [-0.75641756 -0.01211364 0.00000000]
- [-0.75058906 0.05305190 0.00000000]
- [-0.74476056 0.11821745 0.00000000]
- [-0.73893206 0.18338300 0.00000000]
- [-0.73310356 0.24854855 0.00000000]
- [-0.72727505 0.31371410 0.00000000]
- [-0.72144655 0.37887965 0.00000000]
- [-0.71561805 0.44404520 0.00000000]
- [-0.70978955 0.50921074 0.00000000]
- [-0.70396105 0.57437629 0.00000000]
- [-0.69813255 0.63954184 0.00000000]
- [-0.69230405 0.70470739 0.00000000]
- [-0.68647555 0.76987294 0.00000000]
- [-0.68064704 0.83503849 0.00000000]
- [-0.67481854 0.90020404 0.00000000]
- [-0.05253608 -0.92870512 0.00000000]
- [-0.04659451 -0.86285935 0.00000000]
- [-0.04065294 -0.79701358 0.00000000]
- [-0.03471136 -0.73116781 0.00000000]
- [-0.02876979 -0.66532204 0.00000000]
- [-0.02282821 -0.59947628 0.00000000]
- [-0.01688664 -0.53363051 0.00000000]
- [-0.01094507 -0.46778474 0.00000000]
- [-0.00500349 -0.40193897 0.00000000]
- [0.00093808 -0.33609320 0.00000000]
- [0.00687966 -0.27024743 0.00000000]
- [0.01282123 -0.20440166 0.00000000]
- [0.01876280 -0.13855589 0.00000000]
- [0.02470438 -0.07271013 0.00000000]
- [0.03064595 -0.00686436 0.00000000]
- [0.03658753 0.05898141 0.00000000]
- [0.04252910 0.12482718 0.00000000]
- [0.04847067 0.19067295 0.00000000]
- [0.05441225 0.25651872 0.00000000]
- [0.06035382 0.32236449 0.00000000]
- [0.06629540 0.38821026 0.00000000]
- [0.07223697 0.45405603 0.00000000]
- [0.07817854 0.51990179 0.00000000]
- [0.08412012 0.58574756 0.00000000]
- [0.09006169 0.65159333 0.00000000]
- [0.09600327 0.71743910 0.00000000]
- [0.10194484 0.78328487 0.00000000]
- [0.10788641 0.84913064 0.00000000]
- [0.11382799 0.91497641 0.00000000]
elements:
- [1 2]
- [2 3]
- [3 4]
- [4 5]
- [5 6]
- [6 7]
- [7 8]
- [8 9]
- [9 10]
- [10 11]
- [11 12]
- [12 13]
- [13 14]
- [14 15]
- [15 16]
- [16 17]
- [17 18]
- [18 19]
- [19 20]
- [20 21]
- [21 22]
- [22 23]
- [23 24]
- [24 25]
- [25 26]
- [26 27]
- [27 28]
- [28 29]
- [29 30]
- [30 31]
- [31 32]
- [32 33]
- [33 34]
- [34 35]
- [35 36]
- [36 37]
- [37 38]
- [38 39]
- [39 40]
- [40 41]
- [41 42]
- [42 43]
- [43 44]
- [44 45]
- [45 46]
- [46 47]
- [47 48]
- [48 49]
- [49 50]
- [50 51]
- [51 52]
- [52 53]
- [53 54]
- [54 55]
- [55 56]
- [56 57]
- [57 58]
- [58 59]
- [59 60]
- [60 61]
- [61 62]
- [62 63]
- [63 64]
- [64 65]
- [65 66]
- [66 67]
- [67 68]
- [68 69]
- [69 70]
- [70 71]
- [71 72]
- [72 73]
- [73 74]
- [74 75]
- [75 76]
- [76 77]
- [77 78]
- [78 79]
- [79 80]
- [80 81]
- [81 82]
- [82 83]
- [83 84]
- [84 85]
- [85 86]
- [86 87]
- [87 88]
- [88 89]
- [89 90]
- [90 91]
- [91 92]
- [92 93]
- [93 94]
- [94 95]
- [95 96]
- [96 97]
- [97 98]
- [98 99]
- [99 100]
- [100 101]
- [101 102]
- [102 103]
- [103 104]
- [104 105]
- [105 106]
- [106 107]
- [107 108]
- [108 109]
- [109 110]
- [110 111]
- [111 112]
- [112 113]
- [113 114]
- [114 115]
- [115 116]
- [116 117]
- [117 118]
- [118 119]
- [119 120]
- [120 121]
- [121 122]
- [122 123]
- [123 124]
- [124 125]
- [125 126]
- [126 127]
- [127 128]
- [128 129]
- [129 130]
- [130 131]
- [131 132]
- [132 133]
- [133 134]
- [134 135]
- [135 136]
- [136 137]
- [137 138]
- [138 139]
- [139 140]
- [140 141]
- [141 142]
- [142 143]
- [143 144]
- [144 145]
- [145 146]
- [146 147]
- [147 148]
- [148 149]
- [149 150]
- [150 151]
- [151 152]
- [152 153]
- [153 154]
- [154 155]
- [155 156]
- [156 157]
- [157 158]
- [158 159]
- [159 160]
- [160 161]
- [161 162]
- [162 163]
- [163 164]
- [164 165]
- [165 166]
- [166 167]
- [167 168]
- [168 169]
- [169 170]
- [170 171]
- [171 172]
- [172 173]
- [173 174]
- [174 175]
- [175 176]
- [176 177]
- [177 178]
- [178 179]
- [179 180]
- [180 181]
- [181 182]
- [182 183]
- [183 184]
- [184 185]
- [185 186]
- [186 187]
- [187 188]
- [188 189]
- [189 190]
- [190 191]
- [191 192]
- [192 193]
- [193 194]
- [194 195]
- [195 196]
- [196 197]
- [197 198]
- [198 199]
- [199 200]
- [200 201]
- [201 202]
- [202 203]
- [203 204]
- [204 205]
- [205 206]
- [206 207]
- [207 208]
- [208 209]
- [209 210]
- [210 211]
- [211 212]
- [212 213]
- [213 214]
- [214 215]
- [215 216]
- [216 217]
- [217 218]
- [218 1]
- [177 219]
- [219 220]
- [220 221]
- [221 222]
- [222 223]
- [223 224]
- [224 225]
- [225 226]
- [226 227]
- [227 228]
- [228 229]
- [229 230]
- [230 231]
- [231 232]
- [232 233]
- [233 234]
- [234 235]
- [235 40]
- [134 236]
- [236 237]
- [237 238]
- [238 239]
- [239 240]
- [240 241]
- [241 242]
- [242 243]
- [243 244]
- [244 245]
- [245 246]
- [246 247]
- [247 248]
- [248 249]
- [249 250]
- [250 251]
- [251 252]
- [252 253]
- [253 254]
- [254 255]
- [255 256]
- [256 257]
- [257 258]
- [258 259]
- [259 260]
- [260 261]
- [261 262]
- [262 263]
- [263 82]
- [146 264]
- [264 265]
- [265 266]
- [266 267]
- [267 268]
- [268 269]
- [269 270]
- [270 271]
- [271 272]
- [272 273]
- [273 274]
- [274 275]
- [275 276]
- [276 277]
- [277 278]
- [278 279]
- [279 280]
- [280 281]
- [281 282]
- [282 283]
- [283 284]
- [284 285]
- [285 286]
- [286 287]
- [287 288]
- [288 289]
- [289 290]
- [290 291]
- [291 292]
- [292 70]
sets:
  element:
  - name: layup_0
    labels:
    - 1
    - 2
    - 3
    - 4
    - 5
    - 6
    - 7
    - 8
    - 9
    - 10
    - 11
    - 12
    - 13
    - 205
    - 206
    - 207
    - 208
    - 209
    - 210
    - 211
    - 212
    - 213
    - 214
    - 215
    - 216
    - 217
    - 218
  - name: layup_1
    labels:
    - 14
    - 15
    - 16
    - 17
    - 18
    - 19
    - 20
    - 21
    - 22
    - 23
    - 24
    - 25
    - 26
    - 27
    - 28
    - 29
    - 30
    - 31
    - 32
    - 33
    - 34
    - 35
    - 36
    - 37
    - 38
    - 39
    - 40
    - 41
    - 42
    - 43
    - 44
    - 45
    - 46
    - 47
    - 48
    - 49
    - 50
    - 51
    - 52
    - 53
    - 54
    - 55
    - 56
    - 57
    - 58
    - 59
    - 60
    - 61
    - 62
    - 63
    - 64
    - 65
    - 66
    - 67
    - 83
    - 84
    - 85
    - 86
    - 87
    - 88
    - 89
    - 90
    - 91
    - 92
    - 93
    - 94
    - 95
    - 96
    - 97
    - 98
    - 99
    - 100
    - 101
    - 102
    - 103
    - 104
    - 114
    - 115
    - 116
    - 117
    - 118
    - 119
    - 120
    - 121
    - 122
    - 123
    - 124
    - 125
    - 126
    - 127
    - 128
    - 129
    - 130
    - 131
    - 132
    - 148
    - 149
    - 150
    - 151
    - 152
    - 153
    - 154
    - 155
    - 156
    - 157
    - 158
    - 159
    - 160
    - 161
    - 162
    - 163
    - 164
    - 165
    - 166
    - 167
    - 168
    - 169
    - 170
    - 171
    - 172
    - 173
    - 174
    - 175
    - 176
    - 177
    - 178
    - 179
    - 180
    - 181
    - 182
    - 183
    - 184
    - 185
    - 186
    - 187
    - 188
    - 189
    - 190
    - 191
    - 192
    - 193
    - 194
    - 195
    - 196
    - 197
    - 198
    - 199
    - 200
    - 201
    - 202
    - 203
    - 204
  - name: layup_2
    labels:
    - 68
    - 69
    - 70
    - 71
    - 72
    - 73
    - 74
    - 75
    - 76
    - 77
    - 78
    - 79
    - 80
    - 81
    - 82
  - name: layup_3
    labels:
    - 105
    - 106
    - 107
    - 108
    - 109
    - 110
    - 111
    - 112
    - 113
  - name: layup_4
    labels:
    - 133
    - 134
    - 135
    - 136
    - 137
    - 138
    - 139
    - 140
    - 141
    - 142
    - 143
    - 144
    - 145
    - 146
    - 147
  - name: layup_5
    labels:
    - 219
    - 220
    - 221
    - 222
    - 223
    - 224
    - 225
    - 226
    - 227
    - 228
    - 229
    - 230
    - 231
    - 232
    - 233
    - 234
    - 235
    - 236
    - 237
    - 238
    - 239
    - 240
    - 241
    - 242
    - 243
    - 244
    - 245
    - 246
    - 247
    - 248
    - 249
    - 250
    - 251
    - 252
    - 253
    - 254
    - 255
    - 256
    - 257
    - 258
    - 259
    - 260
    - 261
    - 262
    - 263
    - 264
    - 265
    - 266
    - 267
    - 268
    - 269
    - 270
    - 271
    - 272
    - 273
    - 274
    - 275
    - 276
    - 277
    - 278
    - 279
    - 280
    - 281
    - 282
    - 283
    - 284
    - 285
    - 286
    - 287
    - 288
    - 289
    - 290
    - 291
    - 292
    - 293
    - 294
    - 295
sections:
- type: shell
  elementSet: layup_0
  layup:
  - - gelcoat
    - 0.0005
    - 0.0
  - - glass_triax
    - 0.003
    - 0.0
  - - glass_uniax
    - 0.02126627
    - 0.0
  - - glass_triax
    - 0.003
    - 0.0
- type: shell
  elementSet: layup_1
  layup:
  - - gelcoat
    - 0.0005
    - 0.0
  - - glass_triax
    - 0.003
    - 0.0
  - - medium_density_foam
    - 0.059375
    - 0.0
  - - glass_triax
    - 0.003
    - 0.0
- type: shell
  elementSet: layup_2
  layup:
  - - gelcoat
    - 0.0005
    - 0.0
  - - glass_triax
    - 0.003
    - 0.0
  - - carbon_uniax
    - 0.07837559
    - 0.0
  - - glass_triax
    - 0.003
    - 0.0
- type: shell
  elementSet: layup_3
  layup:
  - - gelcoat
    - 0.0005
    - 0.0
  - - glass_triax
    - 0.003
    - 0.0
  - - glass_uniax
    - 0.01735799
    - 0.0
  - - glass_triax
    - 0.003
    - 0.0
- type: shell
  elementSet: layup_4
  layup:
  - - gelcoat
    - 0.0005
    - 0.0
  - - glass_triax
    - 0.003
    - 0.0
  - - carbon_uniax
    - 0.07589202
    - 0.0
  - - glass_triax
    - 0.003
    - 0.0
- type: shell
  elementSet: layup_5
  layup:
  - - glass_biax
    - 0.002
    - 0.0
  - - medium_density_foam
    - 0.0372
    - 0.0
  - - glass_biax
    - 0.002
    - 0.0
elementOrientations:
- [0.0, 0.0, 1.0, -0.9813990163155283, 0.19197908942099265, 0.0, -0.19197908942099265,
  -0.9813990163155283, 0.0]
- [0.0, 0.0, 1.0, -0.9705742582953668, 0.2408020123138478, 0.0, -0.2408020123138478,
  -0.9705742582953668, 0.0]
- [0.0, 0.0, 1.0, -0.9710529724094538, 0.23886423921291491, 0.0, -0.23886423921291491,
  -0.9710529724094538, 0.0]
- [0.0, 0.0, 1.0, -0.9713540430869624, 0.23763695625599043, 0.0, -0.23763695625599043,
  -0.9713540430869624, 0.0]
- [0.0, 0.0, 1.0, -0.9714791868247598, 0.23712483962314831, 0.0, -0.23712483962314831,
  -0.9714791868247598, 0.0]
- [0.0, 0.0, 1.0, -0.9713639652325083, 0.2375963952752197, 0.0, -0.2375963952752197,
  -0.9713639652325083, 0.0]
- [0.0, 0.0, 1.0, -0.9710279790026218, 0.23896582181158088, 0.0, -0.23896582181158088,
  -0.9710279790026218, 0.0]
- [0.0, 0.0, 1.0, -0.9707883052186272, 0.23993763033493845, 0.0, -0.23993763033493845,
  -0.9707883052186272, 0.0]
- [0.0, 0.0, 1.0, -0.9699645575050307, 0.24324628914758398, 0.0, -0.24324628914758398,
  -0.9699645575050307, 0.0]
- [0.0, 0.0, 1.0, -0.9696689669660582, 0.2444219599442269, 0.0, -0.2444219599442269,
  -0.9696689669660582, 0.0]
- [0.0, 0.0, 1.0, -0.9693756354532308, 0.245582730234935, 0.0, -0.245582730234935,
  -0.9693756354532308, 0.0]
- [0.0, 0.0, 1.0, -0.9689901445491382, 0.24709937225059903, 0.0, -0.24709937225059903,
  -0.9689901445491382, 0.0]
- [0.0, 0.0, 1.0, -0.9942666359007591, 0.10692921366299886, 0.0, -0.10692921366299886,
  -0.9942666359007591, 0.0]
- [0.0, 0.0, 1.0, -0.9942070912467614, 0.10748143893088527, 0.0, -0.10748143893088527,
  -0.9942070912467614, 0.0]
- [0.0, 0.0, 1.0, -0.9683351174428608, 0.24965396116809524, 0.0, -0.24965396116809524,
  -0.9683351174428608, 0.0]
- [0.0, 0.0, 1.0, -0.9683658866575369, 0.24953458589534755, 0.0, -0.24953458589534755,
  -0.9683658866575369, 0.0]
- [0.0, 0.0, 1.0, -0.9680622902612162, 0.2507097967256341, 0.0, -0.2507097967256341,
  -0.9680622902612162, 0.0]
- [0.0, 0.0, 1.0, -0.9680891746351572, 0.2506059655200175, 0.0, -0.2506059655200175,
  -0.9680891746351572, 0.0]
- [0.0, 0.0, 1.0, -0.9679949447021393, 0.250969693451425, 0.0, -0.250969693451425,
  -0.9679949447021393, 0.0]
- [0.0, 0.0, 1.0, -0.9680386095363079, 0.2508012169966723, 0.0, -0.2508012169966723,
  -0.9680386095363079, 0.0]
- [0.0, 0.0, 1.0, -0.9682229553238525, 0.2500886018673079, 0.0, -0.2500886018673079,
  -0.9682229553238525, 0.0]
- [0.0, 0.0, 1.0, -0.9681598667600984, 0.2503327233804413, 0.0, -0.2503327233804413,
  -0.9681598667600984, 0.0]
- [0.0, 0.0, 1.0, -0.9683022427854515, 0.249781437694366, 0.0, -0.249781437694366,
  -0.9683022427854515, 0.0]
- [0.0, 0.0, 1.0, -0.9683999577079194, 0.24940232940231333, 0.0, -0.24940232940231333,
  -0.9683999577079194, 0.0]
- [0.0, 0.0, 1.0, -0.9684892255710531, 0.24905545557723036, 0.0, -0.24905545557723036,
  -0.9684892255710531, 0.0]
- [0.0, 0.0, 1.0, -0.9685538855401145, 0.2488038802051669, 0.0, -0.2488038802051669,
  -0.9685538855401145, 0.0]
- [0.0, 0.0, 1.0, -0.96905560858553, 0.24684251552139064, 0.0, -0.24684251552139064,
  -0.96905560858553, 0.0]
- [0.0, 0.0, 1.0, -0.9690802580532754, 0.24674572630827377, 0.0, -0.24674572630827377,
  -0.9690802580532754, 0.0]
- [0.0, 0.0, 1.0, -0.9692432959392601, 0.2461045169776448, 0.0, -0.2461045169776448,
  -0.9692432959392601, 0.0]
- [0.0, 0.0, 1.0, -0.9698107712766921, 0.24385870481839964, 0.0, -0.24385870481839964,
  -0.9698107712766921, 0.0]
- [0.0, 0.0, 1.0, -0.9701865827785043, 0.2423592263491707, 0.0, -0.2423592263491707,
  -0.9701865827785043, 0.0]
- [0.0, 0.0, 1.0, -0.9703522225510657, 0.24169518859548483, 0.0, -0.24169518859548483,
  -0.9703522225510657, 0.0]
- [0.0, 0.0, 1.0, -0.97067092085319, 0.2404120700173353, 0.0, -0.2404120700173353,
  -0.97067092085319, 0.0]
- [0.0, 0.0, 1.0, -0.9713485937095528, 0.2376592297775832, 0.0, -0.2376592297775832,
  -0.9713485937095528, 0.0]
- [0.0, 0.0, 1.0, -0.9716493681675409, 0.2364265326472868, 0.0, -0.2364265326472868,
  -0.9716493681675409, 0.0]
- [0.0, 0.0, 1.0, -0.9718817806746265, 0.23546932792344175, 0.0, -0.23546932792344175,
  -0.9718817806746265, 0.0]
- [0.0, 0.0, 1.0, -0.9725219913003892, 0.2328110316053036, 0.0, -0.2328110316053036,
  -0.9725219913003892, 0.0]
- [0.0, 0.0, 1.0, -0.9732081510900236, 0.2299258459850436, 0.0, -0.2299258459850436,
  -0.9732081510900236, 0.0]
- [0.0, 0.0, 1.0, -0.9734374576074445, 0.22895308717454552, 0.0, -0.22895308717454552,
  -0.9734374576074445, 0.0]
- [0.0, 0.0, 1.0, -0.9737702634507521, 0.22753345692238935, 0.0, -0.22753345692238935,
  -0.9737702634507521, 0.0]
- [0.0, 0.0, 1.0, -0.9748079801067232, 0.22304573952499138, 0.0, -0.22304573952499138,
  -0.9748079801067232, 0.0]
- [0.0, 0.0, 1.0, -0.9752008059071385, 0.22132191070489937, 0.0, -0.22132191070489937,
  -0.9752008059071385, 0.0]
- [0.0, 0.0, 1.0, -0.9755589712095372, 0.21973778394393, 0.0, -0.21973778394393, -0.9755589712095372,
  0.0]
- [0.0, 0.0, 1.0, -0.9759256486457275, 0.21810348075034489, 0.0, -0.21810348075034489,
  -0.9759256486457275, 0.0]
- [0.0, 0.0, 1.0, -0.9773683170400322, 0.21154473013132452, 0.0, -0.21154473013132452,
  -0.9773683170400322, 0.0]
- [0.0, 0.0, 1.0, -0.9776505717270848, 0.21023643737873807, 0.0, -0.21023643737873807,
  -0.9776505717270848, 0.0]
- [0.0, 0.0, 1.0, -0.9780281680892712, 0.20847278581134832, 0.0, -0.20847278581134832,
  -0.9780281680892712, 0.0]
- [0.0, 0.0, 1.0, -0.9787465224728238, 0.2050737544088809, 0.0, -0.2050737544088809,
  -0.9787465224728238, 0.0]
- [0.0, 0.0, 1.0, -0.9800277670471569, 0.1988606944988471, 0.0, -0.1988606944988471,
  -0.9800277670471569, 0.0]
- [0.0, 0.0, 1.0, -0.9803647636296702, 0.19719262215747574, 0.0, -0.19719262215747574,
  -0.9803647636296702, 0.0]
- [0.0, 0.0, 1.0, -0.9807706280280446, 0.19516397002898647, 0.0, -0.19516397002898647,
  -0.9807706280280446, 0.0]
- [0.0, 0.0, 1.0, -0.9821421555352984, 0.18814033677145825, 0.0, -0.18814033677145825,
  -0.9821421555352984, 0.0]
- [0.0, 0.0, 1.0, -0.9830480015745238, 0.18334837495962483, 0.0, -0.18334837495962483,
  -0.9830480015745238, 0.0]
- [0.0, 0.0, 1.0, -0.9835552151115223, 0.18060769315543285, 0.0, -0.18060769315543285,
  -0.9835552151115223, 0.0]
- [0.0, 0.0, 1.0, -0.9841366536511245, 0.17741208228406166, 0.0, -0.17741208228406166,
  -0.9841366536511245, 0.0]
- [0.0, 0.0, 1.0, -0.9860213331544017, 0.16661911824402426, 0.0, -0.16661911824402426,
  -0.9860213331544017, 0.0]
- [0.0, 0.0, 1.0, -0.9867031094653946, 0.1625329928701291, 0.0, -0.1625329928701291,
  -0.9867031094653946, 0.0]
- [0.0, 0.0, 1.0, -0.9873731824561217, 0.15841148495759386, 0.0, -0.15841148495759386,
  -0.9873731824561217, 0.0]
- [0.0, 0.0, 1.0, -0.9882508491515759, 0.15284063318106614, 0.0, -0.15284063318106614,
  -0.9882508491515759, 0.0]
- [0.0, 0.0, 1.0, -0.9900366144214837, 0.140810163357786, 0.0, -0.140810163357786,
  -0.9900366144214837, 0.0]
- [0.0, 0.0, 1.0, -0.9906120491302557, 0.1367032118055606, 0.0, -0.1367032118055606,
  -0.9906120491302557, 0.0]
- [0.0, 0.0, 1.0, -0.9910846985094341, 0.13323333059135117, 0.0, -0.13323333059135117,
  -0.9910846985094341, 0.0]
- [0.0, 0.0, 1.0, -0.9927661545328972, 0.12006399299525135, 0.0, -0.12006399299525135,
  -0.9927661545328972, 0.0]
- [0.0, 0.0, 1.0, -0.993816389766242, 0.11103595558193245, 0.0, -0.11103595558193245,
  -0.993816389766242, 0.0]
- [0.0, 0.0, 1.0, -0.9943199862674407, 0.10643197315241479, 0.0, -0.10643197315241479,
  -0.9943199862674407, 0.0]
- [0.0, 0.0, 1.0, -0.9950793626617247, 0.09908108802761241, 0.0, -0.09908108802761241,
  -0.9950793626617247, 0.0]
- [0.0, 0.0, 1.0, -0.9999636327733522, 0.008528372102616985, 0.0, -0.008528372102616985,
  -0.9999636327733522, 0.0]
- [0.0, 0.0, 1.0, -0.9997857281128517, -0.020700189899008226, 0.0, 0.020700189899008226,
  -0.9997857281128517, 0.0]
- [0.0, 0.0, 1.0, -0.9974074648896805, 0.07196074612134554, 0.0, -0.07196074612134554,
  -0.9974074648896805, 0.0]
- [0.0, 0.0, 1.0, -0.998073326366633, 0.062045428481431464, 0.0, -0.062045428481431464,
  -0.998073326366633, 0.0]
- [0.0, 0.0, 1.0, -0.9990613523173973, 0.04331759810669722, 0.0, -0.04331759810669722,
  -0.9990613523173973, 0.0]
- [0.0, 0.0, 1.0, -0.9993333171724534, 0.03650919321349442, 0.0, -0.03650919321349442,
  -0.9993333171724534, 0.0]
- [0.0, 0.0, 1.0, -0.9996307703710566, 0.027172098324715687, 0.0, -0.027172098324715687,
  -0.9996307703710566, 0.0]
- [0.0, 0.0, 1.0, -0.9999922364640219, 0.0039404329310102045, 0.0, -0.0039404329310102045,
  -0.9999922364640219, 0.0]
- [0.0, 0.0, 1.0, -0.9999754249950397, -0.007010663733910614, 0.0, 0.007010663733910614,
  -0.9999754249950397, 0.0]
- [0.0, 0.0, 1.0, -0.9998535388929533, -0.017114343786350617, 0.0, 0.017114343786350617,
  -0.9998535388929533, 0.0]
- [0.0, 0.0, 1.0, -0.9990921736961544, -0.04260080350290956, 0.0, 0.04260080350290956,
  -0.9990921736961544, 0.0]
- [0.0, 0.0, 1.0, -0.9982777161657421, -0.058665163486605255, 0.0, 0.058665163486605255,
  -0.9982777161657421, 0.0]
- [0.0, 0.0, 1.0, -0.9976206177336729, -0.06894275214034236, 0.0, 0.06894275214034236,
  -0.9976206177336729, 0.0]
- [0.0, 0.0, 1.0, -0.9952594815444189, -0.0972551509994946, 0.0, 0.0972551509994946,
  -0.9952594815444189, 0.0]
- [0.0, 0.0, 1.0, -0.9930833534759937, -0.11741146898354723, 0.0, 0.11741146898354723,
  -0.9930833534759937, 0.0]
- [0.0, 0.0, 1.0, -0.9962013183384538, -0.08708003985257838, 0.0, 0.08708003985257838,
  -0.9962013183384538, 0.0]
- [0.0, 0.0, 1.0, -0.9944807352515375, -0.10491933669996911, 0.0, 0.10491933669996911,
  -0.9944807352515375, 0.0]
- [0.0, 0.0, 1.0, -0.9813494942612687, -0.19223207358074199, 0.0, 0.19223207358074199,
  -0.9813494942612687, 0.0]
- [0.0, 0.0, 1.0, -0.9762116418881, -0.21681981053893604, 0.0, 0.21681981053893604,
  -0.9762116418881, 0.0]
- [0.0, 0.0, 1.0, -0.9670018054525262, -0.25476951986365015, 0.0, 0.25476951986365015,
  -0.9670018054525262, 0.0]
- [0.0, 0.0, 1.0, -0.9630096749442489, -0.26946681792712773, 0.0, 0.26946681792712773,
  -0.9630096749442489, 0.0]
- [0.0, 0.0, 1.0, -0.9523330415151505, -0.30506028590838, 0.0, 0.30506028590838, -0.9523330415151505,
  0.0]
- [0.0, 0.0, 1.0, -0.9420294425259818, -0.3355302213127578, 0.0, 0.3355302213127578,
  -0.9420294425259818, 0.0]
- [0.0, 0.0, 1.0, -0.9349511040875117, -0.35477659585370475, 0.0, 0.35477659585370475,
  -0.9349511040875117, 0.0]
- [0.0, 0.0, 1.0, -0.9157213434038477, -0.4018139136897231, 0.0, 0.4018139136897231,
  -0.9157213434038477, 0.0]
- [0.0, 0.0, 1.0, -0.9057536045724816, -0.42380468119636977, 0.0, 0.42380468119636977,
  -0.9057536045724816, 0.0]
- [0.0, 0.0, 1.0, -0.887797593411205, -0.4602341068774376, 0.0, 0.4602341068774376,
  -0.887797593411205, 0.0]
- [0.0, 0.0, 1.0, -0.8671057013166382, -0.49812418405873565, 0.0, 0.49812418405873565,
  -0.8671057013166382, 0.0]
- [0.0, 0.0, 1.0, -0.8520622668849948, -0.5234404391626655, 0.0, 0.5234404391626655,
  -0.8520622668849948, 0.0]
- [0.0, 0.0, 1.0, -0.8201840497687416, -0.5720997504849535, 0.0, 0.5720997504849535,
  -0.8201840497687416, 0.0]
- [0.0, 0.0, 1.0, -0.8030199601442484, -0.5959521319786764, 0.0, 0.5959521319786764,
  -0.8030199601442484, 0.0]
- [0.0, 0.0, 1.0, -0.7627199598494789, -0.6467288943964151, 0.0, 0.6467288943964151,
  -0.7627199598494789, 0.0]
- [0.0, 0.0, 1.0, -0.7390195351496152, -0.673683996148971, 0.0, 0.673683996148971,
  -0.7390195351496152, 0.0]
- [0.0, 0.0, 1.0, -0.6934794847943868, -0.7204763730819436, 0.0, 0.7204763730819436,
  -0.6934794847943868, 0.0]
- [0.0, 0.0, 1.0, -0.6644021040589076, -0.7473753033932125, 0.0, 0.7473753033932125,
  -0.6644021040589076, 0.0]
- [0.0, 0.0, 1.0, -0.5990430744882632, -0.8007168006902622, 0.0, 0.8007168006902622,
  -0.5990430744882632, 0.0]
- [0.0, 0.0, 1.0, -0.5549097116241795, -0.8319105792963387, 0.0, 0.8319105792963387,
  -0.5549097116241795, 0.0]
- [0.0, 0.0, 1.0, -0.6294045618185314, -0.777077793764577, 0.0, 0.777077793764577,
  -0.6294045618185314, 0.0]
- [0.0, 0.0, 1.0, -0.5461501300793274, -0.8376873136286199, 0.0, 0.8376873136286199,
  -0.5461501300793274, 0.0]
- [0.0, 0.0, 1.0, -0.32273260980835106, -0.9464901809138279, 0.0, 0.9464901809138279,
  -0.32273260980835106, 0.0]
- [0.0, 0.0, 1.0, -0.22487141412874334, -0.9743884477495305, 0.0, 0.9743884477495305,
  -0.22487141412874334, 0.0]
- [0.0, 0.0, 1.0, -0.12128652802722124, -0.9926175386920696, 0.0, 0.9926175386920696,
  -0.12128652802722124, 0.0]
- [0.0, 0.0, 1.0, -0.007225136926984583, -0.9999738983575454, 0.0, 0.9999738983575454,
  -0.007225136926984583, 0.0]
- [0.0, 0.0, 1.0, 0.13542754959006367, -0.9907872520435609, 0.0, 0.9907872520435609,
  0.13542754959006367, 0.0]
- [0.0, 0.0, 1.0, 0.24677788626068212, -0.9690720689673755, 0.0, 0.9690720689673755,
  0.24677788626068212, 0.0]
- [0.0, 0.0, 1.0, 0.34891908205923067, -0.937152855288263, 0.0, 0.937152855288263,
  0.34891908205923067, 0.0]
- [0.0, 0.0, 1.0, 0.5808170328043168, -0.8140341358962713, 0.0, 0.8140341358962713,
  0.5808170328043168, 0.0]
- [0.0, 0.0, 1.0, 0.6455499469725352, -0.7637180539726406, 0.0, 0.7637180539726406,
  0.6455499469725352, 0.0]
- [0.0, 0.0, 1.0, 0.5893230163782917, -0.8078975073403754, 0.0, 0.8078975073403754,
  0.5893230163782917, 0.0]
- [0.0, 0.0, 1.0, 0.6317966792924196, -0.7751341535728326, 0.0, 0.7751341535728326,
  0.6317966792924196, 0.0]
- [0.0, 0.0, 1.0, 0.6832980089873134, -0.7301395968675943, 0.0, 0.7301395968675943,
  0.6832980089873134, 0.0]
- [0.0, 0.0, 1.0, 0.721631002213009, -0.692277904201086, 0.0, 0.692277904201086, 0.721631002213009,
  0.0]
- [0.0, 0.0, 1.0, 0.7552244621835358, -0.6554662552104333, 0.0, 0.6554662552104333,
  0.7552244621835358, 0.0]
- [0.0, 0.0, 1.0, 0.7873450116578925, -0.6165126378408095, 0.0, 0.6165126378408095,
  0.7873450116578925, 0.0]
- [0.0, 0.0, 1.0, 0.8126786051083856, -0.5827121800675601, 0.0, 0.5827121800675601,
  0.8126786051083856, 0.0]
- [0.0, 0.0, 1.0, 0.8346524370718942, -0.5507770050482749, 0.0, 0.5507770050482749,
  0.8346524370718942, 0.0]
- [0.0, 0.0, 1.0, 0.8602594845044301, -0.5098564693324703, 0.0, 0.5098564693324703,
  0.8602594845044301, 0.0]
- [0.0, 0.0, 1.0, 0.8742911280731244, -0.48540191941588334, 0.0, 0.48540191941588334,
  0.8742911280731244, 0.0]
- [0.0, 0.0, 1.0, 0.8963151183315796, -0.44341764584897414, 0.0, 0.44341764584897414,
  0.8963151183315796, 0.0]
- [0.0, 0.0, 1.0, 0.9057700803251058, -0.4237694675030889, 0.0, 0.4237694675030889,
  0.9057700803251058, 0.0]
- [0.0, 0.0, 1.0, 0.9236539000451882, -0.3832277037628067, 0.0, 0.3832277037628067,
  0.9236539000451882, 0.0]
- [0.0, 0.0, 1.0, 0.9330706193293986, -0.3596932294945962, 0.0, 0.3596932294945962,
  0.9330706193293986, 0.0]
- [0.0, 0.0, 1.0, 0.9413549660304854, -0.33741788323937955, 0.0, 0.33741788323937955,
  0.9413549660304854, 0.0]
- [0.0, 0.0, 1.0, 0.9550018773168097, -0.29659975441892916, 0.0, 0.29659975441892916,
  0.9550018773168097, 0.0]
- [0.0, 0.0, 1.0, 0.9591668329003897, -0.2828409211267631, 0.0, 0.2828409211267631,
  0.9591668329003897, 0.0]
- [0.0, 0.0, 1.0, 0.9816106551124419, -0.1908940066364642, 0.0, 0.1908940066364642,
  0.9816106551124419, 0.0]
- [0.0, 0.0, 1.0, 0.988273136488629, -0.15269645606538343, 0.0, 0.15269645606538343,
  0.988273136488629, 0.0]
- [0.0, 0.0, 1.0, 0.9771453043461251, -0.21257246810045416, 0.0, 0.21257246810045416,
  0.9771453043461251, 0.0]
- [0.0, 0.0, 1.0, 0.9834142866164478, -0.1813734844972189, 0.0, 0.1813734844972189,
  0.9834142866164478, 0.0]
- [0.0, 0.0, 1.0, 0.9876797457900756, -0.15648872085889104, 0.0, 0.15648872085889104,
  0.9876797457900756, 0.0]
- [0.0, 0.0, 1.0, 0.9893356339610937, -0.14565371047385184, 0.0, 0.14565371047385184,
  0.9893356339610937, 0.0]
- [0.0, 0.0, 1.0, 0.9933981205032729, -0.1147178023698371, 0.0, 0.1147178023698371,
  0.9933981205032729, 0.0]
- [0.0, 0.0, 1.0, 0.995719692941989, -0.09242452643920383, 0.0, 0.09242452643920383,
  0.995719692941989, 0.0]
- [0.0, 0.0, 1.0, 0.9965971207398828, -0.0824268095523267, 0.0, 0.0824268095523267,
  0.9965971207398828, 0.0]
- [0.0, 0.0, 1.0, 0.9984658188699738, -0.05537154999015981, 0.0, 0.05537154999015981,
  0.9984658188699738, 0.0]
- [0.0, 0.0, 1.0, 0.9994767344266408, -0.03234590143833132, 0.0, 0.03234590143833132,
  0.9994767344266408, 0.0]
- [0.0, 0.0, 1.0, 0.9997475854438618, -0.022466984647889675, 0.0, 0.022466984647889675,
  0.9997475854438618, 0.0]
- [0.0, 0.0, 1.0, 0.9999974288254299, -0.002267673373538709, 0.0, 0.002267673373538709,
  0.9999974288254299, 0.0]
- [0.0, 0.0, 1.0, 0.9996865862898172, 0.02503455995642557, 0.0, -0.02503455995642557,
  0.9996865862898172, 0.0]
- [0.0, 0.0, 1.0, 0.999417877921123, 0.03411605621462226, 0.0, -0.03411605621462226,
  0.999417877921123, 0.0]
- [0.0, 0.0, 1.0, 0.999927923276122, -0.012006175606822234, 0.0, 0.012006175606822234,
  0.999927923276122, 0.0]
- [0.0, 0.0, 1.0, 0.9998864778200416, 0.015067563593071553, 0.0, -0.015067563593071553,
  0.9998864778200416, 0.0]
- [0.0, 0.0, 1.0, 0.9961644534388905, 0.08750075259560199, 0.0, -0.08750075259560199,
  0.9961644534388905, 0.0]
- [0.0, 0.0, 1.0, 0.9954023715979565, 0.09578161941188668, 0.0, -0.09578161941188668,
  0.9954023715979565, 0.0]
- [0.0, 0.0, 1.0, 0.9923064737602215, 0.12380574354025199, 0.0, -0.12380574354025199,
  0.9923064737602215, 0.0]
- [0.0, 0.0, 1.0, 0.9903990732041743, 0.13823775098110033, 0.0, -0.13823775098110033,
  0.9903990732041743, 0.0]
- [0.0, 0.0, 1.0, 0.9893009431393227, 0.145889149369124, 0.0, -0.145889149369124,
  0.9893009431393227, 0.0]
- [0.0, 0.0, 1.0, 0.9873206669953148, 0.15873846579807532, 0.0, -0.15873846579807532,
  0.9873206669953148, 0.0]
- [0.0, 0.0, 1.0, 0.982619560255937, 0.18563081587502875, 0.0, -0.18563081587502875,
  0.982619560255937, 0.0]
- [0.0, 0.0, 1.0, 0.981318757630967, 0.19238891839608502, 0.0, -0.19238891839608502,
  0.981318757630967, 0.0]
- [0.0, 0.0, 1.0, 0.9796688722914886, 0.20062128666500664, 0.0, -0.20062128666500664,
  0.9796688722914886, 0.0]
- [0.0, 0.0, 1.0, 0.9753670739503141, 0.22058801203511152, 0.0, -0.22058801203511152,
  0.9753670739503141, 0.0]
- [0.0, 0.0, 1.0, 0.9717034137505373, 0.23620430924424765, 0.0, -0.23620430924424765,
  0.9717034137505373, 0.0]
- [0.0, 0.0, 1.0, 0.9699637070552521, 0.24324968036080338, 0.0, -0.24324968036080338,
  0.9699637070552521, 0.0]
- [0.0, 0.0, 1.0, 0.9679919972219557, 0.25098106166451944, 0.0, -0.25098106166451944,
  0.9679919972219557, 0.0]
- [0.0, 0.0, 1.0, 0.9622963367311727, 0.2720032358516452, 0.0, -0.2720032358516452,
  0.9622963367311727, 0.0]
- [0.0, 0.0, 1.0, 0.9594274717075238, 0.28195553999329215, 0.0, -0.28195553999329215,
  0.9594274717075238, 0.0]
- [0.0, 0.0, 1.0, 0.9578042982814897, 0.2874211651801291, 0.0, -0.2874211651801291,
  0.9578042982814897, 0.0]
- [0.0, 0.0, 1.0, 0.9554777246321283, 0.2950632436136545, 0.0, -0.2950632436136545,
  0.9554777246321283, 0.0]
- [0.0, 0.0, 1.0, 0.9499155714948521, 0.3125066511797925, 0.0, -0.3125066511797925,
  0.9499155714948521, 0.0]
- [0.0, 0.0, 1.0, 0.9478533536423844, 0.31870679313262995, 0.0, -0.31870679313262995,
  0.9478533536423844, 0.0]
- [0.0, 0.0, 1.0, 0.9465454458376219, 0.32257048681498673, 0.0, -0.32257048681498673,
  0.9465454458376219, 0.0]
- [0.0, 0.0, 1.0, 0.9437561209499284, 0.3306423810849784, 0.0, -0.3306423810849784,
  0.9437561209499284, 0.0]
- [0.0, 0.0, 1.0, 0.9391618730883826, 0.34347485517446663, 0.0, -0.34347485517446663,
  0.9391618730883826, 0.0]
- [0.0, 0.0, 1.0, 0.9378149660746474, 0.34713554903871136, 0.0, -0.34713554903871136,
  0.9378149660746474, 0.0]
- [0.0, 0.0, 1.0, 0.9364771325501571, 0.35072864184528113, 0.0, -0.35072864184528113,
  0.9364771325501571, 0.0]
- [0.0, 0.0, 1.0, 0.9342334115185364, 0.3566622110659285, 0.0, -0.3566622110659285,
  0.9342334115185364, 0.0]
- [0.0, 0.0, 1.0, 0.9314434816199839, 0.3638860268650651, 0.0, -0.3638860268650651,
  0.9314434816199839, 0.0]
- [0.0, 0.0, 1.0, 0.9304097082544474, 0.3665211791777848, 0.0, -0.3665211791777848,
  0.9304097082544474, 0.0]
- [0.0, 0.0, 1.0, 0.9296546254342545, 0.3684321883450142, 0.0, -0.3684321883450142,
  0.9296546254342545, 0.0]
- [0.0, 0.0, 1.0, 0.9287252668217736, 0.3707686323933373, 0.0, -0.3707686323933373,
  0.9287252668217736, 0.0]
- [0.0, 0.0, 1.0, 0.9278738797395214, 0.3728941717124692, 0.0, -0.3728941717124692,
  0.9278738797395214, 0.0]
- [0.0, 0.0, 1.0, 0.9276341558348161, 0.37349012427188477, 0.0, -0.37349012427188477,
  0.9276341558348161, 0.0]
- [0.0, 0.0, 1.0, 0.9274960885471062, 0.37383285801253313, 0.0, -0.37383285801253313,
  0.9274960885471062, 0.0]
- [0.0, 0.0, 1.0, 0.9284171710047453, 0.3715394414911362, 0.0, -0.3715394414911362,
  0.9284171710047453, 0.0]
- [0.0, 0.0, 1.0, 0.929031629508896, 0.3700003126647942, 0.0, -0.3700003126647942,
  0.929031629508896, 0.0]
- [0.0, 0.0, 1.0, 0.929500105435768, 0.3688218458753445, 0.0, -0.3688218458753445,
  0.929500105435768, 0.0]
- [0.0, 0.0, 1.0, 0.9303329235024616, 0.3667160365287603, 0.0, -0.3667160365287603,
  0.9303329235024616, 0.0]
- [0.0, 0.0, 1.0, 0.9335940772972708, 0.3583323859707036, 0.0, -0.3583323859707036,
  0.9335940772972708, 0.0]
- [0.0, 0.0, 1.0, 0.9351434359786631, 0.35426932430852653, 0.0, -0.35426932430852653,
  0.9351434359786631, 0.0]
- [0.0, 0.0, 1.0, 0.936429365297206, 0.3508561582886522, 0.0, -0.3508561582886522,
  0.936429365297206, 0.0]
- [0.0, 0.0, 1.0, 0.9391522402022142, 0.34350119319030353, 0.0, -0.34350119319030353,
  0.9391522402022142, 0.0]
