nodes:
- [3.04584368 0.02089872 0.00000000]
- [3.00873068 0.02691771 0.00000000]
- [2.96649236 0.03608993 0.00000000]
- [2.92424659 0.04523416 0.00000000]
- [2.88200132 0.05437895 0.00000000]
- [2.83974824 0.06349220 0.00000000]
- [2.79748770 0.07261731 0.00000000]
- [2.75523505 0.08180310 0.00000000]
- [2.71299019 0.09104765 0.00000000]
- [2.67077083 0.10039723 0.00000000]
- [2.62856465 0.10978158 0.00000000]
- [2.58636943 0.11922193 0.00000000]
- [2.54418751 0.12871174 0.00000000]
- [2.50201231 0.13823737 0.00000000]
- [2.45985178 0.14782503 0.00000000]
- [2.41770049 0.15744214 0.00000000]
- [2.37556040 0.16709790 0.00000000]
- [2.33342523 0.17676155 0.00000000]
- [2.29128928 0.18643681 0.00000000]
- [2.24774154 0.18999690 0.00000000]
- [2.20572796 0.19321807 0.00000000]
- [2.16514351 0.20260027 0.00000000]
- [2.12455732 0.21197015 0.00000000]
- [2.08397146 0.22134374 0.00000000]
- [2.04338015 0.23070790 0.00000000]
- [2.00280090 0.24008562 0.00000000]
- [1.96221556 0.24941978 0.00000000]
- [1.92163037 0.25875509 0.00000000]
- [1.88104000 0.26804702 0.00000000]
- [1.84044697 0.27732245 0.00000000]
- [1.79985098 0.28654974 0.00000000]
- [1.75924144 0.29573222 0.00000000]
- [1.71688602 0.30527218 0.00000000]
- [1.67452023 0.31472976 0.00000000]
- [1.63212745 0.32412360 0.00000000]
- [1.58974169 0.33348261 0.00000000]
- [1.54733314 0.34271796 0.00000000]
- [1.50490937 0.35190602 0.00000000]
- [1.46247476 0.36098776 0.00000000]
- [1.42001511 0.36997603 0.00000000]
- [1.37754678 0.37887822 0.00000000]
- [1.33505533 0.38764875 0.00000000]
- [1.29254584 0.39631808 0.00000000]
- [1.25000882 0.40484589 0.00000000]
- [1.20745755 0.41326741 0.00000000]
- [1.16487820 0.42151984 0.00000000]
- [1.12226673 0.42964929 0.00000000]
- [1.07963798 0.43764156 0.00000000]
- [1.03699885 0.44547220 0.00000000]
- [0.99432050 0.45309145 0.00000000]
- [0.95159708 0.46055921 0.00000000]
- [0.90886365 0.46788351 0.00000000]
- [0.86611998 0.47499116 0.00000000]
- [0.82332704 0.48185721 0.00000000]
- [0.78050336 0.48854884 0.00000000]
- [0.73767727 0.49500426 0.00000000]
- [0.69481016 0.50115169 0.00000000]
- [0.65188614 0.50705414 0.00000000]
- [0.60894048 0.51273568 0.00000000]
- [0.56599369 0.51813261 0.00000000]
- [0.52300435 0.52316963 0.00000000]
- [0.47995974 0.52792393 0.00000000]
- [0.43691676 0.53240609 0.00000000]
- [0.39385836 0.53647796 0.00000000]
- [0.35074835 0.54018283 0.00000000]
- [0.30761313 0.54355194 0.00000000]
- [0.26412421 0.54062439 0.00000000]
- [0.21457749 0.53751432 0.00000000]
- [0.16535601 0.53980616 0.00000000]
- [0.12353330 0.54129677 0.00000000]
- [0.08167475 0.54220455 0.00000000]
- [0.03977019 0.54270506 0.00000000]
- [-0.00206523 0.54272038 0.00000000]
- [-0.04386204 0.54214714 0.00000000]
- [-0.08565855 0.54100545 0.00000000]
- [-0.12741679 0.53930296 0.00000000]
- [-0.16908051 0.53698870 0.00000000]
- [-0.21070448 0.53395430 0.00000000]
- [-0.25232261 0.53031811 0.00000000]
- [-0.29380021 0.52607740 0.00000000]
- [-0.33512380 0.52104484 0.00000000]
- [-0.37637936 0.51523717 0.00000000]
- [-0.41744830 0.50873066 0.00000000]
- [-0.45830693 0.50127005 0.00000000]
- [-0.49908584 0.49297253 0.00000000]
- [-0.53960329 0.48394073 0.00000000]
- [-0.57981067 0.47386335 0.00000000]
- [-0.61979796 0.46288750 0.00000000]
- [-0.66353230 0.44968657 0.00000000]
- [-0.70877951 0.44082733 0.00000000]
- [-0.75171085 0.43146087 0.00000000]
- [-0.79219114 0.41519645 0.00000000]
- [-0.83215664 0.39785310 0.00000000]
- [-0.87139091 0.37904615 0.00000000]
- [-0.90999000 0.35897379 0.00000000]
- [-0.94772308 0.33750880 0.00000000]
- [-0.98446023 0.31455553 0.00000000]
- [-1.02002819 0.28996889 0.00000000]
- [-1.05425333 0.26379942 0.00000000]
- [-1.09154340 0.24075399 0.00000000]
- [-1.12690670 0.21687654 0.00000000]
- [-1.15562667 0.18613760 0.00000000]
- [-1.18132894 0.15301389 0.00000000]
- [-1.20361929 0.11767257 0.00000000]
- [-1.22128882 0.08011435 0.00000000]
- [-1.23241897 0.04037884 0.00000000]
- [-1.23629071 -0.00042070 0.00000000]
- [-1.23123051 -0.04080810 0.00000000]
- [-1.21611439 -0.07892379 0.00000000]
- [-1.19474457 -0.11451357 0.00000000]
- [-1.16900863 -0.14748963 0.00000000]
- [-1.14029038 -0.17820741 0.00000000]
- [-1.10947439 -0.20702029 0.00000000]
- [-1.07274390 -0.22874077 0.00000000]
- [-1.03538207 -0.24836761 0.00000000]
- [-1.00135820 -0.27236825 0.00000000]
- [-0.96660351 -0.29528950 0.00000000]
- [-0.93106349 -0.31692815 0.00000000]
- [-0.89475328 -0.33739054 0.00000000]
- [-0.85781207 -0.35680051 0.00000000]
- [-0.82033012 -0.37512299 0.00000000]
- [-0.78223921 -0.39233044 0.00000000]
- [-0.74378562 -0.40869333 0.00000000]
- [-0.70487079 -0.42384000 0.00000000]
- [-0.66361777 -0.43251962 0.00000000]
- [-0.61424966 -0.44279696 0.00000000]
- [-0.57446622 -0.45479071 0.00000000]
- [-0.53434613 -0.46591824 0.00000000]
- [-0.49396634 -0.47610784 0.00000000]
- [-0.45333363 -0.48543422 0.00000000]
- [-0.41253638 -0.49390929 0.00000000]
- [-0.37153817 -0.50145252 0.00000000]
- [-0.33034457 -0.50819805 0.00000000]
- [-0.28904176 -0.51413336 0.00000000]
- [-0.24760244 -0.51922131 0.00000000]
- [-0.20601402 -0.52356410 0.00000000]
- [-0.16437864 -0.52720836 0.00000000]
- [-0.12269001 -0.53004516 0.00000000]
- [-0.08090630 -0.53216625 0.00000000]
- [-0.03908838 -0.53360593 0.00000000]
- [0.00271314 -0.53433780 0.00000000]
- [0.04456362 -0.53430304 0.00000000]
- [0.08647488 -0.53366447 0.00000000]
- [0.12830027 -0.53242519 0.00000000]
- [0.17007989 -0.53040310 0.00000000]
- [0.21583028 -0.52748461 0.00000000]
- [0.26149394 -0.52387672 0.00000000]
- [0.30768585 -0.52526933 0.00000000]
- [0.35072212 -0.52629846 0.00000000]
- [0.39310029 -0.52091168 0.00000000]
- [0.43538509 -0.51495466 0.00000000]
- [0.47756938 -0.50832659 0.00000000]
- [0.51970695 -0.50111644 0.00000000]
- [0.56176150 -0.49342429 0.00000000]
- [0.60366284 -0.48517786 0.00000000]
- [0.64546037 -0.47626503 0.00000000]
- [0.68721951 -0.46690052 0.00000000]
- [0.72882565 -0.45711984 0.00000000]
- [0.77026626 -0.44668901 0.00000000]
- [0.81165976 -0.43578781 0.00000000]
- [0.85296082 -0.42450889 0.00000000]
- [0.89410841 -0.41282244 0.00000000]
- [0.93512436 -0.40061076 0.00000000]
- [0.97608861 -0.38804491 0.00000000]
- [1.01695517 -0.37516119 0.00000000]
- [1.05771223 -0.36194455 0.00000000]
- [1.09838582 -0.34839363 0.00000000]
- [1.13900694 -0.33459490 0.00000000]
- [1.17956166 -0.32057765 0.00000000]
- [1.22005574 -0.30634823 0.00000000]
- [1.26050283 -0.29194627 0.00000000]
- [1.30091375 -0.27737839 0.00000000]
- [1.34131994 -0.26271466 0.00000000]
- [1.38173180 -0.24798827 0.00000000]
- [1.42215957 -0.23327119 0.00000000]
- [1.46259183 -0.21854156 0.00000000]
- [1.50307914 -0.20384296 0.00000000]
- [1.54363632 -0.18928203 0.00000000]
- [1.58423691 -0.17483660 0.00000000]
- [1.62492162 -0.16053267 0.00000000]
- [1.66573356 -0.14645055 0.00000000]
- [1.70666677 -0.13269632 0.00000000]
- [1.74768092 -0.11921881 0.00000000]
- [1.78728089 -0.10651870 0.00000000]
- [1.82702845 -0.09418624 0.00000000]
- [1.86689970 -0.08224925 0.00000000]
- [1.90688745 -0.07070064 0.00000000]
- [1.94702416 -0.05954947 0.00000000]
- [1.98733383 -0.04891184 0.00000000]
- [2.02776570 -0.03881174 0.00000000]
- [2.06833293 -0.02917283 0.00000000]
- [2.10912834 -0.02013706 0.00000000]
- [2.15007715 -0.01190595 0.00000000]
- [2.19107371 -0.00425102 0.00000000]
- [2.23325118 -0.00338906 0.00000000]
- [2.27715383 -0.00311695 0.00000000]
- [2.32011155 0.00277119 0.00000000]
- [2.36317237 0.00801539 0.00000000]
- [2.40632912 0.01245668 0.00000000]
- [2.44953719 0.01619442 0.00000000]
- [2.49281625 0.01926942 0.00000000]
- [2.53615964 0.02145420 0.00000000]
- [2.57953130 0.02288345 0.00000000]
- [2.62294024 0.02344809 0.00000000]
- [2.66634642 0.02308182 0.00000000]
- [2.70974304 0.02191056 0.00000000]
- [2.75309373 0.01976272 0.00000000]
- [2.79639408 0.01688751 0.00000000]
- [2.83962733 0.01312325 0.00000000]
- [2.88278018 0.00861631 0.00000000]
- [2.92583945 0.00331282 0.00000000]
- [2.96877914 -0.00269695 0.00000000]
- [3.01159064 -0.00923821 0.00000000]
- [3.04701326 -0.01806333 0.00000000]
- [1.74883697 -0.07772371 0.00000000]
- [1.74999302 -0.03622861 0.00000000]
- [1.75114907 0.00526650 0.00000000]
- [1.75230513 0.04676160 0.00000000]
- [1.75346118 0.08825670 0.00000000]
- [1.75461723 0.12975180 0.00000000]
- [1.75577329 0.17124691 0.00000000]
- [1.75692934 0.21274201 0.00000000]
- [1.75808539 0.25423711 0.00000000]
- [-0.61451387 -0.39966912 0.00000000]
- [-0.61477807 -0.35654129 0.00000000]
- [-0.61504228 -0.31341346 0.00000000]
- [-0.61530648 -0.27028563 0.00000000]
- [-0.61557069 -0.22715780 0.00000000]
- [-0.61583489 -0.18402997 0.00000000]
- [-0.61609910 -0.14090214 0.00000000]
- [-0.61636330 -0.09777431 0.00000000]
- [-0.61662751 -0.05464648 0.00000000]
- [-0.61689171 -0.01151864 0.00000000]
- [-0.61715592 0.03160919 0.00000000]
- [-0.61742012 0.07473702 0.00000000]
- [-0.61768433 0.11786485 0.00000000]
- [-0.61794853 0.16099268 0.00000000]
- [-0.61821273 0.20412051 0.00000000]
- [-0.61847694 0.24724834 0.00000000]
- [-0.61874114 0.29037617 0.00000000]
- [-0.61900535 0.33350400 0.00000000]
- [-0.61926955 0.37663184 0.00000000]
- [-0.61953376 0.41975967 0.00000000]
- [0.16989093 -0.48759473 0.00000000]
- [0.16970198 -0.44478636 0.00000000]
- [0.16951302 -0.40197799 0.00000000]
- [0.16932407 -0.35916962 0.00000000]
- [0.16913511 -0.31636125 0.00000000]
- [0.16894616 -0.27355288 0.00000000]
- [0.16875720 -0.23074451 0.00000000]
- [0.16856825 -0.18793614 0.00000000]
- [0.16837929 -0.14512777 0.00000000]
- [0.16819034 -0.10231940 0.00000000]
- [0.16800138 -0.05951103 0.00000000]
- [0.16781243 -0.01670265 0.00000000]
- [0.16762347 0.02610572 0.00000000]
- [0.16743452 0.06891409 0.00000000]
- [0.16724556 0.11172246 0.00000000]
- [0.16705661 0.15453083 0.00000000]
- [0.16686765 0.19733920 0.00000000]
- [0.16667870 0.24014757 0.00000000]
- [0.16648974 0.28295594 0.00000000]
- [0.16630079 0.32576431 0.00000000]
- [0.16611183 0.36857268 0.00000000]
- [0.16592288 0.41138105 0.00000000]
- [0.16573392 0.45418942 0.00000000]
- [0.16554497 0.49699779 0.00000000]
elements:
- [1 2]
- [2 3]
- [3 4]
- [4 5]
- [5 6]
- [6 7]
- [7 8]
- [8 9]
- [9 10]
- [10 11]
- [11 12]
- [12 13]
- [13 14]
- [14 15]
- [15 16]
- [16 17]
- [17 18]
- [18 19]
- [19 20]
- [20 21]
- [21 22]
- [22 23]
- [23 24]
- [24 25]
- [25 26]
- [26 27]
- [27 28]
- [28 29]
- [29 30]
- [30 31]
- [31 32]
- [32 33]
- [33 34]
- [34 35]
- [35 36]
- [36 37]
- [37 38]
- [38 39]
- [39 40]
- [40 41]
- [41 42]
- [42 43]
- [43 44]
- [44 45]
- [45 46]
- [46 47]
- [47 48]
- [48 49]
- [49 50]
- [50 51]
- [51 52]
- [52 53]
- [53 54]
- [54 55]
- [55 56]
- [56 57]
- [57 58]
- [58 59]
- [59 60]
- [60 61]
- [61 62]
- [62 63]
- [63 64]
- [64 65]
- [65 66]
- [66 67]
- [67 68]
- [68 69]
- [69 70]
- [70 71]
- [71 72]
- [72 73]
- [73 74]
- [74 75]
- [75 76]
- [76 77]
- [77 78]
- [78 79]
- [79 80]
- [80 81]
- [81 82]
- [82 83]
- [83 84]
- [84 85]
- [85 86]
- [86 87]
- [87 88]
- [88 89]
- [89 90]
- [90 91]
- [91 92]
- [92 93]
- [93 94]
- [94 95]
- [95 96]
- [96 97]
- [97 98]
- [98 99]
- [99 100]
- [100 101]
- [101 102]
- [102 103]
- [103 104]
- [104 105]
- [105 106]
- [106 107]
- [107 108]
- [108 109]
- [109 110]
- [110 111]
- [111 112]
- [112 113]
- [113 114]
- [114 115]
- [115 116]
- [116 117]
- [117 118]
- [118 119]
- [119 120]
- [120 121]
- [121 122]
- [122 123]
- [123 124]
- [124 125]
- [125 126]
- [126 127]
- [127 128]
- [128 129]
- [129 130]
- [130 131]
- [131 132]
- [132 133]
- [133 134]
- [134 135]
- [135 136]
- [136 137]
- [137 138]
- [138 139]
- [139 140]
- [140 141]
- [141 142]
- [142 143]
- [143 144]
- [144 145]
- [145 146]
- [146 147]
- [147 148]
- [148 149]
- [149 150]
- [150 151]
- [151 152]
- [152 153]
- [153 154]
- [154 155]
- [155 156]
- [156 157]
- [157 158]
- [158 159]
- [159 160]
- [160 161]
- [161 162]
- [162 163]
- [163 164]
- [164 165]
- [165 166]
- [166 167]
- [167 168]
- [168 169]
- [169 170]
- [170 171]
- [171 172]
- [172 173]
- [173 174]
- [174 175]
- [175 176]
- [176 177]
- [177 178]
- [178 179]
- [179 180]
- [180 181]
- [181 182]
- [182 183]
- [183 184]
- [184 185]
- [185 186]
- [186 187]
- [187 188]
- [188 189]
- [189 190]
- [190 191]
- [191 192]
- [192 193]
- [193 194]
- [194 195]
- [195 196]
- [196 197]
- [197 198]
- [198 199]
- [199 200]
- [200 201]
- [201 202]
- [202 203]
- [203 204]
- [204 205]
- [205 206]
- [206 207]
- [207 208]
- [208 209]
- [209 210]
- [210 211]
- [211 212]
- [212 213]
- [213 214]
- [214 1]
- [183 215]
- [215 216]
- [216 217]
- [217 218]
- [218 219]
- [219 220]
- [220 221]
- [221 222]
- [222 223]
- [223 32]
- [126 224]
- [224 225]
- [225 226]
- [226 227]
- [227 228]
- [228 229]
- [229 230]
- [230 231]
- [231 232]
- [232 233]
- [233 234]
- [234 235]
- [235 236]
- [236 237]
- [237 238]
- [238 239]
- [239 240]
- [240 241]
- [241 242]
- [242 243]
- [243 88]
- [145 244]
- [244 245]
- [245 246]
- [246 247]
- [247 248]
- [248 249]
- [249 250]
- [250 251]
- [251 252]
- [252 253]
- [253 254]
- [254 255]
- [255 256]
- [256 257]
- [257 258]
- [258 259]
- [259 260]
- [260 261]
- [261 262]
- [262 263]
- [263 264]
- [264 265]
- [265 266]
- [266 267]
- [267 69]
sets:
  element:
  - name: layup_0
    labels:
    - 1
    - 2
    - 3
    - 4
    - 5
    - 6
    - 7
    - 8
    - 9
    - 10
    - 11
    - 12
    - 13
    - 14
    - 15
    - 16
    - 17
    - 18
    - 19
    - 195
    - 196
    - 197
    - 198
    - 199
    - 200
    - 201
    - 202
    - 203
    - 204
    - 205
    - 206
    - 207
    - 208
    - 209
    - 210
    - 211
    - 212
    - 213
    - 214
  - name: layup_1
    labels:
    - 20
    - 21
    - 22
    - 23
    - 24
    - 25
    - 26
    - 27
    - 28
    - 29
    - 30
    - 31
    - 32
    - 33
    - 34
    - 35
    - 36
    - 37
    - 38
    - 39
    - 40
    - 41
    - 42
    - 43
    - 44
    - 45
    - 46
    - 47
    - 48
    - 49
    - 50
    - 51
    - 52
    - 53
    - 54
    - 55
    - 56
    - 57
    - 58
    - 59
    - 60
    - 61
    - 62
    - 63
    - 64
    - 65
    - 66
    - 90
    - 91
    - 92
    - 93
    - 94
    - 95
    - 96
    - 97
    - 98
    - 99
    - 114
    - 115
    - 116
    - 117
    - 118
    - 119
    - 120
    - 121
    - 122
    - 123
    - 124
    - 148
    - 149
    - 150
    - 151
    - 152
    - 153
    - 154
    - 155
    - 156
    - 157
    - 158
    - 159
    - 160
    - 161
    - 162
    - 163
    - 164
    - 165
    - 166
    - 167
    - 168
    - 169
    - 170
    - 171
    - 172
    - 173
    - 174
    - 175
    - 176
    - 177
    - 178
    - 179
    - 180
    - 181
    - 182
    - 183
    - 184
    - 185
    - 186
    - 187
    - 188
    - 189
    - 190
    - 191
    - 192
    - 193
    - 194
  - name: layup_2
    labels:
    - 67
    - 68
    - 69
    - 70
    - 71
    - 72
    - 73
    - 74
    - 75
    - 76
    - 77
    - 78
    - 79
    - 80
    - 81
    - 82
    - 83
    - 84
    - 85
    - 86
    - 87
    - 88
    - 89
  - name: layup_3
    labels:
    - 100
    - 101
    - 102
    - 103
    - 104
    - 105
    - 106
    - 107
    - 108
    - 109
    - 110
    - 111
    - 112
    - 113
  - name: layup_4
    labels:
    - 125
    - 126
    - 127
    - 128
    - 129
    - 130
    - 131
    - 132
    - 133
    - 134
    - 135
    - 136
    - 137
    - 138
    - 139
    - 140
    - 141
    - 142
    - 143
    - 144
    - 145
    - 146
    - 147
  - name: layup_5
    labels:
    - 215
    - 216
    - 217
    - 218
    - 219
    - 220
    - 221
    - 222
    - 223
    - 224
  - name: layup_6
    labels:
    - 225
    - 226
    - 227
    - 228
    - 229
    - 230
    - 231
    - 232
    - 233
    - 234
    - 235
    - 236
    - 237
    - 238
    - 239
    - 240
    - 241
    - 242
    - 243
    - 244
    - 245
    - 246
    - 247
    - 248
    - 249
    - 250
    - 251
    - 252
    - 253
    - 254
    - 255
    - 256
    - 257
    - 258
    - 259
    - 260
    - 261
    - 262
    - 263
    - 264
    - 265
    - 266
    - 267
    - 268
    - 269
    - 270
sections:
- type: shell
  elementSet: layup_0
  layup:
  - - gelcoat
    - 0.0005
    - 0.0
  - - glass_triax
    - 0.003
    - 0.0
  - - glass_uniax
    - 0.01160781
    - 0.0
  - - glass_triax
    - 0.003
    - 0.0
- type: shell
  elementSet: layup_1
  layup:
  - - gelcoat
    - 0.0005
    - 0.0
  - - glass_triax
    - 0.003
    - 0.0
  - - medium_density_foam
    - 0.036875
    - 0.0
  - - glass_triax
    - 0.003
    - 0.0
- type: shell
  elementSet: layup_2
  layup:
  - - gelcoat
    - 0.0005
    - 0.0
  - - glass_triax
    - 0.003
    - 0.0
  - - carbon_uniax
    - 0.06058178
    - 0.0
  - - glass_triax
    - 0.003
    - 0.0
- type: shell
  elementSet: layup_3
  layup:
  - - gelcoat
    - 0.0005
    - 0.0
  - - glass_triax
    - 0.003
    - 0.0
  - - glass_uniax
    - 0.00890646
    - 0.0
  - - glass_triax
    - 0.003
    - 0.0
- type: shell
  elementSet: layup_4
  layup:
  - - gelcoat
    - 0.0005
    - 0.0
  - - glass_triax
    - 0.003
    - 0.0
  - - carbon_uniax
    - 0.06021302
    - 0.0
  - - glass_triax
    - 0.003
    - 0.0
- type: shell
  elementSet: layup_5
  layup:
  - - glass_biax
    - 0.002
    - 0.0
  - - medium_density_foam
    - 0.03
    - 0.0
  - - glass_biax
    - 0.002
    - 0.0
- type: shell
  elementSet: layup_6
  layup:
  - - glass_biax
    - 0.002
    - 0.0
  - - medium_density_foam
    - 0.0276
    - 0.0
  - - glass_biax
    - 0.002
    - 0.0
elementOrientations:
- [0.0, 0.0, 1.0, -0.9871026965659754, 0.16008830823073875, 0.0, -0.16008830823073875,
  -0.9871026965659754, 0.0]
- [0.0, 0.0, 1.0, -0.9772244600288131, 0.21220828146279888, 0.0, -0.21220828146279888,
  -0.9772244600288131, 0.0]
- [0.0, 0.0, 1.0, -0.9773663230387931, 0.21155394250552143, 0.0, -0.21155394250552143,
  -0.9773663230387931, 0.0]
- [0.0, 0.0, 1.0, -0.977363068013663, 0.21156897996379315, 0.0, -0.21156897996379315,
  -0.977363068013663, 0.0]
- [0.0, 0.0, 1.0, -0.9775218371002169, 0.21083419550020077, 0.0, -0.21083419550020077,
  -0.9775218371002169, 0.0]
- [0.0, 0.0, 1.0, -0.9774729244359812, 0.21106084903309413, 0.0, -0.21106084903309413,
  -0.9774729244359812, 0.0]
- [0.0, 0.0, 1.0, -0.9771742830718982, 0.21243921601936303, 0.0, -0.21243921601936303,
  -0.9771742830718982, 0.0]
- [0.0, 0.0, 1.0, -0.9768831527821451, 0.21377395961720003, 0.0, -0.21377395961720003,
  -0.9768831527821451, 0.0]
- [0.0, 0.0, 1.0, -0.9763459967308787, 0.216214002015565, 0.0, -0.216214002015565,
  -0.9763459967308787, 0.0]
- [0.0, 0.0, 1.0, -0.9761615535220413, 0.2170452059489796, 0.0, -0.2170452059489796,
  -0.9761615535220413, 0.0]
- [0.0, 0.0, 1.0, -0.9758744200575319, 0.2183325818044022, 0.0, -0.2183325818044022,
  -0.9758744200575319, 0.0]
- [0.0, 0.0, 1.0, -0.975615285933427, 0.21948761662799493, 0.0, -0.21948761662799493,
  -0.975615285933427, 0.0]
- [0.0, 0.0, 1.0, -0.9754300717165186, 0.22030927168666187, 0.0, -0.22030927168666187,
  -0.9754300717165186, 0.0]
- [0.0, 0.0, 1.0, -0.9751042905474674, 0.22174675320265771, 0.0, -0.22174675320265771,
  -0.9751042905474674, 0.0]
- [0.0, 0.0, 1.0, -0.9749461685218916, 0.22244093257420774, 0.0, -0.22244093257420774,
  -0.9749461685218916, 0.0]
- [0.0, 0.0, 1.0, -0.9747390939003531, 0.22334658900981405, 0.0, -0.22334658900981405,
  -0.9747390939003531, 0.0]
- [0.0, 0.0, 1.0, -0.9746936691690795, 0.22354474111845463, 0.0, -0.22354474111845463,
  -0.9746936691690795, 0.0]
- [0.0, 0.0, 1.0, -0.9746360006742565, 0.22379603702856452, 0.0, -0.22379603702856452,
  -0.9746360006742565, 0.0]
- [0.0, 0.0, 1.0, -0.996675013100933, 0.08147955731503972, 0.0, -0.08147955731503972,
  -0.996675013100933, 0.0]
- [0.0, 0.0, 1.0, -0.9970737775299666, 0.07644528868493267, 0.0, -0.07644528868493267,
  -0.9970737775299666, 0.0]
- [0.0, 0.0, 1.0, -0.9743040238734201, 0.22523691763132886, 0.0, -0.22523691763132886,
  -0.9743040238734201, 0.0]
- [0.0, 0.0, 1.0, -0.9743709824529844, 0.2249470794511589, 0.0, -0.2249470794511589,
  -0.9743709824529844, 0.0]
- [0.0, 0.0, 1.0, -0.9743511295732764, 0.22503305601462326, 0.0, -0.22503305601462326,
  -0.9743511295732764, 0.0]
- [0.0, 0.0, 1.0, -0.9744072703965426, 0.22478983828981003, 0.0, -0.22478983828981003,
  -0.9744072703965426, 0.0]
- [0.0, 0.0, 1.0, -0.9743213398643801, 0.22516200097902675, 0.0, -0.22516200097902675,
  -0.9743213398643801, 0.0]
- [0.0, 0.0, 1.0, -0.9745576333072348, 0.22413705486287053, 0.0, -0.22413705486287053,
  -0.9745576333072348, 0.0]
- [0.0, 0.0, 1.0, -0.9745514374780778, 0.224163992892284, 0.0, -0.224163992892284,
  -0.9745514374780778, 0.0]
- [0.0, 0.0, 1.0, -0.9747846888374222, 0.2231475081826594, 0.0, -0.2231475081826594,
  -0.9747846888374222, 0.0]
- [0.0, 0.0, 1.0, -0.9748740931716721, 0.22275659914514334, 0.0, -0.22275659914514334,
  -0.9748740931716721, 0.0]
- [0.0, 0.0, 1.0, -0.9751279970627565, 0.2216424809109857, 0.0, -0.2216424809109857,
  -0.9751279970627565, 0.0]
- [0.0, 0.0, 1.0, -0.9753760488561072, 0.2205483242236245, 0.0, -0.2205483242236245,
  -0.9753760488561072, 0.0]
- [0.0, 0.0, 1.0, -0.9755604467140181, 0.21973123311706372, 0.0, -0.21973123311706372,
  -0.9755604467140181, 0.0]
- [0.0, 0.0, 1.0, -0.9759770082135149, 0.2178735400148372, 0.0, -0.2178735400148372,
  -0.9759770082135149, 0.0]
- [0.0, 0.0, 1.0, -0.97631748191089, 0.21634272466431373, 0.0, -0.21634272466431373,
  -0.97631748191089, 0.0]
- [0.0, 0.0, 1.0, -0.9764791075516969, 0.21561204167448877, 0.0, -0.21561204167448877,
  -0.9764791075516969, 0.0]
- [0.0, 0.0, 1.0, -0.9770993084101685, 0.21278379051133245, 0.0, -0.21278379051133245,
  -0.9770993084101685, 0.0]
- [0.0, 0.0, 1.0, -0.9773410480670448, 0.21167067761787525, 0.0, -0.21167067761787525,
  -0.9773410480670448, 0.0]
- [0.0, 0.0, 1.0, -0.9778561702213806, 0.20927806946733443, 0.0, -0.20927806946733443,
  -0.9778561702213806, 0.0]
- [0.0, 0.0, 1.0, -0.9783197507578129, 0.20710013345522246, 0.0, -0.20710013345522246,
  -0.9783197507578129, 0.0]
- [0.0, 0.0, 1.0, -0.978728328579542, 0.20516056842360414, 0.0, -0.20516056842360414,
  -0.978728328579542, 0.0]
- [0.0, 0.0, 1.0, -0.9793554497658926, 0.2021457469595795, 0.0, -0.2021457469595795,
  -0.9793554497658926, 0.0]
- [0.0, 0.0, 1.0, -0.9798314713114067, 0.1998256435688975, 0.0, -0.1998256435688975,
  -0.9798314713114067, 0.0]
- [0.0, 0.0, 1.0, -0.9804901099483945, 0.1965684214043172, 0.0, -0.1965684214043172,
  -0.9804901099483945, 0.0]
- [0.0, 0.0, 1.0, -0.9809721092697804, 0.1941487080430825, 0.0, -0.1941487080430825,
  -0.9809721092697804, 0.0]
- [0.0, 0.0, 1.0, -0.9817313542443817, 0.1902722998586292, 0.0, -0.1902722998586292,
  -0.9817313542443817, 0.0]
- [0.0, 0.0, 1.0, -0.9822835335598705, 0.1874007996171162, 0.0, -0.1874007996171162,
  -0.9822835335598705, 0.0]
- [0.0, 0.0, 1.0, -0.9828747727101756, 0.18427474371145006, 0.0, -0.18427474371145006,
  -0.9828747727101756, 0.0]
- [0.0, 0.0, 1.0, -0.9835514076295123, 0.18062842674951468, 0.0, -0.18062842674951468,
  -0.9835514076295123, 0.0]
- [0.0, 0.0, 1.0, -0.9844351115523737, 0.1757484314094028, 0.0, -0.1757484314094028,
  -0.9844351115523737, 0.0]
- [0.0, 0.0, 1.0, -0.9850650637418239, 0.1721825200051281, 0.0, -0.1721825200051281,
  -0.9850650637418239, 0.0]
- [0.0, 0.0, 1.0, -0.9856277231287683, 0.1689319135036365, 0.0, -0.1689319135036365,
  -0.9856277231287683, 0.0]
- [0.0, 0.0, 1.0, -0.9864548389309071, 0.16403307821838256, 0.0, -0.16403307821838256,
  -0.9864548389309071, 0.0]
- [0.0, 0.0, 1.0, -0.9873715151751915, 0.15842187671103614, 0.0, -0.15842187671103614,
  -0.9873715151751915, 0.0]
- [0.0, 0.0, 1.0, -0.9880105272135814, 0.1543865218053083, 0.0, -0.1543865218053083,
  -0.9880105272135814, 0.0]
- [0.0, 0.0, 1.0, -0.9888293795066644, 0.14905186420996316, 0.0, -0.14905186420996316,
  -0.9888293795066644, 0.0]
- [0.0, 0.0, 1.0, -0.9898731687870741, 0.14195460441787977, 0.0, -0.14195460441787977,
  -0.9898731687870741, 0.0]
- [0.0, 0.0, 1.0, -0.9906776092143773, 0.13622729022220748, 0.0, -0.13622729022220748,
  -0.9906776092143773, 0.0]
- [0.0, 0.0, 1.0, -0.9913620955247915, 0.13115332842400199, 0.0, -0.13115332842400199,
  -0.9913620955247915, 0.0]
- [0.0, 0.0, 1.0, -0.9921964129317979, 0.12468471504267482, 0.0, -0.12468471504267482,
  -0.9921964129317979, 0.0]
- [0.0, 0.0, 1.0, -0.9932055787065073, 0.11637301416682548, 0.0, -0.11637301416682548,
  -0.9932055787065073, 0.0]
- [0.0, 0.0, 1.0, -0.9939555939860996, 0.10978286379822623, 0.0, -0.10978286379822623,
  -0.9939555939860996, 0.0]
- [0.0, 0.0, 1.0, -0.9946219384336383, 0.10357219504534909, 0.0, -0.10357219504534909,
  -0.9946219384336383, 0.0]
- [0.0, 0.0, 1.0, -0.9955583876658777, 0.09414614568912483, 0.0, -0.09414614568912483,
  -0.9955583876658777, 0.0]
- [0.0, 0.0, 1.0, -0.9963274878842268, 0.0856243942244611, 0.0, -0.0856243942244611,
  -0.9963274878842268, 0.0]
- [0.0, 0.0, 1.0, -0.996963639766297, 0.07786848517813444, 0.0, -0.07786848517813444,
  -0.996963639766297, 0.0]
- [0.0, 0.0, 1.0, -0.9977418789874694, -0.0671650423550377, 0.0, 0.0671650423550377,
  -0.9977418789874694, 0.0]
- [0.0, 0.0, 1.0, -0.9980357401470824, -0.06264711796296268, 0.0, 0.06264711796296268,
  -0.9980357401470824, 0.0]
- [0.0, 0.0, 1.0, -0.9989177568910438, 0.04651144985662648, 0.0, -0.04651144985662648,
  -0.9989177568910438, 0.0]
- [0.0, 0.0, 1.0, -0.9993654589805624, 0.03561852603028285, 0.0, -0.03561852603028285,
  -0.9993654589805624, 0.0]
- [0.0, 0.0, 1.0, -0.9997649244147846, 0.021681695272744782, 0.0, -0.021681695272744782,
  -0.9997649244147846, 0.0]
- [0.0, 0.0, 1.0, -0.9999286771043611, 0.011943228387771466, 0.0, -0.011943228387771466,
  -0.9999286771043611, 0.0]
- [0.0, 0.0, 1.0, -0.9999999329384172, 0.0003662282909057438, 0.0, -0.0003662282909057438,
  -0.9999999329384172, 0.0]
- [0.0, 0.0, 1.0, -0.9999059634814937, -0.013713649920637623, 0.0, 0.013713649920637623,
  -0.9999059634814937, 0.0]
- [0.0, 0.0, 1.0, -0.9996271405828514, -0.027305307362350623, 0.0, 0.027305307362350623,
  -0.9996271405828514, 0.0]
- [0.0, 0.0, 1.0, -0.9991699284728577, -0.0407363969386669, 0.0, 0.0407363969386669,
  -0.9991699284728577, 0.0]
- [0.0, 0.0, 1.0, -0.9984608791433486, -0.05546055192919903, 0.0, 0.05546055192919903,
  -0.9984608791433486, 0.0]
- [0.0, 0.0, 1.0, -0.9973533040762742, -0.0727075432684862, 0.0, 0.0727075432684862,
  -0.9973533040762742, 0.0]
- [0.0, 0.0, 1.0, -0.996204939664804, -0.08703860170892154, 0.0, 0.08703860170892154,
  -0.996204939664804, 0.0]
- [0.0, 0.0, 1.0, -0.9948140173830827, -0.10171072125460252, 0.0, 0.10171072125460252,
  -0.9948140173830827, 0.0]
- [0.0, 0.0, 1.0, -0.9926657705825408, -0.12089114075800025, 0.0, 0.12089114075800025,
  -0.9926657705825408, 0.0]
- [0.0, 0.0, 1.0, -0.990236365242669, -0.13939849694665815, 0.0, 0.13939849694665815,
  -0.990236365242669, 0.0]
- [0.0, 0.0, 1.0, -0.9876815479919427, -0.15647734582437098, 0.0, 0.15647734582437098,
  -0.9876815479919427, 0.0]
- [0.0, 0.0, 1.0, -0.9837349961769009, -0.1796258814782348, 0.0, 0.1796258814782348,
  -0.9837349961769009, 0.0]
- [0.0, 0.0, 1.0, -0.9799202100055505, -0.19939002488258475, 0.0, 0.19939002488258475,
  -0.9799202100055505, 0.0]
- [0.0, 0.0, 1.0, -0.9760444077562423, -0.2175713999765734, 0.0, 0.2175713999765734,
  -0.9760444077562423, 0.0]
- [0.0, 0.0, 1.0, -0.9699974244317671, -0.2431151920299068, 0.0, 0.2431151920299068,
  -0.9699974244317671, 0.0]
- [0.0, 0.0, 1.0, -0.9643326008384983, -0.2646934735879551, 0.0, 0.2646934735879551,
  -0.9643326008384983, 0.0]
- [0.0, 0.0, 1.0, -0.9573391773353177, -0.28896660626954335, 0.0, 0.28896660626954335,
  -0.9573391773353177, 0.0]
- [0.0, 0.0, 1.0, -0.9813659850012465, -0.19214786879518866, 0.0, 0.19214786879518866,
  -0.9813659850012465, 0.0]
- [0.0, 0.0, 1.0, -0.977017506960076, -0.21315907462155534, 0.0, 0.21315907462155534,
  -0.977017506960076, 0.0]
- [0.0, 0.0, 1.0, -0.9279040909383164, -0.37281898827706816, 0.0, 0.37281898827706816,
  -0.9279040909383164, 0.0]
- [0.0, 0.0, 1.0, -0.9173464775264408, -0.3980897388401652, 0.0, 0.3980897388401652,
  -0.9173464775264408, 0.0]
- [0.0, 0.0, 1.0, -0.90175160295438, -0.43225460849967384, 0.0, 0.43225460849967384,
  -0.90175160295438, 0.0]
- [0.0, 0.0, 1.0, -0.8872088804427843, -0.4613679686144904, 0.0, 0.4613679686144904,
  -0.8872088804427843, 0.0]
- [0.0, 0.0, 1.0, -0.8692018230109326, -0.4944574712495216, 0.0, 0.4944574712495216,
  -0.8692018230109326, 0.0]
- [0.0, 0.0, 1.0, -0.8480755683758477, -0.5298752969557865, 0.0, 0.5298752969557865,
  -0.8480755683758477, 0.0]
- [0.0, 0.0, 1.0, -0.8225960330334101, -0.5686262097702645, 0.0, 0.5686262097702645,
  -0.8225960330334101, 0.0]
- [0.0, 0.0, 1.0, -0.7943879948628539, -0.6074106630754637, 0.0, 0.6074106630754637,
  -0.7943879948628539, 0.0]
- [0.0, 0.0, 1.0, -0.8506620820943994, -0.5257128703834645, 0.0, 0.5257128703834645,
  -0.8506620820943994, 0.0]
- [0.0, 0.0, 1.0, -0.8287701843009133, -0.5595891185627454, 0.0, 0.5595891185627454,
  -0.8287701843009133, 0.0]
- [0.0, 0.0, 1.0, -0.6827030112062502, -0.730695968573742, 0.0, 0.730695968573742,
  -0.6827030112062502, 0.0]
- [0.0, 0.0, 1.0, -0.613039412154158, -0.7900523268402443, 0.0, 0.7900523268402443,
  -0.613039412154158, 0.0]
- [0.0, 0.0, 1.0, -0.5334712545221588, -0.8458181959490786, 0.0, 0.8458181959490786,
  -0.5334712545221588, 0.0]
- [0.0, 0.0, 1.0, -0.42569983920635607, -0.9048644356475077, 0.0, 0.9048644356475077,
  -0.42569983920635607, 0.0]
- [0.0, 0.0, 1.0, -0.26972448557061124, -0.9629375378931228, 0.0, 0.9629375378931228,
  -0.26972448557061124, 0.0]
- [0.0, 0.0, 1.0, -0.09447227453391478, -0.9955274930128191, 0.0, 0.9955274930128191,
  -0.09447227453391478, 0.0]
- [0.0, 0.0, 1.0, 0.12431961601946288, -0.9922422249999105, 0.0, 0.9922422249999105,
  0.12431961601946288, 0.0]
- [0.0, 0.0, 1.0, 0.3686525372120508, -0.9295672685756086, 0.0, 0.9295672685756086,
  0.3686525372120508, 0.0]
- [0.0, 0.0, 1.0, 0.5147782932912935, -0.8573233396776873, 0.0, 0.8573233396776873,
  0.5147782932912935, 0.0]
- [0.0, 0.0, 1.0, 0.6152491206295165, -0.7883327467285668, 0.0, 0.7883327467285668,
  0.6152491206295165, 0.0]
- [0.0, 0.0, 1.0, 0.6829320895138765, -0.7304818691194261, 0.0, 0.7304818691194261,
  0.6829320895138765, 0.0]
- [0.0, 0.0, 1.0, 0.7304485794908759, -0.6829676952241309, 0.0, 0.6829676952241309,
  0.7304485794908759, 0.0]
- [0.0, 0.0, 1.0, 0.8607612419238889, -0.5090089236954931, 0.0, 0.5090089236954931,
  0.8607612419238889, 0.0]
- [0.0, 0.0, 1.0, 0.8852820016921181, -0.46505459623575024, 0.0, 0.46505459623575024,
  0.8852820016921181, 0.0]
- [0.0, 0.0, 1.0, 0.8171513139575013, -0.5764232213378718, 0.0, 0.5764232213378718,
  0.8171513139575013, 0.0]
- [0.0, 0.0, 1.0, 0.8347952796523308, -0.5505604790304028, 0.0, 0.5505604790304028,
  0.8347952796523308, 0.0]
- [0.0, 0.0, 1.0, 0.8541388619073246, -0.5200450024561916, 0.0, 0.5200450024561916,
  0.8541388619073246, 0.0]
- [0.0, 0.0, 1.0, 0.8711866677488533, -0.4909519222252306, 0.0, 0.4909519222252306,
  0.8711866677488533, 0.0]
- [0.0, 0.0, 1.0, 0.8852417684692142, -0.4651311765056156, 0.0, 0.4651311765056156,
  0.8852417684692142, 0.0]
- [0.0, 0.0, 1.0, 0.8984035821310717, -0.4391708137092658, 0.0, 0.4391708137092658,
  0.8984035821310717, 0.0]
- [0.0, 0.0, 1.0, 0.9113247574402005, -0.41168821512955633, 0.0, 0.41168821512955633,
  0.9113247574402005, 0.0]
- [0.0, 0.0, 1.0, 0.9201575830138156, -0.39154823766960456, 0.0, 0.39154823766960456,
  0.9201575830138156, 0.0]
- [0.0, 0.0, 1.0, 0.9318984216892874, -0.36271935660096116, 0.0, 0.36271935660096116,
  0.9318984216892874, 0.0]
- [0.0, 0.0, 1.0, 0.9785747890734641, -0.20589167586336612, 0.0, 0.20589167586336612,
  0.9785747890734641, 0.0]
- [0.0, 0.0, 1.0, 0.9790108328934344, -0.2038082164126463, 0.0, 0.2038082164126463,
  0.9790108328934344, 0.0]
- [0.0, 0.0, 1.0, 0.9574364868953018, -0.2886440256814314, 0.0, 0.2886440256814314,
  0.9574364868953018, 0.0]
- [0.0, 0.0, 1.0, 0.9636227336876503, -0.267266210210606, 0.0, 0.267266210210606,
  0.9636227336876503, 0.0]
- [0.0, 0.0, 1.0, 0.9696053692840488, -0.2446741258399491, 0.0, 0.2446741258399491,
  0.9696053692840488, 0.0]
- [0.0, 0.0, 1.0, 0.9746553586694412, -0.22371171586875607, 0.0, 0.22371171586875607,
  0.9746553586694412, 0.0]
- [0.0, 0.0, 1.0, 0.9790970176724577, -0.20339378059542293, 0.0, 0.20339378059542293,
  0.9790970176724577, 0.0]
- [0.0, 0.0, 1.0, 0.9834919403965608, -0.18095193609079643, 0.0, 0.18095193609079643,
  0.9834919403965608, 0.0]
- [0.0, 0.0, 1.0, 0.9868563781328435, -0.16159978013142862, 0.0, 0.16159978013142862,
  0.9868563781328435, 0.0]
- [0.0, 0.0, 1.0, 0.9898320300028755, -0.14224117681032641, 0.0, 0.14224117681032641,
  0.9898320300028755, 0.0]
- [0.0, 0.0, 1.0, 0.9925466101105498, -0.1218656094148648, 0.0, 0.1218656094148648,
  0.9925466101105498, 0.0]
- [0.0, 0.0, 1.0, 0.9945921160680686, -0.10385818530689646, 0.0, 0.10385818530689646,
  0.9945921160680686, 0.0]
- [0.0, 0.0, 1.0, 0.9961912941120323, -0.08719464166675697, 0.0, 0.08719464166675697,
  0.9961912941120323, 0.0]
- [0.0, 0.0, 1.0, 0.9976927829158069, -0.06789043318253844, 0.0, 0.06789043318253844,
  0.9976927829158069, 0.0]
- [0.0, 0.0, 1.0, 0.9987140237567925, -0.050698113885199333, 0.0, 0.050698113885199333,
  0.9987140237567925, 0.0]
- [0.0, 0.0, 1.0, 0.9994079059009111, -0.03440694149086097, 0.0, 0.03440694149086097,
  0.9994079059009111, 0.0]
- [0.0, 0.0, 1.0, 0.9998467630718243, -0.017505724058015554, 0.0, 0.017505724058015554,
  0.9998467630718243, 0.0]
- [0.0, 0.0, 1.0, 0.9999996550426813, 0.0008306109308094498, 0.0, -0.0008306109308094498,
  0.9999996550426813, 0.0]
- [0.0, 0.0, 1.0, 0.9998839493257359, 0.015234430766173318, 0.0, -0.015234430766173318,
  0.9998839493257359, 0.0]
- [0.0, 0.0, 1.0, 0.9995613253080081, 0.029616835558483587, 0.0, -0.029616835558483587,
  0.9995613253080081, 0.0]
- [0.0, 0.0, 1.0, 0.9988308227911327, 0.04834239797929991, 0.0, -0.04834239797929991,
  0.9988308227911327, 0.0]
- [0.0, 0.0, 1.0, 0.9979714993558095, 0.06366228454522582, 0.0, -0.06366228454522582,
  0.9979714993558095, 0.0]
- [0.0, 0.0, 1.0, 0.9968932379681523, 0.0787646627198575, 0.0, -0.0787646627198575,
  0.9968932379681523, 0.0]
- [0.0, 0.0, 1.0, 0.9995458494534522, -0.03013461199977089, 0.0, 0.03013461199977089,
  0.9995458494534522, 0.0]
- [0.0, 0.0, 1.0, 0.9997142020298003, -0.023906364422876955, 0.0, 0.023906364422876955,
  0.9997142020298003, 0.0]
- [0.0, 0.0, 1.0, 0.9920178480508234, 0.12609753823375477, 0.0, -0.12609753823375477,
  0.9920178480508234, 0.0]
- [0.0, 0.0, 1.0, 0.9902219257687485, 0.1395010312751531, 0.0, -0.1395010312751531,
  0.9902219257687485, 0.0]
- [0.0, 0.0, 1.0, 0.9878803376886323, 0.15521739080461971, 0.0, -0.15521739080461971,
  0.9878803376886323, 0.0]
- [0.0, 0.0, 1.0, 0.9856745227388403, 0.1686586351882385, 0.0, -0.1686586351882385,
  0.9856745227388403, 0.0]
- [0.0, 0.0, 1.0, 0.9836805191516679, 0.17992397350410363, 0.0, -0.17992397350410363,
  0.9836805191516679, 0.0]
- [0.0, 0.0, 1.0, 0.9811787698986412, 0.19310158337048766, 0.0, -0.19310158337048766,
  0.9811787698986412, 0.0]
- [0.0, 0.0, 1.0, 0.9780117867706626, 0.20854962224289944, 0.0, -0.20854962224289944,
  0.9780117867706626, 0.0]
- [0.0, 0.0, 1.0, 0.9757661637763491, 0.21881588980050604, 0.0, -0.21881588980050604,
  0.9757661637763491, 0.0]
- [0.0, 0.0, 1.0, 0.9734640880816019, 0.22883983310484915, 0.0, -0.22883983310484915,
  0.9734640880816019, 0.0]
- [0.0, 0.0, 1.0, 0.9697520798529876, 0.24409199827279213, 0.0, -0.24409199827279213,
  0.9697520798529876, 0.0]
- [0.0, 0.0, 1.0, 0.9670275039125917, 0.25467195895226147, 0.0, -0.25467195895226147,
  0.9670275039125917, 0.0]
- [0.0, 0.0, 1.0, 0.9646749117157818, 0.2634431906619503, 0.0, -0.2634431906619503,
  0.9646749117157818, 0.0]
- [0.0, 0.0, 1.0, 0.9619550279120406, 0.27320784080026883, 0.0, -0.27320784080026883,
  0.9619550279120406, 0.0]
- [0.0, 0.0, 1.0, 0.9584230207572283, 0.2853512104102411, 0.0, -0.2853512104102411,
  0.9584230207572283, 0.0]
- [0.0, 0.0, 1.0, 0.9560314139117191, 0.2932642760616426, 0.0, -0.2932642760616426,
  0.9560314139117191, 0.0]
- [0.0, 0.0, 1.0, 0.9537267229810154, 0.3006748041853418, 0.0, -0.3006748041853418,
  0.9537267229810154, 0.0]
- [0.0, 0.0, 1.0, 0.9512355862186471, 0.3084653295125191, 0.0, -0.3084653295125191,
  0.9512355862186471, 0.0]
- [0.0, 0.0, 1.0, 0.9487318815675106, 0.3160819781280969, 0.0, -0.3160819781280969,
  0.9487318815675106, 0.0]
- [0.0, 0.0, 1.0, 0.946861129388717, 0.3216426614314763, 0.0, -0.3216426614314763,
  0.946861129388717, 0.0]
- [0.0, 0.0, 1.0, 0.9451366831103798, 0.32667514481378845, 0.0, -0.32667514481378845,
  0.9451366831103798, 0.0]
- [0.0, 0.0, 1.0, 0.9434472603300068, 0.33152264926518094, 0.0, -0.33152264926518094,
  0.9434472603300068, 0.0]
- [0.0, 0.0, 1.0, 0.9420618926904752, 0.3354391007924384, 0.0, -0.3354391007924384,
  0.9420618926904752, 0.0]
- [0.0, 0.0, 1.0, 0.9407393073572355, 0.3391305878168892, 0.0, -0.3391305878168892,
  0.9407393073572355, 0.0]
- [0.0, 0.0, 1.0, 0.9400130925513174, 0.3411383675755463, 0.0, -0.3411383675755463,
  0.9400130925513174, 0.0]
- [0.0, 0.0, 1.0, 0.9395604865256336, 0.3423829612578798, 0.0, -0.3423829612578798,
  0.9395604865256336, 0.0]
- [0.0, 0.0, 1.0, 0.9396733973782652, 0.3420729545865746, 0.0, -0.3420729545865746,
  0.9396733973782652, 0.0]
- [0.0, 0.0, 1.0, 0.9395917768856861, 0.34229708267643616, 0.0, -0.34229708267643616,
  0.9395917768856861, 0.0]
- [0.0, 0.0, 1.0, 0.9399727535857622, 0.34124950185516784, 0.0, -0.34124950185516784,
  0.9399727535857622, 0.0]
- [0.0, 0.0, 1.0, 0.941180301141985, 0.3379047805851263, 0.0, -0.3379047805851263,
  0.941180301141985, 0.0]
- [0.0, 0.0, 1.0, 0.9421438628727211, 0.33520880306350465, 0.0, -0.33520880306350465,
  0.9421438628727211, 0.0]
- [0.0, 0.0, 1.0, 0.9433926410426162, 0.3316780439321205, 0.0, -0.3316780439321205,
  0.9433926410426162, 0.0]
- [0.0, 0.0, 1.0, 0.945308467383775, 0.32617771458598793, 0.0, -0.32617771458598793,
  0.945308467383775, 0.0]
- [0.0, 0.0, 1.0, 0.9479175634763987, 0.31851576547004373, 0.0, -0.31851576547004373,
  0.9479175634763987, 0.0]
- [0.0, 0.0, 1.0, 0.950021918167833, 0.31218320742908506, 0.0, -0.31218320742908506,
  0.950021918167833, 0.0]
- [0.0, 0.0, 1.0, 0.9522276664077332, 0.3053890491286202, 0.0, -0.3053890491286202,
  0.9522276664077332, 0.0]
- [0.0, 0.0, 1.0, 0.9550844505311092, 0.296333751627602, 0.0, -0.296333751627602,
  0.9550844505311092, 0.0]
- [0.0, 0.0, 1.0, 0.9579873682166179, 0.28681039440264017, 0.0, -0.28681039440264017,
  0.9579873682166179, 0.0]
- [0.0, 0.0, 1.0, 0.9607360145282173, 0.27746407044595334, 0.0, -0.27746407044595334,
  0.9607360145282173, 0.0]
- [0.0, 0.0, 1.0, 0.9635050008166433, 0.26769033116890967, 0.0, -0.26769033116890967,
  0.9635050008166433, 0.0]
- [0.0, 0.0, 1.0, 0.9668982501804706, 0.25516224994686004, 0.0, -0.25516224994686004,
  0.9668982501804706, 0.0]
- [0.0, 0.0, 1.0, 0.9701869260058515, 0.24235785237395657, 0.0, -0.24235785237395657,
  0.9701869260058515, 0.0]
- [0.0, 0.0, 1.0, 0.9729139482350965, 0.231167578456833, 0.0, -0.231167578456833,
  0.9729139482350965, 0.0]
- [0.0, 0.0, 1.0, 0.976338216939508, 0.21624912980953798, 0.0, -0.21624912980953798,
  0.976338216939508, 0.0]
- [0.0, 0.0, 1.0, 0.9803898532333091, 0.1970678453659311, 0.0, -0.1970678453659311,
  0.9803898532333091, 0.0]
- [0.0, 0.0, 1.0, 0.9830105537040958, 0.1835490433272994, 0.0, -0.1835490433272994,
  0.9830105537040958, 0.0]
- [0.0, 0.0, 1.0, 0.9997912418459214, 0.020432149377643885, 0.0, -0.020432149377643885,
  0.9997912418459214, 0.0]
- [0.0, 0.0, 1.0, 0.9999807920631962, 0.006198024254776009, 0.0, -0.006198024254776009,
  0.9999807920631962, 0.0]
- [0.0, 0.0, 1.0, 0.990736486340119, 0.13579843384382265, 0.0, -0.13579843384382265,
  0.990736486340119, 0.0]
- [0.0, 0.0, 1.0, 0.9926655927158559, 0.12089260125449579, 0.0, -0.12089260125449579,
  0.9926655927158559, 0.0]
- [0.0, 0.0, 1.0, 0.9947463770663086, 0.102370138778128, 0.0, -0.102370138778128,
  0.9947463770663086, 0.0]
- [0.0, 0.0, 1.0, 0.9962792760431088, 0.0861835490509581, 0.0, -0.0861835490509581,
  0.9962792760431088, 0.0]
- [0.0, 0.0, 1.0, 0.9974854275270696, 0.0708718693921578, 0.0, -0.0708718693921578,
  0.9974854275270696, 0.0]
