{
 "cells": [
  {
   "cell_type": "markdown",
   "id": "b3a50449",
   "metadata": {},
   "source": [
    "# 11 · JAX solid taper — mixed hex+tet segment\n",
    "\n",
    "The **3-D solid tapered segment** homogenized entirely in **JAX**\n",
    "(`opensg_jax.fe_jax.solid_taper`): the FEniCS-OpenSG algorithm\n",
    "(`compute_stiffness(Taper=True)` + `compute_timo_boun`) with **element-type\n",
    "batches** — hex8 and tet4 volume elements are separate vmapped batches whose COO\n",
    "triplets concatenate under one global DOF numbering, so a **mixed hex+tet segment\n",
    "assembles natively into one system**.  The 2-D boundary cross-sections are\n",
    "**extracted from the 3-D segment** (the JAX analogue of dolfinx `create_submesh`):\n",
    "hex end-faces give quad4, tet end-faces give tri3 — a mixed segment therefore gets a\n",
    "**mixed quad+tri boundary**, solved by the same batched 2-D SG (4-mode nullspace KKT).\n",
    "\n",
    "Case: the tapered tube (thick wall $t/R=0.2$, single-ply $-45^\\circ$, $a_R=0.7$,\n",
    "`taper_study` mesh).  Three solid variants through the SAME solver — all-hex, a\n",
    "**hybrid** with half the hoop split into tets ($x_2>0$, main-diagonal 6-tet split), and\n",
    "all-tet — then the **RM shell** ring + tapered segment on the equivalent shell mesh.\n",
    "Validation of this solver vs FEniCS on identical meshes: **0.008 %** (hex square),\n",
    "**0.007 %** (hex m45), **0.63 %** (tet ellipse, diagonals ≤ 0.15 %)."
   ]
  },
  {
   "cell_type": "code",
   "execution_count": 1,
   "id": "0dfd093a",
   "metadata": {
    "execution": {
     "iopub.execute_input": "2026-07-10T20:42:48.610685Z",
     "iopub.status.busy": "2026-07-10T20:42:48.610502Z",
     "iopub.status.idle": "2026-07-10T20:42:53.352173Z",
     "shell.execute_reply": "2026-07-10T20:42:53.351316Z"
    }
   },
   "outputs": [
    {
     "name": "stdout",
     "output_type": "stream",
     "text": [
      "tube thick_m45_aR070 : 2640 nodes, 1920 hex\n"
     ]
    }
   ],
   "source": [
    "import os, sys, time\n",
    "import numpy as np\n",
    "\n",
    "ROOT = os.path.abspath(os.path.join(os.getcwd(), \"..\", \"..\"))\n",
    "sys.path.insert(0, ROOT); sys.path.insert(0, os.path.join(ROOT, \"mitc_rm_segment\"))\n",
    "from opensg_jax.fe_jax.solid_taper import (read_solid_segment_yaml, split_batches_to_tets,\n",
    "                                           compute_timo_taper_solid_seg)\n",
    "ORDER = [\"EA\", \"GA2\", \"GA3\", \"GJ\", \"EI2\", \"EI3\"]\n",
    "\n",
    "def show(title, S, dt=None):\n",
    "    print(\"\\n%s%s\" % (title, (\"   [%.2f s]\" % dt) if dt is not None else \"\"))\n",
    "    for r in range(6):\n",
    "        print(\"  \" + \"  \".join(\"% .4e\" % S[r, c] for c in range(6)))\n",
    "\n",
    "def pct(S, R):\n",
    "    cut = np.abs(R).max() / 1e3                      # VABS max/1000 neglect rule\n",
    "    E = np.full((6, 6), np.nan); m = np.abs(R) > cut\n",
    "    E[m] = 100.0 * (S[m] - R[m]) / R[m]\n",
    "    return E\n",
    "\n",
    "def show_pct(title, E):\n",
    "    print(\"\\n%s  (%% err, max/1000 rule; . = negligible)\" % title)\n",
    "    for r in range(6):\n",
    "        print(\"  \" + \"  \".join((\"%8.3f\" % E[r, c]) if np.isfinite(E[r, c]) else \"     .  \" for c in range(6)))\n",
    "    print(\"  max |err| = %.3f %%\" % np.nanmax(np.abs(E)))\n",
    "\n",
    "TAG = \"thick_m45_aR070\"\n",
    "MESH = os.path.join(ROOT, \"mitc_rm_segment\", \"out\", \"taper_study\", \"meshes\")\n",
    "seg_hex = read_solid_segment_yaml(os.path.join(MESH, \"solid_%s.yaml\" % TAG))\n",
    "print(\"tube %s : %d nodes, %d hex\" % (TAG, len(seg_hex[\"nodes\"]), seg_hex[\"nelem\"]))"
   ]
  },
  {
   "cell_type": "markdown",
   "id": "e425e0ef",
   "metadata": {},
   "source": [
    "## Solid variants — HEX, HYBRID (hex+tet), TET\n",
    "\n",
    "The hybrid splits every hex with centroid $x_2>0$ into 6 tets (main-diagonal scheme —\n",
    "face diagonals match between neighbours, so the tet region is conforming; the hex|tet\n",
    "interface is the standard node-tied transition).  **Both the segment and its extracted\n",
    "boundaries are mixed-element** for the hybrid.  Each run prints the boundary L/R and\n",
    "taper segment $6\\times6$ with wall times."
   ]
  },
  {
   "cell_type": "code",
   "execution_count": 2,
   "id": "251a0ddf",
   "metadata": {
    "execution": {
     "iopub.execute_input": "2026-07-10T20:42:53.354837Z",
     "iopub.status.busy": "2026-07-10T20:42:53.354451Z",
     "iopub.status.idle": "2026-07-10T20:43:15.904235Z",
     "shell.execute_reply": "2026-07-10T20:43:15.903202Z"
    }
   },
   "outputs": [
    {
     "name": "stdout",
     "output_type": "stream",
     "text": [
      "\n",
      "======== solid HEX : batches {'hex8': 1920}  dof=7920  total 8.00 s ========\n",
      "\n",
      "L boundary 6x6:   [1.24 s]\n",
      "   1.5071e+10   1.4889e-06  -6.3383e-06  -3.8883e+09   2.6010e-06  -8.1773e-07\n",
      "   1.4889e-06   4.6185e+09  -6.7967e-06  -2.2055e-06   1.9592e+09   8.2395e+06\n",
      "  -6.3383e-06  -6.6163e-06   4.6185e+09   3.9602e-06  -8.2395e+06   1.9592e+09\n",
      "  -3.8883e+09  -2.2055e-06   3.9602e-06   9.1149e+09  -2.4384e-06   2.1431e-06\n",
      "   4.6725e-07   1.9592e+09  -8.2395e+06  -3.0885e-07   7.6061e+09   1.5412e-06\n",
      "  -5.3329e-06   8.2395e+06   1.9592e+09   3.1997e-06  -6.4804e-07   7.6061e+09\n",
      "\n",
      "R boundary 6x6:   [1.24 s]\n",
      "   1.0555e+10   2.0202e-07   3.2823e-07  -1.9223e+09   2.7632e-06   2.9916e-06\n",
      "   2.0202e-07   3.3122e+09  -3.2364e-05  -2.5073e-07   9.7482e+08   8.3549e+06\n",
      "   3.2823e-07  -3.2537e-05   3.3122e+09  -9.7501e-07  -8.3549e+06   9.7482e+08\n",
      "  -1.9223e+09  -2.5073e-07  -9.7501e-07   3.1781e+09  -1.3298e-06  -1.0785e-06\n",
      "   4.0728e-06   9.7482e+08  -8.3549e+06  -1.9040e-06   2.6409e+09  -8.9186e-07\n",
      "  -1.4357e-06   8.3549e+06   9.7482e+08   2.9955e-07   1.2713e-07   2.6409e+09\n",
      "\n",
      "TAPER segment 6x6:   [5.39 s]\n",
      "   1.2320e+10   9.2528e-07  -2.0977e-06  -2.7595e+09   6.0744e-06  -4.8456e-06\n",
      "   9.2528e-07   3.3929e+09   5.6612e-06  -2.8148e-06   1.2790e+09  -4.4275e+08\n",
      "  -2.0977e-06   5.6703e-06   3.3929e+09   7.3605e-07   4.4275e+08   1.2790e+09\n",
      "  -2.7595e+09  -2.8148e-06   7.3605e-07   5.3002e+09  -4.2793e-06   2.6588e-06\n",
      "   6.0744e-06   1.2790e+09   4.4275e+08  -4.2793e-06   4.5580e+09  -4.7015e-06\n",
      "  -4.8456e-06  -4.4275e+08   1.2790e+09   2.6588e-06  -4.7320e-06   4.5580e+09\n"
     ]
    },
    {
     "name": "stdout",
     "output_type": "stream",
     "text": [
      "\n",
      "======== solid HYBRID : batches {'hex8': 960, 'tet4': 5760}  dof=7920  total 9.17 s ========\n",
      "\n",
      "L boundary 6x6:   [1.50 s]\n",
      "   1.5072e+10   4.3560e+04  -2.0796e+05  -3.8894e+09  -7.9626e+05   4.2651e+05\n",
      "   4.3560e+04   4.6231e+09   2.0057e+04   2.9016e+05   1.9601e+09   8.7992e+06\n",
      "  -2.0796e+05   2.0057e+04   4.6231e+09   1.8680e+05  -8.8429e+06   1.9600e+09\n",
      "  -3.8894e+09   2.9016e+05   1.8680e+05   9.1167e+09   1.1786e+06  -7.5163e+05\n",
      "  -7.9626e+05   1.9601e+09  -8.8429e+06   1.1786e+06   7.6077e+09  -4.0864e+04\n",
      "   4.2651e+05   8.7992e+06   1.9600e+09  -7.5163e+05  -4.0864e+04   7.6077e+09\n",
      "\n",
      "R boundary 6x6:   [1.50 s]\n",
      "   1.0556e+10  -3.8034e+04  -2.5572e+04  -1.9230e+09  -5.1611e+05   3.1946e+05\n",
      "  -3.8034e+04   3.3160e+09   1.0701e+04   2.6955e+05   9.7538e+08   8.7648e+06\n",
      "  -2.5572e+04   1.0701e+04   3.3160e+09  -4.3207e+04  -8.8016e+06   9.7537e+08\n",
      "  -1.9230e+09   2.6955e+05  -4.3207e+04   3.1789e+09   5.4372e+05  -3.7618e+05\n",
      "  -5.1611e+05   9.7538e+08  -8.8016e+06   5.4372e+05   2.6416e+09  -1.6606e+04\n",
      "   3.1946e+05   8.7648e+06   9.7537e+08  -3.7618e+05  -1.6606e+04   2.6416e+09\n",
      "\n",
      "TAPER segment 6x6:   [5.83 s]\n",
      "   1.2322e+10   4.2224e+06  -7.2522e+05  -2.7597e+09   3.6208e+06   5.5951e+05\n",
      "   4.2224e+06   3.3988e+09  -1.8415e+05  -3.0767e+06   1.2804e+09  -4.4555e+08\n",
      "  -7.2522e+05  -1.8415e+05   3.3989e+09   2.1500e+06   4.4533e+08   1.2804e+09\n",
      "  -2.7597e+09  -3.0767e+06   2.1500e+06   5.3072e+09  -4.5941e+06  -2.3456e+06\n",
      "   3.6208e+06   1.2804e+09   4.4533e+08  -4.5941e+06   4.5586e+09  -3.1654e+04\n",
      "   5.5951e+05  -4.4555e+08   1.2804e+09  -2.3456e+06  -3.1654e+04   4.5587e+09\n"
     ]
    },
    {
     "name": "stdout",
     "output_type": "stream",
     "text": [
      "\n",
      "======== solid TET : batches {'tet4': 11520}  dof=7920  total 5.37 s ========\n",
      "\n",
      "L boundary 6x6:   [0.86 s]\n",
      "   1.5073e+10   1.0021e-05  -3.2377e-06  -3.8906e+09   2.4450e-05  -9.8694e-06\n",
      "   1.0021e-05   4.6279e+09   1.9512e-05  -7.6586e-06   1.9610e+09   9.4005e+06\n",
      "  -3.2377e-06   1.8413e-05   4.6279e+09   1.6050e-06  -9.4005e+06   1.9610e+09\n",
      "  -3.8906e+09  -7.6586e-06   1.6050e-06   9.1185e+09  -1.7969e-05   6.3624e-06\n",
      "   2.4427e-05   1.9610e+09  -9.4005e+06  -1.7863e-05   7.6095e+09  -1.0103e-05\n",
      "  -1.3284e-05   9.4005e+06   1.9610e+09   8.3872e-06   3.2306e-06   7.6095e+09\n",
      "\n",
      "R boundary 6x6:   [0.86 s]\n",
      "   1.0557e+10  -4.0913e-06  -4.2695e-06  -1.9238e+09  -2.4839e-06  -5.3168e-06\n",
      "  -4.0913e-06   3.3199e+09  -8.3533e-06   2.4764e-06   9.7598e+08   9.2164e+06\n",
      "  -4.2695e-06  -8.3480e-06   3.3199e+09   2.6318e-06  -9.2164e+06   9.7598e+08\n",
      "  -1.9238e+09   2.4764e-06   2.6318e-06   3.1798e+09   1.9669e-06   3.0502e-06\n",
      "  -3.9363e-06   9.7598e+08  -9.2164e+06   1.7616e-06   2.6424e+09   3.4467e-07\n",
      "  -8.5058e-06   9.2164e+06   9.7598e+08   4.1661e-06   3.1448e-07   2.6424e+09\n",
      "\n",
      "TAPER segment 6x6:   [3.11 s]\n",
      "   1.2324e+10  -4.1559e-07   3.3985e-06  -2.7599e+09   6.3598e-06  -3.2955e-06\n",
      "  -4.1559e-07   3.4047e+09   5.0849e-05   1.2262e-06   1.2818e+09  -4.4808e+08\n",
      "   3.3985e-06   5.0839e-05   3.4047e+09  -1.0817e-06   4.4808e+08   1.2818e+09\n",
      "  -2.7599e+09   1.2262e-06  -1.0817e-06   5.3144e+09  -4.3132e-06   1.2010e-06\n",
      "   6.3598e-06   1.2818e+09   4.4808e+08  -4.3132e-06   4.5593e+09   4.4343e-05\n",
      "  -3.2955e-06  -4.4808e+08   1.2818e+09   1.2010e-06   4.4334e-05   4.5593e+09\n"
     ]
    }
   ],
   "source": [
    "conn = seg_hex[\"batches\"][\"hex8\"][0]\n",
    "cent_x2 = seg_hex[\"nodes\"][conn].mean(1)[:, 1]\n",
    "variants = {\"HEX\": seg_hex,\n",
    "            \"HYBRID\": split_batches_to_tets(seg_hex, mask=cent_x2 > 0.0),\n",
    "            \"TET\": split_batches_to_tets(seg_hex)}\n",
    "res = {}\n",
    "for name, sg in variants.items():\n",
    "    t0 = time.time()\n",
    "    DL, DR, DS, info = compute_timo_taper_solid_seg(sg, verbose=False)\n",
    "    dt = time.time() - t0\n",
    "    bt = {k: len(v[0]) for k, v in sg[\"batches\"].items()}\n",
    "    print(\"\\n======== solid %s : batches %s  dof=%d  total %.2f s ========\" % (name, bt, info[\"dof\"], dt))\n",
    "    show(\"L boundary 6x6:\", DL, info[\"t_boundary\"] / 2)\n",
    "    show(\"R boundary 6x6:\", DR, info[\"t_boundary\"] / 2)\n",
    "    show(\"TAPER segment 6x6:\", DS, info[\"t_segment\"])\n",
    "    res[name] = dict(L=DL, R=DR, seg=DS, dt=dt)"
   ]
  },
  {
   "cell_type": "markdown",
   "id": "3746dfc2",
   "metadata": {},
   "source": [
    "## RM shell — boundary rings + tapered shell segment\n",
    "\n",
    "The equivalent shell mesh (`shell_thick_m45_aR070.yaml`, center reference) through the\n",
    "general-RM taper machinery (`taper_study.shell_solve`, `mitc4_both`): ring $6\\times6$\n",
    "at L and R plus the tapered shell segment $6\\times6$."
   ]
  },
  {
   "cell_type": "code",
   "execution_count": 3,
   "id": "133a2692",
   "metadata": {
    "execution": {
     "iopub.execute_input": "2026-07-10T20:43:15.907030Z",
     "iopub.status.busy": "2026-07-10T20:43:15.906694Z",
     "iopub.status.idle": "2026-07-10T20:43:34.295361Z",
     "shell.execute_reply": "2026-07-10T20:43:34.294387Z"
    }
   },
   "outputs": [
    {
     "name": "stdout",
     "output_type": "stream",
     "text": [
      "RM shell total 18.38 s\n",
      "\n",
      "SHELL ring L 6x6:\n",
      "   1.5402e+10   8.0003e-06   3.5418e-06  -4.1862e+09   6.2651e-07   5.6753e-06\n",
      "   8.0003e-06   4.7463e+09   9.4509e-06   1.3831e-06   2.1147e+09  -4.1297e-05\n",
      "   3.5418e-06   9.4509e-06   4.7218e+09  -1.8057e-05  -1.3051e-05   2.1150e+09\n",
      "  -4.1862e+09   1.3831e-06  -1.8057e-05   9.3175e+09   1.8947e-05  -8.9533e-07\n",
      "   6.2651e-07   2.1147e+09  -1.3051e-05   1.8947e-05   7.7186e+09  -9.0018e-06\n",
      "   5.6753e-06  -4.1297e-05   2.1150e+09  -8.9533e-07  -9.0018e-06   7.7203e+09\n",
      "\n",
      "SHELL ring R 6x6:\n",
      "   1.0782e+10  -2.6767e-06  -4.0114e-06  -2.0512e+09  -3.1369e-06   3.5169e-07\n",
      "  -2.6767e-06   3.3778e+09  -1.1203e-04   5.5164e-05   1.0448e+09  -1.4050e-05\n",
      "  -4.0114e-06  -1.1203e-04   3.3548e+09  -1.6277e-05   3.5263e-05   1.0443e+09\n",
      "  -2.0512e+09   5.5164e-05  -1.6277e-05   3.2212e+09   1.6576e-07   5.7840e-07\n",
      "  -3.1369e-06   1.0448e+09   3.5263e-05   1.6576e-07   2.6588e+09   6.1893e-06\n",
      "   3.5169e-07  -1.4050e-05   1.0443e+09   5.7840e-07   6.1893e-06   2.6594e+09\n",
      "\n",
      "SHELL taper segment 6x6:\n",
      "   1.2361e+10  -3.1670e-06   3.1675e-06  -2.7098e+09  -2.7551e-05   1.0346e-05\n",
      "  -3.1670e-06   3.5381e+09  -6.3927e+07   2.4840e-05   1.3703e+09  -5.1009e+08\n",
      "   3.1675e-06  -6.3927e+07   3.4979e+09  -3.5267e-05   4.5880e+08   1.3708e+09\n",
      "  -2.7098e+09   2.4840e-05  -3.5267e-05   5.3402e+09   1.0274e-04  -1.7984e-05\n",
      "  -2.7551e-05   1.3703e+09   4.5880e+08   1.0274e-04   4.5903e+09  -1.2095e+07\n",
      "   1.0346e-05  -5.1009e+08   1.3708e+09  -1.7984e-05  -1.2095e+07   4.5885e+09\n"
     ]
    }
   ],
   "source": [
    "t0 = time.time()\n",
    "from taper_study import shell_solve\n",
    "CL, S6, CR = shell_solve(TAG)\n",
    "print(\"RM shell total %.2f s\" % (time.time() - t0))\n",
    "show(\"SHELL ring L 6x6:\", CL)\n",
    "show(\"SHELL ring R 6x6:\", CR)\n",
    "show(\"SHELL taper segment 6x6:\", S6)\n",
    "res[\"SHELL\"] = dict(L=CL, R=CR, seg=S6)"
   ]
  },
  {
   "cell_type": "markdown",
   "id": "dfcc6884",
   "metadata": {},
   "source": [
    "## Comparisons\n",
    "\n",
    "Hybrid and all-tet vs the all-hex reference (same solver, same geometry), then the RM\n",
    "shell vs the solid for the boundary rings and the tapered segment.  The thick\n",
    "($t/R=0.2$) $-45^\\circ$ wall is the demanding regime for a shell — diagonals agree to a\n",
    "few %, the large entries are the $-45^\\circ$ coupling terms."
   ]
  },
  {
   "cell_type": "code",
   "execution_count": 4,
   "id": "10eb8af6",
   "metadata": {
    "execution": {
     "iopub.execute_input": "2026-07-10T20:43:34.297697Z",
     "iopub.status.busy": "2026-07-10T20:43:34.297370Z",
     "iopub.status.idle": "2026-07-10T20:43:34.304005Z",
     "shell.execute_reply": "2026-07-10T20:43:34.303243Z"
    }
   },
   "outputs": [
    {
     "name": "stdout",
     "output_type": "stream",
     "text": [
      "\n",
      "solid HYBRID vs solid HEX -- segment  (% err, max/1000 rule; . = negligible)\n",
      "     0.017       .         .       0.008       .         .  \n",
      "       .       0.174       .         .       0.107     0.634\n",
      "       .         .       0.175       .       0.582     0.110\n",
      "     0.008       .         .       0.133       .         .  \n",
      "       .       0.107     0.582       .       0.012       .  \n",
      "       .       0.634     0.110       .         .       0.013\n",
      "  max |err| = 0.634 %\n",
      "\n",
      "solid TET    vs solid HEX -- segment  (% err, max/1000 rule; . = negligible)\n",
      "     0.033       .         .       0.016       .         .  \n",
      "       .       0.347       .         .       0.212     1.204\n",
      "       .         .       0.347       .       1.204     0.212\n",
      "     0.016       .         .       0.269       .         .  \n",
      "       .       0.212     1.204       .       0.028       .  \n",
      "       .       1.204     0.212       .         .       0.028\n",
      "  max |err| = 1.204 %\n",
      "\n",
      "RM SHELL vs solid HEX -- L ring  (% err, max/1000 rule; . = negligible)\n",
      "     2.198       .         .       7.661       .         .  \n",
      "       .       2.767       .         .       7.938       .  \n",
      "       .         .       2.237       .         .       7.950\n",
      "     7.661       .         .       2.223       .         .  \n",
      "       .       7.938       .         .       1.479       .  \n",
      "       .         .       7.950       .         .       1.501\n",
      "  max |err| = 7.950 %\n",
      "\n",
      "RM SHELL vs solid HEX -- R ring  (% err, max/1000 rule; . = negligible)\n",
      "     2.144       .         .       6.710       .         .  \n",
      "       .       1.980       .         .       7.175       .  \n",
      "       .         .       1.286       .         .       7.128\n",
      "     6.710       .         .       1.357       .         .  \n",
      "       .       7.175       .         .       0.678       .  \n",
      "       .         .       7.128       .         .       0.698\n",
      "  max |err| = 7.175 %\n",
      "\n",
      "RM SHELL vs solid HEX -- TAPER segment  (% err, max/1000 rule; . = negligible)\n",
      "     0.338       .         .      -1.801       .         .  \n",
      "       .       4.277       .         .       7.136    15.210\n",
      "       .         .       3.093       .       3.626     7.178\n",
      "    -1.801       .         .       0.756       .         .  \n",
      "       .       7.136     3.626       .       0.708       .  \n",
      "       .      15.210     7.178       .         .       0.668\n",
      "  max |err| = 15.210 %\n"
     ]
    }
   ],
   "source": [
    "show_pct(\"solid HYBRID vs solid HEX -- segment\", pct(res[\"HYBRID\"][\"seg\"], res[\"HEX\"][\"seg\"]))\n",
    "show_pct(\"solid TET    vs solid HEX -- segment\", pct(res[\"TET\"][\"seg\"], res[\"HEX\"][\"seg\"]))\n",
    "for part, nm in ((\"L\", \"L ring\"), (\"R\", \"R ring\"), (\"seg\", \"TAPER segment\")):\n",
    "    show_pct(\"RM SHELL vs solid HEX -- %s\" % nm, pct(res[\"SHELL\"][part], res[\"HEX\"][part]))"
   ]
  }
 ],
 "metadata": {
  "language_info": {
   "codemirror_mode": {
    "name": "ipython",
    "version": 3
   },
   "file_extension": ".py",
   "mimetype": "text/x-python",
   "name": "python",
   "nbconvert_exporter": "python",
   "pygments_lexer": "ipython3",
   "version": "3.13.9"
  }
 },
 "nbformat": 4,
 "nbformat_minor": 5
}
