# t[ms]  sx/q0_RM_surface(z=h/2)  sx/q0_RM_centroid(z=h/2-tply/2)  sx/q0_Abaqus3D_centroid(interp between dumps) (blast pulse)
5.000000000000000278e-02 3.448010784408721552e-01 3.392016724013880991e-01 4.557438868713232782e-01
1.000000000000000056e-01 5.706114770289436589e-01 5.553799042823854837e-01 7.540356806480501550e-01
1.499999999999999944e-01 1.309938808264152321e+00 1.263502167411054034e+00 1.468382158952222127e+00
2.000000000000000111e-01 2.948001645946616289e+00 2.832598454350933270e+00 2.182728637256394766e+00
2.500000000000000000e-01 5.786972609496086939e+00 5.552136595399804975e+00 3.296842990397140127e+00
2.999999999999999889e-01 9.927096536769358437e+00 9.518135935184989904e+00 6.641241276836661100e+00
3.499999999999999778e-01 1.522401907203721727e+01 1.459229147253518377e+01 9.985639563276187403e+00
4.000000000000000222e-01 2.133761277772391551e+01 2.044875584367242993e+01 1.333003784971571193e+01
4.500000000000000111e-01 2.784882666427723663e+01 2.668608418203859145e+01 1.667443613615523290e+01
5.000000000000000000e-01 3.440428084563654210e+01 3.296575942105167201e+01 2.001883442259475743e+01
5.500000000000000444e-01 4.083955535087240207e+01 3.913029587322120051e+01 2.393494912902074034e+01
5.999999999999999778e-01 4.722043555836690132e+01 4.524274916743167552e+01 2.897081611364504283e+01
6.500000000000000222e-01 5.381952501439113945e+01 5.156429710477852524e+01 3.400668309826935598e+01
6.999999999999999556e-01 6.098162208951372065e+01 5.842525449722201358e+01 3.904255008289366913e+01
7.500000000000000000e-01 6.901440682376279767e+01 6.612036788804532250e+01 4.407841706751798228e+01
8.000000000000000444e-01 7.802642150388852826e+01 7.475357525385767588e+01 4.911428405214229542e+01
8.499999999999999778e-01 8.790650345493844497e+01 8.421834387355174556e+01 5.415015103676660146e+01
9.000000000000000222e-01 9.832940485698647137e+01 9.420304738209797790e+01 5.918601802139090751e+01
9.499999999999999556e-01 1.088641690171409095e+02 1.042948198794127848e+02 6.422188500601521355e+01
1.000000000000000000e+00 1.191280777118000458e+02 1.141270354202775081e+02 6.925775199063953380e+01
1.050000000000000044e+00 1.289202924251194702e+02 1.235073397445872700e+02 7.809548410677092534e+01
1.100000000000000089e+00 1.382889701062756558e+02 1.324819278610027879e+02 8.701080530721883122e+01
1.149999999999999911e+00 1.474948872703373866e+02 1.413006738650826719e+02 9.592612650766669447e+01
1.199999999999999956e+00 1.568910989669162745e+02 1.503018207147341059e+02 1.048414477081145577e+02
1.250000000000000000e+00 1.667555729538738944e+02 1.597516516712648240e+02 1.137567689085624636e+02
1.300000000000000044e+00 1.771752346897608845e+02 1.697333973861979359e+02 1.226720901090103268e+02
1.350000000000000089e+00 1.879993073268134367e+02 1.801025569604497889e+02 1.315874113094582185e+02
1.399999999999999911e+00 1.988962504779943572e+02 1.905414641710949581e+02 1.405027325099060818e+02
1.449999999999999956e+00 2.094948597551744172e+02 2.006944759055531904e+02 1.494180537103539450e+02
1.500000000000000000e+00 2.195051480471225034e+02 2.102837855660406490e+02 1.583333749108018651e+02
1.550000000000000044e+00 2.288036435491458462e+02 2.191911397745503791e+02 1.668920745609709400e+02
1.600000000000000089e+00 2.374551906909008778e+02 2.274787171584922874e+02 1.754434962203180532e+02
1.649999999999999911e+00 2.456382718075817024e+02 2.353175598966969346e+02 1.839949178796651381e+02
1.699999999999999956e+00 2.535712730196966334e+02 2.429169256792095268e+02 1.925463395390122230e+02
1.750000000000000000e+00 2.614264389745174526e+02 2.504418434287090918e+02 2.010977611983593363e+02
1.800000000000000044e+00 2.692632156065682238e+02 2.579492526607281775e+02 2.096491828577064211e+02
1.850000000000000089e+00 2.770119195564469692e+02 2.653723603338268617e+02 2.182006045170535344e+02
1.899999999999999911e+00 2.844843044365209153e+02 2.725307627096166243e+02 2.267520261764006193e+02
1.949999999999999956e+00 2.914560459741016416e+02 2.792095002271029216e+02 2.353034478357477042e+02
2.000000000000000000e+00 2.977312025709082945e+02 2.852208232151929792e+02 2.438548694950948175e+02
2.050000000000000266e+00 3.031921033411113626e+02 2.904519932569171488e+02 2.456263597282574267e+02
2.100000000000000089e+00 3.078142546299058608e+02 2.948795701511222660e+02 2.472594840139468317e+02
2.149999999999999911e+00 3.116623448873489224e+02 2.985655809909087566e+02 2.488926082996362652e+02
2.200000000000000178e+00 3.148584563258348794e+02 3.016270568804559957e+02 2.505257325853256702e+02
2.250000000000000000e+00 3.175216972627052883e+02 3.041781613356054095e+02 2.521588568710150753e+02
2.299999999999999822e+00 3.197600336012508251e+02 3.063223756589895856e+02 2.537919811567045087e+02
2.350000000000000089e+00 3.215922267723590267e+02 3.080776581250469803e+02 2.554251054423939422e+02
2.399999999999999911e+00 3.230096526425880370e+02 3.094357206338875699e+02 2.570582297280833473e+02
2.449999999999999734e+00 3.238717438359080916e+02 3.102617901191775900e+02 2.586913540137727523e+02
2.500000000000000000e+00 3.240587932526441364e+02 3.104410914132180892e+02 2.603244782994622142e+02
2.550000000000000266e+00 3.234883534898719972e+02 3.098946063025083504e+02 2.560475491532700403e+02
2.600000000000000089e+00 3.220284081446669120e+02 3.084958063062402402e+02 2.516500066717333652e+02
2.649999999999999911e+00 3.196926701883888313e+02 3.062579035674959869e+02 2.472524641901966334e+02
2.700000000000000178e+00 3.164839109051507648e+02 3.031836265956019929e+02 2.428549217086599299e+02
2.750000000000000000e+00 3.125091078869891135e+02 2.993755825092233067e+02 2.384573792271232549e+02
2.799999999999999822e+00 3.078691689167994241e+02 2.949305164395573797e+02 2.340598367455865230e+02
2.850000000000000089e+00 3.027072610132673844e+02 2.899856383839216392e+02 2.296622942640498195e+02
2.899999999999999911e+00 2.971249463352773432e+02 2.846382146623011522e+02 2.252647517825131445e+02
2.949999999999999734e+00 2.911615585523606455e+02 2.789258285854128872e+02 2.208672093009764126e+02
3.000000000000000000e+00 2.847809708477022923e+02 2.728137450581895109e+02 2.164696668194397091e+02
3.050000000000000266e+00 2.778637012250230214e+02 2.661873784891397463e+02 2.090258457147166951e+02
3.100000000000000089e+00 2.702635488929544749e+02 2.589066030436560482e+02 2.015198556585001199e+02
3.149999999999999911e+00 2.618587173956995571e+02 2.508547488852344429e+02 1.940138656022835164e+02
3.200000000000000178e+00 2.526051401506552168e+02 2.419896992959953366e+02 1.865078755460668845e+02
3.250000000000000000e+00 2.425695192100895667e+02 2.323754899623831989e+02 1.790018854898503093e+02
3.299999999999999822e+00 2.319123671562449545e+02 2.221660288747953587e+02 1.714958954336336774e+02
3.350000000000000089e+00 2.208371634198262257e+02 2.115563262873679946e+02 1.639899053774170739e+02
3.399999999999999911e+00 2.095356506555025362e+02 2.007300693299704619e+02 1.564839153212004987e+02
3.449999999999999734e+00 1.981308574727110567e+02 1.898050356280585618e+02 1.489779252649838668e+02
3.500000000000000000e+00 1.866411352501559406e+02 1.787986672644099144e+02 1.414719352087672632e+02
3.550000000000000266e+00 1.749954642370331612e+02 1.676427822996163002e+02 1.329617477620685690e+02
3.600000000000000089e+00 1.630723739909102790e+02 1.562209259046876468e+02 1.244310664910744322e+02
3.649999999999999911e+00 1.507363948224643195e+02 1.444032991947825622e+02 1.159003852200802100e+02
3.700000000000000178e+00 1.378838845304317147e+02 1.320906714747921171e+02 1.073697039490859879e+02
3.750000000000000000e+00 1.244775986588716847e+02 1.192474778058131619e+02 9.883902267809182263e+01
3.799999999999999822e+00 1.105889793357444546e+02 1.059422901353392774e+02 9.030834140709760050e+01
3.850000000000000089e+00 9.639753564250008822e+01 9.234718854990708792e+01 8.177766013610337836e+01
3.899999999999999911e+00 8.216478331681348379e+01 7.871274186500863834e+01 7.324697886510922729e+01
3.950000000000000178e+00 6.816570258615426781e+01 6.530236083555850257e+01 6.471629759411491989e+01
4.000000000000000000e+00 5.459341302514415872e+01 5.230095569593059679e+01 5.618561632312076881e+01
4.049999999999999822e+00 4.149683555291494486e+01 3.975526778431417085e+01 4.583202896112418756e+01
4.100000000000000533e+00 2.874519378742536446e+01 2.753988641797245407e+01 3.544123943400491328e+01
4.150000000000000355e+00 1.608927341288955759e+01 1.541598604612617152e+01 2.505044990688582374e+01
4.200000000000000178e+00 3.254891622025360309e+00 3.120888077322739651e+00 1.465966037976673420e+01
4.250000000000000000e+00 -9.933338051730951079e+00 -9.513364592713482892e+00 4.268870852647459913e+00
4.299999999999999822e+00 -2.346404648810440463e+01 -2.247576495536756624e+01 -6.121918674471629629e+00
4.349999999999999645e+00 -3.711395216665934527e+01 -3.555227705790092330e+01 -1.651270820159071206e+01
4.400000000000000355e+00 -5.051486739951077709e+01 -4.839007140011833030e+01 -2.690349772870999345e+01
4.450000000000000178e+00 -6.325152460146480138e+01 -6.059127437907046954e+01 -3.729428725582907589e+01
4.500000000000000000e+00 -7.503252755022833753e+01 -7.187676318608477288e+01 -4.768507678294817254e+01
4.549999999999999822e+00 -8.577094461089711785e+01 -8.216335572525355246e+01 -5.641798119151361846e+01
4.599999999999999645e+00 -9.563685953453139632e+01 -9.161413634959245655e+01 -6.511705120990433215e+01
4.649999999999999467e+00 -1.049795766269950263e+02 -1.005638749546544659e+02 -7.381612122829506006e+01
4.700000000000000178e+00 -1.141833663366528810e+02 -1.093807862130874327e+02 -8.251519124668591587e+01
4.750000000000000000e+00 -1.235252662284388663e+02 -1.183302753181247482e+02 -9.121426126507662957e+01
4.799999999999999822e+00 -1.330425020963459986e+02 -1.274479275421582258e+02 -9.991333128346735748e+01
4.850000000000000533e+00 -1.425047385527128085e+02 -1.365129412622803784e+02 -1.086124013018582133e+02
4.899999999999999467e+00 -1.514920882682841921e+02 -1.451229118358246524e+02 -1.173114713202489270e+02
4.950000000000000178e+00 -1.595224039296261651e+02 -1.528158181846056607e+02 -1.260105413386397970e+02
5.000000000000000000e+00 -1.662478827123695169e+02 -1.592584309756450409e+02 -1.347096113570305249e+02
5.049999999999999822e+00 -1.715604878148020305e+02 -1.643473084722296278e+02 -1.368992365216483051e+02
5.100000000000000533e+00 -1.756507276161821096e+02 -1.682650920464055275e+02 -1.389560158729237855e+02
5.150000000000000355e+00 -1.789291717884395609e+02 -1.714052780164905414e+02 -1.410127952241992375e+02
5.200000000000000178e+00 -1.818598877980697068e+02 -1.742125944812123066e+02 -1.430695745754746895e+02
5.250000000000000000e+00 -1.847913773594021620e+02 -1.770209772245003421e+02 -1.451263539267501699e+02
5.299999999999999822e+00 -1.878112798145132842e+02 -1.799143590356152060e+02 -1.471831332780256218e+02
5.349999999999999645e+00 -1.906988821625166679e+02 -1.826811632875273972e+02 -1.492399126293010738e+02
5.400000000000000355e+00 -1.930314452743841116e+02 -1.849162340638188482e+02 -1.512966919805765826e+02
5.450000000000000178e+00 -1.943227969444679388e+02 -1.861536440689148435e+02 -1.533534713318520346e+02
5.500000000000000000e+00 -1.942311997152579863e+02 -1.860659140526666420e+02 -1.554102506831274866e+02
5.549999999999999822e+00 -1.926674004494086034e+02 -1.845675426075940777e+02 -1.501057585760780171e+02
5.599999999999999645e+00 -1.898355249922655048e+02 -1.818541965342613480e+02 -1.446510364392669317e+02
5.649999999999999467e+00 -1.861405738835902639e+02 -1.783140338517219163e+02 -1.391963143024558178e+02
5.700000000000000178e+00 -1.820319646800434157e+02 -1.743777729656372912e+02 -1.337415921656446187e+02
5.750000000000000000e+00 -1.778498166769744273e+02 -1.703713596931053758e+02 -1.282868700288335049e+02
5.799999999999999822e+00 -1.737135551821469619e+02 -1.664092320013158428e+02 -1.228321478920223910e+02
5.850000000000000533e+00 -1.694871057503251564e+02 -1.623609438991641127e+02 -1.173774257552111919e+02
5.899999999999999467e+00 -1.648630928402862423e+02 -1.579318866015174194e+02 -1.119227036184000923e+02
5.950000000000000178e+00 -1.594574645973661688e+02 -1.527539640014616396e+02 -1.064679814815888790e+02
6.000000000000000000e+00 -1.529664234938273921e+02 -1.465360044623307090e+02 -1.010132593447777793e+02
6.049999999999999822e+00 -1.452558823709929925e+02 -1.391494883072158473e+02 -9.245270321229462240e+01
6.100000000000000533e+00 -1.364307039924992182e+02 -1.306949193863131313e+02 -8.382876271255267397e+01
6.150000000000000355e+00 -1.267864729448396872e+02 -1.214555760372715838e+02 -7.520482221281089608e+01
6.200000000000000178e+00 -1.167351420401058704e+02 -1.118262788198993292e+02 -6.658088171306910397e+01
6.250000000000000000e+00 -1.066609617843029270e+02 -1.021752905525039239e+02 -5.795694121332716975e+01
6.299999999999999822e+00 -9.678949399487099470e+01 -9.271879275387186681e+01 -4.933300071358538474e+01
6.349999999999999645e+00 -8.711756234903067764e+01 -8.345374123235862385e+01 -4.070906021384359974e+01
6.400000000000000355e+00 -7.743579398822484450e+01 -7.417947491742827992e+01 -3.208511971410166552e+01
6.450000000000000178e+00 -6.740670051353345116e+01 -6.457252066406429947e+01 -2.346117921435987341e+01
6.500000000000000000e+00 -5.671486599746140911e+01 -5.433054646098114659e+01 -1.483723871461809551e+01
6.550000000000000711e+00 -4.518092126223571370e+01 -4.328158848996384478e+01 -6.716605073998161757e+00
6.599999999999999645e+00 -3.285541656598608284e+01 -3.147403239061254254e+01 1.393756998068102604e+00
6.649999999999999467e+00 -1.998189080234467596e+01 -1.914124092609035799e+01 9.504119070134368741e+00
6.700000000000000178e+00 -6.932061247157214723e+00 -6.639448545541649871e+00 1.761448114220077699e+01
6.750000000000000000e+00 5.925904387836185450e+00 5.678474653030289865e+00 2.572484321426704312e+01
6.799999999999999822e+00 1.834191418215163694e+01 1.757279314939788151e+01 3.383520528633330571e+01
6.850000000000000533e+00 3.025318428541831040e+01 2.898328040290545360e+01 4.194556735839971395e+01
6.899999999999999467e+00 4.178476280457421410e+01 4.002974848528946694e+01 5.005592943046598009e+01
6.949999999999999289e+00 5.318069637892421753e+01 5.094610011499561608e+01 5.816629150253224623e+01
7.000000000000000000e+00 6.470218045680610430e+01 6.198272603094777367e+01 6.627665357459865447e+01
7.049999999999999822e+00 7.651457821163890571e+01 7.329820982879672897e+01 7.397140727160910956e+01
7.100000000000000533e+00 8.862751385754388878e+01 8.490188699529679184e+01 8.165767916504711366e+01
7.150000000000000355e+00 1.008899535546053698e+02 9.664909809073519398e+01 8.934395105848498986e+01
7.200000000000000178e+00 1.130397142286978323e+02 1.082885960005650219e+02 9.703022295192286606e+01
7.250000000000000000e+00 1.247884380532556463e+02 1.195439906084892527e+02 1.047164948453608702e+02
7.299999999999999822e+00 1.359097606939663194e+02 1.301982464950831968e+02 1.124027667387987606e+02
7.349999999999999645e+00 1.462917240620320172e+02 1.401439598706511163e+02 1.200890386322366226e+02
7.400000000000000355e+00 1.559556760399194957e+02 1.494015188270662691e+02 1.277753105256746267e+02
7.450000000000000178e+00 1.650385549685005060e+02 1.581021539496557580e+02 1.354615824191125171e+02
7.500000000000000000e+00 1.737134334615253408e+02 1.664117989739077359e+02 1.431478543125504075e+02
7.550000000000000711e+00 1.821253653140375377e+02 1.744696002542957842e+02 1.486881428795201430e+02
7.599999999999999645e+00 1.903394734891899418e+02 1.823381205168647057e+02 1.541846358683986296e+02
7.649999999999999467e+00 1.983112270058166189e+02 1.899747954658466824e+02 1.596811288572771161e+02
7.700000000000000178e+00 2.059198758461878924e+02 1.972639388365683999e+02 1.651776218461556880e+02
7.750000000000000000e+00 2.130028631409631146e+02 2.040497107620981865e+02 1.706741148350341746e+02
7.799999999999999822e+00 2.194011932196099792e+02 2.101796116044767473e+02 1.761706078239126612e+02
7.849999999999999645e+00 2.249991577412417314e+02 2.155426214213435117e+02 1.816671008127911477e+02
7.900000000000000355e+00 2.297350702631436548e+02 2.200795165999874996e+02 1.871635938016698049e+02
7.950000000000000178e+00 2.336020621213443462e+02 2.237836923564724145e+02 1.926600867905482914e+02
8.000000000000000000e+00 2.366518537790476273e+02 2.267047902330953661e+02 1.981565797794267780e+02
8.050000000000000711e+00 2.389636392941443432e+02 2.289188314022888449e+02 1.979779716770416940e+02
8.099999999999999645e+00 2.406498140477481797e+02 2.305336741333779003e+02 1.976835451850390655e+02
8.149999999999998579e+00 2.418222503589308872e+02 2.316566330894734733e+02 1.973891186930364370e+02
8.200000000000001066e+00 2.425614013722299660e+02 2.323648393722014873e+02 1.970946922010338085e+02
8.250000000000000000e+00 2.428771366308279482e+02 2.326677000409873983e+02 1.968002657090311800e+02
8.300000000000000711e+00 2.426860914069575301e+02 2.324852156546000685e+02 1.965058392170285799e+02
8.349999999999999645e+00 2.418287638319882547e+02 2.316644048572219390e+02 1.962114127250259514e+02
8.400000000000000355e+00 2.401197159337854714e+02 2.300274661165403245e+02 1.959169862330233229e+02
8.449999999999999289e+00 2.374048891873206628e+02 2.274267203127897687e+02 1.956225597410207229e+02
8.500000000000000000e+00 2.336463695846398423e+02 2.238258669179390381e+02 1.953281332490180660e+02
8.550000000000000711e+00 2.289297350897297179e+02 2.193069930145632327e+02 1.874033700955507413e+02
8.599999999999999645e+00 2.234553188145508216e+02 2.140621799211485836e+02 1.793228857857271237e+02
8.650000000000000355e+00 2.174661257657629108e+02 2.083243887666260434e+02 1.712424014759034776e+02
8.699999999999999289e+00 2.111735943387855627e+02 2.022962836128909316e+02 1.631619171660798315e+02
8.750000000000000000e+00 2.046790727490191273e+02 1.960749726324320932e+02 1.550814328562559297e+02
8.800000000000000711e+00 1.979439169015998914e+02 1.896233568126133946e+02 1.470009485464322836e+02
8.849999999999999645e+00 1.908118504257853942e+02 1.827915898076679184e+02 1.389204642366086659e+02
8.900000000000000355e+00 1.830554351763095156e+02 1.753616241546511105e+02 1.308399799267850199e+02
8.949999999999999289e+00 1.744732689573911841e+02 1.671403959174975569e+02 1.227594956169613880e+02
9.000000000000000000e+00 1.649609266543567969e+02 1.580278117151577248e+02 1.146790113071377561e+02
9.050000000000000711e+00 1.545668078421695668e+02 1.480702742996603547e+02 1.037962121959284048e+02
9.099999999999999645e+00 1.434903359219140953e+02 1.374589394085979563e+02 9.285622298673193598e+01
9.150000000000000355e+00 1.320264359274962374e+02 1.264764886615743080e+02 8.191623377753546720e+01
9.199999999999999289e+00 1.204727284786697368e+02 1.154081727437324218e+02 7.097624456833898421e+01
9.250000000000000000e+00 1.090377853546866760e+02 1.044538844009341716e+02 6.003625535914252254e+01
9.299999999999998934e+00 9.777691429691664382e+01 9.366661264537124509e+01 4.909626614994604665e+01
9.350000000000001421e+00 8.656769151196110101e+01 8.292899127696880157e+01 3.815627694074919418e+01
9.400000000000000355e+00 7.518368341017925616e+01 7.202398176227229953e+01 2.721628773155272540e+01
9.449999999999999289e+00 6.335946601595939143e+01 6.069716146171856508e+01 1.627629852235625663e+01
9.500000000000000000e+00 5.091435184170669004e+01 4.877532492840642675e+01 5.336309313159773637e+00
9.549999999999998934e+00 3.782595669706940100e+01 3.623698256790348182e+01 -3.961080792196394640e+00
9.599999999999999645e+00 2.426256193351883539e+01 2.324338131118362227e+01 -1.322494846686191394e+01
9.650000000000000355e+00 1.054098698508941112e+01 1.009814097066156258e+01 -2.248881614152775299e+01
9.700000000000001066e+00 -2.975207803733251222e+00 -2.850309494962428136e+00 -3.175268381619327229e+01
9.750000000000000000e+00 -1.599002845307941456e+01 -1.531827882234085436e+01 -4.101655149085878804e+01
9.799999999999998934e+00 -2.837111528707438879e+01 -2.717889086236130325e+01 -5.028041916552430735e+01
9.849999999999999645e+00 -4.018707139034982134e+01 -3.849787197051785625e+01 -5.954428684018982665e+01
9.900000000000000355e+00 -5.167686490432488711e+01 -4.950424216463176919e+01 -6.880815451485567280e+01
9.950000000000001066e+00 -6.314264189916358561e+01 -6.048759466103724947e+01 -7.807202218952119210e+01
1.000000000000000000e+01 -7.484108880324659197e+01 -7.169397783449488770e+01 -8.733588986418671141e+01
1.005000000000000071e+01 -8.686935321183798919e+01 -8.321656395063726563e+01 -9.347736541953594269e+01
1.009999999999999964e+01 -9.911411769364012514e+01 -9.494681787499904146e+01 -9.961884097488518819e+01
1.014999999999999858e+01 -1.112744072738310166e+02 -1.065963484421439773e+02 -1.057603165302344337e+02
1.020000000000000107e+01 -1.229453988788084331e+02 -1.177772065569635487e+02 -1.119017920855838781e+02
1.025000000000000000e+01 -1.337647510547946013e+02 -1.281421251866740931e+02 -1.180432676409331236e+02
1.030000000000000071e+01 -1.435283295944815336e+02 -1.374954288258046802e+02 -1.241847431962823549e+02
1.034999999999999964e+01 -1.522685005106607719e+02 -1.458680771683834507e+02 -1.303262187516315862e+02
1.040000000000000036e+01 -1.602362417078389285e+02 -1.535005466957887563e+02 -1.364676943069808317e+02
1.044999999999999929e+01 -1.677971579532464830e+02 -1.607431946625695502e+02 -1.426091698623300772e+02
1.050000000000000000e+01 -1.752931753210799855e+02 -1.679237301128361537e+02 -1.487506454176795216e+02
1.055000000000000071e+01 -1.828703937323456898e+02 -1.751822336569225058e+02 -1.525723883064820257e+02
1.059999999999999964e+01 -1.904423775630606599e+02 -1.824359685440587668e+02 -1.563941311952845012e+02
1.065000000000000036e+01 -1.976922415997628093e+02 -1.893813525316398625e+02 -1.602158740840870053e+02
1.069999999999999929e+01 -2.041911445105621112e+02 -1.956074612113798139e+02 -1.640376169728895093e+02
1.075000000000000000e+01 -2.095698038670784058e+02 -2.007604071936276284e+02 -1.678593598616920133e+02
1.080000000000000071e+01 -2.136560163536335608e+02 -2.046751006053109165e+02 -1.716811027504946310e+02
1.084999999999999964e+01 -2.165146278905952499e+02 -2.074135792055404011e+02 -1.755028456392971350e+02
1.090000000000000036e+01 -2.184329055582033448e+02 -2.092510445863789244e+02 -1.793245885280996390e+02
1.094999999999999929e+01 -2.197827753792864200e+02 -2.105438501615472831e+02 -1.831463314169021146e+02
1.100000000000000000e+01 -2.208760872645392226e+02 -2.115908542473362388e+02 -1.869680743057046186e+02
1.105000000000000071e+01 -2.218497865421236099e+02 -2.125233542652476899e+02 -1.854901403384598950e+02
1.109999999999999964e+01 -2.226207393418923743e+02 -2.132617985838078880e+02 -1.840122063712151999e+02
1.115000000000000036e+01 -2.229222843465087465e+02 -2.135507553744313327e+02 -1.825342724039705331e+02
1.119999999999999929e+01 -2.224193480045445597e+02 -2.130692016107404072e+02 -1.810563384367258379e+02
1.125000000000000000e+01 -2.208292669247401818e+02 -2.115462752765595553e+02 -1.795784044694811712e+02
1.129999999999999893e+01 -2.180288769152253963e+02 -2.088638896915858254e+02 -1.781004705022365044e+02
1.135000000000000142e+01 -2.140908015361523269e+02 -2.050915281361177733e+02 -1.766225365349917524e+02
1.140000000000000036e+01 -2.092553222964440636e+02 -2.004593259065085817e+02 -1.751446025677470857e+02
1.144999999999999929e+01 -2.038352619117783036e+02 -1.952669596610781753e+02 -1.736666686005023905e+02
1.150000000000000000e+01 -1.981026742633517586e+02 -1.897751001077241710e+02 -1.721887346332577238e+02
1.154999999999999893e+01 -1.921857250635501941e+02 -1.841065975391691154e+02 -1.638360145965922641e+02
1.159999999999999964e+01 -1.860607747758864150e+02 -1.782388993797630690e+02 -1.554832945599267759e+02
1.165000000000000036e+01 -1.795532994592339264e+02 -1.720048800467292551e+02 -1.471305745232610320e+02
1.170000000000000107e+01 -1.724288358528459923e+02 -1.651799617202124466e+02 -1.387778544865955723e+02
1.175000000000000000e+01 -1.644935537544883744e+02 -1.575784407039437838e+02 -1.304251344499300842e+02
1.179999999999999893e+01 -1.556606351650426063e+02 -1.491170894876205466e+02 -1.220724144132646245e+02
1.184999999999999964e+01 -1.459896066966599051e+02 -1.398528519457151162e+02 -1.137196943765991648e+02
1.190000000000000036e+01 -1.356615615485796695e+02 -1.299591227799180331e+02 -1.053669743399333925e+02
1.195000000000000107e+01 -1.249183980361222552e+02 -1.196675845071544586e+02 -9.701425430326793276e+01
1.200000000000000000e+01 -1.139801303956687093e+02 -1.091889941636579096e+02 -8.866153426660245884e+01
1.205000000000000071e+01 -1.029818002709833138e+02 -9.865275480178451062e+01 -7.690637527629685621e+01
1.209999999999999964e+01 -9.194366269207441178e+01 -8.807835112304942982e+01 -6.515121628599126780e+01
1.214999999999999858e+01 -8.078811375372762882e+01 -7.739152909232919342e+01 -5.339605729568565806e+01
1.220000000000000107e+01 -6.939595775671732270e+01 -6.647817808245365256e+01 -4.164089830537965042e+01
1.225000000000000000e+01 -5.764057211312407958e+01 -5.521702238791762340e+01 -2.988573931507405490e+01
1.230000000000000071e+01 -4.545967136499253058e+01 -4.354836415534852279e+01 -1.813058032476845938e+01
1.234999999999999964e+01 -3.287454678703106481e+01 -3.149253263759080212e+01 -6.375421334462856748e+00
1.240000000000000036e+01 -1.999348975762093872e+01 -1.915317738771317480e+01 5.379737655842745880e+00
1.244999999999999929e+01 -6.981447861665774468e+00 -6.688237214273962117e+00 1.713489664614834851e+01
1.250000000000000000e+01 5.981644120996524094e+00 5.729954024917129907e+00 2.889005563645435259e+01
1.255000000000000071e+01 1.874704257320357925e+01 1.795889155188780961e+01 3.787238424542692883e+01
1.259999999999999964e+01 3.123628771233238766e+01 2.992335755665061114e+01 4.685471285439950861e+01
1.265000000000000036e+01 4.345294904734391395e+01 4.162669427896877750e+01 5.583704146337208840e+01
1.269999999999999929e+01 5.547015549569433546e+01 5.313888346064033641e+01 6.481937007234466819e+01
1.275000000000000000e+01 6.738193305387282805e+01 6.454996049094576449e+01 7.380169868131724797e+01
1.280000000000000071e+01 7.925695292717185225e+01 7.592570626759932395e+01 8.278402729029014040e+01
1.284999999999999964e+01 9.109700909871554586e+01 8.726787664953351964e+01 9.176635589926272019e+01
1.290000000000000036e+01 1.028256923641835101e+02 9.850333078095441408e+01 1.007486845082353000e+02
1.294999999999999929e+01 1.143142750590390619e+02 1.095088177345810720e+02 1.097310131172078798e+02
1.300000000000000000e+01 1.254174542561002568e+02 1.201451845006930341e+02 1.187133417261804595e+02
1.305000000000000071e+01 1.360206434075249149e+02 1.303026762903665201e+02 1.231892045553436077e+02
1.310000000000000142e+01 1.460738273192076804e+02 1.399333688719547411e+02 1.276650673845065853e+02
1.315000000000000036e+01 1.555707043905506737e+02 1.490311825687717544e+02 1.321409302136695771e+02
1.319999999999999929e+01 1.645446084971068785e+02 1.576280035114888562e+02 1.366167930428325690e+02
1.325000000000000000e+01 1.730361119929501115e+02 1.657626579559681090e+02 1.410926558719955324e+02
1.329999999999999893e+01 1.810641517382138943e+02 1.734532606629905445e+02 1.455685187011585242e+02
1.335000000000000142e+01 1.886206031075332419e+02 1.806920253596210841e+02 1.500443815303216866e+02
1.340000000000000036e+01 1.956782757003599897e+02 1.874529170346217199e+02 1.545202443594846500e+02
1.344999999999999929e+01 2.022004881061943706e+02 1.937008320810615771e+02 1.589961071886476418e+02
1.350000000000000000e+01 2.081473588279594651e+02 1.993975980125279648e+02 1.634719700178106336e+02
1.354999999999999893e+01 2.134797326472643704e+02 2.045057375640698183e+02 1.647700572608763707e+02
1.359999999999999964e+01 2.181559576077543738e+02 2.089853713411237095e+02 1.660681445039421078e+02
1.365000000000000036e+01 2.221305069285727143e+02 2.127928895522903190e+02 1.673662317470079017e+02
1.370000000000000107e+01 2.253598114237184120e+02 2.158865440779460414e+02 1.686643189900736388e+02
1.375000000000000000e+01 2.278198807169294184e+02 2.182433289995304051e+02 1.699624062331393759e+02
1.379999999999999893e+01 2.295103237743904856e+02 2.198628332846309661e+02 1.712604934762051130e+02
1.384999999999999964e+01 2.304605612551435172e+02 2.207732078479953373e+02 1.725585807192708501e+02
1.389999999999999858e+01 2.307316491093810953e+02 2.210329171067550647e+02 1.738566679623365872e+02
1.395000000000000107e+01 2.303955986306981742e+02 2.207109364772728952e+02 1.751547552054023811e+02
1.400000000000000000e+01 2.295044500366247178e+02 2.198571358645108944e+02 1.764528424484681182e+02
1.405000000000000071e+01 2.280656060009143289e+02 2.184786353205621197e+02 1.736130046586103219e+02
1.409999999999999964e+01 2.260282557217886108e+02 2.165268029229647766e+02 1.707731668687525541e+02
1.414999999999999858e+01 2.232996533301874251e+02 2.139128331232557230e+02 1.679333290788947579e+02
1.420000000000000107e+01 2.197734546456794931e+02 2.105348704907402748e+02 1.650934912890368764e+02
1.425000000000000000e+01 2.153820350834737098e+02 2.063281377728024779e+02 1.622536534991791086e+02
1.430000000000000071e+01 2.101243238495606818e+02 2.012915817019388385e+02 1.594138157093213124e+02
1.434999999999999964e+01 2.040850939740377328e+02 1.955063640821102808e+02 1.565739779194635162e+02
1.440000000000000036e+01 1.974167654064735302e+02 1.891184518234465486e+02 1.537341401296057484e+02
1.444999999999999929e+01 1.903007820756759827e+02 1.823016286367189025e+02 1.508943023397479521e+02
1.450000000000000000e+01 1.828639035363968048e+02 1.751773125731558594e+02 1.480544645498900707e+02
1.455000000000000071e+01 1.751486764747767211e+02 1.677862824604399066e+02 1.394608369254332558e+02
1.459999999999999964e+01 1.670794247447460066e+02 1.600560752077208804e+02 1.308672093009764694e+02
1.465000000000000036e+01 1.585029736140921841e+02 1.518400037021087883e+02 1.222735816765196546e+02
1.469999999999999929e+01 1.492527118316538406e+02 1.429785037364977143e+02 1.136799540520628540e+02
1.475000000000000000e+01 1.392265158834507019e+02 1.333737653394165648e+02 1.050863264276060534e+02
1.480000000000000071e+01 1.284491928773409199e+02 1.230495545150141652e+02 9.649269880314895431e+01
1.484999999999999964e+01 1.170823997465658266e+02 1.121607116302941733e+02 8.789907117869213948e+01
1.490000000000000036e+01 1.053783542522964183e+02 1.009488136929266062e+02 7.930544355423533887e+01
1.494999999999999929e+01 9.358893832366010201e+01 8.965510854916996664e+01 7.071181592977853825e+01
1.500000000000000000e+01 8.187793621680954459e+01 7.843645477120608689e+01 6.211818830532172342e+01
1.504999999999999893e+01 7.027010916301985333e+01 6.731655082369846355e+01 5.033677749479323182e+01
1.510000000000000142e+01 5.865548413724835797e+01 5.619005130005843540e+01 3.855536668426432811e+01
1.515000000000000036e+01 4.684617060185752990e+01 4.487699575412901254e+01 2.677395587373583652e+01
1.519999999999999929e+01 3.465247538534148219e+01 3.319571383339081194e+01 1.499254506320733782e+01
1.525000000000000000e+01 2.197460098414435947e+01 2.105064569287390697e+01 3.211134252678846224e+00
1.529999999999999893e+01 8.861849044883307158e+00 8.489066041951630837e+00 -8.570276557849638266e+00
1.535000000000000142e+01 -4.504570247054374477e+00 -4.315420647964407941e+00 -2.035168736837854908e+01
1.540000000000000036e+01 -1.785232687849480371e+01 -1.710194832940149823e+01 -3.213309817890704778e+01
1.545000000000000107e+01 -3.090342286286335138e+01 -2.960424601428245239e+01 -4.391450898943553227e+01
1.550000000000000000e+01 -4.345936537643051878e+01 -4.163221864683215045e+01 -5.569591979996403097e+01
1.554999999999999893e+01 -5.547103699477914063e+01 -5.313886700561792509e+01 -6.418555540729475695e+01
1.559999999999999964e+01 -6.703140895167599922e+01 -6.421328587255642617e+01 -7.267519101462548292e+01
1.565000000000000036e+01 -7.835614345772748379e+01 -7.506207944976809188e+01 -8.116482662195650732e+01
1.569999999999999929e+01 -8.966871876827299559e+01 -8.589930358980478786e+01 -8.965446222928693487e+01
1.575000000000000000e+01 -1.011258913441110252e+02 -9.687507119483231577e+01 -9.814409783661795927e+01
1.580000000000000071e+01 -1.127265705055653200e+02 -1.079882732485287136e+02 -1.066337334439489837e+02
1.584999999999999964e+01 -1.242928723197154426e+02 -1.190684451582970524e+02 -1.151233690512794112e+02
1.590000000000000036e+01 -1.355266735568844467e+02 -1.298299668412260246e+02 -1.236130046586104356e+02
1.594999999999999929e+01 -1.460963225084968542e+02 -1.399551344789655332e+02 -1.321026402659408632e+02
1.600000000000000000e+01 -1.557571063777507163e+02 -1.492095729217003566e+02 -1.405922758732718876e+02
1.604999999999999716e+01 -1.644346621576680718e+02 -1.575221195683787698e+02 -1.432399387360835306e+02
1.610000000000000142e+01 -1.722468762718239361e+02 -1.650057858814243161e+02 -1.458876015988953725e+02
1.615000000000000213e+01 -1.794561225315107720e+02 -1.719119728478409002e+02 -1.485352644617071860e+02
1.619999999999999929e+01 -1.863558220184879701e+02 -1.785217791999525332e+02 -1.511829273245188290e+02
1.625000000000000000e+01 -1.931560870453245684e+02 -1.850364464652565175e+02 -1.538305901873306709e+02
1.629999999999999716e+01 -1.998890554898968333e+02 -1.914866773836675975e+02 -1.564782530501423139e+02
1.635000000000000142e+01 -2.063826225280601250e+02 -1.977074996639127278e+02 -1.591259159129541558e+02
1.640000000000000213e+01 -2.123225643706780090e+02 -2.033978202647226396e+02 -1.617735787757659693e+02
1.644999999999999929e+01 -2.173627981502951911e+02 -2.082260735714800433e+02 -1.644212416385776123e+02
1.650000000000000000e+01 -2.212420519182031455e+02 -2.119419990955098001e+02 -1.670689045013894543e+02
1.654999999999999716e+01 -2.238907596489418665e+02 -2.144790389239484227e+02 -1.652762387668316819e+02
1.660000000000000142e+01 -2.254450846385975922e+02 -2.159677419562518139e+02 -1.634835730322737959e+02
1.665000000000000213e+01 -2.261997871558054385e+02 -2.166905788493506293e+02 -1.616909072977159099e+02
1.669999999999999929e+01 -2.264910809739596687e+02 -2.169696781894876096e+02 -1.598982415631581659e+02
1.675000000000000000e+01 -2.265705270557451172e+02 -2.170460138321183194e+02 -1.581055758286002515e+02
1.680000000000000071e+01 -2.265090721048108264e+02 -2.169874792910653127e+02 -1.563129100940425076e+02
1.685000000000000142e+01 -2.261663867301111850e+02 -2.166595322808541368e+02 -1.545202443594846216e+02
1.689999999999999858e+01 -2.252459383796567067e+02 -2.157779886991584704e+02 -1.527275786249268492e+02
1.694999999999999929e+01 -2.234098804091207171e+02 -2.140191315414317046e+02 -1.509349128903689632e+02
1.700000000000000000e+01 -2.204077517942950522e+02 -2.111430168642049239e+02 -1.491422471558110772e+02
1.705000000000000071e+01 -2.161794329265837291e+02 -2.070921136467585200e+02 -1.443420800724030073e+02
1.710000000000000142e+01 -2.108726385724800991e+02 -2.020080371047791346e+02 -1.395419129889945964e+02
1.714999999999999858e+01 -2.047952525601053821e+02 -1.961858494599767653e+02 -1.347417459055865265e+02
1.719999999999999929e+01 -1.982903436323261985e+02 -1.899542897167095248e+02 -1.299415788221781440e+02
1.725000000000000000e+01 -1.916200650104171359e+02 -1.835645296080558069e+02 -1.251414117387697331e+02
1.730000000000000071e+01 -1.848724282001086010e+02 -1.771008397133726078e+02 -1.203412446553616633e+02
1.735000000000000142e+01 -1.779454249348949304e+02 -1.704654013865770708e+02 -1.155410775719532523e+02
1.739999999999999858e+01 -1.706000985504987284e+02 -1.634291748118484406e+02 -1.107409104885451967e+02
1.744999999999999929e+01 -1.625763996696277900e+02 -1.557429423377533055e+02 -1.059407434051368000e+02
1.750000000000000000e+01 -1.536755257249289457e+02 -1.472161934481829064e+02 -1.011405763217283891e+02
1.755000000000000071e+01 -1.438534328458918310e+02 -1.378067509178498256e+02 -9.216377364839416941e+01
1.760000000000000142e+01 -1.332272805006131478e+02 -1.276269243463359970e+02 -8.318697097505932447e+01
1.764999999999999858e+01 -1.220288847813577320e+02 -1.168989012528803499e+02 -7.421016830172510481e+01
1.769999999999999929e+01 -1.105369221135067477e+02 -1.058897609327505478e+02 -6.523336562839025987e+01
1.775000000000000000e+01 -9.899018932881047306e+01 -9.482834794823085645e+01 -5.625656295505604021e+01
1.780000000000000071e+01 -8.751825567108153336e+01 -8.383880308111253044e+01 -4.727976028172119527e+01
1.785000000000000142e+01 -7.612773191821048613e+01 -7.292741874277201930e+01 -3.830295760838635744e+01
1.789999999999999858e+01 -6.470754383380109687e+01 -6.198768520176201946e+01 -2.932615493505213067e+01
1.794999999999999929e+01 -5.308450709748331064e+01 -5.085357249569172211e+01 -2.034935226171728573e+01
1.800000000000000000e+01 -4.109476793813931295e+01 -3.936800149869428367e+01 -1.137254958838306251e+01
1.805000000000000071e+01 -2.865011154344248112e+01 -2.744640744194588677e+01 -3.358927649400254012e-01
1.810000000000000142e+01 -1.577156737104088968e+01 -1.510894964346042002e+01 1.070076405850301171e+01
1.814999999999999858e+01 -2.594041635106366872e+00 -2.484946982970181129e+00 2.173742088194527966e+01
1.819999999999999929e+01 1.066867864258604648e+01 1.022066969598687969e+01 3.277407770538832210e+01
1.825000000000000000e+01 2.378290910925542434e+01 2.278390271354722785e+01 4.381073452883059360e+01
1.830000000000000071e+01 3.655991183009450651e+01 3.502385230431586649e+01 5.484739135227361828e+01
1.835000000000000142e+01 4.890172958097088696e+01 4.684665725737146857e+01 6.588404817571665717e+01
1.839999999999999858e+01 6.082044310257747810e+01 5.826395135806313164e+01 7.692070499915892867e+01
1.845000000000000284e+01 7.241618680906768191e+01 6.937179383225655727e+01 8.795736182260196756e+01
1.850000000000000000e+01 8.383329699592246698e+01 8.030860984974025030e+01 9.899401864604423906e+01
1.855000000000000071e+01 9.519629067279309709e+01 9.119380795611841961e+01 1.067065423597052671e+02
1.859999999999999787e+01 1.065635214359774068e+02 1.020833453332757585e+02 1.144190660733657552e+02
1.864999999999999858e+01 1.178936527878234699e+02 1.129375770680365605e+02 1.221315897870267690e+02
1.870000000000000284e+01 1.290580059321970339e+02 1.236331103483421856e+02 1.298441135006877971e+02
1.875000000000000000e+01 1.398673783794307326e+02 1.339885325208609004e+02 1.375566372143482852e+02
1.880000000000000071e+01 1.501248123416150975e+02 1.438150132713656149e+02 1.452691609280093132e+02
1.884999999999999787e+01 1.596763466493654562e+02 1.529649839368996993e+02 1.529816846416698013e+02
1.889999999999999858e+01 1.684528756169312373e+02 1.613722564385581109e+02 1.606942083553308294e+02
1.895000000000000284e+01 1.764697104222018424e+02 1.690516071559579814e+02 1.684067320689918574e+02
1.900000000000000000e+01 1.838331283569196444e+02 1.761050146764507076e+02 1.761192557826523455e+02
1.905000000000000071e+01 1.906704164058234596e+02 1.826545690032285449e+02 1.766007808828734085e+02
1.909999999999999787e+01 1.971096188277119268e+02 1.888230478517588438e+02 1.770823059830944146e+02
1.914999999999999858e+01 2.032204560247940606e+02 1.946772583006734578e+02 1.775638310833154776e+02
1.919999999999999929e+01 2.089821562130996142e+02 2.001972136779121456e+02 1.780453561835364837e+02
1.925000000000000000e+01 2.142954166043726616e+02 2.052876349623546162e+02 1.785268812837575183e+02
1.930000000000000071e+01 2.189988577893443562e+02 2.097937530382685622e+02 1.790084063839785813e+02
1.934999999999999787e+01 2.229199231374908834e+02 2.135501307040108827e+02 1.794899314841995874e+02
1.940000000000000213e+01 2.259230362446434413e+02 2.164268535048722981e+02 1.799714565844206504e+02
1.944999999999999929e+01 2.279392606356230431e+02 2.183579290794952783e+02 1.804529816846416566e+02
1.950000000000000000e+01 2.289896872033700390e+02 2.193636909626933118e+02 1.809345067848627195e+02
1.955000000000000071e+01 2.291846323762911197e+02 2.195499897615264615e+02 1.760712483103108923e+02
1.959999999999999787e+01 2.286866015638048850e+02 2.190726515898111018e+02 1.712079898357594061e+02
1.965000000000000213e+01 2.276663430640815591e+02 2.180953183768480130e+02 1.663447313612075789e+02
1.969999999999999929e+01 2.262506158596262651e+02 2.167394075786338590e+02 1.614814728866560927e+02
1.975000000000000000e+01 2.244897491736417408e+02 2.150530354050958124e+02 1.566182144121042654e+02
1.980000000000000071e+01 2.223109235087159163e+02 2.129662825476210060e+02 1.517549559375524382e+02
1.984999999999999787e+01 2.195484613508402845e+02 2.103202830941962134e+02 1.468916974630009520e+02
1.990000000000000213e+01 2.159839471606748305e+02 2.069056846000501935e+02 1.420284389884491247e+02
1.994999999999999929e+01 2.114217599121836884e+02 2.025350658771965016e+02 1.371651805138976385e+02
2.000000000000000000e+01 2.057742531035170828e+02 1.971245264042138103e+02 1.323019220393458113e+02
