# t[ms]  sx/q0_RM_surface(z=h/2)  sx/q0_RM_centroid(z=h/2-tply/2)  sx/q0_Abaqus3D_centroid(interp between dumps) (step pulse)
5.000000000000000278e-02 3.502347992524487696e-01 3.445549390388349398e-01 4.585419951070851541e-01
1.000000000000000056e-01 5.835915008561174400e-01 5.681078725750768887e-01 7.625549826582810331e-01
1.499999999999999944e-01 1.338345744993193920e+00 1.291151988111198579e+00 1.511686338376081906e+00
2.000000000000000111e-01 3.011092743445129560e+00 2.893615856395132191e+00 2.260817694093883556e+00
2.500000000000000000e-01 5.920926289893709615e+00 5.681177587059038636e+00 3.259814251798784479e+00
2.999999999999999889e-01 1.018875435604778268e+01 9.769650917711986793e+00 7.212345632992237299e+00
3.499999999999999778e-01 1.569073821804893498e+01 1.504038456614216734e+01 1.116487701418569500e+01
4.000000000000000222e-01 2.210293958323505237e+01 2.118303904720360364e+01 1.511740839537915271e+01
4.500000000000000111e-01 2.901617441391135799e+01 2.780562112213534220e+01 1.906993977657261041e+01
5.000000000000000000e-01 3.608265927064861955e+01 3.457497485436259410e+01 2.302247115776606634e+01
5.500000000000000444e-01 4.313386443868667897e+01 4.132967544034809748e+01 2.716955026328198386e+01
5.999999999999999778e-01 5.023824884011208525e+01 4.813534095723817785e+01 3.314862043950105885e+01
6.500000000000000222e-01 5.766398153357448564e+01 5.524890132708330981e+01 3.912769061572014806e+01
6.999999999999999556e-01 6.577245088961575448e+01 6.301656883912701090e+01 4.510676079193923727e+01
7.500000000000000000e-01 7.487211516979520809e+01 7.173382989988448344e+01 5.108583096815833358e+01
8.000000000000000444e-01 8.509261793115923922e+01 8.152484294040908708e+01 5.706490114437741568e+01
8.499999999999999778e-01 9.633512117232835692e+01 9.229487620545101834e+01 6.304397132059649778e+01
9.000000000000000222e-01 1.082878872465436046e+02 1.037452522738795722e+02 6.902304149681557988e+01
9.499999999999999556e-01 1.205248584537886245e+02 1.154677913942729361e+02 7.500211167303467619e+01
1.000000000000000000e+00 1.326630895810017705e+02 1.270956515229139967e+02 8.098118184925377250e+01
1.050000000000000044e+00 1.444956845214301779e+02 1.384306767637670816e+02 8.982121495164442138e+01
1.100000000000000089e+00 1.560617556856726367e+02 1.495103886193159894e+02 1.007329798281593582e+02
1.149999999999999911e+00 1.676190187723711631e+02 1.605817369938601473e+02 1.116447447046742667e+02
1.199999999999999956e+00 1.795197614253238214e+02 1.719822314711650506e+02 1.225565095811891609e+02
1.250000000000000000e+00 1.920493023528957792e+02 1.839851970568890636e+02 1.334682744577041262e+02
1.300000000000000044e+00 2.052993178403187642e+02 1.966784164326055873e+02 1.443800393342190205e+02
1.350000000000000089e+00 2.191264495556223437e+02 2.099244960232980475e+02 1.552918042107339716e+02
1.399999999999999911e+00 2.332093852351723058e+02 2.234155691375802917e+02 1.662035690872488658e+02
1.449999999999999956e+00 2.471682303523987798e+02 2.367876629803104436e+02 1.771153339637637600e+02
1.500000000000000000e+00 2.607095576113184165e+02 2.497596770014373249e+02 1.880270988402787111e+02
1.550000000000000044e+00 2.737030671720608552e+02 2.622068197143866541e+02 1.995635526109683155e+02
1.600000000000000089e+00 2.861924706811985857e+02 2.741710117974776608e+02 2.115523673050258537e+02
1.649999999999999911e+00 2.983544151984411883e+02 2.858215456172771951e+02 2.235411819990833635e+02
1.699999999999999956e+00 3.103980885093060351e+02 2.973588653911398296e+02 2.355299966931408449e+02
1.750000000000000000e+00 3.224876052443282788e+02 3.089402127630204404e+02 2.475188113871984115e+02
1.800000000000000044e+00 3.346918636017175572e+02 3.206315998969921566e+02 2.595076260812559212e+02
1.850000000000000089e+00 3.469626489364873692e+02 3.323867904391271964e+02 2.714964407753134310e+02
1.899999999999999911e+00 3.590384082004237598e+02 3.439551059075790818e+02 2.834852554693709408e+02
1.949999999999999956e+00 3.707665014363865339e+02 3.551903587288730932e+02 2.954740701634284505e+02
2.000000000000000000e+00 3.818926856464419188e+02 3.658488717557218592e+02 3.074628848574860172e+02
2.050000000000000266e+00 3.923145210263903664e+02 3.758325308049682576e+02 3.159126931176720063e+02
2.100000000000000089e+00 4.019688994574869980e+02 3.850808869983292766e+02 3.217997725809165104e+02
2.149999999999999911e+00 4.109275488496581374e+02 3.936627053222539416e+02 3.276868520441610713e+02
2.200000000000000178e+00 4.192702222431253745e+02 4.016544488542192539e+02 3.335739315074056890e+02
2.250000000000000000e+00 4.271484196796863557e+02 4.092013654996478635e+02 3.394610109706501930e+02
2.299999999999999822e+00 4.346515609601283927e+02 4.163891239251271372e+02 3.453480904338947539e+02
2.350000000000000089e+00 4.417911415746026478e+02 4.232287838661063120e+02 3.512351698971393148e+02
2.399999999999999911e+00 4.484947700343466863e+02 4.296508906942140129e+02 3.571222493603838188e+02
2.449999999999999734e+00 4.546931349340805468e+02 4.355889922298347869e+02 3.630093288236284366e+02
2.500000000000000000e+00 4.602267301933546833e+02 4.408901623180223055e+02 3.688964082868729975e+02
2.550000000000000266e+00 4.649661540172311334e+02 4.454303911367583737e+02 3.710089401226438781e+02
2.600000000000000089e+00 4.688528090526482970e+02 4.491535205212203437e+02 3.703881788488649818e+02
2.649999999999999911e+00 4.718217404239991879e+02 4.519973809117970518e+02 3.697674175750860286e+02
2.700000000000000178e+00 4.738392250714975376e+02 4.539296922878022542e+02 3.691466563013070754e+02
2.750000000000000000e+00 4.750731347989975575e+02 4.551114792751475875e+02 3.685258950275281791e+02
2.799999999999999822e+00 4.755455304121764470e+02 4.555638946360156183e+02 3.679051337537492259e+02
2.850000000000000089e+00 4.754202369006821414e+02 4.554439558469368308e+02 3.672843724799703296e+02
2.899999999999999911e+00 4.747919047996630866e+02 4.548423241250599744e+02 3.666636112061913764e+02
2.949999999999999734e+00 4.736567289775840095e+02 4.537552434961628478e+02 3.660428499324124232e+02
3.000000000000000000e+00 4.720497460594886547e+02 4.522161605286635222e+02 3.654220886586335268e+02
3.050000000000000266e+00 4.697749075959745824e+02 4.500371376148390823e+02 3.622944961100893693e+02
3.100000000000000089e+00 4.666837687155957610e+02 4.470759034063784725e+02 3.573516119487842957e+02
3.149999999999999911e+00 4.626920341357517259e+02 4.432517178087944103e+02 3.524087277874791653e+02
3.200000000000000178e+00 4.576583110001975570e+02 4.384291484294615202e+02 3.474658436261740349e+02
3.250000000000000000e+00 4.517196113668707085e+02 4.327397170388413770e+02 3.425229594648689613e+02
3.299999999999999822e+00 4.449662286783710670e+02 4.262699538495048159e+02 3.375800753035638309e+02
3.350000000000000089e+00 4.376417351431038014e+02 4.192533333653157115e+02 3.326371911422587573e+02
3.399999999999999911e+00 4.299018258885047885e+02 4.118390197168608324e+02 3.276943069809536269e+02
3.449999999999999734e+00 4.218795338688747734e+02 4.041543528759487458e+02 3.227514228196485533e+02
3.500000000000000000e+00 4.135442779969125127e+02 3.961698745712382106e+02 3.178085386583434229e+02
3.550000000000000266e+00 4.049024905345495426e+02 3.878916738724353195e+02 3.116265395749815070e+02
3.600000000000000089e+00 3.957655958794125013e+02 3.791389372877454775e+02 3.045472503756475930e+02
3.649999999999999911e+00 3.860361865416276714e+02 3.698183833807879068e+02 2.974679611763135654e+02
3.700000000000000178e+00 3.755671746568839922e+02 3.597891046995520696e+02 2.903886719769795945e+02
3.750000000000000000e+00 3.643098658161558774e+02 3.490045927380797934e+02 2.833093827776456806e+02
3.799999999999999822e+00 3.523924844578355078e+02 3.375878323291097445e+02 2.762300935783116529e+02
3.850000000000000089e+00 3.399034099769080512e+02 3.256235630701948480e+02 2.691508043789776821e+02
3.899999999999999911e+00 3.271405936169595634e+02 3.133972786503234715e+02 2.620715151796437112e+02
3.950000000000000178e+00 3.143964918486658462e+02 3.011891593893673758e+02 2.549922259803096836e+02
4.000000000000000000e+00 3.018435928868952942e+02 2.891643297107864328e+02 2.479129367809757412e+02
4.049999999999999822e+00 2.895464024173654707e+02 2.773844678397564962e+02 2.389200436273344792e+02
4.100000000000000533e+00 2.773805725728984157e+02 2.657303211556769043e+02 2.285414372654015267e+02
4.150000000000000355e+00 2.651001281701269932e+02 2.539661628183573328e+02 2.181628309034687732e+02
4.200000000000000178e+00 2.524336220261707808e+02 2.418319327845770204e+02 2.077842245415359912e+02
4.250000000000000000e+00 2.391969164502276044e+02 2.291512848150129571e+02 1.974056181796030387e+02
4.299999999999999822e+00 2.253978157784137295e+02 2.159318113413165747e+02 1.870270118176702567e+02
4.349999999999999645e+00 2.112541939033580718e+02 2.023823661114950312e+02 1.766484054557374748e+02
4.400000000000000355e+00 1.971411583889499468e+02 1.888624117297833891e+02 1.662697990938045223e+02
4.450000000000000178e+00 1.834712151297418927e+02 1.757671754017358978e+02 1.558911927318717403e+02
4.500000000000000000e+00 1.705581813645422358e+02 1.633972680671156752e+02 1.455125863699389583e+02
4.549999999999999822e+00 1.585003484465267718e+02 1.518467540575844623e+02 1.352770712831192839e+02
4.599999999999999645e+00 1.471442441266003414e+02 1.409684642466677076e+02 1.251451740162094239e+02
4.649999999999999467e+00 1.361555098650576099e+02 1.304419458941060839e+02 1.150132767492995498e+02
4.700000000000000178e+00 1.251459461557716253e+02 1.198952127710161335e+02 1.048813794823894909e+02
4.750000000000000000e+00 1.138502406788199721e+02 1.090740913643226406e+02 9.474948221547961680e+01
4.799999999999999822e+00 1.022219359699444681e+02 9.793414831213789284e+01 8.461758494856974266e+01
4.850000000000000533e+00 9.049081863209532628e+01 8.669565460490835562e+01 7.448568768165969800e+01
4.899999999999999467e+00 7.908710207583723673e+01 7.577091625499808458e+01 6.435379041474982387e+01
4.950000000000000178e+00 6.849733607503007704e+01 6.562616421738748329e+01 5.422189314783977920e+01
5.000000000000000000e+00 5.908866648791964593e+01 5.661316469716791033e+01 4.408999588092990507e+01
5.049999999999999822e+00 5.099448343732061062e+01 4.885965800587784713e+01 3.719330738125769642e+01
5.100000000000000533e+00 4.404190317537235444e+01 4.219988219639389371e+01 3.263935626475756635e+01
5.150000000000000355e+00 3.784277573059993216e+01 3.626182307610430655e+01 2.808540514825752865e+01
5.200000000000000178e+00 3.193888444364434420e+01 3.060635238842256456e+01 2.353145403175748385e+01
5.250000000000000000e+00 2.598557199401441409e+01 2.490321409920768403e+01 1.897750291525736088e+01
5.299999999999999822e+00 1.989739810643841622e+01 1.907057949568734756e+01 1.442355179875731608e+01
5.349999999999999645e+00 1.388886520533587898e+01 1.331406441073390035e+01 9.869600682257274826e+00
5.400000000000000355e+00 8.395701615728071943e+00 8.051274556052177900e+00 5.315649565757155415e+00
5.450000000000000178e+00 3.910357845275401090e+00 3.754147517269528667e+00 7.616984492571106102e-01
5.500000000000000000e+00 7.998973932429346290e-01 7.744321058176963923e-01 -3.792252667242934194e+00
5.549999999999999822e+00 -8.280553850458860499e-01 -7.847702982748196998e-01 -3.695291496730826353e+00
5.599999999999999645e+00 -1.152048136679294066e+00 -1.094613498451227240e+00 -2.304283252789067760e-01
5.649999999999999467e+00 -5.580005111244868976e-01 -5.249782631616746187e-01 3.234434846173011913e+00
5.700000000000000178e+00 5.124431010392296315e-01 5.008650501287977841e-01 6.699298017624992774e+00
5.750000000000000000e+00 1.724251134641453298e+00 1.661836076050349886e+00 1.016416118907691057e+01
5.799999999999999822e+00 2.961414697763999460e+00 2.846771980088658172e+00 1.362902436052883104e+01
5.850000000000000533e+00 4.354367171248803459e+00 4.180701517568830461e+00 1.709388753198080835e+01
5.899999999999999467e+00 6.221317634755982873e+00 5.968615851987906673e+00 2.055875070343272881e+01
5.950000000000000178e+00 8.949026993960581322e+00 8.581201160327294630e+00 2.402361387488470967e+01
6.000000000000000000e+00 1.286157731258908754e+01 1.232906710845464815e+01 2.748847704633662659e+01
6.049999999999999822e+00 1.810745405876056680e+01 1.735452679186895608e+01 3.345366046098769175e+01
6.100000000000000533e+00 2.460814504203564113e+01 2.358233349301238135e+01 4.122942060347280346e+01
6.150000000000000355e+00 3.207835043111784046e+01 3.073905484416021849e+01 4.900518074595778018e+01
6.200000000000000178e+00 4.011429401893848734e+01 3.843770724720832277e+01 5.678094088844275689e+01
6.250000000000000000e+00 4.834273071189477378e+01 4.632057336845333140e+01 6.455670103092786860e+01
6.299999999999999822e+00 5.652906800564544909e+01 5.416280903899070864e+01 7.233246117341285242e+01
6.349999999999999645e+00 6.467797456753393703e+01 6.196888559302607291e+01 8.010822131589782202e+01
6.400000000000000355e+00 7.299888422428482215e+01 6.993952745468006071e+01 8.788398145838294795e+01
6.450000000000000178e+00 8.182831194692313659e+01 7.839726032301470582e+01 9.565974160086790334e+01
6.500000000000000000e+00 9.149311071566684461e+01 8.765537882500663613e+01 1.034355017433528872e+02
6.550000000000000711e+00 1.021787122330190272e+02 9.789165812086046969e+01 1.117008510811109261e+02
6.599999999999999645e+00 1.138551387986601497e+02 1.090774233186487692e+02 1.203207305257905944e+02
6.649999999999999467e+00 1.262868934506077068e+02 1.209870222986347699e+02 1.289406099704702626e+02
6.700000000000000178e+00 1.391084018248030247e+02 1.332701048992352071e+02 1.375604894151500730e+02
6.750000000000000000e+00 1.519510537638510925e+02 1.455733831035541925e+02 1.461803688598297413e+02
6.799999999999999822e+00 1.645598390643391440e+02 1.576524022866289556e+02 1.548002483045094095e+02
6.850000000000000533e+00 1.768647113578056462e+02 1.694399768789091070e+02 1.634201277491892483e+02
6.899999999999999467e+00 1.889861807324892879e+02 1.810515682998813531e+02 1.720400071938689166e+02
6.949999999999999289e+00 2.011595966719198714e+02 1.927127396222667244e+02 1.806598866385485849e+02
7.000000000000000000e+00 2.136464388218434181e+02 2.046741552197977683e+02 1.892797660832283668e+02
7.049999999999999822e+00 2.266151961698314210e+02 2.170973903705696841e+02 1.981981098689438738e+02
7.100000000000000533e+00 2.400829763595982342e+02 2.299989600311270408e+02 2.073325830050647482e+02
7.150000000000000355e+00 2.539027172277438069e+02 2.432380113054821322e+02 2.164670561411854521e+02
7.200000000000000178e+00 2.678096771711696533e+02 2.565608505854603436e+02 2.256015292773061844e+02
7.250000000000000000e+00 2.815130984304190065e+02 2.696887862254334323e+02 2.347360024134270589e+02
7.299999999999999822e+00 2.947782616869442336e+02 2.823967862615745048e+02 2.438704755495477912e+02
7.349999999999999645e+00 3.074776537443809161e+02 2.945625408144165931e+02 2.530049486856684950e+02
7.400000000000000355e+00 3.196222596099427733e+02 3.061964983453375453e+02 2.621394218217893695e+02
7.450000000000000178e+00 3.313457173613354030e+02 3.174267350063187223e+02 2.712738949579101018e+02
7.500000000000000000e+00 3.428145874493729366e+02 3.284129363173246361e+02 2.804083680940308341e+02
7.550000000000000711e+00 3.541601818698388797e+02 3.392810973273412856e+02 2.889380050937234046e+02
7.599999999999999645e+00 3.654429159980276722e+02 3.500892656291038065e+02 2.970296573049678273e+02
7.649999999999999467e+00 3.766002016366932708e+02 3.607775326865582883e+02 3.051213095162122499e+02
7.700000000000000178e+00 3.875405928998626450e+02 3.712583691894945446e+02 3.132129617274568432e+02
7.750000000000000000e+00 3.980724715429128651e+02 3.813480445185917915e+02 3.213046139387012659e+02
7.799999999999999822e+00 4.080339149808123125e+02 3.908913197120712653e+02 3.293962661499456885e+02
7.849999999999999645e+00 4.172924037147024592e+02 3.997609912007398520e+02 3.374879183611901112e+02
7.900000000000000355e+00 4.257814214773138701e+02 4.078932667072155596e+02 3.455795705724348181e+02
7.950000000000000178e+00 4.334869507998712947e+02 4.152746640725213751e+02 3.536712227836792408e+02
8.000000000000000000e+00 4.404047840686520203e+02 4.219012076419073196e+02 3.617628749949236635e+02
8.050000000000000711e+00 4.466267770029796793e+02 4.278610976750302370e+02 3.668059511861181363e+02
8.099999999999999645e+00 4.522550034809756880e+02 4.332522666664328881e+02 3.696414378455522183e+02
8.149999999999998579e+00 4.574312096593976662e+02 4.382107127954649286e+02 3.724769245049863571e+02
8.200000000000001066e+00 4.621295796066214621e+02 4.427116850861891066e+02 3.753124111644205527e+02
8.250000000000000000e+00 4.664730826763945970e+02 4.468729983137249064e+02 3.781478978238546347e+02
8.300000000000000711e+00 4.702709626229260493e+02 4.505117713044547827e+02 3.809833844832887166e+02
8.349999999999999645e+00 4.734071339207858387e+02 4.535165954550059269e+02 3.838188711427228554e+02
8.400000000000000355e+00 4.756880950124457854e+02 4.557019814728089955e+02 3.866543578021569374e+02
8.449999999999999289e+00 4.769144632973118973e+02 4.568767716641788184e+02 3.894898444615910194e+02
8.500000000000000000e+00 4.770397008387570281e+02 4.569964536751085120e+02 3.923253311210252150e+02
8.550000000000000711e+00 4.761226524940349236e+02 4.561174428957167493e+02 3.903196050333877452e+02
8.599999999999999645e+00 4.743762782298050524e+02 4.544439681997137086e+02 3.848081731633879485e+02
8.650000000000000355e+00 4.720339561237397561e+02 4.521997504184045624e+02 3.792967412933880951e+02
8.699999999999999289e+00 4.692814606756529088e+02 4.495628441236694925e+02 3.737853094233882985e+02
8.750000000000000000e+00 4.662169062169306244e+02 4.466273117651777511e+02 3.682738775533883313e+02
8.800000000000000711e+00 4.628078276052092406e+02 4.433619820365721012e+02 3.627624456833884778e+02
8.849999999999999645e+00 4.588941050074974441e+02 4.396132909242581945e+02 3.572510138133886812e+02
8.900000000000000355e+00 4.542208758518372633e+02 4.351369173721689663e+02 3.517395819433888846e+02
8.949999999999999289e+00 4.485890548681130667e+02 4.297420126951879524e+02 3.462281500733890880e+02
9.000000000000000000e+00 4.418616370272318932e+02 4.232973074470393726e+02 3.407167182033892914e+02
9.050000000000000711e+00 4.341225888046105865e+02 4.158832464100879065e+02 3.325815256803715556e+02
9.099999999999999645e+00 4.255132908507259231e+02 4.076354014921095654e+02 3.225463685465482513e+02
9.150000000000000355e+00 4.163328633782395514e+02 3.988404348548149301e+02 3.125112114127249470e+02
9.199999999999999289e+00 4.068517416758103877e+02 3.897575674361477809e+02 3.024760542789016426e+02
9.250000000000000000e+00 3.973292068772209404e+02 3.806353151803084529e+02 2.924408971450783383e+02
9.299999999999998934e+00 3.877594708854323926e+02 3.714680598732786621e+02 2.824057400112550340e+02
9.350000000000001421e+00 3.780919614776745448e+02 3.622073414412548118e+02 2.723705828774313886e+02
9.400000000000000355e+00 3.680543351391604574e+02 3.525921543814130814e+02 2.623354257436080843e+02
9.449999999999999289e+00 3.573646734761329071e+02 3.423521844824115306e+02 2.523002686097847800e+02
9.500000000000000000e+00 3.458614999707131688e+02 3.313327027790918464e+02 2.422651114759614757e+02
9.549999999999998934e+00 3.335340787309905863e+02 3.195233925592040123e+02 2.322800751210315582e+02
9.599999999999999645e+00 3.204742495524972696e+02 3.070121925139004588e+02 2.223313331232313317e+02
9.650000000000000355e+00 3.070529768089371032e+02 2.941546433730582635e+02 2.123825911254307357e+02
9.700000000000001066e+00 2.936066249568604576e+02 2.812731004867270030e+02 2.024338491276305092e+02
9.750000000000000000e+00 2.804407577651686552e+02 2.686604274263376055e+02 1.924851071298302827e+02
9.799999999999998934e+00 2.676998856383794418e+02 2.564551462240865476e+02 1.825363651320300278e+02
9.849999999999999645e+00 2.553278902130865333e+02 2.446034989165912066e+02 1.725876231342297729e+02
9.900000000000000355e+00 2.430868589418872716e+02 2.328774712315349689e+02 1.626388811364292053e+02
9.950000000000001066e+00 2.306790973922222179e+02 2.209917404164584411e+02 1.526901391386289788e+02
1.000000000000000000e+01 2.178502305630234730e+02 2.087024722753368735e+02 1.427413971408287239e+02
1.005000000000000071e+01 2.044943926347724528e+02 1.959081357153732199e+02 1.340531940198062841e+02
1.009999999999999964e+01 1.907216508463226035e+02 1.827141495559725968e+02 1.262053501499689503e+02
1.014999999999999858e+01 1.768351261814246413e+02 1.694109624459968870e+02 1.183575062801316164e+02
1.020000000000000107e+01 1.632382326169971805e+02 1.563851629826345402e+02 1.105096624102940126e+02
1.025000000000000000e+01 1.503091321280764703e+02 1.439991802563609440e+02 1.026618185404566788e+02
1.030000000000000071e+01 1.382665035051836639e+02 1.324626250827980130e+02 9.481397467061935913e+01
1.034999999999999964e+01 1.270932193720125696e+02 1.217591348084567215e+02 8.696613080078202529e+01
1.040000000000000036e+01 1.165523543923337400e+02 1.116617012854981112e+02 7.911828693094469145e+01
1.044999999999999929e+01 1.062894259166481419e+02 1.018306270789053514e+02 7.127044306110735761e+01
1.050000000000000000e+01 9.597032700664382787e+01 9.194569178900718498e+01 6.342259919126975376e+01
1.055000000000000071e+01 8.544033434718673448e+01 8.185854989251510005e+01 5.651437323416617176e+01
1.059999999999999964e+01 7.479285808255063728e+01 7.165861786034074044e+01 5.023255921888505071e+01
1.065000000000000036e+01 6.435091649724257934e+01 6.165535795975293354e+01 4.395074520360392256e+01
1.069999999999999929e+01 5.454207932234020717e+01 5.225845713674932824e+01 3.766893118832279441e+01
1.075000000000000000e+01 4.575317535308511196e+01 4.383862074032650469e+01 3.138711717304166626e+01
1.080000000000000071e+01 3.818296317353061653e+01 3.658638244037239673e+01 2.510530315776032495e+01
1.084999999999999964e+01 3.177696739083589605e+01 3.044962654731891405e+01 1.882348914247919680e+01
1.090000000000000036e+01 2.627353422808061723e+01 2.517770846275294616e+01 1.254167512719806865e+01
1.094999999999999929e+01 2.131226097834094091e+01 2.042530705610093023e+01 6.259861111916940501e+00
1.100000000000000000e+01 1.658658469969662619e+01 1.589863534801506084e+01 -2.195290336418054267e-02
1.105000000000000071e+01 1.196343641446826034e+01 1.147010339579153104e+01 -3.304689358295297641e+00
1.109999999999999964e+01 7.528806425033029548e+00 7.222002232163983848e+00 -4.588040772992826533e+00
1.115000000000000036e+01 3.552711196979741803e+00 3.412971069669965551e+00 -5.871392187690356756e+00
1.119999999999999929e+01 3.828839323349524371e-01 3.761591220295242843e-01 -7.154743602387885204e+00
1.125000000000000000e+01 -1.682660346987185029e+00 -1.602865780764857639e+00 -8.438095017085416316e+00
1.129999999999999893e+01 -2.500689381668871558e+00 -2.386793025042386329e+00 -9.721446431782945652e+00
1.135000000000000142e+01 -2.126885288942580665e+00 -2.028877354216062745e+00 -1.100479784648051940e+01
1.140000000000000036e+01 -7.845852768704514313e-01 -7.430190378782289828e-01 -1.228814926117804873e+01
1.144999999999999929e+01 1.226465447193049840e+00 1.183635503638129194e+00 -1.357150067587557807e+01
1.150000000000000000e+01 3.644109060117501020e+00 3.499900096886061629e+00 -1.485485209057310740e+01
1.154999999999999893e+01 6.336581319546166213e+00 6.079471095372380063e+00 -1.162134722600946013e+01
1.159999999999999964e+01 9.339838296065151368e+00 8.956707644810890656e+00 -5.376604841938100066e+00
1.165000000000000036e+01 1.283053523640088223e+01 1.230077263125340181e+01 8.681375421334767140e-01
1.170000000000000107e+01 1.704888113802304161e+01 1.634174750605744819e+01 7.112879926204835002e+00
1.175000000000000000e+01 2.220314174753142922e+01 2.127915955201745390e+01 1.335762231027619684e+01
1.179999999999999893e+01 2.839202772119572771e+01 2.720762790885384064e+01 1.960236469434755691e+01
1.184999999999999964e+01 3.556888426084341859e+01 3.408253829772336019e+01 2.584710707841891519e+01
1.190000000000000036e+01 4.357072614850687842e+01 4.174784807214791726e+01 3.209184946249049375e+01
1.195000000000000107e+01 5.215797009837535114e+01 4.997408640106947075e+01 3.833659184656185204e+01
1.200000000000000000e+01 6.112229780045998240e+01 5.856171269268619284e+01 4.458133423063321743e+01
1.205000000000000071e+01 7.032677818982608642e+01 6.737950857083365008e+01 5.395836838410630776e+01
1.209999999999999964e+01 7.975303765535500133e+01 7.640979633840018437e+01 6.542359705051376295e+01
1.214999999999999858e+01 8.947575706412936825e+01 8.572402457771381989e+01 7.688882571692121815e+01
1.220000000000000107e+01 9.962494496606979055e+01 9.544666682448568906e+01 8.835405438332907124e+01
1.225000000000000000e+01 1.103261445131783063e+02 1.056979610352946963e+02 9.981928304973652644e+01
1.230000000000000071e+01 1.216507653528385902e+02 1.165463414337901469e+02 1.112845117161439674e+02
1.234999999999999964e+01 1.335830998206785694e+02 1.279768274730832616e+02 1.227497403825514226e+02
1.240000000000000036e+01 1.460228462882090241e+02 1.398934231801113981e+02 1.342149690489588920e+02
1.244999999999999929e+01 1.588037671691785420e+02 1.521369526883489129e+02 1.456801977153663188e+02
1.250000000000000000e+01 1.717510087882787673e+02 1.645399570135294312e+02 1.571454263817742003e+02
1.255000000000000071e+01 1.847135187743028837e+02 1.769577177276798068e+02 1.679431916411884913e+02
1.259999999999999964e+01 1.976095375737616848e+02 1.893118592417673369e+02 1.782959812959407202e+02
1.265000000000000036e+01 2.104368182067159125e+02 2.016001502680327633e+02 1.886487709506929491e+02
1.269999999999999929e+01 2.232597945186014670e+02 2.138842446707887746e+02 1.990015606054452064e+02
1.275000000000000000e+01 2.361802912805940196e+02 2.262616465866364308e+02 2.093543502601974353e+02
1.280000000000000071e+01 2.492572600506886715e+02 2.387888214171372567e+02 2.197071399149500053e+02
1.284999999999999964e+01 2.624945912159105319e+02 2.514695355938582395e+02 2.300599295697022626e+02
1.290000000000000036e+01 2.758169278120212766e+02 2.642316577435193494e+02 2.404127192244544915e+02
1.294999999999999929e+01 2.890881407033890014e+02 2.769448379973019314e+02 2.507655088792067204e+02
1.300000000000000000e+01 3.021605784160160511e+02 2.894676798673766029e+02 2.611182985339589777e+02
1.305000000000000071e+01 3.149175896065164579e+02 3.016884554808164012e+02 2.693390342811063078e+02
1.310000000000000142e+01 3.272940996219169847e+02 3.135448099160710740e+02 2.761384007565166030e+02
1.315000000000000036e+01 3.392746566243020538e+02 3.250218907710254825e+02 2.829377672319268413e+02
1.319999999999999929e+01 3.508785531444452204e+02 3.361381460674631398e+02 2.897371337073371365e+02
1.325000000000000000e+01 3.621319950621297039e+02 3.469186392264227266e+02 2.965365001827473748e+02
1.329999999999999893e+01 3.730975141847617351e+02 3.574232665887770963e+02 3.033358666581576699e+02
1.335000000000000142e+01 3.836959586966026450e+02 3.675761435061032216e+02 3.101352331335681356e+02
1.340000000000000036e+01 3.939044192426085260e+02 3.773553875390628605e+02 3.169345996089784308e+02
1.344999999999999929e+01 4.037096590498165938e+02 3.867483278875695305e+02 3.237339660843886691e+02
1.350000000000000000e+01 4.130225556478728777e+02 3.956696048936058787e+02 3.305333325597989642e+02
1.354999999999999893e+01 4.218490889902320760e+02 4.041250361630753787e+02 3.355391630745667157e+02
1.359999999999999964e+01 4.300919196198268537e+02 4.120213645550600177e+02 3.393493029489060291e+02
1.365000000000000036e+01 4.376772619218100431e+02 4.192878851683960875e+02 3.431594428232455130e+02
1.370000000000000107e+01 4.446021039885854975e+02 4.259217128173365836e+02 3.469695826975848831e+02
1.375000000000000000e+01 4.508009768445591021e+02 4.318601436501754733e+02 3.507797225719241965e+02
1.379999999999999893e+01 4.562388684555721738e+02 4.370695580453901243e+02 3.545898624462635098e+02
1.384999999999999964e+01 4.609838445152788040e+02 4.416151599531310126e+02 3.584000023206028800e+02
1.389999999999999858e+01 4.650622290908019636e+02 4.455221356237419172e+02 3.622101421949421933e+02
1.395000000000000107e+01 4.685368827966921685e+02 4.488506767102152821e+02 3.660202820692816772e+02
1.400000000000000000e+01 4.714445091236745498e+02 4.516359621154347224e+02 3.698304219436210474e+02
1.405000000000000071e+01 4.737811363192171825e+02 4.538742613096653145e+02 3.711491045373588236e+02
1.409999999999999964e+01 4.754854091903864060e+02 4.555067485795401581e+02 3.708068156106956508e+02
1.414999999999999858e+01 4.764640350943382714e+02 4.564441739335235866e+02 3.704645266840325348e+02
1.420000000000000107e+01 4.765903260712047427e+02 4.565651493650091197e+02 3.701222377573693620e+02
1.425000000000000000e+01 4.757699172733492219e+02 4.557793105651361429e+02 3.697799488307062461e+02
1.430000000000000071e+01 4.740365068474364421e+02 4.541189116629531100e+02 3.694376599040430733e+02
1.434999999999999964e+01 4.714136551992366435e+02 4.516064653101263389e+02 3.690953709773799005e+02
1.440000000000000036e+01 4.680663090272400950e+02 4.483999561390400572e+02 3.687530820507167846e+02
1.444999999999999929e+01 4.641439974704958900e+02 4.446425373326384261e+02 3.684107931240536118e+02
1.450000000000000000e+01 4.597706631771062575e+02 4.404529887785715800e+02 3.680685041973904958e+02
1.455000000000000071e+01 4.550382728396117500e+02 4.359194274585926792e+02 3.637353584461242235e+02
1.459999999999999964e+01 4.497869859282460538e+02 4.308887318326849822e+02 3.567416414784560743e+02
1.465000000000000036e+01 4.439063998628076320e+02 4.252552008395384178e+02 3.497479245107879251e+02
1.469999999999999929e+01 4.371706595611726129e+02 4.188024884917951454e+02 3.427542075431197759e+02
1.475000000000000000e+01 4.295570351396766569e+02 4.115089452799510923e+02 3.357604905754516267e+02
1.480000000000000071e+01 4.209909228464289299e+02 4.033029696227308705e+02 3.287667736077832501e+02
1.484999999999999964e+01 4.116332976273674262e+02 3.943388156227869672e+02 3.217730566401151009e+02
1.490000000000000036e+01 4.017812782008289219e+02 3.849011117451149175e+02 3.147793396724468948e+02
1.494999999999999929e+01 3.916261477174557513e+02 3.751729953344989781e+02 3.077856227047788025e+02
1.500000000000000000e+01 3.813963330643129552e+02 3.653732865850983558e+02 3.007919057371105964e+02
1.504999999999999893e+01 3.710258444592135447e+02 3.554386939736639874e+02 2.908785802551505526e+02
1.510000000000000142e+01 3.604914130053368240e+02 3.453470078069622105e+02 2.790188490969953818e+02
1.515000000000000036e+01 3.495506499945894348e+02 3.348659835652769630e+02 2.671591179388405521e+02
1.519999999999999929e+01 3.380435846529986748e+02 3.238424571678064581e+02 2.552993867806857509e+02
1.525000000000000000e+01 3.258397570866777642e+02 3.121515177449133489e+02 2.434396556225309496e+02
1.529999999999999893e+01 3.129825310227163300e+02 2.998347138112255834e+02 2.315799244643761483e+02
1.535000000000000142e+01 2.996589252441109466e+02 2.870712375489129045e+02 2.197201933062209491e+02
1.540000000000000036e+01 2.861357380439232543e+02 2.741166538584220120e+02 2.078604621480661194e+02
1.545000000000000107e+01 2.726901963391028403e+02 2.612364912321711472e+02 1.960007309899113181e+02
1.550000000000000000e+01 2.595278398267918192e+02 2.486275998273328582e+02 1.841409998317565169e+02
1.554999999999999893e+01 2.467053798606552846e+02 2.363442499423077265e+02 1.731983999443057769e+02
1.559999999999999964e+01 2.341412656891523056e+02 2.243082876320059142e+02 1.628672209039911536e+02
1.565000000000000036e+01 2.216276772045862344e+02 2.123206212097491914e+02 1.525360418636761324e+02
1.569999999999999929e+01 2.089327438241611787e+02 2.001591501931560515e+02 1.422048628233618501e+02
1.575000000000000000e+01 1.959109916000109592e+02 1.876845729765421993e+02 1.318736837830468573e+02
1.580000000000000071e+01 1.825527194896234278e+02 1.748876576242686554e+02 1.215425047427318646e+02
1.584999999999999964e+01 1.690384295631426994e+02 1.619413771645685927e+02 1.112113257024175823e+02
1.590000000000000036e+01 1.556684226581980397e+02 1.491334420061876926e+02 1.008801466621025895e+02
1.594999999999999929e+01 1.427825191087986809e+02 1.367893833282669789e+02 9.054896762178830727e+01
1.600000000000000000e+01 1.306370321833340711e+02 1.251546888812504790e+02 8.021778858147331448e+01
1.604999999999999716e+01 1.193265933913110217e+02 1.143199405264777795e+02 7.297147398894246351e+01
1.610000000000000142e+01 1.087420092461631924e+02 1.041804500632190695e+02 6.778173569493353057e+01
1.615000000000000213e+01 9.863641533390590155e+01 9.449967508154314544e+01 6.259199740092460473e+01
1.619999999999999929e+01 8.872526561973415937e+01 8.500501415338500522e+01 5.740225910691603417e+01
1.625000000000000000e+01 7.879690422125642613e+01 7.549374536177838024e+01 5.221252081290711544e+01
1.629999999999999716e+01 6.882971295747540807e+01 6.594524871038451863e+01 4.702278251889854488e+01
1.635000000000000142e+01 5.898838960307146095e+01 5.651739175218649081e+01 4.183304422488961904e+01
1.640000000000000213e+01 4.959852416713374623e+01 4.752216117881365420e+01 3.664330593088068611e+01
1.644999999999999929e+01 4.101960630956720877e+01 3.930396880469415777e+01 3.145356763687212265e+01
1.650000000000000000e+01 3.352460636112064662e+01 3.212428483429452797e+01 2.626382934286319681e+01
1.654999999999999716e+01 2.720976087148384437e+01 2.607521851086823617e+01 2.382174288880252533e+01
1.660000000000000142e+01 2.195159205747287601e+01 2.103837200376076311e+01 2.321142432804042244e+01
1.665000000000000213e+01 1.747383407856485960e+01 1.674899403489012073e+01 2.260110576727831955e+01
1.669999999999999929e+01 1.344989547513822181e+01 1.289416617944333687e+01 2.199078720651625929e+01
1.675000000000000000e+01 9.633989990946345117e+00 9.238443551642331997e+00 2.138046864575415640e+01
1.680000000000000071e+01 5.959863414322983388e+00 5.718428731962297284e+00 2.077015008499209614e+01
1.685000000000000142e+01 2.570752774608402458e+00 2.471449683639798334e+00 2.015983152422999325e+01
1.689999999999999858e+01 -2.306521633078494615e-01 -2.124145682393089041e-01 1.954951296346793299e+01
1.694999999999999929e+01 -2.094126745924646205e+00 -1.997584484614484346e+00 1.893919440270583010e+01
1.700000000000000000e+01 -2.753544860964182384e+00 -2.629107836395357278e+00 1.832887584194372721e+01
1.705000000000000071e+01 -2.126754343348857823e+00 -2.028342313532363050e+00 1.983503414186998626e+01
1.710000000000000142e+01 -3.443575855780161565e-01 -3.205080263749532365e-01 2.275217701558865713e+01
1.714999999999999858e+01 2.303569481936249552e+00 2.216389891729347639e+00 2.566931988930712905e+01
1.719999999999999929e+01 5.480882072231574753e+00 5.260240867631837958e+00 2.858646276302580347e+01
1.725000000000000000e+01 8.932579343387011761e+00 8.566727243202542752e+00 3.150360563674447434e+01
1.730000000000000071e+01 1.257268665550319398e+01 1.205352421569626742e+01 3.442074851046294270e+01
1.735000000000000142e+01 1.650549617067374797e+01 1.582063566503748397e+01 3.733789138418161713e+01
1.739999999999999858e+01 2.097179050679768864e+01 2.009884659201087942e+01 4.025503425790009260e+01
1.744999999999999929e+01 2.624676538526889402e+01 2.515189444689844933e+01 4.317217713161876702e+01
1.750000000000000000e+01 3.253452008958414154e+01 3.117535883403571972e+01 4.608932000533744144e+01
1.755000000000000071e+01 3.989787355524735801e+01 3.822940993743672777e+01 5.207653348339879074e+01
1.760000000000000142e+01 4.823568900235220269e+01 4.621709257978854168e+01 6.011046069768928390e+01
1.764999999999999858e+01 5.732163733949012396e+01 5.492146754489586158e+01 6.814438791197922285e+01
1.769999999999999929e+01 6.689002202327142754e+01 6.408789778135312076e+01 7.617831512626972312e+01
1.775000000000000000e+01 7.670405150085893808e+01 7.348945459631246990e+01 8.421224234055965496e+01
1.780000000000000071e+01 8.663018066639568815e+01 8.299818166599690983e+01 9.224616955485015524e+01
1.785000000000000142e+01 9.666524355679480607e+01 9.261108993759339114e+01 1.002800967691406413e+02
1.789999999999999858e+01 1.069183586947279423e+02 1.024328095645935832e+02 1.083140239834305874e+02
1.794999999999999929e+01 1.175646152942331639e+02 1.126311972708523541e+02 1.163479511977210876e+02
1.800000000000000000e+01 1.287726306356996133e+02 1.233678974422897028e+02 1.243818784120110195e+02
1.805000000000000071e+01 1.406352702321657375e+02 1.347319286970735845e+02 1.345951998329163644e+02
1.810000000000000142e+01 1.531401045210021152e+02 1.467113763622402018e+02 1.462614507248985092e+02
1.814999999999999858e+01 1.661589969584163384e+02 1.591834111757274854e+02 1.579277016168798298e+02
1.819999999999999929e+01 1.794820836714676204e+02 1.719468617764612759e+02 1.695939525088619746e+02
1.825000000000000000e+01 1.928709581999747797e+02 1.847732005801388198e+02 1.812602034008432952e+02
1.830000000000000071e+01 2.061380516003102343e+02 1.974826530564646418e+02 1.929264542928254400e+02
1.835000000000000142e+01 2.191787163252147366e+02 2.099749390144277470e+02 2.045927051848075848e+02
1.839999999999999858e+01 2.319968514321884072e+02 2.222538537575906048e+02 2.162589560767889054e+02
1.845000000000000284e+01 2.446846402029058822e+02 2.344078353248237931e+02 2.279252069687710502e+02
1.850000000000000000e+01 2.573843107671129360e+02 2.465732907291521769e+02 2.395914578607523708e+02
1.855000000000000071e+01 2.702180569777553387e+02 2.588674067853597762e+02 2.502416327761957007e+02
1.859999999999999787e+01 2.832431783055082519e+02 2.713451292319711570e+02 2.602144237072791952e+02
1.864999999999999858e+01 2.964168820576949201e+02 2.839654282140312489e+02 2.701872146383633435e+02
1.870000000000000284e+01 3.096105005707414080e+02 2.966049224891499989e+02 2.801600055694475486e+02
1.875000000000000000e+01 3.226256452361008655e+02 3.090733986704219092e+02 2.901327965005310148e+02
1.880000000000000071e+01 3.352734970937914341e+02 3.211898367596245976e+02 3.001055874316151630e+02
1.884999999999999787e+01 3.473782822946648139e+02 3.327857492488176376e+02 3.100783783626986860e+02
1.889999999999999858e+01 3.588500625402464834e+02 3.437749750183643300e+02 3.200511692937828343e+02
1.895000000000000284e+01 3.697276424681026583e+02 3.541948302344167132e+02 3.300239602248669826e+02
1.900000000000000000e+01 3.800418514118236430e+02 3.640749847553811378e+02 3.399967511559505056e+02
1.905000000000000071e+01 3.899733511390006697e+02 3.735886696488594794e+02 3.459882577493634699e+02
1.909999999999999787e+01 3.995793199634550774e+02 3.827907669152429548e+02 3.493255747843289782e+02
1.914999999999999858e+01 4.089966392337010461e+02 3.918124638719295945e+02 3.526628918192947708e+02
1.919999999999999929e+01 4.181534073899530313e+02 4.005847686527764040e+02 3.560002088542603360e+02
1.925000000000000000e+01 4.269634264227340736e+02 4.090249637038215269e+02 3.593375258892260717e+02
1.930000000000000071e+01 4.352244944223763810e+02 4.169391598992767740e+02 3.626748429241918643e+02
1.934999999999999787e+01 4.427876025911293141e+02 4.241844998154708151e+02 3.660121599591574295e+02
1.940000000000000213e+01 4.495045477401972107e+02 4.306189632792491579e+02 3.693494769941232221e+02
1.944999999999999929e+01 4.552625231698674497e+02 4.361345028845102547e+02 3.726867940290887304e+02
1.950000000000000000e+01 4.600583129102876683e+02 4.407281735687741957e+02 3.760241110640545230e+02
1.955000000000000071e+01 4.640386265146565847e+02 4.445407346333858527e+02 3.757989763240489083e+02
1.959999999999999787e+01 4.673340060154871480e+02 4.476973345131432325e+02 3.731988737340627722e+02
1.965000000000000213e+01 4.700775594287968602e+02 4.503255897995022110e+02 3.705987711440765224e+02
1.969999999999999929e+01 4.723848695007013703e+02 4.525361879592924765e+02 3.679986685540903864e+02
1.975000000000000000e+01 4.743495329110918419e+02 4.544187413720759423e+02 3.653985659641041366e+02
1.980000000000000071e+01 4.758401894903871039e+02 4.558472049229403069e+02 3.627984633741178300e+02
1.984999999999999787e+01 4.767292592873579338e+02 4.566992635795706406e+02 3.601983607841317507e+02
1.990000000000000213e+01 4.767617800774800685e+02 4.567304927193428057e+02 3.575982581941454441e+02
1.994999999999999929e+01 4.757167737926538962e+02 4.557292177017056360e+02 3.549981556041593649e+02
2.000000000000000000e+01 4.735344906364086341e+02 4.536382812642000317e+02 3.523980530141730583e+02
