# t[ms]  w/0.0254_OpenSG-RM  w/0.0254_Abaqus3D  w/0.0254_AbaqusFSDT (step pulse, dt = 50 us)
5.000000000000000278e-02 8.278975590551182484e-02 1.154888177119486360e-03 8.279043307086614290e-02
1.000000000000000056e-01 3.308408700787401346e-01 1.235526958901478900e-01 3.308482007874015696e-01
1.499999999999999944e-01 7.432292125984252262e-01 6.221800120734906070e-01 7.432686220472441985e-01
2.000000000000000111e-01 1.318488188976377984e+00 1.308290616447008503e+00 1.318630314960629990e+00
2.500000000000000000e-01 2.054680196850394047e+00 2.009401675841404611e+00 2.055068858267716791e+00
2.999999999999999889e-01 2.949460118110236451e+00 2.775727924275422698e+00 2.950324291338583205e+00
3.499999999999999778e-01 4.000107086614173468e+00 3.838173701066622368e+00 4.001737795275590592e+00
4.000000000000000222e-01 5.203515748031495747e+00 5.157061436868263904e+00 5.206203543307086790e+00
4.500000000000000111e-01 6.556151968503937333e+00 6.550920682117284066e+00 6.560106692913386439e+00
5.000000000000000000e-01 8.053997244094489361e+00 7.950752534448819908e+00 8.059278346456693498e+00
5.500000000000000444e-01 9.692501968503938414e+00 9.508354961193694166e+00 9.699000787401574897e+00
5.999999999999999778e-01 1.146657047244094407e+01 1.135627099831270925e+01 1.147406456692913324e+01
6.500000000000000222e-01 1.337058937007874171e+01 1.334159274989194266e+01 1.337885314960630012e+01
6.999999999999999556e-01 1.539849330708661412e+01 1.536231157480315090e+01 1.540742440944882041e+01
7.500000000000000000e-01 1.754385157480314916e+01 1.742840838582677421e+01 1.755355393700787658e+01
8.000000000000000444e-01 1.979994448818898078e+01 1.964084222047244310e+01 1.981072952755905447e+01
8.499999999999999778e-01 2.215982007874016091e+01 2.205320316535432568e+01 2.217210826771653487e+01
9.000000000000000222e-01 2.461630708661417444e+01 2.457541191338582465e+01 2.463047007874016003e+01
9.499999999999999556e-01 2.716199251968503958e+01 2.710121159055118412e+01 2.717820078740157541e+01
1.000000000000000000e+00 2.978917913385826921e+01 2.965303674015748214e+01 2.980732913385826777e+01
1.050000000000000044e+00 3.248984881889763443e+01 3.231919770866142017e+01 3.250960511811023679e+01
1.100000000000000089e+00 3.525565511811023356e+01 3.512237983464567748e+01 3.527659291338583358e+01
1.149999999999999911e+00 3.807795472440945161e+01 3.799245947244094879e+01 3.809974488188976238e+01
1.199999999999999956e+00 4.094788188976377796e+01 4.084445621259842341e+01 4.097042519685039963e+01
1.250000000000000000e+00 4.385643700787402111e+01 4.368276992125984037e+01 4.387988976377952355e+01
1.300000000000000044e+00 4.679457874015748331e+01 4.658675496062991783e+01 4.681926771653543540e+01
1.350000000000000089e+00 4.975326771653543290e+01 4.957538401574803544e+01 4.977953149606299377e+01
1.399999999999999911e+00 5.272350393700787663e+01 5.257408527559055500e+01 5.275153937007873850e+01
1.449999999999999956e+00 5.569629921259843286e+01 5.552030606299211968e+01 5.572606692913385729e+01
1.500000000000000000e+00 5.866265748031496230e+01 5.842449944881889934e+01 5.869389763779528124e+01
1.550000000000000044e+00 6.161355511811024144e+01 6.133762228346456880e+01 6.164589370078740416e+01
1.600000000000000089e+00 6.453997244094487939e+01 6.427660881889764255e+01 6.457302755905512015e+01
1.649999999999999911e+00 6.743289370078740319e+01 6.718461889763780448e+01 6.746640551181101841e+01
1.699999999999999956e+00 7.028339370078739989e+01 7.000165614173228334e+01 7.031727165354331532e+01
1.750000000000000000e+00 7.308270866141732824e+01 7.273928779527560096e+01 7.311700000000000443e+01
1.800000000000000044e+00 7.582225984251968498e+01 7.543840141732283655e+01 7.585709448818897727e+01
1.850000000000000089e+00 7.849374409448819279e+01 7.810106519685039927e+01 7.852922834645669070e+01
1.899999999999999911e+00 8.108911811023621397e+01 8.068786606299212849e+01 8.112525984251968225e+01
1.949999999999999956e+00 8.360061417322836519e+01 8.315861133858267351e+01 8.363727952755905903e+01
2.000000000000000000e+00 8.602073622047244328e+01 8.551423850393700832e+01 8.605766141732283359e+01
2.050000000000000266e+00 8.834222834645670730e+01 8.778474055118111607e+01 8.837907480314962072e+01
2.100000000000000089e+00 9.055810629921261068e+01 8.997299716535431457e+01 9.059449999999999648e+01
2.149999999999999911e+00 9.266163385826772014e+01 9.204588866141730819e+01 9.269724803149607339e+01
2.200000000000000178e+00 9.464636220472441153e+01 9.397744913385827203e+01 9.468094094488189683e+01
2.250000000000000000e+00 9.650616141732284348e+01 9.576842047244093692e+01 9.653952755905511651e+01
2.299999999999999822e+00 9.823524409448818062e+01 9.743123157480314944e+01 9.826729133858268028e+01
2.350000000000000089e+00 9.982820472440945991e+01 9.896997259842520123e+01 9.985884251968504088e+01
2.399999999999999911e+00 1.012800472440944901e+02 1.003701185826771649e+02 1.013091811023622029e+02
2.449999999999999734e+00 1.025862086614173307e+02 1.016134358267716493e+02 1.026136929133858189e+02
2.500000000000000000e+00 1.037425826771653448e+02 1.026975805511811046e+02 1.037682244094488340e+02
2.550000000000000266e+00 1.047455275590551196e+02 1.036272339370078868e+02 1.047691023622047197e+02
2.600000000000000089e+00 1.055918779527559082e+02 1.044026477952755982e+02 1.056131614173228428e+02
2.649999999999999911e+00 1.062789606299212721e+02 1.050229758267716562e+02 1.062977677165354322e+02
2.700000000000000178e+00 1.068045905511811071e+02 1.054830066141732345e+02 1.068207874015748047e+02
2.750000000000000000e+00 1.071670944881889795e+02 1.057731943307086624e+02 1.071805984251968482e+02
2.799999999999999822e+00 1.073652913385826793e+02 1.058906064566929075e+02 1.073760551181102443e+02
2.850000000000000089e+00 1.073985354330708759e+02 1.058415117322834647e+02 1.074065078740157446e+02
2.899999999999999911e+00 1.072666850393700742e+02 1.056359677952755902e+02 1.072718070866141886e+02
2.949999999999999734e+00 1.069701496062992163e+02 1.052776459842519614e+02 1.069723425196850428e+02
3.000000000000000000e+00 1.065098740157480393e+02 1.047545782677165249e+02 1.065090314960630025e+02
3.050000000000000266e+00 1.058873149606299222e+02 1.040535518897637814e+02 1.058833425196850442e+02
3.100000000000000089e+00 1.051044488188976374e+02 1.031837874803149759e+02 1.050972559055118154e+02
3.149999999999999911e+00 1.041637322834645687e+02 1.021692696062992241e+02 1.041532283464567001e+02
3.200000000000000178e+00 1.030680551181102373e+02 1.010190607086614278e+02 1.030541574803149558e+02
3.250000000000000000e+00 1.018207401574803157e+02 9.971791055118110592e+01 1.018033661417322975e+02
3.299999999999999822e+00 1.004255196850393759e+02 9.824977259842520994e+01 1.004045944881889767e+02
3.350000000000000089e+00 9.888655905511811284e+01 9.662693377952756180e+01 9.886201181102362057e+01
3.399999999999999911e+00 9.720845275590551182e+01 9.488379275590551742e+01 9.718026377952756434e+01
3.449999999999999734e+00 9.539627165354332305e+01 9.303547937007874680e+01 9.536449606299213144e+01
3.500000000000000000e+00 9.345555118110236492e+01 9.106063283464567348e+01 9.342033858267717505e+01
3.550000000000000266e+00 9.139230708661416713e+01 8.893836055118109130e+01 9.135388188976376966e+01
3.600000000000000089e+00 8.921298425196850701e+01 8.668658393700788167e+01 8.917160629921259840e+01
3.649999999999999911e+00 8.692442913385826841e+01 8.434796031496063051e+01 8.688030314960630562e+01
3.700000000000000178e+00 8.453382283464567593e+01 8.194161212598424981e+01 8.448701968503937110e+01
3.750000000000000000e+00 8.204860629921259374e+01 7.944439527559056557e+01 8.199905511811023473e+01
3.799999999999999822e+00 7.947645275590551250e+01 7.683212425196852280e+01 7.942395669291337867e+01
3.850000000000000089e+00 7.682520078740158453e+01 7.412647511811023548e+01 7.676958267716536000e+01
3.899999999999999911e+00 7.410287795275590383e+01 7.137732039370079917e+01 7.404409055118111382e+01
3.950000000000000178e+00 7.131770472440945241e+01 6.860389267716533368e+01 7.125594488188976072e+01
4.000000000000000000e+00 6.847812598425197450e+01 6.577863874015747570e+01 6.841383858267717244e+01
4.049999999999999822e+00 6.559283464566929922e+01 6.287641614173230664e+01 6.552660629921260238e+01
4.100000000000000533e+00 6.267076377952756161e+01 5.992250440944879131e+01 6.260316141732283768e+01
4.150000000000000355e+00 5.972104724409449261e+01 5.697209968503936750e+01 5.965246456692914023e+01
4.200000000000000178e+00 5.675295275590551114e+01 5.404606165354332603e+01 5.668350787401574564e+01
4.250000000000000000e+00 5.377578346456693481e+01 5.111333677165350764e+01 5.370536614173229140e+01
4.299999999999999822e+00 5.079879921259843201e+01 4.814718905511810476e+01 5.072719685039370319e+01
4.349999999999999645e+00 4.783116535433070737e+01 4.517570173228348551e+01 4.775826377952756019e+01
4.400000000000000355e+00 4.488192125984252101e+01 4.225543377952752877e+01 4.480784251968503895e+01
4.450000000000000178e+00 4.195999606299212559e+01 3.940518362204724667e+01 4.188515748031495889e+01
4.500000000000000000e+00 3.907424881889763668e+01 3.659148102362206600e+01 3.899927362204724801e+01
4.549999999999999822e+00 3.623348740157480563e+01 3.378734280314960614e+01 3.615904881889763800e+01
4.599999999999999645e+00 3.344647401574803069e+01 3.102335116535435233e+01 3.337311574803150194e+01
4.649999999999999467e+00 3.072189251968504209e+01 2.835773047244096290e+01 3.064991692913385890e+01
4.700000000000000178e+00 2.806827677165354373e+01 2.580675744881889599e+01 2.799774527559054960e+01
4.750000000000000000e+00 2.549392834645669126e+01 2.333373036220474006e+01 2.542476614173228455e+01
4.799999999999999822e+00 2.300683858267716531e+01 2.091117391338584497e+01 2.293898700787401879e+01
4.850000000000000533e+00 2.061463543307086610e+01 1.856947281102361913e+01 2.054818897637795416e+01
4.899999999999999467e+00 1.832456929133858381e+01 1.636476618110237524e+01 1.825983267716535607e+01
4.950000000000000178e+00 1.614353188976378206e+01 1.431037802362202527e+01 1.608098503937008061e+01
5.000000000000000000e+00 1.407808897637795376e+01 1.236786233858267536e+01 1.401828267716535592e+01
5.049999999999999822e+00 1.213450984251968379e+01 1.051050162204725602e+01 1.207793937007874163e+01
5.100000000000000533e+00 1.031876811023622054e+01 8.769295984251948894e+00 1.026578149606299206e+01
5.150000000000000355e+00 8.636508661417323651e+00 7.197290314960627988e+00 8.587281889763779930e+00
5.200000000000000178e+00 7.092985826771653457e+00 5.803149685039378447e+00 7.047563779527559191e+00
5.250000000000000000e+00 5.692992125984252638e+00 4.546192551181089669e+00 5.651372834645669307e+00
5.299999999999999822e+00 4.440796062992125925e+00 3.399138844094487411e+00 4.403024409448819121e+00
5.349999999999999645e+00 3.340117795275590939e+00 2.391084939370084594e+00 3.306342204724409317e+00
5.400000000000000355e+00 2.394138149606299226e+00 1.571010134645661083e+00 2.364621181102362080e+00
5.450000000000000178e+00 1.605539173228346383e+00 9.438015055118105234e-01 1.580620551181102229e+00
5.500000000000000000e+00 9.765543700787402415e-01 4.683519267716561574e-01 9.565876377952756693e-01
5.549999999999999822e+00 5.090050787401575461e-01 1.185716724409445477e-01 4.942968897637795567e-01
5.599999999999999645e+00 2.043077007874015971e-01 -7.874135779527481616e-02 1.950803582677165526e-01
5.649999999999999467e+00 6.344791338582678186e-02 -8.071966409448873281e-02 5.983301181102362171e-02
5.700000000000000178e+00 8.693227952755905319e-02 1.124958803937010782e-01 8.898857086614174461e-02
5.750000000000000000e+00 2.747366220472440834e-01 4.586255580314936298e-01 2.824786535433070900e-01
5.799999999999999822e+00 6.262712204724409926e-01 9.317574968503905541e-01 6.396978346456693165e-01
5.850000000000000533e+00 1.140376181102362274e+00 1.556050981102363062e+00 1.159494724409448896e+00
5.899999999999999467e+00 1.815349330708661668e+00 2.368919873228340744e+00 1.840195511811023810e+00
5.950000000000000178e+00 2.648996929133858202e+00 3.366837755118122111e+00 2.679649566929134252e+00
6.000000000000000000e+00 3.638691811023622158e+00 4.508482198425198817e+00 3.675276377952755968e+00
6.049999999999999822e+00 4.781419685039369760e+00 5.768659503937000110e+00 4.824092519685039271e+00
6.100000000000000533e+00 6.073801574803150416e+00 7.167340511811040038e+00 6.122710629921260583e+00
6.150000000000000355e+00 7.512083858267716963e+00 8.734827425196852957e+00 7.567312992125985183e+00
6.200000000000000178e+00 9.092107086614173994e+00 1.046340540157479282e+01 9.153624015748031084e+00
6.250000000000000000e+00 1.080926023622047261e+01 1.231262831496065147e+01 1.087689015748031451e+01
6.299999999999999822e+00 1.265844409448818908e+01 1.425870378740157740e+01 1.273189015748031494e+01
6.349999999999999645e+00 1.463406220472441177e+01 1.631850630708660077e+01 1.471296535433070929e+01
6.400000000000000355e+00 1.673004212598425156e+01 1.851673202362207604e+01 1.681406377952755804e+01
6.450000000000000178e+00 1.893988740157480422e+01 2.084345140944882147e+01 1.902877874015748105e+01
6.500000000000000000e+00 2.125674763779527510e+01 2.326014003937006436e+01 2.135037440944881837e+01
6.550000000000000711e+00 2.367348267716535304e+01 2.574360336220475176e+01 2.377179488188976109e+01
6.599999999999999645e+00 2.618270708661417601e+01 2.830610657480315240e+01 2.628566535433070683e+01
6.649999999999999467e+00 2.877680708661417697e+01 3.096583977165352763e+01 2.888429606299212793e+01
6.700000000000000178e+00 3.144792992125984199e+01 3.371094479527559429e+01 3.155969724409449029e+01
6.750000000000000000e+00 3.418796574803149468e+01 3.650623592913384385e+01 3.430361102362204662e+01
6.799999999999999822e+00 3.698853031496063437e+01 3.933084334645667468e+01 3.710754960629921584e+01
6.850000000000000533e+00 3.984097637795275659e+01 4.219403614173229045e+01 3.996283858267716482e+01
6.899999999999999467e+00 4.273642125984252260e+01 4.510917874015746776e+01 4.286064566929133690e+01
6.949999999999999289e+00 4.566582283464567382e+01 4.806356826771651924e+01 4.579203149606299661e+01
7.000000000000000000e+00 4.862003543307086773e+01 5.102505275590551292e+01 4.874796062992126622e+01
7.049999999999999822e+00 5.158989370078740677e+01 5.397390236220470427e+01 5.171933070866142401e+01
7.100000000000000533e+00 5.456625984251968475e+01 5.691551401574806590e+01 5.469701968503937195e+01
7.150000000000000355e+00 5.754004330708661996e+01 5.985880716535433521e+01 5.767188582677165698e+01
7.200000000000000178e+00 6.050220866141732756e+01 6.279201496062990628e+01 6.063481102362204922e+01
7.250000000000000000e+00 6.344377559055118354e+01 6.568820456692917276e+01 6.357669291338583406e+01
7.299999999999999822e+00 6.635577952755905073e+01 6.853053527559056590e+01 6.648849606299212667e+01
7.349999999999999645e+00 6.922931496062992096e+01 7.132187850393700046e+01 6.936123622047244908e+01
7.400000000000000355e+00 7.205551968503937132e+01 7.406753685039373636e+01 7.218605118110237129e+01
7.450000000000000178e+00 7.482562992125984636e+01 7.675655188976378440e+01 7.495423228346457734e+01
7.500000000000000000e+00 7.753103149606299382e+01 7.936630677165352665e+01 7.765724409448819188e+01
7.550000000000000711e+00 8.016330314960630687e+01 8.188199440944885055e+01 8.028676377952757548e+01
7.599999999999999645e+00 8.271427165354330668e+01 8.430422244094488349e+01 8.283469291338582252e+01
7.649999999999999467e+00 8.517603543307086511e+01 8.663648653543306466e+01 8.529315354330708487e+01
7.700000000000000178e+00 8.754098818897637102e+01 8.887107929133858875e+01 8.765451968503937508e+01
7.750000000000000000e+00 8.980184251968503872e+01 9.099152653543305291e+01 8.991142913385826319e+01
7.799999999999999822e+00 9.195163779527560166e+01 9.298597543307086255e+01 9.205684645669292365e+01
7.849999999999999645e+00 9.398375196850393820e+01 9.485304818897637347e+01 9.408410236220473166e+01
7.900000000000000355e+00 9.589193700787400587e+01 9.659417354330713579e+01 9.598694881889764474e+01
7.950000000000000178e+00 9.767032283464567399e+01 9.820418086614174058e+01 9.775956299212599276e+01
8.000000000000000000e+00 9.931344881889764054e+01 9.967194291338581991e+01 9.939656299212599322e+01
8.050000000000000711e+00 1.008162637795275742e+02 1.009885533070866046e+02 1.008929842519685138e+02
8.099999999999999645e+00 1.021741417322834735e+02 1.021521047244094547e+02 1.022442598425196962e+02
8.149999999999998579e+00 1.033828976377952813e+02 1.031643325984252044e+02 1.034462244094488312e+02
8.200000000000001066e+00 1.044388031496063007e+02 1.040244972440945190e+02 1.044951220472440951e+02
8.250000000000000000e+00 1.053386062992126000e+02 1.047274061417323026e+02 1.053876653543307071e+02
8.300000000000000711e+00 1.060795551181102354e+02 1.052666292125984313e+02 1.061210629921259851e+02
8.349999999999999645e+00 1.066593976377952799e+02 1.056389007086614242e+02 1.066930708661417384e+02
8.400000000000000355e+00 1.070763937007874063e+02 1.058455288188976482e+02 1.071019842519685028e+02
8.449999999999999289e+00 1.073293070866141790e+02 1.058896008661417341e+02 1.073466259842519719e+02
8.500000000000000000e+00 1.074173740157480239e+02 1.057716832283464612e+02 1.074263031496062979e+02
8.550000000000000711e+00 1.073403267716535368e+02 1.054886699212598558e+02 1.073407913385826902e+02
8.599999999999999645e+00 1.070983700787401602e+02 1.050377981889763817e+02 1.070903346456693015e+02
8.650000000000000355e+00 1.066922204724409511e+02 1.044217169291338649e+02 1.066756456692913417e+02
8.699999999999999289e+00 1.061231023622047331e+02 1.036478119685039587e+02 1.060979724409448721e+02
8.750000000000000000e+00 1.053927952755905579e+02 1.027213685826771439e+02 1.053591102362204737e+02
8.800000000000000711e+00 1.045036181102362178e+02 1.016409645669291280e+02 1.044614291338582603e+02
8.849999999999999645e+00 1.034584251968503992e+02 1.004031501574803258e+02 1.034078385826771722e+02
8.900000000000000355e+00 1.022605866141732349e+02 9.901142370078741806e+01 1.022017440944881912e+02
8.949999999999999289e+00 1.009139370078740114e+02 9.747743299212599766e+01 1.008469724409448816e+02
9.000000000000000000e+00 9.942273622047244430e+01 9.581162708661419458e+01 9.934774803149606726e+01
9.050000000000000711e+00 9.779162204724410401e+01 9.401532811023618308e+01 9.770866535433071931e+01
9.099999999999999645e+00 9.602561023622047287e+01 9.208561188976376854e+01 9.593470866141731790e+01
9.150000000000000355e+00 9.413007874015748655e+01 9.002718204724411066e+01 9.403130314960630187e+01
9.199999999999999289e+00 9.211078740157481093e+01 8.785476629921261349e+01 9.200430708661417611e+01
9.250000000000000000e+00 8.997389370078740001e+01 8.558176118110237951e+01 8.986004330708661314e+01
9.299999999999998934e+00 8.772596062992126065e+01 8.321032614173230968e+01 8.760521259842519726e+01
9.350000000000001421e+00 8.537394094488189467e+01 8.073732944881888329e+01 8.524684251968504611e+01
9.400000000000000355e+00 8.292515748031496514e+01 7.816888062992127573e+01 8.279220472440944434e+01
9.449999999999999289e+00 8.038722440944881953e+01 7.552328551181103933e+01 8.024879133858267721e+01
9.500000000000000000e+00 7.776799606299212542e+01 7.281737811023624829e+01 7.762430708661418066e+01
9.549999999999998934e+00 7.507552755905511788e+01 7.005455519685041565e+01 7.492670078740157180e+01
9.599999999999999645e+00 7.231801181102362364e+01 6.723141228346459286e+01 7.216418110236220684e+01
9.650000000000000355e+00 6.950377952755906108e+01 6.435432228346454053e+01 6.934522047244094267e+01
9.700000000000001066e+00 6.664130314960630130e+01 6.144292094488191225e+01 6.647850787401574735e+01
9.750000000000000000e+00 6.373920866141732233e+01 5.851514173228348170e+01 6.357287401574803454e+01
9.799999999999998934e+00 6.080628740157479939e+01 5.557440716535434433e+01 6.063722047244094426e+01
9.849999999999999645e+00 5.785147244094488883e+01 5.261721102362206182e+01 5.768044488188976970e+01
9.900000000000000355e+00 5.488381102362205155e+01 4.965098236220463690e+01 5.471145275590551904e+01
9.950000000000001066e+00 5.191241732283464927e+01 4.669717456692911384e+01 5.173915354330708993e+01
1.000000000000000000e+01 4.894638976377952844e+01 4.374024915635543920e+01 4.877251181102361954e+01
1.005000000000000071e+01 4.599477559055117837e+01 4.082866535433073096e+01 4.582054330708661638e+01
1.009999999999999964e+01 4.306652755905511754e+01 3.796986133858273860e+01 4.289231496062992477e+01
1.014999999999999858e+01 4.017049212598425356e+01 3.514703606299218563e+01 3.999687007874015876e+01
1.020000000000000107e+01 3.731541732283464796e+01 3.238150212598421263e+01 3.714316496062992456e+01
1.025000000000000000e+01 3.450997874015747868e+01 2.969136543307082832e+01 3.433999960629921588e+01
1.030000000000000071e+01 3.176277992125984184e+01 2.707823661417319272e+01 3.159597362204724291e+01
1.034999999999999964e+01 2.908234330708661730e+01 2.453682370078741926e+01 2.891947401574803322e+01
1.040000000000000036e+01 2.647706062992125808e+01 2.207399165354335935e+01 2.631868425196850225e+01
1.044999999999999929e+01 2.395512519685039621e+01 1.971051039370083657e+01 2.380159842519685043e+01
1.050000000000000000e+01 2.152444763779527648e+01 1.746283614173225374e+01 2.137601299212598605e+01
1.055000000000000071e+01 1.919258622047244245e+01 1.533024645669288510e+01 1.904949488188976403e+01
1.059999999999999964e+01 1.696670629921259987e+01 1.330531346456690223e+01 1.682932519685039452e+01
1.065000000000000036e+01 1.485357598425196990e+01 1.139320409448820115e+01 1.472244055118110317e+01
1.069999999999999929e+01 1.285959330708661419e+01 9.613033779527595968e+00 1.273538188976378116e+01
1.075000000000000000e+01 1.099082204724409451e+01 7.979532283464600084e+00 1.087427244094488188e+01
1.080000000000000071e+01 9.253017322834645952e+00 6.490570551181082948e+00 9.144815748031497549e+00
1.084999999999999964e+01 7.651620078740157815e+00 5.137664881889746127e+00 7.552307480314961019e+00
1.090000000000000036e+01 6.191714173228347384e+00 3.924471527559039163e+00 6.101645275590551698e+00
1.094999999999999929e+01 4.877957874015748096e+00 2.867409527559062088e+00 4.797324015748031911e+00
1.100000000000000000e+01 3.714512362204724472e+00 1.977753629921277012e+00 3.643411062992126137e+00
1.105000000000000071e+01 2.704984173228346389e+00 1.250334566929124591e+00 2.643511929133858462e+00
1.109999999999999964e+01 1.852405669291338874e+00 6.745119055118038442e-01 1.800733818897637839e+00
1.115000000000000036e+01 1.159252519685039395e+00 2.519879622047194734e-01 1.117663228346456705e+00
1.119999999999999929e+01 6.274904724409449130e-01 -3.223051968502643749e-03 5.963618897637795735e-01
1.125000000000000000e+01 2.586299448818897839e-01 -8.232224566929118026e-02 2.383804133858267726e-01
1.129999999999999893e+01 5.376763779527559545e-02 7.659190551177877393e-03 4.478041338582677833e-02
1.135000000000000142e+01 1.359808858267716643e-02 2.544641299212641039e-01 1.615276850393700808e-02
1.140000000000000036e+01 1.383912755905511716e-01 6.572104992126048817e-01 1.526230393700787336e-01
1.144999999999999929e+01 4.279446062992126598e-01 1.226003259842528559e+00 4.538414173228346726e-01
1.150000000000000000e+01 8.815270866141732276e-01 1.965672173228340869e+00 9.189626771653544024e-01
1.154999999999999893e+01 1.497836653543307195e+00 2.866591299212578825e+00 1.546626023622047263e+00
1.159999999999999964e+01 2.274985039370078788e+00 3.915093669291315859e+00 2.334944212598425217e+00
1.165000000000000036e+01 3.210516220472441340e+00 5.108622362204742196e+00 3.281506456692913076e+00
1.170000000000000107e+01 4.301450393700787522e+00 6.454652677165373831e+00 4.383392519685039623e+00
1.175000000000000000e+01 5.544338582677165839e+00 7.955302362204746736e+00 5.637194094488189755e+00
1.179999999999999893e+01 6.935311811023622042e+00 9.599063070866129976e+00 7.039033464566928799e+00
1.184999999999999964e+01 8.470105118110236475e+00 1.137061385826767967e+01 8.584583858267716749e+00
1.190000000000000036e+01 1.014406338582677236e+01 1.326464937007876799e+01 1.026908267716535406e+01
1.195000000000000107e+01 1.195212125984251905e+01 1.528484677165357120e+01 1.208734488188976464e+01
1.200000000000000000e+01 1.388877992125984306e+01 1.743018929133861050e+01 1.403377244094488141e+01
1.205000000000000071e+01 1.594809409448818904e+01 1.968795299212596461e+01 1.610236377952756115e+01
1.209999999999999964e+01 1.812367755905511757e+01 2.204262590551175904e+01 1.828672637795275691e+01
1.214999999999999858e+01 2.040873464566929130e+01 2.448784118110231134e+01 2.058009212598425108e+01
1.220000000000000107e+01 2.279610984251968375e+01 2.702488362204728034e+01 2.297534212598425540e+01
1.225000000000000000e+01 2.527834606299212794e+01 2.965037566929137469e+01 2.546504251968504207e+01
1.230000000000000071e+01 2.784773700787401651e+01 3.235033488188980044e+01 2.804148188976378009e+01
1.234999999999999964e+01 3.049636496062992208e+01 3.510834968503935016e+01 3.069670984251968449e+01
1.240000000000000036e+01 3.321611850393701104e+01 3.791620322834640433e+01 3.342256181102361978e+01
1.244999999999999929e+01 3.599869409448818658e+01 4.077267858267710920e+01 3.621067362204724560e+01
1.250000000000000000e+01 3.883559055118110592e+01 4.367300866141737004e+01 3.905247992125984524e+01
1.255000000000000071e+01 4.171810236220472490e+01 4.660375905511815375e+01 4.193922047244095097e+01
1.259999999999999964e+01 4.463733858267716670e+01 4.954959448818901535e+01 4.486195275590551290e+01
1.265000000000000036e+01 4.758424015748031621e+01 5.250196850393698611e+01 4.781159448818897317e+01
1.269999999999999929e+01 5.054962598425197484e+01 5.545791811023616447e+01 5.077896456692913318e+01
1.275000000000000000e+01 5.352426377952755843e+01 5.841127795275584589e+01 5.375487401574802959e+01
1.280000000000000071e+01 5.649892519685040071e+01 6.134863622047248555e+01 5.673014566929134617e+01
1.284999999999999964e+01 5.946442125984252414e+01 6.425520472440949504e+01 5.969566535433070698e+01
1.290000000000000036e+01 6.241166141732283279e+01 6.712222440944886159e+01 6.264238582677165823e+01
1.294999999999999929e+01 6.533165354330708396e+01 6.994612362204722444e+01 6.556130708661417827e+01
1.300000000000000000e+01 6.821550787401575633e+01 7.272127480314955505e+01 6.844347637795276285e+01
1.305000000000000071e+01 7.105445275590551546e+01 7.543635511811027072e+01 7.128002755905512799e+01
1.310000000000000142e+01 7.383983070866142384e+01 7.807861259842523793e+01 7.406220472440945457e+01
1.315000000000000036e+01 7.656313779527559404e+01 8.063967401574807070e+01 7.678143700787401826e+01
1.319999999999999929e+01 7.921604330708660768e+01 8.311520708661416279e+01 7.942941338582677702e+01
1.325000000000000000e+01 8.179042519685039281e+01 8.549960078740153335e+01 8.199810236220473314e+01
1.329999999999999893e+01 8.427842913385828183e+01 8.778319527559050073e+01 8.447977559055118491e+01
1.335000000000000142e+01 8.667248031496062310e+01 8.995546456692916593e+01 8.686698818897637864e+01
1.340000000000000036e+01 8.896531496062992517e+01 9.200953307086616917e+01 8.915253937007874185e+01
1.344999999999999929e+01 9.115000787401575622e+01 9.394216850393704021e+01 9.132948031496063379e+01
1.350000000000000000e+01 9.321995669291338515e+01 9.574973543307085322e+01 9.339113385826772173e+01
1.354999999999999893e+01 9.516892519685040952e+01 9.742553622047240935e+01 9.533114566929133105e+01
1.359999999999999964e+01 9.699102362204725125e+01 9.896156850393698790e+01 9.714355118110236731e+01
1.365000000000000036e+01 9.868073228346456460e+01 1.003519748031496306e+02 9.882281496062992687e+01
1.370000000000000107e+01 1.002329133858267767e+02 1.015938952755905831e+02 1.003638700787401632e+02
1.375000000000000000e+01 1.016428110236220590e+02 1.026852118110236489e+02 1.017621062992125900e+02
1.379999999999999893e+01 1.029060787401574828e+02 1.036223551181102351e+02 1.030133188976378023e+02
1.384999999999999964e+01 1.040187992125984380e+02 1.044007771653543273e+02 1.041137007874015836e+02
1.389999999999999858e+01 1.049774999999999920e+02 1.050171944881889630e+02 1.050598385826771732e+02
1.395000000000000107e+01 1.057791771653543407e+02 1.054707724409448844e+02 1.058487125984251946e+02
1.400000000000000000e+01 1.064213346456693046e+02 1.057619055118110225e+02 1.064777755905511896e+02
1.405000000000000071e+01 1.069019763779527494e+02 1.058900834645669278e+02 1.069449881889763958e+02
1.409999999999999964e+01 1.072196259842519765e+02 1.058532984251968401e+02 1.072488661417322788e+02
1.414999999999999858e+01 1.073733031496063006e+02 1.056497370078740232e+02 1.073884881889763960e+02
1.420000000000000107e+01 1.073625196850393735e+02 1.052799244094488245e+02 1.073634409448818872e+02
1.425000000000000000e+01 1.071872519685039435e+02 1.047468322834645704e+02 1.071738070866141754e+02
1.430000000000000071e+01 1.068479330708661479e+02 1.040537535433070815e+02 1.068200944881889853e+02
1.434999999999999964e+01 1.063454566929133875e+02 1.032023811023622102e+02 1.063032598425196795e+02
1.440000000000000036e+01 1.056812007874015649e+02 1.021935125984252153e+02 1.056247283464566920e+02
1.444999999999999929e+01 1.048570551181102388e+02 1.010295929133858550e+02 1.047864370078740279e+02
1.450000000000000000e+01 1.038754488188976381e+02 9.971575354330707341e+01 1.037908740157480452e+02
1.455000000000000071e+01 1.027393779527559019e+02 9.825778425196848787e+01 1.026410984251968586e+02
1.459999999999999964e+01 1.014523779527559100e+02 9.665954645669289391e+01 1.013407086614173238e+02
1.465000000000000036e+01 1.000185039370078783e+02 9.492345511811024039e+01 9.989378346456692270e+01
1.469999999999999929e+01 9.844226771653544006e+01 9.305375590551184928e+01 9.830482283464566251e+01
1.475000000000000000e+01 9.672859448818897476e+01 9.105834015748035881e+01 9.657870866141732336e+01
1.480000000000000071e+01 9.488275984251968964e+01 8.894633622047241772e+01 9.472069291338583241e+01
1.484999999999999964e+01 9.291038582677164470e+01 8.672438897637792365e+01 9.273640944881888970e+01
1.490000000000000036e+01 9.081742125984251857e+01 8.439654488188972437e+01 9.063190157480315179e+01
1.494999999999999929e+01 8.861019685039370586e+01 8.196805905511813251e+01 8.841364566929134128e+01
1.500000000000000000e+01 8.629542125984252721e+01 7.944801811023627636e+01 8.608851574803149731e+01
1.504999999999999893e+01 8.388019685039370188e+01 7.684709370078745394e+01 8.366373228346456870e+01
1.510000000000000142e+01 8.137201181102363989e+01 7.417340236220469762e+01 8.114681496062992494e+01
1.515000000000000036e+01 7.877868110236221355e+01 7.143227480314956779e+01 7.854552362204724147e+01
1.519999999999999929e+01 7.610828346456692373e+01 6.863044015748027959e+01 7.586780708661417805e+01
1.525000000000000000e+01 7.336909055118110246e+01 6.577886299212600818e+01 7.312182677165354505e+01
1.529999999999999893e+01 7.056951968503936712e+01 6.289002440944887695e+01 7.031594881889763826e+01
1.535000000000000142e+01 6.771810236220471779e+01 5.997305669291334596e+01 6.745874803149607146e+01
1.540000000000000036e+01 6.482347244094488303e+01 5.703337559055114525e+01 6.455902755905512436e+01
1.545000000000000107e+01 6.189440157480315463e+01 5.407746062992121949e+01 6.162574803149606595e+01
1.550000000000000000e+01 5.893980314960630551e+01 5.111632125984255026e+01 5.866800393700787453e+01
1.554999999999999893e+01 5.596875590551181290e+01 4.816285354330715052e+01 5.569495275590551131e+01
1.559999999999999964e+01 5.299047244094488462e+01 4.522670236220478301e+01 5.271577952755905727e+01
1.565000000000000036e+01 5.001426771653543568e+01 4.231371259842516253e+01 4.973965354330708522e+01
1.569999999999999929e+01 4.704946456692913159e+01 3.943074023622059343e+01 4.677571653543307661e+01
1.575000000000000000e+01 4.410533858267717022e+01 3.658900503937007898e+01 4.383308661417322583e+01
1.580000000000000071e+01 4.119101574803150356e+01 3.380112566929125961e+01 4.092083070866141981e+01
1.584999999999999964e+01 3.831545629921259888e+01 3.107578582677165357e+01 3.804795944881890080e+01
1.590000000000000036e+01 3.548742992125984586e+01 2.841743551181095029e+01 3.522337834645669830e+01
1.594999999999999929e+01 3.271552440944882534e+01 2.583158582677176085e+01 3.245585551181102346e+01
1.600000000000000000e+01 3.000817992125984190e+01 2.332847015748031794e+01 2.975397165354331008e+01
1.604999999999999716e+01 2.737370314960629969e+01 2.092001937007884038e+01 2.712608070866141929e+01
1.610000000000000142e+01 2.482025905511811104e+01 1.861428897637795288e+01 2.458027874015748182e+01
1.615000000000000213e+01 2.235583110236220250e+01 1.641495259842513477e+01 2.212438385826771636e+01
1.619999999999999929e+01 1.998815393700787624e+01 1.432640377952755983e+01 1.976592598425196812e+01
1.625000000000000000e+01 1.772463385826771542e+01 1.235723700787396240e+01 1.751213740157480458e+01
1.629999999999999716e+01 1.557227874015748093e+01 1.051720866141739741e+01 1.536994015748031472e+01
1.635000000000000142e+01 1.353765748031496230e+01 8.811940629921259927e+00 1.334592716535433077e+01
1.640000000000000213e+01 1.162689370078740225e+01 7.242813700787359643e+00 1.144633464566929248e+01
1.644999999999999929e+01 9.845687007874015961e+00 5.812271102362204900e+00 9.677011811023621846e+00
1.650000000000000000e+01 8.199353149606299240e+00 4.527208110236186300e+00 8.043389763779527968e+00
1.654999999999999716e+01 6.692854724409448508e+00 3.395740661417367967e+00 6.550457086614174251e+00
1.660000000000000142e+01 5.330807874015747849e+00 2.421772118110236072e+00 5.202744094488189752e+00
1.665000000000000213e+01 4.117459055118110278e+00 1.604734645669270598e+00 4.004318110236220640e+00
1.669999999999999929e+01 3.056630590551181470e+00 9.446685354330709439e-01 2.958782677165354258e+00
1.675000000000000000e+01 2.151657677165354610e+00 4.455160850393580785e-01 2.069283779527558931e+00
1.680000000000000071e+01 1.405329999999999968e+00 1.121773296850504809e-01 1.338507125984252033e+00
1.685000000000000142e+01 8.198617322834645949e-01 -5.438717023622047231e-02 7.686703149606298746e-01
1.689999999999999858e+01 3.968947637795275929e-01 -5.711150472441203774e-02 3.615051417322834859e-01
1.694999999999999929e+01 1.375318228346456839e-01 1.020566858267716315e-01 1.182359015748031539e-01
1.700000000000000000e+01 4.238510629921260486e-02 4.250289086614281731e-01 3.956040944881889648e-02
1.705000000000000071e+01 1.116197559055118194e-01 9.144369685039370754e-01 1.256419488188976474e-01
1.710000000000000142e+01 3.449763543307087232e-01 1.568807377952775806e+00 3.761164330708661740e-01
1.714999999999999858e+01 7.417648031496063554e-01 2.382616976377916362e+00 7.901133464566929554e-01
1.719999999999999929e+01 1.300834527559055154e+00 3.351013173228346353e+00 1.366282992125984252e+00
1.725000000000000000e+01 2.020535118110236450e+00 4.472690503937041484e+00 2.102819606299212829e+00
1.730000000000000071e+01 2.898685590551181690e+00 5.747186771653543857e+00 2.997470984251968229e+00
1.735000000000000142e+01 3.932565354330709084e+00 7.170602125984293806e+00 4.047531889763779311e+00
1.739999999999999858e+01 5.118932283464567412e+00 8.735698740157413766e+00 5.249828346456692607e+00
1.744999999999999929e+01 6.454060629921260173e+00 1.043606818897637822e+01 6.600699606299213151e+00
1.750000000000000000e+01 7.933791338582677710e+00 1.226844803149611529e+01 8.096000000000000085e+00
1.755000000000000071e+01 9.553570078740158067e+00 1.422999590551181193e+01 9.731115354330709621e+00
1.760000000000000142e+01 1.130847755905511853e+01 1.631436511811029533e+01 1.150100669291338562e+01
1.764999999999999858e+01 1.319323543307086588e+01 1.851198850393691586e+01 1.340025196850393741e+01
1.769999999999999929e+01 1.520219803149606363e+01 2.081411984251968406e+01 1.542308503937007913e+01
1.775000000000000000e+01 1.732934094488189203e+01 2.321514881889753568e+01 1.756340866141732349e+01
1.780000000000000071e+01 1.956824999999999903e+01 2.571026992125984378e+01 1.981478503937007929e+01
1.785000000000000142e+01 2.191212795275590608e+01 2.829194047244101995e+01 2.217041811023621989e+01
1.789999999999999858e+01 2.435381181102362191e+01 3.094994606299212947e+01 2.462314370078740211e+01
1.794999999999999929e+01 2.688580866141732173e+01 3.367472062992133885e+01 2.716544212598425645e+01
1.800000000000000000e+01 2.950033818897638227e+01 3.645919157480303596e+01 2.978948346456692775e+01
1.805000000000000071e+01 3.218937559055117958e+01 3.929671433070866726e+01 3.248718858267717025e+01
1.810000000000000142e+01 3.494469015748031637e+01 4.217813700787409914e+01 3.525028661417323406e+01
1.814999999999999858e+01 3.775787165354331165e+01 4.509210944881890271e+01 3.807035314960629790e+01
1.819999999999999929e+01 4.062034645669291422e+01 4.802820551181110886e+01 4.093881889763780180e+01
1.825000000000000000e+01 4.352339370078740899e+01 5.097863543307074963e+01 4.384695669291338760e+01
1.830000000000000071e+01 4.645813779527559717e+01 5.393641811023622523e+01 4.678587401574802840e+01
1.835000000000000142e+01 4.941559055118110422e+01 5.689265039370086896e+01 4.974651181102362330e+01
1.839999999999999858e+01 5.238664566929134025e+01 5.983647322834646332e+01 5.271969291338582764e+01
1.845000000000000284e+01 5.536212992125984300e+01 6.275752598425205520e+01 5.569618503937007858e+01
1.850000000000000000e+01 5.833284251968503753e+01 6.564744330708661835e+01 5.866675590551180619e+01
1.855000000000000071e+01 6.128958267716535602e+01 6.849856377952764319e+01 6.162226771653543977e+01
1.859999999999999787e+01 6.422322440944881805e+01 7.130189212598413917e+01 6.455366535433070396e+01
1.864999999999999858e+01 6.712471653543306616e+01 7.404719685039370347e+01 6.745200393700787345e+01
1.870000000000000284e+01 6.998514173228346635e+01 7.672509291338590742e+01 7.030842125984253244e+01
1.875000000000000000e+01 7.279572834645669843e+01 7.932823622047244783e+01 7.311414173228347124e+01
1.880000000000000071e+01 7.554786220472441016e+01 8.185013779527565703e+01 7.586048425196851497e+01
1.884999999999999787e+01 7.823311417322834416e+01 8.428324251968493286e+01 7.853891338582677406e+01
1.889999999999999858e+01 8.084324803149605998e+01 8.661875275590550416e+01 8.114109448818896908e+01
1.895000000000000284e+01 8.337022440944882362e+01 8.884825905511816302e+01 8.365898425196850496e+01
1.900000000000000000e+01 8.580625590551180437e+01 9.096498897637795267e+01 8.608484251968503997e+01
1.905000000000000071e+01 8.814380708661417430e+01 9.296325196850399664e+01 8.841126771653543415e+01
1.909999999999999787e+01 9.037563385826771878e+01 9.483710393700781083e+01 9.063116535433070453e+01
1.914999999999999858e+01 9.249483464566930024e+01 9.658006929133858876e+01 9.273775590551180414e+01
1.919999999999999929e+01 9.449485826771653763e+01 9.818620157480309274e+01 9.472454724409449511e+01
1.925000000000000000e+01 9.636954724409449113e+01 9.965096141732283286e+01 9.658536220472441869e+01
1.930000000000000071e+01 9.811315748031495332e+01 1.009707448818898001e+02 9.831438582677166949e+01
1.934999999999999787e+01 9.972034251968503327e+01 1.021417165354330763e+02 9.990621259842519919e+01
1.940000000000000213e+01 1.011861850393700877e+02 1.031594401574803470e+02 1.013558937007874050e+02
1.944999999999999929e+01 1.025061850393700809e+02 1.040197330708661099e+02 1.026589685039370039e+02
1.950000000000000000e+01 1.036762519685039479e+02 1.047197204724409545e+02 1.038114488188976452e+02
1.955000000000000071e+01 1.046927244094488287e+02 1.052579141732283574e+02 1.048098149606299216e+02
1.959999999999999787e+01 1.055523897637795301e+02 1.056333440944881801e+02 1.056509999999999962e+02
1.965000000000000213e+01 1.062524999999999977e+02 1.058448574803149569e+02 1.063323661417322938e+02
1.969999999999999929e+01 1.067908070866141657e+02 1.058913377952755894e+02 1.068517401574803216e+02
1.975000000000000000e+01 1.071656062992126124e+02 1.057724559055118050e+02 1.072074527559055213e+02
1.980000000000000071e+01 1.073757519685039341e+02 1.054889440944881756e+02 1.073983622047244211e+02
1.984999999999999787e+01 1.074206614173228331e+02 1.050420338582677147e+02 1.074238897637795276e+02
1.990000000000000213e+01 1.073002952755905568e+02 1.044328133858267620e+02 1.072840039370078671e+02
1.994999999999999929e+01 1.070151377952755922e+02 1.036623818897638216e+02 1.069792204724409572e+02
2.000000000000000000e+01 1.065661496062992057e+02 1.027715472440944779e+02 1.065105433070866070e+02
