# t[ms]  w/0.0254_OpenSG-RM  w/0.0254_Abaqus3D  w/0.0254_AbaqusFSDT (blast pulse, dt = 50 us)
5.000000000000000278e-02 8.210309055118110433e-02 1.117812755905511941e-03 8.210376377952754989e-02
1.000000000000000056e-01 3.268181811023622152e-01 1.208292901420410792e-01 3.268254409448819175e-01
1.499999999999999944e-01 7.306408661417324035e-01 6.154801317502631708e-01 7.306798425196850966e-01
2.000000000000000111e-01 1.289513700787401795e+00 1.286808550206997692e+00 1.289653897637795366e+00
2.500000000000000000e-01 1.998934960629921376e+00 1.961614197692881145e+00 1.999317480314960704e+00
2.999999999999999889e-01 2.854083937007874550e+00 2.688887432033958191e+00 2.854931929133858404e+00
3.499999999999999778e-01 3.849905236220472649e+00 3.708729632459593972e+00 3.851499685039370569e+00
4.000000000000000222e-01 4.981053543307087494e+00 4.946077470699826506e+00 4.983671259842520129e+00
4.500000000000000111e-01 6.241809448818898431e+00 6.251436676541670678e+00 6.245641338582676561e+00
5.000000000000000000e-01 7.626025590551181566e+00 7.532060098098925849e+00 7.631111023622047185e+00
5.500000000000000444e-01 9.127139370078740654e+00 8.970963470892318270e+00 9.133350000000000080e+00
5.999999999999999778e-01 1.073820787401574961e+01 1.064920223387131770e+01 1.074530472440944884e+01
6.500000000000000222e-01 1.245189763779527681e+01 1.244596842902933709e+01 1.245964251968504044e+01
6.999999999999999556e-01 1.426051181102362264e+01 1.424402921259842358e+01 1.426879173228346609e+01
7.500000000000000000e-01 1.615607874015748280e+01 1.604560031023622102e+01 1.616498897637795551e+01
8.000000000000000444e-01 1.813048346456692883e+01 1.796987429921259860e+01 1.814032165354330672e+01
8.499999999999999778e-01 2.017556102362204840e+01 2.008595916377952761e+01 2.018672992125984322e+01
9.000000000000000222e-01 2.228307165354330621e+01 2.227570283464567069e+01 2.229591771653543475e+01
9.499999999999999556e-01 2.444463779527559311e+01 2.441102202362204565e+01 2.445930354330708667e+01
1.000000000000000000e+00 2.665170472440944849e+01 2.651422005686789873e+01 2.666805787401574790e+01
1.050000000000000044e+00 2.889554803149606244e+01 2.872303940157480184e+01 2.891322716535433202e+01
1.100000000000000089e+00 3.116730551181102271e+01 3.104367983464567260e+01 3.118586811023622118e+01
1.149999999999999911e+00 3.345797322834646081e+01 3.339573825984252409e+01 3.347707795275590570e+01
1.199999999999999956e+00 3.575844488188976555e+01 3.567805559055117470e+01 3.577798346456692968e+01
1.250000000000000000e+00 3.805960039370079073e+01 3.789730705511811237e+01 3.807972204724409693e+01
1.300000000000000044e+00 4.035243307086614095e+01 4.015697081889763354e+01 4.037345275590551097e+01
1.350000000000000089e+00 4.262812992125984835e+01 4.247735913385827189e+01 4.265037007874015984e+01
1.399999999999999911e+00 4.487807086614174068e+01 4.476509377952756097e+01 4.490170078740157322e+01
1.449999999999999956e+00 4.709375590551181290e+01 4.695419110236219495e+01 4.711872047244094830e+01
1.500000000000000000e+00 4.926678740157480973e+01 4.906089480314960838e+01 4.929280708661417520e+01
1.550000000000000044e+00 5.138890157480314969e+01 5.114596425196850049e+01 5.141558267716535369e+01
1.600000000000000089e+00 5.345198031496062896e+01 5.323456496062992471e+01 5.347894094488189864e+01
1.649999999999999911e+00 5.544808661417322782e+01 5.525786385826771863e+01 5.547505905511810909e+01
1.699999999999999956e+00 5.736945669291338845e+01 5.714592724409448721e+01 5.739634645669291046e+01
1.750000000000000000e+00 5.920857874015747768e+01 5.892231590551182308e+01 5.923544094488188705e+01
1.800000000000000044e+00 6.095828346456693225e+01 6.063760795275590709e+01 6.098524409448818773e+01
1.850000000000000089e+00 6.261180314960630255e+01 6.229312228346456948e+01 6.263896456692913262e+01
1.899999999999999911e+00 6.416275590551181551e+01 6.384667480314961097e+01 6.419012204724410253e+01
1.949999999999999956e+00 6.560511023622046878e+01 6.525380992125984392e+01 6.563255118110235742e+01
2.000000000000000000e+00 6.693318110236221230e+01 6.651950637795275156e+01 6.696043700787402031e+01
2.050000000000000266e+00 6.814162598425197359e+01 6.768509409448819270e+01 6.816835433070866657e+01
2.100000000000000089e+00 6.922548425196850985e+01 6.875474377952757266e+01 6.925132677165353812e+01
2.149999999999999911e+00 7.018012992125984795e+01 6.969003716535432602e+01 7.020477559055117922e+01
2.200000000000000178e+00 7.100128346456693862e+01 7.046673826771653637e+01 7.102450000000000330e+01
2.250000000000000000e+00 7.168501968503936439e+01 7.109061118110236066e+01 7.170665354330709818e+01
2.299999999999999822e+00 7.222783464566929013e+01 7.157783370078739438e+01 7.224780314960629823e+01
2.350000000000000089e+00 7.262667716535433726e+01 7.193642291338582595e+01 7.264492519685039440e+01
2.399999999999999911e+00 7.287897244094487803e+01 7.215195149606299196e+01 7.289542519685039679e+01
2.449999999999999734e+00 7.298259055118110439e+01 7.220577188976378125e+01 7.299713779527559154e+01
2.500000000000000000e+00 7.293586614173229066e+01 7.210089330708662203e+01 7.294834251968504191e+01
2.550000000000000266e+00 7.273762992125983828e+01 7.184537527559055547e+01 7.274785433070866247e+01
2.600000000000000089e+00 7.238723622047244532e+01 7.143981299212599367e+01 7.239501968503937235e+01
2.649999999999999911e+00 7.188453937007874117e+01 7.088765685039369657e+01 7.188974015748031832e+01
2.700000000000000178e+00 7.122987007874016285e+01 7.018683960629920193e+01 7.123239370078739796e+01
2.750000000000000000e+00 7.042402362204724398e+01 6.932811952755906759e+01 7.042383464566928808e+01
2.799999999999999822e+00 6.946830314960629948e+01 6.831086905511810414e+01 6.946539370078740205e+01
2.850000000000000089e+00 6.836451968503938303e+01 6.714392236220471943e+01 6.835889370078740512e+01
2.899999999999999911e+00 6.711498425196850803e+01 6.584109889763779222e+01 6.710662204724410174e+01
2.949999999999999734e+00 6.572248425196850974e+01 6.441109188976378164e+01 6.571134645669290819e+01
3.000000000000000000e+00 6.419027165354330577e+01 6.284183850393701221e+01 6.417631102362204842e+01
3.050000000000000266e+00 6.252207874015748246e+01 6.111783346456692811e+01 6.250524015748031559e+01
3.100000000000000089e+00 6.072209842519684742e+01 5.925194913385827533e+01 6.070233464566928916e+01
3.149999999999999911e+00 5.879493700787401167e+01 5.727515094488189362e+01 5.877221259842519885e+01
3.200000000000000178e+00 5.674554724409448880e+01 5.519991023622046100e+01 5.671983070866141219e+01
3.250000000000000000e+00 5.457921259842520101e+01 5.300947307086615012e+01 5.455046850393701163e+01
3.299999999999999822e+00 5.230153937007873566e+01 5.068481858267716689e+01 5.226973622047244561e+01
3.350000000000000089e+00 4.991849212598425822e+01 4.824060133858266397e+01 4.988361417322834512e+01
3.399999999999999911e+00 4.743636614173227883e+01 4.571986622047244708e+01 4.739844488188976612e+01
3.449999999999999734e+00 4.486181889763779651e+01 4.314205527559056463e+01 4.482096062992125951e+01
3.500000000000000000e+00 4.220184251968503730e+01 4.048084826771653866e+01 4.215824015748031428e+01
3.550000000000000266e+00 3.946379133858268062e+01 3.771086117322833076e+01 3.941771259842520436e+01
3.600000000000000089e+00 3.665534724409449296e+01 3.485367526771654667e+01 3.660709448818897727e+01
3.649999999999999911e+00 3.378447401574803166e+01 3.196037376377953265e+01 3.373428267716536055e+01
3.700000000000000178e+00 3.085931496062992352e+01 2.905395625196848997e+01 3.080729212598425448e+01
3.750000000000000000e+00 2.788813622047244323e+01 2.610532749606300129e+01 2.783423346456692826e+01
3.799999999999999822e+00 2.487928622047244076e+01 2.308341737007874883e+01 2.482334724409448867e+01
3.850000000000000089e+00 2.184117755905511871e+01 2.001375929133856602e+01 2.178305354330708710e+01
3.899999999999999911e+00 1.878226417322834507e+01 1.695587725196851281e+01 1.872194842519685309e+01
3.950000000000000178e+00 1.571104488188976589e+01 1.393110255905507344e+01 1.564876732283464733e+01
4.000000000000000000e+00 1.263608937007874111e+01 1.090410915748032394e+01 1.257231929133858195e+01
4.049999999999999822e+00 9.566075984251968478e+00 7.842482858267724843e+00 9.501421653543307144e+00
4.100000000000000533e+00 6.509796456692913402e+00 4.774806881889719357e+00 6.444838976377953443e+00
4.150000000000000355e+00 3.476102795275590740e+00 1.766045313385834259e+00 3.411234291338582469e+00
4.200000000000000178e+00 4.738197637795275585e-01 -1.161270143307078229e+00 4.091590157480315404e-01
4.250000000000000000e+00 -2.488343779527559363e+00 -4.048130603149648010e+00 -2.552913346456692878e+00
4.299999999999999822e+00 -5.401861023622046787e+00 -6.929422181102355971e+00 -5.466548425196850580e+00
4.349999999999999645e+00 -8.258428740157480519e+00 -9.773230433070859036e+00 -8.323348425196851252e+00
4.400000000000000355e+00 -1.104999803149606308e+01 -1.251398647244093709e+01 -1.111502204724409637e+01
4.450000000000000178e+00 -1.376876811023622160e+01 -1.513246607874015126e+01 -1.383348385826771576e+01
4.500000000000000000e+00 -1.640715196850393909e+01 -1.767288083464566384e+01 -1.647094330708661403e+01
4.549999999999999822e+00 -1.895773110236220305e+01 -2.017118511811023041e+01 -1.901994606299212620e+01
4.599999999999999645e+00 -2.141323897637795071e+01 -2.259299353543306310e+01 -2.147336417322834734e+01
4.649999999999999467e+00 -2.376660590551181329e+01 -2.487110446456692614e+01 -2.382437519685039362e+01
4.700000000000000178e+00 -2.601103346456692833e+01 -2.699026898425196563e+01 -2.606642362204724606e+01
4.750000000000000000e+00 -2.814007519685039327e+01 -2.899899755118109823e+01 -2.819320078740157598e+01
4.799999999999999822e+00 -3.014769645669291265e+01 -3.093360107086613553e+01 -3.019865236220472582e+01
4.850000000000000533e+00 -3.202830826771653960e+01 -3.276019815748031050e+01 -3.207703582677165599e+01
4.899999999999999467e+00 -3.377678385826772001e+01 -3.441441544094487170e+01 -3.382301771653543199e+01
4.950000000000000178e+00 -3.538844763779528080e+01 -3.588464429921261711e+01 -3.543175157480315107e+01
5.000000000000000000e+00 -3.685902992125983957e+01 -3.722183844094487881e+01 -3.689890590551181049e+01
5.049999999999999822e+00 -3.818462519685039069e+01 -3.846145392125984586e+01 -3.822063779527559291e+01
5.100000000000000533e+00 -3.936167204724409885e+01 -3.956869966141734807e+01 -3.939353937007874151e+01
5.150000000000000355e+00 -4.038699212598425703e+01 -4.048319322834645106e+01 -4.041460629921260050e+01
5.200000000000000178e+00 -4.125785039370079232e+01 -4.119894173228347256e+01 -4.128123622047244368e+01
5.250000000000000000e+00 -4.197203149606298922e+01 -4.176908409448819981e+01 -4.199125984251968902e+01
5.299999999999999822e+00 -4.252786220472441414e+01 -4.222937716535432884e+01 -4.254296062992126082e+01
5.349999999999999645e+00 -4.292424409448818778e+01 -4.254700787401574757e+01 -4.293512992125984340e+01
5.400000000000000355e+00 -4.316061811023622141e+01 -4.266615748031496480e+01 -4.316709842519684770e+01
5.450000000000000178e+00 -4.323694094488189421e+01 -4.258526480314960594e+01 -4.323875196850394076e+01
5.500000000000000000e+00 -4.315362204724409168e+01 -4.235762291338583196e+01 -4.315048818897638228e+01
5.549999999999999822e+00 -4.291147244094487689e+01 -4.201691425196851526e+01 -4.290317322834646063e+01
5.599999999999999645e+00 -4.251168110236220343e+01 -4.153267937007874622e+01 -4.249807874015748155e+01
5.649999999999999467e+00 -4.195584251968503509e+01 -4.085599299212599078e+01 -4.193689370078740097e+01
5.700000000000000178e+00 -4.124600787401575275e+01 -3.999055354330709378e+01 -4.122174015748031906e+01
5.750000000000000000e+00 -4.038472440944881470e+01 -3.899024009448819328e+01 -4.035521259842519726e+01
5.799999999999999822e+00 -3.937506299212598293e+01 -3.788769546456693149e+01 -3.934039448818897711e+01
5.850000000000000533e+00 -3.822059999999999746e+01 -3.665486872440945376e+01 -3.818084881889764404e+01
5.899999999999999467e+00 -3.692538346456693432e+01 -3.524888263779528330e+01 -3.688059921259842611e+01
5.950000000000000178e+00 -3.549389527559055324e+01 -3.367686921259839750e+01 -3.544408149606299219e+01
6.000000000000000000e+00 -3.393097834645669764e+01 -3.199058089763779833e+01 -3.387609330708661304e+01
6.049999999999999822e+00 -3.224177952755906063e+01 -3.022089996062992867e+01 -3.218175078740157602e+01
6.100000000000000533e+00 -3.043171338582677166e+01 -2.834396448818894854e+01 -3.036647874015748272e+01
6.150000000000000355e+00 -2.850647716535433318e+01 -2.632445459842520208e+01 -2.843603818897637936e+01
6.200000000000000178e+00 -2.647208307086614099e+01 -2.417349876377953422e+01 -2.639655708661417322e+01
6.250000000000000000e+00 -2.433489842519685453e+01 -2.194069625984248617e+01 -2.425454212598425130e+01
6.299999999999999822e+00 -2.210166929133858105e+01 -1.965419074015748890e+01 -2.201685629921260201e+01
6.349999999999999645e+00 -1.977951771653543389e+01 -1.729307593700788104e+01 -1.969067677165354269e+01
6.400000000000000355e+00 -1.737591889763779562e+01 -1.482802202362201172e+01 -1.728345236220472358e+01
6.450000000000000178e+00 -1.489865196850393758e+01 -1.227179090551181950e+01 -1.480286614173228443e+01
6.500000000000000000e+00 -1.235572598425197022e+01 -9.670556102362212414e+00 -1.225680866141732217e+01
6.550000000000000711e+00 -9.755304724409448625e+00 -7.050676496062998844e+00 -9.653355905511812551e+00
6.599999999999999645e+00 -7.105653937007874177e+00 -4.395745456692920605e+00 -7.000762992125984852e+00
6.649999999999999467e+00 -4.415130314960629576e+00 -1.683255908661425160e+00 -4.307459842519685722e+00
6.700000000000000178e+00 -1.692194488188976331e+00 1.072776694488182025e+00 -1.582040590551181403e+00
6.750000000000000000e+00 1.054569527559055198e+00 3.831276669291330705e+00 1.166769566929133806e+00
6.799999999999999822e+00 3.816449133858268006e+00 6.569515938582670245e+00 3.930161456692913724e+00
6.850000000000000533e+00 6.584617716535433374e+00 9.300973834645661853e+00 6.699290157480315422e+00
6.899999999999999467e+00 9.350165748031496804e+00 1.204317515748030942e+01 9.465307086614172860e+00
6.949999999999999289e+00 1.210415905511811197e+01 1.478207733070865260e+01 1.221938582677165464e+01
7.000000000000000000e+00 1.483770944881889697e+01 1.748127899212597924e+01 1.495275157480314832e+01
7.049999999999999822e+00 1.754205236220472486e+01 2.012036029921259228e+01 1.765671259842519802e+01
7.100000000000000533e+00 2.020859803149606293e+01 2.270890128346460557e+01 2.032269448818897573e+01
7.150000000000000355e+00 2.282895039370079004e+01 2.525981208661416844e+01 2.294225669291338576e+01
7.200000000000000178e+00 2.539490236220472852e+01 2.776097238582676852e+01 2.550710472440944798e+01
7.250000000000000000e+00 2.789842007874015906e+01 3.018293325196854227e+01 2.800910511811023440e+01
7.299999999999999822e+00 3.033163818897638109e+01 3.250920972440944468e+01 3.044030551181102595e+01
7.349999999999999645e+00 3.268686141732283801e+01 3.474677776377951943e+01 3.279296220472441092e+01
7.400000000000000355e+00 3.495657913385826987e+01 3.690475721259846154e+01 3.505956811023622066e+01
7.450000000000000178e+00 3.713349527559055474e+01 3.897269699212598226e+01 3.723288307086614424e+01
7.500000000000000000e+00 3.921057401574802981e+01 4.092699511811022717e+01 3.930596456692913421e+01
7.550000000000000711e+00 4.118109448818897533e+01 4.275402614173227533e+01 4.127219291338582963e+01
7.599999999999999645e+00 4.303868503937007972e+01 4.445827897637795445e+01 4.312527559055118331e+01
7.649999999999999467e+00 4.477735826771653649e+01 4.604694992125984498e+01 4.485925984251969112e+01
7.700000000000000178e+00 4.639151574803149458e+01 4.751375598425197211e+01 4.646851574803149987e+01
7.750000000000000000e+00 4.787596062992125923e+01 4.884262362204724184e+01 4.794777952755904948e+01
7.799999999999999822e+00 4.922589370078740245e+01 5.002349307086613805e+01 4.929220078740157618e+01
7.849999999999999645e+00 5.043696062992126627e+01 5.105846133858265290e+01 5.049736220472441062e+01
7.900000000000000355e+00 5.150523228346456506e+01 5.195237881889764964e+01 5.155934251968503901e+01
7.950000000000000178e+00 5.242722047244094341e+01 5.270221834645671066e+01 5.247471653543307468e+01
8.000000000000000000e+00 5.319989370078740620e+01 5.329836307086615221e+01 5.324053543307086045e+01
8.050000000000000711e+00 5.382068110236220804e+01 5.373404354330708088e+01 5.385431496062992807e+01
8.099999999999999645e+00 5.428748425196850036e+01 5.401035637795275335e+01 5.431401574803149401e+01
8.149999999999998579e+00 5.459866929133858804e+01 5.413220740157481004e+01 5.461802362204724659e+01
8.200000000000001066e+00 5.475308267716535227e+01 5.410160220472440784e+01 5.476516535433070487e+01
8.250000000000000000e+00 5.475005905511810766e+01 5.391569370078740775e+01 5.475474015748032031e+01
8.300000000000000711e+00 5.458944094488189336e+01 5.357021362204724113e+01 5.458655905511810857e+01
8.349999999999999645e+00 5.427157874015748718e+01 5.306418480314961528e+01 5.426097244094488303e+01
8.400000000000000355e+00 5.379732283464566933e+01 5.240163637795276941e+01 5.377886220472441181e+01
8.449999999999999289e+00 5.316799606299212400e+01 5.158879716535435023e+01 5.314162992125984175e+01
8.500000000000000000e+00 5.238538582677165323e+01 5.062912999999998931e+01 5.235112204724409679e+01
8.550000000000000711e+00 5.145172440944882197e+01 4.952153779527557731e+01 5.140962598425197427e+01
8.599999999999999645e+00 5.036969291338582622e+01 4.826478527559054044e+01 5.031984645669292178e+01
8.650000000000000355e+00 4.914242913385827194e+01 4.686375543307089941e+01 4.908492519685039213e+01
8.699999999999999289e+00 4.777353149606299354e+01 4.532915480314963474e+01 4.770847637795275631e+01
8.750000000000000000e+00 4.626707480314961174e+01 4.366936393700785146e+01 4.619459448818898295e+01
8.800000000000000711e+00 4.462761023622047674e+01 4.188446842519682178e+01 4.454787795275591122e+01
8.849999999999999645e+00 4.286014960629920978e+01 3.997159606299210566e+01 4.277339370078740899e+01
8.900000000000000355e+00 4.097013779527559052e+01 3.793588959842517028e+01 4.087660236220472143e+01
8.949999999999999289e+00 3.896337952755905576e+01 3.579232648818902618e+01 3.886331692913385893e+01
9.000000000000000000e+00 3.684600905511810964e+01 3.355445373228351258e+01 3.673962519685039751e+01
9.050000000000000711e+00 3.462444370078740263e+01 3.122450237795272443e+01 3.451189173228346618e+01
9.099999999999999645e+00 3.230536338582677303e+01 2.879913992913382259e+01 3.218677007874016027e+01
9.150000000000000355e+00 2.989570354330708923e+01 2.628403866141728784e+01 2.977123346456692943e+01
9.199999999999999289e+00 2.740266181102362353e+01 2.369702055905516858e+01 2.727258661417323182e+01
9.250000000000000000e+00 2.483371141732283505e+01 2.105424616535438531e+01 2.469845078740157973e+01
9.299999999999998934e+00 2.219660511811023440e+01 1.835796048818902904e+01 2.205671259842520016e+01
9.350000000000001421e+00 1.949936299212598456e+01 1.560360448031492275e+01 1.935545196850393523e+01
9.400000000000000355e+00 1.675022992125984089e+01 1.279758355118106294e+01 1.660286535433071009e+01
9.449999999999999289e+00 1.395761456692913427e+01 9.960997322834604262e+00 1.380722598425196779e+01
9.500000000000000000e+00 1.113002677165354370e+01 7.113012141732339089e+00 1.097688267716535471e+01
9.549999999999998934e+00 8.276022047244094182e+00 4.256240503937065434e+00 8.120285826771652893e+00
9.599999999999999645e+00 5.404167716535432930e+00 1.384827356692971190e+00 5.246014173228346067e+00
9.650000000000000355e+00 2.523025708661417177e+00 -1.495301737007916021e+00 2.362767637795275544e+00
9.700000000000001066e+00 -3.588443543307086592e-01 -4.362213682677207771e+00 -5.206840944881889754e-01
9.750000000000000000e+00 -3.232871456692913537e+00 -7.196267653543349851e+00 -3.395574803149606247e+00
9.799999999999998934e+00 -6.090464960629921265e+00 -9.995723551181047384e+00 -6.253218503937008066e+00
9.849999999999999645e+00 -8.923024803149607109e+00 -1.276742620472435519e+01 -9.085059448818897820e+00
9.900000000000000355e+00 -1.172197913385826951e+01 -1.550500619685043446e+01 -1.188268622047244172e+01
9.950000000000001066e+00 -1.447883937007873989e+01 -1.818518724409452503e+01 -1.463781259842519766e+01
1.000000000000000000e+01 -1.718526181102362216e+01 -2.084007244094487987e+01 -1.734224370078739952e+01
1.005000000000000071e+01 -1.983309566929134249e+01 -2.336388622047244468e+01 -1.998785866141732370e+01
1.009999999999999964e+01 -2.241441614173228203e+01 -2.581944566929134055e+01 -2.256662795275590838e+01
1.014999999999999858e+01 -2.492153149606299323e+01 -2.820160078740157772e+01 -2.507066653543306955e+01
1.020000000000000107e+01 -2.734697165354330650e+01 -3.048762204724409486e+01 -2.749230826771653469e+01
1.025000000000000000e+01 -2.968346811023621967e+01 -3.265882086614173119e+01 -2.982417047244094732e+01
1.030000000000000071e+01 -3.192393858267716666e+01 -3.471688149606299589e+01 -3.205919055118110350e+01
1.034999999999999964e+01 -3.406149685039370212e+01 -3.667203582677165485e+01 -3.419062874015747866e+01
1.040000000000000036e+01 -3.608949724409448834e+01 -3.851961377952756038e+01 -3.621205748031496086e+01
1.044999999999999929e+01 -3.800160196850394101e+01 -4.023788582677165948e+01 -3.811734448818897647e+01
1.050000000000000000e+01 -3.979185826771654177e+01 -4.181042519685039593e+01 -3.990065354330708658e+01
1.055000000000000071e+01 -4.145476377952756053e+01 -4.324188582677165016e+01 -4.155647637795276239e+01
1.059999999999999964e+01 -4.298528346456693328e+01 -4.454507874015748570e+01 -4.307966535433071442e+01
1.065000000000000036e+01 -4.437887401574803903e+01 -4.571735039370079079e+01 -4.446551181102362449e+01
1.069999999999999929e+01 -4.563142125984252573e+01 -4.673897637795275983e+01 -4.570977165354331362e+01
1.075000000000000000e+01 -4.673922047244094102e+01 -4.759570078740158294e+01 -4.680868503937008285e+01
1.080000000000000071e+01 -4.769892913385827171e+01 -4.829389763779527556e+01 -4.775897244094488769e+01
1.084999999999999964e+01 -4.850757086614173375e+01 -4.884758267716535585e+01 -4.855781102362205104e+01
1.090000000000000036e+01 -4.916256692913386672e+01 -4.925571259842519822e+01 -4.920281496062992233e+01
1.094999999999999929e+01 -4.966181496062992551e+01 -4.950155905511810772e+01 -4.969203937007873861e+01
1.100000000000000000e+01 -5.000373228346457211e+01 -4.957467322834645529e+01 -5.002400393700787617e+01
1.105000000000000071e+01 -5.018731496062991937e+01 -4.948465748031495792e+01 -5.019770078740157970e+01
1.109999999999999964e+01 -5.021214566929134548e+01 -4.924761023622048128e+01 -5.021263385826771497e+01
1.115000000000000036e+01 -5.007836614173228895e+01 -4.886435039370078925e+01 -5.006883858267716647e+01
1.119999999999999929e+01 -4.978661417322835092e+01 -4.832061417322834984e+01 -4.976686220472441136e+01
1.125000000000000000e+01 -4.933798031496063174e+01 -4.760853149606299439e+01 -4.930775590551181153e+01
1.129999999999999893e+01 -4.873394488188976936e+01 -4.673943307086614141e+01 -4.869303937007874339e+01
1.135000000000000142e+01 -4.797636220472440982e+01 -4.573070472440945622e+01 -4.792467322834646382e+01
1.140000000000000036e+01 -4.706747244094488991e+01 -4.458552362204724773e+01 -4.700504330708661627e+01
1.144999999999999929e+01 -4.600995669291339141e+01 -4.329354724409449062e+01 -4.593697244094488497e+01
1.150000000000000000e+01 -4.480696850393700714e+01 -4.185086220472441454e+01 -4.472372834645669570e+01
1.154999999999999893e+01 -4.346218503937008393e+01 -4.027105905511810846e+01 -4.336903937007874532e+01
1.159999999999999964e+01 -4.197979921259842229e+01 -3.857235354330708788e+01 -4.187709448818898039e+01
1.165000000000000036e+01 -4.036449606299212434e+01 -3.675913425196850426e+01 -4.025252362204724221e+01
1.170000000000000107e+01 -3.862141062992126450e+01 -3.482345866141732671e+01 -3.850040236220473133e+01
1.175000000000000000e+01 -3.675605511811023973e+01 -3.276387716535433015e+01 -3.662619763779527915e+01
1.179999999999999893e+01 -3.477427244094488401e+01 -3.059531850393700836e+01 -3.463575629921260202e+01
1.184999999999999964e+01 -3.268219763779527653e+01 -2.833694409448819229e+01 -3.253527362204724227e+01
1.190000000000000036e+01 -3.048625511811023614e+01 -2.599537362204724644e+01 -3.033127519685039530e+01
1.195000000000000107e+01 -2.819317086614173107e+01 -2.356619685039370182e+01 -2.803060039370078727e+01
1.200000000000000000e+01 -2.580999173228346777e+01 -2.105072204724409346e+01 -2.564038779527559342e+01
1.205000000000000071e+01 -2.334409291338582904e+01 -1.846433818897637735e+01 -2.316805787401575145e+01
1.209999999999999964e+01 -2.080316417322834610e+01 -1.582546535433071000e+01 -2.062129763779527636e+01
1.214999999999999858e+01 -1.819517677165354286e+01 -1.314108976377952942e+01 -1.800804094488189122e+01
1.220000000000000107e+01 -1.552832834645669458e+01 -1.040878582677165376e+01 -1.533643976377952889e+01
1.225000000000000000e+01 -1.281098267716535588e+01 -7.631738976377953954e+00 -1.261482716535433113e+01
1.230000000000000071e+01 -1.005161456692913369e+01 -4.825782677165354251e+00 -9.851674409448818892e+00
1.234999999999999964e+01 -7.258768110236220927e+00 -2.009312047244094401e+00 -7.055550393700787737e+00
1.240000000000000036e+01 -4.441039763779527583e+00 8.095054330708661983e-01 -4.235094881889764018e+00
1.244999999999999929e+01 -1.607076181102362389e+00 3.631030472440945012e+00 -1.399008070866141873e+00
1.250000000000000000e+01 1.234419251968503994e+00 6.451285826771653298e+00 1.443955354330708651e+00
1.255000000000000071e+01 4.074686220472441001e+00 9.255946456692914381e+00 4.284988188976377899e+00
1.259999999999999964e+01 6.904918110236220485e+00 1.202872283464566827e+01 7.115249212598425466e+00
1.265000000000000036e+01 9.716290157480315770e+00 1.476182283464567035e+01 9.925899212598425336e+00
1.269999999999999929e+01 1.250000551181102360e+01 1.745428110236220576e+01 1.270815590551181273e+01
1.275000000000000000e+01 1.524735236220472601e+01 2.010126456692913166e+01 1.545335551181102396e+01
1.280000000000000071e+01 1.794976259842519895e+01 2.268934251968504157e+01 1.815300275590551493e+01
1.284999999999999964e+01 2.059886141732283704e+01 2.520370078740157638e+01 2.079879881889764093e+01
1.290000000000000036e+01 2.318649527559055556e+01 2.763696377952755867e+01 2.338264330708661731e+01
1.294999999999999929e+01 2.570474488188976281e+01 2.998797874015748022e+01 2.589662047244094722e+01
1.300000000000000000e+01 2.814592795275590831e+01 3.225304921259842672e+01 2.833299488188976767e+01
1.305000000000000071e+01 3.050259685039370083e+01 3.442172125984252062e+01 3.068422913385827044e+01
1.310000000000000142e+01 3.276754921259842490e+01 3.648207204724409536e+01 3.294302952755905523e+01
1.315000000000000036e+01 3.493384251968504373e+01 3.842760866141732379e+01 3.510240787401574636e+01
1.319999999999999929e+01 3.699482244094487982e+01 4.025666929133858218e+01 3.715573818897637892e+01
1.325000000000000000e+01 3.894415866141732607e+01 4.196600000000000108e+01 3.909679055118110114e+01
1.329999999999999893e+01 4.077587795275591276e+01 4.354752755905511918e+01 4.091973228346456892e+01
1.335000000000000142e+01 4.248438976377953225e+01 4.499225590551181142e+01 4.261910236220472825e+01
1.340000000000000036e+01 4.406450393700787771e+01 4.629558267716535624e+01 4.418978346456692918e+01
1.344999999999999929e+01 4.551144488188976567e+01 4.745716535433070504e+01 4.562698425196850849e+01
1.350000000000000000e+01 4.682084645669291945e+01 4.847608661417322651e+01 4.692625984251968418e+01
1.354999999999999893e+01 4.798876377952755945e+01 4.934781496062992545e+01 4.808356692913385899e+01
1.359999999999999964e+01 4.901166929133858474e+01 5.006635826771653797e+01 4.909529921259842666e+01
1.365000000000000036e+01 4.988646062992125962e+01 5.062826377952756474e+01 4.995835826771653387e+01
1.370000000000000107e+01 5.061046062992126338e+01 5.103352755905511628e+01 5.067014566929133679e+01
1.375000000000000000e+01 5.118142125984252289e+01 5.128291338582677383e+01 5.122855511811023632e+01
1.379999999999999893e+01 5.159753149606299871e+01 5.137540551181102444e+01 5.163192913385826444e+01
1.384999999999999964e+01 5.185743307086614351e+01 5.130877559055118553e+01 5.187902755905512464e+01
1.389999999999999858e+01 5.196024015748032099e+01 5.108217322834645557e+01 5.196901574803150226e+01
1.395000000000000107e+01 5.190554724409449250e+01 5.069748425196850405e+01 5.190146850393701072e+01
1.400000000000000000e+01 5.169344488188976783e+01 5.015797637795275676e+01 5.167644094488188955e+01
1.405000000000000071e+01 5.132453543307087074e+01 4.946582677165354625e+01 5.129448031496063010e+01
1.409999999999999964e+01 5.079991338582676974e+01 4.862135826771653768e+01 5.075668897637795141e+01
1.414999999999999858e+01 5.012116141732283836e+01 4.762492125984252311e+01 5.006469291338582650e+01
1.420000000000000107e+01 4.929031496062992090e+01 4.647940944881889891e+01 4.922061811023621658e+01
1.425000000000000000e+01 4.830983464566929086e+01 4.519050000000000722e+01 4.822701968503937309e+01
1.430000000000000071e+01 4.718260236220472592e+01 4.376415354330708851e+01 4.708685826771653637e+01
1.434999999999999964e+01 4.591190157480315293e+01 4.220426377952755814e+01 4.580348031496063044e+01
1.440000000000000036e+01 4.450145669291338635e+01 4.051339763779527203e+01 4.438064173228346476e+01
1.444999999999999929e+01 4.295542519685039906e+01 3.869587244094488199e+01 4.282254724409449409e+01
1.450000000000000000e+01 4.127843307086614288e+01 3.675912283464567309e+01 4.113388188976378501e+01
1.455000000000000071e+01 3.947560236220472518e+01 3.471131338582677017e+01 3.931981338582677665e+01
1.459999999999999964e+01 3.755249173228346393e+01 3.255809645669291541e+01 3.738596653543307013e+01
1.465000000000000036e+01 3.551509960629920926e+01 3.030306338582677483e+01 3.533834921259843043e+01
1.469999999999999929e+01 3.336977598425197300e+01 2.795172322834645584e+01 3.318328976377952699e+01
1.475000000000000000e+01 3.112316889763779670e+01 2.551380314960630002e+01 3.092738976377952653e+01
1.480000000000000071e+01 2.878217440944881744e+01 2.300041692913385916e+01 2.857750826771653507e+01
1.484999999999999964e+01 2.635391062992126265e+01 2.041948385826771784e+01 2.614077677165354530e+01
1.490000000000000036e+01 2.384571889763779495e+01 1.777551653543306998e+01 2.362461771653543252e+01
1.494999999999999929e+01 2.126518070866141841e+01 1.507426929133858273e+01 2.103675118110236397e+01
1.500000000000000000e+01 1.862013897637795523e+01 1.232600984251968690e+01 1.838517047244094371e+01
1.504999999999999893e+01 1.591870118110236199e+01 9.542801181102362307e+00 1.567808976377952845e+01
1.510000000000000142e+01 1.316921732283464586e+01 6.733377952755906115e+00 1.292387874015748039e+01
1.515000000000000036e+01 1.038022834645669334e+01 3.902784566929133891e+00 1.013100354330708619e+01
1.519999999999999929e+01 7.560398031496063709e+00 1.057515314960630004e+00 7.307992519685039490e+00
1.525000000000000000e+01 4.718442519685039471e+00 -1.790922480314960596e+00 4.463431496062992387e+00
1.529999999999999893e+01 1.863075039370079011e+00 -4.629279527559055474e+00 1.605974015748031558e+00
1.535000000000000142e+01 -9.970216141732283210e-01 -7.448531496062992474e+00 -1.255651181102362068e+00
1.540000000000000036e+01 -3.853197204724409630e+00 -1.024437362204724344e+01 -4.112650000000000361e+00
1.545000000000000107e+01 -6.696815748031496263e+00 -1.301137244094488210e+01 -6.956198818897638247e+00
1.550000000000000000e+01 -9.519234645669293116e+00 -1.573869448818897787e+01 -9.777495275590551316e+00
1.554999999999999893e+01 -1.231179370078740298e+01 -1.841333543307086629e+01 -1.256781377952755818e+01
1.559999999999999964e+01 -1.506583582677165367e+01 -2.102644724409448784e+01 -1.531855157480315022e+01
1.565000000000000036e+01 -1.777275314960629871e+01 -2.357400078740157312e+01 -1.802125590551181133e+01
1.569999999999999929e+01 -2.042405866141732318e+01 -2.605086299212598533e+01 -2.066763582677165445e+01
1.575000000000000000e+01 -2.301146614173228144e+01 -2.844662204724409449e+01 -2.324957007874015957e+01
1.580000000000000071e+01 -2.552695629921259979e+01 -3.074919685039370165e+01 -2.575911181102362235e+01
1.584999999999999964e+01 -2.796281653543307399e+01 -3.295138897637795594e+01 -2.818850787401574820e+01
1.590000000000000036e+01 -3.031165000000000376e+01 -3.505126102362204676e+01 -3.053022952755905450e+01
1.594999999999999929e+01 -3.256635708661417539e+01 -3.704564842519685186e+01 -3.277701062992125713e+01
1.600000000000000000e+01 -3.472010196850393982e+01 -3.892567519685039912e+01 -3.492189015748031267e+01
1.604999999999999716e+01 -3.676629488188976325e+01 -4.068046062992125655e+01 -3.695824566929133681e+01
1.610000000000000142e+01 -3.869859251968503600e+01 -4.230393700787401201e+01 -3.887981850393700967e+01
1.615000000000000213e+01 -4.051093700787401986e+01 -4.379541732283464484e+01 -4.068072834645668934e+01
1.619999999999999929e+01 -4.219761023622047702e+01 -4.515329527559055123e+01 -4.235547637795275477e+01
1.625000000000000000e+01 -4.375332677165354056e+01 -4.637076377952755735e+01 -4.389895275590551194e+01
1.629999999999999716e+01 -4.517327559055118513e+01 -4.743957874015748644e+01 -4.530643700787401684e+01
1.635000000000000142e+01 -4.645314960629921330e+01 -4.835652362204724852e+01 -4.657360629921259942e+01
1.640000000000000213e+01 -4.758917322834646058e+01 -4.912354330708661365e+01 -4.769657480314960907e+01
1.644999999999999929e+01 -4.857804330708661666e+01 -4.974124803149606322e+01 -4.867188976377953225e+01
1.650000000000000000e+01 -4.941688582677165442e+01 -5.020475196850394184e+01 -4.949658661417323202e+01
1.654999999999999716e+01 -5.010324015748032167e+01 -5.050764566929134247e+01 -5.016817322834646120e+01
1.660000000000000142e+01 -5.063501574803149907e+01 -5.064860629921260227e+01 -5.068466141732283603e+01
1.665000000000000213e+01 -5.101053149606299542e+01 -5.063163779527559427e+01 -5.104455511811023882e+01
1.669999999999999929e+01 -5.122854330708661763e+01 -5.045983858267717181e+01 -5.124683464566929558e+01
1.675000000000000000e+01 -5.128832677165354426e+01 -5.013137401574803675e+01 -5.129096456692913364e+01
1.680000000000000071e+01 -5.118970078740158414e+01 -4.964315354330708630e+01 -5.117686220472441505e+01
1.685000000000000142e+01 -5.093305905511810749e+01 -4.899680314960630056e+01 -5.090492125984252425e+01
1.689999999999999858e+01 -5.051935826771653382e+01 -4.819859448818898073e+01 -5.047599999999999909e+01
1.694999999999999929e+01 -4.995007480314960446e+01 -4.725342125984251851e+01 -4.989145275590551876e+01
1.700000000000000000e+01 -4.922714566929133895e+01 -4.616131889763779839e+01 -4.915313779527559035e+01
1.705000000000000071e+01 -4.835292125984251754e+01 -4.492130314960630244e+01 -4.826340944881890493e+01
1.710000000000000142e+01 -4.733013779527558995e+01 -4.353723228346456864e+01 -4.722510236220472990e+01
1.714999999999999858e+01 -4.616190551181102819e+01 -4.201768503937007893e+01 -4.604151181102362500e+01
1.719999999999999929e+01 -4.485175196850393320e+01 -4.037014566929133963e+01 -4.471635826771653655e+01
1.725000000000000000e+01 -4.340363385826771747e+01 -3.859760118110236249e+01 -4.325374803149606606e+01
1.730000000000000071e+01 -4.182197244094487587e+01 -3.670186377952755663e+01 -4.165816535433071266e+01
1.735000000000000142e+01 -4.011165354330709221e+01 -3.468881614173228201e+01 -3.993447244094488013e+01
1.739999999999999858e+01 -3.827800314960629890e+01 -3.256820905511811048e+01 -3.808791023622047334e+01
1.744999999999999929e+01 -3.632673149606299035e+01 -3.034853976377952733e+01 -3.612412677165354324e+01
1.750000000000000000e+01 -3.426389330708661873e+01 -2.803425196850393775e+01 -3.404915354330709221e+01
1.755000000000000071e+01 -3.209583267716535460e+01 -2.562909015748031649e+01 -3.186938700787401757e+01
1.760000000000000142e+01 -2.982915314960630226e+01 -2.314086141732283508e+01 -2.959154448818897976e+01
1.764999999999999858e+01 -2.747070748031496024e+01 -2.058103700787401635e+01 -2.722260984251968807e+01
1.769999999999999929e+01 -2.502759842519684952e+01 -1.795983503937008052e+01 -2.476979606299212477e+01
1.775000000000000000e+01 -2.250719055118110390e+01 -1.528347283464566964e+01 -2.224052716535432950e+01
1.780000000000000071e+01 -1.991711377952755768e+01 -1.255706850393700691e+01 -1.964244173228346568e+01
1.785000000000000142e+01 -1.726525314960629842e+01 -9.788923622047244422e+00 -1.698341023622047175e+01
1.789999999999999858e+01 -1.455972755905511917e+01 -6.990368503937007816e+00 -1.427153937007874163e+01
1.794999999999999929e+01 -1.180885118110236220e+01 -4.171685826771653893e+00 -1.151515590551181134e+01
1.800000000000000000e+01 -9.021086614173228213e+00 -1.339909212598425325e+00 -8.722757874015748314e+00
1.805000000000000071e+01 -6.205001181102362651e+00 1.498613464566929121e+00 -5.902952755905512383e+00
1.810000000000000142e+01 -3.369225708661417684e+00 4.334655511811023487e+00 -3.064396062992126080e+00
1.814999999999999858e+01 -5.224287795275590618e-01 7.156526377952756590e+00 -2.157547716535433147e-01
1.819999999999999929e+01 2.326702283464566978e+00 9.953840157480316364e+00 2.634302401574803554e+00
1.825000000000000000e+01 5.169470866141732124e+00 1.271953779527559192e+01 5.477092913385826378e+00
1.830000000000000071e+01 7.997181496062992778e+00 1.544762795275590683e+01 8.303908267716535008e+00
1.835000000000000142e+01 1.080115275590551072e+01 1.812990039370079032e+01 1.110602322834645683e+01
1.839999999999999858e+01 1.357274173228346648e+01 2.075595984251968673e+01 1.387473385826771732e+01
1.845000000000000284e+01 1.630337480314960885e+01 2.331621535433070846e+01 1.660142125984252104e+01
1.850000000000000000e+01 1.898458740157480307e+01 2.580363740157480379e+01 1.927762125984251895e+01
1.855000000000000071e+01 2.160806653543307121e+01 2.821212519685039410e+01 2.189508070866141765e+01
1.859999999999999787e+01 2.416568937007874140e+01 3.053402992125984028e+01 2.444578188976377930e+01
1.864999999999999858e+01 2.664956023622046999e+01 3.276031259842519461e+01 2.692193897637795530e+01
1.870000000000000284e+01 2.905203385826771978e+01 3.488303503937007832e+01 2.931597952755905467e+01
1.875000000000000000e+01 3.136573582677165462e+01 3.689677244094487918e+01 3.162053582677165409e+01
1.880000000000000071e+01 3.358357480314960952e+01 3.879715078740157708e+01 3.382845708661417206e+01
1.884999999999999787e+01 3.569875196850393451e+01 4.057855905511810590e+01 3.593285275590551464e+01
1.889999999999999858e+01 3.770477007874016095e+01 4.223397637795275728e+01 3.792715511811023532e+01
1.895000000000000284e+01 3.959544881889764412e+01 4.375693700787401497e+01 3.980517322834645455e+01
1.900000000000000000e+01 4.136493307086614379e+01 4.514296062992126224e+01 4.156113385826772344e+01
1.905000000000000071e+01 4.300774015748032042e+01 4.638883070866142333e+01 4.318968503937008308e+01
1.909999999999999787e+01 4.451874803149605953e+01 4.749098425196851281e+01 4.468588188976378461e+01
1.914999999999999858e+01 4.589326771653543346e+01 4.844519685039369961e+01 4.604514960629921205e+01
1.919999999999999929e+01 4.712702755905512220e+01 4.924786220472441300e+01 4.726329527559055776e+01
1.925000000000000000e+01 4.821622834645669542e+01 4.989699606299212320e+01 4.833649606299212564e+01
1.930000000000000071e+01 4.915752362204724335e+01 5.039170472440945048e+01 4.926135433070867009e+01
1.934999999999999787e+01 4.994803543307087068e+01 5.073076377952756388e+01 5.003492519685039497e+01
1.940000000000000213e+01 5.058535433070866105e+01 5.091221259842519942e+01 5.065478346456692549e+01
1.944999999999999929e+01 5.106751574803149651e+01 5.093431889763779452e+01 5.111901181102362557e+01
1.950000000000000000e+01 5.139300000000000068e+01 5.079681496062992352e+01 5.142620078740157652e+01
1.955000000000000071e+01 5.156074409448819296e+01 5.050094094488189000e+01 5.157543307086614703e+01
1.959999999999999787e+01 5.157012992125984852e+01 5.004842913385826364e+01 5.156623622047244027e+01
1.965000000000000213e+01 5.142102362204725097e+01 4.944068503937008074e+01 5.139859842519685174e+01
1.969999999999999929e+01 5.111379921259842973e+01 4.867902362204724653e+01 5.107295275590551142e+01
1.975000000000000000e+01 5.064934251968504242e+01 4.776557874015748695e+01 5.059022047244094011e+01
1.980000000000000071e+01 5.002909055118110615e+01 4.670362992125984647e+01 4.995184645669291257e+01
1.984999999999999787e+01 4.925501181102362125e+01 4.549692519685039827e+01 4.915979921259842200e+01
1.990000000000000213e+01 4.832959448818897386e+01 4.414891732283464876e+01 4.821657086614173693e+01
1.994999999999999929e+01 4.725578346456693879e+01 4.266287007874015558e+01 4.712513385826772350e+01
2.000000000000000000e+01 4.603696850393700402e+01 4.106402755905511981e+01 4.588891732283465075e+01
