nodes:
- [2.93036299 0.01145916 0.00000000]
- [2.90168132 0.01725772 0.00000000]
- [2.87299938 0.02305496 0.00000000]
- [2.84431692 0.02884959 0.00000000]
- [2.81563380 0.03464098 0.00000000]
- [2.78694965 0.04042726 0.00000000]
- [2.75826814 0.04622654 0.00000000]
- [2.72959483 0.05206633 0.00000000]
- [2.70092225 0.05790963 0.00000000]
- [2.67226521 0.06382867 0.00000000]
- [2.64361079 0.06976045 0.00000000]
- [2.61496368 0.07572724 0.00000000]
- [2.58632877 0.08175244 0.00000000]
- [2.55769406 0.08777863 0.00000000]
- [2.52907017 0.09385594 0.00000000]
- [2.50045247 0.09996236 0.00000000]
- [2.47183526 0.10607112 0.00000000]
- [2.44322814 0.11222687 0.00000000]
- [2.41462535 0.11840277 0.00000000]
- [2.38602256 0.12457868 0.00000000]
- [2.35742983 0.13080096 0.00000000]
- [2.32884157 0.13704382 0.00000000]
- [2.30025332 0.14328667 0.00000000]
- [2.27166869 0.14954606 0.00000000]
- [2.24308767 0.15582195 0.00000000]
- [2.21450665 0.16209784 0.00000000]
- [2.18592554 0.16837332 0.00000000]
- [2.15395729 0.17539035 0.00000000]
- [2.12198904 0.18240736 0.00000000]
- [2.09001846 0.18941371 0.00000000]
- [2.05803604 0.19636584 0.00000000]
- [2.02946513 0.20257262 0.00000000]
- [2.00089366 0.20877681 0.00000000]
- [1.97230640 0.21490769 0.00000000]
- [1.94371155 0.22100320 0.00000000]
- [1.91511669 0.22709868 0.00000000]
- [1.88651565 0.23316501 0.00000000]
- [1.85788511 0.23909058 0.00000000]
- [1.82925257 0.24500656 0.00000000]
- [1.80062003 0.25092252 0.00000000]
- [1.77196242 0.25671507 0.00000000]
- [1.74327557 0.26236182 0.00000000]
- [1.71458872 0.26800855 0.00000000]
- [1.68590105 0.27365102 0.00000000]
- [1.65716458 0.27903896 0.00000000]
- [1.62841291 0.28434578 0.00000000]
- [1.59966123 0.28965259 0.00000000]
- [1.57089690 0.29488926 0.00000000]
- [1.54207988 0.29982832 0.00000000]
- [1.51325594 0.30472747 0.00000000]
- [1.48443200 0.30962660 0.00000000]
- [1.45557782 0.31434163 0.00000000]
- [1.42667525 0.31875325 0.00000000]
- [1.39777267 0.32316484 0.00000000]
- [1.36887009 0.32757641 0.00000000]
- [1.33990695 0.33156706 0.00000000]
- [1.31091946 0.33538103 0.00000000]
- [1.28193196 0.33919497 0.00000000]
- [1.25293236 0.34290950 0.00000000]
- [1.22386681 0.34607335 0.00000000]
- [1.19150171 0.34953976 0.00000000]
- [1.15913560 0.35299673 0.00000000]
- [1.12670757 0.35578715 0.00000000]
- [1.09704134 0.35811962 0.00000000]
- [1.06737511 0.36045205 0.00000000]
- [1.03768372 0.36241221 0.00000000]
- [1.00795633 0.36375677 0.00000000]
- [0.97822895 0.36510127 0.00000000]
- [0.94850094 0.36642190 0.00000000]
- [0.91874382 0.36662017 0.00000000]
- [0.88898670 0.36681809 0.00000000]
- [0.85922958 0.36701594 0.00000000]
- [0.82948441 0.36623225 0.00000000]
- [0.79974656 0.36514363 0.00000000]
- [0.77000870 0.36405493 0.00000000]
- [0.74031833 0.36211557 0.00000000]
- [0.71066361 0.35964115 0.00000000]
- [0.68100890 0.35716664 0.00000000]
- [0.65144333 0.35384948 0.00000000]
- [0.62194510 0.34992782 0.00000000]
- [0.59244948 0.34598758 0.00000000]
- [0.56311017 0.34104456 0.00000000]
- [0.53385755 0.33558471 0.00000000]
- [0.50460496 0.33012475 0.00000000]
- [0.47566037 0.32323024 0.00000000]
- [0.44675037 0.31617778 0.00000000]
- [0.41796849 0.30865459 0.00000000]
- [0.38950470 0.29997503 0.00000000]
- [0.36106601 0.29121400 0.00000000]
- [0.33303531 0.28124833 0.00000000]
- [0.30328302 0.27015776 0.00000000]
- [0.27394196 0.25804485 0.00000000]
- [0.24496761 0.24505693 0.00000000]
- [0.21891420 0.23240296 0.00000000]
- [0.19335315 0.21876523 0.00000000]
- [0.16820425 0.20439978 0.00000000]
- [0.14375717 0.18885323 0.00000000]
- [0.12000352 0.17230894 0.00000000]
- [0.09718765 0.15484192 0.00000000]
- [0.07576626 0.13571515 0.00000000]
- [0.05536124 0.11553277 0.00000000]
- [0.03714650 0.09331606 0.00000000]
- [0.02134548 0.06935371 0.00000000]
- [0.00933375 0.04338655 0.00000000]
- [0.00188299 0.01575808 0.00000000]
- [0.00219696 -0.01285822 0.00000000]
- [0.01032320 -0.04023280 0.00000000]
- [0.02563975 -0.06445954 0.00000000]
- [0.04449852 -0.08607643 0.00000000]
- [0.06538484 -0.10579246 0.00000000]
- [0.08768314 -0.12391556 0.00000000]
- [0.11117227 -0.14046106 0.00000000]
- [0.13513691 -0.15630481 0.00000000]
- [0.16162176 -0.17202446 0.00000000]
- [0.18854532 -0.18696145 0.00000000]
- [0.21601082 -0.20090023 0.00000000]
- [0.24384648 -0.21406710 0.00000000]
- [0.27207584 -0.22638563 0.00000000]
- [0.30055404 -0.23809579 0.00000000]
- [0.32942688 -0.24881970 0.00000000]
- [0.35088968 -0.25674782 0.00000000]
- [0.37266522 -0.26377095 0.00000000]
- [0.40035296 -0.27234784 0.00000000]
- [0.42809887 -0.28071975 0.00000000]
- [0.45619324 -0.28785224 0.00000000]
- [0.48430521 -0.29491559 0.00000000]
- [0.51255165 -0.30138996 0.00000000]
- [0.54099679 -0.30696166 0.00000000]
- [0.56944502 -0.31251790 0.00000000]
- [0.59803213 -0.31728045 0.00000000]
- [0.62673336 -0.32133175 0.00000000]
- [0.65543462 -0.32538293 0.00000000]
- [0.68422947 -0.32863809 0.00000000]
- [0.71310031 -0.33121663 0.00000000]
- [0.74197115 -0.33379506 0.00000000]
- [0.77088269 -0.33576053 0.00000000]
- [0.79984595 -0.33690247 0.00000000]
- [0.82880920 -0.33804431 0.00000000]
- [0.85777695 -0.33890455 0.00000000]
- [0.88676099 -0.33858920 0.00000000]
- [0.91574503 -0.33827375 0.00000000]
- [0.94472907 -0.33795822 0.00000000]
- [0.97367262 -0.33641750 0.00000000]
- [1.00260496 -0.33465861 0.00000000]
- [1.03153730 -0.33289963 0.00000000]
- [1.06042465 -0.33056717 0.00000000]
- [1.08923423 -0.32737622 0.00000000]
- [1.11804380 -0.32418519 0.00000000]
- [1.14685100 -0.32097561 0.00000000]
- [1.17550568 -0.31661244 0.00000000]
- [1.20295691 -0.31221773 0.00000000]
- [1.23040812 -0.30782295 0.00000000]
- [1.25782639 -0.30324663 0.00000000]
- [1.28505587 -0.29763990 0.00000000]
- [1.31227523 -0.29198397 0.00000000]
- [1.34130509 -0.28595176 0.00000000]
- [1.37023487 -0.27948341 0.00000000]
- [1.39898036 -0.27221591 0.00000000]
- [1.42772390 -0.26494068 0.00000000]
- [1.45646742 -0.25766538 0.00000000]
- [1.48503729 -0.24974728 0.00000000]
- [1.51351278 -0.24148493 0.00000000]
- [1.54198825 -0.23322251 0.00000000]
- [1.57045675 -0.22493685 0.00000000]
- [1.59875105 -0.21607433 0.00000000]
- [1.62701869 -0.20712668 0.00000000]
- [1.65528631 -0.19817898 0.00000000]
- [1.68352913 -0.18915387 0.00000000]
- [1.71168455 -0.17985932 0.00000000]
- [1.73983237 -0.17054157 0.00000000]
- [1.76798018 -0.16122380 0.00000000]
- [1.79612777 -0.15190536 0.00000000]
- [1.82427501 -0.14258587 0.00000000]
- [1.85242225 -0.13326639 0.00000000]
- [1.88057153 -0.12395307 0.00000000]
- [1.90879649 -0.11487278 0.00000000]
- [1.93706108 -0.10591551 0.00000000]
- [1.96532568 -0.09695826 0.00000000]
- [1.99361807 -0.08808986 0.00000000]
- [2.02208754 -0.07980860 0.00000000]
- [2.05057492 -0.07158734 0.00000000]
- [2.08153518 -0.06265246 0.00000000]
- [2.11267953 -0.05439065 0.00000000]
- [2.14393006 -0.04653100 0.00000000]
- [2.17518061 -0.03867142 0.00000000]
- [2.20368146 -0.03206854 0.00000000]
- [2.23233810 -0.02614753 0.00000000]
- [2.26099476 -0.02022660 0.00000000]
- [2.28970258 -0.01457967 0.00000000]
- [2.31860257 -0.00999378 0.00000000]
- [2.34751731 -0.00549943 0.00000000]
- [2.37644267 -0.00108318 0.00000000]
- [2.40552309 0.00216868 0.00000000]
- [2.43461649 0.00530486 0.00000000]
- [2.46371834 0.00836017 0.00000000]
- [2.49291028 0.01035573 0.00000000]
- [2.52211172 0.01223650 0.00000000]
- [2.55132481 0.01386892 0.00000000]
- [2.58057867 0.01454702 0.00000000]
- [2.60983436 0.01515178 0.00000000]
- [2.63909158 0.01512635 0.00000000]
- [2.66834441 0.01439603 0.00000000]
- [2.69759609 0.01362242 0.00000000]
- [2.72679438 0.01171107 0.00000000]
- [2.75598970 0.00973756 0.00000000]
- [2.78512765 0.00706828 0.00000000]
- [2.81423627 0.00407671 0.00000000]
- [2.84330271 0.00070904 0.00000000]
- [2.87233651 -0.00293781 0.00000000]
- [2.90135411 -0.00671062 0.00000000]
- [2.93036299 -0.01055070 0.00000000]
- [2.05140393 -0.04181476 0.00000000]
- [2.05223295 -0.01204219 0.00000000]
- [2.05306196 0.01773039 0.00000000]
- [2.05389097 0.04750296 0.00000000]
- [2.05471998 0.07727554 0.00000000]
- [2.05554900 0.10704811 0.00000000]
- [2.05637801 0.13682069 0.00000000]
- [2.05720702 0.16659326 0.00000000]
- [0.37057943 -0.23508573 0.00000000]
- [0.36849365 -0.20640050 0.00000000]
- [0.36640786 -0.17771528 0.00000000]
- [0.36432208 -0.14903005 0.00000000]
- [0.36223629 -0.12034483 0.00000000]
- [0.36015051 -0.09165960 0.00000000]
- [0.35806473 -0.06297438 0.00000000]
- [0.35597894 -0.03428915 0.00000000]
- [0.35389316 -0.00560393 0.00000000]
- [0.35180737 0.02308130 0.00000000]
- [0.34972159 0.05176652 0.00000000]
- [0.34763580 0.08045175 0.00000000]
- [0.34555002 0.10913697 0.00000000]
- [0.34346423 0.13782220 0.00000000]
- [0.34137845 0.16650743 0.00000000]
- [0.33929266 0.19519265 0.00000000]
- [0.33720688 0.22387788 0.00000000]
- [0.33512109 0.25256310 0.00000000]
- [1.17338402 -0.28737768 0.00000000]
- [1.17126236 -0.25814291 0.00000000]
- [1.16914071 -0.22890815 0.00000000]
- [1.16701905 -0.19967338 0.00000000]
- [1.16489739 -0.17043862 0.00000000]
- [1.16277574 -0.14120385 0.00000000]
- [1.16065408 -0.11196909 0.00000000]
- [1.15853242 -0.08273432 0.00000000]
- [1.15641077 -0.05349956 0.00000000]
- [1.15428911 -0.02426479 0.00000000]
- [1.15216745 0.00496997 0.00000000]
- [1.15004579 0.03420474 0.00000000]
- [1.14792414 0.06343950 0.00000000]
- [1.14580248 0.09267427 0.00000000]
- [1.14368082 0.12190903 0.00000000]
- [1.14155917 0.15114380 0.00000000]
- [1.13943751 0.18037856 0.00000000]
- [1.13731585 0.20961333 0.00000000]
- [1.13519419 0.23884809 0.00000000]
- [1.13307254 0.26808286 0.00000000]
- [1.13095088 0.29731762 0.00000000]
- [1.12882922 0.32655239 0.00000000]
elements:
- [1 2]
- [2 3]
- [3 4]
- [4 5]
- [5 6]
- [6 7]
- [7 8]
- [8 9]
- [9 10]
- [10 11]
- [11 12]
- [12 13]
- [13 14]
- [14 15]
- [15 16]
- [16 17]
- [17 18]
- [18 19]
- [19 20]
- [20 21]
- [21 22]
- [22 23]
- [23 24]
- [24 25]
- [25 26]
- [26 27]
- [27 28]
- [28 29]
- [29 30]
- [30 31]
- [31 32]
- [32 33]
- [33 34]
- [34 35]
- [35 36]
- [36 37]
- [37 38]
- [38 39]
- [39 40]
- [40 41]
- [41 42]
- [42 43]
- [43 44]
- [44 45]
- [45 46]
- [46 47]
- [47 48]
- [48 49]
- [49 50]
- [50 51]
- [51 52]
- [52 53]
- [53 54]
- [54 55]
- [55 56]
- [56 57]
- [57 58]
- [58 59]
- [59 60]
- [60 61]
- [61 62]
- [62 63]
- [63 64]
- [64 65]
- [65 66]
- [66 67]
- [67 68]
- [68 69]
- [69 70]
- [70 71]
- [71 72]
- [72 73]
- [73 74]
- [74 75]
- [75 76]
- [76 77]
- [77 78]
- [78 79]
- [79 80]
- [80 81]
- [81 82]
- [82 83]
- [83 84]
- [84 85]
- [85 86]
- [86 87]
- [87 88]
- [88 89]
- [89 90]
- [90 91]
- [91 92]
- [92 93]
- [93 94]
- [94 95]
- [95 96]
- [96 97]
- [97 98]
- [98 99]
- [99 100]
- [100 101]
- [101 102]
- [102 103]
- [103 104]
- [104 105]
- [105 106]
- [106 107]
- [107 108]
- [108 109]
- [109 110]
- [110 111]
- [111 112]
- [112 113]
- [113 114]
- [114 115]
- [115 116]
- [116 117]
- [117 118]
- [118 119]
- [119 120]
- [120 121]
- [121 122]
- [122 123]
- [123 124]
- [124 125]
- [125 126]
- [126 127]
- [127 128]
- [128 129]
- [129 130]
- [130 131]
- [131 132]
- [132 133]
- [133 134]
- [134 135]
- [135 136]
- [136 137]
- [137 138]
- [138 139]
- [139 140]
- [140 141]
- [141 142]
- [142 143]
- [143 144]
- [144 145]
- [145 146]
- [146 147]
- [147 148]
- [148 149]
- [149 150]
- [150 151]
- [151 152]
- [152 153]
- [153 154]
- [154 155]
- [155 156]
- [156 157]
- [157 158]
- [158 159]
- [159 160]
- [160 161]
- [161 162]
- [162 163]
- [163 164]
- [164 165]
- [165 166]
- [166 167]
- [167 168]
- [168 169]
- [169 170]
- [170 171]
- [171 172]
- [172 173]
- [173 174]
- [174 175]
- [175 176]
- [176 177]
- [177 178]
- [178 179]
- [179 180]
- [180 181]
- [181 182]
- [182 183]
- [183 184]
- [184 185]
- [185 186]
- [186 187]
- [187 188]
- [188 189]
- [189 190]
- [190 191]
- [191 192]
- [192 193]
- [193 194]
- [194 195]
- [195 196]
- [196 197]
- [197 198]
- [198 199]
- [199 200]
- [200 201]
- [201 202]
- [202 203]
- [203 204]
- [204 205]
- [205 206]
- [206 207]
- [207 208]
- [208 209]
- [209 210]
- [210 211]
- [211 1]
- [181 212]
- [212 213]
- [213 214]
- [214 215]
- [215 216]
- [216 217]
- [217 218]
- [218 219]
- [219 31]
- [122 220]
- [220 221]
- [221 222]
- [222 223]
- [223 224]
- [224 225]
- [225 226]
- [226 227]
- [227 228]
- [228 229]
- [229 230]
- [230 231]
- [231 232]
- [232 233]
- [233 234]
- [234 235]
- [235 236]
- [236 237]
- [237 90]
- [150 238]
- [238 239]
- [239 240]
- [240 241]
- [241 242]
- [242 243]
- [243 244]
- [244 245]
- [245 246]
- [246 247]
- [247 248]
- [248 249]
- [249 250]
- [250 251]
- [251 252]
- [252 253]
- [253 254]
- [254 255]
- [255 256]
- [256 257]
- [257 258]
- [258 259]
- [259 63]
sets:
  element:
  - name: layup_0
    labels:
    - 1
    - 2
    - 3
    - 4
    - 5
    - 6
    - 7
    - 8
    - 9
    - 10
    - 11
    - 12
    - 13
    - 14
    - 15
    - 16
    - 17
    - 18
    - 19
    - 20
    - 21
    - 22
    - 23
    - 24
    - 25
    - 26
    - 185
    - 186
    - 187
    - 188
    - 189
    - 190
    - 191
    - 192
    - 193
    - 194
    - 195
    - 196
    - 197
    - 198
    - 199
    - 200
    - 201
    - 202
    - 203
    - 204
    - 205
    - 206
    - 207
    - 208
    - 209
    - 210
    - 211
  - name: layup_1
    labels:
    - 27
    - 28
    - 29
    - 30
    - 31
    - 32
    - 33
    - 34
    - 35
    - 36
    - 37
    - 38
    - 39
    - 40
    - 41
    - 42
    - 43
    - 44
    - 45
    - 46
    - 47
    - 48
    - 49
    - 50
    - 51
    - 52
    - 53
    - 54
    - 55
    - 56
    - 57
    - 58
    - 59
    - 93
    - 94
    - 95
    - 96
    - 97
    - 113
    - 114
    - 115
    - 116
    - 117
    - 118
    - 119
    - 155
    - 156
    - 157
    - 158
    - 159
    - 160
    - 161
    - 162
    - 163
    - 164
    - 165
    - 166
    - 167
    - 168
    - 169
    - 170
    - 171
    - 172
    - 173
    - 174
    - 175
    - 176
    - 177
    - 178
    - 179
    - 180
    - 181
    - 182
    - 183
    - 184
  - name: layup_2
    labels:
    - 60
    - 61
    - 62
    - 63
    - 64
    - 65
    - 66
    - 67
    - 68
    - 69
    - 70
    - 71
    - 72
    - 73
    - 74
    - 75
    - 76
    - 77
    - 78
    - 79
    - 80
    - 81
    - 82
    - 83
    - 84
    - 85
    - 86
    - 87
    - 88
    - 89
    - 90
    - 91
    - 92
    - 120
    - 121
    - 122
    - 123
    - 124
    - 125
    - 126
    - 127
    - 128
    - 129
    - 130
    - 131
    - 132
    - 133
    - 134
    - 135
    - 136
    - 137
    - 138
    - 139
    - 140
    - 141
    - 142
    - 143
    - 144
    - 145
    - 146
    - 147
    - 148
    - 149
    - 150
    - 151
    - 152
    - 153
    - 154
  - name: layup_3
    labels:
    - 98
    - 99
    - 100
    - 101
    - 102
    - 103
    - 104
    - 105
    - 106
    - 107
    - 108
    - 109
    - 110
    - 111
    - 112
  - name: layup_4
    labels:
    - 212
    - 213
    - 214
    - 215
    - 216
    - 217
    - 218
    - 219
    - 220
  - name: layup_5
    labels:
    - 221
    - 222
    - 223
    - 224
    - 225
    - 226
    - 227
    - 228
    - 229
    - 230
    - 231
    - 232
    - 233
    - 234
    - 235
    - 236
    - 237
    - 238
    - 239
    - 240
    - 241
    - 242
    - 243
    - 244
    - 245
    - 246
    - 247
    - 248
    - 249
    - 250
    - 251
    - 252
    - 253
    - 254
    - 255
    - 256
    - 257
    - 258
    - 259
    - 260
    - 261
    - 262
sections:
- type: shell
  elementSet: layup_0
  layup:
  - - gelcoat
    - 0.0005
    - 0.0
  - - glass_triax
    - 0.003
    - 0.0
  - - glass_uniax
    - 0.00659695
    - 0.0
  - - glass_triax
    - 0.003
    - 0.0
- type: shell
  elementSet: layup_1
  layup:
  - - gelcoat
    - 0.0005
    - 0.0
  - - glass_triax
    - 0.003
    - 0.0
  - - medium_density_foam
    - 0.02010313
    - 0.0
  - - glass_triax
    - 0.003
    - 0.0
- type: shell
  elementSet: layup_2
  layup:
  - - gelcoat
    - 0.0005
    - 0.0
  - - glass_triax
    - 0.003
    - 0.0
  - - carbon_uniax
    - 0.03798824
    - 0.0
  - - glass_triax
    - 0.003
    - 0.0
- type: shell
  elementSet: layup_3
  layup:
  - - gelcoat
    - 0.0005
    - 0.0
  - - glass_triax
    - 0.003
    - 0.0
  - - glass_uniax
    - 0.00496507
    - 0.0
  - - glass_triax
    - 0.003
    - 0.0
- type: shell
  elementSet: layup_4
  layup:
  - - glass_biax
    - 0.002
    - 0.0
  - - medium_density_foam
    - 0.03
    - 0.0
  - - glass_biax
    - 0.002
    - 0.0
- type: shell
  elementSet: layup_5
  layup:
  - - glass_biax
    - 0.002
    - 0.0
  - - medium_density_foam
    - 0.020444
    - 0.0
  - - glass_biax
    - 0.002
    - 0.0
elementOrientations:
- [0.0, 0.0, 1.0, -0.980169626188653, 0.19816029848886532, 0.0, -0.19816029848886532,
  -0.980169626188653, 0.0]
- [0.0, 0.0, 1.0, -0.9801786996578957, 0.19811541266886995, 0.0, -0.19811541266886995,
  -0.9801786996578957, 0.0]
- [0.0, 0.0, 1.0, -0.9801967436793365, 0.19802611868242312, 0.0, -0.19802611868242312,
  -0.9801967436793365, 0.0]
- [0.0, 0.0, 1.0, -0.9802190675487177, 0.1979155870918771, 0.0, -0.1979155870918771,
  -0.9802190675487177, 0.0]
- [0.0, 0.0, 1.0, -0.9802543599948851, 0.1977407133369814, 0.0, -0.1977407133369814,
  -0.9802543599948851, 0.0]
- [0.0, 0.0, 1.0, -0.9801645995414073, 0.19818516040771733, 0.0, -0.19818516040771733,
  -0.9801645995414073, 0.0]
- [0.0, 0.0, 1.0, -0.9798837127478338, 0.19956930999409878, 0.0, -0.19956930999409878,
  -0.9798837127478338, 0.0]
- [0.0, 0.0, 1.0, -0.9798592380104549, 0.19968944309995618, 0.0, -0.19968944309995618,
  -0.9798592380104549, 0.0]
- [0.0, 0.0, 1.0, -0.9793281905101152, 0.20227776761716404, 0.0, -0.20227776761716404,
  -0.9793281905101152, 0.0]
- [0.0, 0.0, 1.0, -0.9792381792908836, 0.20271306869335087, 0.0, -0.20271306869335087,
  -0.9792381792908836, 0.0]
- [0.0, 0.0, 1.0, -0.9789896455875439, 0.2039099650148933, 0.0, -0.2039099650148933,
  -0.9789896455875439, 0.0]
- [0.0, 0.0, 1.0, -0.9785718987620734, 0.20590541263694434, 0.0, -0.20590541263694434,
  -0.9785718987620734, 0.0]
- [0.0, 0.0, 1.0, -0.9785647253305765, 0.20593950164719083, 0.0, -0.20593950164719083,
  -0.9785647253305765, 0.0]
- [0.0, 0.0, 1.0, -0.9781953919826412, 0.20768672346572117, 0.0, -0.20768672346572117,
  -0.9781953919826412, 0.0]
- [0.0, 0.0, 1.0, -0.9779837172946981, 0.2086812131133129, 0.0, -0.2086812131133129,
  -0.9779837172946981, 0.0]
- [0.0, 0.0, 1.0, -0.9779666313401036, 0.20876127031920869, 0.0, -0.20876127031920869,
  -0.9779666313401036, 0.0]
- [0.0, 0.0, 1.0, -0.977622486852679, 0.21036699646090715, 0.0, -0.21036699646090715,
  -0.977622486852679, 0.0]
- [0.0, 0.0, 1.0, -0.9774739930346146, 0.21105590003827474, 0.0, -0.21105590003827474,
  -0.9774739930346146, 0.0]
- [0.0, 0.0, 1.0, -0.9774739473770155, 0.2110561114945395, 0.0, -0.2110561114945395,
  -0.9774739473770155, 0.0]
- [0.0, 0.0, 1.0, -0.9771305005114727, 0.21264050641916474, 0.0, -0.21264050641916474,
  -0.9771305005114727, 0.0]
- [0.0, 0.0, 1.0, -0.9769771596078584, 0.21334392328951243, 0.0, -0.21334392328951243,
  -0.9769771596078584, 0.0]
- [0.0, 0.0, 1.0, -0.9769771816042098, 0.21334382256042692, 0.0, -0.21334382256042692,
  -0.9769771816042098, 0.0]
- [0.0, 0.0, 1.0, -0.9768535896373609, 0.2139090096573833, 0.0, -0.2139090096573833,
  -0.9768535896373609, 0.0]
- [0.0, 0.0, 1.0, -0.9767299762657081, 0.2144727336142974, 0.0, -0.2144727336142974,
  -0.9767299762657081, 0.0]
- [0.0, 0.0, 1.0, -0.9767299716702038, 0.2144727545426757, 0.0, -0.2144727545426757,
  -0.9767299716702038, 0.0]
- [0.0, 0.0, 1.0, -0.9767330542136156, 0.214458715855855, 0.0, -0.214458715855855,
  -0.9767330542136156, 0.0]
- [0.0, 0.0, 1.0, -0.9767468778317635, 0.2143957477327903, 0.0, -0.2143957477327903,
  -0.9767468778317635, 0.0]
- [0.0, 0.0, 1.0, -0.9767469229829966, 0.2143955420321242, 0.0, -0.2143955420321242,
  -0.9767469229829966, 0.0]
- [0.0, 0.0, 1.0, -0.9768184008134538, 0.21406964248170884, 0.0, -0.21406964248170884,
  -0.9768184008134538, 0.0]
- [0.0, 0.0, 1.0, -0.9771800182492796, 0.21241283373265746, 0.0, -0.21241283373265746,
  -0.9771800182492796, 0.0]
- [0.0, 0.0, 1.0, -0.9772068197310916, 0.21228949920108106, 0.0, -0.21228949920108106,
  -0.9772068197310916, 0.0]
- [0.0, 0.0, 1.0, -0.9772259787805698, 0.21220128745216693, 0.0, -0.21220128745216693,
  -0.9772259787805698, 0.0]
- [0.0, 0.0, 1.0, -0.9777670719118932, 0.20969395099726376, 0.0, -0.20969395099726376,
  -0.9777670719118932, 0.0]
- [0.0, 0.0, 1.0, -0.9780258551601286, 0.2084836363801705, 0.0, -0.2084836363801705,
  -0.9780258551601286, 0.0]
- [0.0, 0.0, 1.0, -0.9780259881444314, 0.2084830125312573, 0.0, -0.2084830125312573,
  -0.9780259881444314, 0.0]
- [0.0, 0.0, 1.0, -0.9782379871080146, 0.20748600092261626, 0.0, -0.20748600092261626,
  -0.9782379871080146, 0.0]
- [0.0, 0.0, 1.0, -0.9792468092781004, 0.2026713756766351, 0.0, -0.2026713756766351,
  -0.9792468092781004, 0.0]
- [0.0, 0.0, 1.0, -0.9793146386939959, 0.20234336766903951, 0.0, -0.20234336766903951,
  -0.9793146386939959, 0.0]
- [0.0, 0.0, 1.0, -0.9793147251379579, 0.20234294929145874, 0.0, -0.20234294929145874,
  -0.9793147251379579, 0.0]
- [0.0, 0.0, 1.0, -0.9801772165487601, 0.19812275023006573, 0.0, -0.19812275023006573,
  -0.9801772165487601, 0.0]
- [0.0, 0.0, 1.0, -0.9811721993707255, 0.19313496623349496, 0.0, -0.19313496623349496,
  -0.9811721993707255, 0.0]
- [0.0, 0.0, 1.0, -0.9811723394044175, 0.19313425482721247, 0.0, -0.19313425482721247,
  -0.9811723394044175, 0.0]
- [0.0, 0.0, 1.0, -0.9812009948482608, 0.19298862067174657, 0.0, -0.19298862067174657,
  -0.9812009948482608, 0.0]
- [0.0, 0.0, 1.0, -0.9828730648174072, 0.1842838529454945, 0.0, -0.1842838529454945,
  -0.9828730648174072, 0.0]
- [0.0, 0.0, 1.0, -0.9833893775696935, 0.1815084903884415, 0.0, -0.1815084903884415,
  -0.9833893775696935, 0.0]
- [0.0, 0.0, 1.0, -0.9833895029161874, 0.18150781127613747, 0.0, -0.18150781127613747,
  -0.9833895029161874, 0.0]
- [0.0, 0.0, 1.0, -0.9838290092743552, 0.17911024680414217, 0.0, -0.17911024680414217,
  -0.9838290092743552, 0.0]
- [0.0, 0.0, 1.0, -0.9856279318096459, 0.16893069595736515, 0.0, -0.16893069595736515,
  -0.9856279318096459, 0.0]
- [0.0, 0.0, 1.0, -0.985861044738645, 0.167564914187987, 0.0, -0.167564914187987,
  -0.985861044738645, 0.0]
- [0.0, 0.0, 1.0, -0.9858611641559416, 0.1675642115998862, 0.0, -0.1675642115998862,
  -0.9858611641559416, 0.0]
- [0.0, 0.0, 1.0, -0.9869103431097688, 0.16126988145019094, 0.0, -0.16126988145019094,
  -0.9869103431097688, 0.0]
- [0.0, 0.0, 1.0, -0.9885505471548893, 0.15089007826815143, 0.0, -0.15089007826815143,
  -0.9885505471548893, 0.0]
- [0.0, 0.0, 1.0, -0.9885506831376407, 0.15088918737969245, 0.0, -0.15088918737969245,
  -0.9885506831376407, 0.0]
- [0.0, 0.0, 1.0, -0.9885508561451161, 0.15088805391666432, 0.0, -0.15088805391666432,
  -0.9885508561451161, 0.0]
- [0.0, 0.0, 1.0, -0.9906408625273836, 0.13649425442487104, 0.0, -0.13649425442487104,
  -0.9906408625273836, 0.0]
- [0.0, 0.0, 1.0, -0.9914550580587982, 0.13044871731690205, 0.0, -0.13044871731690205,
  -0.9914550580587982, 0.0]
- [0.0, 0.0, 1.0, -0.991455198907492, 0.13044764681398271, 0.0, -0.13044764681398271,
  -0.991455198907492, 0.0]
- [0.0, 0.0, 1.0, -0.9918961819667896, 0.1270510299041505, 0.0, -0.1270510299041505,
  -0.9918961819667896, 0.0]
- [0.0, 0.0, 1.0, -0.9941277505457692, 0.1082128254635699, 0.0, -0.1082128254635699,
  -0.9941277505457692, 0.0]
- [0.0, 0.0, 1.0, -0.9943133132834083, 0.10649429575038621, 0.0, -0.10649429575038621,
  -0.9943133132834083, 0.0]
- [0.0, 0.0, 1.0, -0.9943443155659172, 0.10620443541466415, 0.0, -0.10620443541466415,
  -0.9943443155659172, 0.0]
- [0.0, 0.0, 1.0, -0.9963181611365935, 0.08573285128465595, 0.0, -0.08573285128465595,
  -0.9963181611365935, 0.0]
- [0.0, 0.0, 1.0, -0.9969234053586585, 0.0783819102095365, 0.0, -0.0783819102095365,
  -0.9969234053586585, 0.0]
- [0.0, 0.0, 1.0, -0.9969235383898922, 0.07838021819424246, 0.0, -0.07838021819424246,
  -0.9969235383898922, 0.0]
- [0.0, 0.0, 1.0, -0.99782791783983, 0.0658744744148242, 0.0, -0.0658744744148242,
  -0.99782791783983, 0.0]
- [0.0, 0.0, 1.0, -0.9989787072502317, 0.04518343126253053, 0.0, -0.04518343126253053,
  -0.9989787072502317, 0.0]
- [0.0, 0.0, 1.0, -0.9989787942533684, 0.04518150763405314, 0.0, -0.04518150763405314,
  -0.9989787942533684, 0.0]
- [0.0, 0.0, 1.0, -0.999014721737564, 0.04438001522777446, 0.0, -0.04438001522777446,
  -0.999014721737564, 0.0]
- [0.0, 0.0, 1.0, -0.9999778032138904, 0.006662813183772754, 0.0, -0.006662813183772754,
  -0.9999778032138904, 0.0]
- [0.0, 0.0, 1.0, -0.9999778808329525, 0.006651153647119227, 0.0, -0.006651153647119227,
  -0.9999778808329525, 0.0]
- [0.0, 0.0, 1.0, -0.99997789733293, 0.0066486724699163675, 0.0, -0.0066486724699163675,
  -0.99997789733293, 0.0]
- [0.0, 0.0, 1.0, -0.9996531027470649, -0.026337694814961794, 0.0, 0.026337694814961794,
  -0.9996531027470649, 0.0]
- [0.0, 0.0, 1.0, -0.9993306331024004, -0.036582587977825744, 0.0, 0.036582587977825744,
  -0.9993306331024004, 0.0]
- [0.0, 0.0, 1.0, -0.9993305286895022, -0.03658544012527184, 0.0, 0.03658544012527184,
  -0.9993305286895022, 0.0]
- [0.0, 0.0, 1.0, -0.997873480033131, -0.06518065546286234, 0.0, 0.06518065546286234,
  -0.997873480033131, 0.0]
- [0.0, 0.0, 1.0, -0.9965368742836661, -0.08315201857405949, 0.0, 0.08315201857405949,
  -0.9965368742836661, 0.0]
- [0.0, 0.0, 1.0, -0.9965366177199786, -0.08315509330898091, 0.0, 0.08315509330898091,
  -0.9965366177199786, 0.0]
- [0.0, 0.0, 1.0, -0.9937647552740688, -0.11149713527741464, 0.0, 0.11149713527741464,
  -0.9937647552740688, 0.0]
- [0.0, 0.0, 1.0, -0.9912781596718532, -0.13178622901344356, 0.0, 0.13178622901344356,
  -0.9912781596718532, 0.0]
- [0.0, 0.0, 1.0, -0.9911949161516024, -0.13241086887116893, 0.0, 0.13241086887116893,
  -0.9911949161516024, 0.0]
- [0.0, 0.0, 1.0, -0.986102764116865, -0.16613650592533358, 0.0, 0.16613650592533358,
  -0.986102764116865, 0.0]
- [0.0, 0.0, 1.0, -0.9830241424001495, -0.18347625311862772, 0.0, 0.18347625311862772,
  -0.9830241424001495, 0.0]
- [0.0, 0.0, 1.0, -0.9830233933083308, -0.18348026653723526, 0.0, 0.18348026653723526,
  -0.9830233933083308, 0.0]
- [0.0, 0.0, 1.0, -0.9727839884118571, -0.23171385778481202, 0.0, 0.23171385778481202,
  -0.9727839884118571, 0.0]
- [0.0, 0.0, 1.0, -0.9715106962867133, -0.2369957109327203, 0.0, 0.2369957109327203,
  -0.9715106962867133, 0.0]
- [0.0, 0.0, 1.0, -0.9674950348950948, -0.25289001058432375, 0.0, 0.25289001058432375,
  -0.9674950348950948, 0.0]
- [0.0, 0.0, 1.0, -0.9565177940572056, -0.2916739783592931, 0.0, 0.2916739783592931,
  -0.9565177940572056, 0.0]
- [0.0, 0.0, 1.0, -0.95567815522032, -0.2944134229865989, 0.0, 0.2944134229865989,
  -0.95567815522032, 0.0]
- [0.0, 0.0, 1.0, -0.9422231796845174, -0.33498579024370195, 0.0, 0.33498579024370195,
  -0.9422231796845174, 0.0]
- [0.0, 0.0, 1.0, -0.9370164063589952, -0.3492853478376593, 0.0, 0.3492853478376593,
  -0.9370164063589952, 0.0]
- [0.0, 0.0, 1.0, -0.924330557321378, -0.3815927420718988, 0.0, 0.3815927420718988,
  -0.924330557321378, 0.0]
- [0.0, 0.0, 1.0, -0.9125162287143009, -0.4090405020692075, 0.0, 0.4090405020692075,
  -0.9125162287143009, 0.0]
- [0.0, 0.0, 1.0, -0.8995155197958108, -0.4368888069594739, 0.0, 0.4368888069594739,
  -0.8995155197958108, 0.0]
- [0.0, 0.0, 1.0, -0.8822788441008065, -0.47072714097674984, 0.0, 0.47072714097674984,
  -0.8822788441008065, 0.0]
- [0.0, 0.0, 1.0, -0.8683225736571643, -0.4959999073360785, 0.0, 0.4959999073360785,
  -0.8683225736571643, 0.0]
- [0.0, 0.0, 1.0, -0.8438284731424744, -0.5366129964080634, 0.0, 0.5366129964080634,
  -0.8438284731424744, 0.0]
- [0.0, 0.0, 1.0, -0.8205810782230427, -0.5715301339932206, 0.0, 0.5715301339932206,
  -0.8205810782230427, 0.0]
- [0.0, 0.0, 1.0, -0.7940287037786805, -0.6078802658217723, 0.0, 0.6078802658217723,
  -0.7940287037786805, 0.0]
- [0.0, 0.0, 1.0, -0.7459284256650986, -0.6660261134405973, 0.0, 0.6660261134405973,
  -0.7459284256650986, 0.0]
- [0.0, 0.0, 1.0, -0.7109748816708857, -0.7032174042449959, 0.0, 0.7032174042449959,
  -0.7109748816708857, 0.0]
- [0.0, 0.0, 1.0, -0.6340179057461788, -0.7733183660002066, 0.0, 0.7733183660002066,
  -0.6340179057461788, 0.0]
- [0.0, 0.0, 1.0, -0.5504993848187354, -0.8348355690279338, 0.0, 0.8348355690279338,
  -0.5504993848187354, 0.0]
- [0.0, 0.0, 1.0, -0.4198327823334069, -0.9076014735985118, 0.0, 0.9076014735985118,
  -0.4198327823334069, 0.0]
- [0.0, 0.0, 1.0, -0.26037498974136153, -0.9655075684411727, 0.0, 0.9655075684411727,
  -0.26037498974136153, 0.0]
- [0.0, 0.0, 1.0, 0.01097083176076247, -0.9999398186143389, 0.0, 0.9999398186143389,
  0.01097083176076247, 0.0]
- [0.0, 0.0, 1.0, 0.28457954080161485, -0.958652431779705, 0.0, 0.958652431779705,
  0.28457954080161485, 0.0]
- [0.0, 0.0, 1.0, 0.5343784182077012, -0.8452453526366384, 0.0, 0.8452453526366384,
  0.5343784182077012, 0.0]
- [0.0, 0.0, 1.0, 0.6573978271673173, -0.753543692718405, 0.0, 0.753543692718405,
  0.6573978271673173, 0.0]
- [0.0, 0.0, 1.0, 0.7271859540297578, -0.6864405205564652, 0.0, 0.6864405205564652,
  0.7271859540297578, 0.0]
- [0.0, 0.0, 1.0, 0.776016375381751, -0.6307127596135735, 0.0, 0.6307127596135735,
  0.776016375381751, 0.0]
- [0.0, 0.0, 1.0, 0.817542428018737, -0.5758683689778665, 0.0, 0.5758683689778665,
  0.817542428018737, 0.0]
- [0.0, 0.0, 1.0, 0.8341756933416105, -0.5514987875218254, 0.0, 0.5514987875218254,
  0.8341756933416105, 0.0]
- [0.0, 0.0, 1.0, 0.8599363238678089, -0.5104013312019463, 0.0, 0.5104013312019463,
  0.8599363238678089, 0.0]
- [0.0, 0.0, 1.0, 0.8744404887329678, -0.4851327979681939, 0.0, 0.4851327979681939,
  0.8744404887329678, 0.0]
- [0.0, 0.0, 1.0, 0.8917354569077427, -0.45255704048610185, 0.0, 0.45255704048610185,
  0.8917354569077427, 0.0]
- [0.0, 0.0, 1.0, 0.9039694476454335, -0.42759705064886716, 0.0, 0.42759705064886716,
  0.9039694476454335, 0.0]
- [0.0, 0.0, 1.0, 0.9165362134553788, -0.39995170886605313, 0.0, 0.39995170886605313,
  0.9165362134553788, 0.0]
- [0.0, 0.0, 1.0, 0.9248626531340214, -0.3803012921854184, 0.0, 0.3803012921854184,
  0.9248626531340214, 0.0]
- [0.0, 0.0, 1.0, 0.9374282914953129, -0.34817840011146384, 0.0, 0.34817840011146384,
  0.9374282914953129, 0.0]
- [0.0, 0.0, 1.0, 0.9380483324391218, -0.3465044386558171, 0.0, 0.3465044386558171,
  0.9380483324391218, 0.0]
- [0.0, 0.0, 1.0, 0.951724431680203, -0.30695375244976975, 0.0, 0.30695375244976975,
  0.951724431680203, 0.0]
- [0.0, 0.0, 1.0, 0.955218863901237, -0.2959001893328729, 0.0, 0.2959001893328729,
  0.955218863901237, 0.0]
- [0.0, 0.0, 1.0, 0.95736798890195, -0.288871137059132, 0.0, 0.288871137059132, 0.95736798890195,
  0.0]
- [0.0, 0.0, 1.0, 0.9692520525546613, -0.2460700278753512, 0.0, 0.2460700278753512,
  0.9692520525546613, 0.0]
- [0.0, 0.0, 1.0, 0.9698547677506469, -0.24368366681281445, 0.0, 0.24368366681281445,
  0.9698547677506469, 0.0]
- [0.0, 0.0, 1.0, 0.974723104693989, -0.22341635834403675, 0.0, 0.22341635834403675,
  0.974723104693989, 0.0]
- [0.0, 0.0, 1.0, 0.9813513986079445, -0.1922223515885474, 0.0, 0.1922223515885474,
  0.9813513986079445, 0.0]
- [0.0, 0.0, 1.0, 0.9814557451426744, -0.19168886333440888, 0.0, 0.19168886333440888,
  0.9814557451426744, 0.0]
- [0.0, 0.0, 1.0, 0.9864049323726237, -0.1643329224195793, 0.0, 0.1643329224195793,
  0.9864049323726237, 0.0]
- [0.0, 0.0, 1.0, 0.9901842004398996, -0.13976855583140488, 0.0, 0.13976855583140488,
  0.9901842004398996, 0.0]
- [0.0, 0.0, 1.0, 0.9901847630426425, -0.13976457003899825, 0.0, 0.13976457003899825,
  0.9901847630426425, 0.0]
- [0.0, 0.0, 1.0, 0.9936708324847618, -0.11233110285686916, 0.0, 0.11233110285686916,
  0.9936708324847618, 0.0]
- [0.0, 0.0, 1.0, 0.9960352878904996, -0.08895900896980406, 0.0, 0.08895900896980406,
  0.9960352878904996, 0.0]
- [0.0, 0.0, 1.0, 0.9960356395054127, -0.0889550720029123, 0.0, 0.0889550720029123,
  0.9960356395054127, 0.0]
- [0.0, 0.0, 1.0, 0.9976971941780145, -0.06782557577578927, 0.0, 0.06782557577578927,
  0.9976971941780145, 0.0]
- [0.0, 0.0, 1.0, 0.9992236532410871, -0.039396583653100975, 0.0, 0.039396583653100975,
  0.9992236532410871, 0.0]
- [0.0, 0.0, 1.0, 0.9992237866580357, -0.03939319962603158, 0.0, 0.03939319962603158,
  0.9992237866580357, 0.0]
- [0.0, 0.0, 1.0, 0.999559360145779, -0.029683085165817524, 0.0, 0.029683085165817524,
  0.999559360145779, 0.0]
- [0.0, 0.0, 1.0, 0.9999408174844987, 0.010879408459671764, 0.0, -0.010879408459671764,
  0.9999408174844987, 0.0]
- [0.0, 0.0, 1.0, 0.9999407816645886, 0.01088270021693366, 0.0, -0.01088270021693366,
  0.9999407816645886, 0.0]
- [0.0, 0.0, 1.0, 0.9999407491530111, 0.010885687085113673, 0.0, -0.010885687085113673,
  0.9999407491530111, 0.0]
- [0.0, 0.0, 1.0, 0.9985861814485181, 0.053156732593976116, 0.0, -0.053156732593976116,
  0.9985861814485181, 0.0]
- [0.0, 0.0, 1.0, 0.9981571953074434, 0.06068124468052925, 0.0, -0.06068124468052925,
  0.9981571953074434, 0.0]
- [0.0, 0.0, 1.0, 0.9981570158380836, 0.0606841967336793, 0.0, -0.0606841967336793,
  0.9981570158380836, 0.0]
- [0.0, 0.0, 1.0, 0.9967560988878674, 0.08048154651744593, 0.0, -0.08048154651744593,
  0.9967560988878674, 0.0]
- [0.0, 0.0, 1.0, 0.9939219799902327, 0.11008677346664111, 0.0, -0.11008677346664111,
  0.9939219799902327, 0.0]
- [0.0, 0.0, 1.0, 0.9939216660744957, 0.11008960762805324, 0.0, -0.11008960762805324,
  0.9939216660744957, 0.0]
- [0.0, 0.0, 1.0, 0.993850464837161, 0.11073054476050935, 0.0, -0.11073054476050935,
  0.993850464837161, 0.0]
- [0.0, 0.0, 1.0, 0.9886050889545568, 0.15053231577688805, 0.0, -0.15053231577688805,
  0.9886050889545568, 0.0]
- [0.0, 0.0, 1.0, 0.9874265127121804, 0.15807872087369085, 0.0, -0.15807872087369085,
  0.9874265127121804, 0.0]
- [0.0, 0.0, 1.0, 0.9874261268975989, 0.15808113081581532, 0.0, -0.15808113081581532,
  0.9874261268975989, 0.0]
- [0.0, 0.0, 1.0, 0.9863553562107996, 0.16463022588293597, 0.0, -0.16463022588293597,
  0.9863553562107996, 0.0]
- [0.0, 0.0, 1.0, 0.9794523491018768, 0.20167571950736934, 0.0, -0.20167571950736934,
  0.9794523491018768, 0.0]
- [0.0, 0.0, 1.0, 0.9790863596760281, 0.20344507931219052, 0.0, -0.20344507931219052,
  0.9790863596760281, 0.0]
- [0.0, 0.0, 1.0, 0.9790858598258473, 0.2034474848433407, 0.0, -0.2034474848433407,
  0.9790858598258473, 0.0]
- [0.0, 0.0, 1.0, 0.9759039647936346, 0.21820048464672198, 0.0, -0.21820048464672198,
  0.9759039647936346, 0.0]
- [0.0, 0.0, 1.0, 0.9694953387710732, 0.24510974705458388, 0.0, -0.24510974705458388,
  0.9694953387710732, 0.0]
- [0.0, 0.0, 1.0, 0.9694293057590925, 0.2453707829702716, 0.0, -0.2453707829702716,
  0.9694293057590925, 0.0]
- [0.0, 0.0, 1.0, 0.9694287644769124, 0.24537292149861845, 0.0, -0.24537292149861845,
  0.9694287644769124, 0.0]
- [0.0, 0.0, 1.0, 0.9636740841184054, 0.26708099819821046, 0.0, -0.26708099819821046,
  0.9636740841184054, 0.0]
- [0.0, 0.0, 1.0, 0.9603888287484362, 0.27866341276745843, 0.0, -0.27866341276745843,
  0.9603888287484362, 0.0]
- [0.0, 0.0, 1.0, 0.960388320748178, 0.278665163539497, 0.0, -0.278665163539497, 0.960388320748178,
  0.0]
- [0.0, 0.0, 1.0, 0.9601598601449802, 0.27945132486064944, 0.0, -0.27945132486064944,
  0.9601598601449802, 0.0]
- [0.0, 0.0, 1.0, 0.9542824235496611, 0.2989064336948693, 0.0, -0.2989064336948693,
  0.9542824235496611, 0.0]
- [0.0, 0.0, 1.0, 0.9533787491272517, 0.30177634220156596, 0.0, -0.30177634220156596,
  0.9533787491272517, 0.0]
- [0.0, 0.0, 1.0, 0.9533783656254348, 0.30177755376663573, 0.0, -0.30177755376663573,
  0.9533783656254348, 0.0]
- [0.0, 0.0, 1.0, 0.9525472960285619, 0.30439061882501445, 0.0, -0.30439061882501445,
  0.9525472960285619, 0.0]
- [0.0, 0.0, 1.0, 0.9495958846822059, 0.31347672289121997, 0.0, -0.31347672289121997,
  0.9495958846822059, 0.0]
- [0.0, 0.0, 1.0, 0.9493374788181962, 0.31425841486125844, 0.0, -0.31425841486125844,
  0.9493374788181962, 0.0]
- [0.0, 0.0, 1.0, 0.9493373074255234, 0.3142589326177655, 0.0, -0.3142589326177655,
  0.9493373074255234, 0.0]
- [0.0, 0.0, 1.0, 0.9493297227646453, 0.3142818440120293, 0.0, -0.3142818440120293,
  0.9493297227646453, 0.0]
- [0.0, 0.0, 1.0, 0.9493180660699456, 0.3143170524060354, 0.0, -0.3143170524060354,
  0.9493180660699456, 0.0]
- [0.0, 0.0, 1.0, 0.9493180670085279, 0.3143170495712763, 0.0, -0.3143170495712763,
  0.9493180670085279, 0.0]
- [0.0, 0.0, 1.0, 0.9493869466130986, 0.31410893906518716, 0.0, -0.31410893906518716,
  0.9493869466130986, 0.0]
- [0.0, 0.0, 1.0, 0.9519501414611339, 0.3062530459801619, 0.0, -0.3062530459801619,
  0.9519501414611339, 0.0]
- [0.0, 0.0, 1.0, 0.9532760244078343, 0.30210068071620433, 0.0, -0.30210068071620433,
  0.9532760244078343, 0.0]
- [0.0, 0.0, 1.0, 0.9532762786546043, 0.30209987844159963, 0.0, -0.30209987844159963,
  0.9532762786546043, 0.0]
- [0.0, 0.0, 1.0, 0.9542200307107385, 0.29910555493069196, 0.0, -0.29910555493069196,
  0.9542200307107385, 0.0]
- [0.0, 0.0, 1.0, 0.9602023036543953, 0.27930545296644754, 0.0, -0.27930545296644754,
  0.9602023036543953, 0.0]
- [0.0, 0.0, 1.0, 0.9607898447802918, 0.2772776120913165, 0.0, -0.2772776120913165,
  0.9607898447802918, 0.0]
- [0.0, 0.0, 1.0, 0.9607903059404227, 0.27727601412835723, 0.0, -0.27727601412835723,
  0.9607903059404227, 0.0]
- [0.0, 0.0, 1.0, 0.9665690366700349, 0.25640650801171294, 0.0, -0.25640650801171294,
  0.9665690366700349, 0.0]
- [0.0, 0.0, 1.0, 0.9697981883942669, 0.24390874069454338, 0.0, -0.24390874069454338,
  0.9697981883942669, 0.0]
- [0.0, 0.0, 1.0, 0.9697987619174786, 0.2439064603148624, 0.0, -0.2439064603148624,
  0.9697987619174786, 0.0]
- [0.0, 0.0, 1.0, 0.9741979589231553, 0.22569522996722421, 0.0, -0.22569522996722421,
  0.9741979589231553, 0.0]
- [0.0, 0.0, 1.0, 0.9793143013115486, 0.2023450005477611, 0.0, -0.2023450005477611,
  0.9793143013115486, 0.0]
- [0.0, 0.0, 1.0, 0.979314797074074, 0.20234260112928595, 0.0, -0.20234260112928595,
  0.979314797074074, 0.0]
- [0.0, 0.0, 1.0, 0.9811977906999864, 0.19300491062526304, 0.0, -0.19300491062526304,
  0.9811977906999864, 0.0]
- [0.0, 0.0, 1.0, 0.987642969228157, 0.1567206602021246, 0.0, -0.1567206602021246,
  0.987642969228157, 0.0]
- [0.0, 0.0, 1.0, 0.9881346487680361, 0.153590090513906, 0.0, -0.153590090513906,
  0.9881346487680361, 0.0]
- [0.0, 0.0, 1.0, 0.9885446951960847, 0.15092841216841893, 0.0, -0.15092841216841893,
  0.9885446951960847, 0.0]
- [0.0, 0.0, 1.0, 0.9938058227569141, 0.1111304938099931, 0.0, -0.1111304938099931,
  0.9938058227569141, 0.0]
- [0.0, 0.0, 1.0, 0.9942400576653483, 0.10717605951706313, 0.0, -0.10717605951706313,
  0.9942400576653483, 0.0]
- [0.0, 0.0, 1.0, 0.9945340409554037, 0.10441284107290445, 0.0, -0.10441284107290445,
  0.9945340409554037, 0.0]
- [0.0, 0.0, 1.0, 0.9976716171001535, 0.06820076563180794, 0.0, -0.06820076563180794,
  0.9976716171001535, 0.0]
- [0.0, 0.0, 1.0, 0.997932301214544, 0.06427380642722531, 0.0, -0.06427380642722531,
  0.997932301214544, 0.0]
- [0.0, 0.0, 1.0, 0.9984423855433127, 0.055792497260643954, 0.0, -0.055792497260643954,
  0.9984423855433127, 0.0]
- [0.0, 0.0, 1.0, 0.9997314548911684, 0.023173651011173135, 0.0, -0.023173651011173135,
  0.9997314548911684, 0.0]
- [0.0, 0.0, 1.0, 0.9997864079879873, 0.02066732693111457, 0.0, -0.02066732693111457,
  0.9997864079879873, 0.0]
- [0.0, 0.0, 1.0, 0.9999996222714426, -0.00086917027785863, 0.0, 0.00086917027785863,
  0.9999996222714426, 0.0]
- [0.0, 0.0, 1.0, 0.9996884930737385, -0.024958301543929775, 0.0, 0.024958301543929775,
  0.9996884930737385, 0.0]
- [0.0, 0.0, 1.0, 0.9996504780454601, -0.026437128124724506, 0.0, 0.026437128124724506,
  0.9996504780454601, 0.0]
- [0.0, 0.0, 1.0, 0.9978642740403896, -0.06532144053713436, 0.0, 0.06532144053713436,
  0.9978642740403896, 0.0]
- [0.0, 0.0, 1.0, 0.997723141975988, -0.06744280514304349, 0.0, 0.06744280514304349,
  0.997723141975988, 0.0]
- [0.0, 0.0, 1.0, 0.9958301821619665, -0.0912263574591499, 0.0, 0.0912263574591499,
  0.9958301821619665, 0.0]
- [0.0, 0.0, 1.0, 0.9947603493196356, -0.10223427713578513, 0.0, 0.10223427713578513,
  0.9947603493196356, 0.0]
- [0.0, 0.0, 1.0, 0.9933549484759421, -0.11509103500428859, 0.0, 0.11509103500428859,
  0.9933549484759421, 0.0]
