nodes:
- [4.54132161 0.02960877 0.00000000]
- [4.49660558 0.03943229 0.00000000]
- [4.45188642 0.04924155 0.00000000]
- [4.40715989 0.05901719 0.00000000]
- [4.36243368 0.06879428 0.00000000]
- [4.31769931 0.07853394 0.00000000]
- [4.27296701 0.08828313 0.00000000]
- [4.22824847 0.09809520 0.00000000]
- [4.18354534 0.10797726 0.00000000]
- [4.13886674 0.11796958 0.00000000]
- [4.09419713 0.12800209 0.00000000]
- [4.04954122 0.13809538 0.00000000]
- [4.00489575 0.14823478 0.00000000]
- [3.96026017 0.15841759 0.00000000]
- [3.91563931 0.16866473 0.00000000]
- [3.87102516 0.17894104 0.00000000]
- [3.82642173 0.18926382 0.00000000]
- [3.78181832 0.19958666 0.00000000]
- [3.73721679 0.20991763 0.00000000]
- [3.69420295 0.21993025 0.00000000]
- [3.65119086 0.22995038 0.00000000]
- [3.60817958 0.23997399 0.00000000]
- [3.56516510 0.24998384 0.00000000]
- [3.52215088 0.25999476 0.00000000]
- [3.47913279 0.26998909 0.00000000]
- [3.43611895 0.28000171 0.00000000]
- [3.39309316 0.28996282 0.00000000]
- [3.35006779 0.29992574 0.00000000]
- [3.30703054 0.30983724 0.00000000]
- [3.26398870 0.31972882 0.00000000]
- [3.22093492 0.32956825 0.00000000]
- [3.17787052 0.33936113 0.00000000]
- [3.13383208 0.34933277 0.00000000]
- [3.08977209 0.35920887 0.00000000]
- [3.04569846 0.36902388 0.00000000]
- [3.00161911 0.37881319 0.00000000]
- [2.95750701 0.38845385 0.00000000]
- [2.91338468 0.39804751 0.00000000]
- [2.86924259 0.40754988 0.00000000]
- [2.82507809 0.41694751 0.00000000]
- [2.78089417 0.42625338 0.00000000]
- [2.73668035 0.43541620 0.00000000]
- [2.69245322 0.44451447 0.00000000]
- [2.64819150 0.45344292 0.00000000]
- [2.60390371 0.46224125 0.00000000]
- [2.55958904 0.47090305 0.00000000]
- [2.51525121 0.47944554 0.00000000]
- [2.47088357 0.48783181 0.00000000]
- [2.42648389 0.49604678 0.00000000]
- [2.38205505 0.50410249 0.00000000]
- [2.33758934 0.51195229 0.00000000]
- [2.29309659 0.51964722 0.00000000]
- [2.24857324 0.52716281 0.00000000]
- [2.20401071 0.53444261 0.00000000]
- [2.15941646 0.54152544 0.00000000]
- [2.11478495 0.54836949 0.00000000]
- [2.07011241 0.55494072 0.00000000]
- [2.02540029 0.56123676 0.00000000]
- [1.98065697 0.56730706 0.00000000]
- [1.93587274 0.57306735 0.00000000]
- [1.89105261 0.57854101 0.00000000]
- [1.84619612 0.58370845 0.00000000]
- [1.80130043 0.58852385 0.00000000]
- [1.75637223 0.59302517 0.00000000]
- [1.71140854 0.59715798 0.00000000]
- [1.66641032 0.60089477 0.00000000]
- [1.62138184 0.60424608 0.00000000]
- [1.57632597 0.60720754 0.00000000]
- [1.52685441 0.60991634 0.00000000]
- [1.47735574 0.61207062 0.00000000]
- [1.43282108 0.61350000 0.00000000]
- [1.38827370 0.61445630 0.00000000]
- [1.34371852 0.61488813 0.00000000]
- [1.29916094 0.61476107 0.00000000]
- [1.25460993 0.61400812 0.00000000]
- [1.21007218 0.61269367 0.00000000]
- [1.16555785 0.61073446 0.00000000]
- [1.12107902 0.60809422 0.00000000]
- [1.07664442 0.60478889 0.00000000]
- [1.03227061 0.60074555 0.00000000]
- [0.98797157 0.59595760 0.00000000]
- [0.94375705 0.59044697 0.00000000]
- [0.89966139 0.58405071 0.00000000]
- [0.85570082 0.57678994 0.00000000]
- [0.81188839 0.56867595 0.00000000]
- [0.76828779 0.55949166 0.00000000]
- [0.72488205 0.54943271 0.00000000]
- [0.68171724 0.53838409 0.00000000]
- [0.63696191 0.52566322 0.00000000]
- [0.59253885 0.51182843 0.00000000]
- [0.55098974 0.49771442 0.00000000]
- [0.50987720 0.48237440 0.00000000]
- [0.46918526 0.46595673 0.00000000]
- [0.42900455 0.44832139 0.00000000]
- [0.38941455 0.42940172 0.00000000]
- [0.35042041 0.40928156 0.00000000]
- [0.31219234 0.38773703 0.00000000]
- [0.27485526 0.36468847 0.00000000]
- [0.23844698 0.34020262 0.00000000]
- [0.20322922 0.31403178 0.00000000]
- [0.16944638 0.28604509 0.00000000]
- [0.13706821 0.25642961 0.00000000]
- [0.10482566 0.22378775 0.00000000]
- [0.07511160 0.18885836 0.00000000]
- [0.04864044 0.15140178 0.00000000]
- [0.02666553 0.11117061 0.00000000]
- [0.01058651 0.06829960 0.00000000]
- [0.00187007 0.02332973 0.00000000]
- [0.00246854 -0.02243079 0.00000000]
- [0.01372226 -0.06668919 0.00000000]
- [0.03339984 -0.10811369 0.00000000]
- [0.05927157 -0.14599744 0.00000000]
- [0.08883193 -0.18106362 0.00000000]
- [0.12083486 -0.21392529 0.00000000]
- [0.15485697 -0.24470604 0.00000000]
- [0.18975582 -0.27303414 0.00000000]
- [0.22572162 -0.30000355 0.00000000]
- [0.26256380 -0.32576725 0.00000000]
- [0.30031683 -0.35017432 0.00000000]
- [0.33886643 -0.37330203 0.00000000]
- [0.37815337 -0.39515679 0.00000000]
- [0.41812063 -0.41573758 0.00000000]
- [0.45863804 -0.43521398 0.00000000]
- [0.49969681 -0.45352552 0.00000000]
- [0.54124149 -0.47070472 0.00000000]
- [0.58322199 -0.48678943 0.00000000]
- [0.62559985 -0.50179938 0.00000000]
- [0.67486334 -0.51768780 0.00000000]
- [0.71768003 -0.53030840 0.00000000]
- [0.76077632 -0.54194264 0.00000000]
- [0.80412705 -0.55258843 0.00000000]
- [0.84770419 -0.56226367 0.00000000]
- [0.89146902 -0.57105775 0.00000000]
- [0.93543624 -0.57877740 0.00000000]
- [0.97954157 -0.58565584 0.00000000]
- [1.02377348 -0.59167412 0.00000000]
- [1.06811375 -0.59683072 0.00000000]
- [1.11254306 -0.60115139 0.00000000]
- [1.15703814 -0.60474184 0.00000000]
- [1.20159921 -0.60739433 0.00000000]
- [1.24619571 -0.60934553 0.00000000]
- [1.29081905 -0.61054445 0.00000000]
- [1.33545660 -0.61095802 0.00000000]
- [1.38009474 -0.61064938 0.00000000]
- [1.42472432 -0.60969637 0.00000000]
- [1.46932861 -0.60791165 0.00000000]
- [1.51555916 -0.60535504 0.00000000]
- [1.56174549 -0.60209558 0.00000000]
- [1.60787479 -0.59810630 0.00000000]
- [1.65284180 -0.59350610 0.00000000]
- [1.69773962 -0.58827291 0.00000000]
- [1.74255110 -0.58234244 0.00000000]
- [1.78727387 -0.57577735 0.00000000]
- [1.83190820 -0.56863524 0.00000000]
- [1.87642654 -0.56080141 0.00000000]
- [1.92083953 -0.55239169 0.00000000]
- [1.96514822 -0.54345098 0.00000000]
- [2.00933029 -0.53390148 0.00000000]
- [2.05339215 -0.52381281 0.00000000]
- [2.09733344 -0.51321114 0.00000000]
- [2.14114289 -0.50207585 0.00000000]
- [2.18481350 -0.49040813 0.00000000]
- [2.22836074 -0.47828920 0.00000000]
- [2.27178180 -0.46572476 0.00000000]
- [2.31506919 -0.45270758 0.00000000]
- [2.35823468 -0.43929166 0.00000000]
- [2.40128869 -0.42552161 0.00000000]
- [2.44422746 -0.41139610 0.00000000]
- [2.48706580 -0.39696909 0.00000000]
- [2.52981060 -0.38226723 0.00000000]
- [2.57246917 -0.36731684 0.00000000]
- [2.61505050 -0.35214792 0.00000000]
- [2.65757797 -0.33682858 0.00000000]
- [2.70003941 -0.32132704 0.00000000]
- [2.74246488 -0.30572729 0.00000000]
- [2.78486618 -0.29006195 0.00000000]
- [2.82727647 -0.27442100 0.00000000]
- [2.86968094 -0.25876425 0.00000000]
- [2.91210626 -0.24316416 0.00000000]
- [2.95457342 -0.22767826 0.00000000]
- [2.99708511 -0.21231520 0.00000000]
- [3.03966194 -0.19713357 0.00000000]
- [3.08233076 -0.18221234 0.00000000]
- [3.12509159 -0.16755721 0.00000000]
- [3.16795924 -0.15321811 0.00000000]
- [3.20972297 -0.13962617 0.00000000]
- [3.25160455 -0.12640262 0.00000000]
- [3.29359724 -0.11353574 0.00000000]
- [3.33573060 -0.10113696 0.00000000]
- [3.37800559 -0.08923086 0.00000000]
- [3.42039782 -0.07775064 0.00000000]
- [3.46294531 -0.06685822 0.00000000]
- [3.50563344 -0.05653216 0.00000000]
- [3.54847067 -0.04684315 0.00000000]
- [3.59147678 -0.03793297 0.00000000]
- [3.63461701 -0.02969879 0.00000000]
- [3.67787749 -0.02212192 0.00000000]
- [3.72126108 -0.01528088 0.00000000]
- [3.76659064 -0.00886411 0.00000000]
- [3.81202159 -0.00320741 0.00000000]
- [3.85753689 0.00172705 0.00000000]
- [3.90313391 0.00583095 0.00000000]
- [3.94879116 0.00919622 0.00000000]
- [3.99450469 0.01169242 0.00000000]
- [4.04025780 0.01329175 0.00000000]
- [4.08603331 0.01399980 0.00000000]
- [4.13181445 0.01373089 0.00000000]
- [4.17757947 0.01249652 0.00000000]
- [4.22330994 0.01034978 0.00000000]
- [4.26899195 0.00732864 0.00000000]
- [4.31460401 0.00339595 0.00000000]
- [4.36013648 -0.00136645 0.00000000]
- [4.40556925 -0.00700688 0.00000000]
- [4.45089613 -0.01344458 0.00000000]
- [4.49613010 -0.02050613 0.00000000]
- [4.54132161 -0.02783767 0.00000000]
- [3.16886027 -0.10843817 0.00000000]
- [3.16976129 -0.06365824 0.00000000]
- [3.17066232 -0.01887831 0.00000000]
- [3.17156334 0.02590162 0.00000000]
- [3.17246437 0.07068155 0.00000000]
- [3.17336540 0.11546148 0.00000000]
- [3.17426642 0.16024141 0.00000000]
- [3.17516745 0.20502134 0.00000000]
- [3.17606847 0.24980127 0.00000000]
- [3.17696950 0.29458120 0.00000000]
- [0.67516133 -0.47177163 0.00000000]
- [0.67545933 -0.42585546 0.00000000]
- [0.67575732 -0.37993929 0.00000000]
- [0.67605532 -0.33402312 0.00000000]
- [0.67635332 -0.28810695 0.00000000]
- [0.67665131 -0.24219078 0.00000000]
- [0.67694931 -0.19627461 0.00000000]
- [0.67724730 -0.15035845 0.00000000]
- [0.67754530 -0.10444228 0.00000000]
- [0.67784330 -0.05852611 0.00000000]
- [0.67814129 -0.01260994 0.00000000]
- [0.67843929 0.03330623 0.00000000]
- [0.67873728 0.07922240 0.00000000]
- [0.67903528 0.12513857 0.00000000]
- [0.67933327 0.17105474 0.00000000]
- [0.67963127 0.21697090 0.00000000]
- [0.67992927 0.26288707 0.00000000]
- [0.68022726 0.30880324 0.00000000]
- [0.68052526 0.35471941 0.00000000]
- [0.68082325 0.40063558 0.00000000]
- [0.68112125 0.44655175 0.00000000]
- [0.68141925 0.49246792 0.00000000]
- [1.46962591 -0.56272712 0.00000000]
- [1.46992321 -0.51754259 0.00000000]
- [1.47022051 -0.47235807 0.00000000]
- [1.47051781 -0.42717354 0.00000000]
- [1.47081511 -0.38198901 0.00000000]
- [1.47111241 -0.33680448 0.00000000]
- [1.47140972 -0.29161995 0.00000000]
- [1.47170702 -0.24643542 0.00000000]
- [1.47200432 -0.20125089 0.00000000]
- [1.47230162 -0.15606637 0.00000000]
- [1.47259892 -0.11088184 0.00000000]
- [1.47289622 -0.06569731 0.00000000]
- [1.47319352 -0.02051278 0.00000000]
- [1.47349083 0.02467175 0.00000000]
- [1.47378813 0.06985628 0.00000000]
- [1.47408543 0.11504080 0.00000000]
- [1.47438273 0.16022533 0.00000000]
- [1.47468003 0.20540986 0.00000000]
- [1.47497733 0.25059439 0.00000000]
- [1.47527463 0.29577892 0.00000000]
- [1.47557193 0.34096345 0.00000000]
- [1.47586924 0.38614798 0.00000000]
- [1.47616654 0.43133250 0.00000000]
- [1.47646384 0.47651703 0.00000000]
- [1.47676114 0.52170156 0.00000000]
- [1.47705844 0.56688609 0.00000000]
elements:
- [1 2]
- [2 3]
- [3 4]
- [4 5]
- [5 6]
- [6 7]
- [7 8]
- [8 9]
- [9 10]
- [10 11]
- [11 12]
- [12 13]
- [13 14]
- [14 15]
- [15 16]
- [16 17]
- [17 18]
- [18 19]
- [19 20]
- [20 21]
- [21 22]
- [22 23]
- [23 24]
- [24 25]
- [25 26]
- [26 27]
- [27 28]
- [28 29]
- [29 30]
- [30 31]
- [31 32]
- [32 33]
- [33 34]
- [34 35]
- [35 36]
- [36 37]
- [37 38]
- [38 39]
- [39 40]
- [40 41]
- [41 42]
- [42 43]
- [43 44]
- [44 45]
- [45 46]
- [46 47]
- [47 48]
- [48 49]
- [49 50]
- [50 51]
- [51 52]
- [52 53]
- [53 54]
- [54 55]
- [55 56]
- [56 57]
- [57 58]
- [58 59]
- [59 60]
- [60 61]
- [61 62]
- [62 63]
- [63 64]
- [64 65]
- [65 66]
- [66 67]
- [67 68]
- [68 69]
- [69 70]
- [70 71]
- [71 72]
- [72 73]
- [73 74]
- [74 75]
- [75 76]
- [76 77]
- [77 78]
- [78 79]
- [79 80]
- [80 81]
- [81 82]
- [82 83]
- [83 84]
- [84 85]
- [85 86]
- [86 87]
- [87 88]
- [88 89]
- [89 90]
- [90 91]
- [91 92]
- [92 93]
- [93 94]
- [94 95]
- [95 96]
- [96 97]
- [97 98]
- [98 99]
- [99 100]
- [100 101]
- [101 102]
- [102 103]
- [103 104]
- [104 105]
- [105 106]
- [106 107]
- [107 108]
- [108 109]
- [109 110]
- [110 111]
- [111 112]
- [112 113]
- [113 114]
- [114 115]
- [115 116]
- [116 117]
- [117 118]
- [118 119]
- [119 120]
- [120 121]
- [121 122]
- [122 123]
- [123 124]
- [124 125]
- [125 126]
- [126 127]
- [127 128]
- [128 129]
- [129 130]
- [130 131]
- [131 132]
- [132 133]
- [133 134]
- [134 135]
- [135 136]
- [136 137]
- [137 138]
- [138 139]
- [139 140]
- [140 141]
- [141 142]
- [142 143]
- [143 144]
- [144 145]
- [145 146]
- [146 147]
- [147 148]
- [148 149]
- [149 150]
- [150 151]
- [151 152]
- [152 153]
- [153 154]
- [154 155]
- [155 156]
- [156 157]
- [157 158]
- [158 159]
- [159 160]
- [160 161]
- [161 162]
- [162 163]
- [163 164]
- [164 165]
- [165 166]
- [166 167]
- [167 168]
- [168 169]
- [169 170]
- [170 171]
- [171 172]
- [172 173]
- [173 174]
- [174 175]
- [175 176]
- [176 177]
- [177 178]
- [178 179]
- [179 180]
- [180 181]
- [181 182]
- [182 183]
- [183 184]
- [184 185]
- [185 186]
- [186 187]
- [187 188]
- [188 189]
- [189 190]
- [190 191]
- [191 192]
- [192 193]
- [193 194]
- [194 195]
- [195 196]
- [196 197]
- [197 198]
- [198 199]
- [199 200]
- [200 201]
- [201 202]
- [202 203]
- [203 204]
- [204 205]
- [205 206]
- [206 207]
- [207 208]
- [208 209]
- [209 210]
- [210 211]
- [211 212]
- [212 213]
- [213 214]
- [214 215]
- [215 216]
- [216 1]
- [185 217]
- [217 218]
- [218 219]
- [219 220]
- [220 221]
- [221 222]
- [222 223]
- [223 224]
- [224 225]
- [225 226]
- [226 32]
- [128 227]
- [227 228]
- [228 229]
- [229 230]
- [230 231]
- [231 232]
- [232 233]
- [233 234]
- [234 235]
- [235 236]
- [236 237]
- [237 238]
- [238 239]
- [239 240]
- [240 241]
- [241 242]
- [242 243]
- [243 244]
- [244 245]
- [245 246]
- [246 247]
- [247 248]
- [248 88]
- [146 249]
- [249 250]
- [250 251]
- [251 252]
- [252 253]
- [253 254]
- [254 255]
- [255 256]
- [256 257]
- [257 258]
- [258 259]
- [259 260]
- [260 261]
- [261 262]
- [262 263]
- [263 264]
- [264 265]
- [265 266]
- [266 267]
- [267 268]
- [268 269]
- [269 270]
- [270 271]
- [271 272]
- [272 273]
- [273 274]
- [274 70]
sets:
  element:
  - name: layup_0
    labels:
    - 1
    - 2
    - 3
    - 4
    - 5
    - 6
    - 7
    - 8
    - 9
    - 10
    - 11
    - 12
    - 13
    - 14
    - 15
    - 16
    - 17
    - 18
    - 198
    - 199
    - 200
    - 201
    - 202
    - 203
    - 204
    - 205
    - 206
    - 207
    - 208
    - 209
    - 210
    - 211
    - 212
    - 213
    - 214
    - 215
    - 216
  - name: layup_1
    labels:
    - 19
    - 20
    - 21
    - 22
    - 23
    - 24
    - 25
    - 26
    - 27
    - 28
    - 29
    - 30
    - 31
    - 32
    - 33
    - 34
    - 35
    - 36
    - 37
    - 38
    - 39
    - 40
    - 41
    - 42
    - 43
    - 44
    - 45
    - 46
    - 47
    - 48
    - 49
    - 50
    - 51
    - 52
    - 53
    - 54
    - 55
    - 56
    - 57
    - 58
    - 59
    - 60
    - 61
    - 62
    - 63
    - 64
    - 65
    - 66
    - 67
    - 90
    - 91
    - 92
    - 93
    - 94
    - 95
    - 96
    - 97
    - 98
    - 99
    - 100
    - 101
    - 115
    - 116
    - 117
    - 118
    - 119
    - 120
    - 121
    - 122
    - 123
    - 124
    - 125
    - 126
    - 149
    - 150
    - 151
    - 152
    - 153
    - 154
    - 155
    - 156
    - 157
    - 158
    - 159
    - 160
    - 161
    - 162
    - 163
    - 164
    - 165
    - 166
    - 167
    - 168
    - 169
    - 170
    - 171
    - 172
    - 173
    - 174
    - 175
    - 176
    - 177
    - 178
    - 179
    - 180
    - 181
    - 182
    - 183
    - 184
    - 185
    - 186
    - 187
    - 188
    - 189
    - 190
    - 191
    - 192
    - 193
    - 194
    - 195
    - 196
    - 197
  - name: layup_2
    labels:
    - 68
    - 69
    - 70
    - 71
    - 72
    - 73
    - 74
    - 75
    - 76
    - 77
    - 78
    - 79
    - 80
    - 81
    - 82
    - 83
    - 84
    - 85
    - 86
    - 87
    - 88
    - 89
  - name: layup_3
    labels:
    - 102
    - 103
    - 104
    - 105
    - 106
    - 107
    - 108
    - 109
    - 110
    - 111
    - 112
    - 113
    - 114
  - name: layup_4
    labels:
    - 127
    - 128
    - 129
    - 130
    - 131
    - 132
    - 133
    - 134
    - 135
    - 136
    - 137
    - 138
    - 139
    - 140
    - 141
    - 142
    - 143
    - 144
    - 145
    - 146
    - 147
    - 148
  - name: layup_5
    labels:
    - 217
    - 218
    - 219
    - 220
    - 221
    - 222
    - 223
    - 224
    - 225
    - 226
    - 227
  - name: layup_6
    labels:
    - 228
    - 229
    - 230
    - 231
    - 232
    - 233
    - 234
    - 235
    - 236
    - 237
    - 238
    - 239
    - 240
    - 241
    - 242
    - 243
    - 244
    - 245
    - 246
    - 247
    - 248
    - 249
    - 250
    - 251
    - 252
    - 253
    - 254
    - 255
    - 256
    - 257
    - 258
    - 259
    - 260
    - 261
    - 262
    - 263
    - 264
    - 265
    - 266
    - 267
    - 268
    - 269
    - 270
    - 271
    - 272
    - 273
    - 274
    - 275
    - 276
    - 277
sections:
- type: shell
  elementSet: layup_0
  layup:
  - - gelcoat
    - 0.0005
    - 0.0
  - - glass_triax
    - 0.003
    - 0.0
  - - glass_uniax
    - 0.01267172
    - 0.0
  - - glass_triax
    - 0.003
    - 0.0
- type: shell
  elementSet: layup_1
  layup:
  - - gelcoat
    - 0.0005
    - 0.0
  - - glass_triax
    - 0.003
    - 0.0
  - - medium_density_foam
    - 0.03935
    - 0.0
  - - glass_triax
    - 0.003
    - 0.0
- type: shell
  elementSet: layup_2
  layup:
  - - gelcoat
    - 0.0005
    - 0.0
  - - glass_triax
    - 0.003
    - 0.0
  - - carbon_uniax
    - 0.06353593
    - 0.0
  - - glass_triax
    - 0.003
    - 0.0
- type: shell
  elementSet: layup_3
  layup:
  - - gelcoat
    - 0.0005
    - 0.0
  - - glass_triax
    - 0.003
    - 0.0
  - - glass_uniax
    - 0.00983775
    - 0.0
  - - glass_triax
    - 0.003
    - 0.0
- type: shell
  elementSet: layup_4
  layup:
  - - gelcoat
    - 0.0005
    - 0.0
  - - glass_triax
    - 0.003
    - 0.0
  - - carbon_uniax
    - 0.06289096
    - 0.0
  - - glass_triax
    - 0.003
    - 0.0
- type: shell
  elementSet: layup_5
  layup:
  - - glass_biax
    - 0.002
    - 0.0
  - - medium_density_foam
    - 0.03
    - 0.0
  - - glass_biax
    - 0.002
    - 0.0
- type: shell
  elementSet: layup_6
  layup:
  - - glass_biax
    - 0.002
    - 0.0
  - - medium_density_foam
    - 0.028656
    - 0.0
  - - glass_biax
    - 0.002
    - 0.0
elementOrientations:
- [0.0, 0.0, 1.0, -0.976708624389406, 0.2145699490687233, 0.0, -0.2145699490687233,
  -0.976708624389406, 0.0]
- [0.0, 0.0, 1.0, -0.9767769816644515, 0.2142585542994349, 0.0, -0.2142585542994349,
  -0.9767769816644515, 0.0]
- [0.0, 0.0, 1.0, -0.9769378279400031, 0.21352395729722945, 0.0, -0.21352395729722945,
  -0.9769378279400031, 0.0]
- [0.0, 0.0, 1.0, -0.9769308686869059, 0.21355579553514165, 0.0, -0.21355579553514165,
  -0.9769308686869059, 0.0]
- [0.0, 0.0, 1.0, -0.9771092232172748, 0.21273825679396305, 0.0, -0.21273825679396305,
  -0.9771092232172748, 0.0]
- [0.0, 0.0, 1.0, -0.9770638756040176, 0.21294643220692028, 0.0, -0.21294643220692028,
  -0.9770638756040176, 0.0]
- [0.0, 0.0, 1.0, -0.9767635357900991, 0.21431984311030053, 0.0, -0.21431984311030053,
  -0.9767635357900991, 0.0]
- [0.0, 0.0, 1.0, -0.9764268311937624, 0.21584865838107017, 0.0, -0.21584865838107017,
  -0.9764268311937624, 0.0]
- [0.0, 0.0, 1.0, -0.9758913152265438, 0.2182570522695812, 0.0, -0.2182570522695812,
  -0.9758913152265438, 0.0]
- [0.0, 0.0, 1.0, -0.9756945822747882, 0.2191348491674166, 0.0, -0.2191348491674166,
  -0.9756945822747882, 0.0]
- [0.0, 0.0, 1.0, -0.9753954722033785, 0.22046240678435028, 0.0, -0.22046240678435028,
  -0.9753954722033785, 0.0]
- [0.0, 0.0, 1.0, -0.9751672972996123, 0.22146950642779104, 0.0, -0.22146950642779104,
  -0.9751672972996123, 0.0]
- [0.0, 0.0, 1.0, -0.9749514839805647, 0.22241763393241676, 0.0, -0.22241763393241676,
  -0.9749514839805647, 0.0]
- [0.0, 0.0, 1.0, -0.9746298448258345, 0.2238228441754101, 0.0, -0.2238228441754101,
  -0.9746298448258345, 0.0]
- [0.0, 0.0, 1.0, -0.9744832652437463, 0.22446016519615758, 0.0, -0.22446016519615758,
  -0.9744832652437463, 0.0]
- [0.0, 0.0, 1.0, -0.9742489578511984, 0.22547498337033742, 0.0, -0.22547498337033742,
  -0.9742489578511984, 0.0]
- [0.0, 0.0, 1.0, -0.9742486654472018, 0.22547624680738867, 0.0, -0.22547624680738867,
  -0.9742486654472018, 0.0]
- [0.0, 0.0, 1.0, -0.9742075435731765, 0.22565385448761457, 0.0, -0.22565385448761457,
  -0.9742075435731765, 0.0]
- [0.0, 0.0, 1.0, -0.973961031826817, 0.22671547914256315, 0.0, -0.22671547914256315,
  -0.973961031826817, 0.0]
- [0.0, 0.0, 1.0, -0.9739214478416873, 0.2268854632495253, 0.0, -0.2268854632495253,
  -0.9739214478416873, 0.0]
- [0.0, 0.0, 1.0, -0.9739030574542575, 0.2269643907780453, 0.0, -0.2269643907780453,
  -0.9739030574542575, 0.0]
- [0.0, 0.0, 1.0, -0.9739756526687688, 0.22665265938974968, 0.0, -0.22665265938974968,
  -0.9739756526687688, 0.0]
- [0.0, 0.0, 1.0, -0.9739699697268251, 0.2266770788375554, 0.0, -0.2266770788375554,
  -0.9739699697268251, 0.0]
- [0.0, 0.0, 1.0, -0.9740573337441493, 0.22630137113866322, 0.0, -0.22630137113866322,
  -0.9740573337441493, 0.0]
- [0.0, 0.0, 1.0, -0.9739610413542478, 0.2267154382130803, 0.0, -0.2267154382130803,
  -0.9739610413542478, 0.0]
- [0.0, 0.0, 1.0, -0.9742317940523337, 0.22554913313416028, 0.0, -0.22554913313416028,
  -0.9742317940523337, 0.0]
- [0.0, 0.0, 1.0, -0.9742223341464192, 0.22558999013764483, 0.0, -0.22558999013764483,
  -0.9742223341464192, 0.0]
- [0.0, 0.0, 1.0, -0.9744911456977693, 0.22442594982900052, 0.0, -0.22442594982900052,
  -0.9744911456977693, 0.0]
- [0.0, 0.0, 1.0, -0.9745949600065261, 0.22397469484269394, 0.0, -0.22397469484269394,
  -0.9745949600065261, 0.0]
- [0.0, 0.0, 1.0, -0.9748655735615952, 0.222793881164681, 0.0, -0.222793881164681,
  -0.9748655735615952, 0.0]
- [0.0, 0.0, 1.0, -0.9751058243449685, 0.22174000840741273, 0.0, -0.22174000840741273,
  -0.9751058243449685, 0.0]
- [0.0, 0.0, 1.0, -0.9753100992268476, 0.22083978433723514, 0.0, -0.22083978433723514,
  -0.9753100992268476, 0.0]
- [0.0, 0.0, 1.0, -0.9757868070440848, 0.21872381488697104, 0.0, -0.21872381488697104,
  -0.9757868070440848, 0.0]
- [0.0, 0.0, 1.0, -0.9760890980338807, 0.21737081841729702, 0.0, -0.21737081841729702,
  -0.9760890980338807, 0.0]
- [0.0, 0.0, 1.0, -0.9762156499839478, 0.21680176366076548, 0.0, -0.21680176366076548,
  -0.9762156499839478, 0.0]
- [0.0, 0.0, 1.0, -0.976940989991561, 0.2135094894244954, 0.0, -0.2135094894244954,
  -0.976940989991561, 0.0]
- [0.0, 0.0, 1.0, -0.9771678652674789, 0.21246873437896271, 0.0, -0.21246873437896271,
  -0.9771678652674789, 0.0]
- [0.0, 0.0, 1.0, -0.9776052748868558, 0.21044696841103455, 0.0, -0.21044696841103455,
  -0.9776052748868558, 0.0]
- [0.0, 0.0, 1.0, -0.978101772382629, 0.20812717953683932, 0.0, -0.20812717953683932,
  -0.978101772382629, 0.0]
- [0.0, 0.0, 1.0, -0.9785319460370703, 0.20609519786958672, 0.0, -0.20609519786958672,
  -0.9785319460370703, 0.0]
- [0.0, 0.0, 1.0, -0.9791938540688339, 0.20292707102262922, 0.0, -0.20292707102262922,
  -0.9791938540688339, 0.0]
- [0.0, 0.0, 1.0, -0.9794890375493444, 0.20149745735531982, 0.0, -0.20149745735531982,
  -0.9794890375493444, 0.0]
- [0.0, 0.0, 1.0, -0.9802551947337635, 0.19773657526484917, 0.0, -0.19773657526484917,
  -0.9802551947337635, 0.0]
- [0.0, 0.0, 1.0, -0.980832103113069, 0.19485478054898764, 0.0, -0.19485478054898764,
  -0.980832103113069, 0.0]
- [0.0, 0.0, 1.0, -0.9814279595797666, 0.19183107192291857, 0.0, -0.19183107192291857,
  -0.9814279595797666, 0.0]
- [0.0, 0.0, 1.0, -0.9819407554716578, 0.18918866970236356, 0.0, -0.18918866970236356,
  -0.9819407554716578, 0.0]
- [0.0, 0.0, 1.0, -0.9826010222729462, 0.18572891812574857, 0.0, -0.18572891812574857,
  -0.9826010222729462, 0.0]
- [0.0, 0.0, 1.0, -0.9833104788821202, 0.18193543393362263, 0.0, -0.18193543393362263,
  -0.9833104788821202, 0.0]
- [0.0, 0.0, 1.0, -0.9839565730118004, 0.17840813441901482, 0.0, -0.17840813441901482,
  -0.9839565730118004, 0.0]
- [0.0, 0.0, 1.0, -0.9847725204186721, 0.17384787323477915, 0.0, -0.17384787323477915,
  -0.9847725204186721, 0.0]
- [0.0, 0.0, 1.0, -0.9853718782318907, 0.1704179027853476, 0.0, -0.1704179027853476,
  -0.9853718782318907, 0.0]
- [0.0, 0.0, 1.0, -0.9860505063434175, 0.16644638458041064, 0.0, -0.16644638458041064,
  -0.9860505063434175, 0.0]
- [0.0, 0.0, 1.0, -0.9869177891078931, 0.16122430816222472, 0.0, -0.16122430816222472,
  -0.9869177891078931, 0.0]
- [0.0, 0.0, 1.0, -0.9876204936686555, 0.15686223409629582, 0.0, -0.15686223409629582,
  -0.9876204936686555, 0.0]
- [0.0, 0.0, 1.0, -0.988445939238568, 0.15157382756526655, 0.0, -0.15157382756526655,
  -0.988445939238568, 0.0]
- [0.0, 0.0, 1.0, -0.98935359327158, 0.1455316717440335, 0.0, -0.1455316717440335,
  -0.98935359327158, 0.0]
- [0.0, 0.0, 1.0, -0.9902309038257849, 0.1394372873673641, 0.0, -0.1394372873673641,
  -0.9902309038257849, 0.0]
- [0.0, 0.0, 1.0, -0.9909220231615723, 0.13443788161592068, 0.0, -0.13443788161592068,
  -0.9909220231615723, 0.0]
- [0.0, 0.0, 1.0, -0.9918292935575391, 0.127572146023937, 0.0, -0.127572146023937,
  -0.9918292935575391, 0.0]
- [0.0, 0.0, 1.0, -0.9926251156291407, 0.12122450174051033, 0.0, -0.12122450174051033,
  -0.9926251156291407, 0.0]
- [0.0, 0.0, 1.0, -0.9934298872461594, 0.11444238343412452, 0.0, -0.11444238343412452,
  -0.9934298872461594, 0.0]
- [0.0, 0.0, 1.0, -0.9942970731274566, 0.1066458174059029, 0.0, -0.1066458174059029,
  -0.9942970731274566, 0.0]
- [0.0, 0.0, 1.0, -0.9950185253997259, 0.09969019064760082, 0.0, -0.09969019064760082,
  -0.9950185253997259, 0.0]
- [0.0, 0.0, 1.0, -0.9958024644059972, 0.09152842117584548, 0.0, -0.09152842117584548,
  -0.9958024644059972, 0.0]
- [0.0, 0.0, 1.0, -0.9965696422100777, 0.08275837253884132, 0.0, -0.08275837253884132,
  -0.9965696422100777, 0.0]
- [0.0, 0.0, 1.0, -0.9972418083433531, 0.07422112699278421, 0.0, -0.07422112699278421,
  -0.9972418083433531, 0.0]
- [0.0, 0.0, 1.0, -0.997846851984292, 0.06558704128894974, 0.0, -0.06558704128894974,
  -0.997846851984292, 0.0]
- [0.0, 0.0, 1.0, -0.9985043216729258, 0.05467284152566387, 0.0, -0.05467284152566387,
  -0.9985043216729258, 0.0]
- [0.0, 0.0, 1.0, -0.999054265104664, 0.043480747189759396, 0.0, -0.043480747189759396,
  -0.999054265104664, 0.0]
- [0.0, 0.0, 1.0, -0.9994853214912474, 0.03207946576141829, 0.0, -0.03207946576141829,
  -0.9994853214912474, 0.0]
- [0.0, 0.0, 1.0, -0.9997696613843219, 0.021462156822607922, 0.0, -0.021462156822607922,
  -0.9997696613843219, 0.0]
- [0.0, 0.0, 1.0, -0.9999530359649597, 0.00969153571216654, 0.0, -0.00969153571216654,
  -0.9999530359649597, 0.0]
- [0.0, 0.0, 1.0, -0.9999959339050053, -0.002851696592606934, 0.0, 0.002851696592606934,
  -0.9999959339050053, 0.0]
- [0.0, 0.0, 1.0, -0.9998572114947677, -0.01689842069269494, 0.0, 0.01689842069269494,
  -0.9998572114947677, 0.0]
- [0.0, 0.0, 1.0, -0.9995647703581073, -0.02950033659035505, 0.0, 0.02950033659035505,
  -0.9995647703581073, 0.0]
- [0.0, 0.0, 1.0, -0.9990328334402224, -0.04397041856067371, 0.0, 0.04397041856067371,
  -0.9990328334402224, 0.0]
- [0.0, 0.0, 1.0, -0.9982428670397261, -0.059255197276760097, 0.0, 0.059255197276760097,
  -0.9982428670397261, 0.0]
- [0.0, 0.0, 1.0, -0.9972447673664888, -0.0741813585758409, 0.0, 0.0741813585758409,
  -0.9972447673664888, 0.0]
- [0.0, 0.0, 1.0, -0.995874236158376, -0.0907441775320644, 0.0, 0.0907441775320644,
  -0.995874236158376, 0.0]
- [0.0, 0.0, 1.0, -0.994209782206354, -0.10745654454333663, 0.0, 0.10745654454333663,
  -0.994209782206354, 0.0]
- [0.0, 0.0, 1.0, -0.9923225112945148, -0.12367713441921172, 0.0, 0.12367713441921172,
  -0.9923225112945148, 0.0]
- [0.0, 0.0, 1.0, -0.9896428032722174, -0.14355180922408173, 0.0, 0.14355180922408173,
  -0.9896428032722174, 0.0]
- [0.0, 0.0, 1.0, -0.9866330462620713, -0.16295776147095678, 0.0, 0.16295776147095678,
  -0.9866330462620713, 0.0]
- [0.0, 0.0, 1.0, -0.9832796917330694, -0.182101751296686, 0.0, 0.182101751296686,
  -0.9832796917330694, 0.0]
- [0.0, 0.0, 1.0, -0.9785261697226901, -0.20612262167904113, 0.0, 0.20612262167904113,
  -0.9785261697226901, 0.0]
- [0.0, 0.0, 1.0, -0.9741830586996393, -0.22575953610559885, 0.0, 0.22575953610559885,
  -0.9741830586996393, 0.0]
- [0.0, 0.0, 1.0, -0.9687678835487074, -0.24796932835445198, 0.0, 0.24796932835445198,
  -0.9687678835487074, 0.0]
- [0.0, 0.0, 1.0, -0.9618998507107454, -0.2734020431574087, 0.0, 0.2734020431574087,
  -0.9618998507107454, 0.0]
- [0.0, 0.0, 1.0, -0.9547696702071534, -0.29734639202876373, 0.0, 0.29734639202876373,
  -0.9547696702071534, 0.0]
- [0.0, 0.0, 1.0, -0.9468608596019399, -0.3216434556366342, 0.0, 0.3216434556366342,
  -0.9468608596019399, 0.0]
- [0.0, 0.0, 1.0, -0.9369060925833104, -0.34958114033836735, 0.0, 0.34958114033836735,
  -0.9369060925833104, 0.0]
- [0.0, 0.0, 1.0, -0.927365403070598, -0.3741569312303427, 0.0, 0.3741569312303427,
  -0.927365403070598, 0.0]
- [0.0, 0.0, 1.0, -0.9156856677905286, -0.40189520748948176, 0.0, 0.40189520748948176,
  -0.9156856677905286, 0.0]
- [0.0, 0.0, 1.0, -0.9022644280278629, -0.43118314196586316, 0.0, 0.43118314196586316,
  -0.9022644280278629, 0.0]
- [0.0, 0.0, 1.0, -0.8886749285805847, -0.4585377534209071, 0.0, 0.4585377534209071,
  -0.8886749285805847, 0.0]
- [0.0, 0.0, 1.0, -0.8711736663444676, -0.49097499230402575, 0.0, 0.49097499230402575,
  -0.8711736663444676, 0.0]
- [0.0, 0.0, 1.0, -0.8509262065365911, -0.5252852472983099, 0.0, 0.5252852472983099,
  -0.8509262065365911, 0.0]
- [0.0, 0.0, 1.0, -0.8297958838714424, -0.5580670130996919, 0.0, 0.5580670130996919,
  -0.8297958838714424, 0.0]
- [0.0, 0.0, 1.0, -0.8026448758177446, -0.5964572099685925, 0.0, 0.5964572099685925,
  -0.8026448758177446, 0.0]
- [0.0, 0.0, 1.0, -0.7700753564704444, -0.6379529334966004, 0.0, 0.6379529334966004,
  -0.7700753564704444, 0.0]
- [0.0, 0.0, 1.0, -0.7378859354872289, -0.6749254375189434, 0.0, 0.6749254375189434,
  -0.7378859354872289, 0.0]
- [0.0, 0.0, 1.0, -0.7027419111001723, -0.7114448723430912, 0.0, 0.7114448723430912,
  -0.7027419111001723, 0.0]
- [0.0, 0.0, 1.0, -0.6479530402311451, -0.7616802857204696, 0.0, 0.7616802857204696,
  -0.6479530402311451, 0.0]
- [0.0, 0.0, 1.0, -0.5771375811306133, -0.8166469325520698, 0.0, 0.8166469325520698,
  -0.5771375811306133, 0.0]
- [0.0, 0.0, 1.0, -0.4793669187557764, -0.8776145835174989, 0.0, 0.8776145835174989,
  -0.4793669187557764, 0.0]
- [0.0, 0.0, 1.0, -0.3511693995004973, -0.9363119420654956, 0.0, 0.9363119420654956,
  -0.3511693995004973, 0.0]
- [0.0, 0.0, 1.0, -0.19028689754979236, -0.9817285249094451, 0.0, 0.9817285249094451,
  -0.19028689754979236, 0.0]
- [0.0, 0.0, 1.0, 0.013077299313047339, -0.9999144884652272, 0.0, 0.9999144884652272,
  0.013077299313047339, 0.0]
- [0.0, 0.0, 1.0, 0.24643135347043377, -0.969160248889073, 0.0, 0.969160248889073,
  0.24643135347043377, 0.0]
- [0.0, 0.0, 1.0, 0.4290736072374763, -0.9032695276451099, 0.0, 0.9032695276451099,
  0.4290736072374763, 0.0]
- [0.0, 0.0, 1.0, 0.5639601173077281, -0.825802025964004, 0.0, 0.825802025964004,
  0.5639601173077281, 0.0]
- [0.0, 0.0, 1.0, 0.6445303832665555, -0.7645786977455408, 0.0, 0.7645786977455408,
  0.6445303832665555, 0.0]
- [0.0, 0.0, 1.0, 0.6976843201196025, -0.7164053248400992, 0.0, 0.7164053248400992,
  0.6976843201196025, 0.0]
- [0.0, 0.0, 1.0, 0.7415483122127879, -0.6708994713475079, 0.0, 0.6708994713475079,
  0.7415483122127879, 0.0]
- [0.0, 0.0, 1.0, 0.776410279438354, -0.6302277984843712, 0.0, 0.6302277984843712,
  0.776410279438354, 0.0]
- [0.0, 0.0, 1.0, 0.8000527739258314, -0.5999296283178408, 0.0, 0.5999296283178408,
  0.8000527739258314, 0.0]
- [0.0, 0.0, 1.0, 0.8195016896076519, -0.5730767668735175, 0.0, 0.5730767668735175,
  0.8195016896076519, 0.0]
- [0.0, 0.0, 1.0, 0.8397867558031559, -0.5429163883855511, 0.0, 0.5429163883855511,
  0.8397867558031559, 0.0]
- [0.0, 0.0, 1.0, 0.8575131617645004, -0.5144620271707618, 0.0, 0.5144620271707618,
  0.8575131617645004, 0.0]
- [0.0, 0.0, 1.0, 0.8738862489546606, -0.4861304597409556, 0.0, 0.4861304597409556,
  0.8738862489546606, 0.0]
- [0.0, 0.0, 1.0, 0.889050632268562, -0.457808882900791, 0.0, 0.457808882900791, 0.889050632268562,
  0.0]
- [0.0, 0.0, 1.0, 0.901279512425199, -0.43323808752531856, 0.0, 0.43323808752531856,
  0.901279512425199, 0.0]
- [0.0, 0.0, 1.0, 0.9132891572665546, -0.40731181571290886, 0.0, 0.40731181571290886,
  0.9132891572665546, 0.0]
- [0.0, 0.0, 1.0, 0.9241087802701843, -0.3821295097575586, 0.0, 0.3821295097575586,
  0.9241087802701843, 0.0]
- [0.0, 0.0, 1.0, 0.9338041516735931, -0.35778458088235326, 0.0, 0.35778458088235326,
  0.9338041516735931, 0.0]
- [0.0, 0.0, 1.0, 0.9426194084610136, -0.33386921210649034, 0.0, 0.33386921210649034,
  0.9426194084610136, 0.0]
- [0.0, 0.0, 1.0, 0.9517257020632558, -0.3069498135399383, 0.0, 0.3069498135399383,
  0.9517257020632558, 0.0]
- [0.0, 0.0, 1.0, 0.9591988191567867, -0.2827324270900425, 0.0, 0.2827324270900425,
  0.9591988191567867, 0.0]
- [0.0, 0.0, 1.0, 0.9654389812661468, -0.2606291876436415, 0.0, 0.2606291876436415,
  0.9654389812661468, 0.0]
- [0.0, 0.0, 1.0, 0.9711455645302804, -0.2384875101408097, 0.0, 0.2384875101408097,
  0.9711455645302804, 0.0]
- [0.0, 0.0, 1.0, 0.9762276990993326, -0.2167475017415957, 0.0, 0.2167475017415957,
  0.9762276990993326, 0.0]
- [0.0, 0.0, 1.0, 0.9804031451324294, -0.19700170815107265, 0.0, 0.19700170815107265,
  0.9804031451324294, 0.0]
- [0.0, 0.0, 1.0, 0.9849337393412643, -0.17293215174522789, 0.0, 0.17293215174522789,
  0.9849337393412643, 0.0]
- [0.0, 0.0, 1.0, 0.9880564724446829, -0.1540922037618054, 0.0, 0.1540922037618054,
  0.9880564724446829, 0.0]
- [0.0, 0.0, 1.0, 0.9908701523119824, -0.13481966198306858, 0.0, 0.13481966198306858,
  0.9908701523119824, 0.0]
- [0.0, 0.0, 1.0, 0.993305445617998, -0.11551749523613491, 0.0, 0.11551749523613491,
  0.993305445617998, 0.0]
- [0.0, 0.0, 1.0, 0.9953046599563953, -0.09679170351370099, 0.0, 0.09679170351370099,
  0.9953046599563953, 0.0]
- [0.0, 0.0, 1.0, 0.9967601230187496, -0.08043169250766127, 0.0, 0.08043169250766127,
  0.9967601230187496, 0.0]
- [0.0, 0.0, 1.0, 0.9982330869243642, -0.05941972878981046, 0.0, 0.05941972878981046,
  0.9982330869243642, 0.0]
- [0.0, 0.0, 1.0, 0.9990442395294864, -0.04371049602727192, 0.0, 0.04371049602727192,
  0.9990442395294864, 0.0]
- [0.0, 0.0, 1.0, 0.9996392654157258, -0.026857755660296315, 0.0, 0.026857755660296315,
  0.9996392654157258, 0.0]
- [0.0, 0.0, 1.0, 0.999957082135597, -0.00926465794635397, 0.0, 0.00926465794635397,
  0.999957082135597, 0.0]
- [0.0, 0.0, 1.0, 0.9999760974083637, 0.006914087932545499, 0.0, -0.006914087932545499,
  0.9999760974083637, 0.0]
- [0.0, 0.0, 1.0, 0.9997720867084344, 0.021348879096164747, 0.0, -0.021348879096164747,
  0.9997720867084344, 0.0]
- [0.0, 0.0, 1.0, 0.999200469976402, 0.039980255113463335, 0.0, -0.039980255113463335,
  0.999200469976402, 0.0]
- [0.0, 0.0, 1.0, 0.9984743805025212, 0.05521694921041988, 0.0, -0.05521694921041988,
  0.9984743805025212, 0.0]
- [0.0, 0.0, 1.0, 0.9975190550259857, 0.07039698047547595, 0.0, -0.07039698047547595,
  0.9975190550259857, 0.0]
- [0.0, 0.0, 1.0, 0.9962814148280849, 0.08615882118593275, 0.0, -0.08615882118593275,
  0.9962814148280849, 0.0]
- [0.0, 0.0, 1.0, 0.9948079042825552, 0.10177049462860205, 0.0, -0.10177049462860205,
  0.9948079042825552, 0.0]
- [0.0, 0.0, 1.0, 0.9932755964079223, 0.11577387261591604, 0.0, -0.11577387261591604,
  0.9932755964079223, 0.0]
- [0.0, 0.0, 1.0, 0.9913560842605164, 0.1311987583769611, 0.0, -0.1311987583769611,
  0.9913560842605164, 0.0]
- [0.0, 0.0, 1.0, 0.9893966425675215, 0.14523871273223396, 0.0, -0.14523871273223396,
  0.9893966425675215, 0.0]
- [0.0, 0.0, 1.0, 0.9874385022921868, 0.1580038106849425, 0.0, -0.1580038106849425,
  0.9874385022921868, 0.0]
- [0.0, 0.0, 1.0, 0.9848680479064004, 0.17330588049179535, 0.0, -0.17330588049179535,
  0.9848680479064004, 0.0]
- [0.0, 0.0, 1.0, 0.9825408887950123, 0.18604677327464544, 0.0, -0.18604677327464544,
  0.9825408887950123, 0.0]
- [0.0, 0.0, 1.0, 0.9802432562140434, 0.19779574982008327, 0.0, -0.19779574982008327,
  0.9802432562140434, 0.0]
- [0.0, 0.0, 1.0, 0.9774296196163808, 0.21126130430482784, 0.0, -0.21126130430482784,
  0.9774296196163808, 0.0]
- [0.0, 0.0, 1.0, 0.9747748877651459, 0.22319031829908523, 0.0, -0.22319031829908523,
  0.9747748877651459, 0.0]
- [0.0, 0.0, 1.0, 0.9721066810636004, 0.23453912388237386, 0.0, -0.23453912388237386,
  0.9721066810636004, 0.0]
- [0.0, 0.0, 1.0, 0.9691828193872406, 0.24634257164485232, 0.0, -0.24634257164485232,
  0.9691828193872406, 0.0]
- [0.0, 0.0, 1.0, 0.9661124108037222, 0.2581216955062474, 0.0, -0.2581216955062474,
  0.9661124108037222, 0.0]
- [0.0, 0.0, 1.0, 0.963389603103663, 0.26810533868568676, 0.0, -0.26810533868568676,
  0.963389603103663, 0.0]
- [0.0, 0.0, 1.0, 0.960592692892457, 0.27795985026909525, 0.0, -0.27795985026909525,
  0.960592692892457, 0.0]
- [0.0, 0.0, 1.0, 0.9576375281353607, 0.28797632664300066, 0.0, -0.28797632664300066,
  0.9576375281353607, 0.0]
- [0.0, 0.0, 1.0, 0.9549404732929523, 0.2967973929586178, 0.0, -0.2967973929586178,
  0.9549404732929523, 0.0]
- [0.0, 0.0, 1.0, 0.9524705719783837, 0.3046306115858523, 0.0, -0.3046306115858523,
  0.9524705719783837, 0.0]
- [0.0, 0.0, 1.0, 0.9499197868748355, 0.3124938375451063, 0.0, -0.3124938375451063,
  0.9499197868748355, 0.0]
- [0.0, 0.0, 1.0, 0.9476993985489113, 0.3191642993663794, 0.0, -0.3191642993663794,
  0.9476993985489113, 0.0]
- [0.0, 0.0, 1.0, 0.9456299373328086, 0.32524455663384805, 0.0, -0.32524455663384805,
  0.9456299373328086, 0.0]
- [0.0, 0.0, 1.0, 0.9437210259003151, 0.33074253623272715, 0.0, -0.33074253623272715,
  0.9437210259003151, 0.0]
- [0.0, 0.0, 1.0, 0.9420127806719866, 0.33557699720128564, 0.0, -0.33557699720128564,
  0.9420127806719866, 0.0]
- [0.0, 0.0, 1.0, 0.9408207373510832, 0.3389046181009694, 0.0, -0.3389046181009694,
  0.9408207373510832, 0.0]
- [0.0, 0.0, 1.0, 0.9393591494305031, 0.34293496231968174, 0.0, -0.34293496231968174,
  0.9393591494305031, 0.0]
- [0.0, 0.0, 1.0, 0.9385632143987488, 0.3451073638412956, 0.0, -0.3451073638412956,
  0.9385632143987488, 0.0]
- [0.0, 0.0, 1.0, 0.9380283257446994, 0.34655859547931617, 0.0, -0.34655859547931617,
  0.9380283257446994, 0.0]
- [0.0, 0.0, 1.0, 0.938227463940429, 0.34601911205583885, 0.0, -0.34601911205583885,
  0.938227463940429, 0.0]
- [0.0, 0.0, 1.0, 0.9380985243632389, 0.3463685300189868, 0.0, -0.3463685300189868,
  0.9380985243632389, 0.0]
- [0.0, 0.0, 1.0, 0.9385602833919114, 0.3451153349813579, 0.0, -0.3451153349813579,
  0.9385602833919114, 0.0]
- [0.0, 0.0, 1.0, 0.9394854099046985, 0.34258891484722687, 0.0, -0.34258891484722687,
  0.9394854099046985, 0.0]
- [0.0, 0.0, 1.0, 0.9404718056406379, 0.33987171520301324, 0.0, -0.33987171520301324,
  0.9404718056406379, 0.0]
- [0.0, 0.0, 1.0, 0.9419126202044366, 0.3358580293808874, 0.0, -0.3358580293808874,
  0.9419126202044366, 0.0]
- [0.0, 0.0, 1.0, 0.9439470210341493, 0.3300969879910375, 0.0, -0.3300969879910375,
  0.9439470210341493, 0.0]
- [0.0, 0.0, 1.0, 0.9459847908238928, 0.324211004640305, 0.0, -0.324211004640305,
  0.9459847908238928, 0.0]
- [0.0, 0.0, 1.0, 0.9483516899597733, 0.3172208570545797, 0.0, -0.3172208570545797,
  0.9483516899597733, 0.0]
- [0.0, 0.0, 1.0, 0.9509086550325321, 0.3094716946414013, 0.0, -0.3094716946414013,
  0.9509086550325321, 0.0]
- [0.0, 0.0, 1.0, 0.95359715090279, 0.30108549249354716, 0.0, -0.30108549249354716,
  0.95359715090279, 0.0]
- [0.0, 0.0, 1.0, 0.9561235976094159, 0.29296359175574666, 0.0, -0.29296359175574666,
  0.9561235976094159, 0.0]
- [0.0, 0.0, 1.0, 0.9593247575016545, 0.28230481689902476, 0.0, -0.28230481689902476,
  0.9593247575016545, 0.0]
- [0.0, 0.0, 1.0, 0.9625543767109119, 0.27108867898654077, 0.0, -0.27108867898654077,
  0.9625543767109119, 0.0]
- [0.0, 0.0, 1.0, 0.9652321265350151, 0.26139422699189946, 0.0, -0.26139422699189946,
  0.9652321265350151, 0.0]
- [0.0, 0.0, 1.0, 0.9687580117383386, 0.24800789240018303, 0.0, -0.24800789240018303,
  0.9687580117383386, 0.0]
- [0.0, 0.0, 1.0, 0.9719676551398312, 0.23511460473985507, 0.0, -0.23511460473985507,
  0.9719676551398312, 0.0]
- [0.0, 0.0, 1.0, 0.9753622716454277, 0.22060924516137334, 0.0, -0.22060924516137334,
  0.9753622716454277, 0.0]
- [0.0, 0.0, 1.0, 0.9792045374436757, 0.20287551318411193, 0.0, -0.20287551318411193,
  0.9792045374436757, 0.0]
- [0.0, 0.0, 1.0, 0.9822673572829734, 0.18748556962156743, 0.0, -0.18748556962156743,
  0.9822673572829734, 0.0]
- [0.0, 0.0, 1.0, 0.9850061794737662, 0.1725190609715184, 0.0, -0.1725190609715184,
  0.9850061794737662, 0.0]
- [0.0, 0.0, 1.0, 0.9877944914127353, 0.1557627771152508, 0.0, -0.1557627771152508,
  0.9877944914127353, 0.0]
