nodes:
- [1.25015343 0.00163770 0.00000000]
- [1.23813761 0.00369687 0.00000000]
- [1.22611555 0.00571930 0.00000000]
- [1.21409179 0.00773169 0.00000000]
- [1.20207371 0.00977751 0.00000000]
- [1.19006333 0.01186818 0.00000000]
- [1.17806223 0.01401141 0.00000000]
- [1.16606519 0.01617733 0.00000000]
- [1.15407608 0.01838676 0.00000000]
- [1.14209063 0.02061585 0.00000000]
- [1.12964104 0.02296794 0.00000000]
- [1.11719608 0.02534438 0.00000000]
- [1.10475496 0.02774085 0.00000000]
- [1.09232083 0.03017332 0.00000000]
- [1.07989011 0.03262318 0.00000000]
- [1.06746610 0.03510679 0.00000000]
- [1.05504456 0.03760280 0.00000000]
- [1.04262736 0.04012028 0.00000000]
- [1.03021195 0.04264653 0.00000000]
- [1.01780356 0.04520710 0.00000000]
- [1.00539779 0.04778033 0.00000000]
- [0.99299923 0.05038810 0.00000000]
- [0.98060360 0.05300970 0.00000000]
- [0.96821249 0.05565261 0.00000000]
- [0.95582489 0.05831192 0.00000000]
- [0.94344067 0.06098691 0.00000000]
- [0.93105919 0.06367461 0.00000000]
- [0.91867942 0.06637016 0.00000000]
- [0.90630097 0.06907175 0.00000000]
- [0.89392305 0.07177577 0.00000000]
- [0.88154560 0.07448193 0.00000000]
- [0.86941458 0.07713420 0.00000000]
- [0.85728247 0.07978144 0.00000000]
- [0.84514979 0.08242608 0.00000000]
- [0.83301450 0.08505870 0.00000000]
- [0.82087865 0.08768876 0.00000000]
- [0.80873720 0.09029282 0.00000000]
- [0.79659479 0.09289242 0.00000000]
- [0.78444756 0.09546938 0.00000000]
- [0.77229701 0.09803058 0.00000000]
- [0.76013803 0.10055151 0.00000000]
- [0.74797448 0.10305024 0.00000000]
- [0.73580218 0.10550606 0.00000000]
- [0.72362269 0.10792583 0.00000000]
- [0.71143400 0.11029895 0.00000000]
- [0.69923741 0.11263090 0.00000000]
- [0.68703482 0.11493150 0.00000000]
- [0.67482210 0.11717762 0.00000000]
- [0.66260536 0.11940191 0.00000000]
- [0.65062758 0.12150796 0.00000000]
- [0.63864544 0.12358913 0.00000000]
- [0.62665035 0.12559432 0.00000000]
- [0.61465062 0.12757144 0.00000000]
- [0.60263618 0.12945738 0.00000000]
- [0.59061641 0.13130867 0.00000000]
- [0.57858487 0.13308221 0.00000000]
- [0.56654416 0.13479155 0.00000000]
- [0.55449311 0.13642735 0.00000000]
- [0.54242995 0.13797017 0.00000000]
- [0.53010567 0.13948221 0.00000000]
- [0.51776732 0.14087441 0.00000000]
- [0.50542288 0.14221183 0.00000000]
- [0.49306381 0.14340693 0.00000000]
- [0.48069711 0.14451626 0.00000000]
- [0.46832045 0.14551282 0.00000000]
- [0.45593242 0.14635395 0.00000000]
- [0.44353845 0.14710337 0.00000000]
- [0.43113588 0.14769446 0.00000000]
- [0.41872818 0.14815964 0.00000000]
- [0.40631519 0.14846220 0.00000000]
- [0.39389929 0.14856767 0.00000000]
- [0.38148272 0.14854955 0.00000000]
- [0.36906840 0.14830597 0.00000000]
- [0.35665920 0.14788879 0.00000000]
- [0.34425555 0.14732061 0.00000000]
- [0.33186564 0.14650840 0.00000000]
- [0.31948799 0.14553137 0.00000000]
- [0.30712702 0.14435686 0.00000000]
- [0.29479085 0.14294837 0.00000000]
- [0.28247459 0.14137528 0.00000000]
- [0.27018740 0.13958692 0.00000000]
- [0.25793486 0.13757639 0.00000000]
- [0.24570912 0.13540851 0.00000000]
- [0.23352456 0.13301867 0.00000000]
- [0.22139035 0.13038652 0.00000000]
- [0.20929457 0.12758420 0.00000000]
- [0.19725003 0.12456707 0.00000000]
- [0.18527437 0.12128983 0.00000000]
- [0.17334866 0.11783489 0.00000000]
- [0.16061132 0.11383638 0.00000000]
- [0.14796253 0.10956641 0.00000000]
- [0.13542071 0.10499352 0.00000000]
- [0.12298379 0.10014216 0.00000000]
- [0.11067110 0.09498456 0.00000000]
- [0.09850975 0.08947844 0.00000000]
- [0.08651501 0.08361855 0.00000000]
- [0.07585109 0.07798009 0.00000000]
- [0.06536427 0.07201933 0.00000000]
- [0.05510680 0.06567136 0.00000000]
- [0.04512982 0.05889229 0.00000000]
- [0.03549181 0.05163893 0.00000000]
- [0.02631207 0.04381556 0.00000000]
- [0.01775685 0.03531774 0.00000000]
- [0.01013551 0.02598105 0.00000000]
- [0.00400556 0.01562479 0.00000000]
- [0.00020769 0.00083738 0.00000000]
- [0.00451102 -0.01367501 0.00000000]
- [0.01299718 -0.02320966 0.00000000]
- [0.02302239 -0.03114834 0.00000000]
- [0.03373307 -0.03814037 0.00000000]
- [0.04486098 -0.04444956 0.00000000]
- [0.05628717 -0.05020190 0.00000000]
- [0.06790649 -0.05555445 0.00000000]
- [0.07969122 -0.06053291 0.00000000]
- [0.09160380 -0.06519715 0.00000000]
- [0.10361721 -0.06959541 0.00000000]
- [0.11560245 -0.07366750 0.00000000]
- [0.12766409 -0.07750767 0.00000000]
- [0.13978719 -0.08114890 0.00000000]
- [0.15197327 -0.08457458 0.00000000]
- [0.16421948 -0.08777881 0.00000000]
- [0.17651389 -0.09079145 0.00000000]
- [0.18884459 -0.09365280 0.00000000]
- [0.20122660 -0.09628462 0.00000000]
- [0.21364285 -0.09874587 0.00000000]
- [0.22608516 -0.10107555 0.00000000]
- [0.23857415 -0.10314091 0.00000000]
- [0.25084471 -0.10503542 0.00000000]
- [0.26313742 -0.10678591 0.00000000]
- [0.27546056 -0.10830533 0.00000000]
- [0.28779604 -0.10971896 0.00000000]
- [0.30015099 -0.11095580 0.00000000]
- [0.31252195 -0.11201567 0.00000000]
- [0.32490269 -0.11295732 0.00000000]
- [0.33729743 -0.11369522 0.00000000]
- [0.34969889 -0.11430303 0.00000000]
- [0.36210697 -0.11476593 0.00000000]
- [0.37452109 -0.11501584 0.00000000]
- [0.38693682 -0.11515292 0.00000000]
- [0.39935339 -0.11510229 0.00000000]
- [0.41176772 -0.11487725 0.00000000]
- [0.42417882 -0.11450717 0.00000000]
- [0.43658282 -0.11394902 0.00000000]
- [0.44898001 -0.11325861 0.00000000]
- [0.46136601 -0.11238608 0.00000000]
- [0.47373818 -0.11133934 0.00000000]
- [0.48610116 -0.11018592 0.00000000]
- [0.49843976 -0.10879533 0.00000000]
- [0.51076387 -0.10728581 0.00000000]
- [0.52307220 -0.10564878 0.00000000]
- [0.53534888 -0.10379153 0.00000000]
- [0.54761030 -0.10183623 0.00000000]
- [0.55984225 -0.09970223 0.00000000]
- [0.57204794 -0.09742474 0.00000000]
- [0.58423017 -0.09502343 0.00000000]
- [0.59637692 -0.09244877 0.00000000]
- [0.60850660 -0.08979469 0.00000000]
- [0.62118756 -0.08684605 0.00000000]
- [0.63384656 -0.08380566 0.00000000]
- [0.64648659 -0.08068619 0.00000000]
- [0.65910139 -0.07746632 0.00000000]
- [0.67170855 -0.07421662 0.00000000]
- [0.68429453 -0.07088579 0.00000000]
- [0.69637262 -0.06766732 0.00000000]
- [0.70844092 -0.06441225 0.00000000]
- [0.72050479 -0.06114083 0.00000000]
- [0.73256408 -0.05785254 0.00000000]
- [0.74462309 -0.05456322 0.00000000]
- [0.75668197 -0.05127343 0.00000000]
- [0.76874754 -0.04800828 0.00000000]
- [0.78081686 -0.04475702 0.00000000]
- [0.79289869 -0.04155259 0.00000000]
- [0.80498539 -0.03836659 0.00000000]
- [0.81709524 -0.03526968 0.00000000]
- [0.82921280 -0.03220321 0.00000000]
- [0.84135148 -0.02922134 0.00000000]
- [0.85350703 -0.02630978 0.00000000]
- [0.86568205 -0.02347987 0.00000000]
- [0.87788189 -0.02075950 0.00000000]
- [0.89022313 -0.01807795 0.00000000]
- [0.90259157 -0.01552496 0.00000000]
- [0.91497538 -0.01304827 0.00000000]
- [0.92738572 -0.01070697 0.00000000]
- [0.93981633 -0.00847736 0.00000000]
- [0.95226312 -0.00633878 0.00000000]
- [0.96473700 -0.00436421 0.00000000]
- [0.97722458 -0.00247868 0.00000000]
- [0.98973546 -0.00075364 0.00000000]
- [1.00226641 0.00081647 0.00000000]
- [1.01481066 0.00227921 0.00000000]
- [1.02737820 0.00352497 0.00000000]
- [1.03995564 0.00466188 0.00000000]
- [1.05254608 0.00565135 0.00000000]
- [1.06515056 0.00643629 0.00000000]
- [1.07776172 0.00710490 0.00000000]
- [1.09038193 0.00758246 0.00000000]
- [1.10300711 0.00788592 0.00000000]
- [1.11563506 0.00804878 0.00000000]
- [1.12826414 0.00799104 0.00000000]
- [1.14089072 0.00776014 0.00000000]
- [1.15307592 0.00738678 0.00000000]
- [1.16525102 0.00676507 0.00000000]
- [1.17741748 0.00600361 0.00000000]
- [1.18957210 0.00506274 0.00000000]
- [1.20171003 0.00392945 0.00000000]
- [1.21383679 0.00268122 0.00000000]
- [1.22595085 0.00131416 0.00000000]
- [1.23805502 -0.00013817 0.00000000]
- [1.25015343 -0.00163770 0.00000000]
- [0.87833985 -0.00885432 0.00000000]
- [0.87879782 0.00305086 0.00000000]
- [0.87925578 0.01495604 0.00000000]
- [0.87971374 0.02686122 0.00000000]
- [0.88017171 0.03876639 0.00000000]
- [0.88062967 0.05067157 0.00000000]
- [0.88108763 0.06257675 0.00000000]
- [0.10219202 -0.05682758 0.00000000]
- [0.10076684 -0.04405975 0.00000000]
- [0.09934166 -0.03129192 0.00000000]
- [0.09791647 -0.01852409 0.00000000]
- [0.09649129 -0.00575626 0.00000000]
- [0.09506611 0.00701157 0.00000000]
- [0.09364093 0.01977940 0.00000000]
- [0.09221574 0.03254723 0.00000000]
- [0.09079056 0.04531506 0.00000000]
- [0.08936538 0.05808289 0.00000000]
- [0.08794019 0.07085072 0.00000000]
- [0.68284858 -0.05819994 0.00000000]
- [0.68140264 -0.04551410 0.00000000]
- [0.67995669 -0.03282825 0.00000000]
- [0.67851075 -0.02014240 0.00000000]
- [0.67706481 -0.00745656 0.00000000]
- [0.67561886 0.00522929 0.00000000]
- [0.67417292 0.01791514 0.00000000]
- [0.67272697 0.03060098 0.00000000]
- [0.67128103 0.04328683 0.00000000]
- [0.66983508 0.05597268 0.00000000]
- [0.66838914 0.06865853 0.00000000]
- [0.66694320 0.08134437 0.00000000]
- [0.66549725 0.09403022 0.00000000]
- [0.66405131 0.10671607 0.00000000]
elements:
- [1 2]
- [2 3]
- [3 4]
- [4 5]
- [5 6]
- [6 7]
- [7 8]
- [8 9]
- [9 10]
- [10 11]
- [11 12]
- [12 13]
- [13 14]
- [14 15]
- [15 16]
- [16 17]
- [17 18]
- [18 19]
- [19 20]
- [20 21]
- [21 22]
- [22 23]
- [23 24]
- [24 25]
- [25 26]
- [26 27]
- [27 28]
- [28 29]
- [29 30]
- [30 31]
- [31 32]
- [32 33]
- [33 34]
- [34 35]
- [35 36]
- [36 37]
- [37 38]
- [38 39]
- [39 40]
- [40 41]
- [41 42]
- [42 43]
- [43 44]
- [44 45]
- [45 46]
- [46 47]
- [47 48]
- [48 49]
- [49 50]
- [50 51]
- [51 52]
- [52 53]
- [53 54]
- [54 55]
- [55 56]
- [56 57]
- [57 58]
- [58 59]
- [59 60]
- [60 61]
- [61 62]
- [62 63]
- [63 64]
- [64 65]
- [65 66]
- [66 67]
- [67 68]
- [68 69]
- [69 70]
- [70 71]
- [71 72]
- [72 73]
- [73 74]
- [74 75]
- [75 76]
- [76 77]
- [77 78]
- [78 79]
- [79 80]
- [80 81]
- [81 82]
- [82 83]
- [83 84]
- [84 85]
- [85 86]
- [86 87]
- [87 88]
- [88 89]
- [89 90]
- [90 91]
- [91 92]
- [92 93]
- [93 94]
- [94 95]
- [95 96]
- [96 97]
- [97 98]
- [98 99]
- [99 100]
- [100 101]
- [101 102]
- [102 103]
- [103 104]
- [104 105]
- [105 106]
- [106 107]
- [107 108]
- [108 109]
- [109 110]
- [110 111]
- [111 112]
- [112 113]
- [113 114]
- [114 115]
- [115 116]
- [116 117]
- [117 118]
- [118 119]
- [119 120]
- [120 121]
- [121 122]
- [122 123]
- [123 124]
- [124 125]
- [125 126]
- [126 127]
- [127 128]
- [128 129]
- [129 130]
- [130 131]
- [131 132]
- [132 133]
- [133 134]
- [134 135]
- [135 136]
- [136 137]
- [137 138]
- [138 139]
- [139 140]
- [140 141]
- [141 142]
- [142 143]
- [143 144]
- [144 145]
- [145 146]
- [146 147]
- [147 148]
- [148 149]
- [149 150]
- [150 151]
- [151 152]
- [152 153]
- [153 154]
- [154 155]
- [155 156]
- [156 157]
- [157 158]
- [158 159]
- [159 160]
- [160 161]
- [161 162]
- [162 163]
- [163 164]
- [164 165]
- [165 166]
- [166 167]
- [167 168]
- [168 169]
- [169 170]
- [170 171]
- [171 172]
- [172 173]
- [173 174]
- [174 175]
- [175 176]
- [176 177]
- [177 178]
- [178 179]
- [179 180]
- [180 181]
- [181 182]
- [182 183]
- [183 184]
- [184 185]
- [185 186]
- [186 187]
- [187 188]
- [188 189]
- [189 190]
- [190 191]
- [191 192]
- [192 193]
- [193 194]
- [194 195]
- [195 196]
- [196 197]
- [197 198]
- [198 199]
- [199 200]
- [200 201]
- [201 202]
- [202 203]
- [203 204]
- [204 205]
- [205 206]
- [206 207]
- [207 208]
- [208 209]
- [209 1]
- [179 210]
- [210 211]
- [211 212]
- [212 213]
- [213 214]
- [214 215]
- [215 216]
- [216 31]
- [116 217]
- [217 218]
- [218 219]
- [219 220]
- [220 221]
- [221 222]
- [222 223]
- [223 224]
- [224 225]
- [225 226]
- [226 227]
- [227 96]
- [163 228]
- [228 229]
- [229 230]
- [230 231]
- [231 232]
- [232 233]
- [233 234]
- [234 235]
- [235 236]
- [236 237]
- [237 238]
- [238 239]
- [239 240]
- [240 241]
- [241 49]
sets:
  element:
  - name: layup_0
    labels:
    - 1
    - 2
    - 3
    - 4
    - 5
    - 6
    - 7
    - 8
    - 9
    - 200
    - 201
    - 202
    - 203
    - 204
    - 205
    - 206
    - 207
    - 208
    - 209
  - name: layup_1
    labels:
    - 10
    - 11
    - 12
    - 13
    - 14
    - 15
    - 16
    - 17
    - 18
    - 19
    - 20
    - 21
    - 22
    - 23
    - 24
    - 25
    - 26
    - 27
    - 28
    - 29
    - 30
    - 31
    - 32
    - 33
    - 34
    - 35
    - 36
    - 37
    - 38
    - 39
    - 40
    - 41
    - 42
    - 43
    - 44
    - 45
    - 46
    - 47
    - 48
    - 49
    - 50
    - 51
    - 52
    - 53
    - 54
    - 55
    - 56
    - 57
    - 58
    - 89
    - 90
    - 91
    - 92
    - 93
    - 94
    - 95
    - 96
    - 97
    - 98
    - 99
    - 100
    - 101
    - 102
    - 103
    - 104
    - 107
    - 108
    - 109
    - 110
    - 111
    - 112
    - 113
    - 114
    - 115
    - 116
    - 117
    - 118
    - 119
    - 120
    - 121
    - 122
    - 123
    - 124
    - 125
    - 126
    - 157
    - 158
    - 159
    - 160
    - 161
    - 162
    - 163
    - 164
    - 165
    - 166
    - 167
    - 168
    - 169
    - 170
    - 171
    - 172
    - 173
    - 174
    - 175
    - 176
    - 177
    - 178
    - 179
    - 180
    - 181
    - 182
    - 183
    - 184
    - 185
    - 186
    - 187
    - 188
    - 189
    - 190
    - 191
    - 192
    - 193
    - 194
    - 195
    - 196
    - 197
    - 198
    - 199
  - name: layup_2
    labels:
    - 59
    - 60
    - 61
    - 62
    - 63
    - 64
    - 65
    - 66
    - 67
    - 68
    - 69
    - 70
    - 71
    - 72
    - 73
    - 74
    - 75
    - 76
    - 77
    - 78
    - 79
    - 80
    - 81
    - 82
    - 83
    - 84
    - 85
    - 86
    - 87
    - 88
    - 127
    - 128
    - 129
    - 130
    - 131
    - 132
    - 133
    - 134
    - 135
    - 136
    - 137
    - 138
    - 139
    - 140
    - 141
    - 142
    - 143
    - 144
    - 145
    - 146
    - 147
    - 148
    - 149
    - 150
    - 151
    - 152
    - 153
    - 154
    - 155
    - 156
  - name: layup_3
    labels:
    - 105
    - 106
  - name: layup_4
    labels:
    - 210
    - 211
    - 212
    - 213
    - 214
    - 215
    - 216
    - 217
  - name: layup_5
    labels:
    - 218
    - 219
    - 220
    - 221
    - 222
    - 223
    - 224
    - 225
    - 226
    - 227
    - 228
    - 229
    - 230
    - 231
    - 232
    - 233
    - 234
    - 235
    - 236
    - 237
    - 238
    - 239
    - 240
    - 241
    - 242
    - 243
    - 244
sections:
- type: shell
  elementSet: layup_0
  layup:
  - - gelcoat
    - 0.0005
    - 0.0
  - - glass_triax
    - 0.00165431
    - 0.0
  - - glass_uniax
    - 0.00069
    - 0.0
  - - glass_triax
    - 0.00165431
    - 0.0
- type: shell
  elementSet: layup_1
  layup:
  - - gelcoat
    - 0.0005
    - 0.0
  - - glass_triax
    - 0.00165431
    - 0.0
  - - glass_triax
    - 0.00165431
    - 0.0
- type: shell
  elementSet: layup_2
  layup:
  - - gelcoat
    - 0.0005
    - 0.0
  - - glass_triax
    - 0.00165431
    - 0.0
  - - carbon_uniax
    - 0.0063712
    - 0.0
  - - glass_triax
    - 0.00165431
    - 0.0
- type: shell
  elementSet: layup_3
  layup:
  - - gelcoat
    - 0.0005
    - 0.0
  - - glass_triax
    - 0.00165431
    - 0.0
  - - glass_uniax
    - 0.000565
    - 0.0
  - - glass_triax
    - 0.00165431
    - 0.0
- type: shell
  elementSet: layup_4
  layup:
  - - glass_biax
    - 0.002
    - 0.0
  - - medium_density_foam
    - 0.03
    - 0.0
  - - glass_biax
    - 0.002
    - 0.0
- type: shell
  elementSet: layup_5
  layup:
  - - glass_biax
    - 0.002
    - 0.0
  - - medium_density_foam
    - 0.014
    - 0.0
  - - glass_biax
    - 0.002
    - 0.0
elementOrientations:
- [0.0, 0.0, 1.0, -0.9856315817386734, 0.16890939902598848, 0.0, -0.16890939902598848,
  -0.9856315817386734, 0.0]
- [0.0, 0.0, 1.0, -0.9861433989203664, 0.16589513786059812, 0.0, -0.16589513786059812,
  -0.9861433989203664, 0.0]
- [0.0, 0.0, 1.0, -0.9862814975511504, 0.16507212844166078, 0.0, -0.16507212844166078,
  -0.9862814975511504, 0.0]
- [0.0, 0.0, 1.0, -0.9858186847178291, 0.16781394715937467, 0.0, -0.16781394715937467,
  -0.9858186847178291, 0.0]
- [0.0, 0.0, 1.0, -0.9851852819202324, 0.1714933243241622, 0.0, -0.1714933243241622,
  -0.9851852819202324, 0.0]
- [0.0, 0.0, 1.0, -0.9844250859805518, 0.1758045792696625, 0.0, -0.1758045792696625,
  -0.9844250859805518, 0.0]
- [0.0, 0.0, 1.0, -0.9840909018448915, 0.17766568860111454, 0.0, -0.17766568860111454,
  -0.9840909018448915, 0.0]
- [0.0, 0.0, 1.0, -0.9834398673190203, 0.18123473002586354, 0.0, -0.18123473002586354,
  -0.9834398673190203, 0.0]
- [0.0, 0.0, 1.0, -0.9831413340328287, 0.18284725132238122, 0.0, -0.18284725132238122,
  -0.9831413340328287, 0.0]
- [0.0, 0.0, 1.0, -0.9826168971119402, 0.18564491242719977, 0.0, -0.18564491242719977,
  -0.9826168971119402, 0.0]
- [0.0, 0.0, 1.0, -0.9822517729724619, 0.1875671999376626, 0.0, -0.1875671999376626,
  -0.9822517729724619, 0.0]
- [0.0, 0.0, 1.0, -0.9819485810893466, 0.18914804809095717, 0.0, -0.18914804809095717,
  -0.9819485810893466, 0.0]
- [0.0, 0.0, 1.0, -0.9813970938335687, 0.1919889169067469, 0.0, -0.1919889169067469,
  -0.9813970938335687, 0.0]
- [0.0, 0.0, 1.0, -0.9811275868241687, 0.1933614707551204, 0.0, -0.1933614707551204,
  -0.9811275868241687, 0.0]
- [0.0, 0.0, 1.0, -0.9805986599898007, 0.1960261921943271, 0.0, -0.1960261921943271,
  -0.9805986599898007, 0.0]
- [0.0, 0.0, 1.0, -0.9804027439276449, 0.19700370478532758, 0.0, -0.19700370478532758,
  -0.9804027439276449, 0.0]
- [0.0, 0.0, 1.0, -0.9800605778860026, 0.19869892720836357, 0.0, -0.19869892720836357,
  -0.9800605778860026, 0.0]
- [0.0, 0.0, 1.0, -0.9799199368575234, 0.19939136728842474, 0.0, -0.19939136728842474,
  -0.9799199368575234, 0.0]
- [0.0, 0.0, 1.0, -0.9793649814350838, 0.20209956244054106, 0.0, -0.20209956244054106,
  -0.9793649814350838, 0.0]
- [0.0, 0.0, 1.0, -0.9791581735627218, 0.20309916579177403, 0.0, -0.20309916579177403,
  -0.9791581735627218, 0.0]
- [0.0, 0.0, 1.0, -0.978588863836215, 0.20582476910164552, 0.0, -0.20582476910164552,
  -0.978588863836215, 0.0]
- [0.0, 0.0, 1.0, -0.9783584452026798, 0.20691726051877596, 0.0, -0.20691726051877596,
  -0.9783584452026798, 0.0]
- [0.0, 0.0, 1.0, -0.9780013911511165, 0.20859836745881002, 0.0, -0.20859836745881002,
  -0.9780013911511165, 0.0]
- [0.0, 0.0, 1.0, -0.977724332095791, 0.20989314049734742, 0.0, -0.20989314049734742,
  -0.977724332095791, 0.0]
- [0.0, 0.0, 1.0, -0.9774577993659859, 0.21113088466305469, 0.0, -0.21113088466305469,
  -0.9774577993659859, 0.0]
- [0.0, 0.0, 1.0, -0.9772405916152799, 0.21213398148202922, 0.0, -0.21213398148202922,
  -0.9772405916152799, 0.0]
- [0.0, 0.0, 1.0, -0.9771060610480361, 0.21275278015384824, 0.0, -0.21275278015384824,
  -0.9771060610480361, 0.0]
- [0.0, 0.0, 1.0, -0.977001972625249, 0.21323026400202258, 0.0, -0.21323026400202258,
  -0.977001972625249, 0.0]
- [0.0, 0.0, 1.0, -0.9769601431632061, 0.21342183269414575, 0.0, -0.21342183269414575,
  -0.9769601431632061, 0.0]
- [0.0, 0.0, 1.0, -0.9769230950202259, 0.21359135379528463, 0.0, -0.21359135379528463,
  -0.9769230950202259, 0.0]
- [0.0, 0.0, 1.0, -0.9769233521201297, 0.21359017786960416, 0.0, -0.21359017786960416,
  -0.9769233521201297, 0.0]
- [0.0, 0.0, 1.0, -0.9770118953398147, 0.21318479393357997, 0.0, -0.21318479393357997,
  -0.9770118953398147, 0.0]
- [0.0, 0.0, 1.0, -0.977057480888386, 0.21297577101642676, 0.0, -0.21297577101642676,
  -0.977057480888386, 0.0]
- [0.0, 0.0, 1.0, -0.9772679962896949, 0.21200769662426186, 0.0, -0.21200769662426186,
  -0.9772679962896949, 0.0]
- [0.0, 0.0, 1.0, -0.9773127621281561, 0.21180123932931602, 0.0, -0.21180123932931602,
  -0.9773127621281561, 0.0]
- [0.0, 0.0, 1.0, -0.9777640364511223, 0.2097081043326852, 0.0, -0.2097081043326852,
  -0.9777640364511223, 0.0]
- [0.0, 0.0, 1.0, -0.9778411709405501, 0.2093481416531182, 0.0, -0.2093481416531182,
  -0.9778411709405501, 0.0]
- [0.0, 0.0, 1.0, -0.9782295760723986, 0.20752565262447722, 0.0, -0.20752565262447722,
  -0.9782295760723986, 0.0]
- [0.0, 0.0, 1.0, -0.9784980440270021, 0.20625609769248293, 0.0, -0.20625609769248293,
  -0.9784980440270021, 0.0]
- [0.0, 0.0, 1.0, -0.9791759526827005, 0.2030134322844821, 0.0, -0.2030134322844821,
  -0.9791759526827005, 0.0]
- [0.0, 0.0, 1.0, -0.9795448647057872, 0.20122588806741876, 0.0, -0.20122588806741876,
  -0.9795448647057872, 0.0]
- [0.0, 0.0, 1.0, -0.9802485632945533, 0.19776944698047833, 0.0, -0.19776944698047833,
  -0.9802485632945533, 0.0]
- [0.0, 0.0, 1.0, -0.9808295811536647, 0.19486747479742955, 0.0, -0.19486747479742955,
  -0.9808295811536647, 0.0]
- [0.0, 0.0, 1.0, -0.9815685903503308, 0.1911101840239408, 0.0, -0.1911101840239408,
  -0.9815685903503308, 0.0]
- [0.0, 0.0, 1.0, -0.9822082614857695, 0.18779491758059463, 0.0, -0.18779491758059463,
  -0.9822082614857695, 0.0]
- [0.0, 0.0, 1.0, -0.9826877153257612, 0.18526967951566145, 0.0, -0.18526967951566145,
  -0.9826877153257612, 0.0]
- [0.0, 0.0, 1.0, -0.9835047454618291, 0.18088232543303553, 0.0, -0.18088232543303553,
  -0.9835047454618291, 0.0]
- [0.0, 0.0, 1.0, -0.9838263247060612, 0.17912499215733035, 0.0, -0.17912499215733035,
  -0.9838263247060612, 0.0]
- [0.0, 0.0, 1.0, -0.9848914427822705, 0.17317287874912046, 0.0, -0.17317287874912046,
  -0.9848914427822705, 0.0]
- [0.0, 0.0, 1.0, -0.9852489498863106, 0.1711271654294612, 0.0, -0.1711271654294612,
  -0.9852489498863106, 0.0]
- [0.0, 0.0, 1.0, -0.9863137300881978, 0.16487942818770884, 0.0, -0.16487942818770884,
  -0.9863137300881978, 0.0]
- [0.0, 0.0, 1.0, -0.9866967079243419, 0.16257185048853218, 0.0, -0.16257185048853218,
  -0.9866967079243419, 0.0]
- [0.0, 0.0, 1.0, -0.98790277549482, 0.15507451811832695, 0.0, -0.15507451811832695,
  -0.98790277549482, 0.0]
- [0.0, 0.0, 1.0, -0.9883458396290226, 0.15222516640819403, 0.0, -0.15222516640819403,
  -0.9883458396290226, 0.0]
- [0.0, 0.0, 1.0, -0.9893093824648654, 0.14583190928938206, 0.0, -0.14583190928938206,
  -0.9893093824648654, 0.0]
- [0.0, 0.0, 1.0, -0.990073043089553, 0.14055379520807013, 0.0, -0.14055379520807013,
  -0.990073043089553, 0.0]
- [0.0, 0.0, 1.0, -0.9909128667741925, 0.134505354768319, 0.0, -0.134505354768319,
  -0.9909128667741925, 0.0]
- [0.0, 0.0, 1.0, -0.9919203758596818, 0.126862003588102, 0.0, -0.126862003588102,
  -0.9919203758596818, 0.0]
- [0.0, 0.0, 1.0, -0.9925577017855028, 0.12177523814914398, 0.0, -0.12177523814914398,
  -0.9925577017855028, 0.0]
- [0.0, 0.0, 1.0, -0.9936943168566262, 0.11212316730650637, 0.0, -0.11212316730650637,
  -0.9936943168566262, 0.0]
- [0.0, 0.0, 1.0, -0.9941821145405417, 0.1077122236688908, 0.0, -0.1077122236688908,
  -0.9941821145405417, 0.0]
- [0.0, 0.0, 1.0, -0.9953572711630743, 0.09624917008888095, 0.0, -0.09624917008888095,
  -0.9953572711630743, 0.0]
- [0.0, 0.0, 1.0, -0.9960008456827588, 0.08934380448150346, 0.0, -0.08934380448150346,
  -0.9960008456827588, 0.0]
- [0.0, 0.0, 1.0, -0.9967740208312187, 0.08025927607426654, 0.0, -0.08025927607426654,
  -0.9967740208312187, 0.0]
- [0.0, 0.0, 1.0, -0.9977028264756652, 0.06774267519421337, 0.0, -0.06774267519421337,
  -0.9977028264756652, 0.0]
- [0.0, 0.0, 1.0, -0.9981768859391807, 0.06035647750457148, 0.0, -0.06035647750457148,
  -0.9981768859391807, 0.0]
- [0.0, 0.0, 1.0, -0.9988662582263346, 0.04760460247624882, 0.0, -0.04760460247624882,
  -0.9988662582263346, 0.0]
- [0.0, 0.0, 1.0, -0.999297945313127, 0.03746487011805247, 0.0, -0.03746487011805247,
  -0.999297945313127, 0.0]
- [0.0, 0.0, 1.0, -0.9997030680732063, 0.024367512901777817, 0.0, -0.024367512901777817,
  -0.9997030680732063, 0.0]
- [0.0, 0.0, 1.0, -0.9999639240476582, 0.008494151117639157, 0.0, -0.008494151117639157,
  -0.9999639240476582, 0.0]
- [0.0, 0.0, 1.0, -0.9999989349705908, -0.0014594717140528025, 0.0, 0.0014594717140528025,
  -0.9999989349705908, 0.0]
- [0.0, 0.0, 1.0, -0.9998075783862481, -0.019616477803778558, 0.0, 0.019616477803778558,
  -0.9998075783862481, 0.0]
- [0.0, 0.0, 1.0, -0.999435369416655, -0.03359973748400738, 0.0, 0.03359973748400738,
  -0.999435369416655, 0.0]
- [0.0, 0.0, 1.0, -0.9989524938549411, -0.045759316220784746, 0.0, 0.045759316220784746,
  -0.9989524938549411, 0.0]
- [0.0, 0.0, 1.0, -0.9978582089620959, -0.06541402607207587, 0.0, 0.06541402607207587,
  -0.9978582089620959, 0.0]
- [0.0, 0.0, 1.0, -0.9968991067176444, -0.0786903489988627, 0.0, 0.0786903489988627,
  -0.9968991067176444, 0.0]
- [0.0, 0.0, 1.0, -0.9955161944400577, -0.09459126073578474, 0.0, 0.09459126073578474,
  -0.9955161944400577, 0.0]
- [0.0, 0.0, 1.0, -0.9935449652191568, -0.1134389795778528, 0.0, 0.1134389795778528,
  -0.9935449652191568, 0.0]
- [0.0, 0.0, 1.0, -0.9919416652108156, -0.12669543329889277, 0.0, 0.12669543329889277,
  -0.9919416652108156, 0.0]
- [0.0, 0.0, 1.0, -0.9895734979395585, -0.14402878939873928, 0.0, 0.14402878939873928,
  -0.9895734979395585, 0.0]
- [0.0, 0.0, 1.0, -0.986802910317933, -0.16192595896908454, 0.0, 0.16192595896908454,
  -0.986802910317933, 0.0]
- [0.0, 0.0, 1.0, -0.9846400072587639, -0.17459683876136275, 0.0, 0.17459683876136275,
  -0.9846400072587639, 0.0]
- [0.0, 0.0, 1.0, -0.9813029672683817, -0.1924694428481291, 0.0, 0.1924694428481291,
  -0.9813029672683817, 0.0]
- [0.0, 0.0, 1.0, -0.9772718607160895, -0.21198988242959171, 0.0, 0.21198988242959171,
  -0.9772718607160895, 0.0]
- [0.0, 0.0, 1.0, -0.97419706951662, -0.22569906899504374, 0.0, 0.22569906899504374,
  -0.97419706951662, 0.0]
- [0.0, 0.0, 1.0, -0.9700286338022599, -0.24299063686430578, 0.0, 0.24299063686430578,
  -0.9700286338022599, 0.0]
- [0.0, 0.0, 1.0, -0.9645354256555335, -0.26395342895196233, 0.0, 0.26395342895196233,
  -0.9645354256555335, 0.0]
- [0.0, 0.0, 1.0, -0.9605050225624114, -0.2782626486476068, 0.0, 0.2782626486476068,
  -0.9605050225624114, 0.0]
- [0.0, 0.0, 1.0, -0.9540932633704388, -0.2995096739525231, 0.0, 0.2995096739525231,
  -0.9540932633704388, 0.0]
- [0.0, 0.0, 1.0, -0.9474697033510088, -0.3198455271407613, 0.0, 0.3198455271407613,
  -0.9474697033510088, 0.0]
- [0.0, 0.0, 1.0, -0.9394986455696954, -0.3425526163565355, 0.0, 0.3425526163565355,
  -0.9394986455696954, 0.0]
- [0.0, 0.0, 1.0, -0.9316301335831917, -0.36340788956730746, 0.0, 0.36340788956730746,
  -0.9316301335831917, 0.0]
- [0.0, 0.0, 1.0, -0.9223491491019039, -0.3863574085623232, 0.0, 0.3863574085623232,
  -0.9223491491019039, 0.0]
- [0.0, 0.0, 1.0, -0.9109796588951848, -0.4124512832798715, 0.0, 0.4124512832798715,
  -0.9109796588951848, 0.0]
- [0.0, 0.0, 1.0, -0.8985086282279626, -0.43895585768947765, 0.0, 0.43895585768947765,
  -0.8985086282279626, 0.0]
- [0.0, 0.0, 1.0, -0.8840324830285275, -0.4674254688722215, 0.0, 0.4674254688722215,
  -0.8840324830285275, 0.0]
- [0.0, 0.0, 1.0, -0.8693732220459786, -0.4941560490264117, 0.0, 0.4941560490264117,
  -0.8693732220459786, 0.0]
- [0.0, 0.0, 1.0, -0.8503355747102712, -0.5262408292618054, 0.0, 0.5262408292618054,
  -0.8503355747102712, 0.0]
- [0.0, 0.0, 1.0, -0.827129790562934, -0.5620109514620837, 0.0, 0.5620109514620837,
  -0.827129790562934, 0.0]
- [0.0, 0.0, 1.0, -0.7990102329913115, -0.6013174266351925, 0.0, 0.6013174266351925,
  -0.7990102329913115, 0.0]
- [0.0, 0.0, 1.0, -0.7610957831143299, -0.6486395061400321, 0.0, 0.6486395061400321,
  -0.7610957831143299, 0.0]
- [0.0, 0.0, 1.0, -0.7094828080877447, -0.7047227433735401, 0.0, 0.7047227433735401,
  -0.7094828080877447, 0.0]
- [0.0, 0.0, 1.0, -0.6323544314312767, -0.7746792065424415, 0.0, 0.7746792065424415,
  -0.6323544314312767, 0.0]
- [0.0, 0.0, 1.0, -0.5093658609901941, -0.8605500680714158, 0.0, 0.8605500680714158,
  -0.5093658609901941, 0.0]
- [0.0, 0.0, 1.0, -0.24875858036781437, -0.9685655211153191, 0.0, 0.9685655211153191,
  -0.24875858036781437, 0.0]
- [0.0, 0.0, 1.0, 0.2842929300553395, -0.9587374666302292, 0.0, 0.9587374666302292,
  0.2842929300553395, 0.0]
- [0.0, 0.0, 1.0, 0.6648409305845321, -0.7469849643864952, 0.0, 0.7469849643864952,
  0.6648409305845321, 0.0]
- [0.0, 0.0, 1.0, 0.7839678823506603, -0.620801384858814, 0.0, 0.620801384858814,
  0.7839678823506603, 0.0]
- [0.0, 0.0, 1.0, 0.8373669011664786, -0.5466412652104202, 0.0, 0.5466412652104202,
  0.8373669011664786, 0.0]
- [0.0, 0.0, 1.0, 0.8699091618544902, -0.4932119728084652, 0.0, 0.4932119728084652,
  0.8699091618544902, 0.0]
- [0.0, 0.0, 1.0, 0.8931969015649606, -0.4496657592420777, 0.0, 0.4496657592420777,
  0.8931969015649606, 0.0]
- [0.0, 0.0, 1.0, 0.908262889874031, -0.418399955637753, 0.0, 0.418399955637753, 0.908262889874031,
  0.0]
- [0.0, 0.0, 1.0, 0.9211741300104115, -0.3891506420392513, 0.0, 0.3891506420392513,
  0.9211741300104115, 0.0]
- [0.0, 0.0, 1.0, 0.9311686913189502, -0.36458862887829263, 0.0, 0.36458862887829263,
  0.9311686913189502, 0.0]
- [0.0, 0.0, 1.0, 0.9390443836969373, -0.34379593576311934, 0.0, 0.34379593576311934,
  0.9390443836969373, 0.0]
- [0.0, 0.0, 1.0, 0.9468424048280681, -0.321697778076568, 0.0, 0.321697778076568,
  0.9468424048280681, 0.0]
- [0.0, 0.0, 1.0, 0.9528713414223697, -0.3033746968617087, 0.0, 0.3033746968617087,
  0.9528713414223697, 0.0]
- [0.0, 0.0, 1.0, 0.9577328960883176, -0.2876589990775258, 0.0, 0.2876589990775258,
  0.9577328960883176, 0.0]
- [0.0, 0.0, 1.0, 0.9626849667916898, -0.2706245641350454, 0.0, 0.2706245641350454,
  0.9626849667916898, 0.0]
- [0.0, 0.0, 1.0, 0.9674325262491186, -0.2531290326202205, 0.0, 0.2531290326202205,
  0.9674325262491186, 0.0]
- [0.0, 0.0, 1.0, 0.9712650578562669, -0.23800039367081444, 0.0, 0.23800039367081444,
  0.9712650578562669, 0.0]
- [0.0, 0.0, 1.0, 0.974116854847435, -0.22604502450206934, 0.0, 0.22604502450206934,
  0.974116854847435, 0.0]
- [0.0, 0.0, 1.0, 0.9781486353880551, -0.20790682309266734, 0.0, 0.20790682309266734,
  0.9781486353880551, 0.0]
- [0.0, 0.0, 1.0, 0.9809134773256324, -0.19444472222443035, 0.0, 0.19444472222443035,
  0.9809134773256324, 0.0]
- [0.0, 0.0, 1.0, 0.9829186545228366, -0.18404053518455285, 0.0, 0.18404053518455285,
  0.9829186545228366, 0.0]
- [0.0, 0.0, 1.0, 0.9865998484900163, -0.16315863127483313, 0.0, 0.16315863127483313,
  0.9865998484900163, 0.0]
- [0.0, 0.0, 1.0, 0.988290104041711, -0.15258659919279963, 0.0, 0.15258659919279963,
  0.988290104041711, 0.0]
- [0.0, 0.0, 1.0, 0.9900126139449977, -0.14097880773291, 0.0, 0.14097880773291, 0.9900126139449977,
  0.0]
- [0.0, 0.0, 1.0, 0.9924844228151692, -0.12237103607161465, 0.0, 0.12237103607161465,
  0.9924844228151692, 0.0]
- [0.0, 0.0, 1.0, 0.9934975205489198, -0.11385375120367763, 0.0, 0.11385375120367763,
  0.9934975205489198, 0.0]
- [0.0, 0.0, 1.0, 0.9950264537302627, -0.09961102537860675, 0.0, 0.09961102537860675,
  0.9950264537302627, 0.0]
- [0.0, 0.0, 1.0, 0.9963500551188259, -0.08536139446326234, 0.0, 0.08536139446326234,
  0.9963500551188259, 0.0]
- [0.0, 0.0, 1.0, 0.9971201519159868, -0.07583800263086699, 0.0, 0.07583800263086699,
  0.9971201519159868, 0.0]
- [0.0, 0.0, 1.0, 0.9982325746489932, -0.059428334232437846, 0.0, 0.059428334232437846,
  0.9982325746489932, 0.0]
- [0.0, 0.0, 1.0, 0.9988011147098872, -0.04895235698397859, 0.0, 0.04895235698397859,
  0.9988011147098872, 0.0]
- [0.0, 0.0, 1.0, 0.9993048491040033, -0.037280270348069716, 0.0, 0.037280270348069716,
  0.9993048491040033, 0.0]
- [0.0, 0.0, 1.0, 0.9997974263442876, -0.020127252056326404, 0.0, 0.020127252056326404,
  0.9997974263442876, 0.0]
- [0.0, 0.0, 1.0, 0.9999390542146892, -0.011040283340248673, 0.0, 0.011040283340248673,
  0.9999390542146892, 0.0]
- [0.0, 0.0, 1.0, 0.9999916865741078, 0.004077595206919876, 0.0, -0.004077595206919876,
  0.9999916865741078, 0.0]
- [0.0, 0.0, 1.0, 0.9998357374821691, 0.018124515262125718, 0.0, -0.018124515262125718,
  0.9998357374821691, 0.0]
- [0.0, 0.0, 1.0, 0.9995557361598958, 0.029804870572587516, 0.0, -0.029804870572587516,
  0.9995557361598958, 0.0]
- [0.0, 0.0, 1.0, 0.9989891345509802, 0.04495229748392756, 0.0, -0.04495229748392756,
  0.9989891345509802, 0.0]
- [0.0, 0.0, 1.0, 0.9984528591718168, 0.05560474810323218, 0.0, -0.05560474810323218,
  0.9984528591718168, 0.0]
- [0.0, 0.0, 1.0, 0.9975279268116298, 0.07027115504167815, 0.0, -0.07027115504167815,
  0.9975279268116298, 0.0]
- [0.0, 0.0, 1.0, 0.9964401994155785, 0.0843026036883943, 0.0, -0.0843026036883943,
  0.9964401994155785, 0.0]
- [0.0, 0.0, 1.0, 0.9956761159315782, 0.09289279930870037, 0.0, -0.09289279930870037,
  0.9956761159315782, 0.0]
- [0.0, 0.0, 1.0, 0.9937089560947129, 0.11199335059348835, 0.0, -0.11199335059348835,
  0.9937089560947129, 0.0]
- [0.0, 0.0, 1.0, 0.9925820269314638, 0.1215768062281074, 0.0, -0.1215768062281074,
  0.9925820269314638, 0.0]
- [0.0, 0.0, 1.0, 0.9912708929213817, 0.13184087699513686, 0.0, -0.13184087699513686,
  0.9912708929213817, 0.0]
- [0.0, 0.0, 1.0, 0.9887494576415327, 0.14958111516356257, 0.0, -0.14958111516356257,
  0.9887494576415327, 0.0]
- [0.0, 0.0, 1.0, 0.9875225887449023, 0.1574774165350918, 0.0, -0.1574774165350918,
  0.9875225887449023, 0.0]
- [0.0, 0.0, 1.0, 0.9851204079803704, 0.17186559219514766, 0.0, -0.17186559219514766,
  0.9851204079803704, 0.0]
- [0.0, 0.0, 1.0, 0.9830334042394707, 0.183426623338482, 0.0, -0.183426623338482,
  0.9830334042394707, 0.0]
- [0.0, 0.0, 1.0, 0.9811211602846123, 0.19339407654262883, 0.0, -0.19339407654262883,
  0.9811211602846123, 0.0]
- [0.0, 0.0, 1.0, 0.9782655700940726, 0.20735591230664044, 0.0, -0.20735591230664044,
  0.9782655700940726, 0.0]
- [0.0, 0.0, 1.0, 0.9768878984198577, 0.21375227231735727, 0.0, -0.21375227231735727,
  0.9768878984198577, 0.0]
- [0.0, 0.0, 1.0, 0.974015234432551, 0.22648250063371952, 0.0, -0.22648250063371952,
  0.974015234432551, 0.0]
- [0.0, 0.0, 1.0, 0.9723484354376476, 0.23353483702000236, 0.0, -0.23353483702000236,
  0.9723484354376476, 0.0]
- [0.0, 0.0, 1.0, 0.970870733032259, 0.23960388089804413, 0.0, -0.23960388089804413,
  0.970870733032259, 0.0]
- [0.0, 0.0, 1.0, 0.9689347873007215, 0.24731635198366042, 0.0, -0.24731635198366042,
  0.9689347873007215, 0.0]
- [0.0, 0.0, 1.0, 0.9683471891618899, 0.24960713379682686, 0.0, -0.24960713379682686,
  0.9683471891618899, 0.0]
- [0.0, 0.0, 1.0, 0.9667194990567756, 0.25583864083327373, 0.0, -0.25583864083327373,
  0.9667194990567756, 0.0]
- [0.0, 0.0, 1.0, 0.9662817021788163, 0.257487226934482, 0.0, -0.257487226934482,
  0.9662817021788163, 0.0]
- [0.0, 0.0, 1.0, 0.965497115278743, 0.26041374846276, 0.0, -0.26041374846276, 0.965497115278743,
  0.0]
- [0.0, 0.0, 1.0, 0.9651430805709801, 0.261722819077662, 0.0, -0.261722819077662,
  0.9651430805709801, 0.0]
- [0.0, 0.0, 1.0, 0.9647761343761918, 0.26307225345545715, 0.0, -0.26307225345545715,
  0.9647761343761918, 0.0]
- [0.0, 0.0, 1.0, 0.964753739987935, 0.26315436758543764, 0.0, -0.26315436758543764,
  0.964753739987935, 0.0]
- [0.0, 0.0, 1.0, 0.9647433334855523, 0.2631925160318673, 0.0, -0.2631925160318673,
  0.9647433334855523, 0.0]
- [0.0, 0.0, 1.0, 0.965278964585954, 0.26122120995024223, 0.0, -0.26122120995024223,
  0.965278964585954, 0.0]
- [0.0, 0.0, 1.0, 0.9655790180691074, 0.26010989958995895, 0.0, -0.26010989958995895,
  0.9655790180691074, 0.0]
- [0.0, 0.0, 1.0, 0.9665805560225804, 0.2563630798673617, 0.0, -0.2563630798673617,
  0.9665805560225804, 0.0]
- [0.0, 0.0, 1.0, 0.9669703608713734, 0.25488884086261177, 0.0, -0.25488884086261177,
  0.9669703608713734, 0.0]
- [0.0, 0.0, 1.0, 0.9688210825599177, 0.24776139729067764, 0.0, -0.24776139729067764,
  0.9688210825599177, 0.0]
- [0.0, 0.0, 1.0, 0.9694404691260948, 0.24532667368343206, 0.0, -0.24532667368343206,
  0.9694404691260948, 0.0]
- [0.0, 0.0, 1.0, 0.9711281688505905, 0.2385583359786432, 0.0, -0.2385583359786432,
  0.9711281688505905, 0.0]
- [0.0, 0.0, 1.0, 0.9724919939863322, 0.2329363038096198, 0.0, -0.2329363038096198,
  0.9724919939863322, 0.0]
- [0.0, 0.0, 1.0, 0.9740343544718963, 0.22640025686495166, 0.0, -0.22640025686495166,
  0.9740343544718963, 0.0]
- [0.0, 0.0, 1.0, 0.9760293847488144, 0.2176387835539685, 0.0, -0.2176387835539685,
  0.9760293847488144, 0.0]
- [0.0, 0.0, 1.0, 0.9771982065992565, 0.21232914312264584, 0.0, -0.21232914312264584,
  0.9771982065992565, 0.0]
- [0.0, 0.0, 1.0, 0.979354555955175, 0.20215007724421552, 0.0, -0.20215007724421552,
  0.979354555955175, 0.0]
- [0.0, 0.0, 1.0, 0.9805816788392853, 0.19611111932965072, 0.0, -0.19611111932965072,
  0.9805816788392853, 0.0]
- [0.0, 0.0, 1.0, 0.9826656869713022, 0.1853864818405558, 0.0, -0.1853864818405558,
  0.9826656869713022, 0.0]
- [0.0, 0.0, 1.0, 0.984292104081337, 0.1765475965374049, 0.0, -0.1765475965374049,
  0.984292104081337, 0.0]
- [0.0, 0.0, 1.0, 0.9855583642834556, 0.16933608768044547, 0.0, -0.16933608768044547,
  0.9855583642834556, 0.0]
- [0.0, 0.0, 1.0, 0.987701820516669, 0.15634933241961047, 0.0, -0.15634933241961047,
  0.987701820516669, 0.0]
- [0.0, 0.0, 1.0, 0.9887919104824516, 0.14930022694042847, 0.0, -0.14930022694042847,
  0.9887919104824516, 0.0]
- [0.0, 0.0, 1.0, 0.9906275080192537, 0.13659114303483733, 0.0, -0.13659114303483733,
  0.9906275080192537, 0.0]
- [0.0, 0.0, 1.0, 0.9922413523313706, 0.1243265809214307, 0.0, -0.1243265809214307,
  0.9922413523313706, 0.0]
- [0.0, 0.0, 1.0, 0.9932700668389918, 0.11582130340168381, 0.0, -0.11582130340168381,
  0.9932700668389918, 0.0]
- [0.0, 0.0, 1.0, 0.9951229987477443, 0.09864186415157015, 0.0, -0.09864186415157015,
  0.9951229987477443, 0.0]
- [0.0, 0.0, 1.0, 0.9959394516628366, 0.09002559981210079, 0.0, -0.09002559981210079,
  0.9959394516628366, 0.0]
- [0.0, 0.0, 1.0, 0.9969261075161092, 0.07834753443969411, 0.0, -0.07834753443969411,
  0.9969261075161092, 0.0]
- [0.0, 0.0, 1.0, 0.998066554201858, 0.0621542708398186, 0.0, -0.0621542708398186,
  0.998066554201858, 0.0]
- [0.0, 0.0, 1.0, 0.9985975513215114, 0.05294270955175441, 0.0, -0.05294270955175441,
  0.9985975513215114, 0.0]
- [0.0, 0.0, 1.0, 0.9992848011265623, 0.037813836587241675, 0.0, -0.037813836587241675,
  0.9992848011265623, 0.0]
- [0.0, 0.0, 1.0, 0.9997112451122725, 0.024029698210125856, 0.0, -0.024029698210125856,
  0.9997112451122725, 0.0]
- [0.0, 0.0, 1.0, 0.9999168522294707, 0.012895294781694815, 0.0, -0.012895294781694815,
  0.9999168522294707, 0.0]
- [0.0, 0.0, 1.0, 0.9999895498522188, -0.004571672161992278, 0.0, 0.004571672161992278,
  0.9999895498522188, 0.0]
- [0.0, 0.0, 1.0, 0.9998328339549447, -0.01828398604308903, 0.0, 0.01828398604308903,
  0.9998328339549447, 0.0]
- [0.0, 0.0, 1.0, 0.9995309093627085, -0.030626152689442538, 0.0, 0.030626152689442538,
  0.9995309093627085, 0.0]
- [0.0, 0.0, 1.0, 0.9986987792613402, -0.05099753231195642, 0.0, 0.05099753231195642,
  0.9986987792613402, 0.0]
- [0.0, 0.0, 1.0, 0.9980471998472501, -0.06246428481190839, 0.0, 0.06246428481190839,
  0.9980471998472501, 0.0]
- [0.0, 0.0, 1.0, 0.997017362964756, -0.07717757411841888, 0.0, 0.07717757411841888,
  0.997017362964756, 0.0]
- [0.0, 0.0, 1.0, 0.9956695104664655, -0.09296357312124454, 0.0, 0.09296357312124454,
  0.9956695104664655, 0.0]
- [0.0, 0.0, 1.0, 0.9947442765968904, -0.10239054730652346, 0.0, 0.10239054730652346,
  0.9947442765968904, 0.0]
- [0.0, 0.0, 1.0, 0.9936926948966252, -0.11213754103368997, 0.0, 0.11213754103368997,
  0.9936926948966252, 0.0]
- [0.0, 0.0, 1.0, 0.992878549929801, -0.11913095772844107, 0.0, 0.11913095772844107,
  0.992878549929801, 0.0]
- [0.0, 0.0, 1.0, 0.9924062193649353, -0.12300364127047549, 0.0, 0.12300364127047549,
  0.9924062193649353, 0.0]
- [0.0, 0.0, 1.0, 0.0, 1.0, 0.0, -1.0, 0.0, 0.0]
- [0.0, 0.0, 1.0, 0.038439154321525344, 0.9992609426046061, 0.0, -0.9992609426046061,
  0.038439154321525344, 0.0]
- [0.0, 0.0, 1.0, 0.038439154321525344, 0.9992609426046061, 0.0, -0.9992609426046061,
  0.038439154321525344, 0.0]
- [0.0, 0.0, 1.0, 0.03843915432151604, 0.9992609426046065, 0.0, -0.9992609426046065,
  0.03843915432151604, 0.0]
- [0.0, 0.0, 1.0, 0.03843915432152535, 0.9992609426046061, 0.0, -0.9992609426046061,
  0.03843915432152535, 0.0]
- [0.0, 0.0, 1.0, 0.03843915432152534, 0.9992609426046061, 0.0, -0.9992609426046061,
  0.03843915432152534, 0.0]
- [0.0, 0.0, 1.0, 0.03843915432151602, 0.9992609426046064, 0.0, -0.9992609426046064,
  0.03843915432151602, 0.0]
- [0.0, 0.0, 1.0, 0.03843915432152537, 0.9992609426046061, 0.0, -0.9992609426046061,
  0.03843915432152537, 0.0]
- [0.0, 0.0, 1.0, 0.03843915432152533, 0.9992609426046061, 0.0, -0.9992609426046061,
  0.03843915432152533, 0.0]
