nodes:
- [7.03663688 0.08760065 0.00000000]
- [6.96596633 0.10590192 0.00000000]
- [6.89527883 0.12413745 0.00000000]
- [6.82455535 0.14223305 0.00000000]
- [6.75379088 0.16016760 0.00000000]
- [6.68301473 0.17805608 0.00000000]
- [6.61224242 0.19595978 0.00000000]
- [6.54147862 0.21389705 0.00000000]
- [6.47075355 0.23198623 0.00000000]
- [6.40006708 0.25022586 0.00000000]
- [6.32941482 0.26859757 0.00000000]
- [6.25878737 0.28706440 0.00000000]
- [6.18817767 0.30559901 0.00000000]
- [6.12033430 0.32342546 0.00000000]
- [6.05250975 0.34132332 0.00000000]
- [5.98470716 0.35930422 0.00000000]
- [5.91689914 0.37726461 0.00000000]
- [5.84911762 0.39532473 0.00000000]
- [5.78132490 0.41334284 0.00000000]
- [5.71354707 0.43141684 0.00000000]
- [5.64576499 0.44947489 0.00000000]
- [5.57796177 0.46745341 0.00000000]
- [5.51016790 0.48546719 0.00000000]
- [5.44236306 0.50343960 0.00000000]
- [5.37455781 0.52141049 0.00000000]
- [5.30674054 0.53933594 0.00000000]
- [5.23891768 0.55724027 0.00000000]
- [5.17107185 0.57505732 0.00000000]
- [5.10322302 0.59286295 0.00000000]
- [5.03535268 0.61058640 0.00000000]
- [4.96745562 0.62820720 0.00000000]
- [4.89953712 0.64574517 0.00000000]
- [4.83159520 0.66319225 0.00000000]
- [4.76362547 0.68053062 0.00000000]
- [4.69564014 0.69780774 0.00000000]
- [4.62763059 0.71498907 0.00000000]
- [4.55958076 0.73201043 0.00000000]
- [4.49150478 0.74892681 0.00000000]
- [4.42339633 0.76571198 0.00000000]
- [4.35526447 0.78240175 0.00000000]
- [4.28562719 0.79924471 0.00000000]
- [4.21595300 0.81593440 0.00000000]
- [4.14625472 0.83252320 0.00000000]
- [4.07650132 0.84887859 0.00000000]
- [4.00671024 0.86507248 0.00000000]
- [3.93687177 0.88106037 0.00000000]
- [3.86698152 0.89682081 0.00000000]
- [3.79704609 0.91237911 0.00000000]
- [3.72707488 0.92777608 0.00000000]
- [3.65702446 0.94280864 0.00000000]
- [3.58693420 0.95765356 0.00000000]
- [3.51678093 0.97219843 0.00000000]
- [3.44656811 0.98645272 0.00000000]
- [3.37630564 1.00046013 0.00000000]
- [3.30596623 1.01407627 0.00000000]
- [3.23556036 1.02734401 0.00000000]
- [3.16507281 1.04017061 0.00000000]
- [3.09451966 1.05263184 0.00000000]
- [3.02387400 1.06455579 0.00000000]
- [2.95316165 1.07607853 0.00000000]
- [2.88236720 1.08708578 0.00000000]
- [2.81148960 1.09754343 0.00000000]
- [2.74054060 1.10750648 0.00000000]
- [2.66950339 1.11681903 0.00000000]
- [2.59839201 1.12554522 0.00000000]
- [2.52720514 1.13363304 0.00000000]
- [2.42944824 1.14357659 0.00000000]
- [2.35739731 1.14998331 0.00000000]
- [2.28528598 1.15566630 0.00000000]
- [2.21310931 1.16045034 0.00000000]
- [2.14087979 1.16435053 0.00000000]
- [2.06861193 1.16745737 0.00000000]
- [1.99630475 1.16946736 0.00000000]
- [1.92397693 1.17042510 0.00000000]
- [1.85164183 1.17034616 0.00000000]
- [1.77932136 1.16891161 0.00000000]
- [1.70703417 1.16631730 0.00000000]
- [1.63480642 1.16240015 0.00000000]
- [1.53978366 1.15513873 0.00000000]
- [1.47095945 1.14806559 0.00000000]
- [1.40229330 1.13960098 0.00000000]
- [1.33384464 1.12952330 0.00000000]
- [1.26567536 1.11771550 0.00000000]
- [1.19780916 1.10425974 0.00000000]
- [1.13037625 1.08878492 0.00000000]
- [1.06339697 1.07146228 0.00000000]
- [0.99695328 1.05217766 0.00000000]
- [0.93115415 1.03079942 0.00000000]
- [0.86605492 1.00737840 0.00000000]
- [0.80179147 0.98175125 0.00000000]
- [0.73854555 0.95371999 0.00000000]
- [0.67626636 0.92359309 0.00000000]
- [0.61540780 0.89068436 0.00000000]
- [0.55590003 0.85540911 0.00000000]
- [0.49796146 0.81760470 0.00000000]
- [0.44186536 0.77712273 0.00000000]
- [0.38763838 0.73416775 0.00000000]
- [0.33566958 0.68849680 0.00000000]
- [0.28631009 0.64003177 0.00000000]
- [0.23938290 0.58921544 0.00000000]
- [0.19566015 0.53560515 0.00000000]
- [0.15523546 0.47948307 0.00000000]
- [0.11832713 0.42097184 0.00000000]
- [0.08566696 0.36000132 0.00000000]
- [0.05749128 0.29686000 0.00000000]
- [0.03419137 0.22645703 0.00000000]
- [0.01773066 0.15413163 0.00000000]
- [0.00578153 0.08092435 0.00000000]
- [0.00013781 0.00695905 0.00000000]
- [0.00559219 -0.06700680 0.00000000]
- [0.01774860 -0.14016560 0.00000000]
- [0.03594494 -0.21205959 0.00000000]
- [0.06173934 -0.28157948 0.00000000]
- [0.09202990 -0.34443477 0.00000000]
- [0.12691062 -0.40489276 0.00000000]
- [0.16606028 -0.46269040 0.00000000]
- [0.20882048 -0.51784730 0.00000000]
- [0.25498152 -0.57021386 0.00000000]
- [0.30424861 -0.61966104 0.00000000]
- [0.35594763 -0.66656262 0.00000000]
- [0.40990133 -0.71086953 0.00000000]
- [0.46602778 -0.75238707 0.00000000]
- [0.52380529 -0.79156000 0.00000000]
- [0.58323112 -0.82819955 0.00000000]
- [0.64409773 -0.86238392 0.00000000]
- [0.70613119 -0.89441167 0.00000000]
- [0.76933724 -0.92406608 0.00000000]
- [0.83351280 -0.95155070 0.00000000]
- [0.89844593 -0.97719179 0.00000000]
- [0.96414247 -1.00081906 0.00000000]
- [1.03048409 -1.02256322 0.00000000]
- [1.09738857 -1.04251395 0.00000000]
- [1.16480560 -1.06065956 0.00000000]
- [1.23268266 -1.07699147 0.00000000]
- [1.30089542 -1.09186596 0.00000000]
- [1.35883249 -1.10305201 0.00000000]
- [1.43003340 -1.11528222 0.00000000]
- [1.50148442 -1.12596136 0.00000000]
- [1.57316147 -1.13500162 0.00000000]
- [1.64501692 -1.14248419 0.00000000]
- [1.71700748 -1.14855032 0.00000000]
- [1.78911407 -1.15304173 0.00000000]
- [1.86129716 -1.15603593 0.00000000]
- [1.93352294 -1.15768759 0.00000000]
- [2.00576833 -1.15796999 0.00000000]
- [2.07800409 -1.15685469 0.00000000]
- [2.15021074 -1.15449246 0.00000000]
- [2.21789342 -1.15113540 0.00000000]
- [2.28550213 -1.14652953 0.00000000]
- [2.35588260 -1.14072512 0.00000000]
- [2.42615593 -1.13373558 0.00000000]
- [2.49630717 -1.12561627 0.00000000]
- [2.56633589 -1.11649515 0.00000000]
- [2.63619983 -1.10618427 0.00000000]
- [2.70590438 -1.09485073 0.00000000]
- [2.77544118 -1.08253230 0.00000000]
- [2.84478393 -1.06915965 0.00000000]
- [2.91393125 -1.05481362 0.00000000]
- [2.98288068 -1.03954261 0.00000000]
- [3.05160569 -1.02329006 0.00000000]
- [3.12010889 -1.00612904 0.00000000]
- [3.18838594 -0.98808931 0.00000000]
- [3.25643705 -0.96921309 0.00000000]
- [3.32426113 -0.94953733 0.00000000]
- [3.39186881 -0.92913015 0.00000000]
- [3.45926645 -0.90803874 0.00000000]
- [3.52643918 -0.88624276 0.00000000]
- [3.59341949 -0.86386218 0.00000000]
- [3.66019399 -0.84087383 0.00000000]
- [3.72677241 -0.81732400 0.00000000]
- [3.79316461 -0.79325411 0.00000000]
- [3.85938512 -0.76871544 0.00000000]
- [3.92541809 -0.74367703 0.00000000]
- [3.99129960 -0.71824239 0.00000000]
- [4.05704486 -0.69245720 0.00000000]
- [4.12267007 -0.66636819 0.00000000]
- [4.18817342 -0.63997462 0.00000000]
- [4.25251249 -0.61382716 0.00000000]
- [4.31680328 -0.58756121 0.00000000]
- [4.38106382 -0.56122128 0.00000000]
- [4.44529208 -0.53480275 0.00000000]
- [4.50951437 -0.50836973 0.00000000]
- [4.57375555 -0.48198263 0.00000000]
- [4.63802548 -0.45566569 0.00000000]
- [4.70236497 -0.42951929 0.00000000]
- [4.76679014 -0.40358481 0.00000000]
- [4.83132542 -0.37792550 0.00000000]
- [4.89597794 -0.35256350 0.00000000]
- [4.96079693 -0.32763012 0.00000000]
- [5.02581718 -0.30322594 0.00000000]
- [5.09103090 -0.27934440 0.00000000]
- [5.15644854 -0.25602729 0.00000000]
- [5.22209044 -0.23334916 0.00000000]
- [5.28797433 -0.21138555 0.00000000]
- [5.35409443 -0.19014140 0.00000000]
- [5.42052716 -0.16989689 0.00000000]
- [5.48720822 -0.15048919 0.00000000]
- [5.55417524 -0.13209119 0.00000000]
- [5.62143032 -0.11477471 0.00000000]
- [5.68893769 -0.09847246 0.00000000]
- [5.75668791 -0.08320654 0.00000000]
- [5.82471039 -0.06921043 0.00000000]
- [5.89294872 -0.05630652 0.00000000]
- [5.96140888 -0.04463065 0.00000000]
- [6.03010573 -0.03444407 0.00000000]
- [6.09898945 -0.02562034 0.00000000]
- [6.16805247 -0.01831949 0.00000000]
- [6.24080764 -0.01237038 0.00000000]
- [6.31368476 -0.00815658 0.00000000]
- [6.38664616 -0.00576405 0.00000000]
- [6.45964497 -0.00536666 0.00000000]
- [6.53262992 -0.00676230 0.00000000]
- [6.60555821 -0.01000023 0.00000000]
- [6.67836098 -0.01533469 0.00000000]
- [6.75096988 -0.02282317 0.00000000]
- [6.82323538 -0.03311313 0.00000000]
- [6.89496473 -0.04664299 0.00000000]
- [6.96605897 -0.06317937 0.00000000]
- [7.03663688 -0.08183125 0.00000000]
- [4.19652797 -0.56885580 0.00000000]
- [4.20488252 -0.49773698 0.00000000]
- [4.21323708 -0.42661816 0.00000000]
- [4.22159163 -0.35549935 0.00000000]
- [4.22994618 -0.28438053 0.00000000]
- [4.23830073 -0.21326171 0.00000000]
- [4.24665529 -0.14214289 0.00000000]
- [4.25500984 -0.07102407 0.00000000]
- [4.26336439 0.00009475 0.00000000]
- [4.27171894 0.07121356 0.00000000]
- [4.28007350 0.14233238 0.00000000]
- [4.28842805 0.21345120 0.00000000]
- [4.29678260 0.28457002 0.00000000]
- [4.30513715 0.35568884 0.00000000]
- [4.31349171 0.42680766 0.00000000]
- [4.32184626 0.49792647 0.00000000]
- [4.33020081 0.56904529 0.00000000]
- [4.33855536 0.64016411 0.00000000]
- [4.34690992 0.71128293 0.00000000]
- [1.36745668 -1.03225663 0.00000000]
- [1.37608086 -0.96146125 0.00000000]
- [1.38470505 -0.89066587 0.00000000]
- [1.39332923 -0.81987049 0.00000000]
- [1.40195342 -0.74907511 0.00000000]
- [1.41057760 -0.67827973 0.00000000]
- [1.41920179 -0.60748435 0.00000000]
- [1.42782597 -0.53668897 0.00000000]
- [1.43645016 -0.46589359 0.00000000]
- [1.44507435 -0.39509821 0.00000000]
- [1.45369853 -0.32430283 0.00000000]
- [1.46232272 -0.25350745 0.00000000]
- [1.47094690 -0.18271207 0.00000000]
- [1.47957109 -0.11191669 0.00000000]
- [1.48819527 -0.04112131 0.00000000]
- [1.49681946 0.02967407 0.00000000]
- [1.50544364 0.10046945 0.00000000]
- [1.51406783 0.17126483 0.00000000]
- [1.52269201 0.24206021 0.00000000]
- [1.53131620 0.31285559 0.00000000]
- [1.53994038 0.38365097 0.00000000]
- [1.54856457 0.45444635 0.00000000]
- [1.55718876 0.52524173 0.00000000]
- [1.56581294 0.59603711 0.00000000]
- [1.57443713 0.66683249 0.00000000]
- [1.58306131 0.73762787 0.00000000]
- [1.59168550 0.80842325 0.00000000]
- [1.60030968 0.87921863 0.00000000]
- [1.60893387 0.95001401 0.00000000]
- [1.61755805 1.02080939 0.00000000]
- [1.62618224 1.09160477 0.00000000]
- [2.15867249 -1.08485401 0.00000000]
- [2.16713423 -1.01521555 0.00000000]
- [2.17559597 -0.94557709 0.00000000]
- [2.18405771 -0.87593864 0.00000000]
- [2.19251945 -0.80630018 0.00000000]
- [2.20098120 -0.73666173 0.00000000]
- [2.20944294 -0.66702327 0.00000000]
- [2.21790468 -0.59738481 0.00000000]
- [2.22636642 -0.52774636 0.00000000]
- [2.23482817 -0.45810790 0.00000000]
- [2.24328991 -0.38846944 0.00000000]
- [2.25175165 -0.31883099 0.00000000]
- [2.26021339 -0.24919253 0.00000000]
- [2.26867514 -0.17955408 0.00000000]
- [2.27713688 -0.10991562 0.00000000]
- [2.28559862 -0.04027716 0.00000000]
- [2.29406036 0.02936129 0.00000000]
- [2.30252211 0.09899975 0.00000000]
- [2.31098385 0.16863820 0.00000000]
- [2.31944559 0.23827666 0.00000000]
- [2.32790733 0.30791512 0.00000000]
- [2.33636908 0.37755357 0.00000000]
- [2.34483082 0.44719203 0.00000000]
- [2.35329256 0.51683049 0.00000000]
- [2.36175430 0.58646894 0.00000000]
- [2.37021605 0.65610740 0.00000000]
- [2.37867779 0.72574585 0.00000000]
- [2.38713953 0.79538431 0.00000000]
- [2.39560127 0.86502277 0.00000000]
- [2.40406302 0.93466122 0.00000000]
- [2.41252476 1.00429968 0.00000000]
- [2.42098650 1.07393813 0.00000000]
elements:
- [1 2]
- [2 3]
- [3 4]
- [4 5]
- [5 6]
- [6 7]
- [7 8]
- [8 9]
- [9 10]
- [10 11]
- [11 12]
- [12 13]
- [13 14]
- [14 15]
- [15 16]
- [16 17]
- [17 18]
- [18 19]
- [19 20]
- [20 21]
- [21 22]
- [22 23]
- [23 24]
- [24 25]
- [25 26]
- [26 27]
- [27 28]
- [28 29]
- [29 30]
- [30 31]
- [31 32]
- [32 33]
- [33 34]
- [34 35]
- [35 36]
- [36 37]
- [37 38]
- [38 39]
- [39 40]
- [40 41]
- [41 42]
- [42 43]
- [43 44]
- [44 45]
- [45 46]
- [46 47]
- [47 48]
- [48 49]
- [49 50]
- [50 51]
- [51 52]
- [52 53]
- [53 54]
- [54 55]
- [55 56]
- [56 57]
- [57 58]
- [58 59]
- [59 60]
- [60 61]
- [61 62]
- [62 63]
- [63 64]
- [64 65]
- [65 66]
- [66 67]
- [67 68]
- [68 69]
- [69 70]
- [70 71]
- [71 72]
- [72 73]
- [73 74]
- [74 75]
- [75 76]
- [76 77]
- [77 78]
- [78 79]
- [79 80]
- [80 81]
- [81 82]
- [82 83]
- [83 84]
- [84 85]
- [85 86]
- [86 87]
- [87 88]
- [88 89]
- [89 90]
- [90 91]
- [91 92]
- [92 93]
- [93 94]
- [94 95]
- [95 96]
- [96 97]
- [97 98]
- [98 99]
- [99 100]
- [100 101]
- [101 102]
- [102 103]
- [103 104]
- [104 105]
- [105 106]
- [106 107]
- [107 108]
- [108 109]
- [109 110]
- [110 111]
- [111 112]
- [112 113]
- [113 114]
- [114 115]
- [115 116]
- [116 117]
- [117 118]
- [118 119]
- [119 120]
- [120 121]
- [121 122]
- [122 123]
- [123 124]
- [124 125]
- [125 126]
- [126 127]
- [127 128]
- [128 129]
- [129 130]
- [130 131]
- [131 132]
- [132 133]
- [133 134]
- [134 135]
- [135 136]
- [136 137]
- [137 138]
- [138 139]
- [139 140]
- [140 141]
- [141 142]
- [142 143]
- [143 144]
- [144 145]
- [145 146]
- [146 147]
- [147 148]
- [148 149]
- [149 150]
- [150 151]
- [151 152]
- [152 153]
- [153 154]
- [154 155]
- [155 156]
- [156 157]
- [157 158]
- [158 159]
- [159 160]
- [160 161]
- [161 162]
- [162 163]
- [163 164]
- [164 165]
- [165 166]
- [166 167]
- [167 168]
- [168 169]
- [169 170]
- [170 171]
- [171 172]
- [172 173]
- [173 174]
- [174 175]
- [175 176]
- [176 177]
- [177 178]
- [178 179]
- [179 180]
- [180 181]
- [181 182]
- [182 183]
- [183 184]
- [184 185]
- [185 186]
- [186 187]
- [187 188]
- [188 189]
- [189 190]
- [190 191]
- [191 192]
- [192 193]
- [193 194]
- [194 195]
- [195 196]
- [196 197]
- [197 198]
- [198 199]
- [199 200]
- [200 201]
- [201 202]
- [202 203]
- [203 204]
- [204 205]
- [205 206]
- [206 207]
- [207 208]
- [208 209]
- [209 210]
- [210 211]
- [211 212]
- [212 213]
- [213 214]
- [214 215]
- [215 216]
- [216 217]
- [217 218]
- [218 219]
- [219 1]
- [177 220]
- [220 221]
- [221 222]
- [222 223]
- [223 224]
- [224 225]
- [225 226]
- [226 227]
- [227 228]
- [228 229]
- [229 230]
- [230 231]
- [231 232]
- [232 233]
- [233 234]
- [234 235]
- [235 236]
- [236 237]
- [237 238]
- [238 40]
- [136 239]
- [239 240]
- [240 241]
- [241 242]
- [242 243]
- [243 244]
- [244 245]
- [245 246]
- [246 247]
- [247 248]
- [248 249]
- [249 250]
- [250 251]
- [251 252]
- [252 253]
- [253 254]
- [254 255]
- [255 256]
- [256 257]
- [257 258]
- [258 259]
- [259 260]
- [260 261]
- [261 262]
- [262 263]
- [263 264]
- [264 265]
- [265 266]
- [266 267]
- [267 268]
- [268 269]
- [269 78]
- [147 270]
- [270 271]
- [271 272]
- [272 273]
- [273 274]
- [274 275]
- [275 276]
- [276 277]
- [277 278]
- [278 279]
- [279 280]
- [280 281]
- [281 282]
- [282 283]
- [283 284]
- [284 285]
- [285 286]
- [286 287]
- [287 288]
- [288 289]
- [289 290]
- [290 291]
- [291 292]
- [292 293]
- [293 294]
- [294 295]
- [295 296]
- [296 297]
- [297 298]
- [298 299]
- [299 300]
- [300 301]
- [301 67]
sets:
  element:
  - name: layup_0
    labels:
    - 1
    - 2
    - 3
    - 4
    - 5
    - 6
    - 7
    - 8
    - 9
    - 10
    - 11
    - 12
    - 207
    - 208
    - 209
    - 210
    - 211
    - 212
    - 213
    - 214
    - 215
    - 216
    - 217
    - 218
    - 219
  - name: layup_1
    labels:
    - 13
    - 14
    - 15
    - 16
    - 17
    - 18
    - 19
    - 20
    - 21
    - 22
    - 23
    - 24
    - 25
    - 26
    - 27
    - 28
    - 29
    - 30
    - 31
    - 32
    - 33
    - 34
    - 35
    - 36
    - 37
    - 38
    - 39
    - 40
    - 41
    - 42
    - 43
    - 44
    - 45
    - 46
    - 47
    - 48
    - 49
    - 50
    - 51
    - 52
    - 53
    - 54
    - 55
    - 56
    - 57
    - 58
    - 59
    - 60
    - 61
    - 62
    - 63
    - 64
    - 65
    - 79
    - 80
    - 81
    - 82
    - 83
    - 84
    - 85
    - 86
    - 87
    - 88
    - 89
    - 90
    - 91
    - 92
    - 93
    - 94
    - 95
    - 96
    - 97
    - 98
    - 99
    - 100
    - 101
    - 102
    - 103
    - 104
    - 113
    - 114
    - 115
    - 116
    - 117
    - 118
    - 119
    - 120
    - 121
    - 122
    - 123
    - 124
    - 125
    - 126
    - 127
    - 128
    - 129
    - 130
    - 131
    - 132
    - 133
    - 134
    - 149
    - 150
    - 151
    - 152
    - 153
    - 154
    - 155
    - 156
    - 157
    - 158
    - 159
    - 160
    - 161
    - 162
    - 163
    - 164
    - 165
    - 166
    - 167
    - 168
    - 169
    - 170
    - 171
    - 172
    - 173
    - 174
    - 175
    - 176
    - 177
    - 178
    - 179
    - 180
    - 181
    - 182
    - 183
    - 184
    - 185
    - 186
    - 187
    - 188
    - 189
    - 190
    - 191
    - 192
    - 193
    - 194
    - 195
    - 196
    - 197
    - 198
    - 199
    - 200
    - 201
    - 202
    - 203
    - 204
    - 205
    - 206
  - name: layup_2
    labels:
    - 66
    - 67
    - 68
    - 69
    - 70
    - 71
    - 72
    - 73
    - 74
    - 75
    - 76
    - 77
    - 78
  - name: layup_3
    labels:
    - 105
    - 106
    - 107
    - 108
    - 109
    - 110
    - 111
    - 112
  - name: layup_4
    labels:
    - 135
    - 136
    - 137
    - 138
    - 139
    - 140
    - 141
    - 142
    - 143
    - 144
    - 145
    - 146
    - 147
    - 148
  - name: layup_5
    labels:
    - 220
    - 221
    - 222
    - 223
    - 224
    - 225
    - 226
    - 227
    - 228
    - 229
    - 230
    - 231
    - 232
    - 233
    - 234
    - 235
    - 236
    - 237
    - 238
    - 239
    - 240
    - 241
    - 242
    - 243
    - 244
    - 245
    - 246
    - 247
    - 248
    - 249
    - 250
    - 251
    - 252
    - 253
    - 254
    - 255
    - 256
    - 257
    - 258
    - 259
    - 260
    - 261
    - 262
    - 263
    - 264
    - 265
    - 266
    - 267
    - 268
    - 269
    - 270
    - 271
    - 272
    - 273
    - 274
    - 275
    - 276
    - 277
    - 278
    - 279
    - 280
    - 281
    - 282
    - 283
    - 284
    - 285
    - 286
    - 287
    - 288
    - 289
    - 290
    - 291
    - 292
    - 293
    - 294
    - 295
    - 296
    - 297
    - 298
    - 299
    - 300
    - 301
    - 302
    - 303
    - 304
sections:
- type: shell
  elementSet: layup_0
  layup:
  - - gelcoat
    - 0.0005
    - 0.0
  - - glass_triax
    - 0.003
    - 0.0
  - - glass_uniax
    - 0.02420355
    - 0.0
  - - glass_triax
    - 0.003
    - 0.0
- type: shell
  elementSet: layup_1
  layup:
  - - gelcoat
    - 0.0005
    - 0.0
  - - glass_triax
    - 0.003
    - 0.0
  - - medium_density_foam
    - 0.06621875
    - 0.0
  - - glass_triax
    - 0.003
    - 0.0
- type: shell
  elementSet: layup_2
  layup:
  - - gelcoat
    - 0.0005
    - 0.0
  - - glass_triax
    - 0.003
    - 0.0
  - - carbon_uniax
    - 0.08065128
    - 0.0
  - - glass_triax
    - 0.003
    - 0.0
- type: shell
  elementSet: layup_3
  layup:
  - - gelcoat
    - 0.0005
    - 0.0
  - - glass_triax
    - 0.003
    - 0.0
  - - glass_uniax
    - 0.01992811
    - 0.0
  - - glass_triax
    - 0.003
    - 0.0
- type: shell
  elementSet: layup_4
  layup:
  - - gelcoat
    - 0.0005
    - 0.0
  - - glass_triax
    - 0.003
    - 0.0
  - - carbon_uniax
    - 0.07738741
    - 0.0
  - - glass_triax
    - 0.003
    - 0.0
- type: shell
  elementSet: layup_5
  layup:
  - - glass_biax
    - 0.002
    - 0.0
  - - medium_density_foam
    - 0.04012
    - 0.0
  - - glass_biax
    - 0.002
    - 0.0
elementOrientations:
- [0.0, 0.0, 1.0, -0.9680658272802086, 0.2506961388858737, 0.0, -0.2506961388858737,
  -0.9680658272802086, 0.0]
- [0.0, 0.0, 1.0, -0.9682985370443433, 0.24979580292267622, 0.0, -0.24979580292267622,
  -0.9682985370443433, 0.0]
- [0.0, 0.0, 1.0, -0.968791055512623, 0.2478787823891703, 0.0, -0.2478787823891703,
  -0.968791055512623, 0.0]
- [0.0, 0.0, 1.0, -0.9693527953413829, 0.24567286818826173, 0.0, -0.24567286818826173,
  -0.9693527953413829, 0.0]
- [0.0, 0.0, 1.0, -0.9695125419737892, 0.24504169228015352, 0.0, -0.24504169228015352,
  -0.9695125419737892, 0.0]
- [0.0, 0.0, 1.0, -0.9694598461254812, 0.24525009021478117, 0.0, -0.24525009021478117,
  -0.9694598461254812, 0.0]
- [0.0, 0.0, 1.0, -0.969343375559924, 0.24571003288040957, 0.0, -0.24571003288040957,
  -0.969343375559924, 0.0]
- [0.0, 0.0, 1.0, -0.9688134875105334, 0.24779109430663018, 0.0, -0.24779109430663018,
  -0.9688134875105334, 0.0]
- [0.0, 0.0, 1.0, -0.9682841068049012, 0.24985173305189345, 0.0, -0.24985173305189345,
  -0.9682841068049012, 0.0]
- [0.0, 0.0, 1.0, -0.9678154252375988, 0.2516610869247882, 0.0, -0.2516610869247882,
  -0.9678154252375988, 0.0]
- [0.0, 0.0, 1.0, -0.9674756460319337, 0.25296417599156723, 0.0, -0.25296417599156723,
  -0.9674756460319337, 0.0]
- [0.0, 0.0, 1.0, -0.9672324568931981, 0.25389244638694497, 0.0, -0.25389244638694497,
  -0.9672324568931981, 0.0]
- [0.0, 0.0, 1.0, -0.9671694238628291, 0.25413245669304685, 0.0, -0.25413245669304685,
  -0.9671694238628291, 0.0]
- [0.0, 0.0, 1.0, -0.9669013711647723, 0.2551504231618738, 0.0, -0.2551504231618738,
  -0.9669013711647723, 0.0]
- [0.0, 0.0, 1.0, -0.9665881805726273, 0.25633433085971513, 0.0, -0.25633433085971513,
  -0.9665881805726273, 0.0]
- [0.0, 0.0, 1.0, -0.9666657039946955, 0.25604182611526505, 0.0, -0.25604182611526505,
  -0.9666657039946955, 0.0]
- [0.0, 0.0, 1.0, -0.9662880032503074, 0.25746357951083865, 0.0, -0.25746357951083865,
  -0.9662880032503074, 0.0]
- [0.0, 0.0, 1.0, -0.9664473495448758, 0.25686479042033916, 0.0, -0.25686479042033916,
  -0.9664473495448758, 0.0]
- [0.0, 0.0, 1.0, -0.9662352739029997, 0.25766139692549017, 0.0, -0.25766139692549017,
  -0.9662352739029997, 0.0]
- [0.0, 0.0, 1.0, -0.9662958338924919, 0.25743418848710437, 0.0, -0.25743418848710437,
  -0.9662958338924919, 0.0]
- [0.0, 0.0, 1.0, -0.9665972122609902, 0.25630027165276775, 0.0, -0.25630027165276775,
  -0.9665972122609902, 0.0]
- [0.0, 0.0, 1.0, -0.9664637637793242, 0.25680302432312335, 0.0, -0.25680302432312335,
  -0.9664637637793242, 0.0]
- [0.0, 0.0, 1.0, -0.9666203005636839, 0.25621318181969777, 0.0, -0.25621318181969777,
  -0.9666203005636839, 0.0]
- [0.0, 0.0, 1.0, -0.9666260682725638, 0.2561914208866581, 0.0, -0.2561914208866581,
  -0.9666260682725638, 0.0]
- [0.0, 0.0, 1.0, -0.9667974607933711, 0.25554387060442263, 0.0, -0.25554387060442263,
  -0.9667974607933711, 0.0]
- [0.0, 0.0, 1.0, -0.9668770597192545, 0.25524253444253614, 0.0, -0.25524253444253614,
  -0.9668770597192545, 0.0]
- [0.0, 0.0, 1.0, -0.9672046378328683, 0.25399840266149304, 0.0, -0.25399840266149304,
  -0.9672046378328683, 0.0]
- [0.0, 0.0, 1.0, -0.9672473487467246, 0.2538357073826147, 0.0, -0.2538357073826147,
  -0.9672473487467246, 0.0]
- [0.0, 0.0, 1.0, -0.9675540766600965, 0.2526640234351302, 0.0, -0.2526640234351302,
  -0.9675540766600965, 0.0]
- [0.0, 0.0, 1.0, -0.967935010849681, 0.2512007459611296, 0.0, -0.2512007459611296,
  -0.967935010849681, 0.0]
- [0.0, 0.0, 1.0, -0.9682406981902952, 0.25001989994392415, 0.0, -0.25001989994392415,
  -0.9682406981902952, 0.0]
- [0.0, 0.0, 1.0, -0.968574389753214, 0.24872404691583197, 0.0, -0.24872404691583197,
  -0.968574389753214, 0.0]
- [0.0, 0.0, 1.0, -0.9689710048433904, 0.2471744156922201, 0.0, -0.2471744156922201,
  -0.9689710048433904, 0.0]
- [0.0, 0.0, 1.0, -0.9691933242521549, 0.24630123878100427, 0.0, -0.24630123878100427,
  -0.9691933242521549, 0.0]
- [0.0, 0.0, 1.0, -0.9695392898543134, 0.2449358394126791, 0.0, -0.2449358394126791,
  -0.9695392898543134, 0.0]
- [0.0, 0.0, 1.0, -0.9701126453718714, 0.242655012908429, 0.0, -0.242655012908429,
  -0.9701126453718714, 0.0]
- [0.0, 0.0, 1.0, -0.9704856970141404, 0.24115868611969632, 0.0, -0.24115868611969632,
  -0.9704856970141404, 0.0]
- [0.0, 0.0, 1.0, -0.9709486288087515, 0.2392880277289389, 0.0, -0.2392880277289389,
  -0.9709486288087515, 0.0]
- [0.0, 0.0, 1.0, -0.9712827841663766, 0.2379280420253405, 0.0, -0.2379280420253405,
  -0.9712827841663766, 0.0]
- [0.0, 0.0, 1.0, -0.9719739812605611, 0.23508845091261843, 0.0, -0.23508845091261843,
  -0.9719739812605611, 0.0]
- [0.0, 0.0, 1.0, -0.9724889249541336, 0.2329491164214913, 0.0, -0.2329491164214913,
  -0.9724889249541336, 0.0]
- [0.0, 0.0, 1.0, -0.9728251842870107, 0.23154084049459572, 0.0, -0.23154084049459572,
  -0.9728251842870107, 0.0]
- [0.0, 0.0, 1.0, -0.9735947843702907, 0.22828314840777703, 0.0, -0.22828314840777703,
  -0.9735947843702907, 0.0]
- [0.0, 0.0, 1.0, -0.9741205956071626, 0.22602890349233387, 0.0, -0.22602890349233387,
  -0.9741205956071626, 0.0]
- [0.0, 0.0, 1.0, -0.9747832393416959, 0.22315383998154756, 0.0, -0.22315383998154756,
  -0.9747832393416959, 0.0]
- [0.0, 0.0, 1.0, -0.9755046009509518, 0.21997902973584654, 0.0, -0.21997902973584654,
  -0.9755046009509518, 0.0]
- [0.0, 0.0, 1.0, -0.976136506849849, 0.2171578227809781, 0.0, -0.2171578227809781,
  -0.976136506849849, 0.0]
- [0.0, 0.0, 1.0, -0.9766347950294639, 0.21490574012286665, 0.0, -0.21490574012286665,
  -0.9766347950294639, 0.0]
- [0.0, 0.0, 1.0, -0.9777401566988398, 0.20981941277805558, 0.0, -0.20981941277805558,
  -0.9777401566988398, 0.0]
- [0.0, 0.0, 1.0, -0.9782984191765772, 0.2072008760517433, 0.0, -0.2072008760517433,
  -0.9782984191765772, 0.0]
- [0.0, 0.0, 1.0, -0.9791761488265522, 0.20301248623964407, 0.0, -0.20301248623964407,
  -0.9791761488265522, 0.0]
- [0.0, 0.0, 1.0, -0.9800082713202218, 0.1989567494304994, 0.0, -0.1989567494304994,
  -0.9800082713202218, 0.0]
- [0.0, 0.0, 1.0, -0.9807015043374746, 0.19551102114769503, 0.0, -0.19551102114769503,
  -0.9807015043374746, 0.0]
- [0.0, 0.0, 1.0, -0.9817744640540542, 0.19004973488898788, 0.0, -0.19004973488898788,
  -0.9817744640540542, 0.0]
- [0.0, 0.0, 1.0, -0.9827033015099885, 0.18518698982749465, 0.0, -0.18518698982749465,
  -0.9827033015099885, 0.0]
- [0.0, 0.0, 1.0, -0.9838436697626576, 0.17902969996049983, 0.0, -0.17902969996049983,
  -0.9838436697626576, 0.0]
- [0.0, 0.0, 1.0, -0.9847580474168028, 0.17392983656591526, 0.0, -0.17392983656591526,
  -0.9847580474168028, 0.0]
- [0.0, 0.0, 1.0, -0.9860530542179418, 0.16643128992911335, 0.0, -0.16643128992911335,
  -0.9860530542179418, 0.0]
- [0.0, 0.0, 1.0, -0.9869819582936673, 0.1608310107000441, 0.0, -0.1608310107000441,
  -0.9869819582936673, 0.0]
- [0.0, 0.0, 1.0, -0.9881275435963385, 0.15363579526355867, 0.0, -0.15363579526355867,
  -0.9881275435963385, 0.0]
- [0.0, 0.0, 1.0, -0.9892897566046227, 0.14596498716187473, 0.0, -0.14596498716187473,
  -0.9892897566046227, 0.0]
- [0.0, 0.0, 1.0, -0.9902838061205583, 0.13906107771544318, 0.0, -0.13906107771544318,
  -0.9902838061205583, 0.0]
- [0.0, 0.0, 1.0, -0.9915163700884391, 0.12998187506974088, 0.0, -0.12998187506974088,
  -0.9915163700884391, 0.0]
- [0.0, 0.0, 1.0, -0.9925549158844705, 0.12179794314179355, 0.0, -0.12179794314179355,
  -0.9925549158844705, 0.0]
- [0.0, 0.0, 1.0, -0.9936077485684985, 0.11288774063041347, 0.0, -0.11288774063041347,
  -0.9936077485684985, 0.0]
- [0.0, 0.0, 1.0, -0.9948666154296981, 0.10119494801351044, 0.0, -0.10119494801351044,
  -0.9948666154296981, 0.0]
- [0.0, 0.0, 1.0, -0.99606997329874, 0.08856979334201577, 0.0, -0.08856979334201577,
  -0.99606997329874, 0.0]
- [0.0, 0.0, 1.0, -0.9969089866789261, 0.0785650830763675, 0.0, -0.0785650830763675,
  -0.9969089866789261, 0.0]
- [0.0, 0.0, 1.0, -0.9978105364758604, 0.06613723079896594, 0.0, -0.06613723079896594,
  -0.9978105364758604, 0.0]
- [0.0, 0.0, 1.0, -0.998545334380552, 0.05391859778250387, 0.0, -0.05391859778250387,
  -0.998545334380552, 0.0]
- [0.0, 0.0, 1.0, -0.9990771827409325, 0.04295093626967258, 0.0, -0.04295093626967258,
  -0.9990771827409325, 0.0]
- [0.0, 0.0, 1.0, -0.9996138622793016, 0.027787161406981387, 0.0, -0.027787161406981387,
  -0.9996138622793016, 0.0]
- [0.0, 0.0, 1.0, -0.9999123410670997, 0.013240475131660998, 0.0, -0.013240475131660998,
  -0.9999123410670997, 0.0]
- [0.0, 0.0, 1.0, -0.9999994045685691, -0.0010912664693352708, 0.0, 0.0010912664693352708,
  -0.9999994045685691, 0.0]
- [0.0, 0.0, 1.0, -0.9998033237600847, -0.019832140537192795, 0.0, 0.019832140537192795,
  -0.9998033237600847, 0.0]
- [0.0, 0.0, 1.0, -0.9993566167442814, -0.03586575761675039, 0.0, 0.03586575761675039,
  -0.9993566167442814, 0.0]
- [0.0, 0.0, 1.0, -0.9985326077060528, -0.05415377500922798, 0.0, 0.05415377500922798,
  -0.9985326077060528, 0.0]
- [0.0, 0.0, 1.0, -0.997092895779816, -0.07619551945765006, 0.0, 0.07619551945765006,
  -0.997092895779816, 0.0]
- [0.0, 0.0, 1.0, -0.9947605198963824, -0.1022326173756634, 0.0, 0.1022326173756634,
  -0.9947605198963824, 0.0]
- [0.0, 0.0, 1.0, -0.992487515465052, -0.12234595067270661, 0.0, 0.12234595067270661,
  -0.992487515465052, 0.0]
- [0.0, 0.0, 1.0, -0.9893347686726706, -0.14565958772217308, 0.0, 0.14565958772217308,
  -0.9893347686726706, 0.0]
- [0.0, 0.0, 1.0, -0.9853279828166677, -0.17067151572080347, 0.0, 0.17067151572080347,
  -0.9853279828166677, 0.0]
- [0.0, 0.0, 1.0, -0.9809058626966701, -0.19448313172946669, 0.0, 0.19448313172946669,
  -0.9809058626966701, 0.0]
- [0.0, 0.0, 1.0, -0.9746647851723925, -0.22367064301077538, 0.0, 0.22367064301077538,
  -0.9746647851723925, 0.0]
- [0.0, 0.0, 1.0, -0.9681454703774958, -0.250388394674229, 0.0, 0.250388394674229,
  -0.9681454703774958, 0.0]
- [0.0, 0.0, 1.0, -0.9603674596814522, -0.27873704882019923, 0.0, 0.27873704882019923,
  -0.9603674596814522, 0.0]
- [0.0, 0.0, 1.0, -0.9510615633061656, -0.30900146084061186, 0.0, 0.30900146084061186,
  -0.9510615633061656, 0.0]
- [0.0, 0.0, 1.0, -0.9409551410005037, -0.33853127274259626, 0.0, 0.33853127274259626,
  -0.9409551410005037, 0.0]
- [0.0, 0.0, 1.0, -0.9288661072104781, -0.3704156514993024, 0.0, 0.3704156514993024,
  -0.9288661072104781, 0.0]
- [0.0, 0.0, 1.0, -0.9142297093337729, -0.4051962963447284, 0.0, 0.4051962963447284,
  -0.9142297093337729, 0.0]
- [0.0, 0.0, 1.0, -0.9002056430727062, -0.4354650389871215, 0.0, 0.4354650389871215,
  -0.9002056430727062, 0.0]
- [0.0, 0.0, 1.0, -0.8796327029436188, -0.4756535587085451, 0.0, 0.4756535587085451,
  -0.8796327029436188, 0.0]
- [0.0, 0.0, 1.0, -0.8602193070509793, -0.5099242529795314, 0.0, 0.5099242529795314,
  -0.8602193070509793, 0.0]
- [0.0, 0.0, 1.0, -0.8374889438425475, -0.5464542697623419, 0.0, 0.5464542697623419,
  -0.8374889438425475, 0.0]
- [0.0, 0.0, 1.0, -0.8108979354696741, -0.5851876094476197, 0.0, 0.5851876094476197,
  -0.8108979354696741, 0.0]
- [0.0, 0.0, 1.0, -0.7838678928141453, -0.6209276339599579, 0.0, 0.6209276339599579,
  -0.7838678928141453, 0.0]
- [0.0, 0.0, 1.0, -0.7511548530174772, -0.6601260385625554, 0.0, 0.6601260385625554,
  -0.7511548530174772, 0.0]
- [0.0, 0.0, 1.0, -0.713542432693064, -0.7006120158450498, 0.0, 0.7006120158450498,
  -0.713542432693064, 0.0]
- [0.0, 0.0, 1.0, -0.6784347181591958, -0.7346606925623914, 0.0, 0.7346606925623914,
  -0.6784347181591958, 0.0]
- [0.0, 0.0, 1.0, -0.6320228620212485, -0.7749497415203581, 0.0, 0.7749497415203581,
  -0.6320228620212485, 0.0]
- [0.0, 0.0, 1.0, -0.5844646146591319, -0.8114191975861504, 0.0, 0.8114191975861504,
  -0.5844646146591319, 0.0]
- [0.0, 0.0, 1.0, -0.533516286298088, -0.8457897920019468, 0.0, 0.8457897920019468,
  -0.533516286298088, 0.0]
- [0.0, 0.0, 1.0, -0.47219205007614107, -0.8814956992775921, 0.0, 0.8814956992775921,
  -0.47219205007614107, 0.0]
- [0.0, 0.0, 1.0, -0.40750121673516665, -0.9132046640043835, 0.0, 0.9132046640043835,
  -0.40750121673516665, 0.0]
- [0.0, 0.0, 1.0, -0.3141912906789622, -0.9493596962487337, 0.0, 0.9493596962487337,
  -0.3141912906789622, 0.0]
- [0.0, 0.0, 1.0, -0.2219174191290059, -0.9750654640008132, 0.0, 0.9750654640008132,
  -0.2219174191290059, 0.0]
- [0.0, 0.0, 1.0, -0.16109142390295642, -0.9869394880867408, 0.0, 0.9869394880867408,
  -0.16109142390295642, 0.0]
- [0.0, 0.0, 1.0, -0.07608110822908078, -0.9971016322174159, 0.0, 0.9971016322174159,
  -0.07608110822908078, 0.0]
- [0.0, 0.0, 1.0, 0.07354213587331468, -0.9972921107936183, 0.0, 0.9972921107936183,
  0.07354213587331468, 0.0]
- [0.0, 0.0, 1.0, 0.1639171392063818, -0.9864741108992144, 0.0, 0.9864741108992144,
  0.1639171392063818, 0.0]
- [0.0, 0.0, 1.0, 0.24536273522700341, -0.9694313426756551, 0.0, 0.9694313426756551,
  0.24536273522700341, 0.0]
- [0.0, 0.0, 1.0, 0.34786324060374463, -0.9375452873523824, 0.0, 0.9375452873523824,
  0.34786324060374463, 0.0]
- [0.0, 0.0, 1.0, 0.4341286552789193, -0.9008508814813454, 0.0, 0.9008508814813454,
  0.4341286552789193, 0.0]
- [0.0, 0.0, 1.0, 0.4997343018211933, -0.8661787503646602, 0.0, 0.8661787503646602,
  0.4997343018211933, 0.0]
- [0.0, 0.0, 1.0, 0.5608130690773049, -0.8279424506281183, 0.0, 0.8279424506281183,
  0.5608130690773049, 0.0]
- [0.0, 0.0, 1.0, 0.6126934260290212, -0.7903206727024292, 0.0, 0.7903206727024292,
  0.6126934260290212, 0.0]
- [0.0, 0.0, 1.0, 0.6612610794046813, -0.7501558403855533, 0.0, 0.7501558403855533,
  0.6612610794046813, 0.0]
- [0.0, 0.0, 1.0, 0.7058156816250396, -0.7083955276342311, 0.0, 0.7083955276342311,
  0.7058156816250396, 0.0]
- [0.0, 0.0, 1.0, 0.740634997559052, -0.6719075832216086, 0.0, 0.6719075832216086,
  0.740634997559052, 0.0]
- [0.0, 0.0, 1.0, 0.7728119935073503, -0.634635031093616, 0.0, 0.634635031093616,
  0.7728119935073503, 0.0]
- [0.0, 0.0, 1.0, 0.8039517019269483, -0.59469459470283, 0.0, 0.59469459470283, 0.8039517019269483,
  0.0]
- [0.0, 0.0, 1.0, 0.8276970049517639, -0.5611752560420672, 0.0, 0.5611752560420672,
  0.8276970049517639, 0.0]
- [0.0, 0.0, 1.0, 0.8512116455628305, -0.5248225742650732, 0.0, 0.5248225742650732,
  0.8512116455628305, 0.0]
- [0.0, 0.0, 1.0, 0.8719003515113457, -0.48968334363585597, 0.0, 0.48968334363585597,
  0.8719003515113457, 0.0]
- [0.0, 0.0, 1.0, 0.8885594698477498, -0.4587614505861251, 0.0, 0.4587614505861251,
  0.8885594698477498, 0.0]
- [0.0, 0.0, 1.0, 0.9053126001860144, -0.4247459192793236, 0.0, 0.4247459192793236,
  0.9053126001860144, 0.0]
- [0.0, 0.0, 1.0, 0.9192445325596594, -0.39368704494709156, 0.0, 0.39368704494709156,
  0.9192445325596594, 0.0]
- [0.0, 0.0, 1.0, 0.9301082753652082, -0.367285442261408, 0.0, 0.367285442261408,
  0.9301082753652082, 0.0]
- [0.0, 0.0, 1.0, 0.9409945685488589, -0.3384216629613811, 0.0, 0.3384216629613811,
  0.9409945685488589, 0.0]
- [0.0, 0.0, 1.0, 0.950260044879628, -0.3114576168684392, 0.0, 0.3114576168684392,
  0.950260044879628, 0.0]
- [0.0, 0.0, 1.0, 0.9583004720863619, -0.2857624978877663, 0.0, 0.2857624978877663,
  0.9583004720863619, 0.0]
- [0.0, 0.0, 1.0, 0.9656342010093528, -0.2599049630942602, 0.0, 0.2599049630942602,
  0.9656342010093528, 0.0]
- [0.0, 0.0, 1.0, 0.9722525070263792, -0.23393388506353746, 0.0, 0.23393388506353746,
  0.9722525070263792, 0.0]
- [0.0, 0.0, 1.0, 0.9770404974049831, -0.21305367030544978, 0.0, 0.21305367030544978,
  0.9770404974049831, 0.0]
- [0.0, 0.0, 1.0, 0.9818669388481847, -0.1895713965684046, 0.0, 0.1895713965684046,
  0.9818669388481847, 0.0]
- [0.0, 0.0, 1.0, 0.9855660987244809, -0.1692910660519532, 0.0, 0.1692910660519532,
  0.9855660987244809, 0.0]
- [0.0, 0.0, 1.0, 0.9890144197874693, -0.14781906998914449, 0.0, 0.14781906998914449,
  0.9890144197874693, 0.0]
- [0.0, 0.0, 1.0, 0.992139895522382, -0.125133639413376, 0.0, 0.125133639413376, 0.992139895522382,
  0.0]
- [0.0, 0.0, 1.0, 0.9946217927035709, -0.10357359450716569, 0.0, 0.10357359450716569,
  0.9946217927035709, 0.0]
- [0.0, 0.0, 1.0, 0.9964686856310643, -0.08396522230482756, 0.0, 0.08396522230482756,
  0.9964686856310643, 0.0]
- [0.0, 0.0, 1.0, 0.9980657003534309, -0.062167980327620935, 0.0, 0.062167980327620935,
  0.9980657003534309, 0.0]
- [0.0, 0.0, 1.0, 0.9991407880645378, -0.041444971055296244, 0.0, 0.041444971055296244,
  0.9991407880645378, 0.0]
- [0.0, 0.0, 1.0, 0.9997386276359397, -0.02286211741304396, 0.0, 0.02286211741304396,
  0.9997386276359397, 0.0]
- [0.0, 0.0, 1.0, 0.9999923602127948, -0.003908902153304762, 0.0, 0.003908902153304762,
  0.9999923602127948, 0.0]
- [0.0, 0.0, 1.0, 0.999880828182899, 0.015437921889944167, 0.0, -0.015437921889944167,
  0.999880828182899, 0.0]
- [0.0, 0.0, 1.0, 0.9994652988470963, 0.0326973454654146, 0.0, -0.0326973454654146,
  0.9994652988470963, 0.0]
- [0.0, 0.0, 1.0, 0.9987721816467029, 0.04953916802576947, 0.0, -0.04953916802576947,
  0.9987721816467029, 0.0]
- [0.0, 0.0, 1.0, 0.9976875190561758, 0.06796774469947536, 0.0, -0.06796774469947536,
  0.9976875190561758, 0.0]
- [0.0, 0.0, 1.0, 0.9966164366726951, 0.08219293250529607, 0.0, -0.08219293250529607,
  0.9966164366726951, 0.0]
- [0.0, 0.0, 1.0, 0.9950900441329621, 0.09897375443752528, 0.0, -0.09897375443752528,
  0.9950900441329621, 0.0]
- [0.0, 0.0, 1.0, 0.9933686603252999, 0.11497262580074732, 0.0, -0.11497262580074732,
  0.9933686603252999, 0.0]
- [0.0, 0.0, 1.0, 0.9916241109838951, 0.12915735563799627, 0.0, -0.12915735563799627,
  0.9916241109838951, 0.0]
- [0.0, 0.0, 1.0, 0.989284052829641, 0.14600363973874145, 0.0, -0.14600363973874145,
  0.989284052829641, 0.0]
- [0.0, 0.0, 1.0, 0.9870380524274495, 0.16048639524965264, 0.0, -0.16048639524965264,
  0.9870380524274495, 0.0]
- [0.0, 0.0, 1.0, 0.9846688741767958, 0.17443396523441607, 0.0, -0.17443396523441607,
  0.9846688741767958, 0.0]
- [0.0, 0.0, 1.0, 0.981907832567688, 0.18935946858349864, 0.0, -0.18935946858349864,
  0.981907832567688, 0.0]
- [0.0, 0.0, 1.0, 0.9791487803909585, 0.203144445798792, 0.0, -0.203144445798792,
  0.9791487803909585, 0.0]
- [0.0, 0.0, 1.0, 0.9763400021097148, 0.2162410698281019, 0.0, -0.2162410698281019,
  0.9763400021097148, 0.0]
- [0.0, 0.0, 1.0, 0.9731577921607605, 0.23013889622746111, 0.0, -0.23013889622746111,
  0.9731577921607605, 0.0]
- [0.0, 0.0, 1.0, 0.9700250456193915, 0.24300496058948573, 0.0, -0.24300496058948573,
  0.9700250456193915, 0.0]
- [0.0, 0.0, 1.0, 0.9668228285742868, 0.2554478775555105, 0.0, -0.2554478775555105,
  0.9668228285742868, 0.0]
- [0.0, 0.0, 1.0, 0.9636159623156675, 0.2672906230499869, 0.0, -0.2672906230499869,
  0.9636159623156675, 0.0]
- [0.0, 0.0, 1.0, 0.9604034646699267, 0.2786129664068081, 0.0, -0.2786129664068081,
  0.9604034646699267, 0.0]
- [0.0, 0.0, 1.0, 0.9573382419407187, 0.28896970519044757, 0.0, -0.28896970519044757,
  0.9573382419407187, 0.0]
- [0.0, 0.0, 1.0, 0.9543603581166413, 0.2986575076161254, 0.0, -0.2986575076161254,
  0.9543603581166413, 0.0]
- [0.0, 0.0, 1.0, 0.9511802929431383, 0.30863578910522627, 0.0, -0.30863578910522627,
  0.9511802929431383, 0.0]
- [0.0, 0.0, 1.0, 0.9484544909834718, 0.31691336124133873, 0.0, -0.31691336124133873,
  0.9484544909834718, 0.0]
- [0.0, 0.0, 1.0, 0.9455357885556366, 0.32551816010857293, 0.0, -0.32551816010857293,
  0.9455357885556366, 0.0]
- [0.0, 0.0, 1.0, 0.9427609832303385, 0.3334692317119607, 0.0, -0.3334692317119607,
  0.9427609832303385, 0.0]
- [0.0, 0.0, 1.0, 0.9401236999515549, 0.34083343261687077, 0.0, -0.34083343261687077,
  0.9401236999515549, 0.0]
- [0.0, 0.0, 1.0, 0.9376908533978977, 0.3474706656020363, 0.0, -0.3474706656020363,
  0.9376908533978977, 0.0]
- [0.0, 0.0, 1.0, 0.9350377946459084, 0.3545480539838231, 0.0, -0.3545480539838231,
  0.9350377946459084, 0.0]
- [0.0, 0.0, 1.0, 0.9328913135884319, 0.3601580167527167, 0.0, -0.3601580167527167,
  0.9328913135884319, 0.0]
- [0.0, 0.0, 1.0, 0.9309600217304203, 0.3651211277640551, 0.0, -0.3651211277640551,
  0.9309600217304203, 0.0]
- [0.0, 0.0, 1.0, 0.9292611477658264, 0.36942349580520606, 0.0, -0.36942349580520606,
  0.9292611477658264, 0.0]
- [0.0, 0.0, 1.0, 0.927535078998332, 0.3737361064007033, 0.0, -0.3737361064007033,
  0.927535078998332, 0.0]
- [0.0, 0.0, 1.0, 0.9264178178007326, 0.3764970476130303, 0.0, -0.3764970476130303,
  0.9264178178007326, 0.0]
- [0.0, 0.0, 1.0, 0.9257225707053058, 0.3782032814330938, 0.0, -0.3782032814330938,
  0.9257225707053058, 0.0]
- [0.0, 0.0, 1.0, 0.9252867288107296, 0.3792683344107959, 0.0, -0.3792683344107959,
  0.9252867288107296, 0.0]
- [0.0, 0.0, 1.0, 0.9248220444039759, 0.38040003441699405, 0.0, -0.38040003441699405,
  0.9248220444039759, 0.0]
- [0.0, 0.0, 1.0, 0.9247361297752563, 0.38060884157922625, 0.0, -0.38060884157922625,
  0.9247361297752563, 0.0]
- [0.0, 0.0, 1.0, 0.9250080362546819, 0.379947539621271, 0.0, -0.379947539621271,
  0.9250080362546819, 0.0]
- [0.0, 0.0, 1.0, 0.9254222623830459, 0.3789375097372187, 0.0, -0.3789375097372187,
  0.9254222623830459, 0.0]
- [0.0, 0.0, 1.0, 0.9264239995467636, 0.37648183629994425, 0.0, -0.37648183629994425,
  0.9264239995467636, 0.0]
