nodes:
- [5.84019114 0.05471808 0.00000000]
- [5.78137025 0.06873287 0.00000000]
- [5.72253358 0.08268101 0.00000000]
- [5.66366999 0.09651536 0.00000000]
- [5.60480332 0.11033658 0.00000000]
- [5.54593401 0.12414655 0.00000000]
- [5.48708357 0.13803651 0.00000000]
- [5.42826067 0.15204289 0.00000000]
- [5.36944789 0.16609121 0.00000000]
- [5.31069873 0.18040373 0.00000000]
- [5.25195051 0.19472003 0.00000000]
- [5.19323042 0.20915117 0.00000000]
- [5.13452574 0.22364503 0.00000000]
- [5.07582486 0.23815423 0.00000000]
- [5.01715710 0.25279678 0.00000000]
- [4.95931540 0.26724667 0.00000000]
- [4.90147793 0.28171346 0.00000000]
- [4.84365503 0.29623840 0.00000000]
- [4.78583291 0.31076646 0.00000000]
- [4.72800956 0.32528960 0.00000000]
- [4.67018011 0.33978845 0.00000000]
- [4.61235066 0.35428731 0.00000000]
- [4.55451900 0.36877733 0.00000000]
- [4.49667202 0.38320607 0.00000000]
- [4.43882329 0.39762778 0.00000000]
- [4.38097329 0.41204442 0.00000000]
- [4.32309323 0.42633972 0.00000000]
- [4.26520138 0.44058739 0.00000000]
- [4.20730953 0.45483504 0.00000000]
- [4.14938983 0.46896851 0.00000000]
- [4.09142725 0.48292566 0.00000000]
- [4.03346412 0.49688047 0.00000000]
- [3.97549339 0.51080364 0.00000000]
- [3.91745624 0.52444684 0.00000000]
- [3.85940464 0.53802897 0.00000000]
- [3.80135304 0.55161107 0.00000000]
- [3.74325874 0.56500834 0.00000000]
- [3.68667742 0.57776159 0.00000000]
- [3.63009610 0.59051482 0.00000000]
- [3.57351477 0.60326801 0.00000000]
- [3.51685007 0.61564373 0.00000000]
- [3.46015312 0.62787265 0.00000000]
- [3.40345616 0.64010153 0.00000000]
- [3.34675233 0.65229845 0.00000000]
- [3.28992646 0.66391289 0.00000000]
- [3.23309453 0.67549831 0.00000000]
- [3.17626259 0.68708368 0.00000000]
- [3.11939002 0.69846572 0.00000000]
- [3.06241195 0.70930962 0.00000000]
- [3.00543387 0.72015345 0.00000000]
- [2.94845578 0.73099724 0.00000000]
- [2.89138302 0.74132624 0.00000000]
- [2.83423394 0.75122945 0.00000000]
- [2.77708485 0.76113259 0.00000000]
- [2.71993287 0.77101833 0.00000000]
- [2.66262305 0.77994229 0.00000000]
- [2.60528185 0.78866455 0.00000000]
- [2.54794064 0.79738671 0.00000000]
- [2.49056287 0.80584846 0.00000000]
- [2.43303289 0.81322349 0.00000000]
- [2.37550118 0.82058508 0.00000000]
- [2.31796945 0.82794657 0.00000000]
- [2.26032930 0.83438134 0.00000000]
- [2.20261554 0.84014440 0.00000000]
- [2.14490177 0.84590734 0.00000000]
- [2.08717424 0.85150792 0.00000000]
- [2.02930846 0.85546227 0.00000000]
- [1.97143840 0.85935421 0.00000000]
- [1.92230003 0.86265878 0.00000000]
- [1.87312310 0.86526892 0.00000000]
- [1.81603665 0.86703731 0.00000000]
- [1.75894926 0.86878021 0.00000000]
- [1.70185702 0.87026491 0.00000000]
- [1.64474667 0.86993147 0.00000000]
- [1.58763760 0.86918101 0.00000000]
- [1.53052854 0.86843034 0.00000000]
- [1.47348251 0.86578604 0.00000000]
- [1.41648111 0.86220155 0.00000000]
- [1.35947972 0.85861684 0.00000000]
- [1.30262814 0.85337427 0.00000000]
- [1.24591395 0.84662823 0.00000000]
- [1.18919993 0.83988076 0.00000000]
- [1.13275043 0.83128105 0.00000000]
- [1.07658406 0.82092015 0.00000000]
- [1.03067376 0.81245090 0.00000000]
- [0.98497282 0.80295064 0.00000000]
- [0.92812891 0.78834682 0.00000000]
- [0.87128509 0.77374268 0.00000000]
- [0.81514150 0.75670323 0.00000000]
- [0.75952097 0.73797204 0.00000000]
- [0.70413070 0.71861526 0.00000000]
- [0.64996658 0.69602371 0.00000000]
- [0.59599025 0.67298047 0.00000000]
- [0.54327905 0.64723347 0.00000000]
- [0.49133613 0.61991253 0.00000000]
- [0.44033281 0.59096339 0.00000000]
- [0.39090128 0.55932442 0.00000000]
- [0.34220789 0.52661843 0.00000000]
- [0.29585946 0.49061394 0.00000000]
- [0.25042536 0.45348776 0.00000000]
- [0.20785206 0.41308956 0.00000000]
- [0.16712034 0.37094692 0.00000000]
- [0.12916742 0.32618002 0.00000000]
- [0.09518976 0.27840009 0.00000000]
- [0.06377343 0.22795706 0.00000000]
- [0.03823750 0.17423475 0.00000000]
- [0.01880857 0.11816320 0.00000000]
- [0.00592605 0.06017518 0.00000000]
- [0.00068617 0.00092136 0.00000000]
- [0.00568825 -0.05827668 0.00000000]
- [0.02022100 -0.11585585 0.00000000]
- [0.04182724 -0.17117217 0.00000000]
- [0.06942592 -0.22380417 0.00000000]
- [0.10263481 -0.27315337 0.00000000]
- [0.13852777 -0.31871566 0.00000000]
- [0.17673515 -0.36247126 0.00000000]
- [0.21851005 -0.40281640 0.00000000]
- [0.26129826 -0.44209173 0.00000000]
- [0.30653410 -0.47851261 0.00000000]
- [0.35247725 -0.51404109 0.00000000]
- [0.40062320 -0.54653495 0.00000000]
- [0.44909284 -0.57855134 0.00000000]
- [0.49945153 -0.60748745 0.00000000]
- [0.55027023 -0.63562666 0.00000000]
- [0.60205959 -0.66189446 0.00000000]
- [0.65486970 -0.68609049 0.00000000]
- [0.70774474 -0.71013039 0.00000000]
- [0.76217264 -0.73042697 0.00000000]
- [0.81663263 -0.75063748 0.00000000]
- [0.87166255 -0.76916792 0.00000000]
- [0.92743019 -0.78542603 0.00000000]
- [0.98175489 -0.80116727 0.00000000]
- [1.03701887 -0.81459429 0.00000000]
- [1.09261821 -0.82665732 0.00000000]
- [1.14821762 -0.83872003 0.00000000]
- [1.20432867 -0.84798648 0.00000000]
- [1.26059989 -0.85637411 0.00000000]
- [1.31687115 -0.86476147 0.00000000]
- [1.37346044 -0.87056394 0.00000000]
- [1.43014872 -0.87538492 0.00000000]
- [1.48683702 -0.88020563 0.00000000]
- [1.54363712 -0.88311164 0.00000000]
- [1.60051221 -0.88453541 0.00000000]
- [1.65738731 -0.88595891 0.00000000]
- [1.71425946 -0.88643698 0.00000000]
- [1.77112273 -0.88460104 0.00000000]
- [1.84028781 -0.88234291 0.00000000]
- [1.90939246 -0.87902330 0.00000000]
- [1.96705064 -0.87400990 0.00000000]
- [2.02470322 -0.86893043 0.00000000]
- [2.08233839 -0.86368318 0.00000000]
- [2.13971202 -0.85610290 0.00000000]
- [2.19700825 -0.84793200 0.00000000]
- [2.25430445 -0.83976091 0.00000000]
- [2.31145158 -0.83068576 0.00000000]
- [2.36825719 -0.81960678 0.00000000]
- [2.42506276 -0.80852760 0.00000000]
- [2.48186830 -0.79744825 0.00000000]
- [2.53828990 -0.78458177 0.00000000]
- [2.59450344 -0.77081007 0.00000000]
- [2.65071693 -0.75703820 0.00000000]
- [2.70687548 -0.74305432 0.00000000]
- [2.76254200 -0.72722331 0.00000000]
- [2.81809883 -0.71100419 0.00000000]
- [2.87365561 -0.69478489 0.00000000]
- [2.92908601 -0.67815140 0.00000000]
- [2.98405662 -0.66004753 0.00000000]
- [3.03897166 -0.64177297 0.00000000]
- [3.09388666 -0.62349830 0.00000000]
- [3.14864943 -0.60477887 0.00000000]
- [3.20302865 -0.58496749 0.00000000]
- [3.25739121 -0.56510969 0.00000000]
- [3.31175376 -0.54525182 0.00000000]
- [3.36598483 -0.52504027 0.00000000]
- [3.41996954 -0.50417711 0.00000000]
- [3.47395424 -0.48331390 0.00000000]
- [3.52793893 -0.46245066 0.00000000]
- [3.58186523 -0.44143735 0.00000000]
- [3.63571967 -0.42024017 0.00000000]
- [3.68957411 -0.39904298 0.00000000]
- [3.74490642 -0.37726467 0.00000000]
- [3.80033491 -0.35573289 0.00000000]
- [3.85582279 -0.33435407 0.00000000]
- [3.91131071 -0.31297532 0.00000000]
- [3.96683950 -0.29170381 0.00000000]
- [4.02267911 -0.27126417 0.00000000]
- [4.07858964 -0.25101640 0.00000000]
- [4.13450021 -0.23076875 0.00000000]
- [4.19062407 -0.21112907 0.00000000]
- [4.24715550 -0.19268575 0.00000000]
- [4.30368699 -0.17424259 0.00000000]
- [4.36025184 -0.15590261 0.00000000]
- [4.41735834 -0.13934449 0.00000000]
- [4.47457565 -0.12315379 0.00000000]
- [4.53179303 -0.10696332 0.00000000]
- [4.58944576 -0.09246498 0.00000000]
- [4.64741075 -0.07919774 0.00000000]
- [4.70537579 -0.06593076 0.00000000]
- [4.76360790 -0.05397588 0.00000000]
- [4.82217499 -0.04368729 0.00000000]
- [4.88074213 -0.03339896 0.00000000]
- [4.93953655 -0.02456462 0.00000000]
- [4.99856231 -0.01735916 0.00000000]
- [5.05859334 -0.01011130 0.00000000]
- [5.11883602 -0.00506564 0.00000000]
- [5.17917462 -0.00112061 0.00000000]
- [5.23954313 0.00229261 0.00000000]
- [5.30000622 0.00283230 0.00000000]
- [5.36047207 0.00327012 0.00000000]
- [5.42089879 0.00130975 0.00000000]
- [5.48129802 -0.00156166 0.00000000]
- [5.54158939 -0.00604085 0.00000000]
- [5.60175473 -0.01207756 0.00000000]
- [5.66172328 -0.01973196 0.00000000]
- [5.72144612 -0.02919162 0.00000000]
- [5.78090194 -0.04015307 0.00000000]
- [5.84019114 -0.05203170 0.00000000]
- [3.69273203 -0.34233408 0.00000000]
- [3.69588994 -0.28562518 0.00000000]
- [3.69904786 -0.22891628 0.00000000]
- [3.70220578 -0.17220738 0.00000000]
- [3.70536370 -0.11549848 0.00000000]
- [3.70852162 -0.05878958 0.00000000]
- [3.71167954 -0.00208067 0.00000000]
- [3.71483746 0.05462823 0.00000000]
- [3.71799538 0.11133713 0.00000000]
- [3.72115330 0.16804603 0.00000000]
- [3.72431122 0.22475493 0.00000000]
- [3.72746914 0.28146383 0.00000000]
- [3.73062706 0.33817273 0.00000000]
- [3.73378498 0.39488164 0.00000000]
- [3.73694290 0.45159054 0.00000000]
- [3.74010082 0.50829944 0.00000000]
- [0.98514164 -0.74323558 0.00000000]
- [0.98852840 -0.68530388 0.00000000]
- [0.99191516 -0.62737219 0.00000000]
- [0.99530191 -0.56944050 0.00000000]
- [0.99868867 -0.51150880 0.00000000]
- [1.00207543 -0.45357711 0.00000000]
- [1.00546218 -0.39564542 0.00000000]
- [1.00884894 -0.33771372 0.00000000]
- [1.01223569 -0.27978203 0.00000000]
- [1.01562245 -0.22185033 0.00000000]
- [1.01900921 -0.16391864 0.00000000]
- [1.02239596 -0.10598695 0.00000000]
- [1.02578272 -0.04805525 0.00000000]
- [1.02916948 0.00987644 0.00000000]
- [1.03255623 0.06780813 0.00000000]
- [1.03594299 0.12573983 0.00000000]
- [1.03932974 0.18367152 0.00000000]
- [1.04271650 0.24160322 0.00000000]
- [1.04610326 0.29953491 0.00000000]
- [1.04949001 0.35746660 0.00000000]
- [1.05287677 0.41539830 0.00000000]
- [1.05626353 0.47332999 0.00000000]
- [1.05965028 0.53126168 0.00000000]
- [1.06303704 0.58919338 0.00000000]
- [1.06642379 0.64712507 0.00000000]
- [1.06981055 0.70505677 0.00000000]
- [1.07319731 0.76298846 0.00000000]
- [1.77452274 -0.82627204 0.00000000]
- [1.77792275 -0.76794304 0.00000000]
- [1.78132276 -0.70961405 0.00000000]
- [1.78472278 -0.65128505 0.00000000]
- [1.78812279 -0.59295605 0.00000000]
- [1.79152280 -0.53462705 0.00000000]
- [1.79492281 -0.47629805 0.00000000]
- [1.79832283 -0.41796905 0.00000000]
- [1.80172284 -0.35964005 0.00000000]
- [1.80512285 -0.30131105 0.00000000]
- [1.80852286 -0.24298206 0.00000000]
- [1.81192288 -0.18465306 0.00000000]
- [1.81532289 -0.12632406 0.00000000]
- [1.81872290 -0.06799506 0.00000000]
- [1.82212291 -0.00966606 0.00000000]
- [1.82552293 0.04866294 0.00000000]
- [1.82892294 0.10699194 0.00000000]
- [1.83232295 0.16532094 0.00000000]
- [1.83572296 0.22364993 0.00000000]
- [1.83912298 0.28197893 0.00000000]
- [1.84252299 0.34030793 0.00000000]
- [1.84592300 0.39863693 0.00000000]
- [1.84932301 0.45696593 0.00000000]
- [1.85272303 0.51529493 0.00000000]
- [1.85612304 0.57362393 0.00000000]
- [1.85952305 0.63195293 0.00000000]
- [1.86292306 0.69028192 0.00000000]
- [1.86632308 0.74861092 0.00000000]
- [1.86972309 0.80693992 0.00000000]
elements:
- [1 2]
- [2 3]
- [3 4]
- [4 5]
- [5 6]
- [6 7]
- [7 8]
- [8 9]
- [9 10]
- [10 11]
- [11 12]
- [12 13]
- [13 14]
- [14 15]
- [15 16]
- [16 17]
- [17 18]
- [18 19]
- [19 20]
- [20 21]
- [21 22]
- [22 23]
- [23 24]
- [24 25]
- [25 26]
- [26 27]
- [27 28]
- [28 29]
- [29 30]
- [30 31]
- [31 32]
- [32 33]
- [33 34]
- [34 35]
- [35 36]
- [36 37]
- [37 38]
- [38 39]
- [39 40]
- [40 41]
- [41 42]
- [42 43]
- [43 44]
- [44 45]
- [45 46]
- [46 47]
- [47 48]
- [48 49]
- [49 50]
- [50 51]
- [51 52]
- [52 53]
- [53 54]
- [54 55]
- [55 56]
- [56 57]
- [57 58]
- [58 59]
- [59 60]
- [60 61]
- [61 62]
- [62 63]
- [63 64]
- [64 65]
- [65 66]
- [66 67]
- [67 68]
- [68 69]
- [69 70]
- [70 71]
- [71 72]
- [72 73]
- [73 74]
- [74 75]
- [75 76]
- [76 77]
- [77 78]
- [78 79]
- [79 80]
- [80 81]
- [81 82]
- [82 83]
- [83 84]
- [84 85]
- [85 86]
- [86 87]
- [87 88]
- [88 89]
- [89 90]
- [90 91]
- [91 92]
- [92 93]
- [93 94]
- [94 95]
- [95 96]
- [96 97]
- [97 98]
- [98 99]
- [99 100]
- [100 101]
- [101 102]
- [102 103]
- [103 104]
- [104 105]
- [105 106]
- [106 107]
- [107 108]
- [108 109]
- [109 110]
- [110 111]
- [111 112]
- [112 113]
- [113 114]
- [114 115]
- [115 116]
- [116 117]
- [117 118]
- [118 119]
- [119 120]
- [120 121]
- [121 122]
- [122 123]
- [123 124]
- [124 125]
- [125 126]
- [126 127]
- [127 128]
- [128 129]
- [129 130]
- [130 131]
- [131 132]
- [132 133]
- [133 134]
- [134 135]
- [135 136]
- [136 137]
- [137 138]
- [138 139]
- [139 140]
- [140 141]
- [141 142]
- [142 143]
- [143 144]
- [144 145]
- [145 146]
- [146 147]
- [147 148]
- [148 149]
- [149 150]
- [150 151]
- [151 152]
- [152 153]
- [153 154]
- [154 155]
- [155 156]
- [156 157]
- [157 158]
- [158 159]
- [159 160]
- [160 161]
- [161 162]
- [162 163]
- [163 164]
- [164 165]
- [165 166]
- [166 167]
- [167 168]
- [168 169]
- [169 170]
- [170 171]
- [171 172]
- [172 173]
- [173 174]
- [174 175]
- [175 176]
- [176 177]
- [177 178]
- [178 179]
- [179 180]
- [180 181]
- [181 182]
- [182 183]
- [183 184]
- [184 185]
- [185 186]
- [186 187]
- [187 188]
- [188 189]
- [189 190]
- [190 191]
- [191 192]
- [192 193]
- [193 194]
- [194 195]
- [195 196]
- [196 197]
- [197 198]
- [198 199]
- [199 200]
- [200 201]
- [201 202]
- [202 203]
- [203 204]
- [204 205]
- [205 206]
- [206 207]
- [207 208]
- [208 209]
- [209 210]
- [210 211]
- [211 212]
- [212 213]
- [213 214]
- [214 215]
- [215 216]
- [216 217]
- [217 1]
- [180 218]
- [218 219]
- [219 220]
- [220 221]
- [221 222]
- [222 223]
- [223 224]
- [224 225]
- [225 226]
- [226 227]
- [227 228]
- [228 229]
- [229 230]
- [230 231]
- [231 232]
- [232 233]
- [233 37]
- [132 234]
- [234 235]
- [235 236]
- [236 237]
- [237 238]
- [238 239]
- [239 240]
- [240 241]
- [241 242]
- [242 243]
- [243 244]
- [244 245]
- [245 246]
- [246 247]
- [247 248]
- [248 249]
- [249 250]
- [250 251]
- [251 252]
- [252 253]
- [253 254]
- [254 255]
- [255 256]
- [256 257]
- [257 258]
- [258 259]
- [259 260]
- [260 84]
- [146 261]
- [261 262]
- [262 263]
- [263 264]
- [264 265]
- [265 266]
- [266 267]
- [267 268]
- [268 269]
- [269 270]
- [270 271]
- [271 272]
- [272 273]
- [273 274]
- [274 275]
- [275 276]
- [276 277]
- [277 278]
- [278 279]
- [279 280]
- [280 281]
- [281 282]
- [282 283]
- [283 284]
- [284 285]
- [285 286]
- [286 287]
- [287 288]
- [288 289]
- [289 70]
sets:
  element:
  - name: layup_0
    labels:
    - 1
    - 2
    - 3
    - 4
    - 5
    - 6
    - 7
    - 8
    - 9
    - 10
    - 11
    - 12
    - 13
    - 14
    - 203
    - 204
    - 205
    - 206
    - 207
    - 208
    - 209
    - 210
    - 211
    - 212
    - 213
    - 214
    - 215
    - 216
    - 217
  - name: layup_1
    labels:
    - 15
    - 16
    - 17
    - 18
    - 19
    - 20
    - 21
    - 22
    - 23
    - 24
    - 25
    - 26
    - 27
    - 28
    - 29
    - 30
    - 31
    - 32
    - 33
    - 34
    - 35
    - 36
    - 37
    - 38
    - 39
    - 40
    - 41
    - 42
    - 43
    - 44
    - 45
    - 46
    - 47
    - 48
    - 49
    - 50
    - 51
    - 52
    - 53
    - 54
    - 55
    - 56
    - 57
    - 58
    - 59
    - 60
    - 61
    - 62
    - 63
    - 64
    - 65
    - 66
    - 67
    - 86
    - 87
    - 88
    - 89
    - 90
    - 91
    - 92
    - 93
    - 94
    - 95
    - 96
    - 97
    - 98
    - 99
    - 100
    - 101
    - 102
    - 103
    - 114
    - 115
    - 116
    - 117
    - 118
    - 119
    - 120
    - 121
    - 122
    - 123
    - 124
    - 125
    - 126
    - 127
    - 128
    - 129
    - 130
    - 148
    - 149
    - 150
    - 151
    - 152
    - 153
    - 154
    - 155
    - 156
    - 157
    - 158
    - 159
    - 160
    - 161
    - 162
    - 163
    - 164
    - 165
    - 166
    - 167
    - 168
    - 169
    - 170
    - 171
    - 172
    - 173
    - 174
    - 175
    - 176
    - 177
    - 178
    - 179
    - 180
    - 181
    - 182
    - 183
    - 184
    - 185
    - 186
    - 187
    - 188
    - 189
    - 190
    - 191
    - 192
    - 193
    - 194
    - 195
    - 196
    - 197
    - 198
    - 199
    - 200
    - 201
    - 202
  - name: layup_2
    labels:
    - 68
    - 69
    - 70
    - 71
    - 72
    - 73
    - 74
    - 75
    - 76
    - 77
    - 78
    - 79
    - 80
    - 81
    - 82
    - 83
    - 84
    - 85
  - name: layup_3
    labels:
    - 104
    - 105
    - 106
    - 107
    - 108
    - 109
    - 110
    - 111
    - 112
    - 113
  - name: layup_4
    labels:
    - 131
    - 132
    - 133
    - 134
    - 135
    - 136
    - 137
    - 138
    - 139
    - 140
    - 141
    - 142
    - 143
    - 144
    - 145
    - 146
    - 147
  - name: layup_5
    labels:
    - 218
    - 219
    - 220
    - 221
    - 222
    - 223
    - 224
    - 225
    - 226
    - 227
    - 228
    - 229
    - 230
    - 231
    - 232
    - 233
    - 234
    - 235
    - 236
    - 237
    - 238
    - 239
    - 240
    - 241
    - 242
    - 243
    - 244
    - 245
    - 246
    - 247
    - 248
    - 249
    - 250
    - 251
    - 252
    - 253
    - 254
    - 255
    - 256
    - 257
    - 258
    - 259
    - 260
    - 261
    - 262
    - 263
    - 264
    - 265
    - 266
    - 267
    - 268
    - 269
    - 270
    - 271
    - 272
    - 273
    - 274
    - 275
    - 276
    - 277
    - 278
    - 279
    - 280
    - 281
    - 282
    - 283
    - 284
    - 285
    - 286
    - 287
    - 288
    - 289
    - 290
    - 291
    - 292
sections:
- type: shell
  elementSet: layup_0
  layup:
  - - gelcoat
    - 0.0005
    - 0.0
  - - glass_triax
    - 0.003
    - 0.0
  - - glass_uniax
    - 0.0180755
    - 0.0
  - - glass_triax
    - 0.003
    - 0.0
- type: shell
  elementSet: layup_1
  layup:
  - - gelcoat
    - 0.0005
    - 0.0
  - - glass_triax
    - 0.003
    - 0.0
  - - medium_density_foam
    - 0.05194063
    - 0.0
  - - glass_triax
    - 0.003
    - 0.0
- type: shell
  elementSet: layup_2
  layup:
  - - gelcoat
    - 0.0005
    - 0.0
  - - glass_triax
    - 0.003
    - 0.0
  - - carbon_uniax
    - 0.07514821
    - 0.0
  - - glass_triax
    - 0.003
    - 0.0
- type: shell
  elementSet: layup_3
  layup:
  - - gelcoat
    - 0.0005
    - 0.0
  - - glass_triax
    - 0.003
    - 0.0
  - - glass_uniax
    - 0.01456607
    - 0.0
  - - glass_triax
    - 0.003
    - 0.0
- type: shell
  elementSet: layup_4
  layup:
  - - gelcoat
    - 0.0005
    - 0.0
  - - glass_triax
    - 0.003
    - 0.0
  - - carbon_uniax
    - 0.07329526
    - 0.0
  - - glass_triax
    - 0.003
    - 0.0
- type: shell
  elementSet: layup_5
  layup:
  - - glass_biax
    - 0.002
    - 0.0
  - - medium_density_foam
    - 0.034028
    - 0.0
  - - glass_biax
    - 0.002
    - 0.0
elementOrientations:
- [0.0, 0.0, 1.0, -0.9727696146250521, 0.23177419369340446, 0.0, -0.23177419369340446,
  -0.9727696146250521, 0.0]
- [0.0, 0.0, 1.0, -0.9730315665471821, 0.23067199765627544, 0.0, -0.23067199765627544,
  -0.9730315665471821, 0.0]
- [0.0, 0.0, 1.0, -0.973475761867084, 0.22879016818320774, 0.0, -0.22879016818320774,
  -0.973475761867084, 0.0]
- [0.0, 0.0, 1.0, -0.9735268051274575, 0.2285728761212174, 0.0, -0.2285728761212174,
  -0.9735268051274575, 0.0]
- [0.0, 0.0, 1.0, -0.9735704439664912, 0.22838693183912584, 0.0, -0.22838693183912584,
  -0.9735704439664912, 0.0]
- [0.0, 0.0, 1.0, -0.9732591386924155, 0.22970992349417002, 0.0, -0.22970992349417002,
  -0.9732591386924155, 0.0]
- [0.0, 0.0, 1.0, -0.9728027558247883, 0.2316350540391014, 0.0, -0.2316350540391014,
  -0.9728027558247883, 0.0]
- [0.0, 0.0, 1.0, -0.9726372361977079, 0.232329091509617, 0.0, -0.232329091509617,
  -0.9726372361977079, 0.0]
- [0.0, 0.0, 1.0, -0.9715832834058781, 0.23669795817930783, 0.0, -0.23669795817930783,
  -0.9715832834058781, 0.0]
- [0.0, 0.0, 1.0, -0.9715680410650369, 0.236760515249158, 0.0, -0.236760515249158,
  -0.9715680410650369, 0.0]
- [0.0, 0.0, 1.0, -0.9711032345242986, 0.23865981625829916, 0.0, -0.23865981625829916,
  -0.9711032345242986, 0.0]
- [0.0, 0.0, 1.0, -0.9708477850758986, 0.23969684648159564, 0.0, -0.23969684648159564,
  -0.9708477850758986, 0.0]
- [0.0, 0.0, 1.0, -0.9707850687683097, 0.23995072464259865, 0.0, -0.23995072464259865,
  -0.9707850687683097, 0.0]
- [0.0, 0.0, 1.0, -0.9702373339364533, 0.24215597418994916, 0.0, -0.24215597418994916,
  -0.9702373339364533, 0.0]
- [0.0, 0.0, 1.0, -0.9701840534833209, 0.24236935112895908, 0.0, -0.24236935112895908,
  -0.9701840534833209, 0.0]
- [0.0, 0.0, 1.0, -0.9701132232987456, 0.24265270239772338, 0.0, -0.24265270239772338,
  -0.9701132232987456, 0.0]
- [0.0, 0.0, 1.0, -0.9698686979098379, 0.24362821842856308, 0.0, -0.24362821842856308,
  -0.9698686979098379, 0.0]
- [0.0, 0.0, 1.0, -0.9698555613330557, 0.24368050835334204, 0.0, -0.24368050835334204,
  -0.9698555613330557, 0.0]
- [0.0, 0.0, 1.0, -0.9698763386545391, 0.24359779908296691, 0.0, -0.24359779908296691,
  -0.9698763386545391, 0.0]
- [0.0, 0.0, 1.0, -0.9699785130741451, 0.24319063340200944, 0.0, -0.24319063340200944,
  -0.9699785130741451, 0.0]
- [0.0, 0.0, 1.0, -0.9699785030474298, 0.24319067339408235, 0.0, -0.24319067339408235,
  -0.9699785030474298, 0.0]
- [0.0, 0.0, 1.0, -0.9700156961803548, 0.2430422785519871, 0.0, -0.2430422785519871,
  -0.9700156961803548, 0.0]
- [0.0, 0.0, 1.0, -0.9702725903035021, 0.24201467002174099, 0.0, -0.24201467002174099,
  -0.9702725903035021, 0.0]
- [0.0, 0.0, 1.0, -0.9703020141258764, 0.24189667501490694, 0.0, -0.24189667501490694,
  -0.9703020141258764, 0.0]
- [0.0, 0.0, 1.0, -0.970323234042721, 0.24181154124002197, 0.0, -0.24181154124002197,
  -0.970323234042721, 0.0]
- [0.0, 0.0, 1.0, -0.9708281114587969, 0.23977651678457954, 0.0, -0.23977651678457954,
  -0.9708281114587969, 0.0]
- [0.0, 0.0, 1.0, -0.9710251224422254, 0.23897742903057032, 0.0, -0.23897742903057032,
  -0.9710251224422254, 0.0]
- [0.0, 0.0, 1.0, -0.9710251897123643, 0.23897715569498865, 0.0, -0.23897715569498865,
  -0.9710251897123643, 0.0]
- [0.0, 0.0, 1.0, -0.9714944116437582, 0.23706245621132888, 0.0, -0.23706245621132888,
  -0.9714944116437582, 0.0]
- [0.0, 0.0, 1.0, -0.9722114577651108, 0.23410442411504806, 0.0, -0.23410442411504806,
  -0.9722114577651108, 0.0]
- [0.0, 0.0, 1.0, -0.9722208720559803, 0.2340653240843444, 0.0, -0.2340653240843444,
  -0.9722208720559803, 0.0]
- [0.0, 0.0, 1.0, -0.9723484604176539, 0.23353473301292516, 0.0, -0.23353473301292516,
  -0.9723484604176539, 0.0]
- [0.0, 0.0, 1.0, -0.9734642894355536, 0.22883897656153893, 0.0, -0.22883897656153893,
  -0.9734642894355536, 0.0]
- [0.0, 0.0, 1.0, -0.9737045844444334, 0.22781435914334586, 0.0, -0.22781435914334586,
  -0.9737045844444334, 0.0]
- [0.0, 0.0, 1.0, -0.97370471614828, 0.22781379622533274, 0.0, -0.22781379622533274,
  -0.97370471614828, 0.0]
- [0.0, 0.0, 1.0, -0.9744246753718507, 0.22471437877105976, 0.0, -0.22471437877105976,
  -0.9744246753718507, 0.0]
- [0.0, 0.0, 1.0, -0.9755267604288852, 0.21988073969114358, 0.0, -0.21988073969114358,
  -0.9755267604288852, 0.0]
- [0.0, 0.0, 1.0, -0.975526883309201, 0.219880194517461, 0.0, -0.219880194517461,
  -0.975526883309201, 0.0]
- [0.0, 0.0, 1.0, -0.9755270073730657, 0.21987964409137678, 0.0, -0.21987964409137678,
  -0.9755270073730657, 0.0]
- [0.0, 0.0, 1.0, -0.9769708203761764, 0.2133729508009414, 0.0, -0.2133729508009414,
  -0.9769708203761764, 0.0]
- [0.0, 0.0, 1.0, -0.9775204419097308, 0.21084066412484234, 0.0, -0.21084066412484234,
  -0.9775204419097308, 0.0]
- [0.0, 0.0, 1.0, -0.9775206100488406, 0.21083988458008276, 0.0, -0.21083988458008276,
  -0.9775206100488406, 0.0]
- [0.0, 0.0, 1.0, -0.9776392625428635, 0.2102890209560311, 0.0, -0.2102890209560311,
  -0.9776392625428635, 0.0]
- [0.0, 0.0, 1.0, -0.9797455153467991, 0.2002466607907235, 0.0, -0.2002466607907235,
  -0.9797455153467991, 0.0]
- [0.0, 0.0, 1.0, -0.9798477153514686, 0.19974597548012604, 0.0, -0.19974597548012604,
  -0.9798477153514686, 0.0]
- [0.0, 0.0, 1.0, -0.9798478863781658, 0.19974513651210973, 0.0, -0.19974513651210973,
  -0.9798478863781658, 0.0]
- [0.0, 0.0, 1.0, -0.9805557401089575, 0.1962407718578745, 0.0, -0.1962407718578745,
  -0.9805557401089575, 0.0]
- [0.0, 0.0, 1.0, -0.9823672726740167, 0.18696133712351903, 0.0, -0.18696133712351903,
  -0.9823672726740167, 0.0]
- [0.0, 0.0, 1.0, -0.9823674970539388, 0.18696015814065758, 0.0, -0.18696015814065758,
  -0.9823674970539388, 0.0]
- [0.0, 0.0, 1.0, -0.9823676755775315, 0.18695922009999394, 0.0, -0.18695922009999394,
  -0.9823676755775315, 0.0]
- [0.0, 0.0, 1.0, -0.9840148062206417, 0.17808666749241167, 0.0, -0.17808666749241167,
  -0.9840148062206417, 0.0]
- [0.0, 0.0, 1.0, -0.9853156498028555, 0.1707427019042885, 0.0, -0.1707427019042885,
  -0.9853156498028555, 0.0]
- [0.0, 0.0, 1.0, -0.9853158693657641, 0.17074143485395837, 0.0, -0.17074143485395837,
  -0.9853158693657641, 0.0]
- [0.0, 0.0, 1.0, -0.9853677499433914, 0.1704417712050021, 0.0, -0.1704417712050021,
  -0.9853677499433914, 0.0]
- [0.0, 0.0, 1.0, -0.9880926127385933, 0.15386028939079943, 0.0, -0.15386028939079943,
  -0.9880926127385933, 0.0]
- [0.0, 0.0, 1.0, -0.9886280166257185, 0.15038166358535235, 0.0, -0.15038166358535235,
  -0.9886280166257185, 0.0]
- [0.0, 0.0, 1.0, -0.9886282491816611, 0.15038013472531303, 0.0, -0.15038013472531303,
  -0.9886282491816611, 0.0]
- [0.0, 0.0, 1.0, -0.9892998934337557, 0.1458962674366953, 0.0, -0.1458962674366953,
  -0.9892998934337557, 0.0]
- [0.0, 0.0, 1.0, -0.9918829879438796, 0.12715399414694487, 0.0, -0.12715399414694487,
  -0.9918829879438796, 0.0]
- [0.0, 0.0, 1.0, -0.9919126531619744, 0.12692237193329092, 0.0, -0.12692237193329092,
  -0.9919126531619744, 0.0]
- [0.0, 0.0, 1.0, -0.9919128914166988, 0.12692050993186277, 0.0, -0.12692050993186277,
  -0.9919128914166988, 0.0]
- [0.0, 0.0, 1.0, -0.993826245736376, 0.11094770518375127, 0.0, -0.11094770518375127,
  -0.993826245736376, 0.0]
- [0.0, 0.0, 1.0, -0.9950513804360973, 0.0993617144186695, 0.0, -0.0993617144186695,
  -0.9950513804360973, 0.0]
- [0.0, 0.0, 1.0, -0.9950515799691151, 0.09935971618803918, 0.0, -0.09935971618803918,
  -0.9950515799691151, 0.0]
- [0.0, 0.0, 1.0, -0.9953267712074343, 0.09656406431889636, 0.0, -0.09656406431889636,
  -0.9953267712074343, 0.0]
- [0.0, 0.0, 1.0, -0.9976731934907267, 0.06817770156007837, 0.0, -0.06817770156007837,
  -0.9976731934907267, 0.0]
- [0.0, 0.0, 1.0, -0.9977461554466948, 0.06710148501590851, 0.0, -0.06710148501590851,
  -0.9977461554466948, 0.0]
- [0.0, 0.0, 1.0, -0.9977463390142762, 0.06709875545499247, 0.0, -0.06709875545499247,
  -0.9977463390142762, 0.0]
- [0.0, 0.0, 1.0, -0.9985944141465772, 0.05300184935692467, 0.0, -0.05300184935692467,
  -0.9985944141465772, 0.0]
- [0.0, 0.0, 1.0, -0.9995205476515281, 0.03096247442290985, 0.0, -0.03096247442290985,
  -0.9995205476515281, 0.0]
- [0.0, 0.0, 1.0, -0.9995342705976351, 0.030516256337457654, 0.0, -0.030516256337457654,
  -0.9995342705976351, 0.0]
- [0.0, 0.0, 1.0, -0.9996620365821512, 0.025996396219966765, 0.0, -0.025996396219966765,
  -0.9996620365821512, 0.0]
- [0.0, 0.0, 1.0, -0.999982956128597, -0.005838446052878678, 0.0, 0.005838446052878678,
  -0.999982956128597, 0.0]
- [0.0, 0.0, 1.0, -0.9999136707032293, -0.013139678108457361, 0.0, 0.013139678108457361,
  -0.9999136707032293, 0.0]
- [0.0, 0.0, 1.0, -0.9999136237714242, -0.013143249076948381, 0.0, 0.013143249076948381,
  -0.9999136237714242, 0.0]
- [0.0, 0.0, 1.0, -0.9989273862998349, -0.04630417799918756, 0.0, 0.04630417799918756,
  -0.9989273862998349, 0.0]
- [0.0, 0.0, 1.0, -0.9980286392280701, -0.06276014085840345, 0.0, 0.06276014085840345,
  -0.9980286392280701, 0.0]
- [0.0, 0.0, 1.0, -0.9980283813955106, -0.06276424084665608, 0.0, 0.06276424084665608,
  -0.9980283813955106, 0.0]
- [0.0, 0.0, 1.0, -0.9957751176150178, -0.09182546018832352, 0.0, 0.09182546018832352,
  -0.9957751176150178, 0.0]
- [0.0, 0.0, 1.0, -0.9929998909985356, -0.1181152677552583, 0.0, 0.1181152677552583,
  -0.9929998909985356, 0.0]
- [0.0, 0.0, 1.0, -0.9929968988790884, -0.11814041991000977, 0.0, 0.11814041991000977,
  -0.9929968988790884, 0.0]
- [0.0, 0.0, 1.0, -0.9885939093451765, -0.1506057183695923, 0.0, 0.1506057183695923,
  -0.9885939093451765, 0.0]
- [0.0, 0.0, 1.0, -0.9834080376145461, -0.18140736356363152, 0.0, 0.18140736356363152,
  -0.9834080376145461, 0.0]
- [0.0, 0.0, 1.0, -0.9834070032579557, -0.18141297071380252, 0.0, 0.18141297071380252,
  -0.9834070032579557, 0.0]
- [0.0, 0.0, 1.0, -0.9790691700068935, -0.20352778764093313, 0.0, 0.20352778764093313,
  -0.9790691700068935, 0.0]
- [0.0, 0.0, 1.0, -0.9685471186862433, -0.2488302210033503, 0.0, 0.2488302210033503,
  -0.9685471186862433, 0.0]
- [0.0, 0.0, 1.0, -0.9685456812277788, -0.24883581610173716, 0.0, 0.24883581610173716,
  -0.9685456812277788, 0.0]
- [0.0, 0.0, 1.0, -0.9569001575616288, -0.2904170939502873, 0.0, 0.2904170939502873,
  -0.9569001575616288, 0.0]
- [0.0, 0.0, 1.0, -0.9477023921331424, -0.3191554103334605, 0.0, 0.3191554103334605,
  -0.9477023921331424, 0.0]
- [0.0, 0.0, 1.0, -0.9440166758987971, -0.32989773510132736, 0.0, 0.32989773510132736,
  -0.9440166758987971, 0.0]
- [0.0, 0.0, 1.0, -0.9229367480432347, -0.3849516321713401, 0.0, 0.3849516321713401,
  -0.9229367480432347, 0.0]
- [0.0, 0.0, 1.0, -0.9196961207612421, -0.3926309277893462, 0.0, 0.3926309277893462,
  -0.9196961207612421, 0.0]
- [0.0, 0.0, 1.0, -0.8985384402084655, -0.43889482962064835, 0.0, 0.43889482962064835,
  -0.8985384402084655, 0.0]
- [0.0, 0.0, 1.0, -0.8850406674797285, -0.4655137129097665, 0.0, 0.4655137129097665,
  -0.8850406674797285, 0.0]
- [0.0, 0.0, 1.0, -0.8696763505519943, -0.4936223711406976, 0.0, 0.4936223711406976,
  -0.8696763505519943, 0.0]
- [0.0, 0.0, 1.0, -0.842249811259943, -0.5390874283755748, 0.0, 0.5390874283755748,
  -0.842249811259943, 0.0]
- [0.0, 0.0, 1.0, -0.8301275570184602, -0.5575735279571323, 0.0, 0.5575735279571323,
  -0.8301275570184602, 0.0]
- [0.0, 0.0, 1.0, -0.7897177786620176, -0.613470317183422, 0.0, 0.613470317183422,
  -0.7897177786620176, 0.0]
- [0.0, 0.0, 1.0, -0.774351210653105, -0.6327560371581378, 0.0, 0.6327560371581378,
  -0.774351210653105, 0.0]
- [0.0, 0.0, 1.0, -0.7253943183970722, -0.6883335549261324, 0.0, 0.6883335549261324,
  -0.7253943183970722, 0.0]
- [0.0, 0.0, 1.0, -0.6949677139006781, -0.71904094225271, 0.0, 0.71904094225271, -0.6949677139006781,
  0.0]
- [0.0, 0.0, 1.0, -0.6466692339065981, -0.7627705434261693, 0.0, 0.7627705434261693,
  -0.6466692339065981, 0.0]
- [0.0, 0.0, 1.0, -0.5795330456555151, -0.8149487401016353, 0.0, 0.8149487401016353,
  -0.5795330456555151, 0.0]
- [0.0, 0.0, 1.0, -0.5286604174019535, -0.8488334130277816, 0.0, 0.8488334130277816,
  -0.5286604174019535, 0.0]
- [0.0, 0.0, 1.0, -0.42930137152643305, -0.9031612992182092, 0.0, 0.9031612992182092,
  -0.42930137152643305, 0.0]
- [0.0, 0.0, 1.0, -0.3274047211628401, -0.9448841984922189, 0.0, 0.9448841984922189,
  -0.3274047211628401, 0.0]
- [0.0, 0.0, 1.0, -0.21687103661237228, -0.9762002629986712, 0.0, 0.9762002629986712,
  -0.21687103661237228, 0.0]
- [0.0, 0.0, 1.0, -0.08808730027513162, -0.9961127584416529, 0.0, 0.9961127584416529,
  -0.08808730027513162, 0.0]
- [0.0, 0.0, 1.0, 0.08419738105743153, -0.9964490960521113, 0.0, 0.9964490960521113,
  0.08419738105743153, 0.0]
- [0.0, 0.0, 1.0, 0.24472138779834288, -0.9695934417858101, 0.0, 0.9695934417858101,
  0.24472138779834288, 0.0]
- [0.0, 0.0, 1.0, 0.3638258080438785, -0.9314670049986843, 0.0, 0.9314670049986843,
  0.3638258080438785, 0.0]
- [0.0, 0.0, 1.0, 0.4643969398156561, -0.8856271688977557, 0.0, 0.8856271688977557,
  0.4643969398156561, 0.0]
- [0.0, 0.0, 1.0, 0.558296377937851, -0.8296415818782688, 0.0, 0.8296415818782688,
  0.558296377937851, 0.0]
- [0.0, 0.0, 1.0, 0.6188232528414085, -0.7855302551415688, 0.0, 0.7855302551415688,
  0.6188232528414085, 0.0]
- [0.0, 0.0, 1.0, 0.6577362605290951, -0.7532483067257452, 0.0, 0.7532483067257452,
  0.6577362605290951, 0.0]
- [0.0, 0.0, 1.0, 0.7193089201637026, -0.6946903463939369, 0.0, 0.6946903463939369,
  0.7193089201637026, 0.0]
- [0.0, 0.0, 1.0, 0.7367010970675564, -0.6762185250194339, 0.0, 0.6762185250194339,
  0.7367010970675564, 0.0]
- [0.0, 0.0, 1.0, 0.7789145299816003, -0.6271300941459776, 0.0, 0.6271300941459776,
  0.7789145299816003, 0.0]
- [0.0, 0.0, 1.0, 0.7910604399030359, -0.6117379998172545, 0.0, 0.6117379998172545,
  0.7910604399030359, 0.0]
- [0.0, 0.0, 1.0, 0.828885891573196, -0.5594177140124436, 0.0, 0.5594177140124436,
  0.828885891573196, 0.0]
- [0.0, 0.0, 1.0, 0.8344001770031082, -0.5511590919300721, 0.0, 0.5511590919300721,
  0.8344001770031082, 0.0]
- [0.0, 0.0, 1.0, 0.8670561061853693, -0.4982105064394623, 0.0, 0.4982105064394623,
  0.8670561061853693, 0.0]
- [0.0, 0.0, 1.0, 0.8748389370569783, -0.48441390794342015, 0.0, 0.48441390794342015,
  0.8748389370569783, 0.0]
- [0.0, 0.0, 1.0, 0.891842295671933, -0.4523464597524961, 0.0, 0.4523464597524961,
  0.891842295671933, 0.0]
- [0.0, 0.0, 1.0, 0.9091209451263117, -0.4165322402079359, 0.0, 0.4165322402079359,
  0.9091209451263117, 0.0]
- [0.0, 0.0, 1.0, 0.9103288613707208, -0.41388568972058826, 0.0, 0.41388568972058826,
  0.9103288613707208, 0.0]
- [0.0, 0.0, 1.0, 0.936972193221467, -0.3494039340501964, 0.0, 0.3494039340501964,
  0.936972193221467, 0.0]
- [0.0, 0.0, 1.0, 0.9375234477953385, -0.34792209592657564, 0.0, 0.34792209592657564,
  0.9375234477953385, 0.0]
- [0.0, 0.0, 1.0, 0.9477120600761634, -0.3191267008355687, 0.0, 0.3191267008355687,
  0.9477120600761634, 0.0]
- [0.0, 0.0, 1.0, 0.9600344573043578, -0.27988183361613034, 0.0, 0.27988183361613034,
  0.9600344573043578, 0.0]
- [0.0, 0.0, 1.0, 0.9604902316233194, -0.278313698829544, 0.0, 0.278313698829544,
  0.9604902316233194, 0.0]
- [0.0, 0.0, 1.0, 0.9717304624458979, -0.23609300784792736, 0.0, 0.23609300784792736,
  0.9717304624458979, 0.0]
- [0.0, 0.0, 1.0, 0.9772630318616121, -0.21203057929612354, 0.0, 0.21203057929612354,
  0.9772630318616121, 0.0]
- [0.0, 0.0, 1.0, 0.9772643105042181, -0.21202468586161213, 0.0, 0.21202468586161213,
  0.9772643105042181, 0.0]
- [0.0, 0.0, 1.0, 0.9866363277013847, -0.16293789264601985, 0.0, 0.16293789264601985,
  0.9866363277013847, 0.0]
- [0.0, 0.0, 1.0, 0.9890727130734954, -0.14742851913193375, 0.0, 0.14742851913193375,
  0.9890727130734954, 0.0]
- [0.0, 0.0, 1.0, 0.9890734395396424, -0.14742364531248395, 0.0, 0.14742364531248395,
  0.9890734395396424, 0.0]
- [0.0, 0.0, 1.0, 0.9947842305607542, -0.10200164031841982, 0.0, 0.10200164031841982,
  0.9947842305607542, 0.0]
- [0.0, 0.0, 1.0, 0.9964032753639981, -0.08473790677079851, 0.0, 0.08473790677079851,
  0.9964032753639981, 0.0]
- [0.0, 0.0, 1.0, 0.9964036974658221, -0.08473294327732489, 0.0, 0.08473294327732489,
  0.9964036974658221, 0.0]
- [0.0, 0.0, 1.0, 0.9986937813735366, -0.051095313345029154, 0.0, 0.051095313345029154,
  0.9986937813735366, 0.0]
- [0.0, 0.0, 1.0, 0.9996868155393568, -0.025025403828511653, 0.0, 0.025025403828511653,
  0.9996868155393568, 0.0]
- [0.0, 0.0, 1.0, 0.9996869320147651, -0.025020750566405993, 0.0, 0.025020750566405993,
  0.9996869320147651, 0.0]
- [0.0, 0.0, 1.0, 0.9999646716217107, -0.008405683106355321, 0.0, 0.008405683106355321,
  0.9999646716217107, 0.0]
- [0.0, 0.0, 1.0, 0.9994791862947687, 0.03227005056622608, 0.0, -0.03227005056622608,
  0.9994791862947687, 0.0]
- [0.0, 0.0, 1.0, 0.9994674642062572, 0.0326310893645004, 0.0, -0.0326310893645004,
  0.9994674642062572, 0.0]
- [0.0, 0.0, 1.0, 0.9988481943378331, 0.04798212863192431, 0.0, -0.04798212863192431,
  0.9988481943378331, 0.0]
- [0.0, 0.0, 1.0, 0.9962411217954423, 0.08662347974861428, 0.0, -0.08662347974861428,
  0.9962411217954423, 0.0]
- [0.0, 0.0, 1.0, 0.9961412243891065, 0.08776480543231378, 0.0, -0.08776480543231378,
  0.9961412243891065, 0.0]
- [0.0, 0.0, 1.0, 0.995881214922108, 0.09066755629918744, 0.0, -0.09066755629918744,
  0.995881214922108, 0.0]
- [0.0, 0.0, 1.0, 0.9913846044914617, 0.13098307515594493, 0.0, -0.13098307515594493,
  0.9913846044914617, 0.0]
- [0.0, 0.0, 1.0, 0.9899840129876806, 0.14117950994676262, 0.0, -0.14117950994676262,
  0.9899840129876806, 0.0]
- [0.0, 0.0, 1.0, 0.9899835136323957, 0.1411830114994592, 0.0, -0.1411830114994592,
  0.9899835136323957, 0.0]
- [0.0, 0.0, 1.0, 0.9876243598296848, 0.15683789041875446, 0.0, -0.15683789041875446,
  0.9876243598296848, 0.0]
- [0.0, 0.0, 1.0, 0.9815069441677536, 0.19142653564873965, 0.0, -0.19142653564873965,
  0.9815069441677536, 0.0]
- [0.0, 0.0, 1.0, 0.9815062931283096, 0.19142987371234585, 0.0, -0.19142987371234585,
  0.9815062931283096, 0.0]
- [0.0, 0.0, 1.0, 0.9815057226069999, 0.19143279888700135, 0.0, -0.19143279888700135,
  0.9815057226069999, 0.0]
- [0.0, 0.0, 1.0, 0.9749705568202367, 0.22233401299314848, 0.0, -0.22233401299314848,
  0.9749705568202367, 0.0]
- [0.0, 0.0, 1.0, 0.9712768881055527, 0.23795210995490987, 0.0, -0.23795210995490987,
  0.9712768881055527, 0.0]
- [0.0, 0.0, 1.0, 0.9712761437483037, 0.23795514826417258, 0.0, -0.23795514826417258,
  0.9712761437483037, 0.0]
- [0.0, 0.0, 1.0, 0.9703687831103387, 0.24162869193239547, 0.0, -0.24162869193239547,
  0.9703687831103387, 0.0]
- [0.0, 0.0, 1.0, 0.961859624842207, 0.2735435287087023, 0.0, -0.2735435287087023,
  0.961859624842207, 0.0]
- [0.0, 0.0, 1.0, 0.9599300914459588, 0.2802395752504513, 0.0, -0.2802395752504513,
  0.9599300914459588, 0.0]
- [0.0, 0.0, 1.0, 0.9599292105752975, 0.28024259255917233, 0.0, -0.28024259255917233,
  0.9599292105752975, 0.0]
- [0.0, 0.0, 1.0, 0.9578054829923797, 0.2874172172117292, 0.0, -0.2874172172117292,
  0.9578054829923797, 0.0]
- [0.0, 0.0, 1.0, 0.949815835984733, 0.312809650926283, 0.0, -0.312809650926283, 0.949815835984733,
  0.0]
- [0.0, 0.0, 1.0, 0.9488410353329219, 0.3157541601758384, 0.0, -0.3157541601758384,
  0.9488410353329219, 0.0]
- [0.0, 0.0, 1.0, 0.9488403893562247, 0.3157561013287438, 0.0, -0.3157561013287438,
  0.9488403893562247, 0.0]
- [0.0, 0.0, 1.0, 0.9462443993276046, 0.32345252625561693, 0.0, -0.32345252625561693,
  0.9462443993276046, 0.0]
- [0.0, 0.0, 1.0, 0.9395872329127748, 0.34230955544260677, 0.0, -0.34230955544260677,
  0.9395872329127748, 0.0]
- [0.0, 0.0, 1.0, 0.9392952581969688, 0.3431099210583828, 0.0, -0.3431099210583828,
  0.9392952581969688, 0.0]
- [0.0, 0.0, 1.0, 0.9392948144931754, 0.34311113573626706, 0.0, -0.34311113573626706,
  0.9392948144931754, 0.0]
- [0.0, 0.0, 1.0, 0.9370379409255586, 0.34922757231637597, 0.0, -0.34922757231637597,
  0.9370379409255586, 0.0]
- [0.0, 0.0, 1.0, 0.932766587543276, 0.3604809192771124, 0.0, -0.3604809192771124,
  0.932766587543276, 0.0]
- [0.0, 0.0, 1.0, 0.9327662505415042, 0.3604817912887471, 0.0, -0.3604817912887471,
  0.9327662505415042, 0.0]
- [0.0, 0.0, 1.0, 0.9327660684614485, 0.36048226243044496, 0.0, -0.36048226243044496,
  0.9327660684614485, 0.0]
- [0.0, 0.0, 1.0, 0.9317595121499401, 0.36307604095851015, 0.0, -0.36307604095851015,
  0.9317595121499401, 0.0]
- [0.0, 0.0, 1.0, 0.9305156077369827, 0.36625224061822986, 0.0, -0.36625224061822986,
  0.9305156077369827, 0.0]
- [0.0, 0.0, 1.0, 0.9305155823844578, 0.36625230502989803, 0.0, -0.36625230502989803,
  0.9305155823844578, 0.0]
- [0.0, 0.0, 1.0, 0.9305188363833949, 0.36624403767937647, 0.0, -0.36624403767937647,
  0.9305188363833949, 0.0]
- [0.0, 0.0, 1.0, 0.9321394672216669, 0.362099452702855, 0.0, -0.362099452702855,
  0.9321394672216669, 0.0]
- [0.0, 0.0, 1.0, 0.9331351316817209, 0.3595258349845493, 0.0, -0.3595258349845493,
  0.9331351316817209, 0.0]
- [0.0, 0.0, 1.0, 0.9331356117629007, 0.3595245889502928, 0.0, -0.3595245889502928,
  0.9331356117629007, 0.0]
- [0.0, 0.0, 1.0, 0.9338277201687883, 0.35772306194088616, 0.0, -0.35772306194088616,
  0.9338277201687883, 0.0]
- [0.0, 0.0, 1.0, 0.9390658013773088, 0.34373742985539524, 0.0, -0.34373742985539524,
  0.9390658013773088, 0.0]
- [0.0, 0.0, 1.0, 0.9402427064737474, 0.34050499691329456, 0.0, -0.34050499691329456,
  0.9402427064737474, 0.0]
- [0.0, 0.0, 1.0, 0.9402433829286788, 0.3405031290000633, 0.0, -0.3405031290000633,
  0.9402433829286788, 0.0]
- [0.0, 0.0, 1.0, 0.9438776266762519, 0.3302953615478214, 0.0, -0.3302953615478214,
  0.9438776266762519, 0.0]
- [0.0, 0.0, 1.0, 0.9506844216045278, 0.3101598467217581, 0.0, -0.3101598467217581,
  0.9506844216045278, 0.0]
- [0.0, 0.0, 1.0, 0.9506853367972383, 0.31015704151078294, 0.0, -0.31015704151078294,
  0.9506853367972383, 0.0]
- [0.0, 0.0, 1.0, 0.9512493231359461, 0.30842296482817927, 0.0, -0.30842296482817927,
