# z[m](mid-plane origin)  s11(a/2,b/2)  s22(a/2,b/2)  s13(0,b/2)  s23(a/2,0)  [Pa] -- constitutive TSDT at ITS peak t=12.9300 ms (step pulse); no s33 in the theory
-7.619999900000000437e-02 -2.698142755334118271e+10 -3.026523834231252193e+09 6.033345507440692472e+02 1.993159942013700459e+02
-7.606392771428571731e-02 -2.680753841610461807e+10 -3.008236309764865875e+09 8.202381035269126296e+07 2.709716738162785396e+07
-7.592785642857143025e-02 -2.663432331605901337e+10 -2.990017863099307060e+09 1.639004166167519391e+08 5.414570481285799295e+07
-7.579178514285714319e-02 -2.646178104741456985e+10 -2.971868370660819530e+09 2.456304221267403960e+08 8.114581160968714952e+07
-7.565571385714285613e-02 -2.628991040438151932e+10 -2.953787708875649929e+09 3.272138268826541901e+08 1.080974877721144706e+08
-7.551964257142856907e-02 -2.611871018117005157e+10 -2.935775754170042038e+09 4.086506308844906092e+08 1.350007333001391292e+08
-7.538357128571428201e-02 -2.594817917199040604e+10 -2.917832382970241547e+09 4.899408341322549582e+08 1.618555481937628090e+08
-7.524750000000000882e-02 -2.577831617105279160e+10 -2.899957471702495575e+09 5.710844366259342432e+08 1.886619324529812634e+08
-7.511142871428572176e-02 -2.560911997256740189e+10 -2.882150896793043613e+09 6.520814383655464649e+08 2.154198860778004527e+08
-7.497535742857143470e-02 -2.544058937074444962e+10 -2.864412534668133259e+09 7.329318393510864973e+08 2.421294090682186782e+08
-7.483928614285714764e-02 -2.527272315979417038e+10 -2.846742261754010201e+09 8.136356395825494528e+08 2.687905014242341518e+08
-7.470321485714286058e-02 -2.510552013392675400e+10 -2.829139954476918697e+09 8.941928390599373579e+08 2.954031631458478570e+08
-7.456714357142857352e-02 -2.493897908735243225e+10 -2.811605489263103485e+09 9.746034377832506895e+08 3.219673942330597639e+08
-7.443107228571428646e-02 -2.477309881428141022e+10 -2.794138742538810730e+09 1.054867435752486706e+09 3.484831946858689189e+08
-7.429500099999999940e-02 -2.460787810892390060e+10 -2.776739590730283737e+09 1.134984832967650414e+09 3.749505645042771697e+08
-7.429499900000000046e-02 -2.631229011825097561e+09 -2.681698696278929520e+10 3.876179898413265347e+08 1.097895601440321684e+09
-7.415892771428571340e-02 -2.613917273451993942e+09 -2.665212188682915497e+10 4.149294441468353271e+08 1.175253016051627398e+09
-7.402285642857142633e-02 -2.596674238816675186e+09 -2.648789338087479019e+10 4.421908316769561172e+08 1.252468620700760841e+09
-7.388678514285713927e-02 -2.579499781857368946e+09 -2.632430027690906525e+10 4.694021524316897392e+08 1.329542415387723923e+09
-7.375071385714286609e-02 -2.562393776512304306e+09 -2.616134140691485596e+10 4.965634064110336900e+08 1.406474400112509727e+09
-7.361464257142857903e-02 -2.545356096719703197e+09 -2.599901560287496948e+10 5.236745936149922013e+08 1.483264574875130653e+09
-7.347857128571429197e-02 -2.528386616417795181e+09 -2.583732169677228546e+10 5.507357140435644388e+08 1.559912939675583601e+09
-7.334250000000000491e-02 -2.511485209544806004e+09 -2.567625852058964920e+10 5.777467676967486143e+08 1.636419494513864279e+09
-7.320642871428571785e-02 -2.494651750038962841e+09 -2.551582490630992889e+10 6.047077545745466948e+08 1.712784239389977217e+09
-7.307035742857143079e-02 -2.477886111838492393e+09 -2.535601968591595840e+10 6.316186746769566536e+08 1.789007174303917646e+09
-7.293428614285714373e-02 -2.461188168881621838e+09 -2.519684169139060974e+10 6.584795280039795637e+08 1.865088299255687952e+09
-7.279821485714287055e-02 -2.444557795106578350e+09 -2.503828975471673965e+10 6.852903145556135178e+08 1.941027614245283365e+09
-7.266214357142858349e-02 -2.427994864451586246e+09 -2.488036270787717819e+10 7.120510343318612576e+08 2.016825119272711277e+09
-7.252607228571429643e-02 -2.411499250854873180e+09 -2.472305938285478592e+10 7.387616873327226639e+08 2.092480814337971449e+09
-7.239000100000000937e-02 -2.395070828254667282e+09 -2.456637861163242722e+10 7.654222735581971407e+08 2.167994699441061497e+09
-7.238999900000001042e-02 -2.236336302182768250e+10 -2.540179247195992947e+09 2.241237607473378181e+09 7.404092827505744696e+08
-7.225392771428572336e-02 -2.220789115623791885e+10 -2.523779192204093933e+09 2.319155989067890644e+09 7.661501916292701960e+08
-7.211785642857143630e-02 -2.205305956568962860e+10 -2.507444754944247723e+09 2.396927769908323288e+09 7.918426698735624552e+08
-7.198178514285714924e-02 -2.189886704439302826e+10 -2.491175811842699051e+09 2.474552949994685650e+09 8.174867174834545851e+08
-7.184571385714286218e-02 -2.174531238655833054e+10 -2.474972239325692654e+09 2.552031529326968670e+09 8.430823344589433670e+08
-7.170964257142857512e-02 -2.159239438639575195e+10 -2.458833913819474697e+09 2.629363507905181885e+09 8.686295208000316620e+08
-7.157357128571428806e-02 -2.144011183811549759e+10 -2.442760711750288010e+09 2.706548885729315281e+09 8.941282765067166090e+08
-7.143750000000001488e-02 -2.128846353592779922e+10 -2.426752509544381142e+09 2.783587662799366474e+09 9.195786015789973736e+08
-7.130142871428572782e-02 -2.113744827404284668e+10 -2.410809183627995491e+09 2.860479839115353107e+09 9.449804960168794394e+08
-7.116535742857144076e-02 -2.098706484667085648e+10 -2.394930610427376270e+09 2.937225414677262306e+09 9.703339598203588724e+08
-7.102928614285715370e-02 -2.083731204802205276e+10 -2.379116666368769646e+09 3.013824389485096455e+09 9.956389929894365072e+08
-7.089321485714286664e-02 -2.068818867230663681e+10 -2.363367227878420353e+09 3.090276763538858891e+09 1.020895595524113178e+09
-7.075714357142857958e-02 -2.053969351373482513e+10 -2.347682171382572174e+09 3.166582536838541031e+09 1.046103767424386263e+09
-7.062107228571429252e-02 -2.039182536651683807e+10 -2.332061373307471752e+09 3.242741709384154320e+09 1.071263508690259337e+09
-7.048500100000000546e-02 -2.024458302486288452e+10 -2.316504710079363346e+09 3.318754281175687313e+09 1.096374819321728706e+09
-7.048499900000000651e-02 -2.172056917179830551e+09 -2.243755752958152771e+10 1.133414231682424068e+09 3.210301204243344307e+09
-7.034892771428571945e-02 -2.156621234032152653e+09 -2.229007492107062912e+10 1.159323814805308104e+09 3.283687935745180607e+09
-7.021285642857143239e-02 -2.141250724888900518e+09 -2.214319617805105972e+10 1.185183331152806759e+09 3.356932857284851074e+09
-7.007678514285714533e-02 -2.125945263688302755e+09 -2.199692013250570297e+10 1.210992780724917173e+09 3.430035968862349510e+09
-6.994071385714285827e-02 -2.110704724368586540e+09 -2.185124561641740036e+10 1.236752163521640778e+09 3.502997270477676868e+09
-6.980464257142857121e-02 -2.095528980867977381e+09 -2.170617146176900864e+10 1.262461479542977095e+09 3.575816762130835056e+09
-6.966857128571428415e-02 -2.080417907124703407e+09 -2.156169650054337692e+10 1.288120728788925409e+09 3.648494443821820736e+09
-6.953250000000001096e-02 -2.065371377076991558e+09 -2.141781956472338104e+10 1.313729911259484053e+09 3.721030315550628662e+09
-6.939642871428572390e-02 -2.050389264663066387e+09 -2.127453948629183960e+10 1.339289026954659939e+09 3.793424377317278862e+09
-6.926035742857143684e-02 -2.035471443821154833e+09 -2.113185509723161697e+10 1.364798075874446869e+09 3.865676629121754169e+09
-6.912428614285714978e-02 -2.020617788489485264e+09 -2.098976522952557755e+10 1.390257058018847466e+09 3.937787070964061737e+09
-6.898821485714286272e-02 -2.005828172606282711e+09 -2.084826871515656281e+10 1.415665973387859106e+09 4.009755702844194889e+09
-6.885214357142857566e-02 -1.991102470109775305e+09 -2.070736438610743332e+10 1.441024821981485605e+09 4.081582524762161732e+09
-6.871607228571428860e-02 -1.976440554938189030e+09 -2.056705107436104584e+10 1.466333603799724102e+09 4.153267536717957020e+09
-6.858000100000000154e-02 -1.961842301029750586e+09 -2.042732761190024185e+10 1.491592318842574596e+09 4.224810738711579800e+09
-6.857999900000000260e-02 -2.173901592215381935e+07 -2.309755794024424627e+07 4.874485914155941457e+07 4.715191729044777155e+07
-5.878285628571428695e-02 -1.189973730306053720e+07 -1.317846721112621762e+07 1.038773283120190650e+08 1.004827027748041898e+08
-4.898571357142857130e-02 -5.168322491318837740e+06 -6.314502448837758042e+06 1.505278791485618651e+08 1.456087520307981074e+08
-3.918857085714286259e-02 -1.026794185703464202e+06 -1.996475992240616353e+06 1.886965116511877477e+08 1.825300650584294498e+08
-2.939142814285714694e-02 1.042824915010854835e+06 2.847998198034802335e+05 2.183832258198967874e+08 2.112466418576982915e+08
-1.959428542857143130e-02 1.558512112049380783e+06 1.038512648432789370e+06 2.395880216546889544e+08 2.317584824286046028e+08
-9.797142714285722587e-03 1.038244706637377851e+06 7.738501547855737153e+05 2.523108991555643082e+08 2.440655867711484432e+08
0.000000000000000000e+00 1.096028206402257514e-07 9.505641971329738901e-08 2.565518583225227296e+08 2.481679548853296638e+08
9.797142714285708709e-03 -1.038244706637157709e+06 -7.738501547853830270e+05 2.523108991555643082e+08 2.440655867711484432e+08
1.959428542857141742e-02 -1.558512112049161689e+06 -1.038512648432599381e+06 2.395880216546890140e+08 2.317584824286046326e+08
2.939142814285714000e-02 -1.042824915010636905e+06 -2.847998198032911168e+05 2.183832258198967874e+08 2.112466418576982915e+08
3.918857085714284871e-02 1.026794185703679803e+06 1.996475992240802618e+06 1.886965116511878073e+08 1.825300650584295094e+08
4.898571357142855742e-02 5.168322491319050081e+06 6.314502448837941512e+06 1.505278791485619247e+08 1.456087520307981670e+08
5.878285628571428001e-02 1.189973730306074955e+07 1.317846721112640016e+07 1.038773283120191097e+08 1.004827027748042345e+08
6.857999899999998872e-02 2.173901592215402424e+07 2.309755794024442136e+07 4.874485914155949652e+07 4.715191729044785351e+07
6.858000099999998767e-02 1.961842301029769182e+09 2.042732761190037918e+10 1.491592318842577934e+09 4.224810738711589813e+09
6.871607228571427473e-02 1.976440554938207626e+09 2.056705107436118317e+10 1.466333603799725771e+09 4.153267536717962265e+09
6.885214357142856179e-02 1.991102470109794140e+09 2.070736438610757446e+10 1.441024821981488466e+09 4.081582524762169361e+09
6.898821485714284885e-02 2.005828172606301308e+09 2.084826871515670395e+10 1.415665973387862682e+09 4.009755702844204426e+09
6.912428614285712203e-02 2.020617788489501715e+09 2.098976522952569580e+10 1.390257058018851757e+09 3.937787070964074135e+09
6.926035742857140909e-02 2.035471443821171999e+09 2.113185509723173904e+10 1.364798075874452114e+09 3.865676629121768951e+09
6.939642871428569615e-02 2.050389264663082838e+09 2.127453948629195786e+10 1.339289026954665184e+09 3.793424377317293644e+09
6.953249999999998321e-02 2.065371377077008247e+09 2.141781956472350693e+10 1.313729911259490013e+09 3.721030315550645828e+09
6.966857128571427027e-02 2.080417907124722242e+09 2.156169650054351807e+10 1.288120728788928747e+09 3.648494443821830750e+09
6.980464257142855733e-02 2.095528980867996216e+09 2.170617146176914597e+10 1.262461479542978764e+09 3.575816762130840302e+09
6.994071385714284439e-02 2.110704724368604422e+09 2.185124561641753387e+10 1.236752163521643400e+09 3.502997270477684498e+09
7.007678514285711757e-02 2.125945263688319921e+09 2.199692013250582886e+10 1.210992780724922419e+09 3.430035968862364292e+09
7.021285642857140463e-02 2.141250724888917208e+09 2.214319617805118179e+10 1.185183331152811050e+09 3.356932857284863472e+09
7.034892771428569169e-02 2.156621234032168388e+09 2.229007492107073975e+10 1.159323814805314064e+09 3.283687935745197773e+09
7.048499899999997875e-02 2.172056917179847717e+09 2.243755752958164978e+10 1.133414231682429314e+09 3.210301204243359089e+09
7.048500099999997770e-02 2.024458302486305618e+10 2.316504710079377174e+09 3.318754281175704956e+09 1.096374819321734667e+09
7.062107228571426476e-02 2.039182536651700974e+10 2.332061373307485580e+09 3.242741709384167194e+09 1.071263508690263510e+09
7.075714357142855182e-02 2.053969351373499680e+10 2.347682171382586479e+09 3.166582536838559628e+09 1.046103767424392223e+09
7.089321485714283888e-02 2.068818867230680084e+10 2.363367227878433228e+09 3.090276763538874149e+09 1.020895595524118185e+09
7.102928614285711206e-02 2.083731204802220535e+10 2.379116666368781567e+09 3.013824389485119820e+09 9.956389929894441366e+08
7.116535742857139912e-02 2.098706484667100906e+10 2.394930610427388668e+09 2.937225414677285194e+09 9.703339598203665018e+08
7.130142871428568618e-02 2.113744827404299927e+10 2.410809183628007412e+09 2.860479839115375519e+09 9.449804960168869495e+08
7.143749999999997324e-02 2.128846353592795563e+10 2.426752509544393539e+09 2.783587662799389362e+09 9.195786015790048838e+08
7.157357128571426030e-02 2.144011183811566544e+10 2.442760711750301838e+09 2.706548885729330540e+09 8.941282765067217350e+08
7.170964257142854736e-02 2.159239438639591599e+10 2.458833913819487572e+09 2.629363507905194759e+09 8.686295208000359535e+08
7.184571385714283442e-02 2.174531238655850601e+10 2.474972239325706482e+09 2.552031529326986313e+09 8.430823344589490891e+08
7.198178514285710761e-02 2.189886704439317703e+10 2.491175811842710495e+09 2.474552949994708538e+09 8.174867174834622145e+08
7.211785642857139467e-02 2.205305956568978119e+10 2.507444754944259644e+09 2.396927769908346176e+09 7.918426698735700846e+08
7.225392771428568173e-02 2.220789115623806763e+10 2.523779192204105854e+09 2.319155989067913532e+09 7.661501916292779446e+08
7.238999899999996879e-02 2.236336302182783508e+10 2.540179247196005344e+09 2.241237607473403931e+09 7.404092827505829334e+08
7.239000099999996773e-02 2.395070828254682064e+09 2.456637861163253021e+10 7.654222735582048893e+08 2.167994699441083908e+09
7.252607228571425479e-02 2.411499250854888439e+09 2.472305938285489273e+10 7.387616873327305317e+08 2.092480814337993622e+09
7.266214357142854186e-02 2.427994864451601505e+09 2.488036270787728500e+10 7.120510343318699598e+08 2.016825119272735834e+09
7.279821485714282892e-02 2.444557795106593609e+09 2.503828975471684647e+10 6.852903145556213856e+08 1.941027614245305538e+09
7.293428614285710210e-02 2.461188168881636620e+09 2.519684169139071274e+10 6.584795280039873123e+08 1.865088299255710125e+09
7.307035742857138916e-02 2.477886111838507175e+09 2.535601968591606140e+10 6.316186746769645214e+08 1.789007174303939819e+09
7.320642871428567622e-02 2.494651750038978100e+09 2.551582490631002808e+10 6.047077545745553970e+08 1.712784239390002012e+09
7.334249999999996328e-02 2.511485209544820786e+09 2.567625852058975220e+10 5.777467676967574358e+08 1.636419494513888836e+09
7.347857128571425034e-02 2.528386616417809486e+09 2.583732169677238464e+10 5.507357140435731411e+08 1.559912939675608397e+09
7.361464257142853740e-02 2.545356096719717979e+09 2.599901560287507248e+10 5.236745936150000095e+08 1.483264574875152826e+09
7.375071385714282446e-02 2.562393776512319565e+09 2.616134140691495514e+10 4.965634064110414982e+08 1.406474400112531900e+09
7.388678514285709764e-02 2.579499781857384205e+09 2.632430027690917206e+10 4.694021524316984415e+08 1.329542415387748718e+09
7.402285642857138470e-02 2.596674238816689968e+09 2.648789338087489319e+10 4.421908316769639850e+08 1.252468620700783014e+09
7.415892771428567176e-02 2.613917273452008247e+09 2.665212188682925415e+10 4.149294441468440294e+08 1.175253016051652193e+09
7.429499899999995882e-02 2.631229011825112820e+09 2.681698696278940201e+10 3.876179898413361311e+08 1.097895601440348864e+09
7.429500099999995777e-02 2.460787810892404556e+10 2.776739590730295181e+09 1.134984832967675924e+09 3.749505645042855740e+08
7.443107228571424483e-02 2.477309881428155518e+10 2.794138742538822174e+09 1.054867435752512217e+09 3.484831946858773828e+08
7.456714357142853189e-02 2.493897908735257721e+10 2.811605489263115883e+09 9.746034377832735777e+08 3.219673942330673337e+08
7.470321485714281895e-02 2.510552013392690277e+10 2.829139954476930141e+09 8.941928390599629879e+08 2.954031631458563209e+08
7.483928614285709213e-02 2.527272315979429245e+10 2.846742261754019737e+09 8.136356395825799704e+08 2.687905014242442846e+08
7.497535742857137919e-02 2.544058937074458313e+10 2.864412534668143272e+09 7.329318393511196375e+08 2.421294090682296157e+08
7.511142871428566625e-02 2.560911997256753159e+10 2.882150896793053627e+09 6.520814383655822277e+08 2.154198860778122544e+08
7.524749999999995331e-02 2.577831617105292130e+10 2.899957471702504635e+09 5.710844366259675026e+08 1.886619324529922605e+08
7.538357128571424037e-02 2.594817917199055099e+10 2.917832382970252991e+09 4.899408341322804093e+08 1.618555481937712431e+08
7.551964257142852743e-02 2.611871018117020416e+10 2.935775754170053959e+09 4.086506308845161796e+08 1.350007333001475632e+08
7.565571385714281449e-02 2.628991040438166809e+10 2.953787708875661850e+09 3.272138268826797009e+08 1.080974877721229047e+08
7.579178514285708768e-02 2.646178104741469955e+10 2.971868370660829544e+09 2.456304221267735958e+08 8.114581160969811678e+07
7.592785642857137474e-02 2.663432331605914307e+10 2.990017863099316597e+09 1.639004166167851090e+08 5.414570481286895275e+07
7.606392771428566180e-02 2.680753841610474777e+10 3.008236309764875412e+09 8.202381035272443295e+07 2.709716738163881749e+07
7.619999899999994886e-02 2.698142755334131622e+10 3.026523834231262207e+09 6.033345864731168149e+02 1.993160060047229933e+02
