# z[m](mid-plane origin)  s11(a/2,b/2)  s22(a/2,b/2)  s13(0,b/2)  s23(a/2,0)  [Pa] -- constitutive TSDT at ITS peak t=2.2700 ms (blast pulse); no s33 in the theory
-7.619999900000000437e-02 -1.886251172910452652e+10 -2.116144407129294157e+09 4.219417483575534789e+02 1.393817269326420387e+02
-7.606392771428571731e-02 -1.874091495336542892e+10 -2.103356349822507858e+09 5.736331510350380838e+07 1.894905624492119998e+07
-7.592785642857143025e-02 -1.861978956455810547e+10 -2.090616599339193583e+09 1.146236830934276432e+08 3.786410555279631913e+07
-7.579178514285714319e-02 -1.849913471941520309e+10 -2.077925069262939692e+09 1.717815259115251899e+08 5.674528730535406619e+07
-7.565571385714285613e-02 -1.837894957466940308e+10 -2.065281673177336931e+09 2.288368435577947497e+08 7.559260150259384513e+07
-7.551964257142856907e-02 -1.825923328705335236e+10 -2.052686324665974855e+09 2.857896360322344303e+08 9.440604814451508224e+07
-7.538357128571428201e-02 -1.813998501329972076e+10 -2.040138937312443018e+09 3.426399033348479271e+08 1.131856272311189324e+08
-7.524750000000000882e-02 -1.802120391014117432e+10 -2.027639424700333357e+09 3.993876454656261802e+08 1.319313387624024600e+08
-7.511142871428572176e-02 -1.790288913431036377e+10 -2.015187700413232327e+09 4.560328624245817661e+08 1.506431827383697927e+08
-7.497535742857143470e-02 -1.778503984253994370e+10 -2.002783678034730673e+09 5.125755542117110491e+08 1.693211591590197682e+08
-7.483928614285714764e-02 -1.766765519156259155e+10 -1.990427271148419619e+09 5.690157208270106316e+08 1.879652680243511498e+08
-7.470321485714286058e-02 -1.755073433811096573e+10 -1.978118393337887526e+09 6.253533622704820633e+08 2.065755093343645930e+08
-7.456714357142857352e-02 -1.743427643891772079e+10 -1.965856958186724901e+09 6.815884785421254635e+08 2.251518830890600681e+08
-7.443107228571428646e-02 -1.731828065071552658e+10 -1.953642879278521299e+09 7.377210696419390440e+08 2.436943892884369791e+08
-7.429500099999999940e-02 -1.720274613023704147e+10 -1.941476070196867228e+09 7.937511355699262619e+08 2.622030279324965179e+08
-7.429499900000000046e-02 -1.839501005977237225e+09 -1.875090860984175873e+10 2.710804679208029509e+08 7.677586815531729460e+08
-7.415892771428571340e-02 -1.827395355894736290e+09 -1.863562235624855042e+10 2.901807212804720402e+08 8.218547418456293344e+08
-7.402285642857142633e-02 -1.815337753081069946e+09 -1.852078125690880585e+10 3.092459604631544948e+08 8.758516343944078684e+08
-7.388678514285713927e-02 -1.803328109376202583e+09 -1.840638449502659225e+10 3.282761854688510895e+08 9.297493591995102167e+08
-7.375071385714286609e-02 -1.791366336620102406e+09 -1.829243125380596924e+10 3.472713962975599170e+08 9.835479162609312534e+08
-7.361464257142857903e-02 -1.779452346652730465e+09 -1.817892071645096207e+10 3.662315929492840767e+08 1.037247305578679800e+09
-7.347857128571429197e-02 -1.767586051314053774e+09 -1.806585206616564941e+10 3.851567754240229130e+08 1.090847527152753830e+09
-7.334250000000000491e-02 -1.755767362444037437e+09 -1.795322448615406418e+10 4.040469437217751741e+08 1.144348580983150005e+09
-7.320642871428571785e-02 -1.743996191882647514e+09 -1.784103715962027740e+10 4.229020978425422311e+08 1.197750467069871664e+09
-7.307035742857143079e-02 -1.732272451469848394e+09 -1.772928926976832962e+10 4.417222377863227129e+08 1.251053185412915468e+09
-7.293428614285714373e-02 -1.720596053045605659e+09 -1.761797999980228043e+10 4.605073635531172156e+08 1.304256736012283325e+09
-7.279821485714287055e-02 -1.708966908449885607e+09 -1.750710853292619324e+10 4.792574751429246068e+08 1.357361118867971420e+09
-7.266214357142858349e-02 -1.697384929522650957e+09 -1.739667405234408951e+10 4.979725725557467937e+08 1.410366333979985237e+09
-7.252607228571429643e-02 -1.685850028103868246e+09 -1.728667574126004791e+10 5.166526557915835381e+08 1.463272381348324537e+09
-7.239000100000000937e-02 -1.674362116033503294e+09 -1.717711278287810707e+10 5.352977248504345417e+08 1.516079260972987652e+09
-7.238999900000001042e-02 -1.563322052235383415e+10 -1.776055343855067015e+09 1.567408518898440361e+09 5.177684052915034890e+08
-7.225392771428572336e-02 -1.552450383882572365e+10 -1.764587213552608728e+09 1.621900704235138893e+09 5.357690296102102399e+08
-7.211785642857143630e-02 -1.541623493071912384e+10 -1.753164970411596060e+09 1.676290364400005817e+09 5.537357863735978603e+08
-7.198178514285714924e-02 -1.530841295476668739e+10 -1.741788528015618563e+09 1.730577499393048048e+09 5.716686755816686153e+08
-7.184571385714286218e-02 -1.520103706770107460e+10 -1.730457799948265314e+09 1.784762109214258671e+09 5.895676972344204187e+08
-7.170964257142857512e-02 -1.509410642625495720e+10 -1.719172699793128252e+09 1.838844193863645077e+09 6.074328513318551779e+08
-7.157357128571428806e-02 -1.498762018716098785e+10 -1.707933141133795261e+09 1.892823753341199636e+09 6.252641378739709854e+08
-7.143750000000001488e-02 -1.488157750715183830e+10 -1.696739037553857803e+09 1.946700787646921158e+09 6.430615568607670069e+08
-7.130142871428572782e-02 -1.477597754296016121e+10 -1.685590302636904001e+09 2.000475296780821323e+09 6.608251082922474146e+08
-7.116535742857144076e-02 -1.467081945131861687e+10 -1.674486849966523886e+09 2.054147280742891788e+09 6.785547921684092283e+08
-7.102928614285715370e-02 -1.456610238895986366e+10 -1.663428593126307487e+09 2.107716739533134222e+09 6.962506084892531633e+08
-7.089321485714286664e-02 -1.446182551261657524e+10 -1.652415445699845076e+09 2.161183673151550293e+09 7.139125572547796965e+08
-7.075714357142857958e-02 -1.435798797902140045e+10 -1.641447321270725965e+09 2.214548081598134995e+09 7.315406384649870396e+08
-7.062107228571429252e-02 -1.425458894490701294e+10 -1.630524133422540426e+09 2.267809964872895718e+09 7.491348521198775768e+08
-7.048500100000000546e-02 -1.415162756700606728e+10 -1.619645795738878012e+09 2.320969322975823879e+09 7.666951982194490433e+08
-7.048499900000000651e-02 -1.518415541047951221e+09 -1.568848295564076805e+10 7.926527362632005215e+08 2.244964472692086697e+09
-7.034892771428571945e-02 -1.507621891340819120e+09 -1.558535228470237350e+10 8.107725916379715204e+08 2.296283833246432781e+09
-7.021285642857143239e-02 -1.496873820418956041e+09 -1.548264389770691681e+10 8.288574328357579708e+08 2.347504026057106018e+09
-7.007678514285714533e-02 -1.486171240122328043e+09 -1.538035697785845566e+10 8.469072598565578461e+08 2.398625051124101162e+09
-6.994071385714285827e-02 -1.475514062290899515e+09 -1.527849070836103630e+10 8.649220727003717422e+08 2.449646908447419643e+09
-6.980464257142857121e-02 -1.464902198764636040e+09 -1.517704427241871452e+10 8.829018713671998978e+08 2.500569598027062893e+09
-6.966857128571428415e-02 -1.454335561383503437e+09 -1.507601685323554420e+10 9.008466558570414782e+08 2.551393119863028049e+09
-6.953250000000001096e-02 -1.443814061987467527e+09 -1.497540763401559067e+10 9.187564261698951721e+08 2.602117473955311775e+09
-6.939642871428572390e-02 -1.433337612416490793e+09 -1.487521579796287918e+10 9.366311823057661057e+08 2.652742660303927898e+09
-6.926035742857143684e-02 -1.422906124510540962e+09 -1.477544052828147697e+10 9.544709242646498680e+08 2.703268678908864498e+09
-6.912428614285714978e-02 -1.412519510109581947e+09 -1.467608100817543602e+10 9.722756520465483665e+08 2.753695529770126820e+09
-6.898821485714286272e-02 -1.402177681053579092e+09 -1.457713642084880638e+10 9.900453656514595747e+08 2.804023212887709618e+09
-6.885214357142857566e-02 -1.391880549182498693e+09 -1.447860594950564766e+10 1.007780065079386234e+09 2.854251728261619091e+09
-6.871607228571428860e-02 -1.381628026336304903e+09 -1.438048877735000801e+10 1.025479750330326438e+09 2.904381075891851425e+09
-6.858000100000000154e-02 -1.371420024354963779e+09 -1.428278408758594131e+10 1.043144421404280066e+09 2.954411255778405666e+09
-6.857999900000000260e-02 -1.519679149414300732e+07 -1.614886941942957789e+07 3.408969545050446689e+07 3.297334810716630146e+07
-5.878285628571428695e-02 -8.316686213447906077e+06 -9.212831125906569883e+06 7.264656311930228770e+07 7.026758036016821861e+07
-4.898571357142857130e-02 -3.610027886866382323e+06 -4.413280654486729763e+06 1.052716049929004610e+08 1.018242384204006046e+08
-3.918857085714286259e-02 -7.145753553795114858e+05 -1.394136701486200094e+06 1.319648210712989271e+08 1.276433222878634483e+08
-2.939142814285714694e-02 7.319125400316413725e+05 2.006820367788837175e+05 1.527262113544977605e+08 1.477248319625568092e+08
-1.959428542857143130e-02 1.091676958386003273e+06 7.272568639923810260e+05 1.675557758424969316e+08 1.620687674444805980e+08
-9.797142714285722587e-03 7.269590587025056593e+05 5.416690838381551439e+05 1.764535145352964699e+08 1.706751287336349189e+08
0.000000000000000000e+00 7.700271340399524531e-08 6.650782948405928259e-08 1.794194274328962862e+08 1.735439158300196826e+08
9.797142714285708709e-03 -7.269590587023507105e+05 -5.416690838380213827e+05 1.764535145352964699e+08 1.706751287336349189e+08
1.959428542857141742e-02 -1.091676958385849139e+06 -7.272568639922481962e+05 1.675557758424969614e+08 1.620687674444806278e+08
2.939142814285714000e-02 -7.319125400314874714e+05 -2.006820367787510622e+05 1.527262113544977605e+08 1.477248319625568092e+08
3.918857085714284871e-02 7.145753553796623601e+05 1.394136701486330014e+06 1.319648210712989867e+08 1.276433222878635079e+08
4.898571357142855742e-02 3.610027886866530869e+06 4.413280654486856423e+06 1.052716049929005057e+08 1.018242384204006493e+08
5.878285628571428001e-02 8.316686213448054157e+06 9.212831125906698406e+06 7.264656311930231750e+07 7.026758036016823351e+07
6.857999899999998872e-02 1.519679149414314888e+07 1.614886941942970082e+07 3.408969545050452650e+07 3.297334810716635734e+07
6.858000099999998767e-02 1.371420024354976416e+09 1.428278408758603287e+10 1.043144421404282451e+09 2.954411255778412819e+09
6.871607228571427473e-02 1.381628026336317778e+09 1.438048877735010338e+10 1.025479750330327511e+09 2.904381075891855240e+09
6.885214357142856179e-02 1.391880549182511568e+09 1.447860594950574303e+10 1.007780065079388261e+09 2.854251728261624813e+09
6.898821485714284885e-02 1.402177681053592205e+09 1.457713642084890175e+10 9.900453656514620781e+08 2.804023212887716293e+09
6.912428614285712203e-02 1.412519510109593153e+09 1.467608100817551804e+10 9.722756520465513468e+08 2.753695529770135403e+09
6.926035742857140909e-02 1.422906124510552406e+09 1.477544052828156090e+10 9.544709242646535635e+08 2.703268678908874989e+09
6.939642871428569615e-02 1.433337612416502714e+09 1.487521579796296120e+10 9.366311823057698011e+08 2.652742660303937912e+09
6.953249999999998321e-02 1.443814061987478971e+09 1.497540763401567268e+10 9.187564261698994637e+08 2.602117473955323696e+09
6.966857128571427027e-02 1.454335561383516550e+09 1.507601685323564148e+10 9.008466558570437431e+08 2.551393119863035202e+09
6.980464257142855733e-02 1.464902198764649153e+09 1.517704427241881180e+10 8.829018713672010899e+08 2.500569598027066708e+09
6.994071385714284439e-02 1.475514062290912151e+09 1.527849070836112785e+10 8.649220727003736496e+08 2.449646908447425365e+09
7.007678514285711757e-02 1.486171240122339725e+09 1.538035697785854149e+10 8.469072598565614223e+08 2.398625051124111652e+09
7.021285642857140463e-02 1.496873820418967962e+09 1.548264389770700264e+10 8.288574328357609510e+08 2.347504026057114601e+09
7.034892771428569169e-02 1.507621891340830326e+09 1.558535228470245552e+10 8.107725916379758120e+08 2.296283833246444702e+09
7.048499899999997875e-02 1.518415541047962904e+09 1.568848295564085007e+10 7.926527362632040977e+08 2.244964472692097187e+09
7.048500099999997770e-02 1.415162756700618935e+10 1.619645795738887548e+09 2.320969322975836277e+09 7.666951982194532156e+08
7.062107228571426476e-02 1.425458894490713310e+10 1.630524133422549963e+09 2.267809964872904301e+09 7.491348521198805571e+08
7.075714357142855182e-02 1.435798797902152252e+10 1.641447321270736217e+09 2.214548081598147869e+09 7.315406384649910927e+08
7.089321485714283888e-02 1.446182551261668777e+10 1.652415445699854374e+09 2.161183673151561260e+09 7.139125572547831535e+08
7.102928614285711206e-02 1.456610238895997429e+10 1.663428593126316071e+09 2.107716739533150673e+09 6.962506084892584085e+08
7.116535742857139912e-02 1.467081945131872177e+10 1.674486849966532469e+09 2.054147280742908239e+09 6.785547921684145927e+08
7.130142871428568618e-02 1.477597754296026993e+10 1.685590302636912346e+09 2.000475296780837297e+09 6.608251082922527790e+08
7.143749999999997324e-02 1.488157750715194702e+10 1.696739037553866386e+09 1.946700787646936893e+09 6.430615568607723713e+08
7.157357128571426030e-02 1.498762018716110420e+10 1.707933141133805037e+09 1.892823753341210365e+09 6.252641378739745617e+08
7.170964257142854736e-02 1.509410642625507164e+10 1.719172699793137550e+09 1.838844193863654137e+09 6.074328513318582773e+08
7.184571385714283442e-02 1.520103706770119476e+10 1.730457799948275566e+09 1.784762109214271307e+09 5.895676972344244719e+08
7.198178514285710761e-02 1.530841295476679230e+10 1.741788528015626431e+09 1.730577499393064022e+09 5.716686755816739798e+08
7.211785642857139467e-02 1.541623493071923065e+10 1.753164970411604404e+09 1.676290364400021791e+09 5.537357863736031055e+08
7.225392771428568173e-02 1.552450383882583046e+10 1.764587213552617073e+09 1.621900704235154867e+09 5.357690296102156043e+08
7.238999899999996879e-02 1.563322052235393906e+10 1.776055343855075359e+09 1.567408518898458242e+09 5.177684052915093899e+08
7.239000099999996773e-02 1.674362116033513308e+09 1.717711278287817574e+10 5.352977248504399657e+08 1.516079260973003149e+09
7.252607228571425479e-02 1.685850028103878736e+09 1.728667574126011658e+10 5.166526557915890217e+08 1.463272381348340034e+09
7.266214357142854186e-02 1.697384929522661209e+09 1.739667405234416580e+10 4.979725725557528734e+08 1.410366333980002403e+09
7.279821485714282892e-02 1.708966908449896097e+09 1.750710853292626190e+10 4.792574751429301500e+08 1.357361118867986917e+09
7.293428614285710210e-02 1.720596053045615911e+09 1.761797999980235672e+10 4.605073635531226993e+08 1.304256736012298822e+09
7.307035742857138916e-02 1.732272451469858885e+09 1.772928926976840591e+10 4.417222377863281369e+08 1.251053185412930965e+09
7.320642871428567622e-02 1.743996191882658005e+09 1.784103715962034988e+10 4.229020978425483108e+08 1.197750467069889069e+09
7.334249999999996328e-02 1.755767362444048166e+09 1.795322448615414047e+10 4.040469437217812538e+08 1.144348580983167171e+09
7.347857128571425034e-02 1.767586051314063787e+09 1.806585206616571808e+10 3.851567754240289927e+08 1.090847527152770996e+09
7.361464257142853740e-02 1.779452346652740717e+09 1.817892071645103455e+10 3.662315929492895007e+08 1.037247305578695297e+09
7.375071385714282446e-02 1.791366336620112419e+09 1.829243125380603790e+10 3.472713962975654006e+08 9.835479162609467506e+08
7.388678514285709764e-02 1.803328109376213551e+09 1.840638449502666473e+10 3.282761854688571692e+08 9.297493591995275021e+08
7.402285642857138470e-02 1.815337753081080198e+09 1.852078125690887833e+10 3.092459604631600380e+08 8.758516343944233656e+08
7.415892771428567176e-02 1.827395355894747019e+09 1.863562235624861908e+10 2.901807212804781199e+08 8.218547418456465006e+08
7.429499899999995882e-02 1.839501005977247715e+09 1.875090860984183502e+10 2.710804679208096862e+08 7.677586815531919003e+08
7.429500099999995777e-02 1.720274613023714066e+10 1.941476070196875334e+09 7.937511355699441433e+08 2.622030279325024188e+08
7.443107228571424483e-02 1.731828065071563339e+10 1.953642879278530121e+09 7.377210696419569254e+08 2.436943892884428799e+08
7.456714357142853189e-02 1.743427643891782761e+10 1.965856958186733007e+09 6.815884785421414375e+08 2.251518830890653729e+08
7.470321485714281895e-02 1.755073433811106491e+10 1.978118393337895632e+09 6.253533622704999447e+08 2.065755093343704939e+08
7.483928614285709213e-02 1.766765519156268311e+10 1.990427271148426056e+09 5.690157208270319700e+08 1.879652680243582428e+08
7.497535742857137919e-02 1.778503984254003906e+10 2.002783678034738064e+09 5.125755542117342353e+08 1.693211591590273976e+08
7.511142871428566625e-02 1.790288913431045151e+10 2.015187700413238764e+09 4.560328624246067405e+08 1.506431827383780479e+08
7.524749999999995331e-02 1.802120391014126587e+10 2.027639424700339794e+09 3.993876454656494260e+08 1.319313387624101341e+08
7.538357128571424037e-02 1.813998501329981613e+10 2.040138937312450886e+09 3.426399033348657489e+08 1.131856272311248332e+08
7.551964257142852743e-02 1.825923328705345535e+10 2.052686324665982962e+09 2.857896360322523117e+08 9.440604814452096820e+07
7.565571385714281449e-02 1.837894957466950607e+10 2.065281673177345276e+09 2.288368435578126013e+08 7.559260150259974599e+07
7.579178514285708768e-02 1.849913471941529465e+10 2.077925069262946129e+09 1.717815259115484059e+08 5.674528730536173284e+07
7.592785642857137474e-02 1.861978956455819321e+10 2.090616599339200258e+09 1.146236830934508294e+08 3.786410555280398577e+07
7.606392771428566180e-02 1.874091495336552429e+10 2.103356349822514772e+09 5.736331510352700204e+07 1.894905624492886662e+07
7.619999899999994886e-02 1.886251172910461807e+10 2.116144407129300833e+09 4.219417733446470038e+02 1.393817351867298555e+02
