nodes:
- [0.0500000000 0.0000000000 0.0]
- [0.0499753280 0.0015705380 0.0]
- [0.0499013364 0.0031395260 0.0]
- [0.0497780982 0.0047054157 0.0]
- [0.0496057351 0.0062666617 0.0]
- [0.0493844170 0.0078217233 0.0]
- [0.0491143625 0.0093690657 0.0]
- [0.0487958381 0.0109071621 0.0]
- [0.0484291581 0.0124344944 0.0]
- [0.0480146843 0.0139495553 0.0]
- [0.0475528258 0.0154508497 0.0]
- [0.0470440384 0.0169368960 0.0]
- [0.0464888243 0.0184062276 0.0]
- [0.0458877313 0.0198573945 0.0]
- [0.0452413526 0.0212889646 0.0]
- [0.0445503262 0.0226995250 0.0]
- [0.0438153340 0.0240876837 0.0]
- [0.0430371014 0.0254520708 0.0]
- [0.0422163963 0.0267913397 0.0]
- [0.0413540287 0.0281041689 0.0]
- [0.0404508497 0.0293892626 0.0]
- [0.0395077506 0.0306453527 0.0]
- [0.0385256621 0.0318711995 0.0]
- [0.0375055535 0.0330655933 0.0]
- [0.0364484314 0.0342273553 0.0]
- [0.0353553391 0.0353553391 0.0]
- [0.0342273553 0.0364484314 0.0]
- [0.0330655933 0.0375055535 0.0]
- [0.0318711995 0.0385256621 0.0]
- [0.0306453527 0.0395077506 0.0]
- [0.0293892626 0.0404508497 0.0]
- [0.0281041689 0.0413540287 0.0]
- [0.0267913397 0.0422163963 0.0]
- [0.0254520708 0.0430371014 0.0]
- [0.0240876837 0.0438153340 0.0]
- [0.0226995250 0.0445503262 0.0]
- [0.0212889646 0.0452413526 0.0]
- [0.0198573945 0.0458877313 0.0]
- [0.0184062276 0.0464888243 0.0]
- [0.0169368960 0.0470440384 0.0]
- [0.0154508497 0.0475528258 0.0]
- [0.0139495553 0.0480146843 0.0]
- [0.0124344944 0.0484291581 0.0]
- [0.0109071621 0.0487958381 0.0]
- [0.0093690657 0.0491143625 0.0]
- [0.0078217233 0.0493844170 0.0]
- [0.0062666617 0.0496057351 0.0]
- [0.0047054157 0.0497780982 0.0]
- [0.0031395260 0.0499013364 0.0]
- [0.0015705380 0.0499753280 0.0]
- [0.0000000000 0.0500000000 0.0]
- [-0.0015705380 0.0499753280 0.0]
- [-0.0031395260 0.0499013364 0.0]
- [-0.0047054157 0.0497780982 0.0]
- [-0.0062666617 0.0496057351 0.0]
- [-0.0078217233 0.0493844170 0.0]
- [-0.0093690657 0.0491143625 0.0]
- [-0.0109071621 0.0487958381 0.0]
- [-0.0124344944 0.0484291581 0.0]
- [-0.0139495553 0.0480146843 0.0]
- [-0.0154508497 0.0475528258 0.0]
- [-0.0169368960 0.0470440384 0.0]
- [-0.0184062276 0.0464888243 0.0]
- [-0.0198573945 0.0458877313 0.0]
- [-0.0212889646 0.0452413526 0.0]
- [-0.0226995250 0.0445503262 0.0]
- [-0.0240876837 0.0438153340 0.0]
- [-0.0254520708 0.0430371014 0.0]
- [-0.0267913397 0.0422163963 0.0]
- [-0.0281041689 0.0413540287 0.0]
- [-0.0293892626 0.0404508497 0.0]
- [-0.0306453527 0.0395077506 0.0]
- [-0.0318711995 0.0385256621 0.0]
- [-0.0330655933 0.0375055535 0.0]
- [-0.0342273553 0.0364484314 0.0]
- [-0.0353553391 0.0353553391 0.0]
- [-0.0364484314 0.0342273553 0.0]
- [-0.0375055535 0.0330655933 0.0]
- [-0.0385256621 0.0318711995 0.0]
- [-0.0395077506 0.0306453527 0.0]
- [-0.0404508497 0.0293892626 0.0]
- [-0.0413540287 0.0281041689 0.0]
- [-0.0422163963 0.0267913397 0.0]
- [-0.0430371014 0.0254520708 0.0]
- [-0.0438153340 0.0240876837 0.0]
- [-0.0445503262 0.0226995250 0.0]
- [-0.0452413526 0.0212889646 0.0]
- [-0.0458877313 0.0198573945 0.0]
- [-0.0464888243 0.0184062276 0.0]
- [-0.0470440384 0.0169368960 0.0]
- [-0.0475528258 0.0154508497 0.0]
- [-0.0480146843 0.0139495553 0.0]
- [-0.0484291581 0.0124344944 0.0]
- [-0.0487958381 0.0109071621 0.0]
- [-0.0491143625 0.0093690657 0.0]
- [-0.0493844170 0.0078217233 0.0]
- [-0.0496057351 0.0062666617 0.0]
- [-0.0497780982 0.0047054157 0.0]
- [-0.0499013364 0.0031395260 0.0]
- [-0.0499753280 0.0015705380 0.0]
- [-0.0500000000 0.0000000000 0.0]
- [-0.0499753280 -0.0015705380 0.0]
- [-0.0499013364 -0.0031395260 0.0]
- [-0.0497780982 -0.0047054157 0.0]
- [-0.0496057351 -0.0062666617 0.0]
- [-0.0493844170 -0.0078217233 0.0]
- [-0.0491143625 -0.0093690657 0.0]
- [-0.0487958381 -0.0109071621 0.0]
- [-0.0484291581 -0.0124344944 0.0]
- [-0.0480146843 -0.0139495553 0.0]
- [-0.0475528258 -0.0154508497 0.0]
- [-0.0470440384 -0.0169368960 0.0]
- [-0.0464888243 -0.0184062276 0.0]
- [-0.0458877313 -0.0198573945 0.0]
- [-0.0452413526 -0.0212889646 0.0]
- [-0.0445503262 -0.0226995250 0.0]
- [-0.0438153340 -0.0240876837 0.0]
- [-0.0430371014 -0.0254520708 0.0]
- [-0.0422163963 -0.0267913397 0.0]
- [-0.0413540287 -0.0281041689 0.0]
- [-0.0404508497 -0.0293892626 0.0]
- [-0.0395077506 -0.0306453527 0.0]
- [-0.0385256621 -0.0318711995 0.0]
- [-0.0375055535 -0.0330655933 0.0]
- [-0.0364484314 -0.0342273553 0.0]
- [-0.0353553391 -0.0353553391 0.0]
- [-0.0342273553 -0.0364484314 0.0]
- [-0.0330655933 -0.0375055535 0.0]
- [-0.0318711995 -0.0385256621 0.0]
- [-0.0306453527 -0.0395077506 0.0]
- [-0.0293892626 -0.0404508497 0.0]
- [-0.0281041689 -0.0413540287 0.0]
- [-0.0267913397 -0.0422163963 0.0]
- [-0.0254520708 -0.0430371014 0.0]
- [-0.0240876837 -0.0438153340 0.0]
- [-0.0226995250 -0.0445503262 0.0]
- [-0.0212889646 -0.0452413526 0.0]
- [-0.0198573945 -0.0458877313 0.0]
- [-0.0184062276 -0.0464888243 0.0]
- [-0.0169368960 -0.0470440384 0.0]
- [-0.0154508497 -0.0475528258 0.0]
- [-0.0139495553 -0.0480146843 0.0]
- [-0.0124344944 -0.0484291581 0.0]
- [-0.0109071621 -0.0487958381 0.0]
- [-0.0093690657 -0.0491143625 0.0]
- [-0.0078217233 -0.0493844170 0.0]
- [-0.0062666617 -0.0496057351 0.0]
- [-0.0047054157 -0.0497780982 0.0]
- [-0.0031395260 -0.0499013364 0.0]
- [-0.0015705380 -0.0499753280 0.0]
- [-0.0000000000 -0.0500000000 0.0]
- [0.0015705380 -0.0499753280 0.0]
- [0.0031395260 -0.0499013364 0.0]
- [0.0047054157 -0.0497780982 0.0]
- [0.0062666617 -0.0496057351 0.0]
- [0.0078217233 -0.0493844170 0.0]
- [0.0093690657 -0.0491143625 0.0]
- [0.0109071621 -0.0487958381 0.0]
- [0.0124344944 -0.0484291581 0.0]
- [0.0139495553 -0.0480146843 0.0]
- [0.0154508497 -0.0475528258 0.0]
- [0.0169368960 -0.0470440384 0.0]
- [0.0184062276 -0.0464888243 0.0]
- [0.0198573945 -0.0458877313 0.0]
- [0.0212889646 -0.0452413526 0.0]
- [0.0226995250 -0.0445503262 0.0]
- [0.0240876837 -0.0438153340 0.0]
- [0.0254520708 -0.0430371014 0.0]
- [0.0267913397 -0.0422163963 0.0]
- [0.0281041689 -0.0413540287 0.0]
- [0.0293892626 -0.0404508497 0.0]
- [0.0306453527 -0.0395077506 0.0]
- [0.0318711995 -0.0385256621 0.0]
- [0.0330655933 -0.0375055535 0.0]
- [0.0342273553 -0.0364484314 0.0]
- [0.0353553391 -0.0353553391 0.0]
- [0.0364484314 -0.0342273553 0.0]
- [0.0375055535 -0.0330655933 0.0]
- [0.0385256621 -0.0318711995 0.0]
- [0.0395077506 -0.0306453527 0.0]
- [0.0404508497 -0.0293892626 0.0]
- [0.0413540287 -0.0281041689 0.0]
- [0.0422163963 -0.0267913397 0.0]
- [0.0430371014 -0.0254520708 0.0]
- [0.0438153340 -0.0240876837 0.0]
- [0.0445503262 -0.0226995250 0.0]
- [0.0452413526 -0.0212889646 0.0]
- [0.0458877313 -0.0198573945 0.0]
- [0.0464888243 -0.0184062276 0.0]
- [0.0470440384 -0.0169368960 0.0]
- [0.0475528258 -0.0154508497 0.0]
- [0.0480146843 -0.0139495553 0.0]
- [0.0484291581 -0.0124344944 0.0]
- [0.0487958381 -0.0109071621 0.0]
- [0.0491143625 -0.0093690657 0.0]
- [0.0493844170 -0.0078217233 0.0]
- [0.0496057351 -0.0062666617 0.0]
- [0.0497780982 -0.0047054157 0.0]
- [0.0499013364 -0.0031395260 0.0]
- [0.0499753280 -0.0015705380 0.0]
- [-0.0000000000 -0.0475000000 0.0]
- [-0.0000000000 -0.0450000000 0.0]
- [-0.0000000000 -0.0425000000 0.0]
- [-0.0000000000 -0.0400000000 0.0]
- [-0.0000000000 -0.0375000000 0.0]
- [-0.0000000000 -0.0350000000 0.0]
- [-0.0000000000 -0.0325000000 0.0]
- [-0.0000000000 -0.0300000000 0.0]
- [-0.0000000000 -0.0275000000 0.0]
- [-0.0000000000 -0.0250000000 0.0]
- [-0.0000000000 -0.0225000000 0.0]
- [-0.0000000000 -0.0200000000 0.0]
- [-0.0000000000 -0.0175000000 0.0]
- [-0.0000000000 -0.0150000000 0.0]
- [-0.0000000000 -0.0125000000 0.0]
- [-0.0000000000 -0.0100000000 0.0]
- [-0.0000000000 -0.0075000000 0.0]
- [-0.0000000000 -0.0050000000 0.0]
- [-0.0000000000 -0.0025000000 0.0]
- [-0.0000000000 0.0000000000 0.0]
- [-0.0000000000 0.0025000000 0.0]
- [-0.0000000000 0.0050000000 0.0]
- [-0.0000000000 0.0075000000 0.0]
- [-0.0000000000 0.0100000000 0.0]
- [-0.0000000000 0.0125000000 0.0]
- [-0.0000000000 0.0150000000 0.0]
- [-0.0000000000 0.0175000000 0.0]
- [-0.0000000000 0.0200000000 0.0]
- [-0.0000000000 0.0225000000 0.0]
- [0.0000000000 0.0250000000 0.0]
- [0.0000000000 0.0275000000 0.0]
- [0.0000000000 0.0300000000 0.0]
- [0.0000000000 0.0325000000 0.0]
- [0.0000000000 0.0350000000 0.0]
- [0.0000000000 0.0375000000 0.0]
- [0.0000000000 0.0400000000 0.0]
- [0.0000000000 0.0425000000 0.0]
- [0.0000000000 0.0450000000 0.0]
- [0.0000000000 0.0475000000 0.0]
elements:
- [1 2]
- [2 3]
- [3 4]
- [4 5]
- [5 6]
- [6 7]
- [7 8]
- [8 9]
- [9 10]
- [10 11]
- [11 12]
- [12 13]
- [13 14]
- [14 15]
- [15 16]
- [16 17]
- [17 18]
- [18 19]
- [19 20]
- [20 21]
- [21 22]
- [22 23]
- [23 24]
- [24 25]
- [25 26]
- [26 27]
- [27 28]
- [28 29]
- [29 30]
- [30 31]
- [31 32]
- [32 33]
- [33 34]
- [34 35]
- [35 36]
- [36 37]
- [37 38]
- [38 39]
- [39 40]
- [40 41]
- [41 42]
- [42 43]
- [43 44]
- [44 45]
- [45 46]
- [46 47]
- [47 48]
- [48 49]
- [49 50]
- [50 51]
- [51 52]
- [52 53]
- [53 54]
- [54 55]
- [55 56]
- [56 57]
- [57 58]
- [58 59]
- [59 60]
- [60 61]
- [61 62]
- [62 63]
- [63 64]
- [64 65]
- [65 66]
- [66 67]
- [67 68]
- [68 69]
- [69 70]
- [70 71]
- [71 72]
- [72 73]
- [73 74]
- [74 75]
- [75 76]
- [76 77]
- [77 78]
- [78 79]
- [79 80]
- [80 81]
- [81 82]
- [82 83]
- [83 84]
- [84 85]
- [85 86]
- [86 87]
- [87 88]
- [88 89]
- [89 90]
- [90 91]
- [91 92]
- [92 93]
- [93 94]
- [94 95]
- [95 96]
- [96 97]
- [97 98]
- [98 99]
- [99 100]
- [100 101]
- [101 102]
- [102 103]
- [103 104]
- [104 105]
- [105 106]
- [106 107]
- [107 108]
- [108 109]
- [109 110]
- [110 111]
- [111 112]
- [112 113]
- [113 114]
- [114 115]
- [115 116]
- [116 117]
- [117 118]
- [118 119]
- [119 120]
- [120 121]
- [121 122]
- [122 123]
- [123 124]
- [124 125]
- [125 126]
- [126 127]
- [127 128]
- [128 129]
- [129 130]
- [130 131]
- [131 132]
- [132 133]
- [133 134]
- [134 135]
- [135 136]
- [136 137]
- [137 138]
- [138 139]
- [139 140]
- [140 141]
- [141 142]
- [142 143]
- [143 144]
- [144 145]
- [145 146]
- [146 147]
- [147 148]
- [148 149]
- [149 150]
- [150 151]
- [151 152]
- [152 153]
- [153 154]
- [154 155]
- [155 156]
- [156 157]
- [157 158]
- [158 159]
- [159 160]
- [160 161]
- [161 162]
- [162 163]
- [163 164]
- [164 165]
- [165 166]
- [166 167]
- [167 168]
- [168 169]
- [169 170]
- [170 171]
- [171 172]
- [172 173]
- [173 174]
- [174 175]
- [175 176]
- [176 177]
- [177 178]
- [178 179]
- [179 180]
- [180 181]
- [181 182]
- [182 183]
- [183 184]
- [184 185]
- [185 186]
- [186 187]
- [187 188]
- [188 189]
- [189 190]
- [190 191]
- [191 192]
- [192 193]
- [193 194]
- [194 195]
- [195 196]
- [196 197]
- [197 198]
- [198 199]
- [199 200]
- [200 1]
- [151 201]
- [201 202]
- [202 203]
- [203 204]
- [204 205]
- [205 206]
- [206 207]
- [207 208]
- [208 209]
- [209 210]
- [210 211]
- [211 212]
- [212 213]
- [213 214]
- [214 215]
- [215 216]
- [216 217]
- [217 218]
- [218 219]
- [219 220]
- [220 221]
- [221 222]
- [222 223]
- [223 224]
- [224 225]
- [225 226]
- [226 227]
- [227 228]
- [228 229]
- [229 230]
- [230 231]
- [231 232]
- [232 233]
- [233 234]
- [234 235]
- [235 236]
- [236 237]
- [237 238]
- [238 239]
- [239 51]
sets:
  element:
  - name: wall
    labels:
    - 1
    - 2
    - 3
    - 4
    - 5
    - 6
    - 7
    - 8
    - 9
    - 10
    - 11
    - 12
    - 13
    - 14
    - 15
    - 16
    - 17
    - 18
    - 19
    - 20
    - 21
    - 22
    - 23
    - 24
    - 25
    - 26
    - 27
    - 28
    - 29
    - 30
    - 31
    - 32
    - 33
    - 34
    - 35
    - 36
    - 37
    - 38
    - 39
    - 40
    - 41
    - 42
    - 43
    - 44
    - 45
    - 46
    - 47
    - 48
    - 49
    - 50
    - 51
    - 52
    - 53
    - 54
    - 55
    - 56
    - 57
    - 58
    - 59
    - 60
    - 61
    - 62
    - 63
    - 64
    - 65
    - 66
    - 67
    - 68
    - 69
    - 70
    - 71
    - 72
    - 73
    - 74
    - 75
    - 76
    - 77
    - 78
    - 79
    - 80
    - 81
    - 82
    - 83
    - 84
    - 85
    - 86
    - 87
    - 88
    - 89
    - 90
    - 91
    - 92
    - 93
    - 94
    - 95
    - 96
    - 97
    - 98
    - 99
    - 100
    - 101
    - 102
    - 103
    - 104
    - 105
    - 106
    - 107
    - 108
    - 109
    - 110
    - 111
    - 112
    - 113
    - 114
    - 115
    - 116
    - 117
    - 118
    - 119
    - 120
    - 121
    - 122
    - 123
    - 124
    - 125
    - 126
    - 127
    - 128
    - 129
    - 130
    - 131
    - 132
    - 133
    - 134
    - 135
    - 136
    - 137
    - 138
    - 139
    - 140
    - 141
    - 142
    - 143
    - 144
    - 145
    - 146
    - 147
    - 148
    - 149
    - 150
    - 151
    - 152
    - 153
    - 154
    - 155
    - 156
    - 157
    - 158
    - 159
    - 160
    - 161
    - 162
    - 163
    - 164
    - 165
    - 166
    - 167
    - 168
    - 169
    - 170
    - 171
    - 172
    - 173
    - 174
    - 175
    - 176
    - 177
    - 178
    - 179
    - 180
    - 181
    - 182
    - 183
    - 184
    - 185
    - 186
    - 187
    - 188
    - 189
    - 190
    - 191
    - 192
    - 193
    - 194
    - 195
    - 196
    - 197
    - 198
    - 199
    - 200
    - 201
    - 202
    - 203
    - 204
    - 205
    - 206
    - 207
    - 208
    - 209
    - 210
    - 211
    - 212
    - 213
    - 214
    - 215
    - 216
    - 217
    - 218
    - 219
    - 220
    - 221
    - 222
    - 223
    - 224
    - 225
    - 226
    - 227
    - 228
    - 229
    - 230
    - 231
    - 232
    - 233
    - 234
    - 235
    - 236
    - 237
    - 238
    - 239
    - 240
sections:
- type: shell
  elementSet: wall
  layup:
  - - mat
    - 0.004
    - 0.0
materials:
- name: mat
  density: 2700.0
  elastic:
    E:
    - 68900000000.0
    - 68900000000.0
    - 68900000000.0
    G:
    - 25902255639.097744
    - 25902255639.097744
    - 25902255639.097744
    nu:
    - 0.33
    - 0.33
    - 0.33
elementOrientations:
- [0.0, 0.0, 1.0, -0.015707317311821074, 0.9998766324816607, 0.0, -0.9998766324816607,
  -0.015707317311821074, 0.0]
- [0.0, 0.0, 1.0, -0.04710645070964147, 0.99888987496197, 0.0, -0.99888987496197,
  -0.04710645070964147, 0.0]
- [0.0, 0.0, 1.0, -0.07845909572784804, 0.9969173337331279, 0.0, -0.9969173337331279,
  -0.07845909572784804, 0.0]
- [0.0, 0.0, 1.0, -0.10973431109104152, 0.99396095545518, 0.0, -0.99396095545518,
  -0.10973431109104152, 0.0]
- [0.0, 0.0, 1.0, -0.14090123193758264, 0.9900236577165576, 0.0, -0.9900236577165576,
  -0.14090123193758264, 0.0]
- [0.0, 0.0, 1.0, -0.1719291002794091, 0.9851093261547739, 0.0, -0.9851093261547739,
  -0.1719291002794091, 0.0]
- [0.0, 0.0, 1.0, -0.2027872953565123, 0.9792228106217657, 0.0, -0.9792228106217657,
  -0.2027872953565123, 0.0]
- [0.0, 0.0, 1.0, -0.2334453638559103, 0.9723699203976754, 0.0, -0.9723699203976754,
  -0.2334453638559103, 0.0]
- [0.0, 0.0, 1.0, -0.26387304996536987, 0.964557418457799, 0.0, -0.964557418457799,
  -0.26387304996536987, 0.0]
- [0.0, 0.0, 1.0, -0.2940403252323065, 0.9557930147983293, 0.0, -0.9557930147983293,
  -0.2940403252323065, 0.0]
- [0.0, 0.0, 1.0, -0.32391741819814873, 0.9460853588275455, 0.0, -0.9460853588275455,
  -0.32391741819814873, 0.0]
- [0.0, 0.0, 1.0, -0.35347484377925464, 0.9354440308298683, 0.0, -0.9354440308298683,
  -0.35347484377925464, 0.0]
- [0.0, 0.0, 1.0, -0.3826834323650897, 0.9238795325112868, 0.0, -0.9238795325112868,
  -0.3826834323650897, 0.0]
- [0.0, 0.0, 1.0, -0.4115143586051097, 0.9114032766354447, 0.0, -0.9114032766354447,
  -0.4115143586051097, 0.0]
- [0.0, 0.0, 1.0, -0.43993916985591297, 0.8980275757606168, 0.0, -0.8980275757606168,
  -0.43993916985591297, 0.0]
- [0.0, 0.0, 1.0, -0.4679298142605756, 0.8837656300886924, 0.0, -0.8837656300886924,
  -0.4679298142605756, 0.0]
- [0.0, 0.0, 1.0, -0.4954586684324065, 0.8686315144381919, 0.0, -0.8686315144381919,
  -0.4954586684324065, 0.0]
- [0.0, 0.0, 1.0, -0.5224985647159486, 0.8526401643540924, 0.0, -0.8526401643540924,
  -0.5224985647159486, 0.0]
- [0.0, 0.0, 1.0, -0.5490228179981343, 0.8358073613682685, 0.0, -0.8358073613682685,
  -0.5490228179981343, 0.0]
- [0.0, 0.0, 1.0, -0.5750052520432754, 0.8181497174250256, 0.0, -0.8181497174250256,
  -0.5750052520432754, 0.0]
- [0.0, 0.0, 1.0, -0.6004202253258837, 0.7996846584870909, 0.0, -0.7996846584870909,
  -0.6004202253258837, 0.0]
- [0.0, 0.0, 1.0, -0.6252426563357062, 0.7804304073383289, 0.0, -0.7804304073383289,
  -0.6252426563357062, 0.0]
- [0.0, 0.0, 1.0, -0.6494480483301828, 0.7604059656000318, 0.0, -0.7604059656000318,
  -0.6494480483301828, 0.0]
- [0.0, 0.0, 1.0, -0.6730125135097749, 0.7396310949786083, 0.0, -0.7396310949786083,
  -0.6730125135097749, 0.0]
- [0.0, 0.0, 1.0, -0.6959127965923114, 0.7181262977631917, 0.0, -0.7181262977631917,
  -0.6959127965923114, 0.0]
- [0.0, 0.0, 1.0, -0.7181262977631917, 0.6959127965923114, 0.0, -0.6959127965923114,
  -0.7181262977631917, 0.0]
- [0.0, 0.0, 1.0, -0.7396310949786086, 0.6730125135097745, 0.0, -0.6730125135097745,
  -0.7396310949786086, 0.0]
- [0.0, 0.0, 1.0, -0.7604059656000296, 0.6494480483301853, 0.0, -0.6494480483301853,
  -0.7604059656000296, 0.0]
- [0.0, 0.0, 1.0, -0.7804304073383306, 0.625242656335704, 0.0, -0.625242656335704,
  -0.7804304073383306, 0.0]
- [0.0, 0.0, 1.0, -0.7996846584870914, 0.6004202253258829, 0.0, -0.6004202253258829,
  -0.7996846584870914, 0.0]
- [0.0, 0.0, 1.0, -0.8181497174250236, 0.5750052520432783, 0.0, -0.5750052520432783,
  -0.8181497174250236, 0.0]
- [0.0, 0.0, 1.0, -0.8358073613682706, 0.5490228179981315, 0.0, -0.5490228179981315,
  -0.8358073613682706, 0.0]
- [0.0, 0.0, 1.0, -0.8526401643540931, 0.5224985647159476, 0.0, -0.5224985647159476,
  -0.8526401643540931, 0.0]
- [0.0, 0.0, 1.0, -0.86863151443819, 0.4954586684324098, 0.0, -0.4954586684324098,
  -0.86863151443819, 0.0]
- [0.0, 0.0, 1.0, -0.8837656300886945, 0.46792981426057145, 0.0, -0.46792981426057145,
  -0.8837656300886945, 0.0]
- [0.0, 0.0, 1.0, -0.8980275757606154, 0.43993916985591563, 0.0, -0.43993916985591563,
  -0.8980275757606154, 0.0]
- [0.0, 0.0, 1.0, -0.9114032766354451, 0.4115143586051089, 0.0, -0.4115143586051089,
  -0.9114032766354451, 0.0]
- [0.0, 0.0, 1.0, -0.9238795325112871, 0.38268343236508906, 0.0, -0.38268343236508906,
  -0.9238795325112871, 0.0]
- [0.0, 0.0, 1.0, -0.935444030829867, 0.35347484377925775, 0.0, -0.35347484377925775,
  -0.935444030829867, 0.0]
- [0.0, 0.0, 1.0, -0.9460853588275459, 0.32391741819814807, 0.0, -0.32391741819814807,
  -0.9460853588275459, 0.0]
- [0.0, 0.0, 1.0, -0.9557930147983302, 0.29404032523230367, 0.0, -0.29404032523230367,
  -0.9557930147983302, 0.0]
- [0.0, 0.0, 1.0, -0.9645574184577983, 0.263873049965372, 0.0, -0.263873049965372,
  -0.9645574184577983, 0.0]
- [0.0, 0.0, 1.0, -0.9723699203976761, 0.23344536385590736, 0.0, -0.23344536385590736,
  -0.9723699203976761, 0.0]
- [0.0, 0.0, 1.0, -0.9792228106217657, 0.2027872953565123, 0.0, -0.2027872953565123,
  -0.9792228106217657, 0.0]
- [0.0, 0.0, 1.0, -0.9851093261547733, 0.17192910027941283, 0.0, -0.17192910027941283,
  -0.9851093261547733, 0.0]
- [0.0, 0.0, 1.0, -0.9900236577165581, 0.14090123193757917, 0.0, -0.14090123193757917,
  -0.9900236577165581, 0.0]
- [0.0, 0.0, 1.0, -0.9939609554551798, 0.10973431109104506, 0.0, -0.10973431109104506,
  -0.9939609554551798, 0.0]
- [0.0, 0.0, 1.0, -0.9969173337331277, 0.07845909572784844, 0.0, -0.07845909572784844,
  -0.9969173337331277, 0.0]
- [0.0, 0.0, 1.0, -0.99888987496197, 0.0471064507096414, 0.0, -0.0471064507096414,
  -0.99888987496197, 0.0]
- [0.0, 0.0, 1.0, -0.9998766324816605, 0.01570731731182105, 0.0, -0.01570731731182105,
  -0.9998766324816605, 0.0]
- [0.0, 0.0, 1.0, -0.9998766324816605, -0.01570731731182105, 0.0, 0.01570731731182105,
  -0.9998766324816605, 0.0]
- [0.0, 0.0, 1.0, -0.99888987496197, -0.04710645070964141, 0.0, 0.04710645070964141,
  -0.99888987496197, 0.0]
- [0.0, 0.0, 1.0, -0.9969173337331279, -0.07845909572784793, 0.0, 0.07845909572784793,
  -0.9969173337331279, 0.0]
- [0.0, 0.0, 1.0, -0.9939609554551799, -0.10973431109104212, 0.0, 0.10973431109104212,
  -0.9939609554551799, 0.0]
- [0.0, 0.0, 1.0, -0.9900236577165576, -0.1409012319375825, 0.0, 0.1409012319375825,
  -0.9900236577165576, 0.0]
- [0.0, 0.0, 1.0, -0.9851093261547741, -0.17192910027940875, 0.0, 0.17192910027940875,
  -0.9851093261547741, 0.0]
- [0.0, 0.0, 1.0, -0.9792228106217656, -0.20278729535651363, 0.0, 0.20278729535651363,
  -0.9792228106217656, 0.0]
- [0.0, 0.0, 1.0, -0.972369920397676, -0.2334453638559083, 0.0, 0.2334453638559083,
  -0.972369920397676, 0.0]
- [0.0, 0.0, 1.0, -0.9645574184577984, -0.26387304996537153, 0.0, 0.26387304996537153,
  -0.9645574184577984, 0.0]
- [0.0, 0.0, 1.0, -0.9557930147983302, -0.29404032523230367, 0.0, 0.29404032523230367,
  -0.9557930147983302, 0.0]
- [0.0, 0.0, 1.0, -0.9460853588275451, -0.32391741819814995, 0.0, 0.32391741819814995,
  -0.9460853588275451, 0.0]
- [0.0, 0.0, 1.0, -0.9354440308298678, -0.3534748437792561, 0.0, 0.3534748437792561,
  -0.9354440308298678, 0.0]
- [0.0, 0.0, 1.0, -0.9238795325112877, -0.38268343236508734, 0.0, 0.38268343236508734,
  -0.9238795325112877, 0.0]
- [0.0, 0.0, 1.0, -0.9114032766354447, -0.4115143586051097, 0.0, 0.4115143586051097,
  -0.9114032766354447, 0.0]
- [0.0, 0.0, 1.0, -0.8980275757606162, -0.4399391698559138, 0.0, 0.4399391698559138,
  -0.8980275757606162, 0.0]
- [0.0, 0.0, 1.0, -0.8837656300886914, -0.4679298142605772, 0.0, 0.4679298142605772,
  -0.8837656300886914, 0.0]
- [0.0, 0.0, 1.0, -0.8686315144381928, -0.4954586684324051, 0.0, 0.4954586684324051,
  -0.8686315144381928, 0.0]
- [0.0, 0.0, 1.0, -0.8526401643540923, -0.5224985647159488, 0.0, 0.5224985647159488,
  -0.8526401643540923, 0.0]
- [0.0, 0.0, 1.0, -0.8358073613682698, -0.5490228179981324, 0.0, 0.5490228179981324,
  -0.8358073613682698, 0.0]
- [0.0, 0.0, 1.0, -0.8181497174250235, -0.5750052520432785, 0.0, 0.5750052520432785,
  -0.8181497174250235, 0.0]
- [0.0, 0.0, 1.0, -0.7996846584870905, -0.6004202253258843, 0.0, 0.6004202253258843,
  -0.7996846584870905, 0.0]
- [0.0, 0.0, 1.0, -0.780430407338332, -0.6252426563357024, 0.0, 0.6252426563357024,
  -0.780430407338332, 0.0]
- [0.0, 0.0, 1.0, -0.760405965600028, -0.6494480483301871, 0.0, 0.6494480483301871,
  -0.760405965600028, 0.0]
- [0.0, 0.0, 1.0, -0.7396310949786101, -0.6730125135097729, 0.0, 0.6730125135097729,
  -0.7396310949786101, 0.0]
- [0.0, 0.0, 1.0, -0.7181262977631896, -0.6959127965923135, 0.0, 0.6959127965923135,
  -0.7181262977631896, 0.0]
- [0.0, 0.0, 1.0, -0.6959127965923113, -0.7181262977631917, 0.0, 0.7181262977631917,
  -0.6959127965923113, 0.0]
- [0.0, 0.0, 1.0, -0.6730125135097751, -0.7396310949786081, 0.0, 0.7396310949786081,
  -0.6730125135097751, 0.0]
- [0.0, 0.0, 1.0, -0.6494480483301849, -0.7604059656000298, 0.0, 0.7604059656000298,
  -0.6494480483301849, 0.0]
- [0.0, 0.0, 1.0, -0.6252426563357045, -0.7804304073383302, 0.0, 0.7804304073383302,
  -0.6252426563357045, 0.0]
- [0.0, 0.0, 1.0, -0.600420225325885, -0.7996846584870898, 0.0, 0.7996846584870898,
  -0.600420225325885, 0.0]
- [0.0, 0.0, 1.0, -0.5750052520432775, -0.8181497174250243, 0.0, 0.8181497174250243,
  -0.5750052520432775, 0.0]
- [0.0, 0.0, 1.0, -0.5490228179981324, -0.8358073613682698, 0.0, 0.8358073613682698,
  -0.5490228179981324, 0.0]
- [0.0, 0.0, 1.0, -0.5224985647159504, -0.8526401643540914, 0.0, 0.8526401643540914,
  -0.5224985647159504, 0.0]
- [0.0, 0.0, 1.0, -0.4954586684324051, -0.8686315144381928, 0.0, 0.8686315144381928,
  -0.4954586684324051, 0.0]
- [0.0, 0.0, 1.0, -0.4679298142605749, -0.8837656300886927, 0.0, 0.8837656300886927,
  -0.4679298142605749, 0.0]
- [0.0, 0.0, 1.0, -0.43993916985591464, -0.8980275757606158, 0.0, 0.8980275757606158,
  -0.43993916985591464, 0.0]
- [0.0, 0.0, 1.0, -0.4115143586051086, -0.9114032766354454, 0.0, 0.9114032766354454,
  -0.4115143586051086, 0.0]
- [0.0, 0.0, 1.0, -0.38268343236509106, -0.9238795325112861, 0.0, 0.9238795325112861,
  -0.38268343236509106, 0.0]
- [0.0, 0.0, 1.0, -0.35347484377925553, -0.9354440308298678, 0.0, 0.9354440308298678,
  -0.35347484377925553, 0.0]
- [0.0, 0.0, 1.0, -0.32391741819815006, -0.9460853588275451, 0.0, 0.9460853588275451,
  -0.32391741819815006, 0.0]
- [0.0, 0.0, 1.0, -0.29404032523230367, -0.9557930147983302, 0.0, 0.9557930147983302,
  -0.29404032523230367, 0.0]
- [0.0, 0.0, 1.0, -0.26387304996537536, -0.9645574184577974, 0.0, 0.9645574184577974,
  -0.26387304996537536, 0.0]
- [0.0, 0.0, 1.0, -0.23344536385590436, -0.9723699203976769, 0.0, 0.9723699203976769,
  -0.23344536385590436, 0.0]
- [0.0, 0.0, 1.0, -0.2027872953565152, -0.9792228106217651, 0.0, 0.9792228106217651,
  -0.2027872953565152, 0.0]
- [0.0, 0.0, 1.0, -0.17192910027940542, -0.9851093261547746, 0.0, 0.9851093261547746,
  -0.17192910027940542, 0.0]
- [0.0, 0.0, 1.0, -0.14090123193758342, -0.9900236577165574, 0.0, 0.9900236577165574,
  -0.14090123193758342, 0.0]
- [0.0, 0.0, 1.0, -0.10973431109104512, -0.9939609554551798, 0.0, 0.9939609554551798,
  -0.10973431109104512, 0.0]
- [0.0, 0.0, 1.0, -0.07845909572784843, -0.9969173337331277, 0.0, 0.9969173337331277,
  -0.07845909572784843, 0.0]
- [0.0, 0.0, 1.0, -0.047106450709641076, -0.99888987496197, 0.0, 0.99888987496197,
  -0.047106450709641076, 0.0]
- [0.0, 0.0, 1.0, -0.01570731731182116, -0.9998766324816605, 0.0, 0.9998766324816605,
  -0.01570731731182116, 0.0]
- [0.0, 0.0, 1.0, 0.01570731731182116, -0.9998766324816605, 0.0, 0.9998766324816605,
  0.01570731731182116, 0.0]
- [0.0, 0.0, 1.0, 0.04710645070964106, -0.99888987496197, 0.0, 0.99888987496197, 0.04710645070964106,
  0.0]
- [0.0, 0.0, 1.0, 0.07845909572784848, -0.9969173337331276, 0.0, 0.9969173337331276,
  0.07845909572784848, 0.0]
- [0.0, 0.0, 1.0, 0.10973431109104069, -0.9939609554551802, 0.0, 0.9939609554551802,
  0.10973431109104069, 0.0]
- [0.0, 0.0, 1.0, 0.14090123193758342, -0.9900236577165574, 0.0, 0.9900236577165574,
  0.14090123193758342, 0.0]
- [0.0, 0.0, 1.0, 0.17192910027941172, -0.9851093261547735, 0.0, 0.9851093261547735,
  0.17192910027941172, 0.0]
- [0.0, 0.0, 1.0, 0.20278729535650938, -0.9792228106217664, 0.0, 0.9792228106217664,
  0.20278729535650938, 0.0]
- [0.0, 0.0, 1.0, 0.23344536385590736, -0.9723699203976761, 0.0, 0.9723699203976761,
  0.23344536385590736, 0.0]
- [0.0, 0.0, 1.0, 0.26387304996537153, -0.9645574184577984, 0.0, 0.9645574184577984,
  0.26387304996537153, 0.0]
- [0.0, 0.0, 1.0, 0.29404032523230367, -0.9557930147983302, 0.0, 0.9557930147983302,
  0.29404032523230367, 0.0]
- [0.0, 0.0, 1.0, 0.3239174181981503, -0.946085358827545, 0.0, 0.946085358827545,
  0.3239174181981503, 0.0]
- [0.0, 0.0, 1.0, 0.3534748437792561, -0.9354440308298678, 0.0, 0.9354440308298678,
  0.3534748437792561, 0.0]
- [0.0, 0.0, 1.0, 0.3826834323650883, -0.9238795325112874, 0.0, 0.9238795325112874,
  0.3826834323650883, 0.0]
- [0.0, 0.0, 1.0, 0.41151435860511143, -0.9114032766354441, 0.0, 0.9114032766354441,
  0.41151435860511143, 0.0]
- [0.0, 0.0, 1.0, 0.4399391698559149, -0.8980275757606158, 0.0, 0.8980275757606158,
  0.4399391698559149, 0.0]
- [0.0, 0.0, 1.0, 0.46792981426057234, -0.883765630088694, 0.0, 0.883765630088694,
  0.46792981426057234, 0.0]
- [0.0, 0.0, 1.0, 0.4954586684324093, -0.8686315144381902, 0.0, 0.8686315144381902,
  0.4954586684324093, 0.0]
- [0.0, 0.0, 1.0, 0.5224985647159462, -0.8526401643540937, 0.0, 0.8526401643540937,
  0.5224985647159462, 0.0]
- [0.0, 0.0, 1.0, 0.5490228179981324, -0.8358073613682698, 0.0, 0.8358073613682698,
  0.5490228179981324, 0.0]
- [0.0, 0.0, 1.0, 0.5750052520432775, -0.8181497174250243, 0.0, 0.8181497174250243,
  0.5750052520432775, 0.0]
- [0.0, 0.0, 1.0, 0.6004202253258846, -0.7996846584870901, 0.0, 0.7996846584870901,
  0.6004202253258846, 0.0]
- [0.0, 0.0, 1.0, 0.6252426563357045, -0.7804304073383301, 0.0, 0.7804304073383301,
  0.6252426563357045, 0.0]
- [0.0, 0.0, 1.0, 0.6494480483301849, -0.7604059656000298, 0.0, 0.7604059656000298,
  0.6494480483301849, 0.0]
- [0.0, 0.0, 1.0, 0.6730125135097722, -0.7396310949786108, 0.0, 0.7396310949786108,
  0.6730125135097722, 0.0]
- [0.0, 0.0, 1.0, 0.6959127965923159, -0.7181262977631874, 0.0, 0.7181262977631874,
  0.6959127965923159, 0.0]
- [0.0, 0.0, 1.0, 0.7181262977631871, -0.6959127965923161, 0.0, 0.6959127965923161,
  0.7181262977631871, 0.0]
- [0.0, 0.0, 1.0, 0.7396310949786086, -0.6730125135097745, 0.0, 0.6730125135097745,
  0.7396310949786086, 0.0]
- [0.0, 0.0, 1.0, 0.7604059656000333, -0.6494480483301809, 0.0, 0.6494480483301809,
  0.7604059656000333, 0.0]
- [0.0, 0.0, 1.0, 0.7804304073383271, -0.6252426563357083, 0.0, 0.6252426563357083,
  0.7804304073383271, 0.0]
- [0.0, 0.0, 1.0, 0.7996846584870914, -0.6004202253258829, 0.0, 0.6004202253258829,
  0.7996846584870914, 0.0]
- [0.0, 0.0, 1.0, 0.8181497174250235, -0.5750052520432785, 0.0, 0.5750052520432785,
  0.8181497174250235, 0.0]
- [0.0, 0.0, 1.0, 0.835807361368271, -0.5490228179981304, 0.0, 0.5490228179981304,
  0.835807361368271, 0.0]
- [0.0, 0.0, 1.0, 0.8526401643540912, -0.5224985647159505, 0.0, 0.5224985647159505,
  0.8526401643540912, 0.0]
- [0.0, 0.0, 1.0, 0.8686315144381921, -0.495458668432406, 0.0, 0.495458668432406,
  0.8686315144381921, 0.0]
- [0.0, 0.0, 1.0, 0.8837656300886931, -0.467929814260574, 0.0, 0.467929814260574,
  0.8837656300886931, 0.0]
- [0.0, 0.0, 1.0, 0.8980275757606154, -0.4399391698559158, 0.0, 0.4399391698559158,
  0.8980275757606154, 0.0]
- [0.0, 0.0, 1.0, 0.9114032766354457, -0.41151435860510777, 0.0, 0.41151435860510777,
  0.9114032766354457, 0.0]
- [0.0, 0.0, 1.0, 0.9238795325112871, -0.38268343236508906, 0.0, 0.38268343236508906,
  0.9238795325112871, 0.0]
- [0.0, 0.0, 1.0, 0.935444030829868, -0.35347484377925537, 0.0, 0.35347484377925537,
  0.935444030829868, 0.0]
- [0.0, 0.0, 1.0, 0.946085358827545, -0.32391741819815045, 0.0, 0.32391741819815045,
  0.946085358827545, 0.0]
- [0.0, 0.0, 1.0, 0.9557930147983302, -0.29404032523230367, 0.0, 0.29404032523230367,
  0.9557930147983302, 0.0]
- [0.0, 0.0, 1.0, 0.9645574184577981, -0.2638730499653727, 0.0, 0.2638730499653727,
  0.9645574184577981, 0.0]
- [0.0, 0.0, 1.0, 0.9723699203976761, -0.23344536385590736, 0.0, 0.23344536385590736,
  0.9723699203976761, 0.0]
- [0.0, 0.0, 1.0, 0.9792228106217656, -0.20278729535651363, 0.0, 0.20278729535651363,
  0.9792228106217656, 0.0]
- [0.0, 0.0, 1.0, 0.9851093261547746, -0.17192910027940542, 0.0, 0.17192910027940542,
  0.9851093261547746, 0.0]
- [0.0, 0.0, 1.0, 0.9900236577165574, -0.14090123193758355, 0.0, 0.14090123193758355,
  0.9900236577165574, 0.0]
- [0.0, 0.0, 1.0, 0.9939609554551798, -0.10973431109104348, 0.0, 0.10973431109104348,
  0.9939609554551798, 0.0]
- [0.0, 0.0, 1.0, 0.9969173337331276, -0.07845909572784848, 0.0, 0.07845909572784848,
  0.9969173337331276, 0.0]
- [0.0, 0.0, 1.0, 0.99888987496197, -0.04710645070964173, 0.0, 0.04710645070964173,
  0.99888987496197, 0.0]
- [0.0, 0.0, 1.0, 0.9998766324816605, -0.015707317311821158, 0.0, 0.015707317311821158,
  0.9998766324816605, 0.0]
- [0.0, 0.0, 1.0, 0.9998766324816605, 0.01570731731182116, 0.0, -0.01570731731182116,
  0.9998766324816605, 0.0]
- [0.0, 0.0, 1.0, 0.99888987496197, 0.04710645070964175, 0.0, -0.04710645070964175,
  0.99888987496197, 0.0]
- [0.0, 0.0, 1.0, 0.9969173337331279, 0.07845909572784619, 0.0, -0.07845909572784619,
  0.9969173337331279, 0.0]
- [0.0, 0.0, 1.0, 0.9939609554551799, 0.10973431109104224, 0.0, -0.10973431109104224,
  0.9939609554551799, 0.0]
- [0.0, 0.0, 1.0, 0.9900236577165574, 0.1409012319375835, 0.0, -0.1409012319375835,
  0.9900236577165574, 0.0]
- [0.0, 0.0, 1.0, 0.9851093261547739, 0.1719291002794097, 0.0, -0.1719291002794097,
  0.9851093261547739, 0.0]
- [0.0, 0.0, 1.0, 0.9792228106217663, 0.20278729535650958, 0.0, -0.20278729535650958,
  0.9792228106217663, 0.0]
- [0.0, 0.0, 1.0, 0.9723699203976756, 0.23344536385590944, 0.0, -0.23344536385590944,
  0.9723699203976756, 0.0]
- [0.0, 0.0, 1.0, 0.9645574184577984, 0.26387304996537153, 0.0, -0.26387304996537153,
  0.9645574184577984, 0.0]
- [0.0, 0.0, 1.0, 0.9557930147983305, 0.29404032523230306, 0.0, -0.29404032523230306,
  0.9557930147983305, 0.0]
- [0.0, 0.0, 1.0, 0.9460853588275451, 0.32391741819815006, 0.0, -0.32391741819815006,
  0.9460853588275451, 0.0]
- [0.0, 0.0, 1.0, 0.9354440308298675, 0.35347484377925686, 0.0, -0.35347484377925686,
  0.9354440308298675, 0.0]
- [0.0, 0.0, 1.0, 0.9238795325112877, 0.3826834323650875, 0.0, -0.3826834323650875,
  0.9238795325112877, 0.0]
- [0.0, 0.0, 1.0, 0.9114032766354454, 0.4115143586051086, 0.0, -0.4115143586051086,
  0.9114032766354454, 0.0]
- [0.0, 0.0, 1.0, 0.8980275757606158, 0.43993916985591464, 0.0, -0.43993916985591464,
  0.8980275757606158, 0.0]
- [0.0, 0.0, 1.0, 0.8837656300886946, 0.46792981426057106, 0.0, -0.46792981426057106,
  0.8837656300886946, 0.0]
- [0.0, 0.0, 1.0, 0.8686315144381883, 0.4954586684324127, 0.0, -0.4954586684324127,
  0.8686315144381883, 0.0]
- [0.0, 0.0, 1.0, 0.8526401643540937, 0.5224985647159462, 0.0, -0.5224985647159462,
  0.8526401643540937, 0.0]
- [0.0, 0.0, 1.0, 0.8358073613682693, 0.5490228179981334, 0.0, -0.5490228179981334,
  0.8358073613682693, 0.0]
- [0.0, 0.0, 1.0, 0.8181497174250235, 0.5750052520432785, 0.0, -0.5750052520432785,
  0.8181497174250235, 0.0]
- [0.0, 0.0, 1.0, 0.7996846584870914, 0.6004202253258829, 0.0, -0.6004202253258829,
  0.7996846584870914, 0.0]
- [0.0, 0.0, 1.0, 0.7804304073383301, 0.6252426563357045, 0.0, -0.6252426563357045,
  0.7804304073383301, 0.0]
- [0.0, 0.0, 1.0, 0.760405965600032, 0.6494480483301823, 0.0, -0.6494480483301823,
  0.760405965600032, 0.0]
- [0.0, 0.0, 1.0, 0.7396310949786086, 0.6730125135097745, 0.0, -0.6730125135097745,
  0.7396310949786086, 0.0]
- [0.0, 0.0, 1.0, 0.7181262977631917, 0.6959127965923113, 0.0, -0.6959127965923113,
  0.7181262977631917, 0.0]
- [0.0, 0.0, 1.0, 0.6959127965923116, 0.7181262977631915, 0.0, -0.7181262977631915,
  0.6959127965923116, 0.0]
- [0.0, 0.0, 1.0, 0.6730125135097756, 0.7396310949786076, 0.0, -0.7396310949786076,
  0.6730125135097756, 0.0]
- [0.0, 0.0, 1.0, 0.6494480483301845, 0.7604059656000302, 0.0, -0.7604059656000302,
  0.6494480483301845, 0.0]
- [0.0, 0.0, 1.0, 0.6252426563357035, 0.780430407338331, 0.0, -0.780430407338331,
  0.6252426563357035, 0.0]
- [0.0, 0.0, 1.0, 0.6004202253258879, 0.7996846584870878, 0.0, -0.7996846584870878,
  0.6004202253258879, 0.0]
- [0.0, 0.0, 1.0, 0.5750052520432765, 0.818149717425025, 0.0, -0.818149717425025,
  0.5750052520432765, 0.0]
- [0.0, 0.0, 1.0, 0.5490228179981304, 0.8358073613682713, 0.0, -0.8358073613682713,
  0.5490228179981304, 0.0]
- [0.0, 0.0, 1.0, 0.5224985647159537, 0.8526401643540892, 0.0, -0.8526401643540892,
  0.5224985647159537, 0.0]
- [0.0, 0.0, 1.0, 0.495458668432406, 0.8686315144381921, 0.0, -0.8686315144381921,
  0.495458668432406, 0.0]
- [0.0, 0.0, 1.0, 0.4679298142605743, 0.8837656300886929, 0.0, -0.8837656300886929,
  0.4679298142605743, 0.0]
- [0.0, 0.0, 1.0, 0.43993916985591464, 0.8980275757606158, 0.0, -0.8980275757606158,
  0.43993916985591464, 0.0]
- [0.0, 0.0, 1.0, 0.41151435860510965, 0.9114032766354448, 0.0, -0.9114032766354448,
  0.41151435860510965, 0.0]
- [0.0, 0.0, 1.0, 0.38268343236508906, 0.9238795325112871, 0.0, -0.9238795325112871,
  0.38268343236508906, 0.0]
- [0.0, 0.0, 1.0, 0.35347484377925537, 0.935444030829868, 0.0, -0.935444030829868,
  0.35347484377925537, 0.0]
- [0.0, 0.0, 1.0, 0.32391741819815073, 0.9460853588275449, 0.0, -0.9460853588275449,
  0.32391741819815073, 0.0]
- [0.0, 0.0, 1.0, 0.2940403252323034, 0.9557930147983305, 0.0, -0.9557930147983305,
  0.2940403252323034, 0.0]
- [0.0, 0.0, 1.0, 0.26387304996537536, 0.9645574184577974, 0.0, -0.9645574184577974,
  0.26387304996537536, 0.0]
- [0.0, 0.0, 1.0, 0.23344536385590342, 0.972369920397677, 0.0, -0.972369920397677,
  0.23344536385590342, 0.0]
- [0.0, 0.0, 1.0, 0.20278729535651663, 0.979222810621765, 0.0, -0.979222810621765,
  0.20278729535651663, 0.0]
- [0.0, 0.0, 1.0, 0.17192910027940542, 0.9851093261547746, 0.0, -0.9851093261547746,
  0.17192910027940542, 0.0]
- [0.0, 0.0, 1.0, 0.1409012319375835, 0.9900236577165574, 0.0, -0.9900236577165574,
  0.1409012319375835, 0.0]
- [0.0, 0.0, 1.0, 0.10973431109104662, 0.9939609554551796, 0.0, -0.9939609554551796,
  0.10973431109104662, 0.0]
- [0.0, 0.0, 1.0, 0.07845909572784623, 0.9969173337331279, 0.0, -0.9969173337331279,
  0.07845909572784623, 0.0]
- [0.0, 0.0, 1.0, 0.04710645070964174, 0.99888987496197, 0.0, -0.99888987496197, 0.04710645070964174,
  0.0]
- [0.0, 0.0, 1.0, 0.015707317311821036, 0.9998766324816605, 0.0, -0.9998766324816605,
  0.015707317311821036, 0.0]
- [0.0, 0.0, 1.0, 1.2246467991473495e-16, 1.0, 0.0, -1.0, 1.2246467991473495e-16,
  0.0]
- [0.0, 0.0, 1.0, 1.224646799147359e-16, 1.0, 0.0, -1.0, 1.224646799147359e-16, 0.0]
- [0.0, 0.0, 1.0, 1.2246467991473495e-16, 1.0, 0.0, -1.0, 1.2246467991473495e-16,
  0.0]
- [0.0, 0.0, 1.0, 1.2246467991473557e-16, 1.0, 0.0, -1.0, 1.2246467991473557e-16,
  0.0]
- [0.0, 0.0, 1.0, 1.2246467991473527e-16, 1.0, 0.0, -1.0, 1.2246467991473527e-16,
  0.0]
- [0.0, 0.0, 1.0, 1.2246467991473557e-16, 1.0, 0.0, -1.0, 1.2246467991473557e-16,
  0.0]
- [0.0, 0.0, 1.0, 1.2246467991473495e-16, 1.0, 0.0, -1.0, 1.2246467991473495e-16,
  0.0]
- [0.0, 0.0, 1.0, 1.2246467991473542e-16, 1.0, 0.0, -1.0, 1.2246467991473542e-16,
  0.0]
- [0.0, 0.0, 1.0, 1.2246467991473542e-16, 1.0, 0.0, -1.0, 1.2246467991473542e-16,
  0.0]
- [0.0, 0.0, 1.0, 1.2246467991473525e-16, 1.0, 0.0, -1.0, 1.2246467991473525e-16,
  0.0]
- [0.0, 0.0, 1.0, 1.2246467991473525e-16, 1.0, 0.0, -1.0, 1.2246467991473525e-16,
  0.0]
- [0.0, 0.0, 1.0, 1.2246467991473525e-16, 1.0, 0.0, -1.0, 1.2246467991473525e-16,
  0.0]
- [0.0, 0.0, 1.0, 1.224646799147356e-16, 1.0, 0.0, -1.0, 1.224646799147356e-16, 0.0]
- [0.0, 0.0, 1.0, 1.2246467991473525e-16, 1.0, 0.0, -1.0, 1.2246467991473525e-16,
  0.0]
- [0.0, 0.0, 1.0, 1.224646799147356e-16, 1.0, 0.0, -1.0, 1.224646799147356e-16, 0.0]
- [0.0, 0.0, 1.0, 1.2246467991473495e-16, 1.0, 0.0, -1.0, 1.2246467991473495e-16,
  0.0]
- [0.0, 0.0, 1.0, 1.2246467991473525e-16, 1.0, 0.0, -1.0, 1.2246467991473525e-16,
  0.0]
- [0.0, 0.0, 1.0, 1.224646799147356e-16, 1.0, 0.0, -1.0, 1.224646799147356e-16, 0.0]
- [0.0, 0.0, 1.0, 1.2246467991473557e-16, 1.0, 0.0, -1.0, 1.2246467991473557e-16,
  0.0]
- [0.0, 0.0, 1.0, 1.2246467991473495e-16, 1.0, 0.0, -1.0, 1.2246467991473495e-16,
  0.0]
- [0.0, 0.0, 1.0, 1.2246467991473525e-16, 1.0, 0.0, -1.0, 1.2246467991473525e-16,
  0.0]
- [0.0, 0.0, 1.0, 1.2246467991473495e-16, 1.0, 0.0, -1.0, 1.2246467991473495e-16,
  0.0]
- [0.0, 0.0, 1.0, 1.2246467991473525e-16, 1.0, 0.0, -1.0, 1.2246467991473525e-16,
  0.0]
- [0.0, 0.0, 1.0, 1.2246467991473557e-16, 1.0, 0.0, -1.0, 1.2246467991473557e-16,
  0.0]
- [0.0, 0.0, 1.0, 1.2246467991473562e-16, 1.0, 0.0, -1.0, 1.2246467991473562e-16,
  0.0]
- [0.0, 0.0, 1.0, 1.2246467991473557e-16, 1.0, 0.0, -1.0, 1.2246467991473557e-16,
  0.0]
- [0.0, 0.0, 1.0, 1.2246467991473495e-16, 1.0, 0.0, -1.0, 1.2246467991473495e-16,
  0.0]
- [0.0, 0.0, 1.0, 1.2246467991473557e-16, 1.0, 0.0, -1.0, 1.2246467991473557e-16,
  0.0]
- [0.0, 0.0, 1.0, 1.2246467991473495e-16, 1.0, 0.0, -1.0, 1.2246467991473495e-16,
  0.0]
- [0.0, 0.0, 1.0, 1.2246467991473623e-16, 1.0, 0.0, -1.0, 1.2246467991473623e-16,
  0.0]
- [0.0, 0.0, 1.0, 1.2246467991473495e-16, 1.0, 0.0, -1.0, 1.2246467991473495e-16,
  0.0]
- [0.0, 0.0, 1.0, 1.2246467991473495e-16, 1.0, 0.0, -1.0, 1.2246467991473495e-16,
  0.0]
- [0.0, 0.0, 1.0, 1.2246467991473557e-16, 1.0, 0.0, -1.0, 1.2246467991473557e-16,
  0.0]
- [0.0, 0.0, 1.0, 1.2246467991473495e-16, 1.0, 0.0, -1.0, 1.2246467991473495e-16,
  0.0]
- [0.0, 0.0, 1.0, 1.2246467991473623e-16, 1.0, 0.0, -1.0, 1.2246467991473623e-16,
  0.0]
- [0.0, 0.0, 1.0, 1.2246467991473495e-16, 1.0, 0.0, -1.0, 1.2246467991473495e-16,
  0.0]
- [0.0, 0.0, 1.0, 1.2246467991473557e-16, 1.0, 0.0, -1.0, 1.2246467991473557e-16,
  0.0]
- [0.0, 0.0, 1.0, 1.2246467991473557e-16, 1.0, 0.0, -1.0, 1.2246467991473557e-16,
  0.0]
- [0.0, 0.0, 1.0, 1.2246467991473433e-16, 1.0, 0.0, -1.0, 1.2246467991473433e-16,
  0.0]
- [0.0, 0.0, 1.0, 1.2246467991473525e-16, 1.0, 0.0, -1.0, 1.2246467991473525e-16,
  0.0]
