5.841213980000000000e+08 6.147112000000000000e+06 3.329951000000000000e+06 -1.031127100000000000e+07 1.656850050000000000e+07 -1.405549755000000000e+08
6.147112000000000000e+06 1.473874090000000000e+08 -2.996756500000000000e+06 -2.523281000000000000e+06 4.347321000000000000e+06 -1.187000000000000000e+04
3.329951000000000000e+06 -2.996756500000000000e+06 1.547224100000000000e+07 9.139950000000000000e+05 1.195510000000000000e+05 1.889500000000000000e+05
-1.031127100000000000e+07 -2.523281000000000000e+06 9.139950000000000000e+05 7.469472000000000000e+06 -5.379760000000000000e+05 1.348791500000000000e+06
1.656850050000000000e+07 4.347321000000000000e+06 1.195510000000000000e+05 -5.379760000000000000e+05 8.045902000000000000e+06 -1.926986000000000000e+06
-1.405549755000000000e+08 -1.187000000000000000e+04 1.889500000000000000e+05 1.348791500000000000e+06 -1.926986000000000000e+06 1.270533630000000000e+08
