7.604623704841467142e+08 -5.093336781648044393e+02 -7.052448901141515307e+02 -4.460338319429686749e+01 2.346902647464260459e+07 -1.585019031211311817e+08
-5.093336781648044393e+02 1.309506266407420188e+08 -2.388442293501925655e+06 -5.294593092678533867e+06 5.371342076253898057e+01 -8.594457314664512069e+02
-7.052448901141515307e+02 -2.388442293501925655e+06 1.946429784258711338e+07 1.868587948642954696e+06 1.503254111310113785e+03 3.728430863781090352e+02
-4.460338319429686749e+01 -5.294593092678533867e+06 1.868587948642954696e+06 6.927618451880644076e+06 1.350800275721043135e+02 6.733834916273002591e+01
2.346902647464260459e+07 5.371342076253898057e+01 1.503254111310113785e+03 1.350800275721043135e+02 1.226780034085258283e+07 -2.718008691191000864e+06
-1.585019031211311817e+08 -8.594457314664512069e+02 3.728430863781090352e+02 6.733834916273002591e+01 -2.718008691191000864e+06 1.300649267211846709e+08
