nodes:
- [-0.47500000 0.00000000 0.0]
- [-0.47431720 0.00562305 0.0]
- [-0.47190781 0.01322765 0.0]
- [-0.46729751 0.02229612 0.0]
- [-0.46023812 0.03246711 0.0]
- [-0.45070831 0.04337100 0.0]
- [-0.43867367 0.05476845 0.0]
- [-0.42413035 0.06643502 0.0]
- [-0.40711938 0.07817478 0.0]
- [-0.38769293 0.08980595 0.0]
- [-0.36591197 0.10116628 0.0]
- [-0.34185925 0.11214068 0.0]
- [-0.31561955 0.12259716 0.0]
- [-0.28729915 0.13247777 0.0]
- [-0.25699413 0.14168674 0.0]
- [-0.22481151 0.15016925 0.0]
- [-0.19085124 0.15783897 0.0]
- [-0.15522059 0.16461855 0.0]
- [-0.11803123 0.17045369 0.0]
- [-0.07939923 0.17527935 0.0]
- [-0.03944332 0.17905898 0.0]
- [0.00171906 0.18168400 0.0]
- [0.04395931 0.18304763 0.0]
- [0.08714567 0.18301664 0.0]
- [0.13113671 0.18167627 0.0]
- [0.17580098 0.17913031 0.0]
- [0.22102702 0.17561063 0.0]
- [0.26670674 0.17127368 0.0]
- [0.31273626 0.16622957 0.0]
- [0.35901220 0.16056573 0.0]
- [0.40543291 0.15437154 0.0]
- [0.45189794 0.14772726 0.0]
- [0.49830971 0.14072150 0.0]
- [0.54457030 0.13342963 0.0]
- [0.59058422 0.12593323 0.0]
- [0.63625488 0.11829871 0.0]
- [0.68148805 0.11059792 0.0]
- [0.72618864 0.10298000 0.0]
- [0.77026408 0.09519000 0.0]
- [0.81362169 0.08778000 0.0]
- [0.85616947 0.08037000 0.0]
- [0.89781696 0.07315000 0.0]
- [0.93847405 0.06631000 0.0]
- [0.97805310 0.05966000 0.0]
- [1.01646707 0.05339000 0.0]
- [1.05363109 0.04732797 0.0]
- [1.08946237 0.04172349 0.0]
- [1.12387903 0.03649436 0.0]
- [1.15680343 0.03165592 0.0]
- [1.18815884 0.02720749 0.0]
- [1.21787334 0.02315560 0.0]
- [1.24587619 0.01948754 0.0]
- [1.27210041 0.01618868 0.0]
- [1.29648214 0.01322400 0.0]
- [1.31895957 0.01056400 0.0]
- [1.35850000 0.00604200 0.0]
- [1.37370000 0.00419900 0.0]
- [1.38890000 0.00267900 0.0]
- [1.40030000 0.00151240 0.0]
- [1.41170000 0.00071250 0.0]
- [1.41930000 0.00025270 0.0]
- [1.42500000 0.00000000 0.0]
- [1.41938075 -0.00068626 0.0]
- [1.41162305 -0.00166999 0.0]
- [1.40174888 -0.00298380 0.0]
- [1.38977959 -0.00461575 0.0]
- [1.37573874 -0.00653583 0.0]
- [1.35965079 -0.00868752 0.0]
- [1.32146015 -0.01348673 0.0]
- [1.29943896 -0.01607696 0.0]
- [1.27553293 -0.01879172 0.0]
- [1.24979830 -0.02164222 0.0]
- [1.22229358 -0.02462575 0.0]
- [1.19308034 -0.02773137 0.0]
- [1.16222428 -0.03095081 0.0]
- [1.12979493 -0.03427570 0.0]
- [1.09586519 -0.03769661 0.0]
- [1.06051145 -0.04120473 0.0]
- [1.02381283 -0.04478671 0.0]
- [0.98585144 -0.04842773 0.0]
- [0.94671169 -0.05210729 0.0]
- [0.90648143 -0.05581299 0.0]
- [0.86525067 -0.05952833 0.0]
- [0.82311209 -0.06324135 0.0]
- [0.78016023 -0.06693822 0.0]
- [0.73649115 -0.07060054 0.0]
- [0.69220213 -0.07420473 0.0]
- [0.64739164 -0.07772400 0.0]
- [0.60216027 -0.08114073 0.0]
- [0.55660899 -0.08443045 0.0]
- [0.51084109 -0.08758890 0.0]
- [0.46495966 -0.09060239 0.0]
- [0.41906833 -0.09346127 0.0]
- [0.37327003 -0.09614384 0.0]
- [0.32766748 -0.09862474 0.0]
- [0.28236246 -0.10086450 0.0]
- [0.23745670 -0.10282775 0.0]
- [0.19305165 -0.10447796 0.0]
- [0.14924791 -0.10577150 0.0]
- [0.10614610 -0.10666589 0.0]
- [0.06384576 -0.10710885 0.0]
- [0.02244734 -0.10707159 0.0]
- [-0.01795029 -0.10650596 0.0]
- [-0.05724818 -0.10539923 0.0]
- [-0.09534804 -0.10370373 0.0]
- [-0.13214965 -0.10138978 0.0]
- [-0.16755348 -0.09840090 0.0]
- [-0.20146298 -0.09476503 0.0]
- [-0.23378225 -0.09047893 0.0]
- [-0.26442319 -0.08560630 0.0]
- [-0.29329823 -0.08017559 0.0]
- [-0.32033255 -0.07428576 0.0]
- [-0.34545036 -0.06799159 0.0]
- [-0.36858776 -0.06137891 0.0]
- [-0.38967512 -0.05449656 0.0]
- [-0.40863978 -0.04743483 0.0]
- [-0.42541771 -0.04025444 0.0]
- [-0.43997572 -0.03303950 0.0]
- [-0.45224598 -0.02585801 0.0]
- [-0.46203339 -0.01877513 0.0]
- [-0.46721000 -0.01391829 0.0]
- [-0.46929335 -0.01196364 0.0]
- [-0.47380925 -0.00560257 0.0]
- [-0.16910000 0.16197766 0.0]
- [-0.16910000 0.00000000 0.0]
- [-0.16910000 -0.09823508 0.0]
- [0.49590000 0.14108525 0.0]
- [0.49590000 0.00000000 0.0]
- [0.49590000 -0.08857023 0.0]
elements:
- [1 2]
- [2 3]
- [3 4]
- [4 5]
- [5 6]
- [6 7]
- [7 8]
- [8 9]
- [9 10]
- [10 11]
- [11 12]
- [12 13]
- [13 14]
- [14 15]
- [15 16]
- [16 17]
- [17 18]
- [18 19]
- [19 20]
- [20 21]
- [21 22]
- [22 23]
- [23 24]
- [24 25]
- [25 26]
- [26 27]
- [27 28]
- [28 29]
- [29 30]
- [30 31]
- [31 32]
- [32 33]
- [33 34]
- [34 35]
- [35 36]
- [36 37]
- [37 38]
- [38 39]
- [39 40]
- [40 41]
- [41 42]
- [42 43]
- [43 44]
- [44 45]
- [45 46]
- [46 47]
- [47 48]
- [48 49]
- [49 50]
- [50 51]
- [51 52]
- [52 53]
- [53 54]
- [54 55]
- [55 56]
- [56 57]
- [57 58]
- [58 59]
- [59 60]
- [60 61]
- [61 62]
- [62 63]
- [63 64]
- [64 65]
- [65 66]
- [66 67]
- [67 68]
- [68 69]
- [69 70]
- [70 71]
- [71 72]
- [72 73]
- [73 74]
- [74 75]
- [75 76]
- [76 77]
- [77 78]
- [78 79]
- [79 80]
- [80 81]
- [81 82]
- [82 83]
- [83 84]
- [84 85]
- [85 86]
- [86 87]
- [87 88]
- [88 89]
- [89 90]
- [90 91]
- [91 92]
- [92 93]
- [93 94]
- [94 95]
- [95 96]
- [96 97]
- [97 98]
- [98 99]
- [99 100]
- [100 101]
- [101 102]
- [102 103]
- [103 104]
- [104 105]
- [105 106]
- [106 107]
- [107 108]
- [108 109]
- [109 110]
- [110 111]
- [111 112]
- [112 113]
- [113 114]
- [114 115]
- [115 116]
- [116 117]
- [117 118]
- [118 119]
- [119 120]
- [120 121]
- [121 122]
- [122 123]
- [123 1]
- [126 125]
- [125 124]
- [129 128]
- [128 127]
sets:
  element:
  - name: layup_0
    labels:
    - 1
    - 2
    - 3
    - 120
    - 121
    - 122
    - 123
  - name: layup_1
    labels:
    - 4
    - 5
    - 6
    - 7
    - 8
    - 9
    - 10
    - 11
    - 12
    - 13
    - 14
    - 109
    - 110
    - 111
    - 112
    - 113
    - 114
    - 115
    - 116
    - 117
    - 118
    - 119
  - name: layup_2
    labels:
    - 15
    - 16
    - 17
    - 18
    - 19
    - 20
    - 21
    - 22
    - 23
    - 24
    - 25
    - 26
    - 27
    - 28
    - 29
    - 30
    - 31
    - 32
    - 33
    - 90
    - 91
    - 92
    - 93
    - 94
    - 95
    - 96
    - 97
    - 98
    - 99
    - 100
    - 101
    - 102
    - 103
    - 104
    - 105
    - 106
    - 107
    - 108
  - name: layup_3
    labels:
    - 34
    - 35
    - 36
    - 37
    - 38
    - 39
    - 40
    - 41
    - 42
    - 43
    - 44
    - 45
    - 46
    - 47
    - 48
    - 49
    - 50
    - 51
    - 52
    - 53
    - 54
    - 55
    - 56
    - 57
    - 58
    - 59
    - 60
    - 61
    - 62
    - 63
    - 64
    - 65
    - 66
    - 67
    - 68
    - 69
    - 70
    - 71
    - 72
    - 73
    - 74
    - 75
    - 76
    - 77
    - 78
    - 79
    - 80
    - 81
    - 82
    - 83
    - 84
    - 85
    - 86
    - 87
    - 88
    - 89
  - name: layup_4
    labels:
    - 124
    - 125
    - 126
    - 127
sections:
- type: shell
  elementSet: layup_0
  layup:
  - - gelcoat
    - 7.62e-05
    - 0.0
  - - nexus
    - 0.000102
    - 0.0
  - - db_frp
    - 0.001908
    - 20.0
- type: shell
  elementSet: layup_1
  layup:
  - - gelcoat
    - 7.62e-05
    - 0.0
  - - nexus
    - 0.000102
    - 0.0
  - - db_frp
    - 0.003498
    - 20.0
- type: shell
  elementSet: layup_2
  layup:
  - - gelcoat
    - 7.62e-05
    - 0.0
  - - nexus
    - 0.000102
    - 0.0
  - - db_frp
    - 0.001802
    - 20.0
  - - ud_frp
    - 0.004028
    - 30.0
  - - balsa
    - 0.000625
    - 0.0
  - - ud_frp
    - 0.003922
    - 30.0
  - - db_frp
    - 0.001696
    - 20.0
- type: shell
  elementSet: layup_3
  layup:
  - - gelcoat
    - 7.62e-05
    - 0.0
  - - nexus
    - 0.000102
    - 0.0
  - - db_frp
    - 0.001802
    - 20.0
  - - balsa
    - 0.000625
    - 0.0
  - - db_frp
    - 0.001696
    - 0.0
- type: shell
  elementSet: layup_4
  layup:
  - - ud_frp
    - 0.004028
    - 0.0
  - - balsa
    - 0.000625
    - 0.0
  - - ud_frp
    - 0.004028
    - 0.0
elementOrientations:
- [0.0, 0.0, 1.0, 0.12054383373214118, 0.9927080054825578, 0.0, 0.9927080054825578,
  -0.12054383373214118, 0.0]
- [0.0, 0.0, 1.0, 0.3020360884760221, 0.9532964917894666, 0.0, 0.9532964917894666,
  -0.3020360884760221, 0.0]
- [0.0, 0.0, 1.0, 0.4531846243691057, 0.8914166793567598, 0.0, 0.8914166793567598,
  -0.4531846243691057, 0.0]
- [0.0, 0.0, 1.0, 0.5701892124223041, 0.821513397357117, 0.0, 0.821513397357117, -0.5701892124223041,
  0.0]
- [0.0, 0.0, 1.0, 0.6580706248302355, 0.7529562090424272, 0.0, 0.7529562090424272,
  -0.6580706248302355, 0.0]
- [0.0, 0.0, 1.0, 0.726066594079622, 0.6876243894464603, 0.0, 0.6876243894464603,
  -0.726066594079622, 0.0]
- [0.0, 0.0, 1.0, 0.7800331723805954, 0.6257381640797246, 0.0, 0.6257381640797246,
  -0.7800331723805954, 0.0]
- [0.0, 0.0, 1.0, 0.823030549855948, 0.5679971073903598, 0.0, 0.5679971073903598,
  -0.823030549855948, 0.0]
- [0.0, 0.0, 1.0, 0.8579738216440641, 0.5136934118455089, 0.0, 0.5136934118455089,
  -0.8579738216440641, 0.0]
- [0.0, 0.0, 1.0, 0.8866457391529315, 0.4624492763989924, 0.0, 0.4624492763989924,
  -0.8866457391529315, 0.0]
- [0.0, 0.0, 1.0, 0.9097764746159865, 0.41509850184661873, 0.0, 0.41509850184661873,
  -0.9097764746159865, 0.0]
- [0.0, 0.0, 1.0, 0.9289569277081685, 0.3701878259248955, 0.0, 0.3701878259248955,
  -0.9289569277081685, 0.0]
- [0.0, 0.0, 1.0, 0.9441856530411665, 0.3294138014583267, 0.0, 0.3294138014583267,
  -0.9441856530411665, 0.0]
- [0.0, 0.0, 1.0, 0.9567994597120586, 0.29074867823381945, 0.0, 0.29074867823381945,
  -0.9567994597120586, 0.0]
- [0.0, 0.0, 1.0, 0.9669753579327883, 0.25486988278483547, 0.0, 0.25486988278483547,
  -0.9669753579327883, 0.0]
- [0.0, 0.0, 1.0, 0.97543321747423, 0.2202953432278398, 0.0, 0.2202953432278398, -0.97543321747423,
  0.0]
- [0.0, 0.0, 1.0, 0.9823750819639862, 0.18692029942264538, 0.0, 0.18692029942264538,
  -0.9823750819639862, 0.0]
- [0.0, 0.0, 1.0, 0.9879133393742275, 0.15500720591786174, 0.0, 0.15500720591786174,
  -0.9879133393742275, 0.0]
- [0.0, 0.0, 1.0, 0.9922884370350359, 0.12395022277739433, 0.0, 0.12395022277739433,
  -0.9922884370350359, 0.0]
- [0.0, 0.0, 1.0, 0.9955556925289, 0.0941746413494744, 0.0, 0.0941746413494744, -0.9955556925289,
  0.0]
- [0.0, 0.0, 1.0, 0.99797272614473, 0.06364305045529975, 0.0, 0.06364305045529975,
  -0.99797272614473, 0.0]
- [0.0, 0.0, 1.0, 0.9994793200389075, 0.03226590793024584, 0.0, 0.03226590793024584,
  -0.9994793200389075, 0.0]
- [0.0, 0.0, 1.0, 0.9999997425506025, -0.0007175644422752076, 0.0, -0.0007175644422752076,
  -0.9999997425506025, 0.0]
- [0.0, 0.0, 1.0, 0.9995361353966143, -0.030455115110619095, 0.0, -0.030455115110619095,
  -0.9995361353966143, 0.0]
- [0.0, 0.0, 1.0, 0.9983793225042552, -0.0569098268838026, 0.0, -0.0569098268838026,
  -0.9983793225042552, 0.0]
- [0.0, 0.0, 1.0, 0.9969853949623713, -0.07758944665174972, 0.0, -0.07758944665174972,
  -0.9969853949623713, 0.0]
- [0.0, 0.0, 1.0, 0.9955231796511108, -0.0945177167378791, 0.0, -0.0945177167378791,
  -0.9955231796511108, 0.0]
- [0.0, 0.0, 1.0, 0.9940492094318015, -0.10893194769217322, 0.0, -0.10893194769217322,
  -0.9940492094318015, 0.0]
- [0.0, 0.0, 1.0, 0.9925931128295561, -0.12148626409323812, 0.0, -0.12148626409323812,
  -0.9925931128295561, 0.0]
- [0.0, 0.0, 1.0, 0.991214572956952, -0.132263639590657, 0.0, -0.132263639590657,
  -0.991214572956952, 0.0]
- [0.0, 0.0, 1.0, 0.9899303379235642, -0.14155538159511258, 0.0, -0.14155538159511258,
  -0.9899303379235642, 0.0]
- [0.0, 0.0, 1.0, 0.9887984419388899, -0.14925696372103936, 0.0, -0.14925696372103936,
  -0.9887984419388899, 0.0]
- [0.0, 0.0, 1.0, 0.9878038102748957, -0.15570366857077575, 0.0, -0.15570366857077575,
  -0.9878038102748957, 0.0]
- [0.0, 0.0, 1.0, 0.986987683668268, -0.1607958714866363, 0.0, -0.1607958714866363,
  -0.986987683668268, 0.0]
- [0.0, 0.0, 1.0, 0.9863141488785715, -0.16487692295145198, 0.0, -0.16487692295145198,
  -0.9863141488785715, 0.0]
- [0.0, 0.0, 1.0, 0.9858156441942135, -0.1678318076585835, 0.0, -0.1678318076585835,
  -0.9858156441942135, 0.0]
- [0.0, 0.0, 1.0, 0.9857872056368517, -0.16799876547965295, 0.0, -0.16799876547965295,
  -0.9857872056368517, 0.0]
- [0.0, 0.0, 1.0, 0.9847377128080196, -0.17404492803190283, 0.0, -0.17404492803190283,
  -0.9847377128080196, 0.0]
- [0.0, 0.0, 1.0, 0.985708190124412, -0.1684617580391936, 0.0, -0.1684617580391936,
  -0.985708190124412, 0.0]
- [0.0, 0.0, 1.0, 0.9851711336974995, -0.1715745824100513, 0.0, -0.1715745824100513,
  -0.9851711336974995, 0.0]
- [0.0, 0.0, 1.0, 0.9853036318499946, -0.17081204015879636, 0.0, -0.17081204015879636,
  -0.9853036318499946, 0.0]
- [0.0, 0.0, 1.0, 0.9861417619879088, -0.1659048681123689, 0.0, -0.1659048681123689,
  -0.9861417619879088, 0.0]
- [0.0, 0.0, 1.0, 0.9861769377276006, -0.16569564717943588, 0.0, -0.16569564717943588,
  -0.9861769377276006, 0.0]
- [0.0, 0.0, 1.0, 0.9869396985723209, -0.16109013434092284, 0.0, -0.16109013434092284,
  -0.9869396985723209, 0.0]
- [0.0, 0.0, 1.0, 0.9869563891556332, -0.16098784396616433, 0.0, -0.16098784396616433,
  -0.9869563891556332, 0.0]
- [0.0, 0.0, 1.0, 0.987987422205781, -0.154534311928373, 0.0, -0.154534311928373,
  -0.987987422205781, 0.0]
- [0.0, 0.0, 1.0, 0.9886538203261155, -0.15021192880253204, 0.0, -0.15021192880253204,
  -0.9886538203261155, 0.0]
- [0.0, 0.0, 1.0, 0.9893737424728959, -0.14539462749763477, 0.0, -0.14539462749763477,
  -0.9893737424728959, 0.0]
- [0.0, 0.0, 1.0, 0.990085687705076, -0.14046469663786218, 0.0, -0.14046469663786218,
  -0.990085687705076, 0.0]
- [0.0, 0.0, 1.0, 0.9908305882679336, -0.13511012305752954, 0.0, -0.13511012305752954,
  -0.9908305882679336, 0.0]
- [0.0, 0.0, 1.0, 0.9915297897314594, -0.12987946748846704, 0.0, -0.12987946748846704,
  -0.9915297897314594, 0.0]
- [0.0, 0.0, 1.0, 0.9921805831078465, -0.12481061855376613, 0.0, -0.12481061855376613,
  -0.9921805831078465, 0.0]
- [0.0, 0.0, 1.0, 0.992688369605555, -0.12070543007613631, 0.0, -0.12070543007613631,
  -0.992688369605555, 0.0]
- [0.0, 0.0, 1.0, 0.9930704163600776, -0.11752084134493752, 0.0, -0.11752084134493752,
  -0.9930704163600776, 0.0]
- [0.0, 0.0, 1.0, 0.9935238986004744, -0.11362333787437402, 0.0, -0.11362333787437402,
  -0.9935238986004744, 0.0]
- [0.0, 0.0, 1.0, 0.9927292893542666, -0.12036842633420396, 0.0, -0.12036842633420396,
  -0.9927292893542666, 0.0]
- [0.0, 0.0, 1.0, 0.9950371902099892, -0.09950371902099973, 0.0, -0.09950371902099973,
  -0.9950371902099892, 0.0]
- [0.0, 0.0, 1.0, 0.9948047132360116, -0.10180168232115115, 0.0, -0.10180168232115115,
  -0.9948047132360116, 0.0]
- [0.0, 0.0, 1.0, 0.9975473721174637, -0.0699945739435749, 0.0, -0.0699945739435749,
  -0.9975473721174637, 0.0]
- [0.0, 0.0, 1.0, 0.9981748837608346, -0.06038958046753009, 0.0, -0.06038958046753009,
  -0.9981748837608346, 0.0]
- [0.0, 0.0, 1.0, 0.9990187240236572, -0.04428983009838357, 0.0, -0.04428983009838357,
  -0.9990187240236572, 0.0]
- [0.0, 0.0, 1.0, -0.992624920266657, -0.12122610142049813, 0.0, -0.12122610142049813,
  0.992624920266657, 0.0]
- [0.0, 0.0, 1.0, -0.9920557640725671, -0.12579889097442395, 0.0, -0.12579889097442395,
  0.9920557640725671, 0.0]
- [0.0, 0.0, 1.0, -0.9912639461408917, -0.13189309717034953, 0.0, -0.13189309717034953,
  0.9912639461408917, 0.0]
- [0.0, 0.0, 1.0, -0.9908327041982108, -0.13509460496726372, 0.0, -0.13509460496726372,
  0.9908327041982108, 0.0]
- [0.0, 0.0, 1.0, -0.9907788776677378, -0.13548880236926547, 0.0, -0.13548880236926547,
  0.9907788776677378, 0.0]
- [0.0, 0.0, 1.0, -0.9911742791321652, -0.13256526085982293, 0.0, -0.13256526085982293,
  0.9911742791321652, 0.0]
- [0.0, 0.0, 1.0, -0.992196512919256, -0.12468391937562956, 0.0, -0.12468391937562956,
  0.992196512919256, 0.0]
- [0.0, 0.0, 1.0, -0.9931532010922585, -0.11681917291352555, 0.0, -0.11681917291352555,
  0.9931532010922585, 0.0]
- [0.0, 0.0, 1.0, -0.9936138134254864, -0.11283434658853987, 0.0, -0.11283434658853987,
  0.9936138134254864, 0.0]
- [0.0, 0.0, 1.0, -0.9939214412892933, -0.11009163703667126, 0.0, -0.11009163703667126,
  0.9939214412892933, 0.0]
- [0.0, 0.0, 1.0, -0.9941681710314744, -0.10784084433985648, 0.0, -0.10784084433985648,
  0.9941681710314744, 0.0]
- [0.0, 0.0, 1.0, -0.9943966647969336, -0.10571316398980346, 0.0, -0.10571316398980346,
  0.9943966647969336, 0.0]
- [0.0, 0.0, 1.0, -0.9946009117197805, -0.10377391968207347, 0.0, -0.10377391968207347,
  0.9946009117197805, 0.0]
- [0.0, 0.0, 1.0, -0.9947851783923708, -0.10199239604430858, 0.0, -0.10199239604430858,
  0.9947851783923708, 0.0]
- [0.0, 0.0, 1.0, -0.9949557465206476, -0.10031481677968067, 0.0, -0.10031481677968067,
  0.9949557465206476, 0.0]
- [0.0, 0.0, 1.0, -0.9951128471327255, -0.09874422247099185, 0.0, -0.09874422247099185,
  0.9951128471327255, 0.0]
- [0.0, 0.0, 1.0, -0.9952703807556572, -0.09714354940236287, 0.0, -0.09714354940236287,
  0.9952703807556572, 0.0]
- [0.0, 0.0, 1.0, -0.9954317523281387, -0.09547578989948721, 0.0, -0.09547578989948721,
  0.9954317523281387, 0.0]
- [0.0, 0.0, 1.0, -0.9956100633723243, -0.09359808604750766, 0.0, -0.09359808604750766,
  0.9956100633723243, 0.0]
- [0.0, 0.0, 1.0, -0.9957844655903768, -0.09172403223194969, 0.0, -0.09172403223194969,
  0.9957844655903768, 0.0]
- [0.0, 0.0, 1.0, -0.9959645825283397, -0.08974714674656799, 0.0, -0.08974714674656799,
  0.9959645825283397, 0.0]
- [0.0, 0.0, 1.0, -0.9961403819586554, -0.08777436659563179, 0.0, -0.08777436659563179,
  0.9961403819586554, 0.0]
- [0.0, 0.0, 1.0, -0.9963164275193224, -0.0857529956044388, 0.0, -0.0857529956044388,
  0.9963164275193224, 0.0]
- [0.0, 0.0, 1.0, -0.996501739026024, -0.0835720295201093, 0.0, -0.0835720295201093,
  0.996501739026024, 0.0]
- [0.0, 0.0, 1.0, -0.99670510404176, -0.08111063787879044, 0.0, -0.08111063787879044,
  0.99670510404176, 0.0]
- [0.0, 0.0, 1.0, -0.99693017535533, -0.07829575637281283, 0.0, -0.07829575637281283,
  0.99693017535533, 0.0]
- [0.0, 0.0, 1.0, -0.9971590817411612, -0.0753244030917228, 0.0, -0.0753244030917228,
  0.9971590817411612, 0.0]
- [0.0, 0.0, 1.0, -0.9974022879515958, -0.0720324648260905, 0.0, -0.0720324648260905,
  0.9974022879515958, 0.0]
- [0.0, 0.0, 1.0, -0.9976272769231035, -0.06884632407756726, 0.0, -0.06884632407756726,
  0.9976272769231035, 0.0]
- [0.0, 0.0, 1.0, -0.997850018340428, -0.06553885029513024, 0.0, -0.06553885029513024,
  0.997850018340428, 0.0]
- [0.0, 0.0, 1.0, -0.9980651973976606, -0.06217605442265473, 0.0, -0.06217605442265473,
  0.9980651973976606, 0.0]
- [0.0, 0.0, 1.0, -0.9982889675154996, -0.05847338998927502, 0.0, -0.05847338998927502,
  0.9982889675154996, 0.0]
- [0.0, 0.0, 1.0, -0.9985234446759435, -0.054322467106051556, 0.0, -0.054322467106051556,
  0.9985234446759435, 0.0]
- [0.0, 0.0, 1.0, -0.9987802122655615, -0.04937699450918525, 0.0, -0.04937699450918525,
  0.9987802122655615, 0.0]
- [0.0, 0.0, 1.0, -0.9990456766631229, -0.04367763662016162, 0.0, -0.04367763662016162,
  0.9990456766631229, 0.0]
- [0.0, 0.0, 1.0, -0.9993101851596542, -0.03713696051345147, 0.0, -0.03713696051345147,
  0.9993101851596542, 0.0]
- [0.0, 0.0, 1.0, -0.9995642646993312, -0.029517464933243205, 0.0, -0.029517464933243205,
  0.9995642646993312, 0.0]
- [0.0, 0.0, 1.0, -0.9997847764245579, -0.020746103964280203, 0.0, -0.020746103964280203,
  0.9997847764245579, 0.0]
- [0.0, 0.0, 1.0, -0.9999451739151489, -0.010471349664811265, 0.0, -0.010471349664811265,
  0.9999451739151489, 0.0]
- [0.0, 0.0, 1.0, -0.9999995949909934, 0.0009000099160739244, 0.0, 0.0009000099160739244,
  0.9999995949909934, 0.0]
- [0.0, 0.0, 1.0, -0.999901992508666, 0.014000192041535117, 0.0, 0.014000192041535117,
  0.999901992508666, 0.0]
- [0.0, 0.0, 1.0, -0.9996036695477262, 0.028151444487279693, 0.0, 0.028151444487279693,
  0.9996036695477262, 0.0]
- [0.0, 0.0, 1.0, -0.9990112743302374, 0.044457550102035226, 0.0, 0.044457550102035226,
  0.9990112743302374, 0.0]
- [0.0, 0.0, 1.0, -0.9980291209537385, 0.06275247985783323, 0.0, 0.06275247985783323,
  0.9980291209537385, 0.0]
- [0.0, 0.0, 1.0, -0.9964553760171754, 0.0841230266126313, 0.0, 0.0841230266126313,
  0.9964553760171754, 0.0]
- [0.0, 0.0, 1.0, -0.9943007138899284, 0.10661186781019683, 0.0, 0.10661186781019683,
  0.9943007138899284, 0.0]
- [0.0, 0.0, 1.0, -0.9913206358578779, 0.1314663337981719, 0.0, 0.1314663337981719,
  0.9913206358578779, 0.0]
- [0.0, 0.0, 1.0, -0.9875906506636877, 0.15705001344054115, 0.0, 0.15705001344054115,
  0.9875906506636877, 0.0]
- [0.0, 0.0, 1.0, -0.9827694337219292, 0.18483571121912246, 0.0, 0.18483571121912246,
  0.9827694337219292, 0.0]
- [0.0, 0.0, 1.0, -0.9770802125113864, 0.212871459615196, 0.0, 0.212871459615196,
  0.9770802125113864, 0.0]
- [0.0, 0.0, 1.0, -0.9700086377687908, 0.24307044792391982, 0.0, 0.24307044792391982,
  0.9700086377687908, 0.0]
- [0.0, 0.0, 1.0, -0.9615020154603648, 0.2747978789322368, 0.0, 0.2747978789322368,
  0.9615020154603648, 0.0]
- [0.0, 0.0, 1.0, -0.950649573469487, 0.31026664091114026, 0.0, 0.31026664091114026,
  0.950649573469487, 0.0]
- [0.0, 0.0, 1.0, -0.9371392563798425, 0.3489556048437051, 0.0, 0.3489556048437051,
  0.9371392563798425, 0.0]
- [0.0, 0.0, 1.0, -0.9193464173571392, 0.3934490626403791, 0.0, 0.3934490626403791,
  0.9193464173571392, 0.0]
- [0.0, 0.0, 1.0, -0.8959986676948777, 0.4440567390424384, 0.0, 0.4440567390424384,
  0.8959986676948777, 0.0]
- [0.0, 0.0, 1.0, -0.8630482746107404, 0.5051214464774032, 0.0, 0.5051214464774032,
  0.8630482746107404, 0.0]
- [0.0, 0.0, 1.0, -0.8101213820454343, 0.5862621822638704, 0.0, 0.5862621822638704,
  0.8101213820454343, 0.0]
- [0.0, 0.0, 1.0, -0.7292720235324075, 0.6842238783416928, 0.0, 0.6842238783416928,
  0.7292720235324075, 0.0]
- [0.0, 0.0, 1.0, -0.729271914996289, 0.6842239940236279, 0.0, 0.6842239940236279,
  0.729271914996289, 0.0]
- [0.0, 0.0, 1.0, -0.5788830070039462, 0.8154106107980623, 0.0, 0.8154106107980623,
  0.5788830070039462, 0.0]
- [0.0, 0.0, 1.0, -0.2078927162830636, 0.9781516337033077, 0.0, 0.9781516337033077,
  0.2078927162830636, 0.0]
- [0.0, 0.0, 1.0, 0.0, 1.0, 0.0, 1.0, -0.0, 0.0]
- [0.0, 0.0, 1.0, 0.0, 1.0, 0.0, 1.0, -0.0, 0.0]
- [0.0, 0.0, 1.0, 0.0, 1.0, 0.0, -1.0, 0.0, 0.0]
- [0.0, 0.0, 1.0, 0.0, 1.0, 0.0, -1.0, 0.0, 0.0]
materials:
- name: gelcoat
  density: 1830.0
  elastic:
    E:
    - 10.0
    - 10.0
    - 10.0
    G:
    - 1.0
    - 1.0
    - 1.0
    nu:
    - 0.3
    - 0.3
    - 0.3
- name: nexus
  density: 1664.0
  elastic:
    E:
    - 10300000000.0
    - 10300000000.0
    - 10300000000.0
    G:
    - 8000000000.0
    - 8000000000.0
    - 8000000000.0
    nu:
    - 0.3
    - 0.3
    - 0.3
- name: db_frp
  density: 1830.0
  elastic:
    E:
    - 10300000000.0
    - 10300000000.0
    - 10300000000.0
    G:
    - 8000000000.0
    - 8000000000.0
    - 8000000000.0
    nu:
    - 0.3
    - 0.3
    - 0.3
- name: ud_frp
  density: 1860.0
  elastic:
    E:
    - 37000000000.0
    - 9000000000.0
    - 9000000000.0
    G:
    - 4000000000.0
    - 4000000000.0
    - 4000000000.0
    nu:
    - 0.28
    - 0.28
    - 0.28
- name: balsa
  density: 128.0
  elastic:
    E:
    - 10000000.0
    - 10000000.0
    - 10000000.0
    G:
    - 200000.0
    - 200000.0
    - 200000.0
    nu:
    - 0.3
    - 0.3
    - 0.3
