nodes:
- [-2.3564704329993362, 0.3448025355993644, 20.689655172413804]
- [-2.35037376881117, 0.3864687283214268, 20.689655172413804]
- [-2.286845110367299, 0.3923637861550948, 20.689655172413786]
- [-2.0996397133166367, 0.40987969333899427, 20.689655172413783]
- [-1.799056763164284, 0.43853627803065043, 20.689655172413804]
- [-1.5642503768394314, 0.46252401847533453, 20.689655172413794]
- [-1.3189273498069012, 0.4886189454612307, 20.68965517241379]
- [-1.0606275347559213, 0.515392324784742, 20.68965517241378]
- [-0.7868907843757196, 0.5414154222422713, 20.689655172413776]
- [-0.4952569513555238, 0.565259503630222, 20.689655172413786]
- [-0.18326588838456082, 0.5854958347449967, 20.689655172413794]
- [0.15154255184794144, 0.6006956813829982, 20.689655172413804]
- [0.14961382057004843, 0.39012355526612397, 20.688362068965517]
- [0.1476890218094388, 0.17958223762192438, 20.68758620689654]
- [0.14576801161262543, -0.030944062630240618, 20.687327586206884]
- [0.1438506460261211, -0.2414711365710113, 20.687586206896544]
- [0.1419367810964385, -0.45201477528102796, 20.688362068965514]
- [0.1400262728700905, -0.6625907698409311, 20.689655172413804]
- [0.28744009027888767, -0.7165828430215861, 20.689655172413794]
- [0.4306184409555985, -0.7616341251111908, 20.689655172413786]
- [0.56944349371987, -0.7981720212667884, 20.689655172413776]
- [0.7037974173913497, -0.8266239366454234, 20.68965517241378]
- [0.8335623807896846, -0.8474172764041396, 20.68965517241379]
- [0.9586205527345216, -0.8609794456999798, 20.689655172413794]
- [1.0788541020455078, -0.8677378496899882, 20.689655172413804]
- [1.0846801596183069, -0.6318907778033315, 20.688362068965517]
- [1.090532746504583, -0.396083084931135, 20.68758620689654]
- [1.096412304743411, -0.16029708550518082, 20.687327586206884]
- [1.102319276373864, 0.07548490604274934, 20.687586206896544]
- [1.1082541034350166, 0.31128057528087383, 20.688362068965514]
- [1.1142172279659424, 0.5471076077774112, 20.689655172413804]
- [0.992511715827975, 0.5659151421668258, 20.689655172413794]
- [0.8620662249725266, 0.5807875067543173, 20.689655172413786]
- [0.7249608543114506, 0.591855384360459, 20.689655172413776]
- [0.5832757027566009, 0.5992494578058247, 20.68965517241378]
- [0.43909086921983076, 0.6031004099109878, 20.68965517241379]
- [0.294486452612993, 0.603538923496521, 20.689655172413794]
- [1.4420864482251585, 0.46981169208661655, 20.68965517241379]
- [1.7169704621046364, 0.35464101453635055, 20.689655172413786]
- [1.9360108912470733, 0.21207452198100812, 20.68965517241378]
- [2.0963493572951686, 0.052591161274984706, 20.689655172413783]
- [2.195127481891621, -0.11333012072732447, 20.689655172413794]
- [2.2294868866791266, -0.27521037717152413, 20.689655172413804]
- [2.227582073815985, -0.30874674962548354, 20.68965517241378]
- [2.2262937177082978, -0.3257548697004903, 20.689655172413804]
- [2.2226880869657024, -0.3422177568440565, 20.68965517241378]
- [2.214816691292608, -0.3750827173826803, 20.689655172413804]
- [2.1361991842122965, -0.5043079672002602, 20.68965517241379]
- [2.0164341133964356, -0.6218066726886615, 20.689655172413786]
- [1.8531692743084247, -0.7222389237648592, 20.68965517241378]
- [1.6440524624116664, -0.8002648103458295, 20.689655172413783]
- [1.3867314731695606, -0.8505444223485473, 20.689655172413794]
- [-0.16656762379627105, -0.5237902139865788, 20.689655172413794]
- [-0.4748757137729779, -0.36212279584572227, 20.68965517241379]
- [-0.7783318038123362, -0.19273277045312745, 20.68965517241378]
- [-1.070369700666653, -0.030764392843559793, 20.689655172413776]
- [-1.344423211088235, 0.10863808194821517, 20.689655172413786]
- [-1.5939261418293882, 0.21033039888743182, 20.689655172413794]
- [-1.812312299642419, 0.2591683029393245, 20.689655172413804]
- [-2.115352017570778, 0.30249770919896524, 20.689655172413786]
- [-2.2994629909159037, 0.30612990046681515, 20.689655172413783]
- [-2.3625670971875024, 0.30313634287730196, 20.689655172413804]
elements:
- [1, 62]
- [62, 61]
- [61, 60]
- [60, 59]
- [59, 58]
- [58, 57]
- [57, 56]
- [56, 55]
- [55, 54]
- [54, 53]
- [53, 18]
- [18, 19]
- [19, 20]
- [20, 21]
- [21, 22]
- [22, 23]
- [23, 24]
- [24, 25]
- [25, 52]
- [52, 51]
- [51, 50]
- [50, 49]
- [49, 48]
- [48, 47]
- [47, 46]
- [46, 45]
- [45, 44]
- [44, 43]
- [43, 42]
- [42, 41]
- [41, 40]
- [40, 39]
- [39, 38]
- [38, 31]
- [31, 32]
- [32, 33]
- [33, 34]
- [34, 35]
- [35, 36]
- [36, 37]
- [37, 12]
- [12, 11]
- [11, 10]
- [10, 9]
- [9, 8]
- [8, 7]
- [7, 6]
- [6, 5]
- [5, 4]
- [4, 3]
- [3, 2]
- [2, 1]
- [25, 26]
- [26, 27]
- [27, 28]
- [28, 29]
- [29, 30]
- [30, 31]
- [12, 13]
- [13, 14]
- [14, 15]
- [15, 16]
- [16, 17]
- [17, 18]
sets:
  element:
  - name: layup_0
    labels: [1, 2, 3, 4, 49, 50, 51, 52]
  - name: layup_1
    labels: [5, 6, 7, 8, 9, 10, 11]
  - name: layup_2
    labels: [12, 13, 14, 15, 16, 17, 18, 35, 36, 37, 38, 39, 40, 41]
  - name: layup_3
    labels: [19, 20, 21, 22, 23, 24]
  - name: layup_4
    labels: [25, 26, 27, 28]
  - name: layup_5
    labels: [29, 30, 31, 32, 33, 34]
  - name: layup_6
    labels: [42, 43, 44, 45, 46, 47, 48]
  - name: layup_7
    labels: [53, 54, 55, 56, 57, 58]
  - name: layup_8
    labels: [59, 60, 61, 62, 63, 64]
sections:
- type: shell
  elementSet: layup_0
  layup:
  - [glass_triax, 0.011, 0]
  - [glass_uni, 0.01, 0]
  - [glass_triax, 0.011, 0]
- type: shell
  elementSet: layup_1
  layup:
  - [glass_triax, 0.011, 0]
  - [medium_density_foam, 0.032, 0]
  - [glass_triax, 0.011, 0]
- type: shell
  elementSet: layup_2
  layup:
  - [glass_triax, 0.011, 0]
  - [carbon_uni_industry_baseline, 0.025, 0]
  - [glass_triax, 0.011, 0]
- type: shell
  elementSet: layup_3
  layup:
  - [glass_triax, 0.011, 0]
  - [medium_density_foam, 0.036000000000000004, 0]
  - [glass_triax, 0.011, 0]
- type: shell
  elementSet: layup_4
  layup:
  - [glass_triax, 0.011, 0]
  - [glass_uni, 0.005, 0]
  - [glass_triax, 0.011, 0]
- type: shell
  elementSet: layup_5
  layup:
  - [glass_triax, 0.011, 0]
  - [medium_density_foam, 0.026000000000000002, 0]
  - [glass_triax, 0.011, 0]
- type: shell
  elementSet: layup_6
  layup:
  - [glass_triax, 0.011, 0]
  - [medium_density_foam, 0.056, 0]
  - [glass_triax, 0.011, 0]
- type: shell
  elementSet: layup_7
  layup:
  - [glass_biax, 0.003, 0]
  - [medium_density_foam, 0.052000000000000005, 0]
  - [glass_biax, 0.003, 0]
- type: shell
  elementSet: layup_8
  layup:
  - [glass_biax, 0.003, 0]
  - [medium_density_foam, 0.033, 0]
  - [glass_biax, 0.003, 0]
elementOrientations:
- [-0.014472224286729753, -0.018016594497675502, 0.9997329428636935, -0.144600749693434,
  -0.9892895184608549, -0.019921642793377457, 0.9893842417950124, -0.144850443513979,
  0.011712006724389882]
- [-0.012870107159032203, -0.014620060164260118, 0.9998102890961403, 0.9988819006132359,
  0.04530058015571408, 0.013520579308783906, -0.04548965782465749, 0.9988664131295784,
  0.014020690162985638]
- [-0.012630716484250407, -0.009522099875458366, 0.9998748894812074, 0.9996821059655882,
  -0.021941910898384796, 0.012419321975612314, 0.021820907710291663, 0.9997139001534839,
  0.00979621491239307]
- [-0.011736449642083393, -0.0031467824096075695, 0.9999261740299955, 0.9897279005477234,
  -0.1425270285228342, 0.011168214622171678, 0.1424813623853819, 0.9897859081139303,
  0.004787219640635428]
- [-0.016352344895899377, -0.00037913287456897086, 0.999866219588735, 0.9758612132680717,
  -0.217813700530607, 0.015877162848863292, 0.21777854176978, 0.9759902909964967,
  0.003931745821095315]
- [-0.017330555896560754, 0.0014914750253018092, 0.9998487022217739, 0.9256452039613953,
  -0.3780279374412874, 0.016608277970753538, 0.377995513486052, 0.9257929865883273,
  0.005170857596288989]
- [-0.015696382493313572, 0.00643101552106489, 0.9998561224576219, 0.8907273207352161,
  -0.4542235898701418, 0.016904747893574525, 0.4542669519924245, 0.8908645084662704,
  0.001401385979403012]
- [-0.01276478037457748, 0.012479091795425556, 0.999840653629342, 0.8739028362328208,
  -0.4857955302740535, 0.017220208767098736, 0.4859330130853636, 0.873983395170476,
  -0.004704440462732393]
- [-0.009562391290039572, 0.01852772802139776, 0.9997826183562012, 0.8726878783486464,
  -0.4879687129351951, 0.017389714767840455, 0.4881848293998431, 0.8726644592801601,
  -0.011502775887231047]
- [-0.007039904500753322, 0.023441115983747783, 0.9997004320425475, 0.8853636422180341,
  -0.46458351265727305, 0.01712836260258966, 0.4648458462576994, 0.8852189976771091,
  -0.017483288263294573]
- [-0.006235442814434461, 0.025517217608189813, 0.9996549358946034, 0.9110382690463262,
  -0.4120034569915103, 0.016199498761326522, 0.4122746555222398, 0.9108249134891848,
  -0.02067813776522385]
- [-0.00899150209601213, 0.027034751921370535, 0.9995940551436905, 0.9388450290986629,
  -0.34388239966464634, 0.01774560614956903, 0.3442225504332751, 0.9386234694431174,
  -0.022289423136927885]
- [-0.008445327573412832, 0.02814804777993368, 0.9995680886504711, 0.953762454610121,
  -0.3001076798127541, 0.016509412269432432, 0.3004427676251408, 0.9534899411758806,
  -0.0243120434797569]
- [-0.007975179374311692, 0.029167055467552393, 0.9995427351490782, 0.9669644664886218,
  -0.2544611663194829, 0.015140521249402723, 0.2547864145952895, 0.9666430559987907,
  -0.026174132784031426]
- [-0.007600223015237289, 0.029978013634770158, 0.9995216632512934, 0.9782309318332308,
  -0.2070699229278451, 0.013648846960296213, 0.20738003909443153, 0.9778667423106127,
  -0.02775164261845089]
- [-0.007311289266047301, 0.030550668574342032, 0.9995064790680093, 0.9873515421312445,
  -0.15808738973261344, 0.012054437298433498, 0.15837764141545124, 0.986952396955998,
  -0.029008427094367663]
- [-0.007080192811069874, 0.03094638226035139, 0.999495969123815, 0.9941302939226124,
  -0.10769070022741495, 0.010376501812720545, 0.10795753598104399, 0.9937026891930633,
  -0.03000226517075542]
- [-0.006870950394252452, 0.031324615282927536, 0.9994856469795133, 0.998389245662098,
  -0.05607668205098436, 0.00862089765743894, 0.05631788514270534, 0.9979349548981284,
  -0.030888858922330863]
- [-0.0021250838765112007, 0.031645237464961486, 0.999496904929827, 0.9984423358462707,
  0.05579224832460244, 0.00035639406269292437, -0.055752901344771504, 0.9979407817965311,
  -0.031714508020275006]
- [-0.0024856195050502595, 0.03200615507509345, 0.9994845810381392, 0.9814839489934221,
  0.1915088215091921, -0.0036917681992924955, -0.19152827353671067, 0.9809688972243049,
  -0.03188954553733102]
- [-0.0027532825130141226, 0.03183678563801571, 0.9994892888448794, 0.9369627166898894,
  0.3493248245651005, -0.00854602104278653, -0.3494184983204317, 0.9364606697682508,
  -0.030791671092905676]
- [-0.002059920171536047, 0.029793592615568673, 0.9995539498035831, 0.8515966077833522,
  0.5240143134308282, -0.01386423209214828, -0.5241936420262785, 0.8511881937378333,
  -0.02645155005950719]
- [0.00035954635551684614, 0.02601246889705507, 0.9996615538212411, 0.7131596016784963,
  0.7007577764884434, -0.018491112047173817, -0.7010016071737544, 0.7129248839484092,
  -0.018299087052661568]
- [0.003877358992963452, 0.022645903614338273, 0.9997360297282126, 0.5186873003832653,
  0.8546968557044877, -0.02137216109761243, -0.8549552330434382, 0.5186332498966414,
  -0.008432176070737383]
- [0.002685097000033266, 0.017512287663995128, 0.9998430426996399, 0.2327028951832127,
  0.9723875855360652, -0.017656332254805705, -0.9725441649752731, 0.23271377972976773,
  -0.0014642050519004413]
- [0.0026796037171454854, 0.017512017744067392, 0.9998430621644829, 0.21409097700203555,
  0.9766537176607607, -0.017679630814259325, -0.9768100497487896, 0.21410475243194874,
  -0.0011321200558966384]
- [0.00236814534488497, 0.017299776963563204, 0.9998475431807774, 0.07593562861088234,
  0.996960373687209, -0.01742967598466583, -0.9971099097868277, 0.07596532771252461,
  0.001047277629425909]
- [0.002078966901415374, 0.017317253803042602, 0.9998478837389936, 0.05722167288563344,
  0.998209720712693, -0.017407861064956152, -0.9983593331305078, 0.057249158905684036,
  0.0010843227376375775]
- [0.002094879528527943, -0.0009617957429029555, 0.9999973432108257, -0.20573206787804865,
  0.9786073948688055, 0.001372207969384895, -0.9786061146990565, -0.20573439590170167,
  0.0018521923709129918]
- [-0.0005339146857148274, -0.0019741344930768265, 0.9999979088618692, -0.5106166904746336,
  0.8598072839242518, 0.0014247524461322215, -0.8598082986014036, -0.5106148620083475,
  -0.0014670897571784415]
- [-0.002536282540793096, -0.0036193512319819708, 0.9999902337360764, -0.708650226766653,
  0.7055595538693784, 0.0007563380294532655, -0.7055554006415404, -0.7086413876145699,
  -0.004354352449260859]
- [-0.0037560884729653256, -0.005205394068689951, 0.9999793976237574, -0.8379569516888603,
  0.5457362486284412, -0.0003066745336242266, -0.5457234088031194, -0.8379408396811473,
  -0.006411729778891328]
- [-0.004719491010044196, -0.007075710194043129, 0.9999638297107829, -0.922192568629427,
  0.3867276238135766, -0.0016159653969761145, -0.3867022016607426, -0.9221668391916696,
  -0.00835032490264599]
- [-0.005648715255078087, -0.0096335707527708, 0.9999376412209504, -0.9732062634085242,
  0.2299104013884896, -0.0032827116537700258, -0.22986444022159092, -0.9731641185575713,
  -0.010674149787209996]
- [-0.006682900621822787, -0.010249173497481225, 0.9999251438392265, -0.9883125893890554,
  0.15235743304846827, -0.0050436346003613335, -0.15229433506988796, -0.9882723142117763,
  -0.011147576782452298]
- [-0.006931137911403072, -0.01009753989803678, 0.9999249966948824, -0.993529111162652,
  0.11343254569242096, -0.005741328251191514, -0.11336606458550202, -0.9934943871334878,
  -0.010818416457661606]
- [-0.0071977211921536175, -0.010818596116199918, 0.9999155718297993, -0.9967117339227066,
  0.08078379587135492, -0.00630061785909481, -0.0807088116033876, -0.9966729334654825,
  -0.011364480933112937]
- [-0.007417377422553692, -0.011605359473110874, 0.9999051445730595, -0.9986017680304046,
  0.05242403138456118, -0.00679925142496027, -0.052340150923747525, -0.9985574778473648,
  -0.011977981315268017]
- [-0.007586632034850209, -0.012084825562037762, 0.9998981948206038, -0.999611210681423,
  0.02692086791624954, -0.0072590874533047895, -0.026830402426849063, -0.9995645171082107,
  -0.01228436582988177]
- [-0.0077240940915625925, -0.012191033131511115, 0.9998958531175387, -0.9999654501877135,
  0.0031659681063585144, -0.007686031279680026, -0.0030719377186698457, -0.9999206745323029,
  -0.012215066169149252]
- [-0.00785170992930197, -0.01211316629727588, 0.999895805498473, -0.9997716426356309,
  -0.019779000973588652, -0.008090346231096479, 0.019874939819741307, -0.9997309949795201,
  -0.011955101188210067]
- [-0.011784792048104141, -0.012609204658519092, 0.9998510522244113, -0.9989057866545724,
  -0.04510976890378308, -0.012342533672514018, 0.045258679437128926, -0.9989024560523049,
  -0.012063798252637394]
- [-0.011795135850737945, -0.013283668142429105, 0.9998421970145817, -0.9978409445622999,
  -0.064451436571868, -0.012627813699965585, 0.06460900962931722, -0.9978324290603631,
  -0.012494774516353195]
- [-0.011783218767242759, -0.013989400073578294, 0.9998327122279329, -0.996615340846063,
  -0.08119072898571056, -0.01288130106218198, 0.08135734844357309, -0.9966004024745075,
  -0.012985362601050624]
- [-0.011754177676341447, -0.014667889949948321, 0.9998233305497373, -0.9954544164665371,
  -0.09433578994323646, -0.013086767097024346, 0.09451107895066685, -0.9954323742676858,
  -0.013492376194690339]
- [-0.011719299850313454, -0.015224233677554629, 0.9998154233257008, -0.9946124251461614,
  -0.10281659426820372, -0.013223905926781958, 0.10299894055713027, -0.9945838178112587,
  -0.013937273481207381]
- [-0.011693945823001305, -0.015537973919132848, 0.9998108936181767, -0.9943260643175102,
  -0.10554422601310225, -0.013270048008399168, 0.10573045658625871, -0.9942932101356137,
  -0.014215583993551672]
- [-0.01169224640064499, -0.015481749978710886, 0.9998117856835371, -0.9947483032674291,
  -0.10149605898925003, -0.01320466418436589, 0.10168138728733889, -0.9947154695827585,
  -0.014213727592536507]
- [-0.013372882034828277, -0.015412372077891184, 0.9997917907309577, -0.9953939883686996,
  -0.09472343273106597, -0.014774275315442195, 0.09493141706271871, -0.9953843127549157,
  -0.014074657220987953]
- [-0.013421455636909507, -0.014919488279868257, 0.9997986164213538, -0.9955425658621586,
  -0.09315206784120708, -0.014754382857196902, 0.09335343638654155, -0.9955401052325187,
  -0.013602749297473302]
- [-0.013471171942896659, -0.014408977248712655, 0.9998054355228974, -0.9956143055404508,
  -0.09238347679413625, -0.014746111983594129, 0.09257797864335948, -0.995619241773718,
  -0.013101270176448791]
- [-0.01412122059509222, -0.014905347599147871, 0.999789188650214, -0.14472072453114396,
  -0.98933002121336, -0.01679348138872248, 0.989371771893703, -0.1449273602151133,
  0.011813434766963898]
- [-0.006460971714575156, 0.0001641916289229261, 0.9999791142246985, 0.024707715962119958,
  0.9996947177771986, -4.505744280413259e-06, -0.9996738391177586, 0.02470717081082981,
  -0.00646305609489946]
- [-0.006693262798866147, 0.00017052939429438931, 0.9999775853252063, 0.024837450549471493,
  0.9996915029309196, -4.2332975826538295e-06, -0.9996690958928898, 0.02483686549152149,
  -0.006695433462308131]
- [-0.006923743066607336, 0.00017685476155967844, 0.9999760149645297, 0.024968248967947516,
  0.9996882446683371, -3.925979632475157e-06, -0.9996642678046573, 0.024967622921136114,
  -0.006926000306509045]
- [-0.007152389771555136, 0.00018316701420508066, 0.9999744045576368, 0.025100070150557586,
  0.9996849436025291, -3.5839129871420333e-06, -0.9996593568806288, 0.02509940206961614,
  -0.007154733870306219]
- [-0.007379181323699902, 0.00018946543247837417, 0.9999727555217902, 0.025232872367327762,
  0.9996816003817455, -3.207253620669332e-06, -0.9996543651858306, 0.025232161243980363,
  -0.007381612552259152]
- [-0.007604097312271057, 0.00019574929442621027, 0.9999710692746462, 0.025366613269319348,
  0.9996782156891412, -2.7961904875488082e-06, -0.9996492948205934, 0.02536585813229312,
  -0.007606615929707177]
- [-0.007800366625322267, 7.520890890913997e-05, 0.9999695738491898, -0.009237415521546373,
  -0.9999573341620911, 3.1505681791604812e-06, 0.9999269095463894, -0.00923710988696174,
  0.007800728552086718]
- [-0.007670551158319158, 7.38156749851961e-05, 0.9999705781652647, -0.009200502774157713,
  -0.9999576744733785, 3.2397188048929274e-06, 0.99992825412308, -0.009200207228056775,
  0.0076709056395243835]
- [-0.007540273594835235, 7.242514348311792e-05, 0.9999715691101992, -0.009164212733654913,
  -0.9999580077152941, 3.3215253267250094e-06, 0.999929578259933, -0.009163927141722853,
  0.007540620680941824]
- [-0.007409545791382645, 7.103737477759113e-05, 0.9999725464155789, -0.009128557078726875,
  -0.9999583338490297, 3.396046473179979e-06, 0.9999308816497399, -0.009128281303952612,
  0.007409885532859459]
- [-0.007278379891711471, 6.965242577476427e-05, 0.9999735098164807, -0.00909354708707512,
  -0.9999586528398965, 3.4633473265570863e-06, 0.9999321639929016, -0.009093280989786404,
  0.007278712338986307]
- [-0.007146788313944407, 6.827034986597488e-05, 0.9999744590518076, -0.009059193623528052,
  -0.9999589646572888, 3.5234992398307637e-06, 0.9999334249977284, -0.00905893706142986,
  0.0071471135173548405]
materials:
- name: Gelcoat
  density: 1235.0
  elastic:
    E: [3440000000.0, 3440000000.0, 3440000000.0]
    nu: [0.3, 0.3, 0.3]
    G: [1323000000.0, 1323000000.0, 1323000000.0]
- name: Adhesive
  density: 1100.0
  elastic:
    E: [3900000000.0, 3900000000.0, 3900000000.0]
    nu: [0.3, 0.3, 0.3]
    G: [1500000000.0, 1500000000.0, 1500000000.0]
- name: glass_uni
  density: 1940.0
  elastic:
    E: [43700000000.0, 16500000000.0, 15450000000.0]
    nu: [0.262, 0.264, 0.35]
    G: [3265000000.0, 3495000000.0, 3480000000.0]
- name: carbon_uni_industry_baseline
  density: 1600.0
  elastic:
    E: [157599000000.0, 9100000000.0, 9100000000.0]
    nu: [0.3133, 0.3133, 0.47066]
    G: [4131000000.0, 4131000000.0, 2689000000.0]
- name: glass_biax
  density: 1940.0
  elastic:
    E: [11023100000.0, 11023100000.0, 16047700000.0]
    nu: [0.688074, 0.117173, 0.117173]
    G: [13231400000.0, 3487480000.0, 3487480000.0]
- name: glass_triax
  density: 1940.0
  elastic:
    E: [28211400000.0, 16238800000.0, 15835500000.0]
    nu: [0.497511, 0.18091, 0.27481]
    G: [8248220000.0, 3491240000.0, 3491240000.0]
- name: medium_density_foam
  density: 130.0
  elastic:
    E: [142500000.0, 142500000.0, 142500000.0]
    nu: [0.3194, 0.3194, 0.3194]
    G: [54000000.0, 54000000.0, 54000000.0]
- name: resin
  density: 1150.0
  elastic:
    E: [1000000.0, 1000000.0, 1000000.0]
    nu: [0.3, 0.3, 0.3]
    G: [312500.0, 312500.0, 312500.0]
- name: steel
  density: 7800
  elastic:
    E: [200000000000.0, 200000000000.0, 200000000000.0]
    nu: [0.3, 0.3, 0.3]
    G: [79300000000.0, 79300000000.0, 79300000000.0]
