nodes:
- [1.41425379 -0.00038216 0.00000000]
- [1.41485452 -0.01023913 0.00000000]
- [1.40527827 -0.00951874 0.00000000]
- [1.39566730 -0.00878920 0.00000000]
- [1.38608455 -0.00777648 0.00000000]
- [1.37666112 -0.00677943 0.00000000]
- [1.36721290 -0.00577972 0.00000000]
- [1.35774327 -0.00473336 0.00000000]
- [1.34830353 -0.00364335 0.00000000]
- [1.33889006 -0.00255634 0.00000000]
- [1.32947658 -0.00146934 0.00000000]
- [1.32004297 -0.00037999 0.00000000]
- [1.31060709 0.00074564 0.00000000]
- [1.30119268 0.00188029 0.00000000]
- [1.29178473 0.00301415 0.00000000]
- [1.28237678 0.00414802 0.00000000]
- [1.27296883 0.00528189 0.00000000]
- [1.26351201 0.00642176 0.00000000]
- [1.25405933 0.00764882 0.00000000]
- [1.24465698 0.00888152 0.00000000]
- [1.23526135 0.01011334 0.00000000]
- [1.22586573 0.01134516 0.00000000]
- [1.21647010 0.01257698 0.00000000]
- [1.20707447 0.01380880 0.00000000]
- [1.19761821 0.01504875 0.00000000]
- [1.18817203 0.01639653 0.00000000]
- [1.17878756 0.01774402 0.00000000]
- [1.16940773 0.01909084 0.00000000]
- [1.16002790 0.02043766 0.00000000]
- [1.15064807 0.02178449 0.00000000]
- [1.14126823 0.02313131 0.00000000]
- [1.13188625 0.02447844 0.00000000]
- [1.12244839 0.02583765 0.00000000]
- [1.11302758 0.02729627 0.00000000]
- [1.10366315 0.02874631 0.00000000]
- [1.09429872 0.03019635 0.00000000]
- [1.08493429 0.03164640 0.00000000]
- [1.07556986 0.03309644 0.00000000]
- [1.06620543 0.03454648 0.00000000]
- [1.05684100 0.03599652 0.00000000]
- [1.04746011 0.03744913 0.00000000]
- [1.03805261 0.03893573 0.00000000]
- [1.02867036 0.04047490 0.00000000]
- [1.01931933 0.04200898 0.00000000]
- [1.00996830 0.04354307 0.00000000]
- [1.00061727 0.04507716 0.00000000]
- [0.99126624 0.04661125 0.00000000]
- [0.98191521 0.04814534 0.00000000]
- [0.97256418 0.04967943 0.00000000]
- [0.96321300 0.05121354 0.00000000]
- [0.95382892 0.05275337 0.00000000]
- [0.94445470 0.05435135 0.00000000]
- [0.93511343 0.05594376 0.00000000]
- [0.92577216 0.05753618 0.00000000]
- [0.91643088 0.05912859 0.00000000]
- [0.90708961 0.06072101 0.00000000]
- [0.89774834 0.06231342 0.00000000]
- [0.88840706 0.06390584 0.00000000]
- [0.87906579 0.06549825 0.00000000]
- [0.86972184 0.06709112 0.00000000]
- [0.86036558 0.06869097 0.00000000]
- [0.85101598 0.07031349 0.00000000]
- [0.84167949 0.07193375 0.00000000]
- [0.83234301 0.07355401 0.00000000]
- [0.82300652 0.07517426 0.00000000]
- [0.81367004 0.07679452 0.00000000]
- [0.80433355 0.07841478 0.00000000]
- [0.79499707 0.08003504 0.00000000]
- [0.78566058 0.08165529 0.00000000]
- [0.77632410 0.08327555 0.00000000]
- [0.76699141 0.08489515 0.00000000]
- [0.75765758 0.08650806 0.00000000]
- [0.74831995 0.08812159 0.00000000]
- [0.73898230 0.08973512 0.00000000]
- [0.72964466 0.09134866 0.00000000]
- [0.72030701 0.09296219 0.00000000]
- [0.71096936 0.09457572 0.00000000]
- [0.70163171 0.09618925 0.00000000]
- [0.69229406 0.09780279 0.00000000]
- [0.68295641 0.09941632 0.00000000]
- [0.67363499 0.10102706 0.00000000]
- [0.66431837 0.10260758 0.00000000]
- [0.65498262 0.10417384 0.00000000]
- [0.64563720 0.10574171 0.00000000]
- [0.63629178 0.10730959 0.00000000]
- [0.62694635 0.10887747 0.00000000]
- [0.61760093 0.11044535 0.00000000]
- [0.60825551 0.11201323 0.00000000]
- [0.59891008 0.11358111 0.00000000]
- [0.58956466 0.11514899 0.00000000]
- [0.58022975 0.11671511 0.00000000]
- [0.57093167 0.11825617 0.00000000]
- [0.56161165 0.11972890 0.00000000]
- [0.55225177 0.12120800 0.00000000]
- [0.54134075 0.11287141 0.00000000]
- [0.53005555 0.10459394 0.00000000]
- [0.52032149 0.10613218 0.00000000]
- [0.51058743 0.10767041 0.00000000]
- [0.50085337 0.10920864 0.00000000]
- [0.49111931 0.11074687 0.00000000]
- [0.48170257 0.11223497 0.00000000]
- [0.47248577 0.11368015 0.00000000]
- [0.46323100 0.11500379 0.00000000]
- [0.45377429 0.11635701 0.00000000]
- [0.44431758 0.11771024 0.00000000]
- [0.43486086 0.11906346 0.00000000]
- [0.42540415 0.12041668 0.00000000]
- [0.41594744 0.12176991 0.00000000]
- [0.40649072 0.12312313 0.00000000]
- [0.39703401 0.12447636 0.00000000]
- [0.38758668 0.12582824 0.00000000]
- [0.37843886 0.12713300 0.00000000]
- [0.36925717 0.12825463 0.00000000]
- [0.35977480 0.12941456 0.00000000]
- [0.35029244 0.13057449 0.00000000]
- [0.34081008 0.13173441 0.00000000]
- [0.33132771 0.13289434 0.00000000]
- [0.32184535 0.13405427 0.00000000]
- [0.31236299 0.13521419 0.00000000]
- [0.30288062 0.13637412 0.00000000]
- [0.29351028 0.13752056 0.00000000]
- [0.28442737 0.13856500 0.00000000]
- [0.27521267 0.13944134 0.00000000]
- [0.26570267 0.14034726 0.00000000]
- [0.25619268 0.14125318 0.00000000]
- [0.24668269 0.14215910 0.00000000]
- [0.23717270 0.14306502 0.00000000]
- [0.22766270 0.14397093 0.00000000]
- [0.21815271 0.14487685 0.00000000]
- [0.20864272 0.14578277 0.00000000]
- [0.19963310 0.14664516 0.00000000]
- [0.19064803 0.14720044 0.00000000]
- [0.18115962 0.14776120 0.00000000]
- [0.17162322 0.14832484 0.00000000]
- [0.16208682 0.14888847 0.00000000]
- [0.15255041 0.14945211 0.00000000]
- [0.14301401 0.15001575 0.00000000]
- [0.13347761 0.15057938 0.00000000]
- [0.12396455 0.15114165 0.00000000]
- [0.11520771 0.15165517 0.00000000]
- [0.10641229 0.15171655 0.00000000]
- [0.09685956 0.15179339 0.00000000]
- [0.08730682 0.15187023 0.00000000]
- [0.07775409 0.15194707 0.00000000]
- [0.06820135 0.15202391 0.00000000]
- [0.05864862 0.15210076 0.00000000]
- [0.04909588 0.15217760 0.00000000]
- [0.04012583 0.15225529 0.00000000]
- [0.03147971 0.15199187 0.00000000]
- [0.02225510 0.15152239 0.00000000]
- [0.01271432 0.15103851 0.00000000]
- [0.00317354 0.15055464 0.00000000]
- [-0.00636724 0.15007076 0.00000000]
- [-0.01590803 0.14958688 0.00000000]
- [-0.02544881 0.14910300 0.00000000]
- [-0.03439381 0.14865516 0.00000000]
- [-0.04305803 0.14787154 0.00000000]
- [-0.05230503 0.14688470 0.00000000]
- [-0.06180425 0.14587202 0.00000000]
- [-0.07130347 0.14485934 0.00000000]
- [-0.08080269 0.14384666 0.00000000]
- [-0.09030190 0.14283398 0.00000000]
- [-0.09964632 0.14183821 0.00000000]
- [-0.10828176 0.14083640 0.00000000]
- [-0.11701559 0.13939906 0.00000000]
- [-0.12644324 0.13785633 0.00000000]
- [-0.13587089 0.13631360 0.00000000]
- [-0.14529854 0.13477086 0.00000000]
- [-0.15472619 0.13322813 0.00000000]
- [-0.16407355 0.13169865 0.00000000]
- [-0.17207494 0.13035715 0.00000000]
- [-0.18006651 0.12853903 0.00000000]
- [-0.18887876 0.12654718 0.00000000]
- [-0.19769102 0.12455534 0.00000000]
- [-0.20650327 0.12256350 0.00000000]
- [-0.21531552 0.12057166 0.00000000]
- [-0.22395011 0.11862053 0.00000000]
- [-0.23176994 0.11676543 0.00000000]
- [-0.23965194 0.11442556 0.00000000]
- [-0.25135323 0.12214531 0.00000000]
- [-0.26351021 0.12973044 0.00000000]
- [-0.27263024 0.12703605 0.00000000]
- [-0.28172888 0.12434800 0.00000000]
- [-0.29051396 0.12171169 0.00000000]
- [-0.29911727 0.11846371 0.00000000]
- [-0.30801604 0.11511011 0.00000000]
- [-0.31691480 0.11175651 0.00000000]
- [-0.32581356 0.10840291 0.00000000]
- [-0.33447587 0.10514217 0.00000000]
- [-0.34280749 0.10146184 0.00000000]
- [-0.35126059 0.09741866 0.00000000]
- [-0.35983993 0.09331628 0.00000000]
- [-0.36841927 0.08921390 0.00000000]
- [-0.37665125 0.08528675 0.00000000]
- [-0.38444088 0.08070615 0.00000000]
- [-0.39249413 0.07579552 0.00000000]
- [-0.40061361 0.07084489 0.00000000]
- [-0.40842849 0.06608828 0.00000000]
- [-0.41565974 0.06085264 0.00000000]
- [-0.42294851 0.05506791 0.00000000]
- [-0.43036024 0.04918872 0.00000000]
- [-0.43719179 0.04368109 0.00000000]
- [-0.44314069 0.03715298 0.00000000]
- [-0.44947840 0.03023902 0.00000000]
- [-0.45505843 0.02385427 0.00000000]
- [-0.46100079 0.01744423 0.00000000]
- [-0.46790720 0.00887342 0.00000000]
- [-0.46977952 -0.00044885 0.00000000]
- [-0.46781457 -0.00544407 0.00000000]
- [-0.46227993 -0.00882058 0.00000000]
- [-0.45459257 -0.01239087 0.00000000]
- [-0.44712339 -0.01733871 0.00000000]
- [-0.43962612 -0.02232450 0.00000000]
- [-0.43207980 -0.02651873 0.00000000]
- [-0.42388637 -0.03029694 0.00000000]
- [-0.41538452 -0.03422466 0.00000000]
- [-0.40721078 -0.03800850 0.00000000]
- [-0.39885229 -0.04109818 0.00000000]
- [-0.39009279 -0.04415188 0.00000000]
- [-0.38124963 -0.04723521 0.00000000]
- [-0.37248654 -0.05029103 0.00000000]
- [-0.36391493 -0.05310690 0.00000000]
- [-0.35511295 -0.05546249 0.00000000]
- [-0.34606696 -0.05788710 0.00000000]
- [-0.33702098 -0.06031170 0.00000000]
- [-0.32797500 -0.06273631 0.00000000]
- [-0.31918053 -0.06509730 0.00000000]
- [-0.31029249 -0.06694549 0.00000000]
- [-0.30113905 -0.06879822 0.00000000]
- [-0.29195992 -0.07065618 0.00000000]
- [-0.28278078 -0.07251415 0.00000000]
- [-0.27360165 -0.07437211 0.00000000]
- [-0.26462666 -0.07619115 0.00000000]
- [-0.25402798 -0.06699159 0.00000000]
- [-0.24283631 -0.05778918 0.00000000]
- [-0.23309167 -0.05920809 0.00000000]
- [-0.22334704 -0.06062700 0.00000000]
- [-0.21360240 -0.06204591 0.00000000]
- [-0.20409080 -0.06343181 0.00000000]
- [-0.19507743 -0.06460662 0.00000000]
- [-0.18579177 -0.06548957 0.00000000]
- [-0.17598903 -0.06642637 0.00000000]
- [-0.16618630 -0.06736318 0.00000000]
- [-0.15671870 -0.06826795 0.00000000]
- [-0.14725110 -0.06917273 0.00000000]
- [-0.13781625 -0.07007439 0.00000000]
- [-0.12899286 -0.07090466 0.00000000]
- [-0.12010933 -0.07136940 0.00000000]
- [-0.11061193 -0.07187287 0.00000000]
- [-0.10111453 -0.07237634 0.00000000]
- [-0.09161713 -0.07287981 0.00000000]
- [-0.08211973 -0.07338328 0.00000000]
- [-0.07262233 -0.07388675 0.00000000]
- [-0.06312726 -0.07439010 0.00000000]
- [-0.05414005 -0.07486938 0.00000000]
- [-0.04513935 -0.07504168 0.00000000]
- [-0.03563045 -0.07522817 0.00000000]
- [-0.02612154 -0.07541466 0.00000000]
- [-0.01661263 -0.07560116 0.00000000]
- [-0.00710373 -0.07578765 0.00000000]
- [0.00240518 -0.07597414 0.00000000]
- [0.01191409 -0.07616063 0.00000000]
- [0.02129233 -0.07634484 0.00000000]
- [0.03039968 -0.07644664 0.00000000]
- [0.03963878 -0.07638402 0.00000000]
- [0.04914930 -0.07632080 0.00000000]
- [0.05865983 -0.07625757 0.00000000]
- [0.06817035 -0.07619435 0.00000000]
- [0.07768088 -0.07613112 0.00000000]
- [0.08719140 -0.07606790 0.00000000]
- [0.09670193 -0.07600468 0.00000000]
- [0.10618759 -0.07594163 0.00000000]
- [0.11538039 -0.07586698 0.00000000]
- [0.12459502 -0.07561322 0.00000000]
- [0.13410219 -0.07535286 0.00000000]
- [0.14360937 -0.07509249 0.00000000]
- [0.15311654 -0.07483213 0.00000000]
- [0.16262371 -0.07457177 0.00000000]
- [0.17213088 -0.07431140 0.00000000]
- [0.18163805 -0.07405104 0.00000000]
- [0.19114522 -0.07379067 0.00000000]
- [0.20057051 -0.07353266 0.00000000]
- [0.20983669 -0.07322958 0.00000000]
- [0.21918134 -0.07282703 0.00000000]
- [0.22868328 -0.07241812 0.00000000]
- [0.23818523 -0.07200921 0.00000000]
- [0.24768717 -0.07160031 0.00000000]
- [0.25718911 -0.07119140 0.00000000]
- [0.26669105 -0.07078249 0.00000000]
- [0.27619299 -0.07037358 0.00000000]
- [0.28569493 -0.06996467 0.00000000]
- [0.29515928 -0.06955740 0.00000000]
- [0.30448290 -0.06913350 0.00000000]
- [0.31383992 -0.06862188 0.00000000]
- [0.32333649 -0.06810294 0.00000000]
- [0.33283306 -0.06758401 0.00000000]
- [0.34232962 -0.06706508 0.00000000]
- [0.35182619 -0.06654614 0.00000000]
- [0.36132276 -0.06602721 0.00000000]
- [0.37081933 -0.06550827 0.00000000]
- [0.38031589 -0.06498934 0.00000000]
- [0.38981246 -0.06447041 0.00000000]
- [0.39920664 -0.06395724 0.00000000]
- [0.40857143 -0.06338242 0.00000000]
- [0.41803765 -0.06278557 0.00000000]
- [0.42752954 -0.06218711 0.00000000]
- [0.43702143 -0.06158866 0.00000000]
- [0.44651331 -0.06099020 0.00000000]
- [0.45600520 -0.06039174 0.00000000]
- [0.46549709 -0.05979329 0.00000000]
- [0.47498898 -0.05919483 0.00000000]
- [0.48448087 -0.05859637 0.00000000]
- [0.49394434 -0.05799972 0.00000000]
- [0.50356877 -0.05737504 0.00000000]
- [0.51321806 -0.05669520 0.00000000]
- [0.52295140 -0.05600955 0.00000000]
- [0.53268475 -0.05532389 0.00000000]
- [0.54311640 -0.06455118 0.00000000]
- [0.55333223 -0.07379367 0.00000000]
- [0.56284976 -0.07312322 0.00000000]
- [0.57236730 -0.07245277 0.00000000]
- [0.58188483 -0.07178232 0.00000000]
- [0.59140236 -0.07111187 0.00000000]
- [0.60088992 -0.07044358 0.00000000]
- [0.61036601 -0.06972276 0.00000000]
- [0.61987107 -0.06898632 0.00000000]
- [0.62938368 -0.06824929 0.00000000]
- [0.63889629 -0.06751227 0.00000000]
- [0.64840890 -0.06677525 0.00000000]
- [0.65792151 -0.06603822 0.00000000]
- [0.66743411 -0.06530120 0.00000000]
- [0.67694672 -0.06456418 0.00000000]
- [0.68645933 -0.06382715 0.00000000]
- [0.69596091 -0.06309099 0.00000000]
- [0.70544062 -0.06233690 0.00000000]
- [0.71492846 -0.06154596 0.00000000]
- [0.72443660 -0.06075335 0.00000000]
- [0.73394474 -0.05996073 0.00000000]
- [0.74345288 -0.05916812 0.00000000]
- [0.75296102 -0.05837551 0.00000000]
- [0.76246915 -0.05758289 0.00000000]
- [0.77197729 -0.05679028 0.00000000]
- [0.78148543 -0.05599767 0.00000000]
- [0.79099020 -0.05520533 0.00000000]
- [0.80047159 -0.05440898 0.00000000]
- [0.80995286 -0.05357179 0.00000000]
- [0.81945700 -0.05273262 0.00000000]
- [0.82896114 -0.05189344 0.00000000]
- [0.83846528 -0.05105426 0.00000000]
- [0.84796942 -0.05021508 0.00000000]
- [0.85747357 -0.04937590 0.00000000]
- [0.86697771 -0.04853673 0.00000000]
- [0.87648185 -0.04769755 0.00000000]
- [0.88598010 -0.04685889 0.00000000]
- [0.89545990 -0.04601136 0.00000000]
- [0.90494279 -0.04513228 0.00000000]
- [0.91444317 -0.04425159 0.00000000]
- [0.92394356 -0.04337091 0.00000000]
- [0.93344394 -0.04249022 0.00000000]
- [0.94294433 -0.04160953 0.00000000]
- [0.95244471 -0.04072884 0.00000000]
- [0.96194510 -0.03984816 0.00000000]
- [0.97144549 -0.03896747 0.00000000]
- [0.98092784 -0.03808847 0.00000000]
- [0.99040384 -0.03717782 0.00000000]
- [0.99989732 -0.03625956 0.00000000]
- [1.00939411 -0.03534098 0.00000000]
- [1.01889091 -0.03442240 0.00000000]
- [1.02838771 -0.03350383 0.00000000]
- [1.03788450 -0.03258525 0.00000000]
- [1.04738130 -0.03166667 0.00000000]
- [1.05687763 -0.03074814 0.00000000]
- [1.06635381 -0.02983073 0.00000000]
- [1.07582696 -0.02887772 0.00000000]
- [1.08532016 -0.02792271 0.00000000]
- [1.09481336 -0.02696771 0.00000000]
- [1.10430656 -0.02601270 0.00000000]
- [1.11379976 -0.02505769 0.00000000]
- [1.12329297 -0.02410268 0.00000000]
- [1.13278617 -0.02314768 0.00000000]
- [1.14226034 -0.02219460 0.00000000]
- [1.15172890 -0.02120801 0.00000000]
- [1.16121610 -0.02021564 0.00000000]
- [1.17070544 -0.01922305 0.00000000]
- [1.18019479 -0.01823046 0.00000000]
- [1.18968414 -0.01723787 0.00000000]
- [1.19917348 -0.01624528 0.00000000]
- [1.20864906 -0.01525414 0.00000000]
- [1.21811195 -0.01423967 0.00000000]
- [1.22758670 -0.01320586 0.00000000]
- [1.23707153 -0.01217095 0.00000000]
- [1.24655635 -0.01113605 0.00000000]
- [1.25604118 -0.01010114 0.00000000]
- [1.26552037 -0.00906685 0.00000000]
- [1.27496818 -0.00802596 0.00000000]
- [1.28441558 -0.00693083 0.00000000]
- [1.29389324 -0.00583224 0.00000000]
- [1.30337090 -0.00473364 0.00000000]
- [1.31284856 -0.00363505 0.00000000]
- [1.32228254 -0.00254161 0.00000000]
- [1.33169078 -0.00137292 0.00000000]
- [1.34113913 -0.00016989 0.00000000]
- [1.35060384 0.00103521 0.00000000]
- [1.36005194 0.00223817 0.00000000]
- [1.36946541 0.00346652 0.00000000]
- [1.37888832 0.00475148 0.00000000]
- [1.38834397 0.00604086 0.00000000]
- [1.39782479 0.00732998 0.00000000]
- [1.40730947 0.00857495 0.00000000]
- [1.41680918 0.00982178 0.00000000]
- [-0.16407355 0.12221951 0.00000000]
- [-0.16407355 0.11274038 0.00000000]
- [-0.16407355 0.10326124 0.00000000]
- [-0.16407355 0.09378211 0.00000000]
- [-0.16407355 0.08430297 0.00000000]
- [-0.16407355 0.07482384 0.00000000]
- [-0.16407355 0.06534471 0.00000000]
- [-0.16407355 0.05586557 0.00000000]
- [-0.16407355 0.04638644 0.00000000]
- [-0.16407355 0.03690730 0.00000000]
- [-0.16407355 0.02742817 0.00000000]
- [-0.16407355 0.01794903 0.00000000]
- [-0.16407355 0.00846990 0.00000000]
- [-0.16407355 -0.00100923 0.00000000]
- [-0.16407355 -0.01048837 0.00000000]
- [-0.16407355 -0.01996750 0.00000000]
- [-0.16407355 -0.02944664 0.00000000]
- [-0.16407355 -0.03892577 0.00000000]
- [-0.16407355 -0.04840491 0.00000000]
- [-0.16407355 -0.05788404 0.00000000]
- [0.49111931 0.10137206 0.00000000]
- [0.49111931 0.09199725 0.00000000]
- [0.49111931 0.08262244 0.00000000]
- [0.49111931 0.07324763 0.00000000]
- [0.49111931 0.06387282 0.00000000]
- [0.49111931 0.05449801 0.00000000]
- [0.49111931 0.04512320 0.00000000]
- [0.49111931 0.03574839 0.00000000]
- [0.49111931 0.02637358 0.00000000]
- [0.49111931 0.01699876 0.00000000]
- [0.49111931 0.00762395 0.00000000]
- [0.49111931 -0.00175086 0.00000000]
- [0.49111931 -0.01112567 0.00000000]
- [0.49111931 -0.02050048 0.00000000]
- [0.49111931 -0.02987529 0.00000000]
- [0.49111931 -0.03925010 0.00000000]
- [0.49111931 -0.04862491 0.00000000]
elements:
- [1 2]
- [2 3]
- [3 4]
- [4 5]
- [5 6]
- [6 7]
- [7 8]
- [8 9]
- [9 10]
- [10 11]
- [11 12]
- [12 13]
- [13 14]
- [14 15]
- [15 16]
- [16 17]
- [17 18]
- [18 19]
- [19 20]
- [20 21]
- [21 22]
- [22 23]
- [23 24]
- [24 25]
- [25 26]
- [26 27]
- [27 28]
- [28 29]
- [29 30]
- [30 31]
- [31 32]
- [32 33]
- [33 34]
- [34 35]
- [35 36]
- [36 37]
- [37 38]
- [38 39]
- [39 40]
- [40 41]
- [41 42]
- [42 43]
- [43 44]
- [44 45]
- [45 46]
- [46 47]
- [47 48]
- [48 49]
- [49 50]
- [50 51]
- [51 52]
- [52 53]
- [53 54]
- [54 55]
- [55 56]
- [56 57]
- [57 58]
- [58 59]
- [59 60]
- [60 61]
- [61 62]
- [62 63]
- [63 64]
- [64 65]
- [65 66]
- [66 67]
- [67 68]
- [68 69]
- [69 70]
- [70 71]
- [71 72]
- [72 73]
- [73 74]
- [74 75]
- [75 76]
- [76 77]
- [77 78]
- [78 79]
- [79 80]
- [80 81]
- [81 82]
- [82 83]
- [83 84]
- [84 85]
- [85 86]
- [86 87]
- [87 88]
- [88 89]
- [89 90]
- [90 91]
- [91 92]
- [92 93]
- [93 94]
- [94 95]
- [95 96]
- [96 97]
- [97 98]
- [98 99]
- [99 100]
- [100 101]
- [101 102]
- [102 103]
- [103 104]
- [104 105]
- [105 106]
- [106 107]
- [107 108]
- [108 109]
- [109 110]
- [110 111]
- [111 112]
- [112 113]
- [113 114]
- [114 115]
- [115 116]
- [116 117]
- [117 118]
- [118 119]
- [119 120]
- [120 121]
- [121 122]
- [122 123]
- [123 124]
- [124 125]
- [125 126]
- [126 127]
- [127 128]
- [128 129]
- [129 130]
- [130 131]
- [131 132]
- [132 133]
- [133 134]
- [134 135]
- [135 136]
- [136 137]
- [137 138]
- [138 139]
- [139 140]
- [140 141]
- [141 142]
- [142 143]
- [143 144]
- [144 145]
- [145 146]
- [146 147]
- [147 148]
- [148 149]
- [149 150]
- [150 151]
- [151 152]
- [152 153]
- [153 154]
- [154 155]
- [155 156]
- [156 157]
- [157 158]
- [158 159]
- [159 160]
- [160 161]
- [161 162]
- [162 163]
- [163 164]
- [164 165]
- [165 166]
- [166 167]
- [167 168]
- [168 169]
- [169 170]
- [170 171]
- [171 172]
- [172 173]
- [173 174]
- [174 175]
- [175 176]
- [176 177]
- [177 178]
- [178 179]
- [179 180]
- [180 181]
- [181 182]
- [182 183]
- [183 184]
- [184 185]
- [185 186]
- [186 187]
- [187 188]
- [188 189]
- [189 190]
- [190 191]
- [191 192]
- [192 193]
- [193 194]
- [194 195]
- [195 196]
- [196 197]
- [197 198]
- [198 199]
- [199 200]
- [200 201]
- [201 202]
- [202 203]
- [203 204]
- [204 205]
- [205 206]
- [206 207]
- [207 208]
- [208 209]
- [209 210]
- [210 211]
- [211 212]
- [212 213]
- [213 214]
- [214 215]
- [215 216]
- [216 217]
- [217 218]
- [218 219]
- [219 220]
- [220 221]
- [221 222]
- [222 223]
- [223 224]
- [224 225]
- [225 226]
- [226 227]
- [227 228]
- [228 229]
- [229 230]
- [230 231]
- [231 232]
- [232 233]
- [233 234]
- [234 235]
- [235 236]
- [236 237]
- [237 238]
- [238 239]
- [239 240]
- [240 241]
- [241 242]
- [242 243]
- [243 244]
- [244 245]
- [245 246]
- [246 247]
- [247 248]
- [248 249]
- [249 250]
- [250 251]
- [251 252]
- [252 253]
- [253 254]
- [254 255]
- [255 256]
- [256 257]
- [257 258]
- [258 259]
- [259 260]
- [260 261]
- [261 262]
- [262 263]
- [263 264]
- [264 265]
- [265 266]
- [266 267]
- [267 268]
- [268 269]
- [269 270]
- [270 271]
- [271 272]
- [272 273]
- [273 274]
- [274 275]
- [275 276]
- [276 277]
- [277 278]
- [278 279]
- [279 280]
- [280 281]
- [281 282]
- [282 283]
- [283 284]
- [284 285]
- [285 286]
- [286 287]
- [287 288]
- [288 289]
- [289 290]
- [290 291]
- [291 292]
- [292 293]
- [293 294]
- [294 295]
- [295 296]
- [296 297]
- [297 298]
- [298 299]
- [299 300]
- [300 301]
- [301 302]
- [302 303]
- [303 304]
- [304 305]
- [305 306]
- [306 307]
- [307 308]
- [308 309]
- [309 310]
- [310 311]
- [311 312]
- [312 313]
- [313 314]
- [314 315]
- [315 316]
- [316 317]
- [317 318]
- [318 319]
- [319 320]
- [320 321]
- [321 322]
- [322 323]
- [323 324]
- [324 325]
- [325 326]
- [326 327]
- [327 328]
- [328 329]
- [329 330]
- [330 331]
- [331 332]
- [332 333]
- [333 334]
- [334 335]
- [335 336]
- [336 337]
- [337 338]
- [338 339]
- [339 340]
- [340 341]
- [341 342]
- [342 343]
- [343 344]
- [344 345]
- [345 346]
- [346 347]
- [347 348]
- [348 349]
- [349 350]
- [350 351]
- [351 352]
- [352 353]
- [353 354]
- [354 355]
- [355 356]
- [356 357]
- [357 358]
- [358 359]
- [359 360]
- [360 361]
- [361 362]
- [362 363]
- [363 364]
- [364 365]
- [365 366]
- [366 367]
- [367 368]
- [368 369]
- [369 370]
- [370 371]
- [371 372]
- [372 373]
- [373 374]
- [374 375]
- [375 376]
- [376 377]
- [377 378]
- [378 379]
- [379 380]
- [380 381]
- [381 382]
- [382 383]
- [383 384]
- [384 385]
- [385 386]
- [386 387]
- [387 388]
- [388 389]
- [389 390]
- [390 391]
- [391 392]
- [392 393]
- [393 394]
- [394 395]
- [395 396]
- [396 397]
- [397 398]
- [398 399]
- [399 400]
- [400 401]
- [401 402]
- [402 403]
- [403 404]
- [404 405]
- [405 406]
- [406 407]
- [407 408]
- [408 409]
- [409 410]
- [410 1]
- [170 411]
- [411 412]
- [412 413]
- [413 414]
- [414 415]
- [415 416]
- [416 417]
- [417 418]
- [418 419]
- [419 420]
- [420 421]
- [421 422]
- [422 423]
- [423 424]
- [424 425]
- [425 426]
- [426 427]
- [427 428]
- [428 429]
- [429 430]
- [430 243]
- [100 431]
- [431 432]
- [432 433]
- [433 434]
- [434 435]
- [435 436]
- [436 437]
- [437 438]
- [438 439]
- [439 440]
- [440 441]
- [441 442]
- [442 443]
- [443 444]
- [444 445]
- [445 446]
- [446 447]
- [447 313]
sets:
  element:
  - name: layup_0
    labels:
    - 1
    - 2
    - 3
    - 4
    - 5
    - 6
    - 7
    - 8
    - 9
    - 10
    - 11
    - 12
    - 13
    - 14
    - 15
    - 16
    - 17
    - 18
    - 19
    - 20
    - 21
    - 22
    - 23
    - 24
    - 25
    - 26
    - 27
    - 28
    - 29
    - 30
    - 31
    - 32
    - 33
    - 34
    - 35
    - 36
    - 37
    - 38
    - 39
    - 40
    - 41
    - 42
    - 43
    - 44
    - 45
    - 46
    - 47
    - 48
    - 49
    - 50
    - 51
    - 52
    - 53
    - 54
    - 55
    - 56
    - 57
    - 58
    - 59
    - 60
    - 61
    - 62
    - 63
    - 64
    - 65
    - 66
    - 67
    - 68
    - 69
    - 70
    - 71
    - 72
    - 73
    - 74
    - 75
    - 76
    - 77
    - 78
    - 79
    - 80
    - 81
    - 82
    - 83
    - 84
    - 85
    - 86
    - 87
    - 88
    - 89
    - 90
    - 91
    - 92
    - 93
    - 94
    - 318
    - 319
    - 320
    - 321
    - 322
    - 323
    - 324
    - 325
    - 326
    - 327
    - 328
    - 329
    - 330
    - 331
    - 332
    - 333
    - 334
    - 335
    - 336
    - 337
    - 338
    - 339
    - 340
    - 341
    - 342
    - 343
    - 344
    - 345
    - 346
    - 347
    - 348
    - 349
    - 350
    - 351
    - 352
    - 353
    - 354
    - 355
    - 356
    - 357
    - 358
    - 359
    - 360
    - 361
    - 362
    - 363
    - 364
    - 365
    - 366
    - 367
    - 368
    - 369
    - 370
    - 371
    - 372
    - 373
    - 374
    - 375
    - 376
    - 377
    - 378
    - 379
    - 380
    - 381
    - 382
    - 383
    - 384
    - 385
    - 386
    - 387
    - 388
    - 389
    - 390
    - 391
    - 392
    - 393
    - 394
    - 395
    - 396
    - 397
    - 398
    - 399
    - 400
    - 401
    - 402
    - 403
    - 404
    - 405
    - 406
    - 407
    - 408
    - 409
    - 410
  - name: layup_1
    labels:
    - 95
    - 96
    - 97
    - 98
    - 99
    - 100
    - 101
    - 102
    - 103
    - 104
    - 105
    - 106
    - 107
    - 108
    - 109
    - 110
    - 111
    - 112
    - 113
    - 114
    - 115
    - 116
    - 117
    - 118
    - 119
    - 120
    - 121
    - 122
    - 123
    - 124
    - 125
    - 126
    - 127
    - 128
    - 129
    - 130
    - 131
    - 132
    - 133
    - 134
    - 135
    - 136
    - 137
    - 138
    - 139
    - 140
    - 141
    - 142
    - 143
    - 144
    - 145
    - 146
    - 147
    - 148
    - 149
    - 150
    - 151
    - 152
    - 153
    - 154
    - 155
    - 156
    - 157
    - 158
    - 159
    - 160
    - 161
    - 162
    - 163
    - 164
    - 165
    - 166
    - 167
    - 168
    - 169
    - 170
    - 171
    - 172
    - 173
    - 174
    - 175
    - 176
    - 177
    - 178
    - 179
    - 234
    - 235
    - 236
    - 237
    - 238
    - 239
    - 240
    - 241
    - 242
    - 243
    - 244
    - 245
    - 246
    - 247
    - 248
    - 249
    - 250
    - 251
    - 252
    - 253
    - 254
    - 255
    - 256
    - 257
    - 258
    - 259
    - 260
    - 261
    - 262
    - 263
    - 264
    - 265
    - 266
    - 267
    - 268
    - 269
    - 270
    - 271
    - 272
    - 273
    - 274
    - 275
    - 276
    - 277
    - 278
    - 279
    - 280
    - 281
    - 282
    - 283
    - 284
    - 285
    - 286
    - 287
    - 288
    - 289
    - 290
    - 291
    - 292
    - 293
    - 294
    - 295
    - 296
    - 297
    - 298
    - 299
    - 300
    - 301
    - 302
    - 303
    - 304
    - 305
    - 306
    - 307
    - 308
    - 309
    - 310
    - 311
    - 312
    - 313
    - 314
    - 315
    - 316
    - 317
  - name: layup_2
    labels:
    - 180
    - 181
    - 182
    - 183
    - 184
    - 185
    - 186
    - 187
    - 188
    - 189
    - 190
    - 191
    - 192
    - 193
    - 194
    - 195
    - 196
    - 197
    - 198
    - 199
    - 200
    - 201
    - 202
    - 203
    - 204
    - 205
    - 210
    - 211
    - 212
    - 213
    - 214
    - 215
    - 216
    - 217
    - 218
    - 219
    - 220
    - 221
    - 222
    - 223
    - 224
    - 225
    - 226
    - 227
    - 228
    - 229
    - 230
    - 231
    - 232
    - 233
  - name: layup_3
    labels:
    - 206
    - 207
    - 208
    - 209
  - name: layup_4
    labels:
    - 411
    - 412
    - 413
    - 414
    - 415
    - 416
    - 417
    - 418
    - 419
    - 420
    - 421
    - 422
    - 423
    - 424
    - 425
    - 426
    - 427
    - 428
    - 429
    - 430
    - 431
    - 432
    - 433
    - 434
    - 435
    - 436
    - 437
    - 438
    - 439
    - 440
    - 441
    - 442
    - 443
    - 444
    - 445
    - 446
    - 447
    - 448
    - 449
sections:
- type: shell
  elementSet: layup_0
  layup:
  - - gelcoat
    - 0.000381
    - 0.0
  - - nexus
    - 0.00051
    - 0.0
  - - db_frp
    - 0.00901
    - 20.0
  - - balsa
    - 0.003125
    - 0.0
  - - db_frp
    - 0.00848
    - 0.0
- type: shell
  elementSet: layup_1
  layup:
  - - gelcoat
    - 0.000381
    - 0.0
  - - nexus
    - 0.00051
    - 0.0
  - - db_frp
    - 0.00901
    - 20.0
  - - ud_frp
    - 0.02014
    - 30.0
  - - balsa
    - 0.003125
    - 0.0
  - - ud_frp
    - 0.01961
    - 30.0
  - - db_frp
    - 0.00848
    - 20.0
- type: shell
  elementSet: layup_2
  layup:
  - - gelcoat
    - 0.000381
    - 0.0
  - - nexus
    - 0.00051
    - 0.0
  - - db_frp
    - 0.01749
    - 20.0
- type: shell
  elementSet: layup_3
  layup:
  - - gelcoat
    - 0.000381
    - 0.0
  - - nexus
    - 0.00051
    - 0.0
  - - db_frp
    - 0.00954
    - 20.0
- type: shell
  elementSet: layup_4
  layup:
  - - ud_frp
    - 0.02014
    - 0.0
  - - balsa
    - 0.003125
    - 0.0
  - - ud_frp
    - 0.02014
    - 0.0
elementOrientations:
- [0.0, 0.0, 1.0, 0.06083130648194184, -0.9981480612372595, 0.0, -0.9981480612372595,
  -0.06083130648194184, 0.0]
- [0.0, 0.0, 1.0, -0.9971824099465728, 0.07501494046618476, 0.0, -0.07501494046618476,
  -0.9971824099465728, 0.0]
- [0.0, 0.0, 1.0, -0.9971314802007714, 0.07568891063173544, 0.0, -0.07568891063173544,
  -0.9971314802007714, 0.0]
- [0.0, 0.0, 1.0, -0.9944621077034356, 0.10509574844892952, 0.0, -0.10509574844892952,
  -0.9944621077034356, 0.0]
- [0.0, 0.0, 1.0, -0.9944491028882183, 0.10521873295577046, 0.0, -0.10521873295577046,
  -0.9944491028882183, 0.0]
- [0.0, 0.0, 1.0, -0.9944487829588585, 0.10522175664588158, 0.0, -0.10522175664588158,
  -0.9944487829588585, 0.0]
- [0.0, 0.0, 1.0, -0.9939505852396051, 0.10982820267056383, 0.0, -0.10982820267056383,
  -0.9939505852396051, 0.0]
- [0.0, 0.0, 1.0, -0.9933992660957583, 0.11470788168390421, 0.0, -0.11470788168390421,
  -0.9933992660957583, 0.0]
- [0.0, 0.0, 1.0, -0.9933988742042796, 0.11471127551234857, 0.0, -0.11471127551234857,
  -0.9933988742042796, 0.0]
- [0.0, 0.0, 1.0, -0.9933988742042797, 0.11471127551234624, 0.0, -0.11471127551234624,
  -0.9933988742042797, 0.0]
- [0.0, 0.0, 1.0, -0.993398643612988, 0.114713272413769, 0.0, -0.114713272413769,
  -0.993398643612988, 0.0]
- [0.0, 0.0, 1.0, -0.9929597398260851, 0.11845233254146366, 0.0, -0.11845233254146366,
  -0.9929597398260851, 0.0]
- [0.0, 0.0, 1.0, -0.9928153936613224, 0.11965614948306338, 0.0, -0.11965614948306338,
  -0.9928153936613224, 0.0]
- [0.0, 0.0, 1.0, -0.9928153687940285, 0.11965635581270713, 0.0, -0.11965635581270713,
  -0.9928153687940285, 0.0]
- [0.0, 0.0, 1.0, -0.9928153687940289, 0.11965635581270417, 0.0, -0.11965635581270417,
  -0.9928153687940289, 0.0]
- [0.0, 0.0, 1.0, -0.9928153687940289, 0.119656355812704, 0.0, -0.119656355812704,
  -0.9928153687940289, 0.0]
- [0.0, 0.0, 1.0, -0.9928139529503032, 0.11966810279766718, 0.0, -0.11966810279766718,
  -0.9928139529503032, 0.0]
- [0.0, 0.0, 1.0, -0.9916795739838113, 0.12873081427259955, 0.0, -0.12873081427259955,
  -0.9916795739838113, 0.0]
- [0.0, 0.0, 1.0, -0.9915149025325248, 0.12999306926108686, 0.0, -0.12999306926108686,
  -0.9915149025325248, 0.0]
- [0.0, 0.0, 1.0, -0.9915148732066603, 0.1299932929422907, 0.0, -0.1299932929422907,
  -0.9915148732066603, 0.0]
- [0.0, 0.0, 1.0, -0.9915148732066603, 0.1299932929422909, 0.0, -0.1299932929422909,
  -0.9915148732066603, 0.0]
- [0.0, 0.0, 1.0, -0.9915148732066601, 0.1299932929422934, 0.0, -0.1299932929422934,
  -0.9915148732066601, 0.0]
- [0.0, 0.0, 1.0, -0.9915148732066603, 0.12999329294229053, 0.0, -0.12999329294229053,
  -0.9915148732066603, 0.0]
- [0.0, 0.0, 1.0, -0.9915125006222196, 0.1300113883852974, 0.0, -0.1300113883852974,
  -0.9915125006222196, 0.0]
- [0.0, 0.0, 1.0, -0.989973998422427, 0.14124971662807992, 0.0, -0.14124971662807992,
  -0.989973998422427, 0.0]
- [0.0, 0.0, 1.0, -0.9898481052957595, 0.1421292666638193, 0.0, -0.1421292666638193,
  -0.9898481052957595, 0.0]
- [0.0, 0.0, 1.0, -0.989848090026892, 0.14212937300260622, 0.0, -0.14212937300260622,
  -0.989848090026892, 0.0]
- [0.0, 0.0, 1.0, -0.989848090026892, 0.14212937300260622, 0.0, -0.14212937300260622,
  -0.989848090026892, 0.0]
- [0.0, 0.0, 1.0, -0.9898480900268916, 0.14212937300260953, 0.0, -0.14212937300260953,
  -0.9898480900268916, 0.0]
- [0.0, 0.0, 1.0, -0.989848090026892, 0.14212937300260622, 0.0, -0.14212937300260622,
  -0.989848090026892, 0.0]
- [0.0, 0.0, 1.0, -0.9898480867178318, 0.1421293960482769, 0.0, -0.1421293960482769,
  -0.9898480867178318, 0.0]
- [0.0, 0.0, 1.0, -0.9897881622238863, 0.14254611156205454, 0.0, -0.14254611156205454,
  -0.9897881622238863, 0.0]
- [0.0, 0.0, 1.0, -0.9882251955438102, 0.15300641454657402, 0.0, -0.15300641454657402,
  -0.9882251955438102, 0.0]
- [0.0, 0.0, 1.0, -0.9882227677046754, 0.15302209445080484, 0.0, -0.15302209445080484,
  -0.9882227677046754, 0.0]
- [0.0, 0.0, 1.0, -0.9882227677046759, 0.1530220944508024, 0.0, -0.1530220944508024,
  -0.9882227677046759, 0.0]
- [0.0, 0.0, 1.0, -0.9882227677046761, 0.15302209445080095, 0.0, -0.15302209445080095,
  -0.9882227677046761, 0.0]
- [0.0, 0.0, 1.0, -0.9882227677046759, 0.153022094450802, 0.0, -0.153022094450802,
  -0.9882227677046759, 0.0]
- [0.0, 0.0, 1.0, -0.9882227677046759, 0.153022094450802, 0.0, -0.153022094450802,
  -0.9882227677046759, 0.0]
- [0.0, 0.0, 1.0, -0.9882227677046754, 0.15302209445080484, 0.0, -0.15302209445080484,
  -0.9882227677046754, 0.0]
- [0.0, 0.0, 1.0, -0.9882225597005558, 0.15302343774363925, 0.0, -0.15302343774363925,
  -0.9882225597005558, 0.0]
- [0.0, 0.0, 1.0, -0.9877433555828217, 0.1560867178910097, 0.0, -0.1560867178910097,
  -0.9877433555828217, 0.0]
- [0.0, 0.0, 1.0, -0.9868093667249141, 0.16188660767331486, 0.0, -0.16188660767331486,
  -0.9868093667249141, 0.0]
- [0.0, 0.0, 1.0, -0.9868085746122748, 0.16189143606655196, 0.0, -0.16189143606655196,
  -0.9868085746122748, 0.0]
- [0.0, 0.0, 1.0, -0.9868085746122748, 0.16189143606655196, 0.0, -0.16189143606655196,
  -0.9868085746122748, 0.0]
- [0.0, 0.0, 1.0, -0.9868085746122748, 0.16189143606655196, 0.0, -0.16189143606655196,
  -0.9868085746122748, 0.0]
- [0.0, 0.0, 1.0, -0.9868085746122752, 0.16189143606654968, 0.0, -0.16189143606654968,
  -0.9868085746122752, 0.0]
- [0.0, 0.0, 1.0, -0.9868085746122748, 0.16189143606655196, 0.0, -0.16189143606655196,
  -0.9868085746122748, 0.0]
- [0.0, 0.0, 1.0, -0.9868085746122744, 0.16189143606655385, 0.0, -0.16189143606655385,
  -0.9868085746122744, 0.0]
- [0.0, 0.0, 1.0, -0.9868085745946575, 0.16189143617393836, 0.0, -0.16189143617393836,
  -0.9868085745946575, 0.0]
- [0.0, 0.0, 1.0, -0.9868032066085963, 0.16192415331565493, 0.0, -0.16192415331565493,
  -0.9868032066085963, 0.0]
- [0.0, 0.0, 1.0, -0.9857799676754211, 0.16804123104121074, 0.0, -0.16804123104121074,
  -0.9857799676754211, 0.0]
- [0.0, 0.0, 1.0, -0.9857790508032471, 0.16804660959819784, 0.0, -0.16804660959819784,
  -0.9857790508032471, 0.0]
- [0.0, 0.0, 1.0, -0.9857790508032465, 0.16804660959820192, 0.0, -0.16804660959820192,
  -0.9857790508032465, 0.0]
- [0.0, 0.0, 1.0, -0.985779050803247, 0.16804660959819853, 0.0, -0.16804660959819853,
  -0.985779050803247, 0.0]
- [0.0, 0.0, 1.0, -0.9857790508032468, 0.16804660959819978, 0.0, -0.16804660959819978,
  -0.9857790508032468, 0.0]
- [0.0, 0.0, 1.0, -0.9857790508032468, 0.16804660959819998, 0.0, -0.16804660959819998,
  -0.9857790508032468, 0.0]
- [0.0, 0.0, 1.0, -0.9857790508032465, 0.16804660959820117, 0.0, -0.16804660959820117,
  -0.9857790508032465, 0.0]
- [0.0, 0.0, 1.0, -0.9857790508032465, 0.16804660959820117, 0.0, -0.16804660959820117,
  -0.9857790508032465, 0.0]
- [0.0, 0.0, 1.0, -0.9857790447188025, 0.16804664529018395, 0.0, -0.16804664529018395,
  -0.9857790447188025, 0.0]
- [0.0, 0.0, 1.0, -0.9856938704012712, 0.16854552457233035, 0.0, -0.16854552457233035,
  -0.9856938704012712, 0.0]
- [0.0, 0.0, 1.0, -0.9852738187007929, 0.1709839237552974, 0.0, -0.1709839237552974,
  -0.9852738187007929, 0.0]
- [0.0, 0.0, 1.0, -0.9852736702212517, 0.1709847793481751, 0.0, -0.1709847793481751,
  -0.9852736702212517, 0.0]
- [0.0, 0.0, 1.0, -0.9852736702212522, 0.17098477934817227, 0.0, -0.17098477934817227,
  -0.9852736702212522, 0.0]
- [0.0, 0.0, 1.0, -0.9852736702212526, 0.1709847793481703, 0.0, -0.1709847793481703,
  -0.9852736702212526, 0.0]
- [0.0, 0.0, 1.0, -0.9852736702212519, 0.17098477934817366, 0.0, -0.17098477934817366,
  -0.9852736702212519, 0.0]
- [0.0, 0.0, 1.0, -0.9852736702212522, 0.17098477934817227, 0.0, -0.17098477934817227,
  -0.9852736702212522, 0.0]
- [0.0, 0.0, 1.0, -0.9852736702212522, 0.1709847793481717, 0.0, -0.1709847793481717,
  -0.9852736702212522, 0.0]
- [0.0, 0.0, 1.0, -0.9852736702212519, 0.17098477934817366, 0.0, -0.17098477934817366,
  -0.9852736702212519, 0.0]
- [0.0, 0.0, 1.0, -0.9852736702212522, 0.17098477934817227, 0.0, -0.17098477934817227,
  -0.9852736702212522, 0.0]
- [0.0, 0.0, 1.0, -0.9852736577894482, 0.17098485098452829, 0.0, -0.17098485098452829,
  -0.9852736577894482, 0.0]
- [0.0, 0.0, 1.0, -0.9853958215971043, 0.1702794020983396, 0.0, -0.1702794020983396,
  -0.9853958215971043, 0.0]
- [0.0, 0.0, 1.0, -0.9853965635674158, 0.17027510830866613, 0.0, -0.17027510830866613,
  -0.9853965635674158, 0.0]
- [0.0, 0.0, 1.0, -0.9853965635669417, 0.17027510831140916, 0.0, -0.17027510831140916,
  -0.9853965635669417, 0.0]
- [0.0, 0.0, 1.0, -0.9853965635669416, 0.17027510831140968, 0.0, -0.17027510831140968,
  -0.9853965635669416, 0.0]
- [0.0, 0.0, 1.0, -0.9853965635669417, 0.17027510831140916, 0.0, -0.17027510831140916,
  -0.9853965635669417, 0.0]
- [0.0, 0.0, 1.0, -0.9853965635669417, 0.17027510831140916, 0.0, -0.17027510831140916,
  -0.9853965635669417, 0.0]
- [0.0, 0.0, 1.0, -0.9853965635669414, 0.17027510831141113, 0.0, -0.17027510831141113,
  -0.9853965635669414, 0.0]
- [0.0, 0.0, 1.0, -0.985396563566942, 0.17027510831140774, 0.0, -0.17027510831140774,
  -0.985396563566942, 0.0]
- [0.0, 0.0, 1.0, -0.9853965635669417, 0.17027510831140916, 0.0, -0.17027510831140916,
  -0.9853965635669417, 0.0]
- [0.0, 0.0, 1.0, -0.9853963367002769, 0.17027642120292028, 0.0, -0.17027642120292028,
  -0.9853963367002769, 0.0]
- [0.0, 0.0, 1.0, -0.9859134926330932, 0.16725604636011096, 0.0, -0.16725604636011096,
  -0.9859134926330932, 0.0]
- [0.0, 0.0, 1.0, -0.9862170312709742, 0.16545684401397923, 0.0, -0.16545684401397923,
  -0.9862170312709742, 0.0]
- [0.0, 0.0, 1.0, -0.9862169530215601, 0.1654573104243807, 0.0, -0.1654573104243807,
  -0.9862169530215601, 0.0]
- [0.0, 0.0, 1.0, -0.9862169530215604, 0.16545731042437878, 0.0, -0.16545731042437878,
  -0.9862169530215604, 0.0]
- [0.0, 0.0, 1.0, -0.9862169530215604, 0.16545731042437878, 0.0, -0.16545731042437878,
  -0.9862169530215604, 0.0]
- [0.0, 0.0, 1.0, -0.9862169530215604, 0.16545731042437878, 0.0, -0.16545731042437878,
  -0.9862169530215604, 0.0]
- [0.0, 0.0, 1.0, -0.9862169530215604, 0.16545731042437878, 0.0, -0.16545731042437878,
  -0.9862169530215604, 0.0]
- [0.0, 0.0, 1.0, -0.9862169530215604, 0.16545731042437878, 0.0, -0.16545731042437878,
  -0.9862169530215604, 0.0]
- [0.0, 0.0, 1.0, -0.9862169530215602, 0.16545731042438022, 0.0, -0.16545731042438022,
  -0.9862169530215602, 0.0]
- [0.0, 0.0, 1.0, -0.9862168606931704, 0.1654578607516356, 0.0, -0.1654578607516356,
  -0.9862168606931704, 0.0]
- [0.0, 0.0, 1.0, -0.986541780742264, 0.1635093723609834, 0.0, -0.1635093723609834,
  -0.986541780742264, 0.0]
- [0.0, 0.0, 1.0, -0.9877442695643517, 0.15608093395025915, 0.0, -0.15608093395025915,
  -0.9877442695643517, 0.0]
- [0.0, 0.0, 1.0, -0.9877430156554825, 0.15608886899395905, 0.0, -0.15608886899395905,
  -0.9877430156554825, 0.0]
- [0.0, 0.0, 1.0, -0.7946081798744657, -0.6071225909786166, 0.0, 0.6071225909786166,
  -0.7946081798744657, 0.0]
- [0.0, 0.0, 1.0, -0.8063486162882257, -0.5914405371717969, 0.0, 0.5914405371717969,
  -0.8063486162882257, 0.0]
- [0.0, 0.0, 1.0, -0.9877430156554826, 0.15608886899395816, 0.0, -0.15608886899395816,
  -0.9877430156554826, 0.0]
- [0.0, 0.0, 1.0, -0.9877430156554822, 0.15608886899396054, 0.0, -0.15608886899396054,
  -0.9877430156554822, 0.0]
- [0.0, 0.0, 1.0, -0.9877430156554821, 0.1560888689939609, 0.0, -0.1560888689939609,
  -0.9877430156554821, 0.0]
- [0.0, 0.0, 1.0, -0.9877430156554818, 0.1560888689939623, 0.0, -0.1560888689939623,
  -0.9877430156554818, 0.0]
- [0.0, 0.0, 1.0, -0.9877429145505914, 0.15608950879256084, 0.0, -0.15608950879256084,
  -0.9877429145505914, 0.0]
- [0.0, 0.0, 1.0, -0.9879292697000515, 0.15490564247283872, 0.0, -0.15490564247283872,
  -0.9879292697000515, 0.0]
- [0.0, 0.0, 1.0, -0.9899265705466175, 0.14158172525369458, 0.0, -0.14158172525369458,
  -0.9899265705466175, 0.0]
- [0.0, 0.0, 1.0, -0.989916268903346, 0.14165373472124956, 0.0, -0.14165373472124956,
  -0.989916268903346, 0.0]
- [0.0, 0.0, 1.0, -0.989916268903346, 0.1416537347212504, 0.0, -0.1416537347212504,
  -0.989916268903346, 0.0]
- [0.0, 0.0, 1.0, -0.9899162689033459, 0.1416537347212512, 0.0, -0.1416537347212512,
  -0.9899162689033459, 0.0]
- [0.0, 0.0, 1.0, -0.989916268903346, 0.1416537347212504, 0.0, -0.1416537347212504,
  -0.989916268903346, 0.0]
- [0.0, 0.0, 1.0, -0.989916268903346, 0.1416537347212504, 0.0, -0.1416537347212504,
  -0.989916268903346, 0.0]
- [0.0, 0.0, 1.0, -0.9899162689033459, 0.1416537347212512, 0.0, -0.1416537347212512,
  -0.9899162689033459, 0.0]
