nodes:
- [0.0715000000 0.0000000000 0.0]
- [0.0714647191 0.0022458693 0.0]
- [0.0713589111 0.0044895221 0.0]
- [0.0711826805 0.0067287444 0.0]
- [0.0709362011 0.0089613262 0.0]
- [0.0706197164 0.0111850643 0.0]
- [0.0702335384 0.0133977640 0.0]
- [0.0697780485 0.0155972418 0.0]
- [0.0692536960 0.0177813269 0.0]
- [0.0686609985 0.0199478641 0.0]
- [0.0680005409 0.0220947151 0.0]
- [0.0672729750 0.0242197613 0.0]
- [0.0664790187 0.0263209055 0.0]
- [0.0656194557 0.0283960742 0.0]
- [0.0646951343 0.0304432193 0.0]
- [0.0637069665 0.0324603207 0.0]
- [0.0626559276 0.0344453877 0.0]
- [0.0615430549 0.0363964612 0.0]
- [0.0603694467 0.0383116158 0.0]
- [0.0591362611 0.0401889615 0.0]
- [0.0578447151 0.0420266455 0.0]
- [0.0564960834 0.0438228543 0.0]
- [0.0550916969 0.0455758153 0.0]
- [0.0536329415 0.0472837984 0.0]
- [0.0521212569 0.0489451181 0.0]
- [0.0505581349 0.0505581349 0.0]
- [0.0489451181 0.0521212569 0.0]
- [0.0472837984 0.0536329415 0.0]
- [0.0455758153 0.0550916969 0.0]
- [0.0438228543 0.0564960834 0.0]
- [0.0420266455 0.0578447151 0.0]
- [0.0401889615 0.0591362611 0.0]
- [0.0383116158 0.0603694467 0.0]
- [0.0363964612 0.0615430549 0.0]
- [0.0344453877 0.0626559276 0.0]
- [0.0324603207 0.0637069665 0.0]
- [0.0304432193 0.0646951343 0.0]
- [0.0283960742 0.0656194557 0.0]
- [0.0263209055 0.0664790187 0.0]
- [0.0242197613 0.0672729750 0.0]
- [0.0220947151 0.0680005409 0.0]
- [0.0199478641 0.0686609985 0.0]
- [0.0177813269 0.0692536960 0.0]
- [0.0155972418 0.0697780485 0.0]
- [0.0133977640 0.0702335384 0.0]
- [0.0111850643 0.0706197164 0.0]
- [0.0089613262 0.0709362011 0.0]
- [0.0067287444 0.0711826805 0.0]
- [0.0044895221 0.0713589111 0.0]
- [0.0022458693 0.0714647191 0.0]
- [0.0000000000 0.0715000000 0.0]
- [-0.0022458693 0.0714647191 0.0]
- [-0.0044895221 0.0713589111 0.0]
- [-0.0067287444 0.0711826805 0.0]
- [-0.0089613262 0.0709362011 0.0]
- [-0.0111850643 0.0706197164 0.0]
- [-0.0133977640 0.0702335384 0.0]
- [-0.0155972418 0.0697780485 0.0]
- [-0.0177813269 0.0692536960 0.0]
- [-0.0199478641 0.0686609985 0.0]
- [-0.0220947151 0.0680005409 0.0]
- [-0.0242197613 0.0672729750 0.0]
- [-0.0263209055 0.0664790187 0.0]
- [-0.0283960742 0.0656194557 0.0]
- [-0.0304432193 0.0646951343 0.0]
- [-0.0324603207 0.0637069665 0.0]
- [-0.0344453877 0.0626559276 0.0]
- [-0.0363964612 0.0615430549 0.0]
- [-0.0383116158 0.0603694467 0.0]
- [-0.0401889615 0.0591362611 0.0]
- [-0.0420266455 0.0578447151 0.0]
- [-0.0438228543 0.0564960834 0.0]
- [-0.0455758153 0.0550916969 0.0]
- [-0.0472837984 0.0536329415 0.0]
- [-0.0489451181 0.0521212569 0.0]
- [-0.0505581349 0.0505581349 0.0]
- [-0.0521212569 0.0489451181 0.0]
- [-0.0536329415 0.0472837984 0.0]
- [-0.0550916969 0.0455758153 0.0]
- [-0.0564960834 0.0438228543 0.0]
- [-0.0578447151 0.0420266455 0.0]
- [-0.0591362611 0.0401889615 0.0]
- [-0.0603694467 0.0383116158 0.0]
- [-0.0615430549 0.0363964612 0.0]
- [-0.0626559276 0.0344453877 0.0]
- [-0.0637069665 0.0324603207 0.0]
- [-0.0646951343 0.0304432193 0.0]
- [-0.0656194557 0.0283960742 0.0]
- [-0.0664790187 0.0263209055 0.0]
- [-0.0672729750 0.0242197613 0.0]
- [-0.0680005409 0.0220947151 0.0]
- [-0.0686609985 0.0199478641 0.0]
- [-0.0692536960 0.0177813269 0.0]
- [-0.0697780485 0.0155972418 0.0]
- [-0.0702335384 0.0133977640 0.0]
- [-0.0706197164 0.0111850643 0.0]
- [-0.0709362011 0.0089613262 0.0]
- [-0.0711826805 0.0067287444 0.0]
- [-0.0713589111 0.0044895221 0.0]
- [-0.0714647191 0.0022458693 0.0]
- [-0.0715000000 0.0000000000 0.0]
- [-0.0714647191 -0.0022458693 0.0]
- [-0.0713589111 -0.0044895221 0.0]
- [-0.0711826805 -0.0067287444 0.0]
- [-0.0709362011 -0.0089613262 0.0]
- [-0.0706197164 -0.0111850643 0.0]
- [-0.0702335384 -0.0133977640 0.0]
- [-0.0697780485 -0.0155972418 0.0]
- [-0.0692536960 -0.0177813269 0.0]
- [-0.0686609985 -0.0199478641 0.0]
- [-0.0680005409 -0.0220947151 0.0]
- [-0.0672729750 -0.0242197613 0.0]
- [-0.0664790187 -0.0263209055 0.0]
- [-0.0656194557 -0.0283960742 0.0]
- [-0.0646951343 -0.0304432193 0.0]
- [-0.0637069665 -0.0324603207 0.0]
- [-0.0626559276 -0.0344453877 0.0]
- [-0.0615430549 -0.0363964612 0.0]
- [-0.0603694467 -0.0383116158 0.0]
- [-0.0591362611 -0.0401889615 0.0]
- [-0.0578447151 -0.0420266455 0.0]
- [-0.0564960834 -0.0438228543 0.0]
- [-0.0550916969 -0.0455758153 0.0]
- [-0.0536329415 -0.0472837984 0.0]
- [-0.0521212569 -0.0489451181 0.0]
- [-0.0505581349 -0.0505581349 0.0]
- [-0.0489451181 -0.0521212569 0.0]
- [-0.0472837984 -0.0536329415 0.0]
- [-0.0455758153 -0.0550916969 0.0]
- [-0.0438228543 -0.0564960834 0.0]
- [-0.0420266455 -0.0578447151 0.0]
- [-0.0401889615 -0.0591362611 0.0]
- [-0.0383116158 -0.0603694467 0.0]
- [-0.0363964612 -0.0615430549 0.0]
- [-0.0344453877 -0.0626559276 0.0]
- [-0.0324603207 -0.0637069665 0.0]
- [-0.0304432193 -0.0646951343 0.0]
- [-0.0283960742 -0.0656194557 0.0]
- [-0.0263209055 -0.0664790187 0.0]
- [-0.0242197613 -0.0672729750 0.0]
- [-0.0220947151 -0.0680005409 0.0]
- [-0.0199478641 -0.0686609985 0.0]
- [-0.0177813269 -0.0692536960 0.0]
- [-0.0155972418 -0.0697780485 0.0]
- [-0.0133977640 -0.0702335384 0.0]
- [-0.0111850643 -0.0706197164 0.0]
- [-0.0089613262 -0.0709362011 0.0]
- [-0.0067287444 -0.0711826805 0.0]
- [-0.0044895221 -0.0713589111 0.0]
- [-0.0022458693 -0.0714647191 0.0]
- [-0.0000000000 -0.0715000000 0.0]
- [0.0022458693 -0.0714647191 0.0]
- [0.0044895221 -0.0713589111 0.0]
- [0.0067287444 -0.0711826805 0.0]
- [0.0089613262 -0.0709362011 0.0]
- [0.0111850643 -0.0706197164 0.0]
- [0.0133977640 -0.0702335384 0.0]
- [0.0155972418 -0.0697780485 0.0]
- [0.0177813269 -0.0692536960 0.0]
- [0.0199478641 -0.0686609985 0.0]
- [0.0220947151 -0.0680005409 0.0]
- [0.0242197613 -0.0672729750 0.0]
- [0.0263209055 -0.0664790187 0.0]
- [0.0283960742 -0.0656194557 0.0]
- [0.0304432193 -0.0646951343 0.0]
- [0.0324603207 -0.0637069665 0.0]
- [0.0344453877 -0.0626559276 0.0]
- [0.0363964612 -0.0615430549 0.0]
- [0.0383116158 -0.0603694467 0.0]
- [0.0401889615 -0.0591362611 0.0]
- [0.0420266455 -0.0578447151 0.0]
- [0.0438228543 -0.0564960834 0.0]
- [0.0455758153 -0.0550916969 0.0]
- [0.0472837984 -0.0536329415 0.0]
- [0.0489451181 -0.0521212569 0.0]
- [0.0505581349 -0.0505581349 0.0]
- [0.0521212569 -0.0489451181 0.0]
- [0.0536329415 -0.0472837984 0.0]
- [0.0550916969 -0.0455758153 0.0]
- [0.0564960834 -0.0438228543 0.0]
- [0.0578447151 -0.0420266455 0.0]
- [0.0591362611 -0.0401889615 0.0]
- [0.0603694467 -0.0383116158 0.0]
- [0.0615430549 -0.0363964612 0.0]
- [0.0626559276 -0.0344453877 0.0]
- [0.0637069665 -0.0324603207 0.0]
- [0.0646951343 -0.0304432193 0.0]
- [0.0656194557 -0.0283960742 0.0]
- [0.0664790187 -0.0263209055 0.0]
- [0.0672729750 -0.0242197613 0.0]
- [0.0680005409 -0.0220947151 0.0]
- [0.0686609985 -0.0199478641 0.0]
- [0.0692536960 -0.0177813269 0.0]
- [0.0697780485 -0.0155972418 0.0]
- [0.0702335384 -0.0133977640 0.0]
- [0.0706197164 -0.0111850643 0.0]
- [0.0709362011 -0.0089613262 0.0]
- [0.0711826805 -0.0067287444 0.0]
- [0.0713589111 -0.0044895221 0.0]
- [0.0714647191 -0.0022458693 0.0]
elements:
- [1 2]
- [2 3]
- [3 4]
- [4 5]
- [5 6]
- [6 7]
- [7 8]
- [8 9]
- [9 10]
- [10 11]
- [11 12]
- [12 13]
- [13 14]
- [14 15]
- [15 16]
- [16 17]
- [17 18]
- [18 19]
- [19 20]
- [20 21]
- [21 22]
- [22 23]
- [23 24]
- [24 25]
- [25 26]
- [26 27]
- [27 28]
- [28 29]
- [29 30]
- [30 31]
- [31 32]
- [32 33]
- [33 34]
- [34 35]
- [35 36]
- [36 37]
- [37 38]
- [38 39]
- [39 40]
- [40 41]
- [41 42]
- [42 43]
- [43 44]
- [44 45]
- [45 46]
- [46 47]
- [47 48]
- [48 49]
- [49 50]
- [50 51]
- [51 52]
- [52 53]
- [53 54]
- [54 55]
- [55 56]
- [56 57]
- [57 58]
- [58 59]
- [59 60]
- [60 61]
- [61 62]
- [62 63]
- [63 64]
- [64 65]
- [65 66]
- [66 67]
- [67 68]
- [68 69]
- [69 70]
- [70 71]
- [71 72]
- [72 73]
- [73 74]
- [74 75]
- [75 76]
- [76 77]
- [77 78]
- [78 79]
- [79 80]
- [80 81]
- [81 82]
- [82 83]
- [83 84]
- [84 85]
- [85 86]
- [86 87]
- [87 88]
- [88 89]
- [89 90]
- [90 91]
- [91 92]
- [92 93]
- [93 94]
- [94 95]
- [95 96]
- [96 97]
- [97 98]
- [98 99]
- [99 100]
- [100 101]
- [101 102]
- [102 103]
- [103 104]
- [104 105]
- [105 106]
- [106 107]
- [107 108]
- [108 109]
- [109 110]
- [110 111]
- [111 112]
- [112 113]
- [113 114]
- [114 115]
- [115 116]
- [116 117]
- [117 118]
- [118 119]
- [119 120]
- [120 121]
- [121 122]
- [122 123]
- [123 124]
- [124 125]
- [125 126]
- [126 127]
- [127 128]
- [128 129]
- [129 130]
- [130 131]
- [131 132]
- [132 133]
- [133 134]
- [134 135]
- [135 136]
- [136 137]
- [137 138]
- [138 139]
- [139 140]
- [140 141]
- [141 142]
- [142 143]
- [143 144]
- [144 145]
- [145 146]
- [146 147]
- [147 148]
- [148 149]
- [149 150]
- [150 151]
- [151 152]
- [152 153]
- [153 154]
- [154 155]
- [155 156]
- [156 157]
- [157 158]
- [158 159]
- [159 160]
- [160 161]
- [161 162]
- [162 163]
- [163 164]
- [164 165]
- [165 166]
- [166 167]
- [167 168]
- [168 169]
- [169 170]
- [170 171]
- [171 172]
- [172 173]
- [173 174]
- [174 175]
- [175 176]
- [176 177]
- [177 178]
- [178 179]
- [179 180]
- [180 181]
- [181 182]
- [182 183]
- [183 184]
- [184 185]
- [185 186]
- [186 187]
- [187 188]
- [188 189]
- [189 190]
- [190 191]
- [191 192]
- [192 193]
- [193 194]
- [194 195]
- [195 196]
- [196 197]
- [197 198]
- [198 199]
- [199 200]
- [200 1]
sets:
  element:
  - name: tube
    labels:
    - 1
    - 2
    - 3
    - 4
    - 5
    - 6
    - 7
    - 8
    - 9
    - 10
    - 11
    - 12
    - 13
    - 14
    - 15
    - 16
    - 17
    - 18
    - 19
    - 20
    - 21
    - 22
    - 23
    - 24
    - 25
    - 26
    - 27
    - 28
    - 29
    - 30
    - 31
    - 32
    - 33
    - 34
    - 35
    - 36
    - 37
    - 38
    - 39
    - 40
    - 41
    - 42
    - 43
    - 44
    - 45
    - 46
    - 47
    - 48
    - 49
    - 50
    - 51
    - 52
    - 53
    - 54
    - 55
    - 56
    - 57
    - 58
    - 59
    - 60
    - 61
    - 62
    - 63
    - 64
    - 65
    - 66
    - 67
    - 68
    - 69
    - 70
    - 71
    - 72
    - 73
    - 74
    - 75
    - 76
    - 77
    - 78
    - 79
    - 80
    - 81
    - 82
    - 83
    - 84
    - 85
    - 86
    - 87
    - 88
    - 89
    - 90
    - 91
    - 92
    - 93
    - 94
    - 95
    - 96
    - 97
    - 98
    - 99
    - 100
    - 101
    - 102
    - 103
    - 104
    - 105
    - 106
    - 107
    - 108
    - 109
    - 110
    - 111
    - 112
    - 113
    - 114
    - 115
    - 116
    - 117
    - 118
    - 119
    - 120
    - 121
    - 122
    - 123
    - 124
    - 125
    - 126
    - 127
    - 128
    - 129
    - 130
    - 131
    - 132
    - 133
    - 134
    - 135
    - 136
    - 137
    - 138
    - 139
    - 140
    - 141
    - 142
    - 143
    - 144
    - 145
    - 146
    - 147
    - 148
    - 149
    - 150
    - 151
    - 152
    - 153
    - 154
    - 155
    - 156
    - 157
    - 158
    - 159
    - 160
    - 161
    - 162
    - 163
    - 164
    - 165
    - 166
    - 167
    - 168
    - 169
    - 170
    - 171
    - 172
    - 173
    - 174
    - 175
    - 176
    - 177
    - 178
    - 179
    - 180
    - 181
    - 182
    - 183
    - 184
    - 185
    - 186
    - 187
    - 188
    - 189
    - 190
    - 191
    - 192
    - 193
    - 194
    - 195
    - 196
    - 197
    - 198
    - 199
    - 200
sections:
- type: shell
  elementSet: tube
  layup:
  - - mat
    - 0.008682
    - -45.0
materials:
- name: mat
  density: 1860.0
  elastic:
    E:
    - 37000000000.0
    - 9000000000.0
    - 9000000000.0
    G:
    - 4000000000.0
    - 4000000000.0
    - 4000000000.0
    nu:
    - 0.28
    - 0.28
    - 0.28
elementOrientations:
- [0.0, 0.0, 1.0, -0.015707317311819163, 0.9998766324816607, 0.0, -0.9998766324816607,
  -0.015707317311820675, 0.0]
- [0.0, 0.0, 1.0, -0.04710645070964595, 0.9988898749619697, 0.0, -0.9988898749619699,
  -0.04710645070964266, 0.0]
- [0.0, 0.0, 1.0, -0.07845909572784408, 0.9969173337331282, 0.0, -0.996917333733128,
  -0.07845909572784494, 0.0]
- [0.0, 0.0, 1.0, -0.10973431109104331, 0.9939609554551799, 0.0, -0.9939609554551797,
  -0.10973431109104528, 0.0]
- [0.0, 0.0, 1.0, -0.1409012319375812, 0.9900236577165579, 0.0, -0.9900236577165575,
  -0.14090123193758267, 0.0]
- [0.0, 0.0, 1.0, -0.17192910027940936, 0.9851093261547739, 0.0, -0.985109326154774,
  -0.1719291002794095, 0.0]
- [0.0, 0.0, 1.0, -0.20278729535651654, 0.979222810621765, 0.0, -0.9792228106217657,
  -0.2027872953565124, 0.0]
- [0.0, 0.0, 1.0, -0.23344536385590617, 0.9723699203976763, 0.0, -0.9723699203976766,
  -0.23344536385590542, 0.0]
- [0.0, 0.0, 1.0, -0.2638730499653719, 0.9645574184577983, 0.0, -0.964557418457798,
  -0.26387304996537286, 0.0]
- [0.0, 0.0, 1.0, -0.29404032523230195, 0.9557930147983308, 0.0, -0.9557930147983302,
  -0.29404032523230395, 0.0]
- [0.0, 0.0, 1.0, -0.32391741819814834, 0.9460853588275456, 0.0, -0.9460853588275453,
  -0.32391741819814934, 0.0]
- [0.0, 0.0, 1.0, -0.35347484377925703, 0.9354440308298674, 0.0, -0.9354440308298674,
  -0.3534748437792571, 0.0]
- [0.0, 0.0, 1.0, -0.3826834323650888, 0.9238795325112872, 0.0, -0.9238795325112867,
  -0.3826834323650897, 0.0]
- [0.0, 0.0, 1.0, -0.4115143586051096, 0.9114032766354448, 0.0, -0.9114032766354452,
  -0.4115143586051087, 0.0]
- [0.0, 0.0, 1.0, -0.4399391698559154, 0.8980275757606155, 0.0, -0.8980275757606158,
  -0.43993916985591514, 0.0]
- [0.0, 0.0, 1.0, -0.4679298142605759, 0.8837656300886922, 0.0, -0.8837656300886934,
  -0.4679298142605734, 0.0]
- [0.0, 0.0, 1.0, -0.4954586684324062, 0.868631514438192, 0.0, -0.8686315144381913,
  -0.4954586684324076, 0.0]
- [0.0, 0.0, 1.0, -0.5224985647159499, 0.8526401643540917, 0.0, -0.8526401643540923,
  -0.5224985647159489, 0.0]
- [0.0, 0.0, 1.0, -0.5490228179981304, 0.8358073613682713, 0.0, -0.8358073613682702,
  -0.5490228179981317, 0.0]
- [0.0, 0.0, 1.0, -0.5750052520432786, 0.8181497174250234, 0.0, -0.8181497174250234,
  -0.5750052520432785, 0.0]
- [0.0, 0.0, 1.0, -0.600420225325884, 0.7996846584870907, 0.0, -0.7996846584870906,
  -0.6004202253258841, 0.0]
- [0.0, 0.0, 1.0, -0.6252426563357057, 0.7804304073383292, 0.0, -0.7804304073383297,
  -0.6252426563357051, 0.0]
- [0.0, 0.0, 1.0, -0.6494480483301839, 0.7604059656000306, 0.0, -0.7604059656000309,
  -0.6494480483301835, 0.0]
- [0.0, 0.0, 1.0, -0.6730125135097738, 0.7396310949786093, 0.0, -0.7396310949786097,
  -0.6730125135097734, 0.0]
- [0.0, 0.0, 1.0, -0.6959127965923113, 0.7181262977631917, 0.0, -0.7181262977631888,
  -0.6959127965923142, 0.0]
- [0.0, 0.0, 1.0, -0.7181262977631917, 0.6959127965923113, 0.0, -0.6959127965923142,
  -0.7181262977631888, 0.0]
- [0.0, 0.0, 1.0, -0.7396310949786093, 0.6730125135097735, 0.0, -0.6730125135097734,
  -0.7396310949786097, 0.0]
- [0.0, 0.0, 1.0, -0.7604059656000292, 0.6494480483301857, 0.0, -0.6494480483301837,
  -0.7604059656000308, 0.0]
- [0.0, 0.0, 1.0, -0.7804304073383305, 0.6252426563357043, 0.0, -0.6252426563357051,
  -0.7804304073383297, 0.0]
- [0.0, 0.0, 1.0, -0.799684658487091, 0.6004202253258835, 0.0, -0.6004202253258841,
  -0.7996846584870905, 0.0]
- [0.0, 0.0, 1.0, -0.818149717425022, 0.5750052520432807, 0.0, -0.5750052520432786,
  -0.8181497174250233, 0.0]
- [0.0, 0.0, 1.0, -0.8358073613682732, 0.5490228179981275, 0.0, -0.5490228179981317,
  -0.8358073613682702, 0.0]
- [0.0, 0.0, 1.0, -0.8526401643540917, 0.5224985647159499, 0.0, -0.5224985647159489,
  -0.8526401643540923, 0.0]
- [0.0, 0.0, 1.0, -0.8686315144381901, 0.49545866843240954, 0.0, -0.49545866843240743,
  -0.8686315144381914, 0.0]
- [0.0, 0.0, 1.0, -0.8837656300886959, 0.4679298142605688, 0.0, -0.4679298142605733,
  -0.8837656300886935, 0.0]
- [0.0, 0.0, 1.0, -0.8980275757606131, 0.43993916985592035, 0.0, -0.4399391698559152,
  -0.8980275757606158, 0.0]
- [0.0, 0.0, 1.0, -0.9114032766354455, 0.4115143586051085, 0.0, -0.41151435860510865,
  -0.9114032766354452, 0.0]
- [0.0, 0.0, 1.0, -0.923879532511288, 0.3826834323650868, 0.0, -0.3826834323650897,
  -0.9238795325112867, 0.0]
- [0.0, 0.0, 1.0, -0.9354440308298658, 0.35347484377926147, 0.0, -0.35347484377925725,
  -0.9354440308298674, 0.0]
- [0.0, 0.0, 1.0, -0.946085358827546, 0.3239174181981479, 0.0, -0.32391741819814945,
  -0.9460853588275453, 0.0]
- [0.0, 0.0, 1.0, -0.9557930147983303, 0.2940403252323033, 0.0, -0.29404032523230406,
  -0.95579301479833, 0.0]
- [0.0, 0.0, 1.0, -0.964557418457799, 0.26387304996537, 0.0, -0.2638730499653729,
  -0.964557418457798, 0.0]
- [0.0, 0.0, 1.0, -0.972369920397676, 0.23344536385590775, 0.0, -0.23344536385590547,
  -0.9723699203976766, 0.0]
- [0.0, 0.0, 1.0, -0.9792228106217663, 0.20278729535651033, 0.0, -0.2027872953565126,
  -0.9792228106217657, 0.0]
- [0.0, 0.0, 1.0, -0.985109326154773, 0.1719291002794151, 0.0, -0.17192910027940964,
  -0.985109326154774, 0.0]
- [0.0, 0.0, 1.0, -0.9900236577165585, 0.14090123193757575, 0.0, -0.1409012319375828,
  -0.9900236577165575, 0.0]
- [0.0, 0.0, 1.0, -0.9939609554551794, 0.10973431109104859, 0.0, -0.10973431109104535,
  -0.9939609554551796, 0.0]
- [0.0, 0.0, 1.0, -0.996917333733128, 0.0784590957278445, 0.0, -0.078459095727845,
  -0.996917333733128, 0.0]
- [0.0, 0.0, 1.0, -0.9988898749619699, 0.04710645070964589, 0.0, -0.04710645070964279,
  -0.9988898749619699, 0.0]
- [0.0, 0.0, 1.0, -0.9998766324816607, 0.01570731731181914, 0.0, -0.015707317311820755,
  -0.9998766324816605, 0.0]
- [0.0, 0.0, 1.0, -0.9998766324816607, -0.01570731731181914, 0.0, 0.01570731731182064,
  -0.9998766324816607, 0.0]
- [0.0, 0.0, 1.0, -0.9988898749619699, -0.0471064507096459, 0.0, 0.04710645070964267,
  -0.9988898749619699, 0.0]
- [0.0, 0.0, 1.0, -0.9969173337331282, -0.07845909572784397, 0.0, 0.078459095727845,
  -0.996917333733128, 0.0]
- [0.0, 0.0, 1.0, -0.9939609554551797, -0.10973431109104388, 0.0, 0.10973431109104526,
  -0.9939609554551797, 0.0]
- [0.0, 0.0, 1.0, -0.9900236577165579, -0.14090123193758097, 0.0, 0.14090123193758256,
  -0.9900236577165575, 0.0]
- [0.0, 0.0, 1.0, -0.9851093261547741, -0.17192910027940914, 0.0, 0.1719291002794095,
  -0.985109326154774, 0.0]
- [0.0, 0.0, 1.0, -0.9792228106217646, -0.20278729535651777, 0.0, 0.20278729535651233,
  -0.9792228106217657, 0.0]
- [0.0, 0.0, 1.0, -0.9723699203976768, -0.23344536385590442, 0.0, 0.23344536385590536,
  -0.9723699203976766, 0.0]
- [0.0, 0.0, 1.0, -0.964557418457798, -0.2638730499653731, 0.0, 0.2638730499653728,
  -0.964557418457798, 0.0]
- [0.0, 0.0, 1.0, -0.9557930147983303, -0.2940403252323037, 0.0, 0.2940403252323038,
  -0.9557930147983302, 0.0]
- [0.0, 0.0, 1.0, -0.9460853588275465, -0.32391741819814546, 0.0, 0.32391741819814923,
  -0.9460853588275453, 0.0]
- [0.0, 0.0, 1.0, -0.9354440308298667, -0.3534748437792586, 0.0, 0.35347484377925703,
  -0.9354440308298674, 0.0]
- [0.0, 0.0, 1.0, -0.9238795325112881, -0.38268343236508656, 0.0, 0.38268343236508967,
  -0.9238795325112867, 0.0]
- [0.0, 0.0, 1.0, -0.9114032766354427, -0.4115143586051141, 0.0, 0.4115143586051088,
  -0.9114032766354452, 0.0]
- [0.0, 0.0, 1.0, -0.8980275757606173, -0.4399391698559116, 0.0, 0.43993916985591525,
  -0.8980275757606155, 0.0]
- [0.0, 0.0, 1.0, -0.8837656300886927, -0.4679298142605745, 0.0, 0.4679298142605734,
  -0.8837656300886934, 0.0]
- [0.0, 0.0, 1.0, -0.8686315144381913, -0.49545866843240755, 0.0, 0.4954586684324076,
  -0.8686315144381913, 0.0]
- [0.0, 0.0, 1.0, -0.852640164354092, -0.5224985647159495, 0.0, 0.522498564715949,
  -0.8526401643540922, 0.0]
- [0.0, 0.0, 1.0, -0.8358073613682688, -0.5490228179981339, 0.0, 0.5490228179981319,
  -0.8358073613682702, 0.0]
- [0.0, 0.0, 1.0, -0.8181497174250242, -0.5750052520432773, 0.0, 0.5750052520432786,
  -0.8181497174250234, 0.0]
- [0.0, 0.0, 1.0, -0.7996846584870914, -0.6004202253258829, 0.0, 0.6004202253258841,
  -0.7996846584870906, 0.0]
- [0.0, 0.0, 1.0, -0.7804304073383307, -0.6252426563357039, 0.0, 0.6252426563357052,
  -0.7804304073383298, 0.0]
- [0.0, 0.0, 1.0, -0.7604059656000282, -0.649448048330187, 0.0, 0.6494480483301835,
  -0.7604059656000309, 0.0]
- [0.0, 0.0, 1.0, -0.7396310949786107, -0.6730125135097724, 0.0, 0.6730125135097734,
  -0.7396310949786097, 0.0]
- [0.0, 0.0, 1.0, -0.7181262977631904, -0.695912796592313, 0.0, 0.6959127965923143,
  -0.7181262977631888, 0.0]
- [0.0, 0.0, 1.0, -0.695912796592313, -0.7181262977631904, 0.0, 0.7181262977631887,
  -0.6959127965923144, 0.0]
- [0.0, 0.0, 1.0, -0.6730125135097724, -0.7396310949786107, 0.0, 0.7396310949786096,
  -0.6730125135097734, 0.0]
- [0.0, 0.0, 1.0, -0.6494480483301851, -0.7604059656000296, 0.0, 0.7604059656000309,
  -0.6494480483301838, 0.0]
- [0.0, 0.0, 1.0, -0.6252426563357051, -0.7804304073383299, 0.0, 0.7804304073383297,
  -0.6252426563357052, 0.0]
- [0.0, 0.0, 1.0, -0.600420225325885, -0.7996846584870899, 0.0, 0.7996846584870906,
  -0.6004202253258841, 0.0]
- [0.0, 0.0, 1.0, -0.5750052520432759, -0.8181497174250252, 0.0, 0.8181497174250234,
  -0.5750052520432787, 0.0]
- [0.0, 0.0, 1.0, -0.5490228179981339, -0.8358073613682688, 0.0, 0.83580736136827,
  -0.5490228179981321, 0.0]
- [0.0, 0.0, 1.0, -0.5224985647159498, -0.8526401643540916, 0.0, 0.8526401643540922,
  -0.522498564715949, 0.0]
- [0.0, 0.0, 1.0, -0.49545866843240527, -0.8686315144381926, 0.0, 0.8686315144381913,
  -0.49545866843240743, 0.0]
- [0.0, 0.0, 1.0, -0.4679298142605736, -0.8837656300886934, 0.0, 0.8837656300886934,
  -0.4679298142605734, 0.0]
- [0.0, 0.0, 1.0, -0.4399391698559172, -0.8980275757606145, 0.0, 0.8980275757606155,
  -0.4399391698559153, 0.0]
- [0.0, 0.0, 1.0, -0.4115143586051067, -0.9114032766354461, 0.0, 0.9114032766354452,
  -0.4115143586051092, 0.0]
- [0.0, 0.0, 1.0, -0.3826834323650919, -0.9238795325112859, 0.0, 0.9238795325112865,
  -0.3826834323650901, 0.0]
- [0.0, 0.0, 1.0, -0.35347484377925936, -0.9354440308298664, 0.0, 0.9354440308298674,
  -0.3534748437792572, 0.0]
- [0.0, 0.0, 1.0, -0.3239174181981498, -0.9460853588275452, 0.0, 0.9460853588275453,
  -0.32391741819814934, 0.0]
- [0.0, 0.0, 1.0, -0.2940403252323037, -0.9557930147983303, 0.0, 0.95579301479833,
  -0.2940403252323041, 0.0]
- [0.0, 0.0, 1.0, -0.2638730499653731, -0.964557418457798, 0.0, 0.964557418457798,
  -0.2638730499653732, 0.0]
- [0.0, 0.0, 1.0, -0.2334453638559046, -0.9723699203976768, 0.0, 0.9723699203976766,
  -0.23344536385590575, 0.0]
- [0.0, 0.0, 1.0, -0.202787295356515, -0.9792228106217651, 0.0, 0.9792228106217657,
  -0.20278729535651252, 0.0]
- [0.0, 0.0, 1.0, -0.17192910027940417, -0.985109326154775, 0.0, 0.985109326154774,
  -0.17192910027940958, 0.0]
- [0.0, 0.0, 1.0, -0.14090123193758194, -0.9900236577165578, 0.0, 0.9900236577165575,
  -0.1409012319375829, 0.0]
- [0.0, 0.0, 1.0, -0.10973431109104859, -0.9939609554551794, 0.0, 0.9939609554551796,
  -0.10973431109104542, 0.0]
- [0.0, 0.0, 1.0, -0.07845909572784449, -0.9969173337331282, 0.0, 0.996917333733128,
  -0.07845909572784507, 0.0]
- [0.0, 0.0, 1.0, -0.047106450709645566, -0.9988898749619699, 0.0, 0.9988898749619699,
  -0.04710645070964274, 0.0]
- [0.0, 0.0, 1.0, -0.015707317311819246, -0.9998766324816605, 0.0, 0.9998766324816607,
  -0.01570731731182071, 0.0]
- [0.0, 0.0, 1.0, 0.015707317311819246, -0.9998766324816605, 0.0, 0.9998766324816607,
  0.015707317311820467, 0.0]
- [0.0, 0.0, 1.0, 0.047106450709645545, -0.9988898749619699, 0.0, 0.9988898749619699,
  0.047106450709642506, 0.0]
- [0.0, 0.0, 1.0, 0.07845909572784454, -0.9969173337331282, 0.0, 0.996917333733128,
  0.07845909572784482, 0.0]
- [0.0, 0.0, 1.0, 0.10973431109104251, -0.99396095545518, 0.0, 0.9939609554551797,
  0.10973431109104519, 0.0]
- [0.0, 0.0, 1.0, 0.1409012319375818, -0.9900236577165575, 0.0, 0.9900236577165575,
  0.1409012319375826, 0.0]
- [0.0, 0.0, 1.0, 0.17192910027941377, -0.9851093261547731, 0.0, 0.985109326154774,
  0.17192910027940958, 0.0]
- [0.0, 0.0, 1.0, 0.20278729535651185, -0.979222810621766, 0.0, 0.9792228106217657,
  0.20278729535651255, 0.0]
- [0.0, 0.0, 1.0, 0.23344536385590156, -0.9723699203976776, 0.0, 0.9723699203976766,
  0.2334453638559053, 0.0]
- [0.0, 0.0, 1.0, 0.2638730499653735, -0.9645574184577979, 0.0, 0.9645574184577982,
  0.26387304996537264, 0.0]
- [0.0, 0.0, 1.0, 0.29404032523230494, -0.9557930147983297, 0.0, 0.9557930147983302,
  0.2940403252323038, 0.0]
- [0.0, 0.0, 1.0, 0.32391741819814646, -0.9460853588275464, 0.0, 0.9460853588275453,
  0.32391741819814934, 0.0]
- [0.0, 0.0, 1.0, 0.3534748437792581, -0.935444030829867, 0.0, 0.9354440308298674,
  0.35347484377925714, 0.0]
- [0.0, 0.0, 1.0, 0.38268343236509156, -0.9238795325112861, 0.0, 0.9238795325112867,
  0.3826834323650896, 0.0]
- [0.0, 0.0, 1.0, 0.4115143586051113, -0.9114032766354441, 0.0, 0.9114032766354454,
  0.41151435860510854, 0.0]
- [0.0, 0.0, 1.0, 0.4399391698559118, -0.8980275757606172, 0.0, 0.8980275757606158,
  0.4399391698559152, 0.0]
- [0.0, 0.0, 1.0, 0.4679298142605736, -0.8837656300886934, 0.0, 0.8837656300886934,
  0.46792981426057356, 0.0]
- [0.0, 0.0, 1.0, 0.49545866843240893, -0.8686315144381905, 0.0, 0.8686315144381913,
  0.4954586684324076, 0.0]
- [0.0, 0.0, 1.0, 0.5224985647159468, -0.8526401643540935, 0.0, 0.8526401643540924,
  0.5224985647159488, 0.0]
- [0.0, 0.0, 1.0, 0.5490228179981317, -0.8358073613682703, 0.0, 0.8358073613682704,
  0.5490228179981314, 0.0]
- [0.0, 0.0, 1.0, 0.5750052520432795, -0.8181497174250227, 0.0, 0.8181497174250237,
  0.5750052520432782, 0.0]
- [0.0, 0.0, 1.0, 0.6004202253258829, -0.7996846584870914, 0.0, 0.7996846584870906,
  0.6004202253258838, 0.0]
- [0.0, 0.0, 1.0, 0.6252426563357054, -0.7804304073383296, 0.0, 0.7804304073383298,
  0.6252426563357052, 0.0]
- [0.0, 0.0, 1.0, 0.6494480483301837, -0.7604059656000309, 0.0, 0.760405965600031,
  0.6494480483301835, 0.0]
- [0.0, 0.0, 1.0, 0.6730125135097718, -0.7396310949786111, 0.0, 0.7396310949786099,
  0.6730125135097731, 0.0]
- [0.0, 0.0, 1.0, 0.695912796592316, -0.7181262977631871, 0.0, 0.7181262977631891,
  0.695912796592314, 0.0]
- [0.0, 0.0, 1.0, 0.7181262977631885, -0.6959127965923146, 0.0, 0.6959127965923145,
  0.7181262977631886, 0.0]
- [0.0, 0.0, 1.0, 0.7396310949786093, -0.6730125135097735, 0.0, 0.6730125135097734,
  0.7396310949786097, 0.0]
- [0.0, 0.0, 1.0, 0.7604059656000303, -0.6494480483301843, 0.0, 0.6494480483301835,
  0.7604059656000309, 0.0]
- [0.0, 0.0, 1.0, 0.7804304073383296, -0.6252426563357054, 0.0, 0.625242656335705,
  0.7804304073383297, 0.0]
- [0.0, 0.0, 1.0, 0.799684658487091, -0.6004202253258835, 0.0, 0.6004202253258841,
  0.7996846584870905, 0.0]
- [0.0, 0.0, 1.0, 0.8181497174250242, -0.5750052520432773, 0.0, 0.5750052520432787,
  0.8181497174250232, 0.0]
- [0.0, 0.0, 1.0, 0.8358073613682684, -0.5490228179981348, 0.0, 0.5490228179981317,
  0.8358073613682702, 0.0]
- [0.0, 0.0, 1.0, 0.8526401643540935, -0.5224985647159468, 0.0, 0.5224985647159486,
  0.8526401643540923, 0.0]
- [0.0, 0.0, 1.0, 0.8686315144381919, -0.4954586684324066, 0.0, 0.4954586684324075,
  0.8686315144381913, 0.0]
- [0.0, 0.0, 1.0, 0.8837656300886934, -0.4679298142605736, 0.0, 0.4679298142605734,
  0.8837656300886934, 0.0]
- [0.0, 0.0, 1.0, 0.8980275757606148, -0.4399391698559168, 0.0, 0.439939169855915,
  0.8980275757606158, 0.0]
- [0.0, 0.0, 1.0, 0.9114032766354464, -0.41151435860510616, 0.0, 0.41151435860510843,
  0.9114032766354454, 0.0]
- [0.0, 0.0, 1.0, 0.9238795325112861, -0.38268343236509156, 0.0, 0.38268343236508956,
  0.923879532511287, 0.0]
- [0.0, 0.0, 1.0, 0.935444030829867, -0.3534748437792581, 0.0, 0.35347484377925703,
  0.9354440308298674, 0.0]
- [0.0, 0.0, 1.0, 0.9460853588275452, -0.3239174181981498, 0.0, 0.32391741819814945,
  0.9460853588275453, 0.0]
- [0.0, 0.0, 1.0, 0.9557930147983303, -0.2940403252323037, 0.0, 0.29404032523230417,
  0.95579301479833, 0.0]
- [0.0, 0.0, 1.0, 0.9645574184577983, -0.2638730499653722, 0.0, 0.26387304996537286,
  0.964557418457798, 0.0]
- [0.0, 0.0, 1.0, 0.9723699203976776, -0.23344536385590156, 0.0, 0.23344536385590517,
  0.9723699203976766, 0.0]
- [0.0, 0.0, 1.0, 0.9792228106217646, -0.20278729535651777, 0.0, 0.20278729535651238,
  0.9792228106217657, 0.0]
- [0.0, 0.0, 1.0, 0.985109326154775, -0.17192910027940417, 0.0, 0.17192910027940964,
  0.985109326154774, 0.0]
- [0.0, 0.0, 1.0, 0.9900236577165578, -0.14090123193758194, 0.0, 0.14090123193758292,
  0.9900236577165575, 0.0]
- [0.0, 0.0, 1.0, 0.9939609554551795, -0.10973431109104706, 0.0, 0.10973431109104528,
  0.9939609554551797, 0.0]
- [0.0, 0.0, 1.0, 0.996917333733128, -0.0784590957278445, 0.0, 0.0784590957278447,
  0.996917333733128, 0.0]
- [0.0, 0.0, 1.0, 0.9988898749619699, -0.04710645070964622, 0.0, 0.04710645070964258,
  0.9988898749619699, 0.0]
- [0.0, 0.0, 1.0, 0.9998766324816605, -0.015707317311819246, 0.0, 0.01570731731182077,
  0.9998766324816605, 0.0]
- [0.0, 0.0, 1.0, 0.9998766324816607, 0.015707317311819253, 0.0, -0.015707317311820405,
  0.9998766324816607, 0.0]
- [0.0, 0.0, 1.0, 0.9988898749619697, 0.04710645070964622, 0.0, -0.047106450709642214,
  0.9988898749619699, 0.0]
- [0.0, 0.0, 1.0, 0.9969173337331282, 0.07845909572784227, 0.0, -0.07845909572784476,
  0.996917333733128, 0.0]
- [0.0, 0.0, 1.0, 0.9939609554551799, 0.10973431109104403, 0.0, -0.10973431109104533,
  0.9939609554551796, 0.0]
- [0.0, 0.0, 1.0, 0.9900236577165578, 0.14090123193758194, 0.0, -0.14090123193758253,
  0.9900236577165575, 0.0]
- [0.0, 0.0, 1.0, 0.9851093261547738, 0.17192910027941016, 0.0, -0.17192910027940925,
  0.985109326154774, 0.0]
- [0.0, 0.0, 1.0, 0.979222810621766, 0.2027872953565117, 0.0, -0.20278729535651205,
  0.979222810621766, 0.0]
- [0.0, 0.0, 1.0, 0.9723699203976762, 0.2334453638559073, 0.0, -0.23344536385590522,
  0.9723699203976766, 0.0]
- [0.0, 0.0, 1.0, 0.9645574184577979, 0.2638730499653735, 0.0, -0.2638730499653729,
  0.964557418457798, 0.0]
- [0.0, 0.0, 1.0, 0.9557930147983303, 0.2940403252323033, 0.0, -0.29404032523230383,
  0.9557930147983302, 0.0]
- [0.0, 0.0, 1.0, 0.9460853588275452, 0.3239174181981498, 0.0, -0.3239174181981491,
  0.9460853588275454, 0.0]
- [0.0, 0.0, 1.0, 0.9354440308298667, 0.3534748437792586, 0.0, -0.35347484377925675,
  0.9354440308298676, 0.0]
- [0.0, 0.0, 1.0, 0.9238795325112885, 0.38268343236508573, 0.0, -0.38268343236508917,
  0.923879532511287, 0.0]
- [0.0, 0.0, 1.0, 0.9114032766354464, 0.41151435860510616, 0.0, -0.41151435860510793,
  0.9114032766354456, 0.0]
- [0.0, 0.0, 1.0, 0.8980275757606145, 0.4399391698559172, 0.0, -0.4399391698559142,
  0.898027575760616, 0.0]
- [0.0, 0.0, 1.0, 0.883765630088694, 0.46792981426057245, 0.0, -0.46792981426057306,
  0.8837656300886935, 0.0]
- [0.0, 0.0, 1.0, 0.8686315144381905, 0.49545866843240893, 0.0, -0.4954586684324079,
  0.8686315144381911, 0.0]
- [0.0, 0.0, 1.0, 0.8526401643540921, 0.522498564715949, 0.0, -0.522498564715949,
  0.8526401643540922, 0.0]
- [0.0, 0.0, 1.0, 0.8358073613682716, 0.5490228179981295, 0.0, -0.5490228179981318,
  0.83580736136827, 0.0]
- [0.0, 0.0, 1.0, 0.8181497174250227, 0.5750052520432795, 0.0, -0.5750052520432783,
  0.8181497174250234, 0.0]
- [0.0, 0.0, 1.0, 0.799684658487091, 0.6004202253258835, 0.0, -0.6004202253258838,
  0.7996846584870908, 0.0]
- [0.0, 0.0, 1.0, 0.7804304073383307, 0.6252426563357039, 0.0, -0.6252426563357049,
  0.7804304073383301, 0.0]
- [0.0, 0.0, 1.0, 0.7604059656000299, 0.6494480483301849, 0.0, -0.6494480483301832,
  0.7604059656000315, 0.0]
- [0.0, 0.0, 1.0, 0.7396310949786093, 0.6730125135097735, 0.0, -0.6730125135097728,
  0.7396310949786102, 0.0]
- [0.0, 0.0, 1.0, 0.7181262977631933, 0.6959127965923098, 0.0, -0.6959127965923135,
  0.7181262977631895, 0.0]
- [0.0, 0.0, 1.0, 0.6959127965923115, 0.7181262977631915, 0.0, -0.7181262977631883,
  0.6959127965923148, 0.0]
- [0.0, 0.0, 1.0, 0.6730125135097761, 0.739631094978607, 0.0, -0.7396310949786097,
  0.6730125135097734, 0.0]
- [0.0, 0.0, 1.0, 0.6494480483301834, 0.7604059656000313, 0.0, -0.7604059656000312,
  0.6494480483301834, 0.0]
- [0.0, 0.0, 1.0, 0.625242656335702, 0.7804304073383322, 0.0, -0.7804304073383297,
  0.6252426563357051, 0.0]
- [0.0, 0.0, 1.0, 0.6004202253258869, 0.7996846584870884, 0.0, -0.7996846584870905,
  0.6004202253258841, 0.0]
- [0.0, 0.0, 1.0, 0.5750052520432759, 0.8181497174250252, 0.0, -0.8181497174250232,
  0.5750052520432788, 0.0]
- [0.0, 0.0, 1.0, 0.5490228179981332, 0.8358073613682695, 0.0, -0.8358073613682699,
  0.5490228179981321, 0.0]
- [0.0, 0.0, 1.0, 0.5224985647159527, 0.85264016435409, 0.0, -0.8526401643540918,
  0.5224985647159494, 0.0]
- [0.0, 0.0, 1.0, 0.49545866843240527, 0.8686315144381926, 0.0, -0.8686315144381908,
  0.49545866843240827, 0.0]
- [0.0, 0.0, 1.0, 0.467929814260573, 0.8837656300886937, 0.0, -0.8837656300886931,
  0.46792981426057384, 0.0]
- [0.0, 0.0, 1.0, 0.4399391698559172, 0.8980275757606145, 0.0, -0.8980275757606155,
  0.4399391698559154, 0.0]
- [0.0, 0.0, 1.0, 0.41151435860510716, 0.911403276635446, 0.0, -0.9114032766354452,
  0.4115143586051087, 0.0]
- [0.0, 0.0, 1.0, 0.38268343236509156, 0.9238795325112861, 0.0, -0.923879532511287,
  0.38268343236508956, 0.0]
- [0.0, 0.0, 1.0, 0.3534748437792581, 0.935444030829867, 0.0, -0.9354440308298674,
  0.3534748437792571, 0.0]
- [0.0, 0.0, 1.0, 0.32391741819815073, 0.9460853588275449, 0.0, -0.9460853588275453,
  0.32391741819814956, 0.0]
- [0.0, 0.0, 1.0, 0.2940403252323028, 0.9557930147983305, 0.0, -0.95579301479833,
  0.2940403252323043, 0.0]
- [0.0, 0.0, 1.0, 0.2638730499653735, 0.9645574184577979, 0.0, -0.964557418457798,
  0.26387304996537336, 0.0]
- [0.0, 0.0, 1.0, 0.23344536385590176, 0.9723699203976776, 0.0, -0.9723699203976764,
  0.23344536385590606, 0.0]
- [0.0, 0.0, 1.0, 0.20278729535651802, 0.9792228106217646, 0.0, -0.9792228106217657,
  0.2027872953565129, 0.0]
- [0.0, 0.0, 1.0, 0.17192910027940417, 0.985109326154775, 0.0, -0.985109326154774,
  0.17192910027940966, 0.0]
- [0.0, 0.0, 1.0, 0.14090123193758194, 0.9900236577165578, 0.0, -0.9900236577165575,
  0.14090123193758297, 0.0]
- [0.0, 0.0, 1.0, 0.10973431109105013, 0.9939609554551792, 0.0, -0.9939609554551796,
  0.10973431109104574, 0.0]
- [0.0, 0.0, 1.0, 0.07845909572784233, 0.9969173337331282, 0.0, -0.996917333733128,
  0.0784590957278452, 0.0]
- [0.0, 0.0, 1.0, 0.04710645070964622, 0.9988898749619699, 0.0, -0.9988898749619699,
  0.047106450709642644, 0.0]
- [0.0, 0.0, 1.0, 0.015707317311819124, 0.9998766324816605, 0.0, -0.9998766324816607,
  0.01570731731182071, 0.0]
