# caseB -- MSG-RM vs EXACT (Pagano) benchmark 2,  S = a/h = 50
# reference surface: MID-SURFACE (fraction = 0.5) everywhere
# stations: x = 0 (s13, Q1 = q0/p), x = a/2 (s33)
# plies: as4(5mm/0), as4(5mm/90), as4(5mm/90), as4(5mm/0)
# 
# RM 8x8 ABDG (rows e11,e22,g12,k11,k22,k12,2g13,2g23):
#     1.921573e+09   5.793849e+07   4.219377e-09  -1.080941e-09  -1.720718e-11  -1.015294e-28   0.000000e+00   0.000000e+00
#     5.793849e+07   1.921573e+09   1.007726e-07  -8.710390e-11  -4.343296e-10  -2.457387e-26   0.000000e+00   0.000000e+00
#     4.219377e-09   1.007726e-07   1.434000e+08  -8.462141e-28  -2.434668e-26  -2.718917e-11   0.000000e+00   0.000000e+00
#    -1.022734e-09  -3.175909e-11   1.460181e-28   1.069187e+05   1.931283e+03   3.516148e-14   0.000000e+00   0.000000e+00
#     2.203546e-11  -4.270536e-10  -2.365249e-26   1.931283e+03   2.118619e+04   8.397720e-13   0.000000e+00   0.000000e+00
#    -5.551671e-31  -2.410687e-26  -2.718917e-11   3.516148e-14   8.397720e-13   4.780000e+03   0.000000e+00   0.000000e+00
#     0.000000e+00   0.000000e+00   0.000000e+00   0.000000e+00   0.000000e+00   0.000000e+00   7.089230e+07  -2.788632e-05
#     0.000000e+00   0.000000e+00   0.000000e+00   0.000000e+00   0.000000e+00   0.000000e+00  -2.788632e-05   8.080528e+07
# 
# INPUT FROM STATICS ONLY (statics_fsdt.py sec. 1): Q1(0) = q0/p = 3183.1
#   FF_end (x=0) = [0, 0, 0, 0, 0, 0, 3183.1, 0]
#   plate w(a/2) = 9.744596e-04 ; exact w = 9.743939e-04
# 
# transverse-shear stiffness, the two constructions:
#   G_whitney (complementary energy, Whitney JAM 40 (1973) Eq. (7)):
#     [[ 7.071398e+07, -2.818332e-09], [-2.818332e-09,  7.657693e+07]]
#   G_msg (MSG-RM least-squares projection, Yu 2003 Eq. 61):
#     [[ 7.089230e+07, -2.788632e-05], [-2.788632e-05,  8.080528e+07]]
#   k1^2 (statics_fsdt.whitney_k1sq, used in the FSDT curve): 0.662783
#   (uniform-k reference 5/6 = 0.8333;  A55 = 1.067000e+08)
# 
# THREE STANDALONE CHAINS, out-of-plane stresses only:
#   exact   Pagano cyl. bending (JCM 3 (1969) 398-411; Garg Eqs. 18-24)
#   MSG-RM  statics -> 8x8 inversion -> Eq.-66 recovery WITH the load
#           ladder (V1L/V2L, Yu Eqs. 29/45): s33 DIRECT from the
#           constitutive law -- Yu's route, no equilibrium integration
#   FSDT    statics Q1 -> staircase C55(z) Q1/(k1^2 A55); NO s33 in FSDT
# rel L2 errors vs exact:  s13   0.046%  (FSDT-Whitney   92.44%)
#   s33 DIRECT   0.022%   (equilibrium-integration cross-check   0.016%)
# s33 faces (bot, top)/q0 = (+0.0000, +1.0000)   (direct recovery)
# 
# columns: z[m]  s13_msg  s13_exact  s13_fsdt  s33_msg_direct  s33_msg_equil  s33_exact  [Pa]
  -1.000000e-02    2.713476e-07    2.713409e-07    3.227256e+05    9.531504e-10    0.000000e+00    2.131107e-21
  -9.937500e-03    3.373361e+03    3.381036e+03    3.227256e+05    3.177801e-01    3.311790e-01    3.322834e-01
  -9.875000e-03    6.725573e+03    6.740621e+03    3.227256e+05    1.295781e+00    1.322640e+00    1.326326e+00
  -9.812500e-03    1.005663e+04    1.007876e+04    3.227256e+05    2.929850e+00    2.970229e+00    2.977915e+00
  -9.750000e-03    1.336655e+04    1.339546e+04    3.227256e+05    5.215837e+00    5.269794e+00    5.282842e+00
  -9.687500e-03    1.665531e+04    1.669071e+04    3.227256e+05    8.149590e+00    8.217183e+00    8.236895e+00
  -9.625000e-03    1.992292e+04    1.996453e+04    3.227256e+05    1.172696e+01    1.180824e+01    1.183587e+01
  -9.562500e-03    2.316938e+04    2.321691e+04    3.227256e+05    1.594379e+01    1.603882e+01    1.607554e+01
  -9.500000e-03    2.639470e+04    2.644786e+04    3.227256e+05    2.079593e+01    2.090476e+01    2.095172e+01
  -9.437500e-03    2.959886e+04    2.965739e+04    3.227256e+05    2.627923e+01    2.640192e+01    2.646019e+01
  -9.375000e-03    3.278187e+04    3.284549e+04    3.227256e+05    3.238954e+01    3.252613e+01    3.259675e+01
  -9.312500e-03    3.594373e+04    3.601216e+04    3.227256e+05    3.912270e+01    3.927325e+01    3.935718e+01
  -9.250000e-03    3.908445e+04    3.915742e+04    3.227256e+05    4.647457e+01    4.663912e+01    4.673729e+01
  -9.187500e-03    4.220401e+04    4.228126e+04    3.227256e+05    5.444100e+01    5.461960e+01    5.473286e+01
  -9.125000e-03    4.530242e+04    4.538369e+04    3.227256e+05    6.301782e+01    6.321052e+01    6.333970e+01
  -9.062500e-03    4.837969e+04    4.846471e+04    3.227256e+05    7.220090e+01    7.240774e+01    7.255360e+01
  -9.000000e-03    5.143580e+04    5.152432e+04    3.227256e+05    8.198607e+01    8.220711e+01    8.237035e+01
  -8.937500e-03    5.447077e+04    5.456253e+04    3.227256e+05    9.236919e+01    9.260446e+01    9.278575e+01
  -8.875000e-03    5.748458e+04    5.757933e+04    3.227256e+05    1.033461e+02    1.035956e+02    1.037956e+02
  -8.812500e-03    6.047724e+04    6.057474e+04    3.227256e+05    1.149127e+02    1.151765e+02    1.153957e+02
  -8.750000e-03    6.344876e+04    6.354875e+04    3.227256e+05    1.270647e+02    1.273429e+02    1.275818e+02
  -8.687500e-03    6.639912e+04    6.650137e+04    3.227256e+05    1.397981e+02    1.400907e+02    1.403498e+02
  -8.625000e-03    6.932834e+04    6.943260e+04    3.227256e+05    1.531087e+02    1.534157e+02    1.536955e+02
  -8.562500e-03    7.223640e+04    7.234244e+04    3.227256e+05    1.669923e+02    1.673138e+02    1.676146e+02
  -8.500000e-03    7.512332e+04    7.523090e+04    3.227256e+05    1.814448e+02    1.817808e+02    1.821029e+02
  -8.437500e-03    7.798908e+04    7.809798e+04    3.227256e+05    1.964621e+02    1.968126e+02    1.971563e+02
  -8.375000e-03    8.083370e+04    8.094367e+04    3.227256e+05    2.120399e+02    2.124050e+02    2.127705e+02
  -8.312500e-03    8.365717e+04    8.376799e+04    3.227256e+05    2.281742e+02    2.285538e+02    2.289414e+02
  -8.250000e-03    8.645948e+04    8.657094e+04    3.227256e+05    2.448607e+02    2.452550e+02    2.456647e+02
  -8.187500e-03    8.924065e+04    8.935252e+04    3.227256e+05    2.620954e+02    2.625043e+02    2.629363e+02
  -8.125000e-03    9.200066e+04    9.211272e+04    3.227256e+05    2.798740e+02    2.802976e+02    2.807520e+02
  -8.062500e-03    9.473953e+04    9.485157e+04    3.227256e+05    2.981925e+02    2.986308e+02    2.991075e+02
  -8.000000e-03    9.745725e+04    9.756904e+04    3.227256e+05    3.170466e+02    3.174997e+02    3.179987e+02
  -7.937500e-03    1.001538e+05    1.002652e+05    3.227256e+05    3.364323e+02    3.369001e+02    3.374214e+02
  -7.875000e-03    1.028292e+05    1.029399e+05    3.227256e+05    3.563453e+02    3.568279e+02    3.573713e+02
  -7.812500e-03    1.054835e+05    1.055933e+05    3.227256e+05    3.767816e+02    3.772790e+02    3.778444e+02
  -7.750000e-03    1.081166e+05    1.082254e+05    3.227256e+05    3.977369e+02    3.982491e+02    3.988363e+02
  -7.687500e-03    1.107286e+05    1.108361e+05    3.227256e+05    4.192071e+02    4.197342e+02    4.203430e+02
  -7.625000e-03    1.133194e+05    1.134254e+05    3.227256e+05    4.411881e+02    4.417301e+02    4.423602e+02
  -7.562500e-03    1.158891e+05    1.159934e+05    3.227256e+05    4.636757e+02    4.642326e+02    4.648836e+02
  -7.500000e-03    1.184376e+05    1.185401e+05    3.227256e+05    4.866658e+02    4.872375e+02    4.879093e+02
  -7.437500e-03    1.209650e+05    1.210654e+05    3.227256e+05    5.101542e+02    5.107408e+02    5.114328e+02
  -7.375000e-03    1.234712e+05    1.235694e+05    3.227256e+05    5.341367e+02    5.347383e+02    5.354502e+02
  -7.312500e-03    1.259562e+05    1.260521e+05    3.227256e+05    5.586093e+02    5.592257e+02    5.599570e+02
  -7.250000e-03    1.284202e+05    1.285134e+05    3.227256e+05    5.835677e+02    5.841991e+02    5.849493e+02
  -7.187500e-03    1.308629e+05    1.309534e+05    3.227256e+05    6.090078e+02    6.096541e+02    6.104227e+02
  -7.125000e-03    1.332845e+05    1.333720e+05    3.227256e+05    6.349255e+02    6.355868e+02    6.363732e+02
  -7.062500e-03    1.356850e+05    1.357694e+05    3.227256e+05    6.613165e+02    6.619928e+02    6.627964e+02
  -7.000000e-03    1.380643e+05    1.381454e+05    3.227256e+05    6.881768e+02    6.888681e+02    6.896883e+02
  -6.937500e-03    1.404225e+05    1.405000e+05    3.227256e+05    7.155022e+02    7.162085e+02    7.170446e+02
  -6.875000e-03    1.427595e+05    1.428334e+05    3.227256e+05    7.432886e+02    7.440098e+02    7.448611e+02
  -6.812500e-03    1.450754e+05    1.451455e+05    3.227256e+05    7.715317e+02    7.722679e+02    7.731337e+02
  -6.750000e-03    1.473701e+05    1.474362e+05    3.227256e+05    8.002275e+02    8.009787e+02    8.018582e+02
  -6.687500e-03    1.496437e+05    1.497056e+05    3.227256e+05    8.293718e+02    8.301379e+02    8.310304e+02
  -6.625000e-03    1.518961e+05    1.519537e+05    3.227256e+05    8.589604e+02    8.597415e+02    8.606461e+02
  -6.562500e-03    1.541274e+05    1.541805e+05    3.227256e+05    8.889892e+02    8.897853e+02    8.907011e+02
  -6.500000e-03    1.563375e+05    1.563860e+05    3.227256e+05    9.194541e+02    9.202651e+02    9.211912e+02
  -6.437500e-03    1.585265e+05    1.585702e+05    3.227256e+05    9.503508e+02    9.511768e+02    9.521123e+02
  -6.375000e-03    1.606943e+05    1.607331e+05    3.227256e+05    9.816753e+02    9.825163e+02    9.834602e+02
  -6.312500e-03    1.628410e+05    1.628747e+05    3.227256e+05    1.013423e+03    1.014279e+03    1.015231e+03
  -6.250000e-03    1.649665e+05    1.649950e+05    3.227256e+05    1.045591e+03    1.046462e+03    1.047420e+03
  -6.187500e-03    1.670709e+05    1.670939e+05    3.227256e+05    1.078174e+03    1.079059e+03    1.080023e+03
  -6.125000e-03    1.691541e+05    1.691716e+05    3.227256e+05    1.111167e+03    1.112068e+03    1.113036e+03
  -6.062500e-03    1.712161e+05    1.712280e+05    3.227256e+05    1.144568e+03    1.145484e+03    1.146455e+03
  -6.000000e-03    1.732571e+05    1.732631e+05    3.227256e+05    1.178372e+03    1.179303e+03    1.180275e+03
  -5.937500e-03    1.752768e+05    1.752770e+05    3.227256e+05    1.212574e+03    1.213520e+03    1.214494e+03
  -5.875000e-03    1.772755e+05    1.772695e+05    3.227256e+05    1.247171e+03    1.248132e+03    1.249105e+03
  -5.812500e-03    1.792529e+05    1.792408e+05    3.227256e+05    1.282158e+03    1.283134e+03    1.284106e+03
  -5.750000e-03    1.812093e+05    1.811907e+05    3.227256e+05    1.317532e+03    1.318522e+03    1.319491e+03
  -5.687500e-03    1.831444e+05    1.831194e+05    3.227256e+05    1.353287e+03    1.354292e+03    1.355258e+03
  -5.625000e-03    1.850585e+05    1.850268e+05    3.227256e+05    1.389421e+03    1.390440e+03    1.391401e+03
  -5.562500e-03    1.869513e+05    1.869130e+05    3.227256e+05    1.425928e+03    1.426962e+03    1.427916e+03
  -5.500000e-03    1.888231e+05    1.887778e+05    3.227256e+05    1.462805e+03    1.463854e+03    1.464800e+03
  -5.437500e-03    1.906736e+05    1.906214e+05    3.227256e+05    1.500047e+03    1.501111e+03    1.502048e+03
  -5.375000e-03    1.925030e+05    1.924437e+05    3.227256e+05    1.537651e+03    1.538729e+03    1.539656e+03
  -5.312500e-03    1.943113e+05    1.942447e+05    3.227256e+05    1.575611e+03    1.576705e+03    1.577619e+03
  -5.250000e-03    1.960984e+05    1.960245e+05    3.227256e+05    1.613925e+03    1.615033e+03    1.615934e+03
  -5.187500e-03    1.978644e+05    1.977830e+05    3.227256e+05    1.652588e+03    1.653710e+03    1.654596e+03
  -5.125000e-03    1.996092e+05    1.995202e+05    3.227256e+05    1.691595e+03    1.692732e+03    1.693602e+03
  -5.062500e-03    2.013329e+05    2.012362e+05    3.227256e+05    1.730943e+03    1.732095e+03    1.732946e+03
  -5.000000e-03    2.030354e+05    2.029309e+05    3.227256e+05    1.770627e+03    1.771793e+03    1.772626e+03
  -5.000000e-03    2.030354e+05    2.029309e+05    1.575369e+05    1.770627e+03    1.771793e+03    1.772626e+03
  -4.937500e-03    2.031290e+05    2.030261e+05    1.575369e+05    1.810493e+03    1.811668e+03    1.812480e+03
  -4.875000e-03    2.032214e+05    2.031200e+05    1.575369e+05    1.850377e+03    1.851562e+03    1.852354e+03
  -4.812500e-03    2.033125e+05    2.032128e+05    1.575369e+05    1.890279e+03    1.891473e+03    1.892245e+03
  -4.750000e-03    2.034026e+05    2.033043e+05    1.575369e+05    1.930199e+03    1.931402e+03    1.932155e+03
  -4.687500e-03    2.034914e+05    2.033946e+05    1.575369e+05    1.970136e+03    1.971349e+03    1.972083e+03
  -4.625000e-03    2.035791e+05    2.034838e+05    1.575369e+05    2.010091e+03    2.011313e+03    2.012028e+03
  -4.562500e-03    2.036655e+05    2.035717e+05    1.575369e+05    2.050062e+03    2.051294e+03    2.051990e+03
  -4.500000e-03    2.037508e+05    2.036585e+05    1.575369e+05    2.090051e+03    2.091292e+03    2.091970e+03
  -4.437500e-03    2.038350e+05    2.037440e+05    1.575369e+05    2.130056e+03    2.131307e+03    2.131967e+03
  -4.375000e-03    2.039179e+05    2.038284e+05    1.575369e+05    2.170078e+03    2.171338e+03    2.171980e+03
  -4.312500e-03    2.039997e+05    2.039115e+05    1.575369e+05    2.210116e+03    2.211385e+03    2.212010e+03
  -4.250000e-03    2.040803e+05    2.039934e+05    1.575369e+05    2.250169e+03    2.251448e+03    2.252056e+03
  -4.187500e-03    2.041597e+05    2.040742e+05    1.575369e+05    2.290239e+03    2.291527e+03    2.292118e+03
  -4.125000e-03    2.042380e+05    2.041537e+05    1.575369e+05    2.330324e+03    2.331622e+03    2.332196e+03
  -4.062500e-03    2.043151e+05    2.042321e+05    1.575369e+05    2.370424e+03    2.371731e+03    2.372289e+03
  -4.000000e-03    2.043910e+05    2.043092e+05    1.575369e+05    2.410539e+03    2.411856e+03    2.412397e+03
  -3.937500e-03    2.044657e+05    2.043851e+05    1.575369e+05    2.450669e+03    2.451995e+03    2.452521e+03
  -3.875000e-03    2.045392e+05    2.044599e+05    1.575369e+05    2.490814e+03    2.492149e+03    2.492659e+03
  -3.812500e-03    2.046116e+05    2.045334e+05    1.575369e+05    2.530973e+03    2.532317e+03    2.532812e+03
  -3.750000e-03    2.046828e+05    2.046058e+05    1.575369e+05    2.571146e+03    2.572500e+03    2.572979e+03
  -3.687500e-03    2.047528e+05    2.046769e+05    1.575369e+05    2.611333e+03    2.612696e+03    2.613160e+03
  -3.625000e-03    2.048217e+05    2.047469e+05    1.575369e+05    2.651533e+03    2.652906e+03    2.653355e+03
  -3.562500e-03    2.048893e+05    2.048156e+05    1.575369e+05    2.691747e+03    2.693129e+03    2.693564e+03
  -3.500000e-03    2.049558e+05    2.048831e+05    1.575369e+05    2.731974e+03    2.733366e+03    2.733786e+03
  -3.437500e-03    2.050211e+05    2.049495e+05    1.575369e+05    2.772215e+03    2.773615e+03    2.774022e+03
  -3.375000e-03    2.050853e+05    2.050146e+05    1.575369e+05    2.812467e+03    2.813877e+03    2.814270e+03
  -3.312500e-03    2.051482e+05    2.050786e+05    1.575369e+05    2.852733e+03    2.854152e+03    2.854531e+03
  -3.250000e-03    2.052100e+05    2.051413e+05    1.575369e+05    2.893010e+03    2.894439e+03    2.894804e+03
  -3.187500e-03    2.052706e+05    2.052029e+05    1.575369e+05    2.933300e+03    2.934737e+03    2.935089e+03
  -3.125000e-03    2.053301e+05    2.052632e+05    1.575369e+05    2.973601e+03    2.975048e+03    2.975387e+03
  -3.062500e-03    2.053883e+05    2.053223e+05    1.575369e+05    3.013914e+03    3.015370e+03    3.015696e+03
  -3.000000e-03    2.054454e+05    2.053803e+05    1.575369e+05    3.054239e+03    3.055704e+03    3.056016e+03
  -2.937500e-03    2.055013e+05    2.054370e+05    1.575369e+05    3.094574e+03    3.096048e+03    3.096348e+03
  -2.875000e-03    2.055560e+05    2.054926e+05    1.575369e+05    3.134920e+03    3.136404e+03    3.136691e+03
  -2.812500e-03    2.056096e+05    2.055469e+05    1.575369e+05    3.175277e+03    3.176770e+03    3.177045e+03
  -2.750000e-03    2.056620e+05    2.056001e+05    1.575369e+05    3.215645e+03    3.217146e+03    3.217409e+03
  -2.687500e-03    2.057132e+05    2.056520e+05    1.575369e+05    3.256022e+03    3.257533e+03    3.257784e+03
  -2.625000e-03    2.057632e+05    2.057027e+05    1.575369e+05    3.296410e+03    3.297930e+03    3.298169e+03
  -2.562500e-03    2.058120e+05    2.057523e+05    1.575369e+05    3.336807e+03    3.338336e+03    3.338563e+03
  -2.500000e-03    2.058597e+05    2.058006e+05    1.575369e+05    3.377214e+03    3.378752e+03    3.378967e+03
  -2.437500e-03    2.059062e+05    2.058478e+05    1.575369e+05    3.417630e+03    3.419177e+03    3.419381e+03
  -2.375000e-03    2.059515e+05    2.058937e+05    1.575369e+05    3.458055e+03    3.459611e+03    3.459803e+03
  -2.312500e-03    2.059957e+05    2.059385e+05    1.575369e+05    3.498489e+03    3.500054e+03    3.500235e+03
  -2.250000e-03    2.060386e+05    2.059820e+05    1.575369e+05    3.538931e+03    3.540505e+03    3.540675e+03
  -2.187500e-03    2.060804e+05    2.060244e+05    1.575369e+05    3.579382e+03    3.580965e+03    3.581124e+03
  -2.125000e-03    2.061210e+05    2.060655e+05    1.575369e+05    3.619841e+03    3.621433e+03    3.621581e+03
  -2.062500e-03    2.061605e+05    2.061055e+05    1.575369e+05    3.660308e+03    3.661908e+03    3.662045e+03
  -2.000000e-03    2.061987e+05    2.061442e+05    1.575369e+05    3.700782e+03    3.702391e+03    3.702518e+03
  -1.937500e-03    2.062358e+05    2.061817e+05    1.575369e+05    3.741264e+03    3.742882e+03    3.742998e+03
  -1.875000e-03    2.062717e+05    2.062181e+05    1.575369e+05    3.781753e+03    3.783380e+03    3.783485e+03
  -1.812500e-03    2.063065e+05    2.062532e+05    1.575369e+05    3.822249e+03    3.823885e+03    3.823980e+03
  -1.750000e-03    2.063400e+05    2.062872e+05    1.575369e+05    3.862752e+03    3.864396e+03    3.864481e+03
  -1.687500e-03    2.063724e+05    2.063199e+05    1.575369e+05    3.903261e+03    3.904914e+03    3.904988e+03
  -1.625000e-03    2.064036e+05    2.063515e+05    1.575369e+05    3.943777e+03    3.945438e+03    3.945502e+03
  -1.562500e-03    2.064336e+05    2.063818e+05    1.575369e+05    3.984299e+03    3.985969e+03    3.986022e+03
  -1.500000e-03    2.064625e+05    2.064110e+05    1.575369e+05    4.024826e+03    4.026505e+03    4.026548e+03
  -1.437500e-03    2.064902e+05    2.064389e+05    1.575369e+05    4.065359e+03    4.067046e+03    4.067080e+03
  -1.375000e-03    2.065167e+05    2.064657e+05    1.575369e+05    4.105897e+03    4.107593e+03    4.107616e+03
  -1.312500e-03    2.065420e+05    2.064912e+05    1.575369e+05    4.146441e+03    4.148145e+03    4.148158e+03
  -1.250000e-03    2.065661e+05    2.065156e+05    1.575369e+05    4.186989e+03    4.188702e+03    4.188705e+03
  -1.187500e-03    2.065891e+05    2.065387e+05    1.575369e+05    4.227542e+03    4.229263e+03    4.229257e+03
  -1.125000e-03    2.066109e+05    2.065607e+05    1.575369e+05    4.268100e+03    4.269829e+03    4.269813e+03
  -1.062500e-03    2.066315e+05    2.065814e+05    1.575369e+05    4.308662e+03    4.310399e+03    4.310373e+03
  -1.000000e-03    2.066510e+05    2.066010e+05    1.575369e+05    4.349227e+03    4.350973e+03    4.350937e+03
  -9.375000e-04    2.066692e+05    2.066193e+05    1.575369e+05    4.389797e+03    4.391550e+03    4.391505e+03
  -8.750000e-04    2.066863e+05    2.066365e+05    1.575369e+05    4.430370e+03    4.432131e+03    4.432076e+03
  -8.125000e-04    2.067022e+05    2.066524e+05    1.575369e+05    4.470946e+03    4.472716e+03    4.472651e+03
  -7.500000e-04    2.067170e+05    2.066672e+05    1.575369e+05    4.511525e+03    4.513303e+03    4.513228e+03
  -6.875000e-04    2.067305e+05    2.066807e+05    1.575369e+05    4.552107e+03    4.553893e+03    4.553809e+03
  -6.250000e-04    2.067429e+05    2.066931e+05    1.575369e+05    4.592692e+03    4.594486e+03    4.594392e+03
  -5.625000e-04    2.067541e+05    2.067042e+05    1.575369e+05    4.633279e+03    4.635081e+03    4.634977e+03
  -5.000000e-04    2.067642e+05    2.067142e+05    1.575369e+05    4.673868e+03    4.675678e+03    4.675564e+03
  -4.375000e-04    2.067730e+05    2.067229e+05    1.575369e+05    4.714459e+03    4.716277e+03    4.716153e+03
  -3.750000e-04    2.067807e+05    2.067305e+05    1.575369e+05    4.755052e+03    4.756877e+03    4.756744e+03
  -3.125000e-04    2.067872e+05    2.067368e+05    1.575369e+05    4.795646e+03    4.797479e+03    4.797336e+03
  -2.500000e-04    2.067926e+05    2.067420e+05    1.575369e+05    4.836242e+03    4.838082e+03    4.837929e+03
  -1.875000e-04    2.067967e+05    2.067459e+05    1.575369e+05    4.876838e+03    4.878687e+03    4.878523e+03
  -1.250000e-04    2.067997e+05    2.067487e+05    1.575369e+05    4.917435e+03    4.919291e+03    4.919118e+03
  -6.250000e-05    2.068015e+05    2.067502e+05    1.575369e+05    4.958033e+03    4.959896e+03    4.959713e+03
  -4.999473e-15    2.068021e+05    2.067506e+05    1.575369e+05    4.998631e+03    5.000502e+03    5.000309e+03
   4.999473e-15    2.068021e+05    2.067506e+05    1.575369e+05    4.998631e+03    5.000502e+03    5.000309e+03
   6.250000e-05    2.068016e+05    2.067497e+05    1.575369e+05    5.039229e+03    5.041107e+03    5.040904e+03
   1.250000e-04    2.067998e+05    2.067477e+05    1.575369e+05    5.079826e+03    5.081713e+03    5.081499e+03
   1.875000e-04    2.067969e+05    2.067445e+05    1.575369e+05    5.120424e+03    5.122317e+03    5.122093e+03
   2.500000e-04    2.067928e+05    2.067400e+05    1.575369e+05    5.161021e+03    5.162921e+03    5.162687e+03
   3.125000e-04    2.067876e+05    2.067344e+05    1.575369e+05    5.201617e+03    5.203525e+03    5.203280e+03
   3.750000e-04    2.067812e+05    2.067275e+05    1.575369e+05    5.242211e+03    5.244127e+03    5.243871e+03
   4.375000e-04    2.067735e+05    2.067195e+05    1.575369e+05    5.282805e+03    5.284727e+03    5.284462e+03
   5.000000e-04    2.067648e+05    2.067102e+05    1.575369e+05    5.323397e+03    5.325326e+03    5.325050e+03
   5.625000e-04    2.067548e+05    2.066998e+05    1.575369e+05    5.363987e+03    5.365923e+03    5.365636e+03
   6.250000e-04    2.067437e+05    2.066881e+05    1.575369e+05    5.404575e+03    5.406519e+03    5.406221e+03
   6.875000e-04    2.067313e+05    2.066753e+05    1.575369e+05    5.445161e+03    5.447111e+03    5.446803e+03
   7.500000e-04    2.067179e+05    2.066613e+05    1.575369e+05    5.485745e+03    5.487702e+03    5.487382e+03
   8.125000e-04    2.067032e+05    2.066460e+05    1.575369e+05    5.526325e+03    5.528289e+03    5.527958e+03
   8.750000e-04    2.066874e+05    2.066296e+05    1.575369e+05    5.566903e+03    5.568874e+03    5.568531e+03
   9.375000e-04    2.066703e+05    2.066119e+05    1.575369e+05    5.607478e+03    5.609455e+03    5.609101e+03
   1.000000e-03    2.066521e+05    2.065931e+05    1.575369e+05    5.648049e+03    5.650033e+03    5.649668e+03
   1.062500e-03    2.066328e+05    2.065730e+05    1.575369e+05    5.688617e+03    5.690607e+03    5.690230e+03
   1.125000e-03    2.066122e+05    2.065518e+05    1.575369e+05    5.729181e+03    5.731177e+03    5.730789e+03
   1.187500e-03    2.065905e+05    2.065294e+05    1.575369e+05    5.769740e+03    5.771743e+03    5.771343e+03
   1.250000e-03    2.065676e+05    2.065057e+05    1.575369e+05    5.810296e+03    5.812305e+03    5.811892e+03
   1.312500e-03    2.065435e+05    2.064809e+05    1.575369e+05    5.850847e+03    5.852862e+03    5.852437e+03
   1.375000e-03    2.065183e+05    2.064548e+05    1.575369e+05    5.891393e+03    5.893414e+03    5.892977e+03
   1.437500e-03    2.064918e+05    2.064276e+05    1.575369e+05    5.931934e+03    5.933961e+03    5.933512e+03
   1.500000e-03    2.064642e+05    2.063992e+05    1.575369e+05    5.972470e+03    5.974503e+03    5.974041e+03
   1.562500e-03    2.064355e+05    2.063695e+05    1.575369e+05    6.013000e+03    6.015040e+03    6.014565e+03
   1.625000e-03    2.064055e+05    2.063387e+05    1.575369e+05    6.053525e+03    6.055570e+03    6.055082e+03
   1.687500e-03    2.063744e+05    2.063066e+05    1.575369e+05    6.094043e+03    6.096095e+03    6.095594e+03
   1.750000e-03    2.063421e+05    2.062734e+05    1.575369e+05    6.134556e+03    6.136613e+03    6.136098e+03
   1.812500e-03    2.063086e+05    2.062390e+05    1.575369e+05    6.175062e+03    6.177125e+03    6.176597e+03
   1.875000e-03    2.062739e+05    2.062033e+05    1.575369e+05    6.215562e+03    6.217630e+03    6.217088e+03
   1.937500e-03    2.062381e+05    2.061665e+05    1.575369e+05    6.256055e+03    6.258129e+03    6.257573e+03
   2.000000e-03    2.062011e+05    2.061285e+05    1.575369e+05    6.296540e+03    6.298620e+03    6.298050e+03
   2.062500e-03    2.061629e+05    2.060892e+05    1.575369e+05    6.337019e+03    6.339103e+03    6.338519e+03
   2.125000e-03    2.061235e+05    2.060488e+05    1.575369e+05    6.377489e+03    6.379580e+03    6.378981e+03
   2.187500e-03    2.060830e+05    2.060071e+05    1.575369e+05    6.417952e+03    6.420048e+03    6.419434e+03
   2.250000e-03    2.060413e+05    2.059643e+05    1.575369e+05    6.458408e+03    6.460508e+03    6.459879e+03
   2.312500e-03    2.059984e+05    2.059203e+05    1.575369e+05    6.498854e+03    6.500960e+03    6.500316e+03
   2.375000e-03    2.059543e+05    2.058750e+05    1.575369e+05    6.539293e+03    6.541403e+03    6.540744e+03
   2.437500e-03    2.059091e+05    2.058286e+05    1.575369e+05    6.579722e+03    6.581838e+03    6.581163e+03
   2.500000e-03    2.058626e+05    2.057810e+05    1.575369e+05    6.620143e+03    6.622263e+03    6.621573e+03
   2.562500e-03    2.058150e+05    2.057321e+05    1.575369e+05    6.660555e+03    6.662680e+03    6.661973e+03
   2.625000e-03    2.057663e+05    2.056821e+05    1.575369e+05    6.700957e+03    6.703087e+03    6.702363e+03
   2.687500e-03    2.057163e+05    2.056308e+05    1.575369e+05    6.741350e+03    6.743484e+03    6.742744e+03
   2.750000e-03    2.056652e+05    2.055784e+05    1.575369e+05    6.781732e+03    6.783871e+03    6.783114e+03
   2.812500e-03    2.056129e+05    2.055248e+05    1.575369e+05    6.822105e+03    6.824248e+03    6.823474e+03
   2.875000e-03    2.055594e+05    2.054699e+05    1.575369e+05    6.862468e+03    6.864615e+03    6.863824e+03
   2.937500e-03    2.055047e+05    2.054139e+05    1.575369e+05    6.902819e+03    6.904971e+03    6.904162e+03
   3.000000e-03    2.054489e+05    2.053567e+05    1.575369e+05    6.943161e+03    6.945316e+03    6.944489e+03
   3.062500e-03    2.053919e+05    2.052982e+05    1.575369e+05    6.983491e+03    6.985651e+03    6.984805e+03
   3.125000e-03    2.053337e+05    2.052386e+05    1.575369e+05    7.023810e+03    7.025974e+03    7.025110e+03
   3.187500e-03    2.052744e+05    2.051778e+05    1.575369e+05    7.064117e+03    7.066285e+03    7.065402e+03
   3.250000e-03    2.052138e+05    2.051157e+05    1.575369e+05    7.104413e+03    7.106584e+03    7.105683e+03
   3.312500e-03    2.051521e+05    2.050525e+05    1.575369e+05    7.144697e+03    7.146872e+03    7.145951e+03
   3.375000e-03    2.050892e+05    2.049881e+05    1.575369e+05    7.184968e+03    7.187147e+03    7.186207e+03
   3.437500e-03    2.050252e+05    2.049224e+05    1.575369e+05    7.225228e+03    7.227410e+03    7.226449e+03
   3.500000e-03    2.049599e+05    2.048556e+05    1.575369e+05    7.265475e+03    7.267660e+03    7.266679e+03
   3.562500e-03    2.048935e+05    2.047875e+05    1.575369e+05    7.305708e+03    7.307898e+03    7.306896e+03
   3.625000e-03    2.048259e+05    2.047183e+05    1.575369e+05    7.345929e+03    7.348122e+03    7.347099e+03
   3.687500e-03    2.047571e+05    2.046479e+05    1.575369e+05    7.386137e+03    7.388333e+03    7.387289e+03
   3.750000e-03    2.046872e+05    2.045762e+05    1.575369e+05    7.426331e+03    7.428530e+03    7.427464e+03
   3.812500e-03    2.046161e+05    2.045034e+05    1.575369e+05    7.466511e+03    7.468713e+03    7.467625e+03
   3.875000e-03    2.045438e+05    2.044294e+05    1.575369e+05    7.506678e+03    7.508882e+03    7.507772e+03
   3.937500e-03    2.044703e+05    2.043541e+05    1.575369e+05    7.546830e+03    7.549037e+03    7.547905e+03
   4.000000e-03    2.043956e+05    2.042777e+05    1.575369e+05    7.586967e+03    7.589177e+03    7.588022e+03
   4.062500e-03    2.043198e+05    2.042001e+05    1.575369e+05    7.627090e+03    7.629303e+03    7.628124e+03
   4.125000e-03    2.042428e+05    2.041212e+05    1.575369e+05    7.667198e+03    7.669413e+03    7.668211e+03
   4.187500e-03    2.041646e+05    2.040412e+05    1.575369e+05    7.707291e+03    7.709509e+03    7.708282e+03
   4.250000e-03    2.040853e+05    2.039600e+05    1.575369e+05    7.747369e+03    7.749589e+03    7.748338e+03
   4.312500e-03    2.040047e+05    2.038775e+05    1.575369e+05    7.787431e+03    7.789653e+03    7.788377e+03
   4.375000e-03    2.039230e+05    2.037939e+05    1.575369e+05    7.827477e+03    7.829701e+03    7.828400e+03
   4.437500e-03    2.038402e+05    2.037091e+05    1.575369e+05    7.867507e+03    7.869733e+03    7.868407e+03
   4.500000e-03    2.037561e+05    2.036230e+05    1.575369e+05    7.907521e+03    7.909749e+03    7.908396e+03
   4.562500e-03    2.036709e+05    2.035358e+05    1.575369e+05    7.947518e+03    7.949748e+03    7.948369e+03
   4.625000e-03    2.035844e+05    2.034474e+05    1.575369e+05    7.987499e+03    7.989730e+03    7.988325e+03
   4.687500e-03    2.034969e+05    2.033577e+05    1.575369e+05    8.027462e+03    8.029695e+03    8.028263e+03
   4.750000e-03    2.034081e+05    2.032669e+05    1.575369e+05    8.067409e+03    8.069643e+03    8.068183e+03
   4.812500e-03    2.033182e+05    2.031749e+05    1.575369e+05    8.107337e+03    8.109573e+03    8.108085e+03
   4.875000e-03    2.032270e+05    2.030816e+05    1.575369e+05    8.147249e+03    8.149485e+03    8.147969e+03
   4.937500e-03    2.031347e+05    2.029872e+05    1.575369e+05    8.187142e+03    8.189380e+03    8.187835e+03
   5.000000e-03    2.030413e+05    2.028916e+05    1.575369e+05    8.227017e+03    8.229256e+03    8.227682e+03
   5.000000e-03    2.030413e+05    2.028916e+05    3.227256e+05    8.227017e+03    8.229256e+03    8.227682e+03
   5.062500e-03    2.013387e+05    2.011973e+05    3.227256e+05    8.266721e+03    8.268956e+03    8.267354e+03
   5.125000e-03    1.996149e+05    1.994819e+05    3.227256e+05    8.306089e+03    8.308320e+03    8.306691e+03
   5.187500e-03    1.978700e+05    1.977451e+05    3.227256e+05    8.345117e+03    8.347343e+03    8.345689e+03
   5.250000e-03    1.961040e+05    1.959871e+05    3.227256e+05    8.383800e+03    8.386021e+03    8.384344e+03
   5.312500e-03    1.943168e+05    1.942079e+05    3.227256e+05    8.422134e+03    8.424350e+03    8.422652e+03
   5.375000e-03    1.925084e+05    1.924073e+05    3.227256e+05    8.460116e+03    8.462327e+03    8.460608e+03
   5.437500e-03    1.906789e+05    1.905855e+05    3.227256e+05    8.497741e+03    8.499946e+03    8.498208e+03
   5.500000e-03    1.888283e+05    1.887424e+05    3.227256e+05    8.535005e+03    8.537204e+03    8.535449e+03
   5.562500e-03    1.869565e+05    1.868781e+05    3.227256e+05    8.571903e+03    8.574097e+03    8.572326e+03
   5.625000e-03    1.850636e+05    1.849924e+05    3.227256e+05    8.608432e+03    8.610620e+03    8.608835e+03
   5.687500e-03    1.831495e+05    1.830855e+05    3.227256e+05    8.644588e+03    8.646769e+03    8.644971e+03
   5.750000e-03    1.812142e+05    1.811573e+05    3.227256e+05    8.680366e+03    8.682540e+03    8.680731e+03
   5.812500e-03    1.792578e+05    1.792079e+05    3.227256e+05    8.715762e+03    8.717930e+03    8.716110e+03
   5.875000e-03    1.772803e+05    1.772371e+05    3.227256e+05    8.750772e+03    8.752933e+03    8.751104e+03
   5.937500e-03    1.752816e+05    1.752451e+05    3.227256e+05    8.785392e+03    8.787545e+03    8.785709e+03
   6.000000e-03    1.732617e+05    1.732317e+05    3.227256e+05    8.819618e+03    8.821764e+03    8.819921e+03
   6.062500e-03    1.712207e+05    1.711971e+05    3.227256e+05    8.853445e+03    8.855583e+03    8.853736e+03
   6.125000e-03    1.691586e+05    1.691412e+05    3.227256e+05    8.886870e+03    8.889000e+03    8.887149e+03
   6.187500e-03    1.670753e+05    1.670640e+05    3.227256e+05    8.919888e+03    8.922009e+03    8.920156e+03
   6.250000e-03    1.649709e+05    1.649655e+05    3.227256e+05    8.952495e+03    8.954608e+03    8.952753e+03
   6.312500e-03    1.628453e+05    1.628457e+05    3.227256e+05    8.984688e+03    8.986791e+03    8.984936e+03
   6.375000e-03    1.606985e+05    1.607046e+05    3.227256e+05    9.016460e+03    9.018555e+03    9.016701e+03
   6.437500e-03    1.585306e+05    1.585422e+05    3.227256e+05    9.047810e+03    9.049895e+03    9.048044e+03
   6.500000e-03    1.563416e+05    1.563586e+05    3.227256e+05    9.078732e+03    9.080808e+03    9.078959e+03
   6.562500e-03    1.541314e+05    1.541536e+05    3.227256e+05    9.109223e+03    9.111288e+03    9.109444e+03
   6.625000e-03    1.519000e+05    1.519273e+05    3.227256e+05    9.139277e+03    9.141333e+03    9.139494e+03
   6.687500e-03    1.496475e+05    1.496796e+05    3.227256e+05    9.168892e+03    9.170937e+03    9.169104e+03
   6.750000e-03    1.473739e+05    1.474107e+05    3.227256e+05    9.198063e+03    9.200097e+03    9.198271e+03
   6.812500e-03    1.450791e+05    1.451205e+05    3.227256e+05    9.226785e+03    9.228809e+03    9.226991e+03
   6.875000e-03    1.427632e+05    1.428089e+05    3.227256e+05    9.255055e+03    9.257068e+03    9.255259e+03
   6.937500e-03    1.404261e+05    1.404761e+05    3.227256e+05    9.282869e+03    9.284870e+03    9.283070e+03
   7.000000e-03    1.380678e+05    1.381219e+05    3.227256e+05    9.310221e+03    9.312211e+03    9.310422e+03
   7.062500e-03    1.356884e+05    1.357464e+05    3.227256e+05    9.337109e+03    9.339087e+03    9.337309e+03
   7.125000e-03    1.332879e+05    1.333495e+05    3.227256e+05    9.363528e+03    9.365493e+03    9.363728e+03
   7.187500e-03    1.308662e+05    1.309314e+05    3.227256e+05    9.389474e+03    9.391427e+03    9.389674e+03
   7.250000e-03    1.284234e+05    1.284919e+05    3.227256e+05    9.414942e+03    9.416882e+03    9.415143e+03
   7.312500e-03    1.259594e+05    1.260310e+05    3.227256e+05    9.439929e+03    9.441856e+03    9.440132e+03
   7.375000e-03    1.234742e+05    1.235489e+05    3.227256e+05    9.464431e+03    9.466344e+03    9.464634e+03
   7.437500e-03    1.209679e+05    1.210454e+05    3.227256e+05    9.488442e+03    9.490343e+03    9.488648e+03
   7.500000e-03    1.184405e+05    1.185206e+05    3.227256e+05    9.511960e+03    9.513846e+03    9.512167e+03
   7.562500e-03    1.158919e+05    1.159744e+05    3.227256e+05    9.534980e+03    9.536852e+03    9.535189e+03
   7.625000e-03    1.133222e+05    1.134069e+05    3.227256e+05    9.557497e+03    9.559355e+03    9.557709e+03
   7.687500e-03    1.107313e+05    1.108180e+05    3.227256e+05    9.579508e+03    9.581351e+03    9.579723e+03
   7.750000e-03    1.081192e+05    1.082078e+05    3.227256e+05    9.601009e+03    9.602837e+03    9.601226e+03
   7.812500e-03    1.054860e+05    1.055762e+05    3.227256e+05    9.621995e+03    9.623808e+03    9.622214e+03
   7.875000e-03    1.028317e+05    1.029233e+05    3.227256e+05    9.642462e+03    9.644259e+03    9.642684e+03
   7.937500e-03    1.001562e+05    1.002490e+05    3.227256e+05    9.662406e+03    9.664187e+03    9.662631e+03
   8.000000e-03    9.745958e+04    9.755342e+04    3.227256e+05    9.681823e+03    9.683588e+03    9.682050e+03
   8.062500e-03    9.474179e+04    9.483644e+04    3.227256e+05    9.700708e+03    9.702458e+03    9.700938e+03
   8.125000e-03    9.200285e+04    9.209808e+04    3.227256e+05    9.719059e+03    9.720791e+03    9.719291e+03
   8.187500e-03    8.924276e+04    8.933837e+04    3.227256e+05    9.736869e+03    9.738585e+03    9.737104e+03
   8.250000e-03    8.646152e+04    8.655728e+04    3.227256e+05    9.754136e+03    9.755835e+03    9.754373e+03
   8.312500e-03    8.365913e+04    8.375483e+04    3.227256e+05    9.770855e+03    9.772536e+03    9.771093e+03
   8.375000e-03    8.083560e+04    8.093100e+04    3.227256e+05    9.787022e+03    9.788686e+03    9.787262e+03
   8.437500e-03    7.799091e+04    7.808579e+04    3.227256e+05    9.802633e+03    9.804278e+03    9.802874e+03
   8.500000e-03    7.512507e+04    7.521920e+04    3.227256e+05    9.817684e+03    9.819310e+03    9.817925e+03
   8.562500e-03    7.223808e+04    7.233124e+04    3.227256e+05    9.832170e+03    9.833778e+03    9.832411e+03
   8.625000e-03    6.932994e+04    6.942188e+04    3.227256e+05    9.846087e+03    9.847676e+03    9.846328e+03
   8.687500e-03    6.640065e+04    6.649114e+04    3.227256e+05    9.859432e+03    9.861002e+03    9.859671e+03
   8.750000e-03    6.345022e+04    6.353901e+04    3.227256e+05    9.872199e+03    9.873750e+03    9.872437e+03
   8.812500e-03    6.047863e+04    6.056549e+04    3.227256e+05    9.884386e+03    9.885916e+03    9.884622e+03
   8.875000e-03    5.748589e+04    5.757057e+04    3.227256e+05    9.895987e+03    9.897497e+03    9.896220e+03
   8.937500e-03    5.447200e+04    5.455425e+04    3.227256e+05    9.906999e+03    9.908489e+03    9.907228e+03
   9.000000e-03    5.143697e+04    5.151653e+04    3.227256e+05    9.917417e+03    9.918886e+03    9.917642e+03
   9.062500e-03    4.838078e+04    4.845741e+04    3.227256e+05    9.927238e+03    9.928686e+03    9.927457e+03
   9.125000e-03    4.530344e+04    4.537688e+04    3.227256e+05    9.936457e+03    9.937883e+03    9.936670e+03
   9.187500e-03    4.220496e+04    4.227494e+04    3.227256e+05    9.945069e+03    9.946475e+03    9.945275e+03
   9.250000e-03    3.908532e+04    3.915158e+04    3.227256e+05    9.953072e+03    9.954455e+03    9.953270e+03
   9.312500e-03    3.594454e+04    3.600681e+04    3.227256e+05    9.960460e+03    9.961821e+03    9.960649e+03
   9.375000e-03    3.278260e+04    3.284062e+04    3.227256e+05    9.967230e+03    9.968569e+03    9.967408e+03
   9.437500e-03    2.959951e+04    2.965301e+04    3.227256e+05    9.973377e+03    9.974693e+03    9.973544e+03
   9.500000e-03    2.639528e+04    2.644398e+04    3.227256e+05    9.978898e+03    9.980190e+03    9.979051e+03
   9.562500e-03    2.316989e+04    2.321351e+04    3.227256e+05    9.983787e+03    9.985056e+03    9.983927e+03
   9.625000e-03    1.992336e+04    1.996161e+04    3.227256e+05    9.988042e+03    9.989287e+03    9.988166e+03
   9.687500e-03    1.665567e+04    1.668828e+04    3.227256e+05    9.991657e+03    9.992878e+03    9.991764e+03
   9.750000e-03    1.336684e+04    1.339351e+04    3.227256e+05    9.994629e+03    9.995825e+03    9.994718e+03
   9.812500e-03    1.005685e+04    1.007730e+04    3.227256e+05    9.996953e+03    9.998125e+03    9.997023e+03
   9.875000e-03    6.725719e+03    6.739650e+03    3.227256e+05    9.998626e+03    9.999773e+03    9.998674e+03
   9.937500e-03    3.373434e+03    3.380550e+03    3.227256e+05    9.999643e+03    1.000076e+04    9.999668e+03
   1.000000e-02    2.740168e-07    2.713913e-07    3.227256e+05    1.000000e+04    1.000110e+04    1.000000e+04
