nodes:
- [1.0, 0.0, 0.0]
- [0.9997620270799091, 0.013088931020736673, 0.0]
- [0.9990482215818578, 0.0261716324192016, 0.0]
- [0.9978589232386035, 0.039241877538085834, 0.0]
- [0.9961946980917455, 0.0522934456485949, 0.0]
- [0.9940563382223196, 0.06532012491117874, 0.0]
- [0.9914448613738104, 0.07831571533203094, 0.0]
- [0.9883615104677607, 0.09127403171395002, 0.0]
- [0.984807753012208, 0.1041889066001582, 0.0]
- [0.9807852804032304, 0.11705419320967694, 0.0]
- [0.9762960071199334, 0.12986376836286173, 0.0]
- [0.9713420698132614, 0.14261153539570384, 0.0]
- [0.9659258262890683, 0.15529142706151244, 0.0]
- [0.9600498543859287, 0.16789740841859524, 0.0]
- [0.9537169507482269, 0.18042347970256387, 0.0]
- [0.9469301294951057, 0.19286367918189692, 0.0]
- [0.9396926207859084, 0.20521208599540122, 0.0]
- [0.9320078692827986, 0.217462822970221, 0.0]
- [0.9238795325112867, 0.22961005941905385, 0.0]
- [0.9153114791194472, 0.2416480139152423, 0.0]
- [0.9063077870366499, 0.2535709570444197, 0.0]
- [0.8968727415326883, 0.26537321413140075, 0.0]
- [0.8870108331782217, 0.2770491679410203, 0.0]
- [0.8767267557075077, 0.28859326135163255, 0.0]
- [0.8660254037844387, 0.29999999999999993, 0.0]
- [0.8549118706729466, 0.31126395489631287, 0.0]
- [0.8433914458128857, 0.32237976500809434, 0.0]
- [0.8314696123025452, 0.3333421398117613, 0.0]
- [0.8191520442889918, 0.3441458618106276, 0.0]
- [0.8064446042674825, 0.3547857890181494, 0.0]
- [0.7933533402912353, 0.36525685740523234, 0.0]
- [0.7798844830928818, 0.37555408331043544, 0.0]
- [0.766044443118978, 0.38567256581192355, 0.0]
- [0.7518398074789774, 0.39560748906004134, 0.0]
- [0.737277336810124, 0.4053541245693961, 0.0]
- [0.7223639620597556, 0.4149078334693616, 0.0]
- [0.7071067811865476, 0.42426406871192845, 0.0]
- [0.6915130557822694, 0.4334183772358533, 0.0]
- [0.6755902076156604, 0.44236640208607436, 0.0]
- [0.659345815100069, 0.45110388448738636, 0.0]
- [0.6427876096865394, 0.4596266658713868, 0.0]
- [0.6259234721840592, 0.467930689855729, 0.0]
- [0.6087614290087207, 0.4760120041747411, 0.0]
- [0.5913096483635825, 0.4838667625604895, 0.0]
- [0.5735764363510462, 0.491491226573395, 0.0]
- [0.5555702330196023, 0.4988817673815271, 0.0]
- [0.5372996083468239, 0.5060348674877314, 0.0]
- [0.5187732581605213, 0.512947122403768, 0.0]
- [0.5000000000000001, 0.5196152422706631, 0.0]
- [0.48098876891938774, 0.5260360534245045, 0.0]
- [0.46174861323503386, 0.532206499906933, 0.0]
- [0.44228869021900125, 0.538123644919613, 0.0]
- [0.42261826174069944, 0.5437846722219899, 0.0]
- [0.40274668985873724, 0.5491868874716682, 0.0]
- [0.38268343236508984, 0.5543277195067721, 0.0]
- [0.3624380382837017, 0.559204721569679, 0.0]
- [0.3420201433256688, 0.563815572471545, 0.0]
- [0.3214394653031617, 0.5681580776970633, 0.0]
- [0.30070579950427306, 0.5722301704489361, 0.0]
- [0.2798290140309922, 0.5760299126315571, 0.0]
- [0.25881904510252096, 0.5795554957734409, 0.0]
- [0.2376858923261731, 0.5828052418879568, 0.0]
- [0.2164396139381029, 0.58577760427196, 0.0]
- [0.19509032201612833, 0.5884711682419382, 0.0]
- [0.17364817766693041, 0.5908846518073247, 0.0]
- [0.1521233861899168, 0.5930169062806564, 0.0]
- [0.1305261922200515, 0.5948669168242862, 0.0]
- [0.10886687485196474, 0.5964338029333918, 0.0]
- [0.08715574274765814, 0.5977168188550473, 0.0]
- [0.06540312923014305, 0.5987153539431621, 0.0]
- [0.04361938736533601, 0.5994289329491147, 0.0]
- [0.02181488503456116, 0.5998572162479454, 0.0]
- [6.123233995736766e-17, 0.6, 0.0]
- [-0.021814885034561034, 0.5998572162479454, 0.0]
- [-0.04361938736533589, 0.5994289329491147, 0.0]
- [-0.06540312923014292, 0.5987153539431621, 0.0]
- [-0.08715574274765801, 0.5977168188550473, 0.0]
- [-0.10886687485196461, 0.5964338029333918, 0.0]
- [-0.13052619222005138, 0.5948669168242863, 0.0]
- [-0.1521233861899167, 0.5930169062806564, 0.0]
- [-0.1736481776669303, 0.5908846518073247, 0.0]
- [-0.1950903220161282, 0.5884711682419382, 0.0]
- [-0.21643961393810257, 0.58577760427196, 0.0]
- [-0.23768589232617318, 0.5828052418879568, 0.0]
- [-0.25881904510252085, 0.579555495773441, 0.0]
- [-0.2798290140309921, 0.5760299126315572, 0.0]
- [-0.30070579950427295, 0.5722301704489361, 0.0]
- [-0.32143946530316136, 0.5681580776970634, 0.0]
- [-0.3420201433256685, 0.563815572471545, 0.0]
- [-0.3624380382837016, 0.5592047215696792, 0.0]
- [-0.3826834323650897, 0.5543277195067721, 0.0]
- [-0.40274668985873713, 0.5491868874716683, 0.0]
- [-0.42261826174069933, 0.54378467222199, 0.0]
- [-0.44228869021900113, 0.538123644919613, 0.0]
- [-0.4617486132350342, 0.5322064999069329, 0.0]
- [-0.48098876891938747, 0.5260360534245047, 0.0]
- [-0.4999999999999998, 0.5196152422706632, 0.0]
- [-0.5187732581605212, 0.512947122403768, 0.0]
- [-0.5372996083468236, 0.5060348674877315, 0.0]
- [-0.5555702330196023, 0.49888176738152706, 0.0]
- [-0.5735764363510462, 0.491491226573395, 0.0]
- [-0.5913096483635825, 0.4838667625604895, 0.0]
- [-0.6087614290087207, 0.4760120041747411, 0.0]
- [-0.6259234721840587, 0.4679306898557292, 0.0]
- [-0.6427876096865394, 0.4596266658713868, 0.0]
- [-0.6593458151000688, 0.4511038844873864, 0.0]
- [-0.6755902076156602, 0.4423664020860744, 0.0]
- [-0.6915130557822693, 0.43341837723585336, 0.0]
- [-0.7071067811865475, 0.4242640687119285, 0.0]
- [-0.7223639620597555, 0.4149078334693617, 0.0]
- [-0.737277336810124, 0.4053541245693962, 0.0]
- [-0.7518398074789773, 0.39560748906004134, 0.0]
- [-0.7660444431189779, 0.38567256581192366, 0.0]
- [-0.7798844830928816, 0.3755540833104355, 0.0]
- [-0.793353340291235, 0.3652568574052325, 0.0]
- [-0.8064446042674827, 0.35478578901814933, 0.0]
- [-0.8191520442889919, 0.34414586181062756, 0.0]
- [-0.8314696123025453, 0.3333421398117613, 0.0]
- [-0.8433914458128855, 0.32237976500809445, 0.0]
- [-0.8549118706729464, 0.31126395489631303, 0.0]
- [-0.8660254037844385, 0.3000000000000002, 0.0]
- [-0.8767267557075077, 0.28859326135163255, 0.0]
- [-0.8870108331782217, 0.27704916794102036, 0.0]
- [-0.8968727415326883, 0.26537321413140075, 0.0]
- [-0.9063077870366499, 0.2535709570444197, 0.0]
- [-0.9153114791194471, 0.24164801391524238, 0.0]
- [-0.9238795325112867, 0.22961005941905394, 0.0]
- [-0.9320078692827984, 0.21746282297022104, 0.0]
- [-0.9396926207859083, 0.20521208599540133, 0.0]
- [-0.9469301294951056, 0.19286367918189704, 0.0]
- [-0.9537169507482268, 0.180423479702564, 0.0]
- [-0.9600498543859287, 0.1678974084185951, 0.0]
- [-0.9659258262890683, 0.15529142706151233, 0.0]
- [-0.9713420698132613, 0.142611535395704, 0.0]
- [-0.9762960071199333, 0.1298637683628619, 0.0]
- [-0.9807852804032304, 0.11705419320967717, 0.0]
- [-0.984807753012208, 0.10418890660015816, 0.0]
- [-0.9883615104677607, 0.09127403171394997, 0.0]
- [-0.9914448613738104, 0.07831571533203094, 0.0]
- [-0.9940563382223196, 0.06532012491117874, 0.0]
- [-0.9961946980917455, 0.052293445648594915, 0.0]
- [-0.9978589232386035, 0.03924187753808613, 0.0]
- [-0.9990482215818578, 0.026171632419201642, 0.0]
- [-0.9997620270799091, 0.01308893102073673, 0.0]
- [-1.0, 7.347880794884119e-17, 0.0]
- [-0.9997620270799091, -0.013088931020736584, 0.0]
- [-0.9990482215818578, -0.026171632419201497, 0.0]
- [-0.9978589232386035, -0.03924187753808599, 0.0]
- [-0.9961946980917455, -0.05229344564859476, 0.0]
- [-0.9940563382223196, -0.06532012491117858, 0.0]
- [-0.9914448613738105, -0.07831571533203079, 0.0]
- [-0.9883615104677608, -0.09127403171394985, 0.0]
- [-0.9848077530122081, -0.10418890660015802, 0.0]
- [-0.9807852804032304, -0.11705419320967701, 0.0]
- [-0.9762960071199334, -0.12986376836286176, 0.0]
- [-0.9713420698132614, -0.14261153539570387, 0.0]
- [-0.9659258262890684, -0.1552914270615122, 0.0]
- [-0.9600498543859288, -0.167897408418595, 0.0]
- [-0.9537169507482269, -0.18042347970256384, 0.0]
- [-0.9469301294951057, -0.19286367918189692, 0.0]
- [-0.9396926207859084, -0.2052120859954012, 0.0]
- [-0.9320078692827986, -0.2174628229702209, 0.0]
- [-0.9238795325112868, -0.2296100594190538, 0.0]
- [-0.9153114791194472, -0.24164801391524224, 0.0]
- [-0.9063077870366503, -0.25357095704441934, 0.0]
- [-0.8968727415326886, -0.2653732141314004, 0.0]
- [-0.8870108331782216, -0.27704916794102047, 0.0]
- [-0.8767267557075076, -0.28859326135163266, 0.0]
- [-0.8660254037844386, -0.30000000000000004, 0.0]
- [-0.8549118706729465, -0.3112639548963129, 0.0]
- [-0.8433914458128856, -0.32237976500809434, 0.0]
- [-0.8314696123025455, -0.33334213981176114, 0.0]
- [-0.819152044288992, -0.3441458618106275, 0.0]
- [-0.8064446042674828, -0.3547857890181492, 0.0]
- [-0.7933533402912354, -0.36525685740523217, 0.0]
- [-0.779884483092882, -0.3755540833104352, 0.0]
- [-0.7660444431189783, -0.38567256581192333, 0.0]
- [-0.7518398074789772, -0.3956074890600415, 0.0]
- [-0.7372773368101241, -0.40535412456939607, 0.0]
- [-0.7223639620597556, -0.41490783346936155, 0.0]
- [-0.7071067811865477, -0.42426406871192845, 0.0]
- [-0.6915130557822695, -0.4334183772358533, 0.0]
- [-0.6755902076156604, -0.4423664020860743, 0.0]
- [-0.6593458151000691, -0.45110388448738636, 0.0]
- [-0.6427876096865395, -0.45962666587138673, 0.0]
- [-0.6259234721840596, -0.46793068985572883, 0.0]
- [-0.6087614290087209, -0.47601200417474093, 0.0]
- [-0.5913096483635822, -0.48386676256048955, 0.0]
- [-0.5735764363510457, -0.4914912265733953, 0.0]
- [-0.5555702330196022, -0.4988817673815271, 0.0]
- [-0.5372996083468242, -0.5060348674877313, 0.0]
- [-0.5187732581605214, -0.5129471224037679, 0.0]
- [-0.5000000000000004, -0.519615242270663, 0.0]
- [-0.4809887689193877, -0.5260360534245045, 0.0]
- [-0.46174861323503436, -0.5322064999069329, 0.0]
- [-0.44228869021900136, -0.538123644919613, 0.0]
- [-0.42261826174069994, -0.5437846722219898, 0.0]
- [-0.40274668985873735, -0.5491868874716682, 0.0]
- [-0.3826834323650895, -0.5543277195067721, 0.0]
- [-0.3624380382837018, -0.559204721569679, 0.0]
- [-0.34202014332566855, -0.563815572471545, 0.0]
- [-0.3214394653031618, -0.5681580776970633, 0.0]
- [-0.30070579950427295, -0.5722301704489361, 0.0]
- [-0.27982901403099236, -0.5760299126315571, 0.0]
- [-0.25881904510252063, -0.579555495773441, 0.0]
- [-0.23768589232617343, -0.5828052418879568, 0.0]
- [-0.21643961393810368, -0.5857776042719599, 0.0]
- [-0.19509032201612866, -0.5884711682419381, 0.0]
- [-0.17364817766693033, -0.5908846518073247, 0.0]
- [-0.15212338618991628, -0.5930169062806564, 0.0]
- [-0.13052619222005163, -0.5948669168242862, 0.0]
- [-0.1088668748519642, -0.5964338029333918, 0.0]
- [-0.08715574274765825, -0.5977168188550473, 0.0]
- [-0.06540312923014362, -0.5987153539431621, 0.0]
- [-0.04361938736533613, -0.5994289329491147, 0.0]
- [-0.021814885034561724, -0.5998572162479454, 0.0]
- [-1.8369701987210297e-16, -0.6, 0.0]
- [0.021814885034560468, -0.5998572162479454, 0.0]
- [0.043619387365335764, -0.5994289329491147, 0.0]
- [0.06540312923014326, -0.5987153539431621, 0.0]
- [0.08715574274765789, -0.5977168188550473, 0.0]
- [0.10886687485196471, -0.5964338029333918, 0.0]
- [0.13052619222005127, -0.5948669168242863, 0.0]
- [0.15212338618991678, -0.5930169062806564, 0.0]
- [0.17364817766692997, -0.5908846518073249, 0.0]
- [0.1950903220161283, -0.5884711682419382, 0.0]
- [0.21643961393810246, -0.58577760427196, 0.0]
- [0.23768589232617307, -0.5828052418879568, 0.0]
- [0.2588190451025203, -0.579555495773441, 0.0]
- [0.27982901403099114, -0.5760299126315573, 0.0]
- [0.30070579950427345, -0.5722301704489361, 0.0]
- [0.3214394653031615, -0.5681580776970634, 0.0]
- [0.342020143325669, -0.563815572471545, 0.0]
- [0.36243803828370147, -0.5592047215696792, 0.0]
- [0.38268343236509, -0.554327719506772, 0.0]
- [0.402746689858737, -0.5491868874716683, 0.0]
- [0.42261826174069883, -0.5437846722219901, 0.0]
- [0.442288690219001, -0.5381236449196131, 0.0]
- [0.46174861323503325, -0.5322064999069333, 0.0]
- [0.48098876891938736, -0.5260360534245048, 0.0]
- [0.49999999999999933, -0.5196152422706634, 0.0]
- [0.5187732581605219, -0.5129471224037678, 0.0]
- [0.5372996083468239, -0.5060348674877314, 0.0]
- [0.5555702330196018, -0.49888176738152723, 0.0]
- [0.573576436351046, -0.49149122657339506, 0.0]
- [0.591309648363582, -0.4838667625604897, 0.0]
- [0.6087614290087205, -0.4760120041747411, 0.0]
- [0.6259234721840586, -0.4679306898557293, 0.0]
- [0.6427876096865393, -0.45962666587138684, 0.0]
- [0.6593458151000684, -0.4511038844873867, 0.0]
- [0.6755902076156601, -0.44236640208607453, 0.0]
- [0.6915130557822695, -0.43341837723585325, 0.0]
- [0.7071067811865474, -0.4242640687119286, 0.0]
- [0.7223639620597557, -0.4149078334693615, 0.0]
- [0.7372773368101239, -0.4053541245693963, 0.0]
- [0.7518398074789775, -0.39560748906004123, 0.0]
- [0.7660444431189778, -0.3856725658119237, 0.0]
- [0.7798844830928818, -0.3755540833104354, 0.0]
- [0.7933533402912349, -0.3652568574052325, 0.0]
- [0.8064446042674821, -0.3547857890181498, 0.0]
- [0.8191520442889916, -0.3441458618106279, 0.0]
- [0.8314696123025448, -0.33334213981176175, 0.0]
- [0.8433914458128859, -0.32237976500809407, 0.0]
- [0.8549118706729466, -0.31126395489631287, 0.0]
- [0.8660254037844388, -0.29999999999999977, 0.0]
- [0.8767267557075077, -0.28859326135163266, 0.0]
- [0.8870108331782215, -0.27704916794102064, 0.0]
- [0.8968727415326883, -0.26537321413140086, 0.0]
- [0.9063077870366497, -0.25357095704442, 0.0]
- [0.9153114791194471, -0.24164801391524243, 0.0]
- [0.9238795325112865, -0.2296100594190542, 0.0]
- [0.9320078692827984, -0.2174628229702211, 0.0]
- [0.9396926207859084, -0.20521208599540117, 0.0]
- [0.9469301294951056, -0.19286367918189712, 0.0]
- [0.9537169507482269, -0.1804234797025638, 0.0]
- [0.9600498543859286, -0.16789740841859543, 0.0]
- [0.9659258262890683, -0.15529142706151242, 0.0]
- [0.9713420698132613, -0.1426115353957041, 0.0]
- [0.9762960071199334, -0.12986376836286173, 0.0]
- [0.9807852804032303, -0.11705419320967722, 0.0]
- [0.984807753012208, -0.10418890660015823, 0.0]
- [0.9883615104677607, -0.09127403171395031, 0.0]
- [0.9914448613738103, -0.07831571533203154, 0.0]
- [0.9940563382223196, -0.06532012491117854, 0.0]
- [0.9961946980917455, -0.05229344564859499, 0.0]
- [0.9978589232386035, -0.039241877538085675, 0.0]
- [0.9990482215818578, -0.026171632419201715, 0.0]
- [0.9997620270799091, -0.013088931020736539, 0.0]
- [0.5000000000000001, -0.48249986782275867, 0.0]
- [0.5000000000000001, -0.44538449337485414, 0.0]
- [0.5000000000000001, -0.4082691189269496, 0.0]
- [0.5000000000000001, -0.3711537444790451, 0.0]
- [0.5000000000000001, -0.33403837003114056, 0.0]
- [0.5000000000000001, -0.29692299558323604, 0.0]
- [0.5000000000000001, -0.25980762113533157, 0.0]
- [0.5000000000000001, -0.22269224668742707, 0.0]
- [0.5000000000000001, -0.18557687223952252, 0.0]
- [0.5000000000000001, -0.14846149779161802, 0.0]
- [0.5000000000000001, -0.11134612334371354, 0.0]
- [0.5000000000000001, -0.07423074889580905, 0.0]
- [0.5000000000000001, -0.0371153744479045, 0.0]
- [0.5000000000000001, 0.0, 0.0]
- [0.5000000000000001, 0.0371153744479045, 0.0]
- [0.5000000000000001, 0.074230748895809, 0.0]
- [0.5000000000000001, 0.11134612334371348, 0.0]
- [0.5000000000000001, 0.1484614977916181, 0.0]
- [0.5000000000000001, 0.1855768722395226, 0.0]
- [0.5000000000000001, 0.22269224668742707, 0.0]
- [0.5000000000000001, 0.25980762113533157, 0.0]
- [0.5000000000000001, 0.29692299558323604, 0.0]
- [0.5000000000000001, 0.33403837003114056, 0.0]
- [0.5000000000000001, 0.37115374447904503, 0.0]
- [0.5000000000000001, 0.40826911892694967, 0.0]
- [0.5000000000000001, 0.44538449337485414, 0.0]
- [0.5000000000000001, 0.48249986782275867, 0.0]
- [6.123233995736766e-17, -0.5571428571428572, 0.0]
- [6.123233995736766e-17, -0.5142857142857143, 0.0]
- [6.123233995736766e-17, -0.4714285714285714, 0.0]
- [6.123233995736766e-17, -0.42857142857142855, 0.0]
- [6.123233995736766e-17, -0.3857142857142857, 0.0]
- [6.123233995736766e-17, -0.3428571428571428, 0.0]
- [6.123233995736766e-17, -0.3, 0.0]
- [6.123233995736766e-17, -0.2571428571428572, 0.0]
- [6.123233995736766e-17, -0.21428571428571425, 0.0]
- [6.123233995736766e-17, -0.1714285714285714, 0.0]
- [6.123233995736766e-17, -0.1285714285714286, 0.0]
- [6.123233995736766e-17, -0.08571428571428574, 0.0]
- [6.123233995736766e-17, -0.04285714285714284, 0.0]
- [6.123233995736766e-17, 0.0, 0.0]
- [6.123233995736766e-17, 0.04285714285714284, 0.0]
- [6.123233995736766e-17, 0.08571428571428567, 0.0]
- [6.123233995736766e-17, 0.1285714285714285, 0.0]
- [6.123233995736766e-17, 0.17142857142857149, 0.0]
- [6.123233995736766e-17, 0.21428571428571433, 0.0]
- [6.123233995736766e-17, 0.2571428571428572, 0.0]
- [6.123233995736766e-17, 0.3, 0.0]
- [6.123233995736766e-17, 0.3428571428571428, 0.0]
- [6.123233995736766e-17, 0.3857142857142857, 0.0]
- [6.123233995736766e-17, 0.4285714285714285, 0.0]
- [6.123233995736766e-17, 0.4714285714285715, 0.0]
- [6.123233995736766e-17, 0.5142857142857143, 0.0]
- [6.123233995736766e-17, 0.5571428571428572, 0.0]
- [-0.4999999999999998, -0.4824998678227588, 0.0]
- [-0.4999999999999998, -0.4453844933748543, 0.0]
- [-0.4999999999999998, -0.4082691189269497, 0.0]
- [-0.4999999999999998, -0.3711537444790452, 0.0]
- [-0.4999999999999998, -0.3340383700311406, 0.0]
- [-0.4999999999999998, -0.29692299558323615, 0.0]
- [-0.4999999999999998, -0.2598076211353316, 0.0]
- [-0.4999999999999998, -0.22269224668742715, 0.0]
- [-0.4999999999999998, -0.1855768722395226, 0.0]
- [-0.4999999999999998, -0.14846149779161807, 0.0]
- [-0.4999999999999998, -0.11134612334371358, 0.0]
- [-0.4999999999999998, -0.07423074889580906, 0.0]
- [-0.4999999999999998, -0.037115374447904505, 0.0]
- [-0.4999999999999998, 0.0, 0.0]
- [-0.4999999999999998, 0.037115374447904505, 0.0]
- [-0.4999999999999998, 0.07423074889580901, 0.0]
- [-0.4999999999999998, 0.11134612334371351, 0.0]
- [-0.4999999999999998, 0.14846149779161813, 0.0]
- [-0.4999999999999998, 0.18557687223952263, 0.0]
- [-0.4999999999999998, 0.22269224668742715, 0.0]
- [-0.4999999999999998, 0.2598076211353316, 0.0]
- [-0.4999999999999998, 0.29692299558323615, 0.0]
- [-0.4999999999999998, 0.3340383700311406, 0.0]
- [-0.4999999999999998, 0.3711537444790452, 0.0]
- [-0.4999999999999998, 0.4082691189269497, 0.0]
- [-0.4999999999999998, 0.4453844933748543, 0.0]
- [-0.4999999999999998, 0.4824998678227588, 0.0]
elements:
- [1, 2]
- [2, 3]
- [3, 4]
- [4, 5]
- [5, 6]
- [6, 7]
- [7, 8]
- [8, 9]
- [9, 10]
- [10, 11]
- [11, 12]
- [12, 13]
- [13, 14]
- [14, 15]
- [15, 16]
- [16, 17]
- [17, 18]
- [18, 19]
- [19, 20]
- [20, 21]
- [21, 22]
- [22, 23]
- [23, 24]
- [24, 25]
- [25, 26]
- [26, 27]
- [27, 28]
- [28, 29]
- [29, 30]
- [30, 31]
- [31, 32]
- [32, 33]
- [33, 34]
- [34, 35]
- [35, 36]
- [36, 37]
- [37, 38]
- [38, 39]
- [39, 40]
- [40, 41]
- [41, 42]
- [42, 43]
- [43, 44]
- [44, 45]
- [45, 46]
- [46, 47]
- [47, 48]
- [48, 49]
- [49, 50]
- [50, 51]
- [51, 52]
- [52, 53]
- [53, 54]
- [54, 55]
- [55, 56]
- [56, 57]
- [57, 58]
- [58, 59]
- [59, 60]
- [60, 61]
- [61, 62]
- [62, 63]
- [63, 64]
- [64, 65]
- [65, 66]
- [66, 67]
- [67, 68]
- [68, 69]
- [69, 70]
- [70, 71]
- [71, 72]
- [72, 73]
- [73, 74]
- [74, 75]
- [75, 76]
- [76, 77]
- [77, 78]
- [78, 79]
- [79, 80]
- [80, 81]
- [81, 82]
- [82, 83]
- [83, 84]
- [84, 85]
- [85, 86]
- [86, 87]
- [87, 88]
- [88, 89]
- [89, 90]
- [90, 91]
- [91, 92]
- [92, 93]
- [93, 94]
- [94, 95]
- [95, 96]
- [96, 97]
- [97, 98]
- [98, 99]
- [99, 100]
- [100, 101]
- [101, 102]
- [102, 103]
- [103, 104]
- [104, 105]
- [105, 106]
- [106, 107]
- [107, 108]
- [108, 109]
- [109, 110]
- [110, 111]
- [111, 112]
- [112, 113]
- [113, 114]
- [114, 115]
- [115, 116]
- [116, 117]
- [117, 118]
- [118, 119]
- [119, 120]
- [120, 121]
- [121, 122]
- [122, 123]
- [123, 124]
- [124, 125]
- [125, 126]
- [126, 127]
- [127, 128]
- [128, 129]
- [129, 130]
- [130, 131]
- [131, 132]
- [132, 133]
- [133, 134]
- [134, 135]
- [135, 136]
- [136, 137]
- [137, 138]
- [138, 139]
- [139, 140]
- [140, 141]
- [141, 142]
- [142, 143]
- [143, 144]
- [144, 145]
- [145, 146]
- [146, 147]
- [147, 148]
- [148, 149]
- [149, 150]
- [150, 151]
- [151, 152]
- [152, 153]
- [153, 154]
- [154, 155]
- [155, 156]
- [156, 157]
- [157, 158]
- [158, 159]
- [159, 160]
- [160, 161]
- [161, 162]
- [162, 163]
- [163, 164]
- [164, 165]
- [165, 166]
- [166, 167]
- [167, 168]
- [168, 169]
- [169, 170]
- [170, 171]
- [171, 172]
- [172, 173]
- [173, 174]
- [174, 175]
- [175, 176]
- [176, 177]
- [177, 178]
- [178, 179]
- [179, 180]
- [180, 181]
- [181, 182]
- [182, 183]
- [183, 184]
- [184, 185]
- [185, 186]
- [186, 187]
- [187, 188]
- [188, 189]
- [189, 190]
- [190, 191]
- [191, 192]
- [192, 193]
- [193, 194]
- [194, 195]
- [195, 196]
- [196, 197]
- [197, 198]
- [198, 199]
- [199, 200]
- [200, 201]
- [201, 202]
- [202, 203]
- [203, 204]
- [204, 205]
- [205, 206]
- [206, 207]
- [207, 208]
- [208, 209]
- [209, 210]
- [210, 211]
- [211, 212]
- [212, 213]
- [213, 214]
- [214, 215]
- [215, 216]
- [216, 217]
- [217, 218]
- [218, 219]
- [219, 220]
- [220, 221]
- [221, 222]
- [222, 223]
- [223, 224]
- [224, 225]
- [225, 226]
- [226, 227]
- [227, 228]
- [228, 229]
- [229, 230]
- [230, 231]
- [231, 232]
- [232, 233]
- [233, 234]
- [234, 235]
- [235, 236]
- [236, 237]
- [237, 238]
- [238, 239]
- [239, 240]
- [240, 241]
- [241, 242]
- [242, 243]
- [243, 244]
- [244, 245]
- [245, 246]
- [246, 247]
- [247, 248]
- [248, 249]
- [249, 250]
- [250, 251]
- [251, 252]
- [252, 253]
- [253, 254]
- [254, 255]
- [255, 256]
- [256, 257]
- [257, 258]
- [258, 259]
- [259, 260]
- [260, 261]
- [261, 262]
- [262, 263]
- [263, 264]
- [264, 265]
- [265, 266]
- [266, 267]
- [267, 268]
- [268, 269]
- [269, 270]
- [270, 271]
- [271, 272]
- [272, 273]
- [273, 274]
- [274, 275]
- [275, 276]
- [276, 277]
- [277, 278]
- [278, 279]
- [279, 280]
- [280, 281]
- [281, 282]
- [282, 283]
- [283, 284]
- [284, 285]
- [285, 286]
- [286, 287]
- [287, 288]
- [288, 1]
- [241, 289]
- [289, 290]
- [290, 291]
- [291, 292]
- [292, 293]
- [293, 294]
- [294, 295]
- [295, 296]
- [296, 297]
- [297, 298]
- [298, 299]
- [299, 300]
- [300, 301]
- [301, 302]
- [302, 303]
- [303, 304]
- [304, 305]
- [305, 306]
- [306, 307]
- [307, 308]
- [308, 309]
- [309, 310]
- [310, 311]
- [311, 312]
- [312, 313]
- [313, 314]
- [314, 315]
- [315, 49]
- [217, 316]
- [316, 317]
- [317, 318]
- [318, 319]
- [319, 320]
- [320, 321]
- [321, 322]
- [322, 323]
- [323, 324]
- [324, 325]
- [325, 326]
- [326, 327]
- [327, 328]
- [328, 329]
- [329, 330]
- [330, 331]
- [331, 332]
- [332, 333]
- [333, 334]
- [334, 335]
- [335, 336]
- [336, 337]
- [337, 338]
- [338, 339]
- [339, 340]
- [340, 341]
- [341, 342]
- [342, 73]
- [193, 343]
- [343, 344]
- [344, 345]
- [345, 346]
- [346, 347]
- [347, 348]
- [348, 349]
- [349, 350]
- [350, 351]
- [351, 352]
- [352, 353]
- [353, 354]
- [354, 355]
- [355, 356]
- [356, 357]
- [357, 358]
- [358, 359]
- [359, 360]
- [360, 361]
- [361, 362]
- [362, 363]
- [363, 364]
- [364, 365]
- [365, 366]
- [366, 367]
- [367, 368]
- [368, 369]
- [369, 97]
sections:
- type: shell
  elementSet: wall
  layup:
  - [mat, 0.02, -45.0]
sets:
  element:
  - name: wall
    labels: [1, 2, 3, 4, 5, 6, 7, 8, 9, 10, 11, 12, 13, 14, 15, 16, 17, 18, 19, 20,
      21, 22, 23, 24, 25, 26, 27, 28, 29, 30, 31, 32, 33, 34, 35, 36, 37, 38, 39,
      40, 41, 42, 43, 44, 45, 46, 47, 48, 49, 50, 51, 52, 53, 54, 55, 56, 57, 58,
      59, 60, 61, 62, 63, 64, 65, 66, 67, 68, 69, 70, 71, 72, 73, 74, 75, 76, 77,
      78, 79, 80, 81, 82, 83, 84, 85, 86, 87, 88, 89, 90, 91, 92, 93, 94, 95, 96,
      97, 98, 99, 100, 101, 102, 103, 104, 105, 106, 107, 108, 109, 110, 111, 112,
      113, 114, 115, 116, 117, 118, 119, 120, 121, 122, 123, 124, 125, 126, 127, 128,
      129, 130, 131, 132, 133, 134, 135, 136, 137, 138, 139, 140, 141, 142, 143, 144,
      145, 146, 147, 148, 149, 150, 151, 152, 153, 154, 155, 156, 157, 158, 159, 160,
      161, 162, 163, 164, 165, 166, 167, 168, 169, 170, 171, 172, 173, 174, 175, 176,
      177, 178, 179, 180, 181, 182, 183, 184, 185, 186, 187, 188, 189, 190, 191, 192,
      193, 194, 195, 196, 197, 198, 199, 200, 201, 202, 203, 204, 205, 206, 207, 208,
      209, 210, 211, 212, 213, 214, 215, 216, 217, 218, 219, 220, 221, 222, 223, 224,
      225, 226, 227, 228, 229, 230, 231, 232, 233, 234, 235, 236, 237, 238, 239, 240,
      241, 242, 243, 244, 245, 246, 247, 248, 249, 250, 251, 252, 253, 254, 255, 256,
      257, 258, 259, 260, 261, 262, 263, 264, 265, 266, 267, 268, 269, 270, 271, 272,
      273, 274, 275, 276, 277, 278, 279, 280, 281, 282, 283, 284, 285, 286, 287, 288,
      289, 290, 291, 292, 293, 294, 295, 296, 297, 298, 299, 300, 301, 302, 303, 304,
      305, 306, 307, 308, 309, 310, 311, 312, 313, 314, 315, 316, 317, 318, 319, 320,
      321, 322, 323, 324, 325, 326, 327, 328, 329, 330, 331, 332, 333, 334, 335, 336,
      337, 338, 339, 340, 341, 342, 343, 344, 345, 346, 347, 348, 349, 350, 351, 352,
      353, 354, 355, 356, 357, 358, 359, 360, 361, 362, 363, 364, 365, 366, 367, 368,
      369, 370, 371, 372]
materials:
- name: mat
  density: 1800.0
  elastic:
    E: [37000000000.0, 9000000000.0, 9000000000.0]
    G: [4000000000.0, 4000000000.0, 4000000000.0]
    nu: [0.3, 0.3, 0.3]
elementOrientations:
- [0.0, 0.0, 1.0, -0.018178229957983086, 0.999834762326053, 0.0, -0.999834762326053,
  -0.018178229957983086, 0.0]
- [0.0, 0.0, 1.0, -0.054479986753243205, 0.9985148627052911, 0.0, -0.9985148627052911,
  -0.054479986753243205, 0.0]
- [0.0, 0.0, 1.0, -0.09061843792043273, 0.9958856855627863, 0.0, -0.9958856855627863,
  -0.09061843792043273, 0.0]
- [0.0, 0.0, 1.0, -0.12648736459887688, 0.9919682185417186, 0.0, -0.9919682185417186,
  -0.12648736459887688, 0.0]
- [0.0, 0.0, 1.0, -0.16198443050872793, 0.986793313856941, 0.0, -0.986793313856941,
  -0.16198443050872793, 0.0]
- [0.0, 0.0, 1.0, -0.19701255138612359, 0.9804009662359223, 0.0, -0.9804009662359223,
  -0.19701255138612359, 0.0]
- [0.0, 0.0, 1.0, -0.2314810940552083, 0.9728394025197601, 0.0, -0.9728394025197601,
  -0.2314810940552083, 0.0]
- [0.0, 0.0, 1.0, -0.2653068739836531, 0.964164022673021, 0.0, -0.964164022673021,
  -0.2653068739836531, 0.0]
- [0.0, 0.0, 1.0, -0.29841493108660094, 0.9544362361648782, 0.0, -0.9544362361648782,
  -0.29841493108660094, 0.0]
- [0.0, 0.0, 1.0, -0.33073907477856307, 0.9437222390166611, 0.0, -0.9437222390166612,
  -0.3307390747785631, 0.0]
- [0.0, 0.0, 1.0, -0.36222219998834176, 0.9320917754360918, 0.0, -0.9320917754360918,
  -0.36222219998834176, 0.0]
- [0.0, 0.0, 1.0, -0.3928163853509137, 0.9196169242678401, 0.0, -0.9196169242678401,
  -0.3928163853509137, 0.0]
- [0.0, 0.0, 1.0, -0.42248279256692084, 0.9063709450246384, 0.0, -0.9063709450246384,
  -0.42248279256692084, 0.0]
- [0.0, 0.0, 1.0, -0.4511913916848532, 0.8924272116366048, 0.0, -0.8924272116366048,
  -0.4511913916848532, 0.0]
- [0.0, 0.0, 1.0, -0.47892054073242624, 0.8778582548820512, 0.0, -0.8778582548820512,
  -0.47892054073242624, 0.0]
- [0.0, 0.0, 1.0, -0.5056564498016591, 0.8627349272945789, 0.0, -0.8627349272945789,
  -0.5056564498016591, 0.0]
- [0.0, 0.0, 1.0, -0.53139255961317, 0.8471256976315638, 0.0, -0.8471256976315638,
  -0.53139255961317, 0.0]
- [0.0, 0.0, 1.0, -0.5561288630730954, 0.831096076068842, 0.0, -0.831096076068842,
  -0.5561288630730954, 0.0]
- [0.0, 0.0, 1.0, -0.5798711957545094, 0.8147081663603449, 0.0, -0.8147081663603449,
  -0.5798711957545094, 0.0]
- [0.0, 0.0, 1.0, -0.6026305179471938, 0.7980203373590781, 0.0, -0.7980203373590781,
  -0.6026305179471938, 0.0]
- [0.0, 0.0, 1.0, -0.6244222072568067, 0.7810870035306807, 0.0, -0.7810870035306807,
  -0.6244222072568067, 0.0]
- [0.0, 0.0, 1.0, -0.6452653769777478, 0.7639585023244163, 0.0, -0.7639585023244163,
  -0.6452653769777478, 0.0]
- [0.0, 0.0, 1.0, -0.6651822318337621, 0.7466810553728112, 0.0, -0.7466810553728112,
  -0.6651822318337621, 0.0]
- [0.0, 0.0, 1.0, -0.6841974693351631, 0.7292968003188816, 0.0, -0.7292968003188816,
  -0.6841974693351631, 0.0]
- [0.0, 0.0, 1.0, -0.7023377320428589, 0.7118438804603814, 0.0, -0.7118438804603813,
  -0.7023377320428588, 0.0]
- [0.0, 0.0, 1.0, -0.7196311135094318, 0.6943565802015385, 0.0, -0.6943565802015383,
  -0.7196311135094317, 0.0]
- [0.0, 0.0, 1.0, -0.7361067185994967, 0.676865495377539, 0.0, -0.676865495377539,
  -0.7361067185994967, 0.0]
- [0.0, 0.0, 1.0, -0.7517942772596256, 0.6593977287492557, 0.0, -0.6593977287492557,
  -0.7517942772596256, 0.0]
- [0.0, 0.0, 1.0, -0.7667238095767628, 0.6419771022615184, 0.0, -0.6419771022615184,
  -0.7667238095767628, 0.0]
- [0.0, 0.0, 1.0, -0.7809253390861302, 0.6246243789456289, 0.0, -0.6246243789456289,
  -0.7809253390861302, 0.0]
- [0.0, 0.0, 1.0, -0.7944286507126325, 0.6073574885739916, 0.0, -0.6073574885739916,
  -0.7944286507126325, 0.0]
- [0.0, 0.0, 1.0, -0.8072630894006756, 0.590191752307059, 0.0, -0.590191752307059,
  -0.8072630894006756, 0.0]
- [0.0, 0.0, 1.0, -0.8194573953557629, 0.5731401025898895, 0.0, -0.5731401025898895,
  -0.8194573953557629, 0.0]
- [0.0, 0.0, 1.0, -0.8310395718416029, 0.5562132954481808, 0.0, -0.5562132954481808,
  -0.8310395718416029, 0.0]
- [0.0, 0.0, 1.0, -0.8420367816090147, 0.5394201131006634, 0.0, -0.5394201131006634,
  -0.8420367816090147, 0.0]
- [0.0, 0.0, 1.0, -0.8524752682440321, 0.5227675554510489, 0.0, -0.5227675554510489,
  -0.8524752682440321, 0.0]
- [0.0, 0.0, 1.0, -0.862380298984807, 0.5062610195569819, 0.0, -0.506261019556982,
  -0.8623802989848071, 0.0]
- [0.0, 0.0, 1.0, -0.8717761258482395, 0.48990446660653586, 0.0, -0.4899044666065359,
  -0.8717761258482396, 0.0]
- [0.0, 0.0, 1.0, -0.8806859622108117, 0.4737005762766358, 0.0, -0.47370057627663575,
  -0.8806859622108116, 0.0]
- [0.0, 0.0, 1.0, -0.8891319722911699, 0.45765088861447023, 0.0, -0.45765088861447023,
  -0.8891319722911699, 0.0]
- [0.0, 0.0, 1.0, -0.8971352712754991, 0.4417559337840712, 0.0, -0.4417559337840712,
  -0.8971352712754991, 0.0]
- [0.0, 0.0, 1.0, -0.904715934104412, 0.42601535016661224, 0.0, -0.42601535016661224,
  -0.904715934104412, 0.0]
- [0.0, 0.0, 1.0, -0.9118930111980271, 0.41042799140433234, 0.0, -0.41042799140433234,
  -0.9118930111980271, 0.0]
- [0.0, 0.0, 1.0, -0.9186845496319427, 0.3949920230429403, 0.0, -0.3949920230429403,
  -0.9186845496319427, 0.0]
- [0.0, 0.0, 1.0, -0.9251076184901048, 0.37970500946335517, 0.0, -0.37970500946335517,
  -0.9251076184901048, 0.0]
- [0.0, 0.0, 1.0, -0.9311783373112382, 0.3645639918070322, 0.0, -0.3645639918070322,
  -0.9311783373112382, 0.0]
- [0.0, 0.0, 1.0, -0.9369119067143554, 0.3495655575952399, 0.0, -0.3495655575952399,
  -0.9369119067143554, 0.0]
- [0.0, 0.0, 1.0, -0.9423226404371418, 0.3347059027259201, 0.0, -0.3347059027259201,
  -0.9423226404371419, 0.0]
- [0.0, 0.0, 1.0, -0.9474239981502423, 0.31998088650575635, 0.0, -0.31998088650575635,
  -0.9474239981502423, 0.0]
- [0.0, 0.0, 1.0, -0.952228618522309, 0.3053860803427274, 0.0, -0.3053860803427274,
  -0.952228618522309, 0.0]
- [0.0, 0.0, 1.0, -0.9567483521068173, 0.2909168106880206, 0.0, -0.2909168106880206,
  -0.9567483521068173, 0.0]
- [0.0, 0.0, 1.0, -0.9609942937037754, 0.2765681967775431, 0.0, -0.2765681967775431,
  -0.9609942937037754, 0.0]
- [0.0, 0.0, 1.0, -0.9649768139191707, 0.26233518368378694, 0.0, -0.262335183683787,
  -0.9649768139191708, 0.0]
- [0.0, 0.0, 1.0, -0.9687055897037762, 0.2482125711495274, 0.0, -0.2482125711495274,
  -0.9687055897037762, 0.0]
- [0.0, 0.0, 1.0, -0.9721896337022079, 0.23419503863653235, 0.0, -0.23419503863653235,
  -0.9721896337022079, 0.0]
- [0.0, 0.0, 1.0, -0.9754373222840873, 0.2202771669857085, 0.0, -0.2202771669857085,
  -0.9754373222840873, 0.0]
- [0.0, 0.0, 1.0, -0.9784564221629899, 0.20645345705025422, 0.0, -0.2064534570502542,
  -0.9784564221629898, 0.0]
- [0.0, 0.0, 1.0, -0.9812541155365243, 0.19271834563069903, 0.0, -0.19271834563069903,
  -0.9812541155365243, 0.0]
- [0.0, 0.0, 1.0, -0.9838370237032924, 0.1790662190103072, 0.0, -0.1790662190103072,
  -0.9838370237032924, 0.0]
- [0.0, 0.0, 1.0, -0.9862112291303929, 0.16549142436126263, 0.0, -0.16549142436126263,
  -0.9862112291303929, 0.0]
- [0.0, 0.0, 1.0, -0.9883822959592388, 0.15198827926634337, 0.0, -0.15198827926634337,
  -0.9883822959592387, 0.0]
- [0.0, 0.0, 1.0, -0.9903552889483367, 0.13855107957737672, 0.0, -0.13855107957737672,
  -0.9903552889483367, 0.0]
- [0.0, 0.0, 1.0, -0.9921347908598529, 0.12517410581057042, 0.0, -0.12517410581057042,
  -0.9921347908598529, 0.0]
- [0.0, 0.0, 1.0, -0.9937249183026662, 0.11185162825975975, 0.0, -0.11185162825975975,
  -0.9937249183026662, 0.0]
- [0.0, 0.0, 1.0, -0.9951293360486055, 0.09857791099156901, 0.0, -0.09857791099156901,
  -0.9951293360486055, 0.0]
- [0.0, 0.0, 1.0, -0.9963512698409633, 0.0853472148713704, 0.0, -0.0853472148713704,
  -0.9963512698409633, 0.0]
- [0.0, 0.0, 1.0, -0.9973935177154635, 0.07215379975561444, 0.0, -0.07215379975561444,
  -0.9973935177154635, 0.0]
- [0.0, 0.0, 1.0, -0.9982584598538692, 0.058991925974501494, 0.0, -0.058991925974501494,
  -0.9982584598538692, 0.0]
- [0.0, 0.0, 1.0, -0.998948066989539, 0.04585585521897506, 0.0, -0.04585585521897506,
  -0.998948066989539, 0.0]
- [0.0, 0.0, 1.0, -0.9994639073826468, 0.03273985093753683, 0.0, -0.03273985093753683,
  -0.9994639073826468, 0.0]
- [0.0, 0.0, 1.0, -0.9998071523806145, 0.01963817834135276, 0.0, -0.01963817834135276,
  -0.9998071523806145, 0.0]
- [0.0, 0.0, 1.0, -0.9999785805766958, 0.006545104110460032, 0.0, -0.006545104110460032,
  -0.9999785805766958, 0.0]
- [0.0, 0.0, 1.0, -0.9999785805766958, -0.0065451041104599575, 0.0, 0.0065451041104599575,
  -0.9999785805766958, 0.0]
- [0.0, 0.0, 1.0, -0.9998071523806145, -0.019638178341352685, 0.0, 0.019638178341352685,
  -0.9998071523806145, 0.0]
- [0.0, 0.0, 1.0, -0.9994639073826468, -0.03273985093753675, 0.0, 0.03273985093753675,
  -0.9994639073826468, 0.0]
- [0.0, 0.0, 1.0, -0.998948066989539, -0.045855855218975, 0.0, 0.045855855218975,
  -0.998948066989539, 0.0]
- [0.0, 0.0, 1.0, -0.9982584598538692, -0.05899192597450142, 0.0, 0.05899192597450142,
  -0.9982584598538692, 0.0]
- [0.0, 0.0, 1.0, -0.9973935177154635, -0.07215379975561437, 0.0, 0.07215379975561437,
  -0.9973935177154635, 0.0]
- [0.0, 0.0, 1.0, -0.9963512698409633, -0.0853472148713703, 0.0, 0.0853472148713703,
  -0.9963512698409633, 0.0]
- [0.0, 0.0, 1.0, -0.9951293360486055, -0.09857791099156894, 0.0, 0.09857791099156894,
  -0.9951293360486055, 0.0]
- [0.0, 0.0, 1.0, -0.9937249183026662, -0.11185162825975968, 0.0, 0.11185162825975968,
  -0.9937249183026662, 0.0]
- [0.0, 0.0, 1.0, -0.9921347908598529, -0.12517410581057034, 0.0, 0.12517410581057034,
  -0.9921347908598529, 0.0]
- [0.0, 0.0, 1.0, -0.9903552889483366, -0.1385510795773765, 0.0, 0.1385510795773765,
  -0.9903552889483366, 0.0]
- [0.0, 0.0, 1.0, -0.9883822959592388, -0.1519882792663434, 0.0, 0.1519882792663434,
  -0.9883822959592387, 0.0]
- [0.0, 0.0, 1.0, -0.9862112291303929, -0.16549142436126255, 0.0, 0.16549142436126255,
  -0.9862112291303929, 0.0]
- [0.0, 0.0, 1.0, -0.9838370237032924, -0.1790662190103071, 0.0, 0.1790662190103071,
  -0.9838370237032924, 0.0]
- [0.0, 0.0, 1.0, -0.9812541155365243, -0.19271834563069892, 0.0, 0.19271834563069892,
  -0.9812541155365243, 0.0]
- [0.0, 0.0, 1.0, -0.9784564221629899, -0.20645345705025397, 0.0, 0.20645345705025397,
  -0.9784564221629899, 0.0]
- [0.0, 0.0, 1.0, -0.9754373222840873, -0.22027716698570857, 0.0, 0.22027716698570857,
  -0.9754373222840873, 0.0]
- [0.0, 0.0, 1.0, -0.9721896337022079, -0.23419503863653227, 0.0, 0.23419503863653227,
  -0.9721896337022079, 0.0]
- [0.0, 0.0, 1.0, -0.9687055897037763, -0.24821257114952733, 0.0, 0.24821257114952733,
  -0.9687055897037763, 0.0]
- [0.0, 0.0, 1.0, -0.9649768139191708, -0.26233518368378683, 0.0, 0.26233518368378683,
  -0.9649768139191708, 0.0]
- [0.0, 0.0, 1.0, -0.9609942937037754, -0.2765681967775427, 0.0, 0.27656819677754274,
  -0.9609942937037755, 0.0]
- [0.0, 0.0, 1.0, -0.9567483521068173, -0.2909168106880206, 0.0, 0.2909168106880206,
  -0.9567483521068173, 0.0]
- [0.0, 0.0, 1.0, -0.952228618522309, -0.30538608034272746, 0.0, 0.30538608034272746,
  -0.952228618522309, 0.0]
- [0.0, 0.0, 1.0, -0.9474239981502423, -0.3199808865057563, 0.0, 0.3199808865057563,
  -0.9474239981502423, 0.0]
- [0.0, 0.0, 1.0, -0.9423226404371419, -0.33470590272592005, 0.0, 0.33470590272592005,
  -0.9423226404371419, 0.0]
- [0.0, 0.0, 1.0, -0.9369119067143554, -0.34956555759523983, 0.0, 0.34956555759523983,
  -0.9369119067143554, 0.0]
- [0.0, 0.0, 1.0, -0.9311783373112382, -0.3645639918070321, 0.0, 0.3645639918070321,
  -0.9311783373112382, 0.0]
- [0.0, 0.0, 1.0, -0.9251076184901049, -0.3797050094633551, 0.0, 0.3797050094633551,
  -0.9251076184901049, 0.0]
- [0.0, 0.0, 1.0, -0.9186845496319427, -0.3949920230429401, 0.0, 0.3949920230429401,
  -0.9186845496319427, 0.0]
- [0.0, 0.0, 1.0, -0.9118930111980271, -0.4104279914043323, 0.0, 0.41042799140433234,
  -0.9118930111980272, 0.0]
- [0.0, 0.0, 1.0, -0.904715934104412, -0.4260153501666122, 0.0, 0.4260153501666122,
  -0.904715934104412, 0.0]
- [0.0, 0.0, 1.0, -0.8971352712754992, -0.44175593378407113, 0.0, 0.44175593378407113,
  -0.8971352712754992, 0.0]
- [0.0, 0.0, 1.0, -0.8891319722911698, -0.4576508886144704, 0.0, 0.4576508886144704,
  -0.8891319722911698, 0.0]
- [0.0, 0.0, 1.0, -0.8806859622108116, -0.47370057627663587, 0.0, 0.47370057627663587,
  -0.8806859622108116, 0.0]
- [0.0, 0.0, 1.0, -0.8717761258482396, -0.48990446660653564, 0.0, 0.48990446660653564,
  -0.8717761258482396, 0.0]
- [0.0, 0.0, 1.0, -0.8623802989848072, -0.5062610195569817, 0.0, 0.5062610195569817,
  -0.8623802989848072, 0.0]
- [0.0, 0.0, 1.0, -0.8524752682440323, -0.5227675554510487, 0.0, 0.5227675554510487,
  -0.8524752682440323, 0.0]
- [0.0, 0.0, 1.0, -0.8420367816090146, -0.5394201131006634, 0.0, 0.5394201131006634,
  -0.8420367816090146, 0.0]
- [0.0, 0.0, 1.0, -0.8310395718416029, -0.5562132954481808, 0.0, 0.5562132954481808,
  -0.8310395718416029, 0.0]
- [0.0, 0.0, 1.0, -0.8194573953557629, -0.5731401025898895, 0.0, 0.5731401025898895,
  -0.8194573953557629, 0.0]
- [0.0, 0.0, 1.0, -0.8072630894006756, -0.590191752307059, 0.0, 0.590191752307059,
  -0.8072630894006756, 0.0]
- [0.0, 0.0, 1.0, -0.7944286507126325, -0.6073574885739916, 0.0, 0.6073574885739916,
  -0.7944286507126325, 0.0]
- [0.0, 0.0, 1.0, -0.7809253390861305, -0.6246243789456285, 0.0, 0.6246243789456285,
  -0.7809253390861305, 0.0]
- [0.0, 0.0, 1.0, -0.7667238095767629, -0.6419771022615184, 0.0, 0.6419771022615184,
  -0.7667238095767629, 0.0]
- [0.0, 0.0, 1.0, -0.7517942772596258, -0.6593977287492557, 0.0, 0.6593977287492557,
  -0.7517942772596258, 0.0]
- [0.0, 0.0, 1.0, -0.7361067185994968, -0.6768654953775389, 0.0, 0.6768654953775389,
  -0.7361067185994968, 0.0]
- [0.0, 0.0, 1.0, -0.7196311135094318, -0.6943565802015383, 0.0, 0.6943565802015382,
  -0.7196311135094317, 0.0]
- [0.0, 0.0, 1.0, -0.7023377320428591, -0.711843880460381, 0.0, 0.7118438804603809,
  -0.702337732042859, 0.0]
- [0.0, 0.0, 1.0, -0.6841974693351628, -0.7292968003188817, 0.0, 0.7292968003188817,
  -0.6841974693351628, 0.0]
- [0.0, 0.0, 1.0, -0.6651822318337625, -0.746681055372811, 0.0, 0.746681055372811,
  -0.6651822318337625, 0.0]
- [0.0, 0.0, 1.0, -0.6452653769777479, -0.7639585023244161, 0.0, 0.7639585023244161,
  -0.6452653769777479, 0.0]
- [0.0, 0.0, 1.0, -0.6244222072568071, -0.7810870035306805, 0.0, 0.7810870035306805,
  -0.6244222072568071, 0.0]
- [0.0, 0.0, 1.0, -0.6026305179471941, -0.7980203373590778, 0.0, 0.7980203373590778,
  -0.6026305179471941, 0.0]
- [0.0, 0.0, 1.0, -0.5798711957545093, -0.8147081663603449, 0.0, 0.8147081663603449,
  -0.5798711957545093, 0.0]
- [0.0, 0.0, 1.0, -0.5561288630730953, -0.831096076068842, 0.0, 0.831096076068842,
  -0.5561288630730953, 0.0]
- [0.0, 0.0, 1.0, -0.5313925596131698, -0.8471256976315639, 0.0, 0.8471256976315639,
  -0.5313925596131698, 0.0]
- [0.0, 0.0, 1.0, -0.505656449801659, -0.8627349272945789, 0.0, 0.8627349272945789,
  -0.505656449801659, 0.0]
- [0.0, 0.0, 1.0, -0.47892054073242674, -0.877858254882051, 0.0, 0.877858254882051,
  -0.47892054073242674, 0.0]
- [0.0, 0.0, 1.0, -0.4511913916848538, -0.8924272116366044, 0.0, 0.8924272116366044,
  -0.4511913916848538, 0.0]
- [0.0, 0.0, 1.0, -0.42248279256692084, -0.9063709450246384, 0.0, 0.9063709450246384,
