# garg caseA [0/90/0], S = a/h = 10 -- 3-D DISPLACEMENT recovery, Yu-2003 Eq. 65
# plate part u^2d from: ABAQUS RM-shell job garg_caseA_S10.dat  (harmonic fit residual 3.00e-08)
# stations: U1, U2 at x = 0 (cos peak); U3 at x = a/2 (sin peak)
# 
# U_1 = U - x3 (p W) + w1 ; U_2 = V + w2 ; U_3 = W + w3   (Kirchhoff
# composition -- the raw warping tilt carries the mean shear; z*phi
# would double-count it, see msgrm_warping_at_depth)
#   plate DOF amplitudes [U, V, W, F1, F2] = [0, 0, 9.43695e-05, -0.000160094, 0]
#   (rotations F1/F2 are fitted and recorded but the composition
#    needs only U, V, W; Abaqus map phi1 = UR2, phi2 = -UR1; the
#    rigid-body constants of the deck's pins are fitted out -- the
#    exact solution carries the zero-span-average gauge)
#   strain amplitudes Es = [0, 0, 0, 0.000502949, 0, 0]
#   warping arguments: E6,1 = p Es at x = 0 ; E6 = Es and
#   E6,11 = -p^2 Es at x = a/2
# 
# gauge check: <U1_exact> over the thickness = 3.078240e-08 vs plate u0 = 0.000000e+00
# 
# rel L2 errors vs exact 3-D [%]:  U1   1.4203   U2   0.0000 (U2_exact ~ 0: denominator floored at 1e-3 ||U1||)   U3   1.3006
# 
# columns: z[m]  U1_rec U1_exact  U2_rec U2_exact  U3_rec U3_exact  [m]
  -5.000000e-02    9.433453e-06    9.351472e-06    1.647803e-21    1.305522e-22    9.436697e-05    9.289381e-05
  -4.958333e-02    9.310435e-06    9.230272e-06    1.647803e-21    1.305525e-22    9.436802e-05    9.289762e-05
  -4.916667e-02    9.188094e-06    9.109859e-06    1.647803e-21    1.305534e-22    9.436902e-05    9.290138e-05
  -4.875000e-02    9.066426e-06    8.990224e-06    1.647803e-21    1.305548e-22    9.436999e-05    9.290509e-05
  -4.833333e-02    8.945423e-06    8.871356e-06    1.647803e-21    1.305567e-22    9.437091e-05    9.290876e-05
  -4.791667e-02    8.825081e-06    8.753246e-06    1.647803e-21    1.305592e-22    9.437180e-05    9.291238e-05
  -4.750000e-02    8.705394e-06    8.635883e-06    1.647803e-21    1.305623e-22    9.437264e-05    9.291595e-05
  -4.708333e-02    8.586355e-06    8.519256e-06    1.647803e-21    1.305659e-22    9.437344e-05    9.291948e-05
  -4.666667e-02    8.467960e-06    8.403357e-06    1.647803e-21    1.305701e-22    9.437421e-05    9.292296e-05
  -4.625000e-02    8.350203e-06    8.288175e-06    1.647803e-21    1.305749e-22    9.437494e-05    9.292640e-05
  -4.583333e-02    8.233078e-06    8.173700e-06    1.647803e-21    1.305802e-22    9.437563e-05    9.292980e-05
  -4.541667e-02    8.116579e-06    8.059923e-06    1.647803e-21    1.305861e-22    9.437628e-05    9.293315e-05
  -4.500000e-02    8.000700e-06    7.946834e-06    1.647803e-21    1.305925e-22    9.437690e-05    9.293646e-05
  -4.458333e-02    7.885437e-06    7.834423e-06    1.647803e-21    1.305995e-22    9.437748e-05    9.293974e-05
  -4.416667e-02    7.770782e-06    7.722681e-06    1.647803e-21    1.306071e-22    9.437803e-05    9.294297e-05
  -4.375000e-02    7.656731e-06    7.611598e-06    1.647803e-21    1.306152e-22    9.437854e-05    9.294616e-05
  -4.333333e-02    7.543278e-06    7.501164e-06    1.647803e-21    1.306238e-22    9.437902e-05    9.294932e-05
  -4.291667e-02    7.430417e-06    7.391370e-06    1.647803e-21    1.306331e-22    9.437946e-05    9.295243e-05
  -4.250000e-02    7.318143e-06    7.282207e-06    1.647803e-21    1.306429e-22    9.437987e-05    9.295551e-05
  -4.208333e-02    7.206449e-06    7.173666e-06    1.647803e-21    1.306532e-22    9.438026e-05    9.295855e-05
  -4.166667e-02    7.095330e-06    7.065736e-06    1.647803e-21    1.306641e-22    9.438061e-05    9.296156e-05
  -4.125000e-02    6.984781e-06    6.958410e-06    1.647803e-21    1.306756e-22    9.438093e-05    9.296453e-05
  -4.083333e-02    6.874795e-06    6.851677e-06    1.647803e-21    1.306876e-22    9.438122e-05    9.296746e-05
  -4.041667e-02    6.765367e-06    6.745529e-06    1.647803e-21    1.307002e-22    9.438147e-05    9.297036e-05
  -4.000000e-02    6.656492e-06    6.639956e-06    1.647803e-21    1.307133e-22    9.438171e-05    9.297323e-05
  -3.958333e-02    6.548163e-06    6.534950e-06    1.647803e-21    1.307270e-22    9.438191e-05    9.297606e-05
  -3.916667e-02    6.440375e-06    6.430501e-06    1.647803e-21    1.307413e-22    9.438208e-05    9.297886e-05
  -3.875000e-02    6.333122e-06    6.326601e-06    1.647803e-21    1.307561e-22    9.438223e-05    9.298163e-05
  -3.833333e-02    6.226399e-06    6.223240e-06    1.647803e-21    1.307715e-22    9.438235e-05    9.298437e-05
  -3.791667e-02    6.120199e-06    6.120410e-06    1.647803e-21    1.307875e-22    9.438245e-05    9.298708e-05
  -3.750000e-02    6.014517e-06    6.018102e-06    1.647803e-21    1.308040e-22    9.438252e-05    9.298975e-05
  -3.708333e-02    5.909348e-06    5.916307e-06    1.647803e-21    1.308211e-22    9.438256e-05    9.299240e-05
  -3.666667e-02    5.804686e-06    5.815017e-06    1.647803e-21    1.308387e-22    9.438258e-05    9.299502e-05
  -3.625000e-02    5.700524e-06    5.714223e-06    1.647803e-21    1.308569e-22    9.438257e-05    9.299761e-05
  -3.583333e-02    5.596858e-06    5.613916e-06    1.647803e-21    1.308756e-22    9.438255e-05    9.300017e-05
  -3.541667e-02    5.493682e-06    5.514088e-06    1.647803e-21    1.308949e-22    9.438249e-05    9.300270e-05
  -3.500000e-02    5.390990e-06    5.414729e-06    1.647803e-21    1.309148e-22    9.438242e-05    9.300520e-05
  -3.458333e-02    5.288775e-06    5.315832e-06    1.647803e-21    1.309352e-22    9.438232e-05    9.300768e-05
  -3.416667e-02    5.187034e-06    5.217389e-06    1.647803e-21    1.309562e-22    9.438221e-05    9.301013e-05
  -3.375000e-02    5.085759e-06    5.119390e-06    1.647803e-21    1.309778e-22    9.438207e-05    9.301256e-05
  -3.333333e-02    4.984945e-06    5.021827e-06    1.647803e-21    1.309999e-22    9.438191e-05    9.301496e-05
  -3.291667e-02    4.884587e-06    4.924692e-06    1.647803e-21    1.310226e-22    9.438173e-05    9.301733e-05
  -3.250000e-02    4.784679e-06    4.827977e-06    1.647803e-21    1.310458e-22    9.438153e-05    9.301969e-05
  -3.208333e-02    4.685214e-06    4.731673e-06    1.647803e-21    1.310696e-22    9.438131e-05    9.302201e-05
  -3.166667e-02    4.586188e-06    4.635772e-06    1.647803e-21    1.310940e-22    9.438107e-05    9.302432e-05
  -3.125000e-02    4.487595e-06    4.540266e-06    1.647803e-21    1.311189e-22    9.438082e-05    9.302660e-05
  -3.083333e-02    4.389429e-06    4.445146e-06    1.647803e-21    1.311444e-22    9.438055e-05    9.302885e-05
  -3.041667e-02    4.291684e-06    4.350405e-06    1.647803e-21    1.311704e-22    9.438025e-05    9.303109e-05
  -3.000000e-02    4.194355e-06    4.256034e-06    1.647803e-21    1.311970e-22    9.437995e-05    9.303330e-05
  -2.958333e-02    4.097436e-06    4.162026e-06    1.647803e-21    1.312242e-22    9.437962e-05    9.303549e-05
  -2.916667e-02    4.000920e-06    4.068372e-06    1.647803e-21    1.312519e-22    9.437928e-05    9.303766e-05
  -2.875000e-02    3.904804e-06    3.975064e-06    1.647803e-21    1.312802e-22    9.437893e-05    9.303981e-05
  -2.833333e-02    3.809080e-06    3.882094e-06    1.647803e-21    1.313091e-22    9.437855e-05    9.304193e-05
  -2.791667e-02    3.713744e-06    3.789454e-06    1.647803e-21    1.313385e-22    9.437817e-05    9.304404e-05
  -2.750000e-02    3.618788e-06    3.697137e-06    1.647803e-21    1.313685e-22    9.437777e-05    9.304613e-05
  -2.708333e-02    3.524209e-06    3.605134e-06    1.647803e-21    1.313990e-22    9.437735e-05    9.304819e-05
  -2.666667e-02    3.430000e-06    3.513437e-06    1.647803e-21    1.314301e-22    9.437692e-05    9.305024e-05
  -2.625000e-02    3.336155e-06    3.422039e-06    1.647803e-21    1.314618e-22    9.437648e-05    9.305227e-05
  -2.583333e-02    3.242669e-06    3.330932e-06    1.647803e-21    1.314940e-22    9.437602e-05    9.305428e-05
  -2.541667e-02    3.149536e-06    3.240107e-06    1.647803e-21    1.315268e-22    9.437555e-05    9.305627e-05
  -2.500000e-02    3.056750e-06    3.149558e-06    1.647803e-21    1.315602e-22    9.437507e-05    9.305825e-05
  -2.458333e-02    2.964305e-06    3.059276e-06    1.647803e-21    1.315941e-22    9.437458e-05    9.306020e-05
  -2.416667e-02    2.872197e-06    2.969254e-06    1.647803e-21    1.316286e-22    9.437408e-05    9.306214e-05
  -2.375000e-02    2.780419e-06    2.879483e-06    1.647803e-21    1.316636e-22    9.437356e-05    9.306406e-05
  -2.333333e-02    2.688965e-06    2.789957e-06    1.647803e-21    1.316993e-22    9.437303e-05    9.306596e-05
  -2.291667e-02    2.597830e-06    2.700667e-06    1.647803e-21    1.317354e-22    9.437250e-05    9.306785e-05
  -2.250000e-02    2.507009e-06    2.611606e-06    1.647803e-21    1.317722e-22    9.437195e-05    9.306972e-05
  -2.208333e-02    2.416494e-06    2.522766e-06    1.647803e-21    1.318095e-22    9.437139e-05    9.307157e-05
  -2.166667e-02    2.326282e-06    2.434140e-06    1.647803e-21    1.318474e-22    9.437082e-05    9.307341e-05
  -2.125000e-02    2.236366e-06    2.345720e-06    1.647803e-21    1.318858e-22    9.437025e-05    9.307523e-05
  -2.083333e-02    2.146740e-06    2.257498e-06    1.647803e-21    1.319248e-22    9.436966e-05    9.307704e-05
  -2.041667e-02    2.057398e-06    2.169467e-06    1.647803e-21    1.319644e-22    9.436907e-05    9.307883e-05
  -2.000000e-02    1.968336e-06    2.081619e-06    1.647803e-21    1.320045e-22    9.436846e-05    9.308060e-05
  -1.958333e-02    1.879547e-06    1.993946e-06    1.647803e-21    1.320452e-22    9.436785e-05    9.308236e-05
  -1.916667e-02    1.791025e-06    1.906442e-06    1.647803e-21    1.320864e-22    9.436723e-05    9.308411e-05
  -1.875000e-02    1.702765e-06    1.819099e-06    1.647803e-21    1.321283e-22    9.436661e-05    9.308584e-05
  -1.833333e-02    1.614762e-06    1.731908e-06    1.647803e-21    1.321707e-22    9.436597e-05    9.308755e-05
  -1.791667e-02    1.527009e-06    1.644863e-06    1.647803e-21    1.322136e-22    9.436533e-05    9.308925e-05
  -1.750000e-02    1.439501e-06    1.557957e-06    1.647803e-21    1.322572e-22    9.436468e-05    9.309094e-05
  -1.708333e-02    1.352232e-06    1.471181e-06    1.647803e-21    1.323013e-22    9.436403e-05    9.309261e-05
  -1.666667e-02    1.265197e-06    1.384528e-06    1.647803e-21    1.323459e-22    9.436337e-05    9.309427e-05
  -1.666667e-02    1.265197e-06    1.384528e-06    1.647803e-21    1.323459e-22    9.436337e-05    9.309427e-05
  -1.625000e-02    1.233287e-06    1.350838e-06    1.644434e-21    1.291247e-22    9.436279e-05    9.309582e-05
  -1.583333e-02    1.201399e-06    1.317156e-06    1.641066e-21    1.259034e-22    9.436223e-05    9.309737e-05
  -1.541667e-02    1.169532e-06    1.283481e-06    1.637696e-21    1.226820e-22    9.436168e-05    9.309894e-05
  -1.500000e-02    1.137685e-06    1.249814e-06    1.634326e-21    1.194605e-22    9.436114e-05    9.310052e-05
  -1.458333e-02    1.105857e-06    1.216152e-06    1.630955e-21    1.162390e-22    9.436062e-05    9.310211e-05
  -1.416667e-02    1.074048e-06    1.182497e-06    1.627584e-21    1.130174e-22    9.436012e-05    9.310371e-05
  -1.375000e-02    1.042258e-06    1.148848e-06    1.624212e-21    1.097958e-22    9.435963e-05    9.310532e-05
  -1.333333e-02    1.010486e-06    1.115204e-06    1.620839e-21    1.065741e-22    9.435915e-05    9.310694e-05
  -1.291667e-02    9.787313e-07    1.081566e-06    1.617466e-21    1.033524e-22    9.435869e-05    9.310857e-05
  -1.250000e-02    9.469934e-07    1.047932e-06    1.614092e-21    1.001307e-22    9.435824e-05    9.311021e-05
  -1.208333e-02    9.152718e-07    1.014303e-06    1.610718e-21    9.690890e-23    9.435781e-05    9.311186e-05
  -1.166667e-02    8.835660e-07    9.806787e-07    1.607343e-21    9.368709e-23    9.435739e-05    9.311352e-05
  -1.125000e-02    8.518755e-07    9.470577e-07    1.603968e-21    9.046526e-23    9.435699e-05    9.311519e-05
  -1.083333e-02    8.201996e-07    9.134403e-07    1.600592e-21    8.724341e-23    9.435660e-05    9.311688e-05
  -1.041667e-02    7.885379e-07    8.798261e-07    1.597216e-21    8.402154e-23    9.435623e-05    9.311857e-05
  -1.000000e-02    7.568897e-07    8.462147e-07    1.593840e-21    8.079966e-23    9.435587e-05    9.312027e-05
  -9.583333e-03    7.252546e-07    8.126058e-07    1.590463e-21    7.757777e-23    9.435552e-05    9.312199e-05
  -9.166667e-03    6.936321e-07    7.789991e-07    1.587085e-21    7.435589e-23    9.435519e-05    9.312371e-05
  -8.750000e-03    6.620215e-07    7.453942e-07    1.583707e-21    7.113400e-23    9.435488e-05    9.312545e-05
  -8.333333e-03    6.304223e-07    7.117907e-07    1.580329e-21    6.791213e-23    9.435458e-05    9.312719e-05
  -7.916667e-03    5.988340e-07    6.781884e-07    1.576951e-21    6.469026e-23    9.435429e-05    9.312895e-05
  -7.500000e-03    5.672560e-07    6.445869e-07    1.573572e-21    6.146841e-23    9.435402e-05    9.313071e-05
  -7.083333e-03    5.356879e-07    6.109859e-07    1.570192e-21    5.824658e-23    9.435376e-05    9.313249e-05
  -6.666667e-03    5.041289e-07    5.773849e-07    1.566813e-21    5.502478e-23    9.435352e-05    9.313428e-05
  -6.250000e-03    4.725787e-07    5.437837e-07    1.563433e-21    5.180301e-23    9.435329e-05    9.313607e-05
  -5.833333e-03    4.410367e-07    5.101820e-07    1.560053e-21    4.858127e-23    9.435308e-05    9.313788e-05
  -5.416667e-03    4.095022e-07    4.765793e-07    1.556673e-21    4.535957e-23    9.435288e-05    9.313970e-05
  -5.000000e-03    3.779749e-07    4.429754e-07    1.553292e-21    4.213792e-23    9.435269e-05    9.314153e-05
  -4.583333e-03    3.464540e-07    4.093699e-07    1.549912e-21    3.891631e-23    9.435253e-05    9.314337e-05
  -4.166667e-03    3.149392e-07    3.757625e-07    1.546531e-21    3.569476e-23    9.435237e-05    9.314522e-05
  -3.750000e-03    2.834297e-07    3.421528e-07    1.543150e-21    3.247326e-23    9.435223e-05    9.314708e-05
  -3.333333e-03    2.519252e-07    3.085405e-07    1.539768e-21    2.925183e-23    9.435211e-05    9.314895e-05
  -2.916667e-03    2.204250e-07    2.749252e-07    1.536387e-21    2.603046e-23    9.435200e-05    9.315083e-05
  -2.500000e-03    1.889287e-07    2.413067e-07    1.533006e-21    2.280916e-23    9.435190e-05    9.315272e-05
  -2.083333e-03    1.574356e-07    2.076845e-07    1.529624e-21    1.958793e-23    9.435182e-05    9.315462e-05
  -1.666667e-03    1.259452e-07    1.740583e-07    1.526242e-21    1.636679e-23    9.435175e-05    9.315654e-05
  -1.250000e-03    9.445699e-08    1.404278e-07    1.522860e-21    1.314573e-23    9.435170e-05    9.315846e-05
  -8.333333e-04    6.297042e-08    1.067927e-07    1.519479e-21    9.924760e-24    9.435167e-05    9.316039e-05
  -4.166667e-04    3.148494e-08    7.315256e-08    1.516097e-21    6.703882e-24    9.435164e-05    9.316234e-05
  -3.469447e-18   -2.333633e-21    3.950709e-08    1.512715e-21    3.483103e-24    9.435164e-05    9.316429e-05
   4.166667e-04   -3.148494e-08    5.855932e-09    1.509333e-21    2.624253e-25    9.435164e-05    9.316626e-05
   8.333333e-04   -6.297042e-08   -2.780124e-08    1.505951e-21   -2.958145e-24    9.435167e-05    9.316823e-05
   1.250000e-03   -9.445699e-08   -6.146478e-08    1.502569e-21   -6.178604e-24    9.435170e-05    9.317022e-05
   1.666667e-03   -1.259452e-07   -9.513502e-08    1.499188e-21   -9.398947e-24    9.435175e-05    9.317221e-05
   2.083333e-03   -1.574356e-07   -1.288123e-07    1.495806e-21   -1.261917e-23    9.435182e-05    9.317422e-05
   2.500000e-03   -1.889287e-07   -1.624970e-07    1.492424e-21   -1.583927e-23    9.435190e-05    9.317624e-05
   2.916667e-03   -2.204250e-07   -1.961894e-07    1.489043e-21   -1.905924e-23    9.435200e-05    9.317826e-05
   3.333333e-03   -2.519252e-07   -2.298898e-07    1.485661e-21   -2.227907e-23    9.435211e-05    9.318030e-05
   3.750000e-03   -2.834297e-07   -2.635987e-07    1.482280e-21   -2.549876e-23    9.435223e-05    9.318235e-05
   4.166667e-03   -3.149392e-07   -2.973163e-07    1.478899e-21   -2.871832e-23    9.435237e-05    9.318441e-05
   4.583333e-03   -3.464540e-07   -3.310430e-07    1.475518e-21   -3.193772e-23    9.435253e-05    9.318648e-05
   5.000000e-03   -3.779749e-07   -3.647792e-07    1.472137e-21   -3.515697e-23    9.435269e-05    9.318855e-05
   5.416667e-03   -4.095022e-07   -3.985251e-07    1.468757e-21   -3.837607e-23    9.435288e-05    9.319064e-05
   5.833333e-03   -4.410367e-07   -4.322811e-07    1.465377e-21   -4.159500e-23    9.435308e-05    9.319274e-05
   6.250000e-03   -4.725787e-07   -4.660476e-07    1.461997e-21   -4.481377e-23    9.435329e-05    9.319485e-05
   6.666667e-03   -5.041289e-07   -4.998249e-07    1.458617e-21   -4.803237e-23    9.435352e-05    9.319697e-05
   7.083333e-03   -5.356879e-07   -5.336134e-07    1.455237e-21   -5.125079e-23    9.435376e-05    9.319911e-05
   7.500000e-03   -5.672560e-07   -5.674133e-07    1.451858e-21   -5.446903e-23    9.435402e-05    9.320125e-05
   7.916667e-03   -5.988340e-07   -6.012250e-07    1.448479e-21   -5.768709e-23    9.435429e-05    9.320340e-05
   8.333333e-03   -6.304223e-07   -6.350490e-07    1.445101e-21   -6.090496e-23    9.435458e-05    9.320556e-05
   8.750000e-03   -6.620215e-07   -6.688854e-07    1.441723e-21   -6.412263e-23    9.435488e-05    9.320773e-05
   9.166667e-03   -6.936321e-07   -7.027347e-07    1.438345e-21   -6.734011e-23    9.435519e-05    9.320992e-05
   9.583333e-03   -7.252546e-07   -7.365971e-07    1.434967e-21   -7.055739e-23    9.435552e-05    9.321211e-05
   1.000000e-02   -7.568897e-07   -7.704732e-07    1.431590e-21   -7.377445e-23    9.435587e-05    9.321431e-05
   1.041667e-02   -7.885379e-07   -8.043630e-07    1.428214e-21   -7.699131e-23    9.435623e-05    9.321653e-05
   1.083333e-02   -8.201996e-07   -8.382672e-07    1.424837e-21   -8.020795e-23    9.435660e-05    9.321875e-05
   1.125000e-02   -8.518755e-07   -8.721859e-07    1.421462e-21   -8.342437e-23    9.435699e-05    9.322098e-05
   1.166667e-02   -8.835660e-07   -9.061195e-07    1.418087e-21   -8.664056e-23    9.435739e-05    9.322323e-05
   1.208333e-02   -9.152718e-07   -9.400683e-07    1.414712e-21   -8.985652e-23    9.435781e-05    9.322548e-05
   1.250000e-02   -9.469934e-07   -9.740327e-07    1.411338e-21   -9.307225e-23    9.435824e-05    9.322775e-05
   1.291667e-02   -9.787313e-07   -1.008013e-06    1.407964e-21   -9.628774e-23    9.435869e-05    9.323003e-05
   1.333333e-02   -1.010486e-06   -1.042010e-06    1.404591e-21   -9.950299e-23    9.435915e-05    9.323231e-05
   1.375000e-02   -1.042258e-06   -1.076023e-06    1.401218e-21   -1.027180e-22    9.435963e-05    9.323461e-05
   1.416667e-02   -1.074048e-06   -1.110053e-06    1.397846e-21   -1.059327e-22    9.436012e-05    9.323691e-05
   1.458333e-02   -1.105857e-06   -1.144101e-06    1.394475e-21   -1.091472e-22    9.436062e-05    9.323923e-05
   1.500000e-02   -1.137685e-06   -1.178166e-06    1.391104e-21   -1.123614e-22    9.436114e-05    9.324156e-05
   1.541667e-02   -1.169532e-06   -1.212249e-06    1.387734e-21   -1.155754e-22    9.436168e-05    9.324389e-05
   1.583333e-02   -1.201399e-06   -1.246351e-06    1.384364e-21   -1.187891e-22    9.436223e-05    9.324624e-05
   1.625000e-02   -1.233287e-06   -1.280471e-06    1.380995e-21   -1.220025e-22    9.436279e-05    9.324860e-05
   1.666667e-02   -1.265197e-06   -1.314611e-06    1.377627e-21   -1.252156e-22    9.436337e-05    9.325096e-05
   1.666667e-02   -1.265197e-06   -1.314611e-06    1.377627e-21   -1.252156e-22    9.436337e-05    9.325096e-05
   1.708333e-02   -1.352232e-06   -1.401570e-06    1.377627e-21   -1.251733e-22    9.436403e-05    9.325323e-05
   1.750000e-02   -1.439501e-06   -1.488655e-06    1.377627e-21   -1.251316e-22    9.436468e-05    9.325547e-05
   1.791667e-02   -1.527009e-06   -1.575873e-06    1.377627e-21   -1.250904e-22    9.436533e-05    9.325771e-05
   1.833333e-02   -1.614762e-06   -1.663232e-06    1.377627e-21   -1.250498e-22    9.436597e-05    9.325993e-05
   1.875000e-02   -1.702765e-06   -1.750739e-06    1.377627e-21   -1.250097e-22    9.436661e-05    9.326213e-05
   1.916667e-02   -1.791025e-06   -1.838402e-06    1.377627e-21   -1.249701e-22    9.436723e-05    9.326432e-05
   1.958333e-02   -1.879547e-06   -1.926229e-06    1.377627e-21   -1.249311e-22    9.436785e-05    9.326649e-05
   2.000000e-02   -1.968336e-06   -2.014226e-06    1.377627e-21   -1.248926e-22    9.436846e-05    9.326865e-05
   2.041667e-02   -2.057398e-06   -2.102402e-06    1.377627e-21   -1.248546e-22    9.436907e-05    9.327080e-05
   2.083333e-02   -2.146740e-06   -2.190764e-06    1.377627e-21   -1.248172e-22    9.436966e-05    9.327292e-05
   2.125000e-02   -2.236366e-06   -2.279319e-06    1.377627e-21   -1.247803e-22    9.437025e-05    9.327504e-05
   2.166667e-02   -2.326282e-06   -2.368076e-06    1.377627e-21   -1.247439e-22    9.437082e-05    9.327713e-05
   2.208333e-02   -2.416494e-06   -2.457041e-06    1.377627e-21   -1.247081e-22    9.437139e-05    9.327921e-05
   2.250000e-02   -2.507009e-06   -2.546223e-06    1.377627e-21   -1.246728e-22    9.437195e-05    9.328128e-05
   2.291667e-02   -2.597830e-06   -2.635629e-06    1.377627e-21   -1.246380e-22    9.437250e-05    9.328333e-05
   2.333333e-02   -2.688965e-06   -2.725266e-06    1.377627e-21   -1.246038e-22    9.437303e-05    9.328536e-05
   2.375000e-02   -2.780419e-06   -2.815144e-06    1.377627e-21   -1.245701e-22    9.437356e-05    9.328737e-05
   2.416667e-02   -2.872197e-06   -2.905268e-06    1.377627e-21   -1.245369e-22    9.437408e-05    9.328937e-05
   2.458333e-02   -2.964305e-06   -2.995647e-06    1.377627e-21   -1.245043e-22    9.437458e-05    9.329135e-05
   2.500000e-02   -3.056750e-06   -3.086289e-06    1.377627e-21   -1.244722e-22    9.437507e-05    9.329331e-05
   2.541667e-02   -3.149536e-06   -3.177202e-06    1.377627e-21   -1.244406e-22    9.437555e-05    9.329525e-05
   2.583333e-02   -3.242669e-06   -3.268392e-06    1.377627e-21   -1.244096e-22    9.437602e-05    9.329717e-05
   2.625000e-02   -3.336155e-06   -3.359869e-06    1.377627e-21   -1.243791e-22    9.437648e-05    9.329908e-05
   2.666667e-02   -3.430000e-06   -3.451640e-06    1.377627e-21   -1.243491e-22    9.437692e-05    9.330097e-05
   2.708333e-02   -3.524209e-06   -3.543712e-06    1.377627e-21   -1.243197e-22    9.437735e-05    9.330283e-05
   2.750000e-02   -3.618788e-06   -3.636095e-06    1.377627e-21   -1.242908e-22    9.437777e-05    9.330468e-05
   2.791667e-02   -3.713744e-06   -3.728795e-06    1.377627e-21   -1.242624e-22    9.437817e-05    9.330651e-05
   2.833333e-02   -3.809080e-06   -3.821820e-06    1.377627e-21   -1.242346e-22    9.437855e-05    9.330832e-05
   2.875000e-02   -3.904804e-06   -3.915179e-06    1.377627e-21   -1.242073e-22    9.437893e-05    9.331011e-05
   2.916667e-02   -4.000920e-06   -4.008880e-06    1.377627e-21   -1.241805e-22    9.437928e-05    9.331187e-05
   2.958333e-02   -4.097436e-06   -4.102930e-06    1.377627e-21   -1.241543e-22    9.437962e-05    9.331362e-05
   3.000000e-02   -4.194355e-06   -4.197338e-06    1.377627e-21   -1.241286e-22    9.437995e-05    9.331534e-05
   3.041667e-02   -4.291684e-06   -4.292111e-06    1.377627e-21   -1.241034e-22    9.438025e-05    9.331704e-05
   3.083333e-02   -4.389429e-06   -4.387259e-06    1.377627e-21   -1.240788e-22    9.438055e-05    9.331872e-05
   3.125000e-02   -4.487595e-06   -4.482788e-06    1.377627e-21   -1.240547e-22    9.438082e-05    9.332038e-05
   3.166667e-02   -4.586188e-06   -4.578708e-06    1.377627e-21   -1.240311e-22    9.438107e-05    9.332202e-05
   3.208333e-02   -4.685214e-06   -4.675026e-06    1.377627e-21   -1.240081e-22    9.438131e-05    9.332363e-05
   3.250000e-02   -4.784679e-06   -4.771751e-06    1.377627e-21   -1.239855e-22    9.438153e-05    9.332521e-05
   3.291667e-02   -4.884587e-06   -4.868891e-06    1.377627e-21   -1.239635e-22    9.438173e-05    9.332677e-05
   3.333333e-02   -4.984945e-06   -4.966455e-06    1.377627e-21   -1.239421e-22    9.438191e-05    9.332831e-05
   3.375000e-02   -5.085759e-06   -5.064450e-06    1.377627e-21   -1.239212e-22    9.438207e-05    9.332982e-05
   3.416667e-02   -5.187034e-06   -5.162885e-06    1.377627e-21   -1.239008e-22    9.438221e-05    9.333131e-05
   3.458333e-02   -5.288775e-06   -5.261768e-06    1.377627e-21   -1.238809e-22    9.438232e-05    9.333277e-05
   3.500000e-02   -5.390990e-06   -5.361109e-06    1.377627e-21   -1.238616e-22    9.438242e-05    9.333420e-05
   3.541667e-02   -5.493682e-06   -5.460915e-06    1.377627e-21   -1.238428e-22    9.438249e-05    9.333561e-05
   3.583333e-02   -5.596858e-06   -5.561195e-06    1.377627e-21   -1.238245e-22    9.438255e-05    9.333699e-05
   3.625000e-02   -5.700524e-06   -5.661958e-06    1.377627e-21   -1.238068e-22    9.438257e-05    9.333834e-05
   3.666667e-02   -5.804686e-06   -5.763212e-06    1.377627e-21   -1.237896e-22    9.438258e-05    9.333966e-05
   3.708333e-02   -5.909348e-06   -5.864966e-06    1.377627e-21   -1.237729e-22    9.438256e-05    9.334096e-05
   3.750000e-02   -6.014517e-06   -5.967229e-06    1.377627e-21   -1.237567e-22    9.438252e-05    9.334222e-05
   3.791667e-02   -6.120199e-06   -6.070009e-06    1.377627e-21   -1.237411e-22    9.438245e-05    9.334346e-05
   3.833333e-02   -6.226399e-06   -6.173315e-06    1.377627e-21   -1.237260e-22    9.438235e-05    9.334466e-05
   3.875000e-02   -6.333122e-06   -6.277156e-06    1.377627e-21   -1.237115e-22    9.438223e-05    9.334583e-05
   3.916667e-02   -6.440375e-06   -6.381541e-06    1.377627e-21   -1.236974e-22    9.438208e-05    9.334697e-05
   3.958333e-02   -6.548163e-06   -6.486479e-06    1.377627e-21   -1.236839e-22    9.438191e-05    9.334808e-05
   4.000000e-02   -6.656492e-06   -6.591979e-06    1.377627e-21   -1.236710e-22    9.438171e-05    9.334916e-05
   4.041667e-02   -6.765367e-06   -6.698050e-06    1.377627e-21   -1.236585e-22    9.438147e-05    9.335020e-05
   4.083333e-02   -6.874795e-06   -6.804701e-06    1.377627e-21   -1.236466e-22    9.438122e-05    9.335121e-05
   4.125000e-02   -6.984781e-06   -6.911940e-06    1.377627e-21   -1.236352e-22    9.438093e-05    9.335219e-05
   4.166667e-02   -7.095330e-06   -7.019778e-06    1.377627e-21   -1.236244e-22    9.438061e-05    9.335312e-05
   4.208333e-02   -7.206449e-06   -7.128224e-06    1.377627e-21   -1.236141e-22    9.438026e-05    9.335403e-05
   4.250000e-02   -7.318143e-06   -7.237286e-06    1.377627e-21   -1.236043e-22    9.437987e-05    9.335489e-05
   4.291667e-02   -7.430417e-06   -7.346974e-06    1.377627e-21   -1.235950e-22    9.437946e-05    9.335572e-05
   4.333333e-02   -7.543278e-06   -7.457298e-06    1.377627e-21   -1.235863e-22    9.437902e-05    9.335652e-05
   4.375000e-02   -7.656731e-06   -7.568267e-06    1.377627e-21   -1.235781e-22    9.437854e-05    9.335727e-05
   4.416667e-02   -7.770782e-06   -7.679890e-06    1.377627e-21   -1.235704e-22    9.437803e-05    9.335799e-05
   4.458333e-02   -7.885437e-06   -7.792177e-06    1.377627e-21   -1.235633e-22    9.437748e-05    9.335866e-05
   4.500000e-02   -8.000700e-06   -7.905137e-06    1.377627e-21   -1.235567e-22    9.437690e-05    9.335930e-05
   4.541667e-02   -8.116579e-06   -8.018781e-06    1.377627e-21   -1.235506e-22    9.437628e-05    9.335989e-05
   4.583333e-02   -8.233078e-06   -8.133117e-06    1.377627e-21   -1.235450e-22    9.437563e-05    9.336044e-05
   4.625000e-02   -8.350203e-06   -8.248156e-06    1.377627e-21   -1.235400e-22    9.437494e-05    9.336095e-05
   4.666667e-02   -8.467960e-06   -8.363908e-06    1.377627e-21   -1.235355e-22    9.437421e-05    9.336142e-05
   4.708333e-02   -8.586355e-06   -8.480382e-06    1.377627e-21   -1.235315e-22    9.437344e-05    9.336184e-05
   4.750000e-02   -8.705394e-06   -8.597588e-06    1.377627e-21   -1.235281e-22    9.437264e-05    9.336222e-05
   4.791667e-02   -8.825081e-06   -8.715536e-06    1.377627e-21   -1.235252e-22    9.437180e-05    9.336255e-05
   4.833333e-02   -8.945423e-06   -8.834237e-06    1.377627e-21   -1.235228e-22    9.437091e-05    9.336284e-05
   4.875000e-02   -9.066426e-06   -8.953700e-06    1.377627e-21   -1.235209e-22    9.436999e-05    9.336308e-05
   4.916667e-02   -9.188094e-06   -9.073937e-06    1.377627e-21   -1.235196e-22    9.436902e-05    9.336327e-05
   4.958333e-02   -9.310435e-06   -9.194956e-06    1.377627e-21   -1.235188e-22    9.436802e-05    9.336341e-05
   5.000000e-02   -9.433453e-06   -9.316768e-06    1.377627e-21   -1.235186e-22    9.436697e-05    9.336351e-05
