# caseA -- MSG-RM vs EXACT (Pagano) benchmark 1,  S = a/h = 100
# reference surface: MID-SURFACE (fraction = 0.5) everywhere
# stations: x = 0 (s13, Q1 = q0/p), x = a/2 (s33)
# plies: pagano(3.333mm/0), pagano(3.333mm/90), pagano(3.333mm/0)
# 
# RM 8x8 ABDG (rows e11,e22,g12,k11,k22,k12,2g13,2g23):
#     1.704261e+08   2.506266e+06   5.064329e-11   8.023660e-11  -7.042124e-13   1.855185e-29   0.000000e+00   0.000000e+00
#     2.506266e+06   9.022556e+07   4.860221e-09   2.052823e-13   3.425506e-11   1.575842e-27   0.000000e+00   0.000000e+00
#     5.064329e-11   4.860221e-09   5.000000e+06   2.458485e-29   1.580180e-27   1.681849e-12   0.000000e+00   0.000000e+00
#     7.625756e-11  -4.455878e-12  -1.583350e-29   2.014295e+03   2.088555e+01   4.689193e-17   0.000000e+00   0.000000e+00
#    -3.432697e-12   3.118552e-11   1.551387e-27   2.088555e+01   1.578019e+02   4.500205e-15   0.000000e+00   0.000000e+00
#     1.600599e-29   1.574461e-27   1.681849e-12   4.689193e-17   4.500205e-15   4.166667e+01   0.000000e+00   0.000000e+00
#     0.000000e+00   0.000000e+00   0.000000e+00   0.000000e+00   0.000000e+00   0.000000e+00   2.333725e+06   2.071768e-05
#     0.000000e+00   0.000000e+00   0.000000e+00   0.000000e+00   0.000000e+00   0.000000e+00   2.071768e-05   2.528884e+06
# 
# INPUT FROM STATICS ONLY (statics_fsdt.py sec. 1): Q1(0) = q0/p = 3183.1
#   FF_end (x=0) = [0, 0, 0, 0, 0, 0, 3183.1, 0]
#   plate w(a/2) = 5.139980e-02 ; exact w = 5.139899e-02
# 
# transverse-shear stiffness, the two constructions:
#   G_whitney (complementary energy, Whitney JAM 40 (1973) Eq. (7)):
#     [[ 2.330822e+06, -1.037617e-10], [-1.037617e-10,  2.407192e+06]]
#   G_msg (MSG-RM least-squares projection, Yu 2003 Eq. 61):
#     [[ 2.333725e+06,  2.071768e-05], [ 2.071768e-05,  2.528884e+06]]
#   k1^2 (statics_fsdt.whitney_k1sq, used in the FSDT curve): 0.582778
#   (uniform-k reference 5/6 = 0.8333;  A55 = 4.000000e+06)
# 
# THREE STANDALONE CHAINS, out-of-plane stresses only:
#   exact   Pagano cyl. bending (JCM 3 (1969) 398-411; Garg Eqs. 18-24)
#   MSG-RM  statics -> 8x8 inversion -> Eq.-66 recovery WITH the load
#           ladder (V1L/V2L, Yu Eqs. 29/45): s33 DIRECT from the
#           constitutive law -- Yu's route, no equilibrium integration
#   FSDT    statics Q1 -> staircase C55(z) Q1/(k1^2 A55); NO s33 in FSDT
# rel L2 errors vs exact:  s13   0.044%  (FSDT-Whitney  108.76%)
#   s33 DIRECT   0.012%   (equilibrium-integration cross-check   0.012%)
# s33 faces (bot, top)/q0 = (-0.0000, +1.0000)   (direct recovery)
# 
# columns: z[m]  s13_msg  s13_exact  s13_fsdt  s33_msg_direct  s33_msg_equil  s33_exact  [Pa]
  -5.000000e-03    6.532051e-07    6.612727e-07    6.827423e+05   -1.702574e-09    0.000000e+00    3.462416e-21
  -4.958333e-03    8.217333e+03    8.231240e+03    6.827423e+05    5.352193e-01    5.378232e-01    5.394897e-01
  -4.916667e-03    1.636590e+04    1.639314e+04    6.827423e+05    2.141560e+00    2.146792e+00    2.151908e+00
  -4.875000e-03    2.444571e+04    2.448572e+04    6.827423e+05    4.810021e+00    4.817906e+00    4.828180e+00
  -4.833333e-03    3.245675e+04    3.250898e+04    6.827423e+05    8.531602e+00    8.542163e+00    8.559231e+00
  -4.791667e-03    4.039902e+04    4.046292e+04    6.827423e+05    1.329730e+01    1.331056e+01    1.333599e+01
  -4.750000e-03    4.827253e+04    4.834756e+04    6.827423e+05    1.909812e+01    1.911410e+01    1.914938e+01
  -4.708333e-03    5.607728e+04    5.616290e+04    6.827423e+05    2.592506e+01    2.594378e+01    2.599032e+01
  -4.666667e-03    6.381326e+04    6.390894e+04    6.827423e+05    3.376911e+01    3.379060e+01    3.384976e+01
  -4.625000e-03    7.148048e+04    7.158569e+04    6.827423e+05    4.262128e+01    4.264555e+01    4.271862e+01
  -4.583333e-03    7.907893e+04    7.919317e+04    6.827423e+05    5.247257e+01    5.249964e+01    5.258783e+01
  -4.541667e-03    8.660862e+04    8.673137e+04    6.827423e+05    6.331397e+01    6.334387e+01    6.344832e+01
  -4.500000e-03    9.406955e+04    9.420030e+04    6.827423e+05    7.513648e+01    7.516923e+01    7.529103e+01
  -4.458333e-03    1.014617e+05    1.016000e+05    6.827423e+05    8.793111e+01    8.796672e+01    8.810688e+01
  -4.416667e-03    1.087851e+05    1.089304e+05    6.827423e+05    1.016889e+02    1.017273e+02    1.018868e+02
  -4.375000e-03    1.160397e+05    1.161916e+05    6.827423e+05    1.164007e+02    1.164421e+02    1.166218e+02
  -4.333333e-03    1.232256e+05    1.233835e+05    6.827423e+05    1.320577e+02    1.321020e+02    1.323027e+02
  -4.291667e-03    1.303427e+05    1.305062e+05    6.827423e+05    1.486507e+02    1.486980e+02    1.489205e+02
  -4.250000e-03    1.373910e+05    1.375596e+05    6.827423e+05    1.661709e+02    1.662211e+02    1.664661e+02
  -4.208333e-03    1.443706e+05    1.445439e+05    6.827423e+05    1.846092e+02    1.846624e+02    1.849305e+02
  -4.166667e-03    1.512814e+05    1.514589e+05    6.827423e+05    2.039566e+02    2.040127e+02    2.043046e+02
  -4.125000e-03    1.581235e+05    1.583047e+05    6.827423e+05    2.242042e+02    2.242633e+02    2.245793e+02
  -4.083333e-03    1.648968e+05    1.650813e+05    6.827423e+05    2.453428e+02    2.454049e+02    2.457456e+02
  -4.041667e-03    1.716013e+05    1.717886e+05    6.827423e+05    2.673635e+02    2.674286e+02    2.677944e+02
  -4.000000e-03    1.782370e+05    1.784268e+05    6.827423e+05    2.902573e+02    2.903255e+02    2.907167e+02
  -3.958333e-03    1.848040e+05    1.849959e+05    6.827423e+05    3.140153e+02    3.140865e+02    3.145035e+02
  -3.916667e-03    1.913022e+05    1.914957e+05    6.827423e+05    3.386283e+02    3.387026e+02    3.391455e+02
  -3.875000e-03    1.977317e+05    1.979263e+05    6.827423e+05    3.640875e+02    3.641648e+02    3.646339e+02
  -3.833333e-03    2.040924e+05    2.042878e+05    6.827423e+05    3.903837e+02    3.904641e+02    3.909595e+02
  -3.791667e-03    2.103843e+05    2.105801e+05    6.827423e+05    4.175081e+02    4.175915e+02    4.181133e+02
  -3.750000e-03    2.166075e+05    2.168032e+05    6.827423e+05    4.454515e+02    4.455381e+02    4.460862e+02
  -3.708333e-03    2.227619e+05    2.229572e+05    6.827423e+05    4.742051e+02    4.742947e+02    4.748692e+02
  -3.666667e-03    2.288475e+05    2.290420e+05    6.827423e+05    5.037598e+02    5.038525e+02    5.044533e+02
  -3.625000e-03    2.348644e+05    2.350577e+05    6.827423e+05    5.341065e+02    5.342024e+02    5.348293e+02
  -3.583333e-03    2.408125e+05    2.410043e+05    6.827423e+05    5.652364e+02    5.653354e+02    5.659882e+02
  -3.541667e-03    2.466918e+05    2.468817e+05    6.827423e+05    5.971403e+02    5.972424e+02    5.979210e+02
  -3.500000e-03    2.525024e+05    2.526899e+05    6.827423e+05    6.298094e+02    6.299146e+02    6.306187e+02
  -3.458333e-03    2.582442e+05    2.584291e+05    6.827423e+05    6.632345e+02    6.633429e+02    6.640721e+02
  -3.416667e-03    2.639173e+05    2.640991e+05    6.827423e+05    6.974068e+02    6.975183e+02    6.982722e+02
  -3.375000e-03    2.695216e+05    2.697000e+05    6.827423e+05    7.323171e+02    7.324318e+02    7.332100e+02
  -3.333333e-03    2.750571e+05    2.752318e+05    6.827423e+05    7.679566e+02    7.680744e+02    7.688765e+02
  -3.291667e-03    2.805238e+05    2.806945e+05    6.827423e+05    8.043161e+02    8.044371e+02    8.052625e+02
  -3.250000e-03    2.859218e+05    2.860880e+05    6.827423e+05    8.413867e+02    8.415109e+02    8.423591e+02
  -3.208333e-03    2.912511e+05    2.914125e+05    6.827423e+05    8.791595e+02    8.792867e+02    8.801572e+02
  -3.166667e-03    2.965115e+05    2.966679e+05    6.827423e+05    9.176253e+02    9.177557e+02    9.186477e+02
  -3.125000e-03    3.017032e+05    3.018542e+05    6.827423e+05    9.567752e+02    9.569088e+02    9.578216e+02
  -3.083333e-03    3.068262e+05    3.069714e+05    6.827423e+05    9.966002e+02    9.967369e+02    9.976699e+02
  -3.041667e-03    3.118803e+05    3.120195e+05    6.827423e+05    1.037091e+03    1.037231e+03    1.038184e+03
  -3.000000e-03    3.168657e+05    3.169986e+05    6.827423e+05    1.078239e+03    1.078383e+03    1.079353e+03
  -2.958333e-03    3.217824e+05    3.219086e+05    6.827423e+05    1.120036e+03    1.120182e+03    1.121171e+03
  -2.916667e-03    3.266303e+05    3.267495e+05    6.827423e+05    1.162471e+03    1.162620e+03    1.163626e+03
  -2.875000e-03    3.314094e+05    3.315213e+05    6.827423e+05    1.205537e+03    1.205689e+03    1.206710e+03
  -2.833333e-03    3.361197e+05    3.362241e+05    6.827423e+05    1.249223e+03    1.249379e+03    1.250415e+03
  -2.791667e-03    3.407613e+05    3.408579e+05    6.827423e+05    1.293522e+03    1.293680e+03    1.294731e+03
  -2.750000e-03    3.453341e+05    3.454225e+05    6.827423e+05    1.338423e+03    1.338585e+03    1.339648e+03
  -2.708333e-03    3.498382e+05    3.499182e+05    6.827423e+05    1.383919e+03    1.384084e+03    1.385159e+03
  -2.666667e-03    3.542735e+05    3.543448e+05    6.827423e+05    1.430000e+03    1.430168e+03    1.431254e+03
  -2.625000e-03    3.586400e+05    3.587023e+05    6.827423e+05    1.476657e+03    1.476828e+03    1.477923e+03
  -2.583333e-03    3.629378e+05    3.629908e+05    6.827423e+05    1.523881e+03    1.524055e+03    1.525159e+03
  -2.541667e-03    3.671668e+05    3.672103e+05    6.827423e+05    1.571663e+03    1.571841e+03    1.572951e+03
  -2.500000e-03    3.713270e+05    3.713607e+05    6.827423e+05    1.619994e+03    1.620175e+03    1.621291e+03
  -2.458333e-03    3.754185e+05    3.754422e+05    6.827423e+05    1.668866e+03    1.669049e+03    1.670170e+03
  -2.416667e-03    3.794412e+05    3.794546e+05    6.827423e+05    1.718268e+03    1.718455e+03    1.719579e+03
  -2.375000e-03    3.833951e+05    3.833979e+05    6.827423e+05    1.768192e+03    1.768382e+03    1.769508e+03
  -2.333333e-03    3.872803e+05    3.872723e+05    6.827423e+05    1.818630e+03    1.818823e+03    1.819949e+03
  -2.291667e-03    3.910967e+05    3.910776e+05    6.827423e+05    1.869572e+03    1.869768e+03    1.870893e+03
  -2.250000e-03    3.948443e+05    3.948140e+05    6.827423e+05    1.921008e+03    1.921207e+03    1.922330e+03
  -2.208333e-03    3.985232e+05    3.984813e+05    6.827423e+05    1.972931e+03    1.973133e+03    1.974252e+03
  -2.166667e-03    4.021333e+05    4.020796e+05    6.827423e+05    2.025331e+03    2.025536e+03    2.026649e+03
  -2.125000e-03    4.056747e+05    4.056090e+05    6.827423e+05    2.078199e+03    2.078407e+03    2.079513e+03
  -2.083333e-03    4.091473e+05    4.090693e+05    6.827423e+05    2.131526e+03    2.131737e+03    2.132834e+03
  -2.041667e-03    4.125511e+05    4.124606e+05    6.827423e+05    2.185303e+03    2.185517e+03    2.186604e+03
  -2.000000e-03    4.158862e+05    4.157830e+05    6.827423e+05    2.239521e+03    2.239738e+03    2.240813e+03
  -1.958333e-03    4.191525e+05    4.190363e+05    6.827423e+05    2.294171e+03    2.294391e+03    2.295453e+03
  -1.916667e-03    4.223500e+05    4.222207e+05    6.827423e+05    2.349244e+03    2.349467e+03    2.350514e+03
  -1.875000e-03    4.254788e+05    4.253361e+05    6.827423e+05    2.404732e+03    2.404958e+03    2.405987e+03
  -1.833333e-03    4.285388e+05    4.283825e+05    6.827423e+05    2.460624e+03    2.460853e+03    2.461863e+03
  -1.791667e-03    4.315300e+05    4.313599e+05    6.827423e+05    2.516913e+03    2.517144e+03    2.518134e+03
  -1.750000e-03    4.344525e+05    4.342684e+05    6.827423e+05    2.573588e+03    2.573823e+03    2.574790e+03
  -1.708333e-03    4.373062e+05    4.371078e+05    6.827423e+05    2.630642e+03    2.630879e+03    2.631822e+03
  -1.666667e-03    4.400911e+05    4.398784e+05    6.827423e+05    2.688065e+03    2.688305e+03    2.689222e+03
  -1.666667e-03    4.400911e+05    4.398784e+05    2.730969e+05    2.688065e+03    2.688305e+03    2.689222e+03
  -1.625000e-03    4.401964e+05    4.399863e+05    2.730969e+05    2.745677e+03    2.745919e+03    2.746809e+03
  -1.583333e-03    4.402990e+05    4.400916e+05    2.730969e+05    2.803303e+03    2.803548e+03    2.804410e+03
  -1.541667e-03    4.403990e+05    4.401941e+05    2.730969e+05    2.860942e+03    2.861189e+03    2.862024e+03
  -1.500000e-03    4.404962e+05    4.402939e+05    2.730969e+05    2.918594e+03    2.918844e+03    2.919652e+03
  -1.458333e-03    4.405908e+05    4.403909e+05    2.730969e+05    2.976259e+03    2.976511e+03    2.977293e+03
  -1.416667e-03    4.406828e+05    4.404852e+05    2.730969e+05    3.033936e+03    3.034190e+03    3.034946e+03
  -1.375000e-03    4.407721e+05    4.405768e+05    2.730969e+05    3.091625e+03    3.091881e+03    3.092611e+03
  -1.333333e-03    4.408587e+05    4.406656e+05    2.730969e+05    3.149325e+03    3.149584e+03    3.150289e+03
  -1.291667e-03    4.409427e+05    4.407517e+05    2.730969e+05    3.207037e+03    3.207297e+03    3.207977e+03
  -1.250000e-03    4.410239e+05    4.408350e+05    2.730969e+05    3.264759e+03    3.265022e+03    3.265677e+03
  -1.208333e-03    4.411026e+05    4.409156e+05    2.730969e+05    3.322492e+03    3.322757e+03    3.323388e+03
  -1.166667e-03    4.411785e+05    4.409935e+05    2.730969e+05    3.380235e+03    3.380502e+03    3.381108e+03
  -1.125000e-03    4.412518e+05    4.410686e+05    2.730969e+05    3.437988e+03    3.438257e+03    3.438839e+03
  -1.083333e-03    4.413225e+05    4.411410e+05    2.730969e+05    3.495750e+03    3.496021e+03    3.496580e+03
  -1.041667e-03    4.413904e+05    4.412107e+05    2.730969e+05    3.553521e+03    3.553795e+03    3.554330e+03
  -1.000000e-03    4.414557e+05    4.412776e+05    2.730969e+05    3.611301e+03    3.611577e+03    3.612088e+03
  -9.583333e-04    4.415184e+05    4.413418e+05    2.730969e+05    3.669089e+03    3.669368e+03    3.669856e+03
  -9.166667e-04    4.415783e+05    4.414032e+05    2.730969e+05    3.726885e+03    3.727166e+03    3.727631e+03
  -8.750000e-04    4.416357e+05    4.414619e+05    2.730969e+05    3.784690e+03    3.784972e+03    3.785415e+03
  -8.333333e-04    4.416903e+05    4.415179e+05    2.730969e+05    3.842501e+03    3.842786e+03    3.843206e+03
  -7.916667e-04    4.417423e+05    4.415711e+05    2.730969e+05    3.900319e+03    3.900606e+03    3.901004e+03
  -7.500000e-04    4.417916e+05    4.416216e+05    2.730969e+05    3.958144e+03    3.958434e+03    3.958808e+03
  -7.083333e-04    4.418383e+05    4.416694e+05    2.730969e+05    4.015975e+03    4.016267e+03    4.016620e+03
  -6.666667e-04    4.418822e+05    4.417144e+05    2.730969e+05    4.073813e+03    4.074106e+03    4.074437e+03
  -6.250000e-04    4.419236e+05    4.417567e+05    2.730969e+05    4.131655e+03    4.131951e+03    4.132260e+03
  -5.833333e-04    4.419622e+05    4.417962e+05    2.730969e+05    4.189503e+03    4.189801e+03    4.190089e+03
  -5.416667e-04    4.419982e+05    4.418330e+05    2.730969e+05    4.247356e+03    4.247657e+03    4.247922e+03
  -5.000000e-04    4.420316e+05    4.418671e+05    2.730969e+05    4.305214e+03    4.305516e+03    4.305760e+03
  -4.583333e-04    4.420622e+05    4.418984e+05    2.730969e+05    4.363076e+03    4.363380e+03    4.363603e+03
  -4.166667e-04    4.420902e+05    4.419270e+05    2.730969e+05    4.420941e+03    4.421248e+03    4.421449e+03
  -3.750000e-04    4.421156e+05    4.419529e+05    2.730969e+05    4.478810e+03    4.479119e+03    4.479299e+03
  -3.333333e-04    4.421382e+05    4.419760e+05    2.730969e+05    4.536682e+03    4.536993e+03    4.537152e+03
  -2.916667e-04    4.421582e+05    4.419964e+05    2.730969e+05    4.594557e+03    4.594870e+03    4.595008e+03
  -2.500000e-04    4.421756e+05    4.420140e+05    2.730969e+05    4.652435e+03    4.652750e+03    4.652866e+03
  -2.083333e-04    4.421903e+05    4.420289e+05    2.730969e+05    4.710314e+03    4.710631e+03    4.710726e+03
  -1.666667e-04    4.422023e+05    4.420411e+05    2.730969e+05    4.768195e+03    4.768515e+03    4.768589e+03
  -1.250000e-04    4.422116e+05    4.420505e+05    2.730969e+05    4.826078e+03    4.826399e+03    4.826452e+03
  -8.333333e-05    4.422183e+05    4.420572e+05    2.730969e+05    4.883962e+03    4.884285e+03    4.884317e+03
  -4.166667e-05    4.422224e+05    4.420612e+05    2.730969e+05    4.941846e+03    4.942172e+03    4.942183e+03
   0.000000e+00    4.422237e+05    4.420624e+05    2.730969e+05    4.999731e+03    5.000059e+03    5.000048e+03
   4.166667e-05    4.422224e+05    4.420609e+05    2.730969e+05    5.057616e+03    5.057945e+03    5.057914e+03
   8.333333e-05    4.422184e+05    4.420566e+05    2.730969e+05    5.115501e+03    5.115832e+03    5.115779e+03
   1.250000e-04    4.422118e+05    4.420496e+05    2.730969e+05    5.173384e+03    5.173718e+03    5.173644e+03
   1.666667e-04    4.422025e+05    4.420399e+05    2.730969e+05    5.231267e+03    5.231602e+03    5.231508e+03
   2.083333e-04    4.421905e+05    4.420274e+05    2.730969e+05    5.289149e+03    5.289486e+03    5.289370e+03
   2.500000e-04    4.421759e+05    4.420122e+05    2.730969e+05    5.347028e+03    5.347368e+03    5.347230e+03
   2.916667e-04    4.421586e+05    4.419942e+05    2.730969e+05    5.404906e+03    5.405247e+03    5.405088e+03
   3.333333e-04    4.421387e+05    4.419735e+05    2.730969e+05    5.462781e+03    5.463124e+03    5.462944e+03
   3.750000e-04    4.421160e+05    4.419501e+05    2.730969e+05    5.520654e+03    5.520999e+03    5.520796e+03
   4.166667e-04    4.420908e+05    4.419239e+05    2.730969e+05    5.578523e+03    5.578870e+03    5.578646e+03
   4.583333e-04    4.420628e+05    4.418950e+05    2.730969e+05    5.636389e+03    5.636737e+03    5.636492e+03
   5.000000e-04    4.420322e+05    4.418634e+05    2.730969e+05    5.694251e+03    5.694601e+03    5.694334e+03
   5.416667e-04    4.419989e+05    4.418290e+05    2.730969e+05    5.752109e+03    5.752461e+03    5.752171e+03
   5.833333e-04    4.419630e+05    4.417919e+05    2.730969e+05    5.809962e+03    5.810316e+03    5.810004e+03
   6.250000e-04    4.419244e+05    4.417521e+05    2.730969e+05    5.867811e+03    5.868166e+03    5.867832e+03
   6.666667e-04    4.418831e+05    4.417095e+05    2.730969e+05    5.925654e+03    5.926012e+03    5.925654e+03
   7.083333e-04    4.418392e+05    4.416641e+05    2.730969e+05    5.983492e+03    5.983851e+03    5.983471e+03
   7.500000e-04    4.417925e+05    4.416161e+05    2.730969e+05    6.041324e+03    6.041685e+03    6.041282e+03
   7.916667e-04    4.417433e+05    4.415653e+05    2.730969e+05    6.099149e+03    6.099512e+03    6.099086e+03
   8.333333e-04    4.416914e+05    4.415117e+05    2.730969e+05    6.156968e+03    6.157333e+03    6.156883e+03
   8.750000e-04    4.416368e+05    4.414555e+05    2.730969e+05    6.214780e+03    6.215146e+03    6.214673e+03
   9.166667e-04    4.415795e+05    4.413965e+05    2.730969e+05    6.272585e+03    6.272953e+03    6.272456e+03
   9.583333e-04    4.415196e+05    4.413347e+05    2.730969e+05    6.330382e+03    6.330751e+03    6.330230e+03
   1.000000e-03    4.414570e+05    4.412702e+05    2.730969e+05    6.388171e+03    6.388542e+03    6.387997e+03
   1.041667e-03    4.413917e+05    4.412030e+05    2.730969e+05    6.445952e+03    6.446324e+03    6.445755e+03
   1.083333e-03    4.413238e+05    4.411330e+05    2.730969e+05    6.503724e+03    6.504098e+03    6.503503e+03
   1.125000e-03    4.412532e+05    4.410603e+05    2.730969e+05    6.561487e+03    6.561862e+03    6.561243e+03
   1.166667e-03    4.411800e+05    4.409849e+05    2.730969e+05    6.619240e+03    6.619618e+03    6.618973e+03
   1.208333e-03    4.411041e+05    4.409067e+05    2.730969e+05    6.676984e+03    6.677363e+03    6.676692e+03
   1.250000e-03    4.410255e+05    4.408258e+05    2.730969e+05    6.734718e+03    6.735098e+03    6.734401e+03
   1.291667e-03    4.409443e+05    4.407421e+05    2.730969e+05    6.792441e+03    6.792823e+03    6.792100e+03
   1.333333e-03    4.408604e+05    4.406557e+05    2.730969e+05    6.850154e+03    6.850537e+03    6.849787e+03
   1.375000e-03    4.407738e+05    4.405666e+05    2.730969e+05    6.907855e+03    6.908240e+03    6.907463e+03
   1.416667e-03    4.406846e+05    4.404747e+05    2.730969e+05    6.965545e+03    6.965931e+03    6.965127e+03
   1.458333e-03    4.405927e+05    4.403801e+05    2.730969e+05    7.023223e+03    7.023611e+03    7.022779e+03
   1.500000e-03    4.404981e+05    4.402828e+05    2.730969e+05    7.080889e+03    7.081278e+03    7.080418e+03
   1.541667e-03    4.404009e+05    4.401827e+05    2.730969e+05    7.138542e+03    7.138932e+03    7.138045e+03
   1.583333e-03    4.403010e+05    4.400799e+05    2.730969e+05    7.196183e+03    7.196574e+03    7.195658e+03
   1.625000e-03    4.401985e+05    4.399743e+05    2.730969e+05    7.253810e+03    7.254203e+03    7.253257e+03
   1.666667e-03    4.400932e+05    4.398660e+05    2.730969e+05    7.311424e+03    7.311818e+03    7.310843e+03
   1.666667e-03    4.400932e+05    4.398660e+05    6.827423e+05    7.311424e+03    7.311818e+03    7.310843e+03
   1.708333e-03    4.373083e+05    4.370957e+05    6.827423e+05    7.368850e+03    7.369244e+03    7.368241e+03
   1.750000e-03    4.344545e+05    4.342563e+05    6.827423e+05    7.425906e+03    7.426300e+03    7.425271e+03
   1.791667e-03    4.315320e+05    4.313480e+05    6.827423e+05    7.482585e+03    7.482979e+03    7.481926e+03
   1.833333e-03    4.285408e+05    4.283708e+05    6.827423e+05    7.538877e+03    7.539271e+03    7.538195e+03
   1.875000e-03    4.254807e+05    4.253245e+05    6.827423e+05    7.594773e+03    7.595166e+03    7.594070e+03
   1.916667e-03    4.223519e+05    4.222093e+05    6.827423e+05    7.650264e+03    7.650657e+03    7.649541e+03
   1.958333e-03    4.191544e+05    4.190251e+05    6.827423e+05    7.705341e+03    7.705733e+03    7.704601e+03
   2.000000e-03    4.158881e+05    4.157719e+05    6.827423e+05    7.759995e+03    7.760387e+03    7.759239e+03
   2.041667e-03    4.125530e+05    4.124497e+05    6.827423e+05    7.814217e+03    7.814608e+03    7.813447e+03
   2.083333e-03    4.091491e+05    4.090585e+05    6.827423e+05    7.867998e+03    7.868388e+03    7.867215e+03
   2.125000e-03    4.056765e+05    4.055983e+05    6.827423e+05    7.921329e+03    7.921718e+03    7.920535e+03
   2.166667e-03    4.021351e+05    4.020692e+05    6.827423e+05    7.974201e+03    7.974590e+03    7.973397e+03
   2.208333e-03    3.985250e+05    3.984710e+05    6.827423e+05    8.026605e+03    8.026993e+03    8.025793e+03
   2.250000e-03    3.948461e+05    3.948038e+05    6.827423e+05    8.078532e+03    8.078919e+03    8.077714e+03
   2.291667e-03    3.910984e+05    3.910676e+05    6.827423e+05    8.129974e+03    8.130359e+03    8.129150e+03
   2.333333e-03    3.872820e+05    3.872624e+05    6.827423e+05    8.180920e+03    8.181304e+03    8.180092e+03
   2.375000e-03    3.833968e+05    3.833882e+05    6.827423e+05    8.231362e+03    8.231744e+03    8.230532e+03
   2.416667e-03    3.794428e+05    3.794450e+05    6.827423e+05    8.281291e+03    8.281672e+03    8.280460e+03
   2.458333e-03    3.754201e+05    3.754328e+05    6.827423e+05    8.330698e+03    8.331078e+03    8.329867e+03
   2.500000e-03    3.713286e+05    3.713515e+05    6.827423e+05    8.379574e+03    8.379952e+03    8.378745e+03
   2.541667e-03    3.671683e+05    3.672012e+05    6.827423e+05    8.427910e+03    8.428287e+03    8.427084e+03
   2.583333e-03    3.629393e+05    3.629819e+05    6.827423e+05    8.475697e+03    8.476072e+03    8.474875e+03
   2.625000e-03    3.586415e+05    3.586935e+05    6.827423e+05    8.522926e+03    8.523300e+03    8.522109e+03
   2.666667e-03    3.542749e+05    3.543362e+05    6.827423e+05    8.569588e+03    8.569960e+03    8.568778e+03
   2.708333e-03    3.498396e+05    3.499097e+05    6.827423e+05    8.615674e+03    8.616044e+03    8.614871e+03
   2.750000e-03    3.453355e+05    3.454142e+05    6.827423e+05    8.661175e+03    8.661543e+03    8.660381e+03
   2.791667e-03    3.407627e+05    3.408497e+05    6.827423e+05    8.706082e+03    8.706448e+03    8.705298e+03
   2.833333e-03    3.361211e+05    3.362161e+05    6.827423e+05    8.750386e+03    8.750750e+03    8.749612e+03
   2.875000e-03    3.314107e+05    3.315135e+05    6.827423e+05    8.794078e+03    8.794440e+03    8.793316e+03
   2.916667e-03    3.266316e+05    3.267418e+05    6.827423e+05    8.837149e+03    8.837509e+03    8.836399e+03
   2.958333e-03    3.217837e+05    3.219011e+05    6.827423e+05    8.879590e+03    8.879947e+03    8.878853e+03
   3.000000e-03    3.168670e+05    3.169912e+05    6.827423e+05    8.921392e+03    8.921747e+03    8.920670e+03
   3.041667e-03    3.118816e+05    3.120123e+05    6.827423e+05    8.962546e+03    8.962899e+03    8.961839e+03
   3.083333e-03    3.068274e+05    3.069644e+05    6.827423e+05    9.003043e+03    9.003393e+03    9.002351e+03
   3.125000e-03    3.017044e+05    3.018473e+05    6.827423e+05    9.042874e+03    9.043221e+03    9.042199e+03
   3.166667e-03    2.965127e+05    2.966612e+05    6.827423e+05    9.082030e+03    9.082374e+03    9.081372e+03
   3.208333e-03    2.912522e+05    2.914059e+05    6.827423e+05    9.120502e+03    9.120844e+03    9.119861e+03
   3.250000e-03    2.859229e+05    2.860816e+05    6.827423e+05    9.158281e+03    9.158620e+03    9.157659e+03
   3.291667e-03    2.805249e+05    2.806882e+05    6.827423e+05    9.195358e+03    9.195694e+03    9.194754e+03
   3.333333e-03    2.750581e+05    2.752256e+05    6.827423e+05    9.231723e+03    9.232056e+03    9.231140e+03
   3.375000e-03    2.695226e+05    2.696940e+05    6.827423e+05    9.267369e+03    9.267699e+03    9.266805e+03
   3.416667e-03    2.639183e+05    2.640933e+05    6.827423e+05    9.302286e+03    9.302613e+03    9.301742e+03
   3.458333e-03    2.582452e+05    2.584234e+05    6.827423e+05    9.336465e+03    9.336788e+03    9.335942e+03
   3.500000e-03    2.525034e+05    2.526844e+05    6.827423e+05    9.369897e+03    9.370217e+03    9.369394e+03
   3.541667e-03    2.466928e+05    2.468763e+05    6.827423e+05    9.402573e+03    9.402889e+03    9.402091e+03
   3.583333e-03    2.408134e+05    2.409990e+05    6.827423e+05    9.434484e+03    9.434796e+03    9.434023e+03
   3.625000e-03    2.348653e+05    2.350527e+05    6.827423e+05    9.465620e+03    9.465929e+03    9.465182e+03
   3.666667e-03    2.288484e+05    2.290371e+05    6.827423e+05    9.495974e+03    9.496279e+03    9.495557e+03
   3.708333e-03    2.227627e+05    2.229525e+05    6.827423e+05    9.525536e+03    9.525837e+03    9.525140e+03
   3.750000e-03    2.166083e+05    2.167986e+05    6.827423e+05    9.554297e+03    9.554594e+03    9.553923e+03
   3.791667e-03    2.103851e+05    2.105756e+05    6.827423e+05    9.582247e+03    9.582541e+03    9.581895e+03
   3.833333e-03    2.040931e+05    2.042835e+05    6.827423e+05    9.609379e+03    9.609668e+03    9.609048e+03
   3.875000e-03    1.977324e+05    1.979222e+05    6.827423e+05    9.635683e+03    9.635967e+03    9.635373e+03
   3.916667e-03    1.913029e+05    1.914917e+05    6.827423e+05    9.661149e+03    9.661430e+03    9.660861e+03
   3.958333e-03    1.848047e+05    1.849920e+05    6.827423e+05    9.685770e+03    9.686046e+03    9.685503e+03
   4.000000e-03    1.782377e+05    1.784232e+05    6.827423e+05    9.709535e+03    9.709807e+03    9.709289e+03
   4.041667e-03    1.716019e+05    1.717851e+05    6.827423e+05    9.732437e+03    9.732704e+03    9.732211e+03
   4.083333e-03    1.648973e+05    1.650779e+05    6.827423e+05    9.754465e+03    9.754728e+03    9.754259e+03
   4.125000e-03    1.581240e+05    1.583015e+05    6.827423e+05    9.775612e+03    9.775869e+03    9.775425e+03
   4.166667e-03    1.512820e+05    1.514558e+05    6.827423e+05    9.795867e+03    9.796120e+03    9.795699e+03
   4.208333e-03    1.443711e+05    1.445409e+05    6.827423e+05    9.815223e+03    9.815471e+03    9.815073e+03
   4.250000e-03    1.373915e+05    1.375569e+05    6.827423e+05    9.833669e+03    9.833912e+03    9.833537e+03
   4.291667e-03    1.303432e+05    1.305036e+05    6.827423e+05    9.851198e+03    9.851435e+03    9.851082e+03
   4.333333e-03    1.232260e+05    1.233810e+05    6.827423e+05    9.867799e+03    9.868031e+03    9.867700e+03
   4.375000e-03    1.160401e+05    1.161893e+05    6.827423e+05    9.883464e+03    9.883691e+03    9.883380e+03
   4.416667e-03    1.087855e+05    1.089282e+05    6.827423e+05    9.898185e+03    9.898406e+03    9.898115e+03
   4.458333e-03    1.014620e+05    1.015980e+05    6.827423e+05    9.911951e+03    9.912166e+03    9.911895e+03
   4.500000e-03    9.406986e+04    9.419847e+04    6.827423e+05    9.924754e+03    9.924964e+03    9.924710e+03
   4.541667e-03    8.660891e+04    8.672969e+04    6.827423e+05    9.936585e+03    9.936789e+03    9.936553e+03
   4.583333e-03    7.907920e+04    7.919164e+04    6.827423e+05    9.947435e+03    9.947634e+03    9.947413e+03
   4.625000e-03    7.148072e+04    7.158432e+04    6.827423e+05    9.957296e+03    9.957488e+03    9.957282e+03
   4.666667e-03    6.381347e+04    6.390772e+04    6.827423e+05    9.966157e+03    9.966343e+03    9.966151e+03
   4.708333e-03    5.607746e+04    5.616183e+04    6.827423e+05    9.974010e+03    9.974190e+03    9.974010e+03
   4.750000e-03    4.827269e+04    4.834664e+04    6.827423e+05    9.980846e+03    9.981019e+03    9.980851e+03
   4.791667e-03    4.039915e+04    4.046216e+04    6.827423e+05    9.986656e+03    9.986823e+03    9.986664e+03
   4.833333e-03    3.245685e+04    3.250837e+04    6.827423e+05    9.991431e+03    9.991591e+03    9.991441e+03
   4.875000e-03    2.444579e+04    2.448527e+04    6.827423e+05    9.995162e+03    9.995316e+03    9.995172e+03
   4.916667e-03    1.636595e+04    1.639284e+04    6.827423e+05    9.997839e+03    9.997987e+03    9.997848e+03
   4.958333e-03    8.217359e+03    8.231087e+03    6.827423e+05    9.999455e+03    9.999596e+03    9.999461e+03
   5.000000e-03    6.611954e-07    6.617386e-07    6.827423e+05    1.000000e+04    1.000013e+04    1.000000e+04
