# caseA -- MSG-RM vs EXACT (Pagano) benchmark 1,  S = a/h = 4
# reference surface: MID-SURFACE (fraction = 0.5) in the SG, the plate law
# and the exact z origin.  stations: x = a/2 (s11, s33), x = 0 (s13)
# plies: pagano(83.33mm/0), pagano(83.33mm/90), pagano(83.33mm/0)
# 
# RM 8x8 ABDG (rows e11,e22,g12,k11,k22,k12,2g13,2g23):
#     4.260652e+09   6.265664e+07   1.266082e-09  -4.432969e-08  -2.878091e-09  -1.196042e-26   0.000000e+00   0.000000e+00
#     6.265664e+07   2.255639e+09   1.215055e-07  -3.343752e-09  -2.239299e-08  -1.185459e-24   0.000000e+00   0.000000e+00
#     1.266082e-09   1.215055e-07   1.250000e+08  -2.209082e-26  -1.196970e-24  -5.183103e-10   0.000000e+00   0.000000e+00
#    -4.339836e-08  -2.063184e-09  -1.620139e-26   3.147336e+07   3.263367e+05   7.326865e-13   0.000000e+00   0.000000e+00
#    -2.179599e-09  -2.151987e-08  -1.191113e-24   3.263367e+05   2.465655e+06   7.031570e-11   0.000000e+00   0.000000e+00
#    -1.063025e-26  -1.184575e-24  -5.183103e-10   7.326865e-13   7.031570e-11   6.510417e+05   0.000000e+00   0.000000e+00
#     0.000000e+00   0.000000e+00   0.000000e+00   0.000000e+00   0.000000e+00   0.000000e+00   5.834313e+07  -1.636468e-06
#     0.000000e+00   0.000000e+00   0.000000e+00   0.000000e+00   0.000000e+00   0.000000e+00  -1.636468e-06   6.322210e+07
# 
# FF from the exact solution (DIRECT stress integration, no equilibrium):
#   FF_mid (x=a/2) = [0.0144397, 331.666, 0, 1013.34, 24.2588, 0, 0, 0]
#   FF_end (x=0)   = [0, 0, 0, 0, 0, 0, 3182.97, 0]
#   u2d = [0, 0, 2.062823e-05] (plate w; exact 1.847824e-05)
# 
# rel L2 errors vs exact:  s11  54.536%   s13  20.928%  (FSDT   60.03%)   s33   5.460%
# s33 top-face closure: 0.9999 q0
# 
# columns: z[m]  s11_msg  s11_exact  s13_msg  s13_exact  s13_fsdt  s33_msg  s33_exact  [Pa]
  -1.250000e-01   -1.008778e+05   -1.810442e+05    2.628129e-08    4.739726e-08    1.909782e+04    0.000000e+00    6.204287e-21
  -1.239583e-01   -1.000373e+05   -1.764095e+05    3.286723e+02    5.848564e+02    1.909782e+04    5.377889e-01    9.611052e-01
  -1.229167e-01   -9.919683e+04   -1.718683e+05    6.545943e+02    1.154699e+03    1.909782e+04    2.146655e+00    3.811499e+00
  -1.218750e-01   -9.835633e+04   -1.674182e+05    9.777659e+02    1.709831e+03    1.909782e+04    4.817598e+00    8.502548e+00
  -1.208333e-01   -9.751582e+04   -1.630569e+05    1.298187e+03    2.250546e+03    1.909782e+04    8.541617e+00    1.498659e+01
  -1.197917e-01   -9.667532e+04   -1.587820e+05    1.615858e+03    2.777130e+03    1.909782e+04    1.330971e+01    2.321692e+01
  -1.187500e-01   -9.583481e+04   -1.545912e+05    1.930778e+03    3.289863e+03    1.909782e+04    1.911288e+01    3.314776e+01
  -1.177083e-01   -9.499431e+04   -1.504824e+05    2.242948e+03    3.789017e+03    1.909782e+04    2.594213e+01    4.473421e+01
  -1.166667e-01   -9.415380e+04   -1.464534e+05    2.552368e+03    4.274855e+03    1.909782e+04    3.378844e+01    5.793229e+01
  -1.156250e-01   -9.331330e+04   -1.425020e+05    2.859037e+03    4.747637e+03    1.909782e+04    4.264283e+01    7.269883e+01
  -1.145833e-01   -9.247279e+04   -1.386261e+05    3.162956e+03    5.207611e+03    1.909782e+04    5.249629e+01    8.899153e+01
  -1.135417e-01   -9.163229e+04   -1.348237e+05    3.464124e+03    5.655023e+03    1.909782e+04    6.333983e+01    1.067689e+02
  -1.125000e-01   -9.079178e+04   -1.310927e+05    3.762542e+03    6.090108e+03    1.909782e+04    7.516443e+01    1.259901e+02
  -1.114583e-01   -8.995128e+04   -1.274312e+05    4.058210e+03    6.513098e+03    1.909782e+04    8.796111e+01    1.466153e+02
  -1.104167e-01   -8.911077e+04   -1.238372e+05    4.351127e+03    6.924217e+03    1.909782e+04    1.017209e+02    1.686053e+02
  -1.093750e-01   -8.827027e+04   -1.203088e+05    4.641294e+03    7.323682e+03    1.909782e+04    1.164347e+02    1.919215e+02
  -1.083333e-01   -8.742977e+04   -1.168442e+05    4.928710e+03    7.711706e+03    1.909782e+04    1.320935e+02    2.165262e+02
  -1.072917e-01   -8.658926e+04   -1.134414e+05    5.213376e+03    8.088493e+03    1.909782e+04    1.486885e+02    2.423823e+02
  -1.062500e-01   -8.574876e+04   -1.100987e+05    5.495292e+03    8.454244e+03    1.909782e+04    1.662105e+02    2.694532e+02
  -1.052083e-01   -8.490825e+04   -1.068143e+05    5.774457e+03    8.809151e+03    1.909782e+04    1.846506e+02    2.977033e+02
  -1.041667e-01   -8.406775e+04   -1.035864e+05    6.050872e+03    9.153403e+03    1.909782e+04    2.039997e+02    3.270974e+02
  -1.031250e-01   -8.322724e+04   -1.004134e+05    6.324536e+03    9.487183e+03    1.909782e+04    2.242490e+02    3.576008e+02
  -1.020833e-01   -8.238674e+04   -9.729355e+04    6.595450e+03    9.810666e+03    1.909782e+04    2.453892e+02    3.891796e+02
  -1.010417e-01   -8.154623e+04   -9.422515e+04    6.863614e+03    1.012402e+04    1.909782e+04    2.674116e+02    4.218004e+02
  -1.000000e-01   -8.070573e+04   -9.120659e+04    7.129027e+03    1.042742e+04    1.909782e+04    2.903070e+02    4.554303e+02
  -9.895833e-02   -7.986522e+04   -8.823627e+04    7.391690e+03    1.072102e+04    1.909782e+04    3.140665e+02    4.900370e+02
  -9.791667e-02   -7.902472e+04   -8.531260e+04    7.651602e+03    1.100498e+04    1.909782e+04    3.386810e+02    5.255887e+02
  -9.687500e-02   -7.818421e+04   -8.243402e+04    7.908764e+03    1.127944e+04    1.909782e+04    3.641416e+02    5.620541e+02
  -9.583333e-02   -7.734371e+04   -7.959901e+04    8.163176e+03    1.154456e+04    1.909782e+04    3.904392e+02    5.994023e+02
  -9.479167e-02   -7.650320e+04   -7.680603e+04    8.414837e+03    1.180046e+04    1.909782e+04    4.175649e+02    6.376030e+02
  -9.375000e-02   -7.566270e+04   -7.405362e+04    8.663748e+03    1.204729e+04    1.909782e+04    4.455097e+02    6.766262e+02
  -9.270833e-02   -7.482219e+04   -7.134029e+04    8.909909e+03    1.228518e+04    1.909782e+04    4.742645e+02    7.164426e+02
  -9.166667e-02   -7.398169e+04   -6.866460e+04    9.153319e+03    1.251426e+04    1.909782e+04    5.038204e+02    7.570230e+02
  -9.062500e-02   -7.314118e+04   -6.602512e+04    9.393978e+03    1.273463e+04    1.909782e+04    5.341684e+02    7.983387e+02
  -8.958333e-02   -7.230068e+04   -6.342043e+04    9.631888e+03    1.294643e+04    1.909782e+04    5.652994e+02    8.403616e+02
  -8.854167e-02   -7.146017e+04   -6.084916e+04    9.867046e+03    1.314975e+04    1.909782e+04    5.972044e+02    8.830636e+02
  -8.750000e-02   -7.061967e+04   -5.830992e+04    1.009945e+04    1.334472e+04    1.909782e+04    6.298745e+02    9.264174e+02
  -8.645833e-02   -6.977916e+04   -5.580136e+04    1.032911e+04    1.353142e+04    1.909782e+04    6.633007e+02    9.703956e+02
  -8.541667e-02   -6.893866e+04   -5.332214e+04    1.055602e+04    1.370997e+04    1.909782e+04    6.974739e+02    1.014971e+03
  -8.437500e-02   -6.809815e+04   -5.087093e+04    1.078018e+04    1.388045e+04    1.909782e+04    7.323852e+02    1.060118e+03
  -8.333333e-02   -6.725765e+04   -4.844642e+04    1.100158e+04    1.404295e+04    1.909782e+04    7.680255e+02    1.105810e+03
  -8.229167e-02   -6.641714e+04   -4.604731e+04    1.122024e+04    1.419756e+04    1.909782e+04    8.043859e+02    1.152021e+03
  -8.125000e-02   -6.557664e+04   -4.367232e+04    1.143615e+04    1.434435e+04    1.909782e+04    8.414573e+02    1.198724e+03
  -8.020833e-02   -6.473614e+04   -4.132019e+04    1.164930e+04    1.448342e+04    1.909782e+04    8.792308e+02    1.245896e+03
  -7.916667e-02   -6.389563e+04   -3.898964e+04    1.185971e+04    1.461482e+04    1.909782e+04    9.176973e+02    1.293510e+03
  -7.812500e-02   -6.305513e+04   -3.667944e+04    1.206736e+04    1.473863e+04    1.909782e+04    9.568479e+02    1.341541e+03
  -7.708333e-02   -6.221462e+04   -3.438834e+04    1.227227e+04    1.485490e+04    1.909782e+04    9.966735e+02    1.389966e+03
  -7.604167e-02   -6.137412e+04   -3.211513e+04    1.247442e+04    1.496372e+04    1.909782e+04    1.037165e+03    1.438758e+03
  -7.500000e-02   -6.053361e+04   -2.985857e+04    1.267383e+04    1.506512e+04    1.909782e+04    1.078314e+03    1.487895e+03
  -7.395833e-02   -5.969311e+04   -2.761748e+04    1.287048e+04    1.515916e+04    1.909782e+04    1.120111e+03    1.537351e+03
  -7.291667e-02   -5.885260e+04   -2.539063e+04    1.306438e+04    1.524589e+04    1.909782e+04    1.162547e+03    1.587103e+03
  -7.187500e-02   -5.801210e+04   -2.317685e+04    1.325553e+04    1.532535e+04    1.909782e+04    1.205612e+03    1.637127e+03
  -7.083333e-02   -5.717159e+04   -2.097494e+04    1.344394e+04    1.539759e+04    1.909782e+04    1.249299e+03    1.687400e+03
  -6.979167e-02   -5.633109e+04   -1.878372e+04    1.362959e+04    1.546264e+04    1.909782e+04    1.293598e+03    1.737896e+03
  -6.875000e-02   -5.549058e+04   -1.660202e+04    1.381249e+04    1.552054e+04    1.909782e+04    1.338500e+03    1.788595e+03
  -6.770833e-02   -5.465008e+04   -1.442868e+04    1.399264e+04    1.557131e+04    1.909782e+04    1.383996e+03    1.839470e+03
  -6.666667e-02   -5.380957e+04   -1.226252e+04    1.417004e+04    1.561499e+04    1.909782e+04    1.430077e+03    1.890501e+03
  -6.562500e-02   -5.296907e+04   -1.010239e+04    1.434469e+04    1.565158e+04    1.909782e+04    1.476734e+03    1.941663e+03
  -6.458333e-02   -5.212856e+04   -7.947121e+03    1.451659e+04    1.568111e+04    1.909782e+04    1.523959e+03    1.992932e+03
  -6.354167e-02   -5.128806e+04   -5.795565e+03    1.468574e+04    1.570360e+04    1.909782e+04    1.571741e+03    2.044287e+03
  -6.250000e-02   -5.044755e+04   -3.646568e+03    1.485214e+04    1.571905e+04    1.909782e+04    1.620072e+03    2.095705e+03
  -6.145833e-02   -4.960705e+04   -1.498976e+03    1.501579e+04    1.572746e+04    1.909782e+04    1.668943e+03    2.147161e+03
  -6.041667e-02   -4.876654e+04    6.483613e+02    1.517669e+04    1.572886e+04    1.909782e+04    1.718346e+03    2.198633e+03
  -5.937500e-02   -4.792604e+04    2.796596e+03    1.533483e+04    1.572322e+04    1.909782e+04    1.768270e+03    2.250098e+03
  -5.833333e-02   -4.708553e+04    4.946879e+03    1.549023e+04    1.571055e+04    1.909782e+04    1.818707e+03    2.301533e+03
  -5.729167e-02   -4.624503e+04    7.100364e+03    1.564288e+04    1.569084e+04    1.909782e+04    1.869649e+03    2.352916e+03
  -5.625000e-02   -4.540452e+04    9.258204e+03    1.579278e+04    1.566407e+04    1.909782e+04    1.921085e+03    2.404222e+03
  -5.520833e-02   -4.456402e+04    1.142156e+04    1.593992e+04    1.563024e+04    1.909782e+04    1.973008e+03    2.455429e+03
  -5.416667e-02   -4.372351e+04    1.359158e+04    1.608432e+04    1.558931e+04    1.909782e+04    2.025407e+03    2.506514e+03
  -5.312500e-02   -4.288301e+04    1.576945e+04    1.622596e+04    1.554127e+04    1.909782e+04    2.078275e+03    2.557453e+03
  -5.208333e-02   -4.204251e+04    1.795631e+04    1.636486e+04    1.548609e+04    1.909782e+04    2.131602e+03    2.608224e+03
  -5.104167e-02   -4.120200e+04    2.015335e+04    1.650100e+04    1.542374e+04    1.909782e+04    2.185378e+03    2.658802e+03
  -5.000000e-02   -4.036150e+04    2.236175e+04    1.663440e+04    1.535418e+04    1.909782e+04    2.239596e+03    2.709164e+03
  -4.895833e-02   -3.952099e+04    2.458268e+04    1.676504e+04    1.527737e+04    1.909782e+04    2.294246e+03    2.759287e+03
  -4.791667e-02   -3.868049e+04    2.681733e+04    1.689293e+04    1.519327e+04    1.909782e+04    2.349318e+03    2.809146e+03
  -4.687500e-02   -3.783998e+04    2.906691e+04    1.701808e+04    1.510183e+04    1.909782e+04    2.404805e+03    2.858718e+03
  -4.583333e-02   -3.699948e+04    3.133262e+04    1.714047e+04    1.500301e+04    1.909782e+04    2.460697e+03    2.907979e+03
  -4.479167e-02   -3.615897e+04    3.361566e+04    1.726011e+04    1.489674e+04    1.909782e+04    2.516985e+03    2.956905e+03
  -4.375000e-02   -3.531847e+04    3.591728e+04    1.737700e+04    1.478297e+04    1.909782e+04    2.573660e+03    3.005470e+03
  -4.270833e-02   -3.447796e+04    3.823869e+04    1.749114e+04    1.466164e+04    1.909782e+04    2.630712e+03    3.053651e+03
  -4.166667e-02   -3.363746e+04    4.058113e+04    1.760254e+04    1.453268e+04    1.909782e+04    2.688134e+03    3.101422e+03
  -4.166667e-02   -1.366096e+03    2.369452e+03    1.760254e+04    1.453268e+04    7.639127e+03    2.688134e+03    3.101422e+03
  -4.062500e-02   -1.331076e+03    2.332072e+03    1.760674e+04    1.452499e+04    7.639127e+03    2.745745e+03    3.148967e+03
  -3.958333e-02   -1.296056e+03    2.294838e+03    1.761084e+04    1.451742e+04    7.639127e+03    2.803370e+03    3.196488e+03
  -3.854167e-02   -1.261037e+03    2.257749e+03    1.761484e+04    1.450997e+04    7.639127e+03    2.861008e+03    3.243984e+03
  -3.750000e-02   -1.226017e+03    2.220803e+03    1.761873e+04    1.450264e+04    7.639127e+03    2.918659e+03    3.291455e+03
  -3.645833e-02   -1.190997e+03    2.184000e+03    1.762251e+04    1.449543e+04    7.639127e+03    2.976322e+03    3.338903e+03
  -3.541667e-02   -1.155977e+03    2.147339e+03    1.762618e+04    1.448834e+04    7.639127e+03    3.033998e+03    3.386328e+03
  -3.437500e-02   -1.120957e+03    2.110817e+03    1.762975e+04    1.448138e+04    7.639127e+03    3.091685e+03    3.433730e+03
  -3.333333e-02   -1.085937e+03    2.074433e+03    1.763321e+04    1.447453e+04    7.639127e+03    3.149384e+03    3.481109e+03
  -3.229167e-02   -1.050917e+03    2.038188e+03    1.763657e+04    1.446780e+04    7.639127e+03    3.207094e+03    3.528465e+03
  -3.125000e-02   -1.015897e+03    2.002078e+03    1.763982e+04    1.446119e+04    7.639127e+03    3.264815e+03    3.575800e+03
  -3.020833e-02   -9.808769e+02    1.966103e+03    1.764296e+04    1.445470e+04    7.639127e+03    3.322546e+03    3.623114e+03
  -2.916667e-02   -9.458570e+02    1.930262e+03    1.764599e+04    1.444832e+04    7.639127e+03    3.380287e+03    3.670406e+03
  -2.812500e-02   -9.108370e+02    1.894553e+03    1.764892e+04    1.444206e+04    7.639127e+03    3.438039e+03    3.717678e+03
  -2.708333e-02   -8.758171e+02    1.858976e+03    1.765175e+04    1.443592e+04    7.639127e+03    3.495799e+03    3.764929e+03
  -2.604167e-02   -8.407971e+02    1.823528e+03    1.765446e+04    1.442989e+04    7.639127e+03    3.553569e+03    3.812161e+03
  -2.500000e-02   -8.057772e+02    1.788210e+03    1.765707e+04    1.442399e+04    7.639127e+03    3.611347e+03    3.859373e+03
  -2.395833e-02   -7.707572e+02    1.753019e+03    1.765958e+04    1.441819e+04    7.639127e+03    3.669134e+03    3.906566e+03
  -2.291667e-02   -7.357373e+02    1.717954e+03    1.766197e+04    1.441251e+04    7.639127e+03    3.726929e+03    3.953740e+03
  -2.187500e-02   -7.007173e+02    1.683015e+03    1.766426e+04    1.440695e+04    7.639127e+03    3.784731e+03    4.000895e+03
  -2.083333e-02   -6.656974e+02    1.648200e+03    1.766645e+04    1.440150e+04    7.639127e+03    3.842541e+03    4.048033e+03
  -1.979167e-02   -6.306774e+02    1.613508e+03    1.766852e+04    1.439616e+04    7.639127e+03    3.900358e+03    4.095153e+03
  -1.875000e-02   -5.956575e+02    1.578937e+03    1.767049e+04    1.439094e+04    7.639127e+03    3.958181e+03    4.142256e+03
  -1.770833e-02   -5.606375e+02    1.544487e+03    1.767236e+04    1.438582e+04    7.639127e+03    4.016010e+03    4.189342e+03
  -1.666667e-02   -5.256176e+02    1.510156e+03    1.767411e+04    1.438083e+04    7.639127e+03    4.073846e+03    4.236411e+03
  -1.562500e-02   -4.905976e+02    1.475944e+03    1.767577e+04    1.437594e+04    7.639127e+03    4.131687e+03    4.283464e+03
  -1.458333e-02   -4.555777e+02    1.441849e+03    1.767731e+04    1.437117e+04    7.639127e+03    4.189533e+03    4.330501e+03
  -1.354167e-02   -4.205577e+02    1.407870e+03    1.767875e+04    1.436650e+04    7.639127e+03    4.247385e+03    4.377523e+03
  -1.250000e-02   -3.855378e+02    1.374005e+03    1.768008e+04    1.436195e+04    7.639127e+03    4.305240e+03    4.424530e+03
  -1.145833e-02   -3.505178e+02    1.340254e+03    1.768130e+04    1.435751e+04    7.639127e+03    4.363100e+03    4.471522e+03
  -1.041667e-02   -3.154979e+02    1.306616e+03    1.768242e+04    1.435318e+04    7.639127e+03    4.420964e+03    4.518500e+03
  -9.375000e-03   -2.804779e+02    1.273089e+03    1.768344e+04    1.434896e+04    7.639127e+03    4.478831e+03    4.565464e+03
  -8.333333e-03   -2.454580e+02    1.239673e+03    1.768434e+04    1.434485e+04    7.639127e+03    4.536702e+03    4.612414e+03
  -7.291667e-03   -2.104380e+02    1.206365e+03    1.768514e+04    1.434085e+04    7.639127e+03    4.594575e+03    4.659351e+03
  -6.250000e-03   -1.754181e+02    1.173166e+03    1.768583e+04    1.433695e+04    7.639127e+03    4.652451e+03    4.706275e+03
  -5.208333e-03   -1.403981e+02    1.140074e+03    1.768642e+04    1.433317e+04    7.639127e+03    4.710328e+03    4.753186e+03
  -4.166667e-03   -1.053782e+02    1.107088e+03    1.768690e+04    1.432949e+04    7.639127e+03    4.768208e+03    4.800085e+03
  -3.125000e-03   -7.035825e+01    1.074207e+03    1.768727e+04    1.432592e+04    7.639127e+03    4.826089e+03    4.846972e+03
  -2.083333e-03   -3.533830e+01    1.041429e+03    1.768754e+04    1.432246e+04    7.639127e+03    4.883970e+03    4.893848e+03
  -1.041667e-03   -3.183491e-01    1.008754e+03    1.768770e+04    1.431910e+04    7.639127e+03    4.941853e+03    4.940713e+03
   0.000000e+00    3.470160e+01    9.761808e+02    1.768775e+04    1.431586e+04    7.639127e+03    4.999736e+03    4.987566e+03
   1.041667e-03    6.972155e+01    9.437080e+02    1.768770e+04    1.431272e+04    7.639127e+03    5.057619e+03    5.034410e+03
   2.083333e-03    1.047415e+02    9.113346e+02    1.768754e+04    1.430968e+04    7.639127e+03    5.115501e+03    5.081243e+03
   3.125000e-03    1.397614e+02    8.790596e+02    1.768727e+04    1.430675e+04    7.639127e+03    5.173383e+03    5.128067e+03
   4.166667e-03    1.747814e+02    8.468820e+02    1.768690e+04    1.430393e+04    7.639127e+03    5.231264e+03    5.174881e+03
   5.208333e-03    2.098013e+02    8.148007e+02    1.768642e+04    1.430121e+04    7.639127e+03    5.289144e+03    5.221686e+03
   6.250000e-03    2.448213e+02    7.828146e+02    1.768583e+04    1.429859e+04    7.639127e+03    5.347021e+03    5.268482e+03
   7.291667e-03    2.798412e+02    7.509227e+02    1.768514e+04    1.429608e+04    7.639127e+03    5.404897e+03    5.315270e+03
   8.333333e-03    3.148612e+02    7.191239e+02    1.768434e+04    1.429368e+04    7.639127e+03    5.462770e+03    5.362050e+03
   9.375000e-03    3.498811e+02    6.874173e+02    1.768344e+04    1.429138e+04    7.639127e+03    5.520641e+03    5.408822e+03
   1.041667e-02    3.849011e+02    6.558018e+02    1.768242e+04    1.428918e+04    7.639127e+03    5.578508e+03    5.455587e+03
   1.145833e-02    4.199210e+02    6.242763e+02    1.768130e+04    1.428708e+04    7.639127e+03    5.636372e+03    5.502344e+03
   1.250000e-02    4.549410e+02    5.928399e+02    1.768008e+04    1.428509e+04    7.639127e+03    5.694231e+03    5.549096e+03
   1.354167e-02    4.899609e+02    5.614916e+02    1.767875e+04    1.428320e+04    7.639127e+03    5.752087e+03    5.595840e+03
   1.458333e-02    5.249809e+02    5.302303e+02    1.767731e+04    1.428142e+04    7.639127e+03    5.809938e+03    5.642579e+03
   1.562500e-02    5.600008e+02    4.990549e+02    1.767577e+04    1.427973e+04    7.639127e+03    5.867785e+03    5.689312e+03
   1.666667e-02    5.950208e+02    4.679646e+02    1.767411e+04    1.427815e+04    7.639127e+03    5.925626e+03    5.736040e+03
   1.770833e-02    6.300407e+02    4.369584e+02    1.767236e+04    1.427667e+04    7.639127e+03    5.983461e+03    5.782762e+03
   1.875000e-02    6.650607e+02    4.060351e+02    1.767049e+04    1.427529e+04    7.639127e+03    6.041291e+03    5.829481e+03
   1.979167e-02    7.000806e+02    3.751938e+02    1.766852e+04    1.427401e+04    7.639127e+03    6.099114e+03    5.876194e+03
   2.083333e-02    7.351006e+02    3.444336e+02    1.766645e+04    1.427284e+04    7.639127e+03    6.156931e+03    5.922904e+03
   2.187500e-02    7.701205e+02    3.137535e+02    1.766426e+04    1.427176e+04    7.639127e+03    6.214741e+03    5.969610e+03
   2.291667e-02    8.051405e+02    2.831524e+02    1.766197e+04    1.427078e+04    7.639127e+03    6.272543e+03    6.016312e+03
   2.395833e-02    8.401604e+02    2.526294e+02    1.765958e+04    1.426991e+04    7.639127e+03    6.330338e+03    6.063012e+03
   2.500000e-02    8.751804e+02    2.221835e+02    1.765707e+04    1.426913e+04    7.639127e+03    6.388125e+03    6.109709e+03
   2.604167e-02    9.102003e+02    1.918138e+02    1.765446e+04    1.426845e+04    7.639127e+03    6.445903e+03    6.156403e+03
   2.708333e-02    9.452203e+02    1.615192e+02    1.765175e+04    1.426787e+04    7.639127e+03    6.503673e+03    6.203096e+03
   2.812500e-02    9.802402e+02    1.312989e+02    1.764892e+04    1.426739e+04    7.639127e+03    6.561433e+03    6.249786e+03
   2.916667e-02    1.015260e+03    1.011519e+02    1.764599e+04    1.426701e+04    7.639127e+03    6.619184e+03    6.296476e+03
   3.020833e-02    1.050280e+03    7.107716e+01    1.764296e+04    1.426673e+04    7.639127e+03    6.676926e+03    6.343164e+03
   3.125000e-02    1.085300e+03    4.107379e+01    1.763982e+04    1.426655e+04    7.639127e+03    6.734657e+03    6.389851e+03
   3.229167e-02    1.120320e+03    1.114083e+01    1.763657e+04    1.426646e+04    7.639127e+03    6.792378e+03    6.436538e+03
   3.333333e-02    1.155340e+03   -1.872266e+01    1.763321e+04    1.426648e+04    7.639127e+03    6.850088e+03    6.483225e+03
   3.437500e-02    1.190360e+03   -4.851762e+01    1.762975e+04    1.426659e+04    7.639127e+03    6.907787e+03    6.529912e+03
   3.541667e-02    1.225380e+03   -7.824499e+01    1.762618e+04    1.426679e+04    7.639127e+03    6.965474e+03    6.576600e+03
   3.645833e-02    1.260400e+03   -1.079057e+02    1.762251e+04    1.426710e+04    7.639127e+03    7.023150e+03    6.623288e+03
   3.750000e-02    1.295420e+03   -1.375007e+02    1.761873e+04    1.426750e+04    7.639127e+03    7.080813e+03    6.669978e+03
   3.854167e-02    1.330440e+03   -1.670309e+02    1.761484e+04    1.426800e+04    7.639127e+03    7.138464e+03    6.716669e+03
   3.958333e-02    1.365460e+03   -1.964972e+02    1.761084e+04    1.426859e+04    7.639127e+03    7.196102e+03    6.763362e+03
   4.062500e-02    1.400480e+03   -2.259006e+02    1.760674e+04    1.426928e+04    7.639127e+03    7.253727e+03    6.810057e+03
   4.166667e-02    1.435500e+03   -2.552420e+02    1.760254e+04    1.427007e+04    7.639127e+03    7.311338e+03    6.856754e+03
   4.166667e-02    3.360293e+04   -4.762468e+04    1.760254e+04    1.427007e+04    1.909782e+04    7.311338e+03    6.856754e+03
   4.270833e-02    3.444343e+04   -4.513870e+04    1.749114e+04    1.442185e+04    1.909782e+04    7.368759e+03    6.903704e+03
   4.375000e-02    3.528394e+04   -4.267491e+04    1.737700e+04    1.456553e+04    1.909782e+04    7.425812e+03    6.951136e+03
   4.479167e-02    3.612444e+04   -4.023199e+04    1.726011e+04    1.470118e+04    1.909782e+04    7.482487e+03    6.999026e+03
   4.583333e-02    3.696495e+04   -3.780864e+04    1.714047e+04    1.482887e+04    1.909782e+04    7.538775e+03    7.047346e+03
   4.687500e-02    3.780545e+04   -3.540356e+04    1.701808e+04    1.494866e+04    1.909782e+04    7.594667e+03    7.096072e+03
   4.791667e-02    3.864596e+04   -3.301546e+04    1.689293e+04    1.506060e+04    1.909782e+04    7.650154e+03    7.145177e+03
   4.895833e-02    3.948646e+04   -3.064307e+04    1.676504e+04    1.516476e+04    1.909782e+04    7.705226e+03    7.194635e+03
   5.000000e-02    4.032697e+04   -2.828511e+04    1.663440e+04    1.526118e+04    1.909782e+04    7.759876e+03    7.244421e+03
   5.104167e-02    4.116747e+04   -2.594032e+04    1.650100e+04    1.534990e+04    1.909782e+04    7.814094e+03    7.294511e+03
   5.208333e-02    4.200798e+04   -2.360745e+04    1.636486e+04    1.543097e+04    1.909782e+04    7.867870e+03    7.344878e+03
   5.312500e-02    4.284848e+04   -2.128524e+04    1.622596e+04    1.550442e+04    1.909782e+04    7.921197e+03    7.395498e+03
   5.416667e-02    4.368899e+04   -1.897246e+04    1.608432e+04    1.557029e+04    1.909782e+04    7.974064e+03    7.446346e+03
   5.520833e-02    4.452949e+04   -1.666786e+04    1.593992e+04    1.562860e+04    1.909782e+04    8.026464e+03    7.497397e+03
   5.625000e-02    4.537000e+04   -1.437020e+04    1.579278e+04    1.567939e+04    1.909782e+04    8.078387e+03    7.548626e+03
   5.729167e-02    4.621050e+04   -1.207827e+04    1.564288e+04    1.572266e+04    1.909782e+04    8.129823e+03    7.600010e+03
   5.833333e-02    4.705101e+04   -9.790829e+03    1.549023e+04    1.575844e+04    1.909782e+04    8.180764e+03    7.651523e+03
   5.937500e-02    4.789151e+04   -7.506651e+03    1.533483e+04    1.578675e+04    1.909782e+04    8.231202e+03    7.703141e+03
   6.041667e-02    4.873202e+04   -5.224514e+03    1.517669e+04    1.580758e+04    1.909782e+04    8.281126e+03    7.754839e+03
   6.145833e-02    4.957252e+04   -2.943196e+03    1.501579e+04    1.582094e+04    1.909782e+04    8.330528e+03    7.806593e+03
   6.250000e-02    5.041302e+04   -6.614734e+02    1.485214e+04    1.582684e+04    1.909782e+04    8.379400e+03    7.858378e+03
   6.354167e-02    5.125353e+04    1.621876e+03    1.468574e+04    1.582527e+04    1.909782e+04    8.427731e+03    7.910171e+03
   6.458333e-02    5.209403e+04    3.908076e+03    1.451659e+04    1.581622e+04    1.909782e+04    8.475513e+03    7.961946e+03
   6.562500e-02    5.293454e+04    6.198351e+03    1.434469e+04    1.579969e+04    1.909782e+04    8.522737e+03    8.013680e+03
   6.666667e-02    5.377504e+04    8.493928e+03    1.417004e+04    1.577565e+04    1.909782e+04    8.569395e+03    8.065347e+03
   6.770833e-02    5.461555e+04    1.079604e+04    1.399264e+04    1.574409e+04    1.909782e+04    8.615476e+03    8.116923e+03
   6.875000e-02    5.545605e+04    1.310591e+04    1.381249e+04    1.570498e+04    1.909782e+04    8.660972e+03    8.168384e+03
   6.979167e-02    5.629656e+04    1.542479e+04    1.362959e+04    1.565830e+04    1.909782e+04    8.705874e+03    8.219704e+03
   7.083333e-02    5.713706e+04    1.775392e+04    1.344394e+04    1.560401e+04    1.909782e+04    8.750173e+03    8.270859e+03
   7.187500e-02    5.797757e+04    2.009453e+04    1.325553e+04    1.554209e+04    1.909782e+04    8.793859e+03    8.321823e+03
   7.291667e-02    5.881807e+04    2.244789e+04    1.306438e+04    1.547248e+04    1.909782e+04    8.836925e+03    8.372573e+03
   7.395833e-02    5.965858e+04    2.481526e+04    1.287048e+04    1.539515e+04    1.909782e+04    8.879361e+03    8.423082e+03
   7.500000e-02    6.049908e+04    2.719791e+04    1.267383e+04    1.531005e+04    1.909782e+04    8.921158e+03    8.473325e+03
   7.604167e-02    6.133959e+04    2.959710e+04    1.247442e+04    1.521712e+04    1.909782e+04    8.962307e+03    8.523278e+03
   7.708333e-02    6.218009e+04    3.201413e+04    1.227227e+04    1.511632e+04    1.909782e+04    9.002798e+03    8.572913e+03
   7.812500e-02    6.302060e+04    3.445029e+04    1.206736e+04    1.500757e+04    1.909782e+04    9.042624e+03    8.622205e+03
   7.916667e-02    6.386110e+04    3.690688e+04    1.185971e+04    1.489082e+04    1.909782e+04    9.081775e+03    8.671128e+03
   8.020833e-02    6.470161e+04    3.938522e+04    1.164930e+04    1.476599e+04    1.909782e+04    9.120241e+03    8.719656e+03
   8.125000e-02    6.554211e+04    4.188663e+04    1.143615e+04    1.463302e+04    1.909782e+04    9.158015e+03    8.767763e+03
   8.229167e-02    6.638262e+04    4.441245e+04    1.122024e+04    1.449182e+04    1.909782e+04    9.195086e+03    8.815420e+03
   8.333333e-02    6.722312e+04    4.696403e+04    1.100158e+04    1.434231e+04    1.909782e+04    9.231446e+03    8.862602e+03
   8.437500e-02    6.806363e+04    4.954274e+04    1.078018e+04    1.418441e+04    1.909782e+04    9.267087e+03    8.909281e+03
   8.541667e-02    6.890413e+04    5.214996e+04    1.055602e+04    1.401802e+04    1.909782e+04    9.301998e+03    8.955430e+03
   8.645833e-02    6.974464e+04    5.478707e+04    1.032911e+04    1.384306e+04    1.909782e+04    9.336171e+03    9.001020e+03
   8.750000e-02    7.058514e+04    5.745549e+04    1.009945e+04    1.365941e+04    1.909782e+04    9.369597e+03    9.046023e+03
   8.854167e-02    7.142565e+04    6.015665e+04    9.867046e+03    1.346697e+04    1.909782e+04    9.402267e+03    9.090411e+03
   8.958333e-02    7.226615e+04    6.289198e+04    9.631888e+03    1.326565e+04    1.909782e+04    9.434173e+03    9.134154e+03
   9.062500e-02    7.310665e+04    6.566296e+04    9.393978e+03    1.305531e+04    1.909782e+04    9.465304e+03    9.177224e+03
   9.166667e-02    7.394716e+04    6.847105e+04    9.153319e+03    1.283584e+04    1.909782e+04    9.495651e+03    9.219591e+03
   9.270833e-02    7.478766e+04    7.131775e+04    8.909909e+03    1.260712e+04    1.909782e+04    9.525207e+03    9.261225e+03
   9.375000e-02    7.562817e+04    7.420460e+04    8.663748e+03    1.236903e+04    1.909782e+04    9.553962e+03    9.302094e+03
   9.479167e-02    7.646867e+04    7.713312e+04    8.414837e+03    1.212141e+04    1.909782e+04    9.581907e+03    9.342169e+03
   9.583333e-02    7.730918e+04    8.010489e+04    8.163176e+03    1.186414e+04    1.909782e+04    9.609033e+03    9.381418e+03
   9.687500e-02    7.814968e+04    8.312148e+04    7.908764e+03    1.159708e+04    1.909782e+04    9.635330e+03    9.419809e+03
   9.791667e-02    7.899019e+04    8.618450e+04    7.651602e+03    1.132006e+04    1.909782e+04    9.660791e+03    9.457310e+03
   9.895833e-02    7.983069e+04    8.929559e+04    7.391690e+03    1.103295e+04    1.909782e+04    9.685405e+03    9.493888e+03
   1.000000e-01    8.067120e+04    9.245641e+04    7.129027e+03    1.073557e+04    1.909782e+04    9.709165e+03    9.529509e+03
   1.010417e-01    8.151170e+04    9.566863e+04    6.863614e+03    1.042777e+04    1.909782e+04    9.732060e+03    9.564141e+03
   1.020833e-01    8.235221e+04    9.893398e+04    6.595450e+03    1.010936e+04    1.909782e+04    9.754083e+03    9.597747e+03
   1.031250e-01    8.319271e+04    1.022542e+05    6.324536e+03    9.780185e+03    1.909782e+04    9.775223e+03    9.630295e+03
   1.041667e-01    8.403322e+04    1.056310e+05    6.050872e+03    9.440050e+03    1.909782e+04    9.795472e+03    9.661747e+03
   1.052083e-01    8.487372e+04    1.090663e+05    5.774457e+03    9.088768e+03    1.909782e+04    9.814821e+03    9.692067e+03
   1.062500e-01    8.571423e+04    1.125618e+05    5.495292e+03    8.726147e+03    1.909782e+04    9.833261e+03    9.721220e+03
   1.072917e-01    8.655473e+04    1.161195e+05    5.213376e+03    8.351985e+03    1.909782e+04    9.850783e+03    9.749167e+03
   1.083333e-01    8.739524e+04    1.197411e+05    4.928710e+03    7.966077e+03    1.909782e+04    9.867378e+03    9.775871e+03
   1.093750e-01    8.823574e+04    1.234287e+05    4.641294e+03    7.568209e+03    1.909782e+04    9.883037e+03    9.801292e+03
   1.104167e-01    8.907625e+04    1.271842e+05    4.351127e+03    7.158164e+03    1.909782e+04    9.897751e+03    9.825391e+03
   1.114583e-01    8.991675e+04    1.310096e+05    4.058210e+03    6.735714e+03    1.909782e+04    9.911511e+03    9.848129e+03
   1.125000e-01    9.075726e+04    1.349069e+05    3.762542e+03    6.300629e+03    1.909782e+04    9.924307e+03    9.869463e+03
   1.135417e-01    9.159776e+04    1.388782e+05    3.464124e+03    5.852670e+03    1.909782e+04    9.936132e+03    9.889352e+03
   1.145833e-01    9.243827e+04    1.429256e+05    3.162956e+03    5.391591e+03    1.909782e+04    9.946976e+03    9.907754e+03
   1.156250e-01    9.327877e+04    1.470513e+05    2.859037e+03    4.917139e+03    1.909782e+04    9.956829e+03    9.924625e+03
   1.166667e-01    9.411928e+04    1.512574e+05    2.552368e+03    4.429054e+03    1.909782e+04    9.965683e+03    9.939922e+03
   1.177083e-01    9.495978e+04    1.555463e+05    2.242948e+03    3.927071e+03    1.909782e+04    9.973530e+03    9.953598e+03
   1.187500e-01    9.580029e+04    1.599200e+05    1.930778e+03    3.410914e+03    1.909782e+04    9.980359e+03    9.965609e+03
   1.197917e-01    9.664079e+04    1.643811e+05    1.615858e+03    2.880301e+03    1.909782e+04    9.986162e+03    9.975907e+03
   1.208333e-01    9.748129e+04    1.689318e+05    1.298187e+03    2.334944e+03    1.909782e+04    9.990930e+03    9.984444e+03
   1.218750e-01    9.832180e+04    1.735746e+05    9.777659e+02    1.774545e+03    1.909782e+04    9.994654e+03    9.991173e+03
   1.229167e-01    9.916230e+04    1.783119e+05    6.545943e+02    1.198798e+03    1.909782e+04    9.997325e+03    9.996042e+03
   1.239583e-01    1.000028e+05    1.831462e+05    3.286723e+02    6.073903e+02    1.909782e+04    9.998934e+03    9.999002e+03
   1.250000e-01    1.008433e+05    1.880802e+05    2.658263e-08    4.937465e-08    1.909782e+04    9.999472e+03    1.000000e+04
