# caseA -- MSG-RM vs EXACT (Pagano) benchmark 1,  S = a/h = 10
# reference surface: MID-SURFACE (fraction = 0.5) everywhere
# stations: x = 0 (s13, Q1 = q0/p), x = a/2 (s33)
# plies: pagano(33.33mm/0), pagano(33.33mm/90), pagano(33.33mm/0)
# 
# RM 8x8 ABDG (rows e11,e22,g12,k11,k22,k12,2g13,2g23):
#     1.704261e+09   2.506266e+07   5.064329e-10  -2.829214e-09  -9.601260e-12  -2.041282e-27   0.000000e+00   0.000000e+00
#     2.506266e+07   9.022556e+08   4.860221e-08   1.068141e-10  -3.893267e-09  -2.024588e-25   0.000000e+00   0.000000e+00
#     5.064329e-10   4.860221e-08   5.000000e+07  -1.048559e-27  -2.018529e-25  -4.590144e-10   0.000000e+00   0.000000e+00
#    -2.785558e-09   1.950257e-11  -1.375913e-27   2.014295e+06   2.088555e+04   4.689193e-14   0.000000e+00   0.000000e+00
#     1.950257e-11  -3.915095e-09  -2.017519e-25   2.088555e+04   1.578019e+05   4.500205e-12   0.000000e+00   0.000000e+00
#    -1.906840e-27  -2.022757e-25  -4.590144e-10   4.689193e-14   4.500205e-12   4.166667e+04   0.000000e+00   0.000000e+00
#     0.000000e+00   0.000000e+00   0.000000e+00   0.000000e+00   0.000000e+00   0.000000e+00   2.333725e+07  -1.060187e-06
#     0.000000e+00   0.000000e+00   0.000000e+00   0.000000e+00   0.000000e+00   0.000000e+00  -1.060187e-06   2.528884e+07
# 
# INPUT FROM STATICS ONLY (statics_fsdt.py sec. 1): Q1(0) = q0/p = 3183.1
#   FF_end (x=0) = [0, 0, 0, 0, 0, 0, 3183.1, 0]
#   plate w(a/2) = 9.438171e-05 ; exact w = 9.316429e-05
# 
# transverse-shear stiffness, the two constructions:
#   G_whitney (complementary energy, Whitney JAM 40 (1973) Eq. (7)):
#     [[ 2.330822e+07, -1.037617e-09], [-1.037617e-09,  2.407192e+07]]
#   G_msg (MSG-RM least-squares projection, Yu 2003 Eq. 61):
#     [[ 2.333725e+07, -1.060187e-06], [-1.060187e-06,  2.528884e+07]]
#   k1^2 (statics_fsdt.whitney_k1sq, used in the FSDT curve): 0.582778
#   (uniform-k reference 5/6 = 0.8333;  A55 = 4.000000e+07)
# 
# THREE STANDALONE CHAINS, out-of-plane stresses only:
#   exact   Pagano cyl. bending (JCM 3 (1969) 398-411; Garg Eqs. 18-24)
#   MSG-RM  statics -> 8x8 inversion -> Eq.-66 recovery WITH the load
#           ladder (V1L/V2L, Yu Eqs. 29/45): s33 DIRECT from the
#           constitutive law -- Yu's route, no equilibrium integration
#   FSDT    statics Q1 -> staircase C55(z) Q1/(k1^2 A55); NO s33 in FSDT
# rel L2 errors vs exact:  s13   4.521%  (FSDT-Whitney  107.11%)
#   s33 DIRECT   1.190%   (equilibrium-integration cross-check   1.292%)
# s33 faces (bot, top)/q0 = (-0.0000, +1.0000)   (direct recovery)
# 
# columns: z[m]  s13_msg  s13_exact  s13_fsdt  s33_msg_direct  s33_msg_equil  s33_exact  [Pa]
  -5.000000e-02    6.589043e-08    7.710554e-08    6.827423e+04   -4.399681e-11    0.000000e+00    4.037237e-21
  -4.958333e-02    8.236249e+02    9.575665e+02    6.827423e+04    2.044129e-01    5.390612e-01    6.280885e-01
  -4.916667e-02    1.640356e+03    1.902682e+03    6.827423e+04    1.479980e+00    2.151733e+00    2.501470e+00
  -4.875000e-02    2.450195e+03    2.835425e+03    6.827423e+04    3.817734e+00    4.828993e+00    5.603899e+00
  -4.833333e-02    3.253139e+03    3.755877e+03    6.827423e+04    7.208706e+00    8.561816e+00    9.919233e+00
  -4.791667e-02    4.049191e+03    4.664114e+03    6.827423e+04    1.164393e+01    1.334118e+01    1.543143e+01
  -4.750000e-02    4.838349e+03    5.560215e+03    6.827423e+04    1.711444e+01    1.915806e+01    2.212456e+01
  -4.708333e-02    5.620614e+03    6.444254e+03    6.827423e+04    2.361126e+01    2.600344e+01    2.998278e+01
  -4.666667e-02    6.395985e+03    7.316307e+03    6.827423e+04    3.112543e+01    3.386828e+01    3.899035e+01
  -4.625000e-02    7.164463e+03    8.176448e+03    6.827423e+04    3.964798e+01    4.274357e+01    4.913163e+01
  -4.583333e-02    7.926048e+03    9.024750e+03    6.827423e+04    4.916995e+01    5.262029e+01    6.039107e+01
  -4.541667e-02    8.680739e+03    9.861284e+03    6.827423e+04    5.968235e+01    6.348941e+01    7.275323e+01
  -4.500000e-02    9.428537e+03    1.068612e+04    6.827423e+04    7.117624e+01    7.534190e+01    8.620275e+01
  -4.458333e-02    1.016944e+04    1.149933e+04    6.827423e+04    8.364264e+01    8.816875e+01    1.007244e+02
  -4.416667e-02    1.090345e+04    1.230099e+04    6.827423e+04    9.707257e+01    1.019609e+02    1.163029e+02
  -4.375000e-02    1.163057e+04    1.309115e+04    6.827423e+04    1.114571e+02    1.167094e+02    1.329233e+02
  -4.333333e-02    1.235080e+04    1.386990e+04    6.827423e+04    1.267872e+02    1.324052e+02    1.505705e+02
  -4.291667e-02    1.306413e+04    1.463728e+04    6.827423e+04    1.430540e+02    1.490392e+02    1.692296e+02
  -4.250000e-02    1.377056e+04    1.539338e+04    6.827423e+04    1.602484e+02    1.666025e+02    1.888859e+02
  -4.208333e-02    1.447011e+04    1.613825e+04    6.827423e+04    1.783615e+02    1.850859e+02    2.095245e+02
  -4.166667e-02    1.516276e+04    1.687195e+04    6.827423e+04    1.973844e+02    2.044806e+02    2.311308e+02
  -4.125000e-02    1.584852e+04    1.759455e+04    6.827423e+04    2.173080e+02    2.247774e+02    2.536903e+02
  -4.083333e-02    1.652738e+04    1.830611e+04    6.827423e+04    2.381235e+02    2.459674e+02    2.771884e+02
  -4.041667e-02    1.719935e+04    1.900669e+04    6.827423e+04    2.598217e+02    2.680415e+02    3.016108e+02
  -4.000000e-02    1.786443e+04    1.969636e+04    6.827423e+04    2.823939e+02    2.909907e+02    3.269431e+02
  -3.958333e-02    1.852261e+04    2.037515e+04    6.827423e+04    3.058309e+02    3.148060e+02    3.531710e+02
  -3.916667e-02    1.917391e+04    2.104315e+04    6.827423e+04    3.301239e+02    3.394783e+02    3.802804e+02
  -3.875000e-02    1.981830e+04    2.170039e+04    6.827423e+04    3.552638e+02    3.649986e+02    4.082571e+02
  -3.833333e-02    2.045581e+04    2.234695e+04    6.827423e+04    3.812417e+02    3.913580e+02    4.370872e+02
  -3.791667e-02    2.108642e+04    2.298286e+04    6.827423e+04    4.080486e+02    4.185473e+02    4.667567e+02
  -3.750000e-02    2.171014e+04    2.360819e+04    6.827423e+04    4.356756e+02    4.465576e+02    4.972516e+02
  -3.708333e-02    2.232696e+04    2.422300e+04    6.827423e+04    4.641137e+02    4.753798e+02    5.285582e+02
  -3.666667e-02    2.293689e+04    2.482732e+04    6.827423e+04    4.933540e+02    5.050049e+02    5.606627e+02
  -3.625000e-02    2.353993e+04    2.542121e+04    6.827423e+04    5.233873e+02    5.354239e+02    5.935514e+02
  -3.583333e-02    2.413607e+04    2.600473e+04    6.827423e+04    5.542049e+02    5.666278e+02    6.272107e+02
  -3.541667e-02    2.472532e+04    2.657792e+04    6.827423e+04    5.857977e+02    5.986075e+02    6.616271e+02
  -3.500000e-02    2.530768e+04    2.714084e+04    6.827423e+04    6.181567e+02    6.313540e+02    6.967871e+02
  -3.458333e-02    2.588314e+04    2.769352e+04    6.827423e+04    6.512730e+02    6.648583e+02    7.326772e+02
  -3.416667e-02    2.645172e+04    2.823602e+04    6.827423e+04    6.851377e+02    6.991114e+02    7.692841e+02
  -3.375000e-02    2.701339e+04    2.876837e+04    6.827423e+04    7.197417e+02    7.341043e+02    8.065945e+02
  -3.333333e-02    2.756818e+04    2.929064e+04    6.827423e+04    7.550760e+02    7.698278e+02    8.445951e+02
  -3.291667e-02    2.811607e+04    2.980286e+04    6.827423e+04    7.911318e+02    8.062731e+02    8.832728e+02
  -3.250000e-02    2.865706e+04    3.030507e+04    6.827423e+04    8.279000e+02    8.434310e+02    9.226145e+02
  -3.208333e-02    2.919117e+04    3.079731e+04    6.827423e+04    8.653717e+02    8.812926e+02    9.626069e+02
  -3.166667e-02    2.971838e+04    3.127964e+04    6.827423e+04    9.035380e+02    9.198488e+02    1.003237e+03
  -3.125000e-02    3.023870e+04    3.175209e+04    6.827423e+04    9.423897e+02    9.590906e+02    1.044493e+03
  -3.083333e-02    3.075212e+04    3.221469e+04    6.827423e+04    9.819181e+02    9.990090e+02    1.086360e+03
  -3.041667e-02    3.125865e+04    3.266749e+04    6.827423e+04    1.022114e+03    1.039595e+03    1.128826e+03
  -3.000000e-02    3.175829e+04    3.311054e+04    6.827423e+04    1.062969e+03    1.080839e+03    1.171879e+03
  -2.958333e-02    3.225103e+04    3.354385e+04    6.827423e+04    1.104473e+03    1.122733e+03    1.215505e+03
  -2.916667e-02    3.273688e+04    3.396748e+04    6.827423e+04    1.146618e+03    1.165268e+03    1.259692e+03
  -2.875000e-02    3.321584e+04    3.438145e+04    6.827423e+04    1.189395e+03    1.208434e+03    1.304428e+03
  -2.833333e-02    3.368790e+04    3.478581e+04    6.827423e+04    1.232794e+03    1.252222e+03    1.349698e+03
  -2.791667e-02    3.415307e+04    3.518058e+04    6.827423e+04    1.276807e+03    1.296624e+03    1.395492e+03
  -2.750000e-02    3.461135e+04    3.556580e+04    6.827423e+04    1.321425e+03    1.341630e+03    1.441797e+03
  -2.708333e-02    3.506273e+04    3.594151e+04    6.827423e+04    1.366639e+03    1.387232e+03    1.488599e+03
  -2.666667e-02    3.550722e+04    3.630773e+04    6.827423e+04    1.412440e+03    1.433420e+03    1.535887e+03
  -2.625000e-02    3.594482e+04    3.666449e+04    6.827423e+04    1.458819e+03    1.480185e+03    1.583649e+03
  -2.583333e-02    3.637552e+04    3.701183e+04    6.827423e+04    1.505767e+03    1.527519e+03    1.631871e+03
  -2.541667e-02    3.679933e+04    3.734977e+04    6.827423e+04    1.553275e+03    1.575411e+03    1.680541e+03
  -2.500000e-02    3.721625e+04    3.767835e+04    6.827423e+04    1.601333e+03    1.623855e+03    1.729648e+03
  -2.458333e-02    3.762627e+04    3.799759e+04    6.827423e+04    1.649934e+03    1.672839e+03    1.779179e+03
  -2.416667e-02    3.802941e+04    3.830751e+04    6.827423e+04    1.699068e+03    1.722355e+03    1.829121e+03
  -2.375000e-02    3.842564e+04    3.860816e+04    6.827423e+04    1.748726e+03    1.772395e+03    1.879464e+03
  -2.333333e-02    3.881499e+04    3.889954e+04    6.827423e+04    1.798899e+03    1.822949e+03    1.930193e+03
  -2.291667e-02    3.919744e+04    3.918168e+04    6.827423e+04    1.849579e+03    1.874008e+03    1.981298e+03
  -2.250000e-02    3.957299e+04    3.945461e+04    6.827423e+04    1.900756e+03    1.925563e+03    2.032767e+03
  -2.208333e-02    3.994166e+04    3.971836e+04    6.827423e+04    1.952420e+03    1.977605e+03    2.084586e+03
  -2.166667e-02    4.030343e+04    3.997293e+04    6.827423e+04    2.004565e+03    2.030126e+03    2.136745e+03
  -2.125000e-02    4.065830e+04    4.021837e+04    6.827423e+04    2.057179e+03    2.083115e+03    2.189231e+03
  -2.083333e-02    4.100629e+04    4.045467e+04    6.827423e+04    2.110255e+03    2.136564e+03    2.242032e+03
  -2.041667e-02    4.134738e+04    4.068188e+04    6.827423e+04    2.163783e+03    2.190465e+03    2.295137e+03
  -2.000000e-02    4.168157e+04    4.089999e+04    6.827423e+04    2.217755e+03    2.244807e+03    2.348533e+03
  -1.958333e-02    4.200887e+04    4.110904e+04    6.827423e+04    2.272161e+03    2.299582e+03    2.402209e+03
  -1.916667e-02    4.232928e+04    4.130904e+04    6.827423e+04    2.326993e+03    2.354781e+03    2.456153e+03
  -1.875000e-02    4.264280e+04    4.150001e+04    6.827423e+04    2.382241e+03    2.410396e+03    2.510352e+03
  -1.833333e-02    4.294942e+04    4.168197e+04    6.827423e+04    2.437896e+03    2.466415e+03    2.564796e+03
  -1.791667e-02    4.324915e+04    4.185492e+04    6.827423e+04    2.493951e+03    2.522832e+03    2.619471e+03
  -1.750000e-02    4.354199e+04    4.201888e+04    6.827423e+04    2.550394e+03    2.579637e+03    2.674368e+03
  -1.708333e-02    4.382793e+04    4.217387e+04    6.827423e+04    2.607219e+03    2.636820e+03    2.729473e+03
  -1.666667e-02    4.410698e+04    4.231990e+04    6.827423e+04    2.664415e+03    2.694374e+03    2.784775e+03
  -1.666667e-02    4.410698e+04    4.231990e+04    2.730969e+04    2.664415e+03    2.694374e+03    2.784775e+03
  -1.625000e-02    4.411831e+04    4.232461e+04    2.730969e+04    2.721929e+03    2.752117e+03    2.840174e+03
  -1.583333e-02    4.412936e+04    4.232916e+04    2.730969e+04    2.779458e+03    2.809875e+03    2.895580e+03
  -1.541667e-02    4.414012e+04    4.233355e+04    2.730969e+04    2.837002e+03    2.867647e+03    2.950992e+03
  -1.500000e-02    4.415061e+04    4.233779e+04    2.730969e+04    2.894559e+03    2.925433e+03    3.006409e+03
  -1.458333e-02    4.416082e+04    4.234187e+04    2.730969e+04    2.952130e+03    2.983233e+03    3.061832e+03
  -1.416667e-02    4.417074e+04    4.234579e+04    2.730969e+04    3.009715e+03    3.041046e+03    3.117260e+03
  -1.375000e-02    4.418039e+04    4.234955e+04    2.730969e+04    3.067312e+03    3.098872e+03    3.172693e+03
  -1.333333e-02    4.418975e+04    4.235316e+04    2.730969e+04    3.124922e+03    3.156710e+03    3.228130e+03
  -1.291667e-02    4.419884e+04    4.235661e+04    2.730969e+04    3.182545e+03    3.214560e+03    3.283573e+03
  -1.250000e-02    4.420765e+04    4.235990e+04    2.730969e+04    3.240179e+03    3.272422e+03    3.339020e+03
  -1.208333e-02    4.421617e+04    4.236303e+04    2.730969e+04    3.297825e+03    3.330295e+03    3.394471e+03
  -1.166667e-02    4.422442e+04    4.236601e+04    2.730969e+04    3.355483e+03    3.388179e+03    3.449926e+03
  -1.125000e-02    4.423238e+04    4.236883e+04    2.730969e+04    3.413151e+03    3.446074e+03    3.505385e+03
  -1.083333e-02    4.424007e+04    4.237150e+04    2.730969e+04    3.470830e+03    3.503979e+03    3.560847e+03
  -1.041667e-02    4.424747e+04    4.237400e+04    2.730969e+04    3.528520e+03    3.561894e+03    3.616313e+03
  -1.000000e-02    4.425460e+04    4.237635e+04    2.730969e+04    3.586219e+03    3.619819e+03    3.671782e+03
  -9.583333e-03    4.426144e+04    4.237855e+04    2.730969e+04    3.643928e+03    3.677752e+03    3.727254e+03
  -9.166667e-03    4.426801e+04    4.238059e+04    2.730969e+04    3.701646e+03    3.735695e+03    3.782729e+03
  -8.750000e-03    4.427429e+04    4.238246e+04    2.730969e+04    3.759373e+03    3.793646e+03    3.838206e+03
  -8.333333e-03    4.428030e+04    4.238419e+04    2.730969e+04    3.817109e+03    3.851604e+03    3.893686e+03
  -7.916667e-03    4.428602e+04    4.238575e+04    2.730969e+04    3.874853e+03    3.909571e+03    3.949167e+03
  -7.500000e-03    4.429147e+04    4.238716e+04    2.730969e+04    3.932606e+03    3.967545e+03    4.004651e+03
  -7.083333e-03    4.429663e+04    4.238841e+04    2.730969e+04    3.990365e+03    4.025526e+03    4.060137e+03
  -6.666667e-03    4.430152e+04    4.238951e+04    2.730969e+04    4.048133e+03    4.083513e+03    4.115624e+03
  -6.250000e-03    4.430612e+04    4.239045e+04    2.730969e+04    4.105907e+03    4.141506e+03    4.171112e+03
  -5.833333e-03    4.431044e+04    4.239123e+04    2.730969e+04    4.163687e+03    4.199506e+03    4.226602e+03
  -5.416667e-03    4.431449e+04    4.239185e+04    2.730969e+04    4.221474e+03    4.257511e+03    4.282092e+03
  -5.000000e-03    4.431825e+04    4.239232e+04    2.730969e+04    4.279267e+03    4.315521e+03    4.337583e+03
  -4.583333e-03    4.432173e+04    4.239263e+04    2.730969e+04    4.337066e+03    4.373535e+03    4.393075e+03
  -4.166667e-03    4.432494e+04    4.239278e+04    2.730969e+04    4.394870e+03    4.431555e+03    4.448567e+03
  -3.750000e-03    4.432786e+04    4.239278e+04    2.730969e+04    4.452679e+03    4.489578e+03    4.504059e+03
  -3.333333e-03    4.433051e+04    4.239262e+04    2.730969e+04    4.510492e+03    4.547604e+03    4.559551e+03
  -2.916667e-03    4.433287e+04    4.239230e+04    2.730969e+04    4.568310e+03    4.605634e+03    4.615042e+03
  -2.500000e-03    4.433495e+04    4.239183e+04    2.730969e+04    4.626131e+03    4.663667e+03    4.670533e+03
  -2.083333e-03    4.433675e+04    4.239120e+04    2.730969e+04    4.683957e+03    4.721703e+03    4.726024e+03
  -1.666667e-03    4.433828e+04    4.239041e+04    2.730969e+04    4.741785e+03    4.779741e+03    4.781513e+03
  -1.250000e-03    4.433952e+04    4.238946e+04    2.730969e+04    4.799617e+03    4.837780e+03    4.837002e+03
  -8.333333e-04    4.434048e+04    4.238836e+04    2.730969e+04    4.857451e+03    4.895821e+03    4.892489e+03
  -4.166667e-04    4.434117e+04    4.238710e+04    2.730969e+04    4.915287e+03    4.953863e+03    4.947974e+03
   0.000000e+00    4.434157e+04    4.238569e+04    2.730969e+04    4.973126e+03    5.011906e+03    5.003458e+03
   4.166667e-04    4.434169e+04    4.238411e+04    2.730969e+04    5.030965e+03    5.069949e+03    5.058939e+03
   8.333333e-04    4.434153e+04    4.238238e+04    2.730969e+04    5.088807e+03    5.127992e+03    5.114419e+03
   1.250000e-03    4.434110e+04    4.238049e+04    2.730969e+04    5.146649e+03    5.186034e+03    5.169896e+03
   1.666667e-03    4.434038e+04    4.237845e+04    2.730969e+04    5.204491e+03    5.244076e+03    5.225371e+03
   2.083333e-03    4.433938e+04    4.237625e+04    2.730969e+04    5.262334e+03    5.302117e+03    5.280843e+03
   2.500000e-03    4.433810e+04    4.237389e+04    2.730969e+04    5.320177e+03    5.360156e+03    5.336311e+03
   2.916667e-03    4.433654e+04    4.237137e+04    2.730969e+04    5.378020e+03    5.418194e+03    5.391777e+03
   3.333333e-03    4.433470e+04    4.236870e+04    2.730969e+04    5.435861e+03    5.476229e+03    5.447239e+03
   3.750000e-03    4.433259e+04    4.236587e+04    2.730969e+04    5.493702e+03    5.534262e+03    5.502698e+03
   4.166667e-03    4.433019e+04    4.236288e+04    2.730969e+04    5.551541e+03    5.592291e+03    5.558153e+03
   4.583333e-03    4.432751e+04    4.235973e+04    2.730969e+04    5.609379e+03    5.650318e+03    5.613604e+03
   5.000000e-03    4.432455e+04    4.235643e+04    2.730969e+04    5.667214e+03    5.708340e+03    5.669050e+03
   5.416667e-03    4.432131e+04    4.235297e+04    2.730969e+04    5.725047e+03    5.766359e+03    5.724492e+03
   5.833333e-03    4.431779e+04    4.234935e+04    2.730969e+04    5.782877e+03    5.824373e+03    5.779930e+03
   6.250000e-03    4.431399e+04    4.234557e+04    2.730969e+04    5.840704e+03    5.882382e+03    5.835363e+03
   6.666667e-03    4.430991e+04    4.234164e+04    2.730969e+04    5.898528e+03    5.940387e+03    5.890790e+03
   7.083333e-03    4.430555e+04    4.233755e+04    2.730969e+04    5.956348e+03    5.998385e+03    5.946213e+03
   7.500000e-03    4.430092e+04    4.233330e+04    2.730969e+04    6.014164e+03    6.056378e+03    6.001630e+03
   7.916667e-03    4.429600e+04    4.232889e+04    2.730969e+04    6.071975e+03    6.114365e+03    6.057041e+03
   8.333333e-03    4.429080e+04    4.232433e+04    2.730969e+04    6.129782e+03    6.172345e+03    6.112446e+03
   8.750000e-03    4.428532e+04    4.231960e+04    2.730969e+04    6.187583e+03    6.230317e+03    6.167846e+03
   9.166667e-03    4.427956e+04    4.231472e+04    2.730969e+04    6.245379e+03    6.288283e+03    6.223239e+03
   9.583333e-03    4.427352e+04    4.230969e+04    2.730969e+04    6.303169e+03    6.346241e+03    6.278625e+03
   1.000000e-02    4.426720e+04    4.230449e+04    2.730969e+04    6.360954e+03    6.404191e+03    6.334005e+03
   1.041667e-02    4.426060e+04    4.229913e+04    2.730969e+04    6.418731e+03    6.462132e+03    6.389378e+03
   1.083333e-02    4.425372e+04    4.229362e+04    2.730969e+04    6.476502e+03    6.520064e+03    6.444744e+03
   1.125000e-02    4.424656e+04    4.228795e+04    2.730969e+04    6.534266e+03    6.577988e+03    6.500103e+03
   1.166667e-02    4.423911e+04    4.228212e+04    2.730969e+04    6.592022e+03    6.635901e+03    6.555454e+03
   1.208333e-02    4.423139e+04    4.227614e+04    2.730969e+04    6.649771e+03    6.693805e+03    6.610797e+03
   1.250000e-02    4.422339e+04    4.226999e+04    2.730969e+04    6.707512e+03    6.751699e+03    6.666132e+03
   1.291667e-02    4.421511e+04    4.226369e+04    2.730969e+04    6.765244e+03    6.809582e+03    6.721459e+03
   1.333333e-02    4.420655e+04    4.225723e+04    2.730969e+04    6.822967e+03    6.867453e+03    6.776778e+03
   1.375000e-02    4.419771e+04    4.225061e+04    2.730969e+04    6.880681e+03    6.925314e+03    6.832088e+03
   1.416667e-02    4.418859e+04    4.224383e+04    2.730969e+04    6.938385e+03    6.983163e+03    6.887390e+03
   1.458333e-02    4.417919e+04    4.223689e+04    2.730969e+04    6.996080e+03    7.040999e+03    6.942682e+03
   1.500000e-02    4.416951e+04    4.222979e+04    2.730969e+04    7.053765e+03    7.098823e+03    6.997966e+03
   1.541667e-02    4.415955e+04    4.222254e+04    2.730969e+04    7.111439e+03    7.156635e+03    7.053240e+03
   1.583333e-02    4.414930e+04    4.221512e+04    2.730969e+04    7.169103e+03    7.214433e+03    7.108504e+03
   1.625000e-02    4.413878e+04    4.220755e+04    2.730969e+04    7.226755e+03    7.272217e+03    7.163759e+03
   1.666667e-02    4.412798e+04    4.219982e+04    2.730969e+04    7.284396e+03    7.329987e+03    7.219003e+03
   1.666667e-02    4.412798e+04    4.219982e+04    6.827423e+04    7.284396e+03    7.329987e+03    7.219003e+03
   1.708333e-02    4.384867e+04    4.205687e+04    6.827423e+04    7.341916e+03    7.387568e+03    7.274150e+03
   1.750000e-02    4.356246e+04    4.190494e+04    6.827423e+04    7.399072e+03    7.444778e+03    7.329104e+03
   1.791667e-02    4.326936e+04    4.174400e+04    6.827423e+04    7.455856e+03    7.501610e+03    7.383853e+03
   1.833333e-02    4.296937e+04    4.157404e+04    6.827423e+04    7.512258e+03    7.558053e+03    7.438385e+03
   1.875000e-02    4.266249e+04    4.139505e+04    6.827423e+04    7.568270e+03    7.614099e+03    7.492690e+03
   1.916667e-02    4.234871e+04    4.120700e+04    6.827423e+04    7.623882e+03    7.669738e+03    7.546753e+03
   1.958333e-02    4.202803e+04    4.100990e+04    6.827423e+04    7.679085e+03    7.724963e+03    7.600565e+03
   2.000000e-02    4.170047e+04    4.080371e+04    6.827423e+04    7.733871e+03    7.779763e+03    7.654113e+03
   2.041667e-02    4.136601e+04    4.058842e+04    6.827423e+04    7.788231e+03    7.834130e+03    7.707385e+03
   2.083333e-02    4.102466e+04    4.036401e+04    6.827423e+04    7.842155e+03    7.888055e+03    7.760369e+03
   2.125000e-02    4.067641e+04    4.013046e+04    6.827423e+04    7.895635e+03    7.941528e+03    7.813054e+03
   2.166667e-02    4.032127e+04    3.988775e+04    6.827423e+04    7.948661e+03    7.994541e+03    7.865427e+03
   2.208333e-02    3.995924e+04    3.963586e+04    6.827423e+04    8.001225e+03    8.047084e+03    7.917476e+03
   2.250000e-02    3.959031e+04    3.937478e+04    6.827423e+04    8.053318e+03    8.099149e+03    7.969189e+03
   2.291667e-02    3.921449e+04    3.910446e+04    6.827423e+04    8.104930e+03    8.150727e+03    8.020555e+03
   2.333333e-02    3.883178e+04    3.882490e+04    6.827423e+04    8.156054e+03    8.201808e+03    8.071560e+03
   2.375000e-02    3.844218e+04    3.853607e+04    6.827423e+04    8.206679e+03    8.252384e+03    8.122194e+03
   2.416667e-02    3.804568e+04    3.823794e+04    6.827423e+04    8.256797e+03    8.302445e+03    8.172443e+03
   2.458333e-02    3.764228e+04    3.793049e+04    6.827423e+04    8.306399e+03    8.351982e+03    8.222297e+03
   2.500000e-02    3.723200e+04    3.761369e+04    6.827423e+04    8.355475e+03    8.400988e+03    8.271741e+03
   2.541667e-02    3.681482e+04    3.728751e+04    6.827423e+04    8.404018e+03    8.449451e+03    8.320765e+03
   2.583333e-02    3.639075e+04    3.695193e+04    6.827423e+04    8.452018e+03    8.497364e+03    8.369356e+03
   2.625000e-02    3.595978e+04    3.660692e+04    6.827423e+04    8.499466e+03    8.544717e+03    8.417501e+03
   2.666667e-02    3.552192e+04    3.625244e+04    6.827423e+04    8.546352e+03    8.591502e+03    8.465188e+03
   2.708333e-02    3.507717e+04    3.588847e+04    6.827423e+04    8.592669e+03    8.637709e+03    8.512405e+03
   2.750000e-02    3.462552e+04    3.551498e+04    6.827423e+04    8.638407e+03    8.683329e+03    8.559140e+03
   2.791667e-02    3.416698e+04    3.513192e+04    6.827423e+04    8.683557e+03    8.728354e+03    8.605379e+03
   2.833333e-02    3.370155e+04    3.473928e+04    6.827423e+04    8.728110e+03    8.772774e+03    8.651111e+03
   2.875000e-02    3.322922e+04    3.433702e+04    6.827423e+04    8.772057e+03    8.816580e+03    8.696322e+03
   2.916667e-02    3.275000e+04    3.392509e+04    6.827423e+04    8.815390e+03    8.859763e+03    8.741001e+03
   2.958333e-02    3.226389e+04    3.350348e+04    6.827423e+04    8.858099e+03    8.902315e+03    8.785134e+03
   3.000000e-02    3.177089e+04    3.307213e+04    6.827423e+04    8.900175e+03    8.944225e+03    8.828708e+03
   3.041667e-02    3.127099e+04    3.263102e+04    6.827423e+04    8.941609e+03    8.985486e+03    8.871712e+03
   3.083333e-02    3.076419e+04    3.218010e+04    6.827423e+04    8.982393e+03    9.026088e+03    8.914132e+03
   3.125000e-02    3.025051e+04    3.171934e+04    6.827423e+04    9.022517e+03    9.066022e+03    8.955955e+03
   3.166667e-02    2.972993e+04    3.124869e+04    6.827423e+04    9.061973e+03    9.105279e+03    8.997169e+03
   3.208333e-02    2.920245e+04    3.076813e+04    6.827423e+04    9.100751e+03    9.143850e+03    9.037760e+03
   3.250000e-02    2.866809e+04    3.027760e+04    6.827423e+04    9.138843e+03    9.181727e+03    9.077715e+03
   3.291667e-02    2.812683e+04    2.977706e+04    6.827423e+04    9.176239e+03    9.218899e+03    9.117022e+03
   3.333333e-02    2.757868e+04    2.926647e+04    6.827423e+04    9.212931e+03    9.255358e+03    9.155667e+03
   3.375000e-02    2.702363e+04    2.874579e+04    6.827423e+04    9.248909e+03    9.291095e+03    9.193637e+03
   3.416667e-02    2.646169e+04    2.821497e+04    6.827423e+04    9.284165e+03    9.326101e+03    9.230919e+03
   3.458333e-02    2.589286e+04    2.767396e+04    6.827423e+04    9.318689e+03    9.360367e+03    9.267499e+03
   3.500000e-02    2.531713e+04    2.712273e+04    6.827423e+04    9.352473e+03    9.393884e+03    9.303364e+03
   3.541667e-02    2.473451e+04    2.656122e+04    6.827423e+04    9.385508e+03    9.426643e+03    9.338502e+03
   3.583333e-02    2.414500e+04    2.598939e+04    6.827423e+04    9.417785e+03    9.458634e+03    9.372897e+03
   3.625000e-02    2.354859e+04    2.540718e+04    6.827423e+04    9.449294e+03    9.489850e+03    9.406537e+03
   3.666667e-02    2.294529e+04    2.481454e+04    6.827423e+04    9.480028e+03    9.520280e+03    9.439408e+03
   3.708333e-02    2.233510e+04    2.421144e+04    6.827423e+04    9.509976e+03    9.549916e+03    9.471497e+03
   3.750000e-02    2.171801e+04    2.359780e+04    6.827423e+04    9.539130e+03    9.578748e+03    9.502789e+03
   3.791667e-02    2.109403e+04    2.297359e+04    6.827423e+04    9.567480e+03    9.606769e+03    9.533271e+03
   3.833333e-02    2.046316e+04    2.233874e+04    6.827423e+04    9.595019e+03    9.633968e+03    9.562929e+03
   3.875000e-02    1.982539e+04    2.169321e+04    6.827423e+04    9.621737e+03    9.660337e+03    9.591749e+03
   3.916667e-02    1.918073e+04    2.103693e+04    6.827423e+04    9.647625e+03    9.685866e+03    9.619717e+03
   3.958333e-02    1.852918e+04    2.036986e+04    6.827423e+04    9.672674e+03    9.710547e+03    9.646819e+03
   4.000000e-02    1.787073e+04    1.969193e+04    6.827423e+04    9.696874e+03    9.734371e+03    9.673041e+03
   4.041667e-02    1.720539e+04    1.900309e+04    6.827423e+04    9.720218e+03    9.757328e+03    9.698368e+03
   4.083333e-02    1.653316e+04    1.830327e+04    6.827423e+04    9.742696e+03    9.779410e+03    9.722786e+03
   4.125000e-02    1.585403e+04    1.759242e+04    6.827423e+04    9.764300e+03    9.800607e+03    9.746281e+03
   4.166667e-02    1.516801e+04    1.687048e+04    6.827423e+04    9.785019e+03    9.820911e+03    9.768838e+03
   4.208333e-02    1.447510e+04    1.613739e+04    6.827423e+04    9.804846e+03    9.840313e+03    9.790443e+03
   4.250000e-02    1.377529e+04    1.539308e+04    6.827423e+04    9.823771e+03    9.858802e+03    9.811080e+03
   4.291667e-02    1.306859e+04    1.463748e+04    6.827423e+04    9.841785e+03    9.876372e+03    9.830737e+03
   4.333333e-02    1.235499e+04    1.387055e+04    6.827423e+04    9.858880e+03    9.893011e+03    9.849396e+03
   4.375000e-02    1.163451e+04    1.309220e+04    6.827423e+04    9.875046e+03    9.908712e+03    9.867045e+03
   4.416667e-02    1.090713e+04    1.230237e+04    6.827423e+04    9.890274e+03    9.923466e+03    9.883667e+03
   4.458333e-02    1.017285e+04    1.150100e+04    6.827423e+04    9.904556e+03    9.937263e+03    9.899247e+03
   4.500000e-02    9.431686e+03    1.068801e+04    6.827423e+04    9.917882e+03    9.950094e+03    9.913771e+03
   4.541667e-02    8.683626e+03    9.863339e+03    6.827423e+04    9.930244e+03    9.961950e+03    9.927223e+03
   4.583333e-02    7.928672e+03    9.026915e+03    6.827423e+04    9.941632e+03    9.972823e+03    9.939588e+03
   4.625000e-02    7.166825e+03    8.178666e+03    6.827423e+04    9.952038e+03    9.982703e+03    9.950850e+03
   4.666667e-02    6.398085e+03    7.318520e+03    6.827423e+04    9.961452e+03    9.991581e+03    9.960995e+03
   4.708333e-02    5.622451e+03    6.446402e+03    6.827423e+04    9.969866e+03    9.999449e+03    9.970005e+03
   4.750000e-02    4.839924e+03    5.562239e+03    6.827423e+04    9.977271e+03    1.000630e+04    9.977866e+03
   4.791667e-02    4.050503e+03    4.665954e+03    6.827423e+04    9.983657e+03    1.001212e+04    9.984562e+03
   4.833333e-02    3.254189e+03    3.757472e+03    6.827423e+04    9.989016e+03    1.001690e+04    9.990076e+03
   4.875000e-02    2.450982e+03    2.836715e+03    6.827423e+04    9.993339e+03    1.002063e+04    9.994393e+03
   4.916667e-02    1.640881e+03    1.903604e+03    6.827423e+04    9.996616e+03    1.002331e+04    9.997497e+03
   4.958333e-02    8.238873e+02    9.580590e+02    6.827423e+04    9.998840e+03    1.002492e+04    9.999372e+03
   5.000000e-02    6.624745e-08    7.709860e-08    6.827423e+04    1.000000e+04    1.002546e+04    1.000000e+04
