[
 {
  "r": 0.2,
  "tag": "r020",
  "wall_t": 0.03260055,
  "RM": [
   [
    27962814761.359047,
    0.0,
    0.0,
    0.0,
    1632248860.3135545,
    -71465941864.17172
   ],
   [
    0.0,
    721018659.9334562,
    56250975.70703536,
    37499235.768716075,
    0.0,
    0.0
   ],
   [
    0.0,
    56250975.70703536,
    420909092.46034443,
    901057726.2590927,
    0.0,
    0.0
   ],
   [
    0.0,
    37499235.768716075,
    901057726.2590927,
    4373898703.517537,
    0.0,
    0.0
   ],
   [
    1632248860.3135545,
    0.0,
    0.0,
    0.0,
    36446466189.503654,
    -9747291301.967346
   ],
   [
    -71465941864.17172,
    0.0,
    0.0,
    0.0,
    -9747291301.967346,
    252116170672.748
   ]
  ],
  "KL": [
   [
    27963173107.54077,
    -1381.5026548252085,
    -5839.610942557609,
    -12422.634386095195,
    1632431738.4413934,
    -71466496370.3787
   ],
   [
    -1381.5026548252085,
    722963388.3013204,
    56338478.596696585,
    37226027.899578124,
    1696.6182417423177,
    -3644.5305681792915
   ],
   [
    -5839.610942557609,
    56338478.596696585,
    421862699.0883216,
    902491156.2166748,
    -24733.3443710601,
    28044.93025621763
   ],
   [
    -12422.634386095195,
    37226027.899578124,
    902491156.2166748,
    4386139817.044235,
    -53494.175156949204,
    60856.94089585432
   ],
   [
    1632431738.4413934,
    1696.6182417423177,
    -24733.3443710601,
    -53494.175156949204,
    36446515639.25134,
    -9747088542.435919
   ],
   [
    -71466496370.3787,
    -3644.5305681792915,
    28044.93025621763,
    60856.94089585432,
    -9747088542.435919,
    252117659162.67526
   ]
  ],
  "S": [
   [
    28066277025.50333,
    0.0,
    0.0,
    0.0,
    1685130756.4862328,
    -70383638475.001
   ],
   [
    0.0,
    734081249.6126075,
    56747066.7377612,
    37651194.59346646,
    0.0,
    0.0
   ],
   [
    0.0,
    56747066.7377612,
    430950048.265322,
    886134422.162669,
    0.0,
    0.0
   ],
   [
    0.0,
    37651194.59346646,
    886134422.162669,
    4194688871.2232475,
    0.0,
    0.0
   ],
   [
    1685130756.4862328,
    0.0,
    0.0,
    0.0,
    35194175284.84836,
    -9715683254.074192
   ],
   [
    -70383638475.001,
    0.0,
    0.0,
    0.0,
    -9715683254.074192,
    246502443969.78384
   ]
  ],
  "RMerr": [
   -0.3686355124702466,
   -1.7794473957814265,
   -2.3299581576553634,
   4.272303329186576,
   3.558233413682028,
   2.2773513367892897
  ],
  "KLerr": [
   -0.36735872687663573,
   -1.5145273520000968,
   -2.1086780738461863,
   4.5641274406403625,
   3.558373919169905,
   2.2779551806714458
  ]
 },
 {
  "r": 0.3,
  "tag": "r030",
  "wall_t": 0.028571009999999997,
  "RM": [
   [
    26774899226.236267,
    0.0,
    0.0,
    0.0,
    785909796.9311545,
    -58162006504.93715
   ],
   [
    0.0,
    671718826.2194635,
    30313858.543283425,
    4552499.522665087,
    0.0,
    0.0
   ],
   [
    0.0,
    30313858.543283425,
    343373838.8641436,
    625321502.6250097,
    0.0,
    0.0
   ],
   [
    0.0,
    4552499.522665087,
    625321502.6250097,
    2734844305.4887137,
    0.0,
    0.0
   ],
   [
    785909796.9311545,
    0.0,
    0.0,
    0.0,
    24389886104.21326,
    -4154765641.0897703
   ],
   [
    -58162006504.93715,
    0.0,
    0.0,
    0.0,
    -4154765641.0897703,
    179606444817.65472
   ]
  ],
  "KL": [
   [
    26775100611.482475,
    5984.935149835482,
    -5888.952957002819,
    -11206.02539302445,
    785711634.2803049,
    -58162681106.538414
   ],
   [
    5984.935149835482,
    673395911.6961527,
    30540709.05827939,
    4759625.849847179,
    189970.7148750087,
    188951.22042996984
   ],
   [
    -5888.952957002819,
    30540709.05827939,
    344066225.3212532,
    625921328.4243934,
    -144336.62639153257,
    -142805.9788667124
   ],
   [
    -11206.02539302445,
    4759625.849847179,
    625921328.4243934,
    2741725309.8259907,
    -277934.894405755,
    -275062.84751458734
   ],
   [
    785711634.2803049,
    189970.7148750087,
    -144336.62639153257,
    -277934.894405755,
    24387509524.414528,
    -4155958212.543004
   ],
   [
    -58162681106.538414,
    188951.22042996984,
    -142805.9788667124,
    -275062.84751458734,
    -4155958212.543004,
    179609453684.05658
   ]
  ],
  "S": [
   [
    26614960352.419834,
    0.0,
    0.0,
    0.0,
    812660211.3609858,
    -57303021930.79643
   ],
   [
    0.0,
    668569686.9972851,
    30626294.22940307,
    5833182.508414267,
    0.0,
    0.0
   ],
   [
    0.0,
    30626294.22940307,
    351033366.4140972,
    617595732.9214314,
    0.0,
    0.0
   ],
   [
    0.0,
    5833182.508414267,
    617595732.9214314,
    2617271125.386035,
    0.0,
    0.0
   ],
   [
    812660211.3609858,
    0.0,
    0.0,
    0.0,
    23469358193.19808,
    -4147576082.271324
   ],
   [
    -57303021930.79643,
    0.0,
    0.0,
    0.0,
    -4147576082.271324,
    175847149401.9666
   ]
  ],
  "RMerr": [
   0.6009359837422839,
   0.47102632431959596,
   -2.18199415861739,
   4.492204837408172,
   3.9222543004263795,
   2.1378199353660197
  ],
  "KLerr": [
   0.6016926455728542,
   0.7218730960632317,
   -1.9847518097824375,
   4.755112423501761,
   3.912127991137609,
   2.139531004559969
  ]
 },
 {
  "r": 0.4,
  "tag": "r040",
  "wall_t": 0.024547339999999997,
  "RM": [
   [
    24863380392.174046,
    0.0,
    0.0,
    0.0,
    332492888.6950208,
    -44270041095.77487
   ],
   [
    0.0,
    602757419.9714336,
    16564074.161491152,
    -5376331.005822622,
    0.0,
    0.0
   ],
   [
    0.0,
    16564074.161491152,
    271261967.25769365,
    405573263.9766983,
    0.0,
    0.0
   ],
   [
    0.0,
    -5376331.005822622,
    405573263.9766983,
    1565871085.4381294,
    0.0,
    0.0
   ],
   [
    332492888.6950208,
    0.0,
    0.0,
    0.0,
    14940135475.089447,
    -1610425616.4797156
   ],
   [
    -44270041095.77487,
    0.0,
    0.0,
    0.0,
    -1610425616.4797156,
    112630350177.3198
   ]
  ],
  "KL": [
   [
    24863555843.013794,
    -2012.7763099300894,
    -429.5839314487911,
    -541.6822530027048,
    332508494.80371577,
    -44270309915.85
   ],
   [
    -2012.7763099300894,
    604437012.9524424,
    16607830.830122435,
    -5456219.188479705,
    -385.9286068203685,
    1306.2611972472935
   ],
   [
    -429.5839314487911,
    16607830.830122435,
    272104462.24466586,
    406184056.938453,
    -920.8772896223383,
    3328.073935196966
   ],
   [
    -541.6822530027048,
    -5456219.188479705,
    406184056.938453,
    1570139063.5771108,
    -1358.1120837097376,
    4912.687530447672
   ],
   [
    332508494.80371577,
    -385.9286068203685,
    -920.8772896223383,
    -1358.1120837097376,
    14940169402.422728,
    -1610447089.72639
   ],
   [
    -44270309915.85,
    1306.2611972472935,
    3328.073935196966,
    4912.687530447672,
    -1610447089.72639,
    112631063051.6682
   ]
  ],
  "S": [
   [
    24526724215.83353,
    0.0,
    0.0,
    0.0,
    343193927.2780765,
    -43580641906.61014
   ],
   [
    0.0,
    590976306.412163,
    16662563.180513086,
    -4129180.2921576216,
    0.0,
    0.0
   ],
   [
    0.0,
    16662563.180513086,
    277269814.4972292,
    402386231.3154568,
    0.0,
    0.0
   ],
   [
    0.0,
    -4129180.2921576216,
    402386231.3154568,
    1496278962.9704797,
    0.0,
    0.0
   ],
   [
    343193927.2780765,
    0.0,
    0.0,
    0.0,
    14304850929.267593,
    -1615185442.6546755
   ],
   [
    -43580641906.61014,
    0.0,
    0.0,
    0.0,
    -1615185442.6546755,
    110394140082.87204
   ]
  ],
  "RMerr": [
   1.3726096211543104,
   1.9935001507580152,
   -2.1667873404934266,
   4.651012557811567,
   4.441042755098323,
   2.0256601417149933
  ],
  "KLerr": [
   1.373324966743083,
   2.2777066346364694,
   -1.862933497441704,
   4.93625202482301,
   4.441279928721791,
   2.0263058955094144
  ]
 },
 {
  "r": 0.5,
  "tag": "r050",
  "wall_t": 0.02052367,
  "RM": [
   [
    21846543954.04882,
    0.0,
    0.0,
    0.0,
    253050280.9124372,
    -31121290281.77054
   ],
   [
    0.0,
    535948704.08058923,
    5963778.306528708,
    -14452877.51354448,
    0.0,
    0.0
   ],
   [
    0.0,
    5963778.306528708,
    199351494.79442847,
    233769223.61531267,
    0.0,
    0.0
   ],
   [
    0.0,
    -14452877.51354448,
    233769223.61531267,
    769055222.0987557,
    0.0,
    0.0
   ],
   [
    253050280.9124372,
    0.0,
    0.0,
    0.0,
    7602308304.347462,
    -579360361.820072
   ],
   [
    -31121290281.77054,
    0.0,
    0.0,
    0.0,
    -579360361.820072,
    62957874798.27365
   ]
  ],
  "KL": [
   [
    21846713147.35638,
    -1415.9798604846965,
    544.1762437170668,
    693.7735224100156,
    253067041.1598627,
    -31121481412.188892
   ],
   [
    -1415.9798604846965,
    537615687.1562873,
    5970649.752640028,
    -14525654.975903377,
    -3145.876478298493,
    2527.7981907966487
   ],
   [
    544.1762437170668,
    5970649.752640028,
    200153535.7551948,
    234094583.6998277,
    -3833.8982253701147,
    3931.172615451602
   ],
   [
    693.7735224100156,
    -14525654.975903377,
    234094583.6998277,
    771064959.8846202,
    -4362.7077533133,
    4501.329682060129
   ],
   [
    253067041.1598627,
    -3145.876478298493,
    -3833.8982253701147,
    -4362.7077533133,
    7602259648.907269,
    -579303230.189959
   ],
   [
    -31121481412.188892,
    2527.7981907966487,
    3931.172615451602,
    4501.329682060129,
    -579303230.189959,
    62958106700.63491
   ]
  ],
  "S": [
   [
    21520001543.205246,
    0.0,
    0.0,
    0.0,
    259000935.9847113,
    -30659216096.469704
   ],
   [
    0.0,
    522133231.1259798,
    5731695.07404329,
    -13603946.273463301,
    0.0,
    0.0
   ],
   [
    0.0,
    5731695.07404329,
    204409746.3066288,
    232889292.82009497,
    0.0,
    0.0
   ],
   [
    0.0,
    -13603946.273463301,
    232889292.82009497,
    734824818.1340666,
    0.0,
    0.0
   ],
   [
    259000935.9847113,
    0.0,
    0.0,
    0.0,
    7255205618.896193,
    -590462870.4514949
   ],
   [
    -30659216096.469704,
    0.0,
    0.0,
    0.0,
    -590462870.4514949,
    61809878059.33949
   ]
  ],
  "RMerr": [
   1.517390276148365,
   2.6459669929102962,
   -2.474564742432877,
   4.658308091935444,
   4.784188122073891,
   1.8573030314540406
  ],
  "KLerr": [
   1.5181764903464463,
   2.965230923325763,
   -2.082195506005555,
   4.931806990757041,
   4.783517494075885,
   1.8576782180237938
  ]
 },
 {
  "r": 0.6,
  "tag": "r060",
  "wall_t": 0.0165801,
  "RM": [
   [
    18117972551.20363,
    0.0,
    0.0,
    0.0,
    193632041.30021262,
    -20578511704.639355
   ],
   [
    0.0,
    485995234.8163224,
    694250.4139329487,
    -13820724.909469461,
    0.0,
    0.0
   ],
   [
    0.0,
    694250.4139329487,
    147750897.1313342,
    138271226.48199213,
    0.0,
    0.0
   ],
   [
    0.0,
    -13820724.909469461,
    138271226.48199213,
    381020488.4843874,
    0.0,
    0.0
   ],
   [
    193632041.30021262,
    0.0,
    0.0,
    0.0,
    3559240439.341831,
    -164000563.69664863
   ],
   [
    -20578511704.639355,
    0.0,
    0.0,
    0.0,
    -164000563.69664863,
    32714121884.963593
   ]
  ],
  "KL": [
   [
    18118067213.95288,
    -4964.749886848809,
    772.3650743769774,
    867.4632635427561,
    193639677.89731586,
    -20578582041.704548
   ],
   [
    -4964.749886848809,
    487747549.5896313,
    708489.0913340794,
    -13822063.747300306,
    2061.469209454258,
    5496.523349702663
   ],
   [
    772.3650743769774,
    708489.0913340794,
    148537511.78581366,
    138454769.70795813,
    -759.2782059601759,
    -1533.980897423862
   ],
   [
    867.4632635427561,
    -13822063.747300306,
    138454769.70795813,
    381979121.1899519,
    -769.0565232309975,
    -1593.2782001251323
   ],
   [
    193639677.89731586,
    2061.469209454258,
    -759.2782059601759,
    -769.0565232309975,
    3559240968.1679025,
    -163986859.28376228
   ],
   [
    -20578582041.704548,
    5496.523349702663,
    -1533.980897423862,
    -1593.2782001251323,
    -163986859.28376228,
    32714311231.777313
   ]
  ],
  "S": [
   [
    17847822650.056583,
    0.0,
    0.0,
    0.0,
    194647593.91446328,
    -20289147363.74637
   ],
   [
    0.0,
    472349946.11398876,
    78970.77696156607,
    -13512134.124829985,
    0.0,
    0.0
   ],
   [
    0.0,
    78970.77696156607,
    151860093.66927573,
    138073922.70331773,
    0.0,
    0.0
   ],
   [
    0.0,
    -13512134.124829985,
    138073922.70331773,
    364775136.2896317,
    0.0,
    0.0
   ],
   [
    194647593.91446328,
    0.0,
    0.0,
    0.0,
    3387962658.7605476,
    -174212605.5390613
   ],
   [
    -20289147363.74637,
    0.0,
    0.0,
    0.0,
    -174212605.5390613,
    32175664449.19403
   ]
  ],
  "RMerr": [
   1.5136294574631974,
   2.8888092005922896,
   -2.70590939242448,
   4.453525083973062,
   5.055480175922123,
   1.6734928244288352
  ],
  "KLerr": [
   1.5141598456853822,
   3.2597872832035364,
   -2.1879229777758886,
   4.7163260838754635,
   5.055495784892012,
   1.6740813027616437
  ]
 },
 {
  "r": 0.7,
  "tag": "r070",
  "wall_t": 0.01405,
  "RM": [
   [
    14053047127.250174,
    0.0,
    0.0,
    0.0,
    190833187.25568014,
    -13288984303.080082
   ],
   [
    0.0,
    447230749.5559368,
    -278744.789988462,
    -11363386.594177997,
    0.0,
    0.0
   ],
   [
    0.0,
    -278744.789988462,
    108665730.93600874,
    85694852.5638961,
    0.0,
    0.0
   ],
   [
    0.0,
    -11363386.594177997,
    85694852.5638961,
    195881238.1288314,
    0.0,
    0.0
   ],
   [
    190833187.25568014,
    0.0,
    0.0,
    0.0,
    1563319276.0324075,
    -92263840.7030747
   ],
   [
    -13288984303.080082,
    0.0,
    0.0,
    0.0,
    -92263840.7030747,
    17248041134.487377
   ]
  ],
  "KL": [
   [
    14053115728.085756,
    -15201.232940981303,
    -4651.180037469177,
    -3276.0939085337704,
    190826093.35958678,
    -13289043220.3058
   ],
   [
    -15201.232940981303,
    448810804.07493883,
    -292134.7363554941,
    -11377676.668036671,
    -4623.928740754509,
    22611.769002120323
   ],
   [
    -4651.180037469177,
    -292134.7363554941,
    109300179.14355205,
    85866814.05789009,
    -1834.9640627630913,
    8284.074873298907
   ],
   [
    -3276.0939085337704,
    -11377676.668036671,
    85866814.05789009,
    196397948.98937207,
    -1326.5802653968633,
    5945.801315830684
   ],
   [
    190826093.35958678,
    -4623.928740754509,
    -1834.9640627630913,
    -1326.5802653968633,
    1563309698.5428,
    -92253277.68228072
   ],
   [
    -13289043220.3058,
    22611.769002120323,
    8284.074873298907,
    5945.801315830684,
    -92253277.68228072,
    17248118761.37589
   ]
  ],
  "S": [
   [
    13853200711.192373,
    0.0,
    0.0,
    0.0,
    189230644.44151205,
    -13115904897.18793
   ],
   [
    0.0,
    432834739.1753347,
    -1046964.8656884306,
    -11229039.133605428,
    0.0,
    0.0
   ],
   [
    0.0,
    -1046964.8656884306,
    111385569.15009627,
    85664326.8903035,
    0.0,
    0.0
   ],
   [
    0.0,
    -11229039.133605428,
    85664326.8903035,
    187962492.66138598,
    0.0,
    0.0
   ],
   [
    189230644.44151205,
    0.0,
    0.0,
    0.0,
    1482743176.2899327,
    -97718699.95898667
   ],
   [
    -13115904897.18793,
    0.0,
    0.0,
    0.0,
    -97718699.95898667,
    16983678588.900526
   ]
  ],
  "RMerr": [
   1.4426010293515708,
   3.3259831241896967,
   -2.4418227916243316,
   4.212939164257098,
   5.434258678842107,
   1.5565682322769698
  ],
  "KLerr": [
   1.4430962278043535,
   3.6910311150262096,
   -1.8722263776684354,
   4.487840211388635,
   5.433612748396381,
   1.5570252998557357
  ]
 },
 {
  "r": 0.8,
  "tag": "r080",
  "wall_t": 0.011600000000000001,
  "RM": [
   [
    9376735350.662653,
    0.0,
    0.0,
    0.0,
    172254107.72172529,
    -7733247225.088392
   ],
   [
    0.0,
    390344794.4789015,
    317280.52150465024,
    -10122823.272845058,
    0.0,
    0.0
   ],
   [
    0.0,
    317280.52150465024,
    77871674.80305007,
    56158371.630492754,
    0.0,
    0.0
   ],
   [
    0.0,
    -10122823.272845058,
    56158371.630492754,
    104615195.47963867,
    0.0,
    0.0
   ],
   [
    172254107.72172529,
    0.0,
    0.0,
    0.0,
    607705061.7948653,
    -86070070.3531762
   ],
   [
    -7733247225.088392,
    0.0,
    0.0,
    0.0,
    -86070070.3531762,
    8487340349.225888
   ]
  ],
  "KL": [
   [
    9376759612.593727,
    15715.330287853409,
    32602.083019631467,
    23071.38805892776,
    172375194.0537015,
    -7733294172.543614
   ],
   [
    15715.330287853409,
    391242496.4008428,
    146481.2925981268,
    -10241023.902285146,
    -13475.700059176903,
    -8676.21627422172
   ],
   [
    32602.083019631467,
    146481.2925981268,
    78003726.67578807,
    56191075.9239064,
    -25583.74234540686,
    -14257.657004842218
   ],
   [
    23071.38805892776,
    -10241023.902285146,
    56191075.9239064,
    104871816.69427802,
    -18074.507457602136,
    -10041.965049672574
   ],
   [
    172375194.0537015,
    -13475.700059176903,
    -25583.74234540686,
    -18074.507457602136,
    607652555.0881407,
    -86142538.57081488
   ],
   [
    -7733294172.543614,
    -8676.21627422172,
    -14257.657004842218,
    -10041.965049672574,
    -86142538.57081488,
    8487394794.152361
   ]
  ],
  "S": [
   [
    9252523085.612255,
    0.0,
    0.0,
    0.0,
    170599665.9476984,
    -7614424083.103261
   ],
   [
    0.0,
    382072829.4185709,
    170938.93944506027,
    -9485895.521123419,
    0.0,
    0.0
   ],
   [
    0.0,
    170938.93944506027,
    79381460.86851045,
    56077793.723505676,
    0.0,
    0.0
   ],
   [
    0.0,
    -9485895.521123419,
    56077793.723505676,
    100938129.19524702,
    0.0,
    0.0
   ],
   [
    170599665.9476984,
    0.0,
    0.0,
    0.0,
    575912310.7418363,
    -88727775.27703491
   ],
   [
    -7614424083.103261,
    0.0,
    0.0,
    0.0,
    -88727775.27703491,
    8286347261.412653
   ]
  ],
  "RMerr": [
   1.3424691178944357,
   2.165023111671852,
   -1.9019378692982651,
   3.6428912579497137,
   5.5204152542036296,
   2.4255933461684305
  ],
  "KLerr": [
   1.3427313375165826,
   2.3999788198040894,
   -1.7355868456546741,
   3.8971274090308996,
   5.511298118531206,
   2.4262503899146686
  ]
 },
 {
  "r": 0.9,
  "tag": "r090",
  "wall_t": 0.0090973,
  "RM": [
   [
    4795037504.652499,
    0.0,
    0.0,
    0.0,
    107150361.42250767,
    -3461025823.3042297
   ],
   [
    0.0,
    270309773.12155193,
    -199327.8795802478,
    -7835373.451831497,
    0.0,
    0.0
   ],
   [
    0.0,
    -199327.8795802478,
    50623624.13189677,
    32781047.317873783,
    0.0,
    0.0
   ],
   [
    0.0,
    -7835373.451831497,
    32781047.317873783,
    48331204.72498802,
    0.0,
    0.0
   ],
   [
    107150361.42250767,
    0.0,
    0.0,
    0.0,
    169303607.8884306,
    -60691679.06356406
   ],
   [
    -3461025823.3042297,
    0.0,
    0.0,
    0.0,
    -60691679.06356406,
    3310207207.1636844
   ]
  ],
  "KL": [
   [
    4795062360.20113,
    -1896.2202933945043,
    -324.94111329329,
    -157.23501110867076,
    107146758.94919878,
    -3461040794.273347
   ],
   [
    -1896.2202933945043,
    270551029.3063245,
    -165167.17720384413,
    -7803252.200684586,
    122.17926516841364,
    141.40947844261746
   ],
   [
    -324.94111329329,
    -165167.17720384413,
    50947231.498889424,
    33114424.512406204,
    -111.5001906515378,
    116.12427998381979
   ],
   [
    -157.23501110867076,
    -7803252.200684586,
    33114424.512406204,
    48758633.65021527,
    -75.93747847255638,
    71.44472590683358
   ],
   [
    107146758.94919878,
    122.17926516841364,
    -111.5001906515378,
    -75.93747847255638,
    169304018.35531327,
    -60687922.355748475
   ],
   [
    -3461040794.273347,
    141.40947844261746,
    116.12427998381979,
    71.44472590683358,
    -60687922.355748475,
    3310217271.419245
   ]
  ],
  "S": [
   [
    4732569170.524347,
    0.0,
    0.0,
    0.0,
    106211581.42824896,
    -3388022212.537653
   ],
   [
    0.0,
    267033604.67904198,
    94957.39528834645,
    -7003296.1611275785,
    0.0,
    0.0
   ],
   [
    0.0,
    94957.39528834645,
    51202373.066252455,
    32757512.911092144,
    0.0,
    0.0
   ],
   [
    0.0,
    -7003296.1611275785,
    32757512.911092144,
    47173762.422461845,
    0.0,
    0.0
   ],
   [
    106211581.42824896,
    0.0,
    0.0,
    0.0,
    160630333.83094802,
    -61042795.079159945
   ],
   [
    -3388022212.537653,
    0.0,
    0.0,
    0.0,
    -61042795.079159945,
    3183518243.028662
   ]
  ],
  "RMerr": [
   1.3199666370904979,
   1.226874964462882,
   -1.1303166234245063,
   2.453572161916554,
   5.399524392827679,
   3.9795268776124786
  ],
  "KLerr": [
   1.320491839105199,
   1.3172217150385357,
   -0.49830027806112626,
   3.359645587647223,
   5.3997799279267396,
   3.979843013874064
  ]
 }
]