nodes:
- [3.18092639 0.01401170 0.00000000]
- [3.14928387 0.02051457 0.00000000]
- [3.11764066 0.02701409 0.00000000]
- [3.08599608 0.03350698 0.00000000]
- [3.05435086 0.03999669 0.00000000]
- [3.02270369 0.04647694 0.00000000]
- [2.99106021 0.05297513 0.00000000]
- [2.95942511 0.05951402 0.00000000]
- [2.92779428 0.06607345 0.00000000]
- [2.89617970 0.07271086 0.00000000]
- [2.86456794 0.07936164 0.00000000]
- [2.83296730 0.08606496 0.00000000]
- [2.80137636 0.09281397 0.00000000]
- [2.76978703 0.09957054 0.00000000]
- [2.73821230 0.10639496 0.00000000]
- [2.70664110 0.11323572 0.00000000]
- [2.67507228 0.12008742 0.00000000]
- [2.64351386 0.12698691 0.00000000]
- [2.61195775 0.13389691 0.00000000]
- [2.58040434 0.14081926 0.00000000]
- [2.54886081 0.14778649 0.00000000]
- [2.51731927 0.15476273 0.00000000]
- [2.48577706 0.16173593 0.00000000]
- [2.45424040 0.16873421 0.00000000]
- [2.42270484 0.17573743 0.00000000]
- [2.39116811 0.18273539 0.00000000]
- [2.35945728 0.18977080 0.00000000]
- [2.32774476 0.19679857 0.00000000]
- [2.29603132 0.20382225 0.00000000]
- [2.26431350 0.21082602 0.00000000]
- [2.23258539 0.21778307 0.00000000]
- [2.20161556 0.22456528 0.00000000]
- [2.17064246 0.23133250 0.00000000]
- [2.13965378 0.23802788 0.00000000]
- [2.10865740 0.24468767 0.00000000]
- [2.07765670 0.25132733 0.00000000]
- [2.04664944 0.25793617 0.00000000]
- [2.01561378 0.26441036 0.00000000]
- [1.98457282 0.27085921 0.00000000]
- [1.95352916 0.27729497 0.00000000]
- [1.92246139 0.28361285 0.00000000]
- [1.89136405 0.28978405 0.00000000]
- [1.86026223 0.29593262 0.00000000]
- [1.82915710 0.30206443 0.00000000]
- [1.79800639 0.30795977 0.00000000]
- [1.76683720 0.31375720 0.00000000]
- [1.73566403 0.31953316 0.00000000]
- [1.70447755 0.32523607 0.00000000]
- [1.67324002 0.33065258 0.00000000]
- [1.64199040 0.33599950 0.00000000]
- [1.61073701 0.34132436 0.00000000]
- [1.57945756 0.34649211 0.00000000]
- [1.54812529 0.35133128 0.00000000]
- [1.51678880 0.35614301 0.00000000]
- [1.48544695 0.36091967 0.00000000]
- [1.45405275 0.36533514 0.00000000]
- [1.42262592 0.36951631 0.00000000]
- [1.39119476 0.37366486 0.00000000]
- [1.35975309 0.37773045 0.00000000]
- [1.32824403 0.38123779 0.00000000]
- [1.29672399 0.38464598 0.00000000]
- [1.26519911 0.38800904 0.00000000]
- [1.23248131 0.39113829 0.00000000]
- [1.19971810 0.39377490 0.00000000]
- [1.16695031 0.39635398 0.00000000]
- [1.13486880 0.39871012 0.00000000]
- [1.10274390 0.40036859 0.00000000]
- [1.07060950 0.40184869 0.00000000]
- [1.03847195 0.40325847 0.00000000]
- [1.00631564 0.40398160 0.00000000]
- [0.97414836 0.40425744 0.00000000]
- [0.94198042 0.40444180 0.00000000]
- [0.90981641 0.40415351 0.00000000]
- [0.87766636 0.40306766 0.00000000]
- [0.84552011 0.40187258 0.00000000]
- [0.81339272 0.40030684 0.00000000]
- [0.78132403 0.39778084 0.00000000]
- [0.74926907 0.39508098 0.00000000]
- [0.71724477 0.39207488 0.00000000]
- [0.68534145 0.38795444 0.00000000]
- [0.65346191 0.38365278 0.00000000]
- [0.62163847 0.37896662 0.00000000]
- [0.59001427 0.37307425 0.00000000]
- [0.55841842 0.36703175 0.00000000]
- [0.52697192 0.36029488 0.00000000]
- [0.49573887 0.35259400 0.00000000]
- [0.46454700 0.34472793 0.00000000]
- [0.43370041 0.33562292 0.00000000]
- [0.40300386 0.32600377 0.00000000]
- [0.37248659 0.31584716 0.00000000]
- [0.34296066 0.30462048 0.00000000]
- [0.31351635 0.29318415 0.00000000]
- [0.28466339 0.28033025 0.00000000]
- [0.25426541 0.26620663 0.00000000]
- [0.22455995 0.25069120 0.00000000]
- [0.19524698 0.23443493 0.00000000]
- [0.16690558 0.21654892 0.00000000]
- [0.13905088 0.19790515 0.00000000]
- [0.11450863 0.17863287 0.00000000]
- [0.09066558 0.15852499 0.00000000]
- [0.06825412 0.13680822 0.00000000]
- [0.04787205 0.11322246 0.00000000]
- [0.02957616 0.08797061 0.00000000]
- [0.01434569 0.06074022 0.00000000]
- [0.00446511 0.03113705 0.00000000]
- [0.00114061 0.00021403 0.00000000]
- [0.00572036 -0.03051658 0.00000000]
- [0.01868552 -0.05873019 0.00000000]
- [0.03688507 -0.08403361 0.00000000]
- [0.05821726 -0.10679993 0.00000000]
- [0.08143025 -0.12764375 0.00000000]
- [0.10581450 -0.14710506 0.00000000]
- [0.13120482 -0.16525114 0.00000000]
- [0.15738434 -0.18222924 0.00000000]
- [0.18558403 -0.19938180 0.00000000]
- [0.21451136 -0.21526255 0.00000000]
- [0.24376783 -0.23054132 0.00000000]
- [0.27362823 -0.24459572 0.00000000]
- [0.30372341 -0.25814992 0.00000000]
- [0.33429488 -0.27057659 0.00000000]
- [0.36509527 -0.28244221 0.00000000]
- [0.40920277 -0.29773206 0.00000000]
- [0.43893605 -0.30725264 0.00000000]
- [0.46884818 -0.31617155 0.00000000]
- [0.49903954 -0.32412044 0.00000000]
- [0.52927418 -0.33190339 0.00000000]
- [0.55972440 -0.33877040 0.00000000]
- [0.59031975 -0.34498600 0.00000000]
- [0.62094379 -0.35105860 0.00000000]
- [0.65175713 -0.35606771 0.00000000]
- [0.68264850 -0.36058806 0.00000000]
- [0.71355866 -0.36497790 0.00000000]
- [0.74459070 -0.36835742 0.00000000]
- [0.77567729 -0.37124419 0.00000000]
- [0.80677492 -0.37400940 0.00000000]
- [0.83792668 -0.37598008 0.00000000]
- [0.86911952 -0.37729047 0.00000000]
- [0.90031673 -0.37849203 0.00000000]
- [0.93152291 -0.37921946 0.00000000]
- [0.96274212 -0.37895325 0.00000000]
- [0.99396032 -0.37858697 0.00000000]
- [1.02517599 -0.37808734 0.00000000]
- [1.05635126 -0.37641831 0.00000000]
- [1.08751313 -0.37450838 0.00000000]
- [1.11866922 -0.37250632 0.00000000]
- [1.14977524 -0.36988076 0.00000000]
- [1.18080708 -0.36645511 0.00000000]
- [1.21182903 -0.36294109 0.00000000]
- [1.24637268 -0.35881488 0.00000000]
- [1.28075426 -0.35349907 0.00000000]
- [1.31509566 -0.34792519 0.00000000]
- [1.34942140 -0.34225570 0.00000000]
- [1.38035000 -0.33630362 0.00000000]
- [1.41118338 -0.32985509 0.00000000]
- [1.44200189 -0.32333589 0.00000000]
- [1.47280552 -0.31674673 0.00000000]
- [1.50336091 -0.30909247 0.00000000]
- [1.53388079 -0.30129389 0.00000000]
- [1.56438510 -0.29343466 0.00000000]
- [1.59483115 -0.28535945 0.00000000]
- [1.62507754 -0.27655985 0.00000000]
- [1.65529977 -0.26767742 0.00000000]
- [1.68550756 -0.25874600 0.00000000]
- [1.71564016 -0.24956709 0.00000000]
- [1.74564355 -0.23997154 0.00000000]
- [1.77563101 -0.23032617 0.00000000]
- [1.80560741 -0.22064645 0.00000000]
- [1.83552617 -0.21079083 0.00000000]
- [1.86538150 -0.20074393 0.00000000]
- [1.89522835 -0.19067185 0.00000000]
- [1.92507058 -0.18058608 0.00000000]
- [1.95490955 -0.17049070 0.00000000]
- [1.98474923 -0.16039739 0.00000000]
- [2.01458830 -0.15030228 0.00000000]
- [2.04443546 -0.14023120 0.00000000]
- [2.07436060 -0.13039486 0.00000000]
- [2.10431566 -0.12064931 0.00000000]
- [2.13427866 -0.11092821 0.00000000]
- [2.16428097 -0.10132969 0.00000000]
- [2.19445322 -0.09227981 0.00000000]
- [2.22464773 -0.08330358 0.00000000]
- [2.25537577 -0.07422208 0.00000000]
- [2.28624139 -0.06562620 0.00000000]
- [2.31724064 -0.05751865 0.00000000]
- [2.34825702 -0.04947689 0.00000000]
- [2.37930986 -0.04158139 0.00000000]
- [2.41087296 -0.03470346 0.00000000]
- [2.44245360 -0.02790645 0.00000000]
- [2.47405473 -0.02120532 0.00000000]
- [2.50587270 -0.01563585 0.00000000]
- [2.53775203 -0.01041632 0.00000000]
- [2.56964806 -0.00529975 0.00000000]
- [2.60167890 -0.00113739 0.00000000]
- [2.63377006 0.00256290 0.00000000]
- [2.66587697 0.00612288 0.00000000]
- [2.69806495 0.00881366 0.00000000]
- [2.73028919 0.01107914 0.00000000]
- [2.76252291 0.01319438 0.00000000]
- [2.79481076 0.01420044 0.00000000]
- [2.82710516 0.01497948 0.00000000]
- [2.85940420 0.01523376 0.00000000]
- [2.89170131 0.01458380 0.00000000]
- [2.92399441 0.01375603 0.00000000]
- [2.95624197 0.01189716 0.00000000]
- [2.98847354 0.00973814 0.00000000]
- [3.02065118 0.00691177 0.00000000]
- [3.05278567 0.00360892 0.00000000]
- [3.08487220 -0.00012251 0.00000000]
- [3.11691216 -0.00424274 0.00000000]
- [3.14892613 -0.00855924 0.00000000]
- [3.18092639 -0.01297736 0.00000000]
- [2.22552969 -0.04984951 0.00000000]
- [2.22641165 -0.01639544 0.00000000]
- [2.22729361 0.01705864 0.00000000]
- [2.22817558 0.05051271 0.00000000]
- [2.22905754 0.08396678 0.00000000]
- [2.22993950 0.11742085 0.00000000]
- [2.23082146 0.15087493 0.00000000]
- [2.23170342 0.18432900 0.00000000]
- [0.40727034 -0.26543842 0.00000000]
- [0.40533791 -0.23314478 0.00000000]
- [0.40340548 -0.20085113 0.00000000]
- [0.40147304 -0.16855749 0.00000000]
- [0.39954061 -0.13626385 0.00000000]
- [0.39760818 -0.10397020 0.00000000]
- [0.39567575 -0.07167656 0.00000000]
- [0.39374332 -0.03938292 0.00000000]
- [0.39181089 -0.00708927 0.00000000]
- [0.38987846 0.02520437 0.00000000]
- [0.38794603 0.05749801 0.00000000]
- [0.38601360 0.08979166 0.00000000]
- [0.38408117 0.12208530 0.00000000]
- [0.38214874 0.15437894 0.00000000]
- [0.38021631 0.18667259 0.00000000]
- [0.37828388 0.21896623 0.00000000]
- [0.37635145 0.25125987 0.00000000]
- [0.37441902 0.28355352 0.00000000]
- [1.20995908 -0.33130380 0.00000000]
- [1.20808914 -0.29966650 0.00000000]
- [1.20621919 -0.26802921 0.00000000]
- [1.20434924 -0.23639191 0.00000000]
- [1.20247930 -0.20475462 0.00000000]
- [1.20060935 -0.17311732 0.00000000]
- [1.19873940 -0.14148003 0.00000000]
- [1.19686946 -0.10984273 0.00000000]
- [1.19499951 -0.07820544 0.00000000]
- [1.19312956 -0.04656815 0.00000000]
- [1.19125962 -0.01493085 0.00000000]
- [1.18938967 0.01670644 0.00000000]
- [1.18751972 0.04834374 0.00000000]
- [1.18564978 0.07998103 0.00000000]
- [1.18377983 0.11161833 0.00000000]
- [1.18190989 0.14325562 0.00000000]
- [1.18003994 0.17489292 0.00000000]
- [1.17816999 0.20653021 0.00000000]
- [1.17630005 0.23816750 0.00000000]
- [1.17443010 0.26980480 0.00000000]
- [1.17256015 0.30144209 0.00000000]
- [1.17069021 0.33307939 0.00000000]
- [1.16882026 0.36471668 0.00000000]
elements:
- [1 2]
- [2 3]
- [3 4]
- [4 5]
- [5 6]
- [6 7]
- [7 8]
- [8 9]
- [9 10]
- [10 11]
- [11 12]
- [12 13]
- [13 14]
- [14 15]
- [15 16]
- [16 17]
- [17 18]
- [18 19]
- [19 20]
- [20 21]
- [21 22]
- [22 23]
- [23 24]
- [24 25]
- [25 26]
- [26 27]
- [27 28]
- [28 29]
- [29 30]
- [30 31]
- [31 32]
- [32 33]
- [33 34]
- [34 35]
- [35 36]
- [36 37]
- [37 38]
- [38 39]
- [39 40]
- [40 41]
- [41 42]
- [42 43]
- [43 44]
- [44 45]
- [45 46]
- [46 47]
- [47 48]
- [48 49]
- [49 50]
- [50 51]
- [51 52]
- [52 53]
- [53 54]
- [54 55]
- [55 56]
- [56 57]
- [57 58]
- [58 59]
- [59 60]
- [60 61]
- [61 62]
- [62 63]
- [63 64]
- [64 65]
- [65 66]
- [66 67]
- [67 68]
- [68 69]
- [69 70]
- [70 71]
- [71 72]
- [72 73]
- [73 74]
- [74 75]
- [75 76]
- [76 77]
- [77 78]
- [78 79]
- [79 80]
- [80 81]
- [81 82]
- [82 83]
- [83 84]
- [84 85]
- [85 86]
- [86 87]
- [87 88]
- [88 89]
- [89 90]
- [90 91]
- [91 92]
- [92 93]
- [93 94]
- [94 95]
- [95 96]
- [96 97]
- [97 98]
- [98 99]
- [99 100]
- [100 101]
- [101 102]
- [102 103]
- [103 104]
- [104 105]
- [105 106]
- [106 107]
- [107 108]
- [108 109]
- [109 110]
- [110 111]
- [111 112]
- [112 113]
- [113 114]
- [114 115]
- [115 116]
- [116 117]
- [117 118]
- [118 119]
- [119 120]
- [120 121]
- [121 122]
- [122 123]
- [123 124]
- [124 125]
- [125 126]
- [126 127]
- [127 128]
- [128 129]
- [129 130]
- [130 131]
- [131 132]
- [132 133]
- [133 134]
- [134 135]
- [135 136]
- [136 137]
- [137 138]
- [138 139]
- [139 140]
- [140 141]
- [141 142]
- [142 143]
- [143 144]
- [144 145]
- [145 146]
- [146 147]
- [147 148]
- [148 149]
- [149 150]
- [150 151]
- [151 152]
- [152 153]
- [153 154]
- [154 155]
- [155 156]
- [156 157]
- [157 158]
- [158 159]
- [159 160]
- [160 161]
- [161 162]
- [162 163]
- [163 164]
- [164 165]
- [165 166]
- [166 167]
- [167 168]
- [168 169]
- [169 170]
- [170 171]
- [171 172]
- [172 173]
- [173 174]
- [174 175]
- [175 176]
- [176 177]
- [177 178]
- [178 179]
- [179 180]
- [180 181]
- [181 182]
- [182 183]
- [183 184]
- [184 185]
- [185 186]
- [186 187]
- [187 188]
- [188 189]
- [189 190]
- [190 191]
- [191 192]
- [192 193]
- [193 194]
- [194 195]
- [195 196]
- [196 197]
- [197 198]
- [198 199]
- [199 200]
- [200 201]
- [201 202]
- [202 203]
- [203 204]
- [204 205]
- [205 206]
- [206 207]
- [207 208]
- [208 209]
- [209 210]
- [210 211]
- [211 1]
- [181 212]
- [212 213]
- [213 214]
- [214 215]
- [215 216]
- [216 217]
- [217 218]
- [218 219]
- [219 31]
- [122 220]
- [220 221]
- [221 222]
- [222 223]
- [223 224]
- [224 225]
- [225 226]
- [226 227]
- [227 228]
- [228 229]
- [229 230]
- [230 231]
- [231 232]
- [232 233]
- [233 234]
- [234 235]
- [235 236]
- [236 237]
- [237 90]
- [148 238]
- [238 239]
- [239 240]
- [240 241]
- [241 242]
- [242 243]
- [243 244]
- [244 245]
- [245 246]
- [246 247]
- [247 248]
- [248 249]
- [249 250]
- [250 251]
- [251 252]
- [252 253]
- [253 254]
- [254 255]
- [255 256]
- [256 257]
- [257 258]
- [258 259]
- [259 260]
- [260 65]
sets:
  element:
  - name: layup_0
    labels:
    - 1
    - 2
    - 3
    - 4
    - 5
    - 6
    - 7
    - 8
    - 9
    - 10
    - 11
    - 12
    - 13
    - 14
    - 15
    - 16
    - 17
    - 18
    - 19
    - 20
    - 21
    - 22
    - 23
    - 24
    - 25
    - 186
    - 187
    - 188
    - 189
    - 190
    - 191
    - 192
    - 193
    - 194
    - 195
    - 196
    - 197
    - 198
    - 199
    - 200
    - 201
    - 202
    - 203
    - 204
    - 205
    - 206
    - 207
    - 208
    - 209
    - 210
    - 211
  - name: layup_1
    labels:
    - 26
    - 27
    - 28
    - 29
    - 30
    - 31
    - 32
    - 33
    - 34
    - 35
    - 36
    - 37
    - 38
    - 39
    - 40
    - 41
    - 42
    - 43
    - 44
    - 45
    - 46
    - 47
    - 48
    - 49
    - 50
    - 51
    - 52
    - 53
    - 54
    - 55
    - 56
    - 57
    - 58
    - 59
    - 60
    - 61
    - 93
    - 94
    - 95
    - 96
    - 97
    - 114
    - 115
    - 116
    - 117
    - 118
    - 119
    - 120
    - 152
    - 153
    - 154
    - 155
    - 156
    - 157
    - 158
    - 159
    - 160
    - 161
    - 162
    - 163
    - 164
    - 165
    - 166
    - 167
    - 168
    - 169
    - 170
    - 171
    - 172
    - 173
    - 174
    - 175
    - 176
    - 177
    - 178
    - 179
    - 180
    - 181
    - 182
    - 183
    - 184
    - 185
  - name: layup_2
    labels:
    - 62
    - 63
    - 64
    - 65
    - 66
    - 67
    - 68
    - 69
    - 70
    - 71
    - 72
    - 73
    - 74
    - 75
    - 76
    - 77
    - 78
    - 79
    - 80
    - 81
    - 82
    - 83
    - 84
    - 85
    - 86
    - 87
    - 88
    - 89
    - 90
    - 91
    - 92
    - 121
    - 122
    - 123
    - 124
    - 125
    - 126
    - 127
    - 128
    - 129
    - 130
    - 131
    - 132
    - 133
    - 134
    - 135
    - 136
    - 137
    - 138
    - 139
    - 140
    - 141
    - 142
    - 143
    - 144
    - 145
    - 146
    - 147
    - 148
    - 149
    - 150
    - 151
  - name: layup_3
    labels:
    - 98
    - 99
    - 100
    - 101
    - 102
    - 103
    - 104
    - 105
    - 106
    - 107
    - 108
    - 109
    - 110
    - 111
    - 112
    - 113
  - name: layup_4
    labels:
    - 212
    - 213
    - 214
    - 215
    - 216
    - 217
    - 218
    - 219
    - 220
  - name: layup_5
    labels:
    - 221
    - 222
    - 223
    - 224
    - 225
    - 226
    - 227
    - 228
    - 229
    - 230
    - 231
    - 232
    - 233
    - 234
    - 235
    - 236
    - 237
    - 238
    - 239
    - 240
    - 241
    - 242
    - 243
    - 244
    - 245
    - 246
    - 247
    - 248
    - 249
    - 250
    - 251
    - 252
    - 253
    - 254
    - 255
    - 256
    - 257
    - 258
    - 259
    - 260
    - 261
    - 262
    - 263
sections:
- type: shell
  elementSet: layup_0
  layup:
  - - gelcoat
    - 0.0005
    - 0.0
  - - glass_triax
    - 0.003
    - 0.0
  - - glass_uniax
    - 0.00755
    - 0.0
  - - glass_triax
    - 0.003
    - 0.0
- type: shell
  elementSet: layup_1
  layup:
  - - gelcoat
    - 0.0005
    - 0.0
  - - glass_triax
    - 0.003
    - 0.0
  - - medium_density_foam
    - 0.02375
    - 0.0
  - - glass_triax
    - 0.003
    - 0.0
- type: shell
  elementSet: layup_2
  layup:
  - - gelcoat
    - 0.0005
    - 0.0
  - - glass_triax
    - 0.003
    - 0.0
  - - carbon_uniax
    - 0.04342884
    - 0.0
  - - glass_triax
    - 0.003
    - 0.0
- type: shell
  elementSet: layup_3
  layup:
  - - gelcoat
    - 0.0005
    - 0.0
  - - glass_triax
    - 0.003
    - 0.0
  - - glass_uniax
    - 0.005675
    - 0.0
  - - glass_triax
    - 0.003
    - 0.0
- type: shell
  elementSet: layup_4
  layup:
  - - glass_biax
    - 0.002
    - 0.0
  - - medium_density_foam
    - 0.03
    - 0.0
  - - glass_biax
    - 0.002
    - 0.0
- type: shell
  elementSet: layup_5
  layup:
  - - glass_biax
    - 0.002
    - 0.0
  - - medium_density_foam
    - 0.022
    - 0.0
  - - glass_biax
    - 0.002
    - 0.0
elementOrientations:
- [0.0, 0.0, 1.0, -0.97952889730741, 0.20130359991746127, 0.0, -0.20130359991746127,
  -0.97952889730741, 0.0]
- [0.0, 0.0, 1.0, -0.9795502702054241, 0.20119957291326576, 0.0, -0.20119957291326576,
  -0.9795502702054241, 0.0]
- [0.0, 0.0, 1.0, -0.9795923646618985, 0.2009945250401369, 0.0, -0.2009945250401369,
  -0.9795923646618985, 0.0]
- [0.0, 0.0, 1.0, -0.9796125242131631, 0.20089624786121543, 0.0, -0.20089624786121543,
  -0.9796125242131631, 0.0]
- [0.0, 0.0, 1.0, -0.9796725708691122, 0.20060322501571173, 0.0, -0.20060322501571173,
  -0.9796725708691122, 0.0]
- [0.0, 0.0, 1.0, -0.9795586922493951, 0.2011585654121021, 0.0, -0.2011585654121021,
  -0.9795586922493951, 0.0]
- [0.0, 0.0, 1.0, -0.9792991214395211, 0.20241845456326832, 0.0, -0.20241845456326832,
  -0.9792991214395211, 0.0]
- [0.0, 0.0, 1.0, -0.979167488888032, 0.20305425064426963, 0.0, -0.20305425064426963,
  -0.979167488888032, 0.0]
- [0.0, 0.0, 1.0, -0.9786637213216195, 0.20546853912197735, 0.0, -0.20546853912197735,
  -0.9786637213216195, 0.0]
- [0.0, 0.0, 1.0, -0.9785768046585922, 0.20588209583200634, 0.0, -0.20588209583200634,
  -0.9785768046585922, 0.0]
- [0.0, 0.0, 1.0, -0.9782331721900513, 0.207508700605515, 0.0, -0.207508700605515,
  -0.9782331721900513, 0.0]
- [0.0, 0.0, 1.0, -0.9779321203891039, 0.20892287550977084, 0.0, -0.20892287550977084,
  -0.9779321203891039, 0.0]
- [0.0, 0.0, 1.0, -0.9778820309748288, 0.20915719805099753, 0.0, -0.20915719805099753,
  -0.9778820309748288, 0.0]
- [0.0, 0.0, 1.0, -0.9774304422253697, 0.21125749835477584, 0.0, -0.21125749835477584,
  -0.9774304422253697, 0.0]
- [0.0, 0.0, 1.0, -0.9773210280469421, 0.2117630943702611, 0.0, -0.2117630943702611,
  -0.9773210280469421, 0.0]
- [0.0, 0.0, 1.0, -0.9772475829695751, 0.2121017717514955, 0.0, -0.2121017717514955,
  -0.9772475829695751, 0.0]
- [0.0, 0.0, 1.0, -0.9769252813581134, 0.2135813536884043, 0.0, -0.2135813536884043,
  -0.9769252813581134, 0.0]
- [0.0, 0.0, 1.0, -0.9768541357746974, 0.21390651560873278, 0.0, -0.21390651560873278,
  -0.9768541357746974, 0.0]
- [0.0, 0.0, 1.0, -0.9767702889305557, 0.2142890633292299, 0.0, -0.2142890633292299,
  -0.9767702889305557, 0.0]
- [0.0, 0.0, 1.0, -0.9764644827234146, 0.21567826496820358, 0.0, -0.21567826496820358,
  -0.9764644827234146, 0.0]
- [0.0, 0.0, 1.0, -0.9764028934165193, 0.21595691636956027, 0.0, -0.21595691636956027,
  -0.9764028934165193, 0.0]
- [0.0, 0.0, 1.0, -0.976423616393258, 0.21586320054495559, 0.0, -0.21586320054495559,
  -0.976423616393258, 0.0]
- [0.0, 0.0, 1.0, -0.9762516721849421, 0.21663949906723923, 0.0, -0.21663949906723923,
  -0.9762516721849421, 0.0]
- [0.0, 0.0, 1.0, -0.9762177724622202, 0.21679220633800617, 0.0, -0.21679220633800617,
  -0.9762177724622202, 0.0]
- [0.0, 0.0, 1.0, -0.9762539114671376, 0.21662940784924428, 0.0, -0.21662940784924428,
  -0.9762539114671376, 0.0]
- [0.0, 0.0, 1.0, -0.9762615736661273, 0.21659487478455486, 0.0, -0.21659487478455486,
  -0.9762615736661273, 0.0]
- [0.0, 0.0, 1.0, -0.9763137598362519, 0.2163595210625161, 0.0, -0.2163595210625161,
  -0.9763137598362519, 0.0]
- [0.0, 0.0, 1.0, -0.976341644452298, 0.21623365443006962, 0.0, -0.21623365443006962,
  -0.976341644452298, 0.0]
- [0.0, 0.0, 1.0, -0.976477203932663, 0.21562066273863553, 0.0, -0.21562066273863553,
  -0.976477203932663, 0.0]
- [0.0, 0.0, 1.0, -0.9767936464494259, 0.2141825675820372, 0.0, -0.2141825675820372,
  -0.9767936464494259, 0.0]
- [0.0, 0.0, 1.0, -0.9768501910846069, 0.21392452916383162, 0.0, -0.21392452916383162,
  -0.9768501910846069, 0.0]
- [0.0, 0.0, 1.0, -0.9769536837179008, 0.21345139931615337, 0.0, -0.21345139931615337,
  -0.9769536837179008, 0.0]
- [0.0, 0.0, 1.0, -0.9774458975029807, 0.21118597835697425, 0.0, -0.21118597835697425,
  -0.9774458975029807, 0.0]
- [0.0, 0.0, 1.0, -0.9776878194474844, 0.21006315170448925, 0.0, -0.21006315170448925,
  -0.9776878194474844, 0.0]
- [0.0, 0.0, 1.0, -0.9778240450436824, 0.20942811877685039, 0.0, -0.20942811877685039,
  -0.9778240450436824, 0.0]
- [0.0, 0.0, 1.0, -0.978031715731076, 0.20845614172800953, 0.0, -0.20845614172800953,
  -0.978031715731076, 0.0]
- [0.0, 0.0, 1.0, -0.9789273097968585, 0.20420901579970888, 0.0, -0.20420901579970888,
  -0.9789273097968585, 0.0]
- [0.0, 0.0, 1.0, -0.9790937311110224, 0.20340960080364145, 0.0, -0.20340960080364145,
  -0.9790937311110224, 0.0]
- [0.0, 0.0, 1.0, -0.9791794129619759, 0.20299674192321485, 0.0, -0.20299674192321485,
  -0.9791794129619759, 0.0]
- [0.0, 0.0, 1.0, -0.9799427111572492, 0.1992794089959629, 0.0, -0.1992794089959629,
  -0.9799427111572492, 0.0]
- [0.0, 0.0, 1.0, -0.9808723837589941, 0.19465191182967798, 0.0, -0.19465191182967798,
  -0.9808723837589941, 0.0]
- [0.0, 0.0, 1.0, -0.9810137528230423, 0.1939381777063271, 0.0, -0.1939381777063271,
  -0.9810137528230423, 0.0]
- [0.0, 0.0, 1.0, -0.9811180815482495, 0.193409694842535, 0.0, -0.193409694842535,
  -0.9811180815482495, 0.0]
- [0.0, 0.0, 1.0, -0.9825589666200691, 0.18595127618411636, 0.0, -0.18595127618411636,
  -0.9825589666200691, 0.0]
- [0.0, 0.0, 1.0, -0.9831384575397644, 0.18286271710311178, 0.0, -0.18286271710311178,
  -0.9831384575397644, 0.0]
- [0.0, 0.0, 1.0, -0.9832642578421569, 0.1821850686804838, 0.0, -0.1821850686804838,
  -0.9832642578421569, 0.0]
- [0.0, 0.0, 1.0, -0.9836881900375901, 0.17988203017691856, 0.0, -0.17988203017691856,
  -0.9836881900375901, 0.0]
- [0.0, 0.0, 1.0, -0.9852973482032129, 0.1708482824722471, 0.0, -0.1708482824722471,
  -0.9852973482032129, 0.0]
- [0.0, 0.0, 1.0, -0.9856755555395466, 0.1686525991848525, 0.0, -0.1686525991848525,
  -0.9856755555395466, 0.0]
- [0.0, 0.0, 1.0, -0.9857943676555782, 0.16795673460310842, 0.0, -0.16795673460310842,
  -0.9857943676555782, 0.0]
- [0.0, 0.0, 1.0, -0.9866256585889064, 0.16300248407311754, 0.0, -0.16300248407311754,
  -0.9866256585889064, 0.0]
- [0.0, 0.0, 1.0, -0.9882823150693509, 0.15263703915224658, 0.0, -0.15263703915224658,
  -0.9882823150693509, 0.0]
- [0.0, 0.0, 1.0, -0.9884155600381965, 0.1517718046093497, 0.0, -0.1517718046093497,
  -0.9884155600381965, 0.0]
- [0.0, 0.0, 1.0, -0.9885848421806778, 0.150665224290824, 0.0, -0.150665224290824,
  -0.9885848421806778, 0.0]
- [0.0, 0.0, 1.0, -0.9902536650725091, 0.13927554993775204, 0.0, -0.13927554993775204,
  -0.9902536650725091, 0.0]
- [0.0, 0.0, 1.0, -0.9912653717310096, 0.13188238247386808, 0.0, -0.13188238247386808,
  -0.9912653717310096, 0.0]
- [0.0, 0.0, 1.0, -0.9914017333949976, 0.13085336457804236, 0.0, -0.13085336457804236,
  -0.9914017333949976, 0.0]
- [0.0, 0.0, 1.0, -0.9917433981010493, 0.128238185900236, 0.0, -0.128238185900236,
  -0.9917433981010493, 0.0]
- [0.0, 0.0, 1.0, -0.9938617829463678, 0.11062891303211274, 0.0, -0.11062891303211274,
  -0.9938617829463678, 0.0]
- [0.0, 0.0, 1.0, -0.9942049522985246, 0.1075012224353219, 0.0, -0.1075012224353219,
  -0.9942049522985246, 0.0]
- [0.0, 0.0, 1.0, -0.9943578662300442, 0.10607748991389927, 0.0, -0.10607748991389927,
  -0.9943578662300442, 0.0]
- [0.0, 0.0, 1.0, -0.9954572658692076, 0.09520941039730274, 0.0, -0.09520941039730274,
  -0.9954572658692076, 0.0]
- [0.0, 0.0, 1.0, -0.9967775580511222, 0.08021533373141272, 0.0, -0.08021533373141272,
  -0.9967775580511222, 0.0]
- [0.0, 0.0, 1.0, -0.9969168707893709, 0.07846497776415039, 0.0, -0.07846497776415039,
  -0.9969168707893709, 0.0]
- [0.0, 0.0, 1.0, -0.9973139728618274, 0.07324506491606361, 0.0, -0.07324506491606361,
  -0.9973139728618274, 0.0]
- [0.0, 0.0, 1.0, -0.9986700567505633, 0.05155693697095175, 0.0, -0.05155693697095175,
  -0.9986700567505633, 0.0]
- [0.0, 0.0, 1.0, -0.9989409350151459, 0.046010959032234636, 0.0, -0.046010959032234636,
  -0.9989409350151459, 0.0]
- [0.0, 0.0, 1.0, -0.9990392246372899, 0.04382496589984592, 0.0, -0.04382496589984592,
  -0.9990392246372899, 0.0]
- [0.0, 0.0, 1.0, -0.9997472393402614, 0.022482380468402983, 0.0, -0.022482380468402983,
  -0.9997472393402614, 0.0]
- [0.0, 0.0, 1.0, -0.9999632354756334, 0.008574829275445868, 0.0, -0.008574829275445868,
  -0.9999632354756334, 0.0]
- [0.0, 0.0, 1.0, -0.9999835777048518, 0.005730996475713576, 0.0, -0.005730996475713576,
  -0.9999835777048518, 0.0]
- [0.0, 0.0, 1.0, -0.9999598352112027, -0.008962586924784096, 0.0, 0.008962586924784096,
  -0.9999598352112027, 0.0]
- [0.0, 0.0, 1.0, -0.9994301272484297, -0.03375530696331349, 0.0, 0.03375530696331349,
  -0.9994301272484297, 0.0]
- [0.0, 0.0, 1.0, -0.9993096714524755, -0.03715078117005484, 0.0, 0.03715078117005484,
  -0.9993096714524755, 0.0]
- [0.0, 0.0, 1.0, -0.9988145536086785, -0.04867738180609522, 0.0, 0.04867738180609522,
  -0.9988145536086785, 0.0]
- [0.0, 0.0, 1.0, -0.9969121291788618, -0.07852519784163582, 0.0, 0.07852519784163582,
  -0.9969121291788618, 0.0]
- [0.0, 0.0, 1.0, -0.9964717357730186, -0.08392901646931905, 0.0, 0.08392901646931905,
  -0.9964717357730186, 0.0]
- [0.0, 0.0, 1.0, -0.9956231967883732, -0.09345827955243154, 0.0, 0.09345827955243154,
  -0.9956231967883732, 0.0]
- [0.0, 0.0, 1.0, -0.9917625421339082, -0.12809004653011835, 0.0, 0.12809004653011835,
  -0.9917625421339082, 0.0]
- [0.0, 0.0, 1.0, -0.9910187478523843, -0.13372300252795802, 0.0, 0.13372300252795802,
  -0.9910187478523843, 0.0]
- [0.0, 0.0, 1.0, -0.9893311565075675, -0.1456841198051415, 0.0, 0.1456841198051415,
  -0.9893311565075675, 0.0]
- [0.0, 0.0, 1.0, -0.9830808260052988, -0.18317229468655938, 0.0, 0.18317229468655938,
  -0.9830808260052988, 0.0]
- [0.0, 0.0, 1.0, -0.982199772332806, -0.1878393122575358, 0.0, 0.1878393122575358,
  -0.982199772332806, 0.0]
- [0.0, 0.0, 1.0, -0.9778130468991814, -0.20947946274930923, 0.0, 0.20947946274930923,
  -0.9778130468991814, 0.0]
- [0.0, 0.0, 1.0, -0.9709228419401543, -0.23939263772901237, 0.0, 0.23939263772901237,
  -0.9709228419401543, 0.0]
- [0.0, 0.0, 1.0, -0.969642338601284, -0.2445275755243839, 0.0, 0.2445275755243839,
  -0.969642338601284, 0.0]
- [0.0, 0.0, 1.0, -0.9590916536070555, -0.2830957434884599, 0.0, 0.2830957434884599,
  -0.9590916536070555, 0.0]
- [0.0, 0.0, 1.0, -0.9542453658651974, -0.29902471758166693, 0.0, 0.29902471758166693,
  -0.9542453658651974, 0.0]
- [0.0, 0.0, 1.0, -0.9488306943409807, -0.315785233151287, 0.0, 0.315785233151287,
  -0.9488306943409807, 0.0]
- [0.0, 0.0, 1.0, -0.9347117953006004, -0.3554066118207827, 0.0, 0.3554066118207827,
  -0.9347117953006004, 0.0]
- [0.0, 0.0, 1.0, -0.9321568209109407, -0.362054776559029, 0.0, 0.362054776559029,
  -0.9321568209109407, 0.0]
- [0.0, 0.0, 1.0, -0.9134544165482892, -0.4069410631632358, 0.0, 0.4069410631632358,
  -0.9134544165482892, 0.0]
- [0.0, 0.0, 1.0, -0.9068918362750361, -0.4213634978230708, 0.0, 0.4213634978230708,
  -0.9068918362750361, 0.0]
- [0.0, 0.0, 1.0, -0.886377720552135, -0.46296278091095106, 0.0, 0.46296278091095106,
  -0.886377720552135, 0.0]
- [0.0, 0.0, 1.0, -0.8745205687582237, -0.4849884275101757, 0.0, 0.4849884275101757,
  -0.8745205687582237, 0.0]
- [0.0, 0.0, 1.0, -0.8456751467728776, -0.5336979914995672, 0.0, 0.5336979914995672,
  -0.8456751467728776, 0.0]
- [0.0, 0.0, 1.0, -0.8310303490396692, -0.5562270750107421, 0.0, 0.5562270750107421,
  -0.8310303490396692, 0.0]
- [0.0, 0.0, 1.0, -0.7864883104032047, -0.6176051631901343, 0.0, 0.6176051631901343,
  -0.7864883104032047, 0.0]
- [0.0, 0.0, 1.0, -0.764444531821699, -0.644689504930787, 0.0, 0.644689504930787,
  -0.764444531821699, 0.0]
- [0.0, 0.0, 1.0, -0.7181495173208235, -0.6958888350676912, 0.0, 0.6958888350676912,
  -0.7181495173208235, 0.0]
- [0.0, 0.0, 1.0, -0.6538503228653099, -0.756623919321171, 0.0, 0.756623919321171,
  -0.6538503228653099, 0.0]
- [0.0, 0.0, 1.0, -0.5867215843377654, -0.8097887270592142, 0.0, 0.8097887270592142,
  -0.5867215843377654, 0.0]
- [0.0, 0.0, 1.0, -0.4881507999472832, -0.8727593004436146, 0.0, 0.8727593004436146,
  -0.4881507999472832, 0.0]
- [0.0, 0.0, 1.0, -0.31659839674234147, -0.9485596740217134, 0.0, 0.9485596740217134,
  -0.31659839674234147, 0.0]
- [0.0, 0.0, 1.0, -0.10689317984807693, -0.9942705105261679, 0.0, 0.9942705105261679,
  -0.10689317984807693, 0.0]
- [0.0, 0.0, 1.0, 0.14740114588686204, -0.9890767928686023, 0.0, 0.9890767928686023,
  0.14740114588686204, 0.0]
- [0.0, 0.0, 1.0, 0.4175573375789286, -0.9086505763130274, 0.0, 0.9086505763130274,
  0.4175573375789286, 0.0]
- [0.0, 0.0, 1.0, 0.5839049640513206, -0.8118220204923158, 0.0, 0.8118220204923158,
  0.5839049640513206, 0.0]
- [0.0, 0.0, 1.0, 0.6837494976721793, -0.7297168111213023, 0.0, 0.7297168111213023,
  0.6837494976721793, 0.0]
- [0.0, 0.0, 1.0, 0.7440566818361165, -0.6681164974875476, 0.0, 0.6681164974875476,
  0.7440566818361165, 0.0]
- [0.0, 0.0, 1.0, 0.7815890436048647, -0.623793689385227, 0.0, 0.623793689385227,
  0.7815890436048647, 0.0]
- [0.0, 0.0, 1.0, 0.8135797758957143, -0.5814533070277264, 0.0, 0.5814533070277264,
  0.8135797758957143, 0.0]
- [0.0, 0.0, 1.0, 0.8390082065368025, -0.5441187640248205, 0.0, 0.5441187640248205,
  0.8390082065368025, 0.0]
- [0.0, 0.0, 1.0, 0.8543663251832128, -0.5196712252885788, 0.0, 0.5196712252885788,
  0.8543663251832128, 0.0]
- [0.0, 0.0, 1.0, 0.8765903125942967, -0.48123738826678153, 0.0, 0.48123738826678153,
  0.8765903125942967, 0.0]
- [0.0, 0.0, 1.0, 0.886404311794521, -0.46291186637639964, 0.0, 0.46291186637639964,
  0.886404311794521, 0.0]
- [0.0, 0.0, 1.0, 0.9047901677063298, -0.42585766685824916, 0.0, 0.42585766685824916,
  0.9047901677063298, 0.0]
- [0.0, 0.0, 1.0, 0.9117924965902335, -0.41065124273737336, 0.0, 0.41065124273737336,
  0.9117924965902335, 0.0]
- [0.0, 0.0, 1.0, 0.9263924857070476, -0.37655937436945786, 0.0, 0.37655937436945786,
  0.9263924857070476, 0.0]
- [0.0, 0.0, 1.0, 0.9331493930056559, -0.3594888180919902, 0.0, 0.3594888180919902,
  0.9331493930056559, 0.0]
- [0.0, 0.0, 1.0, 0.9448411392840128, -0.32752896286662764, 0.0, 0.32752896286662764,
  0.9448411392840128, 0.0]
- [0.0, 0.0, 1.0, 0.9523689911581241, -0.3049480360331198, 0.0, 0.3049480360331198,
  0.9523689911581241, 0.0]
- [0.0, 0.0, 1.0, 0.9583076088772949, -0.2857385636694518, 0.0, 0.2857385636694518,
  0.9583076088772949, 0.0]
- [0.0, 0.0, 1.0, 0.9670446076936116, -0.25460700448084483, 0.0, 0.25460700448084483,
  0.9670446076936116, 0.0]
- [0.0, 0.0, 1.0, 0.9684284844157182, -0.2492915373057722, 0.0, 0.2492915373057722,
  0.9684284844157182, 0.0]
- [0.0, 0.0, 1.0, 0.9755018947513702, -0.21999103012733656, 0.0, 0.21999103012733656,
  0.9755018947513702, 0.0]
- [0.0, 0.0, 1.0, 0.9799815558304025, -0.19908829757729044, 0.0, 0.19908829757729044,
  0.9799815558304025, 0.0]
- [0.0, 0.0, 1.0, 0.9809009684956572, -0.19450781476403925, 0.0, 0.19450781476403925,
  0.9809009684956572, 0.0]
- [0.0, 0.0, 1.0, 0.9870428472321028, -0.16045690302365898, 0.0, 0.16045690302365898,
  0.9870428472321028, 0.0]
- [0.0, 0.0, 1.0, 0.9894626354636404, -0.14478844229201046, 0.0, 0.14478844229201046,
  0.9894626354636404, 0.0]
- [0.0, 0.0, 1.0, 0.9900652997017659, -0.14060832950594543, 0.0, 0.14060832950594543,
  0.9900652997017659, 0.0]
- [0.0, 0.0, 1.0, 0.9941221615235168, -0.10826415827877081, 0.0, 0.10826415827877081,
  0.9941221615235168, 0.0]
- [0.0, 0.0, 1.0, 0.9957159939070523, -0.09246436869243721, 0.0, 0.09246436869243721,
  0.9957159939070523, 0.0]
- [0.0, 0.0, 1.0, 0.996069890192481, -0.08857072796324185, 0.0, 0.08857072796324185,
  0.996069890192481, 0.0]
- [0.0, 0.0, 1.0, 0.9980050217950873, -0.06313459013716045, 0.0, 0.06313459013716045,
  0.9980050217950873, 0.0]
- [0.0, 0.0, 1.0, 0.9991187791376475, -0.04197219525467824, 0.0, 0.04197219525467824,
  0.9991187791376475, 0.0]
- [0.0, 0.0, 1.0, 0.9992591229531403, -0.03848642871092045, 0.0, 0.03848642871092045,
  0.9992591229531403, 0.0]
- [0.0, 0.0, 1.0, 0.9997284177570452, -0.023304307091069676, 0.0, 0.023304307091069676,
  0.9997284177570452, 0.0]
- [0.0, 0.0, 1.0, 0.9999636461725667, 0.008526800881097038, 0.0, -0.008526800881097038,
  0.9999636461725667, 0.0]
- [0.0, 0.0, 1.0, 0.9999311769305602, 0.01173206726305398, 0.0, -0.01173206726305398,
  0.9999311769305602, 0.0]
- [0.0, 0.0, 1.0, 0.9998719291371356, 0.016003915882774136, 0.0, -0.016003915882774136,
  0.9998719291371356, 0.0]
- [0.0, 0.0, 1.0, 0.9985699761853856, 0.053460290507239695, 0.0, -0.053460290507239695,
  0.9985699761853856, 0.0]
- [0.0, 0.0, 1.0, 0.9981270096952015, 0.06117575105313409, 0.0, -0.06117575105313409,
  0.9981270096952015, 0.0]
- [0.0, 0.0, 1.0, 0.9979417605142522, 0.06412676993046473, 0.0, -0.06412676993046473,
  0.9979417605142522, 0.0]
- [0.0, 0.0, 1.0, 0.9964566638779824, 0.08410777023058906, 0.0, -0.08410777023058906,
  0.9964566638779824, 0.0]
- [0.0, 0.0, 1.0, 0.9939619925301068, 0.10972491697686547, 0.0, -0.10972491697686547,
  0.9939619925301068, 0.0]
- [0.0, 0.0, 1.0, 0.9936454378624889, 0.11255551436985525, 0.0, -0.11255551436985525,
  0.9936454378624889, 0.0]
- [0.0, 0.0, 1.0, 0.9929413763577432, 0.1186061681228711, 0.0, -0.1186061681228711,
  0.9929413763577432, 0.0]
- [0.0, 0.0, 1.0, 0.9882576709018827, 0.15279651796944255, 0.0, -0.15279651796944255,
  0.9882576709018827, 0.0]
- [0.0, 0.0, 1.0, 0.9870827522840485, 0.1602112360084271, 0.0, -0.1602112360084271,
  0.9870827522840485, 0.0]
- [0.0, 0.0, 1.0, 0.9866327568864132, 0.1629595134955797, 0.0, -0.1629595134955797,
  0.9866327568864132, 0.0]
- [0.0, 0.0, 1.0, 0.981981289655448, 0.18897816478795348, 0.0, -0.18897816478795348,
  0.981981289655448, 0.0]
- [0.0, 0.0, 1.0, 0.9788222576464952, 0.20471196334317623, 0.0, -0.20471196334317623,
  0.9788222576464952, 0.0]
- [0.0, 0.0, 1.0, 0.9783502973090553, 0.2069557821257546, 0.0, -0.2069557821257546,
  0.9783502973090553, 0.0]
- [0.0, 0.0, 1.0, 0.9778779240550288, 0.2091763983957732, 0.0, -0.2091763983957732,
  0.9778779240550288, 0.0]
- [0.0, 0.0, 1.0, 0.9700272499158775, 0.24299616132902088, 0.0, -0.24299616132902088,
  0.9700272499158775, 0.0]
- [0.0, 0.0, 1.0, 0.9688700212011827, 0.2475699537860354, 0.0, -0.2475699537860354,
  0.9688700212011827, 0.0]
- [0.0, 0.0, 1.0, 0.968375939307283, 0.24949557144514117, 0.0, -0.24949557144514117,
  0.968375939307283, 0.0]
- [0.0, 0.0, 1.0, 0.9665797028195613, 0.2563662967264781, 0.0, -0.2563662967264781,
  0.9665797028195613, 0.0]
- [0.0, 0.0, 1.0, 0.9601897954605935, 0.2793484503149136, 0.0, -0.2793484503149136,
  0.9601897954605935, 0.0]
- [0.0, 0.0, 1.0, 0.9594209727797218, 0.28197765335290725, 0.0, -0.28197765335290725,
  0.9594209727797218, 0.0]
- [0.0, 0.0, 1.0, 0.9589626249521893, 0.28353250950253756, 0.0, -0.28353250950253756,
  0.9589626249521893, 0.0]
- [0.0, 0.0, 1.0, 0.9566020745353225, 0.29139744507239096, 0.0, -0.29139744507239096,
  0.9566020745353225, 0.0]
- [0.0, 0.0, 1.0, 0.9524750825734919, 0.3046165082142132, 0.0, -0.3046165082142132,
  0.9524750825734919, 0.0]
- [0.0, 0.0, 1.0, 0.9519680159179708, 0.306197479854427, 0.0, -0.306197479854427,
  0.9519680159179708, 0.0]
- [0.0, 0.0, 1.0, 0.9516166281165933, 0.3072878017299182, 0.0, -0.3072878017299182,
  0.9516166281165933, 0.0]
- [0.0, 0.0, 1.0, 0.9497945528138575, 0.3128742677899933, 0.0, -0.3128742677899933,
  0.9497945528138575, 0.0]
- [0.0, 0.0, 1.0, 0.947773498509715, 0.3189441887268922, 0.0, -0.3189441887268922,
  0.947773498509715, 0.0]
- [0.0, 0.0, 1.0, 0.9475040442260189, 0.319743782074552, 0.0, -0.319743782074552,
  0.9475040442260189, 0.0]
- [0.0, 0.0, 1.0, 0.9473574594865437, 0.32017783176728765, 0.0, -0.32017783176728765,
  0.9473574594865437, 0.0]
- [0.0, 0.0, 1.0, 0.9472541397752963, 0.3204833766025367, 0.0, -0.3204833766025367,
  0.9472541397752963, 0.0]
- [0.0, 0.0, 1.0, 0.9472764146492189, 0.32041753112044474, 0.0, -0.32041753112044474,
  0.9472764146492189, 0.0]
- [0.0, 0.0, 1.0, 0.9472571396395778, 0.3204745097536546, 0.0, -0.3204745097536546,
  0.9472571396395778, 0.0]
- [0.0, 0.0, 1.0, 0.9475147510172182, 0.31971205264234104, 0.0, -0.31971205264234104,
  0.9475147510172182, 0.0]
- [0.0, 0.0, 1.0, 0.9499959768628555, 0.31226213978705275, 0.0, -0.31226213978705275,
  0.9499959768628555, 0.0]
- [0.0, 0.0, 1.0, 0.9509392962285946, 0.3093775280919175, 0.0, -0.3093775280919175,
  0.9509392962285946, 0.0]
- [0.0, 0.0, 1.0, 0.9511914220400624, 0.30860148839142654, 0.0, -0.30860148839142654,
  0.9511914220400624, 0.0]
- [0.0, 0.0, 1.0, 0.9524445659447844, 0.3047119111591331, 0.0, -0.3047119111591331,
  0.9524445659447844, 0.0]
- [0.0, 0.0, 1.0, 0.9578419560258102, 0.2872956443746575, 0.0, -0.2872956443746575,
  0.9578419560258102, 0.0]
- [0.0, 0.0, 1.0, 0.9585408605149103, 0.28495511703307796, 0.0, -0.28495511703307796,
  0.9585408605149103, 0.0]
- [0.0, 0.0, 1.0, 0.9589942859496637, 0.2834254037941814, 0.0, -0.2834254037941814,
  0.9589942859496637, 0.0]
- [0.0, 0.0, 1.0, 0.9633398376780237, 0.268284097818859, 0.0, -0.268284097818859,
  0.9633398376780237, 0.0]
- [0.0, 0.0, 1.0, 0.9674585823049404, 0.25302942817884805, 0.0, -0.25302942817884805,
  0.9674585823049404, 0.0]
- [0.0, 0.0, 1.0, 0.9679933612289227, 0.25097580085883286, 0.0, -0.25097580085883286,
  0.9679933612289227, 0.0]
- [0.0, 0.0, 1.0, 0.9691631718273059, 0.24641985791253856, 0.0, -0.24641985791253856,
  0.9691631718273059, 0.0]
- [0.0, 0.0, 1.0, 0.9770709581167173, 0.21291393285757562, 0.0, -0.21291393285757562,
  0.9770709581167173, 0.0]
- [0.0, 0.0, 1.0, 0.9776134568252306, 0.21040895663973813, 0.0, -0.21040895663973813,
  0.9776134568252306, 0.0]
- [0.0, 0.0, 1.0, 0.9782476084188391, 0.2074406339722813, 0.0, -0.2074406339722813,
  0.9782476084188391, 0.0]
- [0.0, 0.0, 1.0, 0.9850234999860532, 0.17242013941308026, 0.0, -0.17242013941308026,
  0.9850234999860532, 0.0]
- [0.0, 0.0, 1.0, 0.9868601829673819, 0.16157654307969746, 0.0, -0.16157654307969746,
  0.9868601829673819, 0.0]
- [0.0, 0.0, 1.0, 0.9873768039013654, 0.15838891096767077, 0.0, -0.15838891096767077,
  0.9873768039013654, 0.0]
- [0.0, 0.0, 1.0, 0.9916621193299139, 0.12886520510247734, 0.0, -0.12886520510247734,
  0.9916621193299139, 0.0]
- [0.0, 0.0, 1.0, 0.9934178860559693, 0.11454651310314483, 0.0, -0.11454651310314483,
  0.9934178860559693, 0.0]
- [0.0, 0.0, 1.0, 0.9939090285778578, 0.11020364291355832, 0.0, -0.11020364291355832,
  0.9939090285778578, 0.0]
- [0.0, 0.0, 1.0, 0.9965240930917996, 0.08330505319346798, 0.0, -0.08330505319346798,
  0.9965240930917996, 0.0]
- [0.0, 0.0, 1.0, 0.9975378221085845, 0.07013054586171528, 0.0, -0.07013054586171528,
  0.9975378221085845, 0.0]
- [0.0, 0.0, 1.0, 0.997853798558603, 0.06548126985762574, 0.0, -0.06548126985762574,
  0.997853798558603, 0.0]
- [0.0, 0.0, 1.0, 0.9995149095645882, 0.031143948980384688, 0.0, -0.031143948980384688,
  0.9995149095645882, 0.0]
- [0.0, 0.0, 1.0, 0.999709168102358, 0.02411595347672425, 0.0, -0.02411595347672425,
  0.999709168102358, 0.0]
- [0.0, 0.0, 1.0, 0.999969010424635, 0.007872622839696121, 0.0, -0.007872622839696121,
  0.999969010424635, 0.0]
- [0.0, 0.0, 1.0, 0.9997975608074647, -0.02012057164803801, 0.0, 0.02012057164803801,
  0.9997975608074647, 0.0]
- [0.0, 0.0, 1.0, 0.999671639910855, -0.02562444844171006, 0.0, 0.02562444844171006,
  0.999671639910855, 0.0]
- [0.0, 0.0, 1.0, 0.99834272446963, -0.057548279718476446, 0.0, 0.057548279718476446,
  0.99834272446963, 0.0]
- [0.0, 0.0, 1.0, 0.997764050138598, -0.06683487301567452, 0.0, 0.06683487301567452,
  0.997764050138598, 0.0]
- [0.0, 0.0, 1.0, 0.9961645482207087, -0.08749967353214197, 0.0, 0.08749967353214197,
  0.9961645482207087, 0.0]
- [0.0, 0.0, 1.0, 0.9947594319841865, -0.10224320260290544, 0.0, 0.10224320260290544,
  0.9947594319841865, 0.0]
- [0.0, 0.0, 1.0, 0.9933058242761593, -0.11551423920478288, 0.0, 0.11551423920478288,
