# mh104 FEniCS-shell OML (CCW mesh)  f=0.20  [EA,GA2,GA3,GJ,EI2,EI3]
5.821766440000000000e+08 1.177660100000000000e+07 -3.089200000000000000e+04 8.528469000000000000e+06 1.877259300000000000e+07 -1.382795955000000000e+08
1.177660100000000000e+07 1.432345900000000000e+08 -6.133646000000000000e+06 -1.631197000000000000e+06 8.334590000000000000e+05 -4.652038000000000000e+06
-3.089200000000000000e+04 -6.133646000000000000e+06 7.380310000000000000e+05 1.349290000000000000e+05 1.885590000000000000e+05 -2.329200000000000000e+04
8.528469000000000000e+06 -1.631197000000000000e+06 1.349290000000000000e+05 6.150231000000000000e+06 4.190605000000000000e+05 -8.222575000000000000e+05
1.877259300000000000e+07 8.334590000000000000e+05 1.885590000000000000e+05 4.190605000000000000e+05 8.473876000000000000e+06 -1.663976500000000000e+06
-1.382795955000000000e+08 -4.652038000000000000e+06 -2.329200000000000000e+04 -8.222575000000000000e+05 -1.663976500000000000e+06 1.237402890000000000e+08
