# mh104 FEniCS-shell OML (CCW mesh)  f=0.40  [EA,GA2,GA3,GJ,EI2,EI3]
1.185026000000000000e+09 -3.173624100000000000e+07 -1.153167900000000000e+07 1.943012300000000000e+07 2.858332150000000000e+07 -2.752644025000000000e+08
-3.173624100000000000e+07 2.865087670000000000e+08 -6.250604500000000000e+06 -7.265778000000000000e+06 -5.555720000000000000e+06 4.429330000000000000e+06
-1.153167900000000000e+07 -6.250604500000000000e+06 1.786499700000000000e+07 7.656460000000000000e+05 8.031800000000000000e+05 1.226181000000000000e+06
1.943012300000000000e+07 -7.265778000000000000e+06 7.656460000000000000e+05 1.171334600000000000e+07 7.136240000000000000e+05 -2.208283000000000000e+06
2.858332150000000000e+07 -5.555720000000000000e+06 8.031800000000000000e+05 7.136240000000000000e+05 1.275960200000000000e+07 -4.810330000000000000e+05
-2.752644025000000000e+08 4.429330000000000000e+06 1.226181000000000000e+06 -2.208283000000000000e+06 -4.810330000000000000e+05 2.425964680000000000e+08
