# mh104 FEniCS-shell OML (CCW mesh)  f=0.60  [EA,GA2,GA3,GJ,EI2,EI3]
1.726265002000000000e+09 1.144773300000000000e+07 -3.772342000000000000e+06 2.190485150000000000e+07 4.549055050000000000e+07 -4.025238415000000000e+08
1.144773300000000000e+07 4.348050930000000000e+08 -1.019801850000000000e+07 -3.577774000000000000e+06 -1.044670600000000000e+07 -4.669161000000000000e+06
-3.772342000000000000e+06 -1.019801850000000000e+07 3.063053000000000000e+07 3.451661000000000000e+06 3.064870000000000000e+05 1.388327000000000000e+06
2.190485150000000000e+07 -3.577774000000000000e+06 3.451661000000000000e+06 1.560254600000000000e+07 1.170674500000000000e+06 -1.924590000000000000e+06
4.549055050000000000e+07 -1.044670600000000000e+07 3.064870000000000000e+05 1.170674500000000000e+06 1.776246000000000000e+07 -2.394370000000000000e+06
-4.025238415000000000e+08 -4.669161000000000000e+06 1.388327000000000000e+06 -1.924590000000000000e+06 -2.394370000000000000e+06 3.606075760000000000e+08
