# mh104 JAX-Kirchhoff CCW k22=0 fixed-IML  f=0.80 ref=OML  [EA,GA2,GA3,GJ,EI2,EI3]
2.275030989260177612e+09 7.672471285018563271e+06 9.433122648596824147e+05 2.910059570570964366e+07 6.467112886409955472e+07 -5.299940013096936941e+08
7.672471285018563271e+06 6.114298448969866037e+08 -9.735454650663699955e+06 -2.410765066241528094e+07 -2.217667039308417216e+07 -8.280699648851668462e+06
9.433122648596824147e+05 -9.735454650663699955e+06 5.004723061597744375e+07 5.610809057822796516e+06 3.289321500655767159e+05 -1.412819326906666392e+06
2.910059570570964366e+07 -2.410765066241528094e+07 5.610809057822796516e+06 2.014109827340316400e+07 2.115098278137136251e+06 -2.589424187489621341e+06
6.467112886409955472e+07 -2.217667039308417216e+07 3.289321500655767159e+05 2.115098278137136251e+06 2.216898963539012149e+07 -4.684987825816046447e+06
-5.299940013096936941e+08 -8.280699648851668462e+06 -1.412819326906666392e+06 -2.589424187489621341e+06 -4.684987825816046447e+06 4.865840241635926366e+08
