# mh104 JAX-Reissner-Mindlin OML  f=0.40  [EA,GA2,GA3,GJ,EI2,EI3]
1.133681366147483110e+09 2.115131029325366020e+06 1.240881454787936062e+06 1.549029213217921555e+07 3.218376210563760996e+07 -2.670812390882436037e+08
2.115131029325366020e+06 1.409302808697741330e+08 -3.006885507818432525e+06 -5.739187435516811907e+06 -5.557613671763110906e+06 -2.202936205564232077e+06
1.240881454787936062e+06 -3.006885507818432525e+06 1.413377467061702721e+07 2.719108218275138177e+06 1.703046006468448613e+05 1.988482557958383113e+05
1.549029213217921555e+07 -5.739187435516811907e+06 2.719108218275138177e+06 1.109290084493481740e+07 8.854161529845588375e+05 -1.632402478836501250e+06
3.218376210563760996e+07 -5.557613671763110906e+06 1.703046006468448613e+05 8.854161529845588375e+05 1.259603620279974677e+07 -2.121147108349879738e+06
-2.670812390882436037e+08 -2.202936205564232077e+06 1.988482557958383113e+05 -1.632402478836501250e+06 -2.121147108349879738e+06 2.443002354852108061e+08
