# mh104 JAX-Kirchhoff CCW k22=0 fixed-IML  f=0.10 ref=OML  [EA,GA2,GA3,GJ,EI2,EI3]
2.843427606054733992e+08 8.385087323377466528e+05 1.227283280531172495e+05 4.460131554497206584e+06 8.048993066669903696e+06 -6.739604774929690361e+07
8.385087323377466528e+05 7.222258827401806414e+07 -1.706003293534027413e+06 -2.847566264195951633e+06 -3.159184895477095619e+06 -9.085695554482518928e+05
1.227283280531172495e+05 -1.706003293534027413e+06 8.970803902466101572e+06 1.107224688924931688e+06 7.909458595078838698e+04 -2.356644886141552706e+05
4.460131554497206584e+06 -2.847566264195951633e+06 1.107224688924931688e+06 3.441765494629417080e+06 3.151051686667641625e+05 -4.794283444705200964e+05
8.048993066669903696e+06 -3.159184895477095619e+06 7.909458595078838698e+04 3.151051686667641625e+05 3.599398579891798552e+06 -4.634656080329137621e+05
-6.739604774929690361e+07 -9.085695554482518928e+05 -2.356644886141552706e+05 -4.794283444705200964e+05 -4.634656080329137621e+05 6.138285311724387854e+07
