# JAX-Kirchhoff [-45] tube R=0.06716 ref=IML order [EA GA2 GA3 GJ EI2 EI3]
4.482976417597279698e+07 2.314256202483975358e+03 -5.173774559940032304e+03 -9.591792835941080702e+05 9.724653119606625751e+01 -1.519026141325678623e+02
2.314256202483975358e+03 1.586157104164482281e+07 4.470959661991535104e+05 -1.408832457630996942e+02 4.653575840912509011e+05 1.468727136699012590e+04
-5.173774559940032304e+03 4.470959661991535104e+05 1.491601420996326953e+07 3.211896700317062141e+02 1.121057577320787095e+04 4.359000573339993716e+05
-9.591792835941080702e+05 -1.408832457630996942e+02 3.211896700317062141e+02 1.674454713981309324e+05 -5.978919889415719169e+00 9.427208583815826159e+00
9.724653119606625751e+01 4.653575840912509011e+05 1.121057577320787095e+04 -5.978919889415719169e+00 1.141883212244656461e+05 3.742859469342452030e+02
-1.519026141325678623e+02 1.468727136699012590e+04 4.359000573339993716e+05 9.427208583815826159e+00 3.742859469342452030e+02 1.132693015356195829e+05
