# JAX-RM [-45] tube R=0.06716 ref=IML order [EA GA2 GA3 GJ EI2 EI3]
4.482949055594672263e+07 7.484780987425747782e-08 -5.651510281853611152e-07 -9.591624854322429746e+05 1.220990711142801920e-09 -1.688688037460570660e-08
7.484780987425747782e-08 1.637357815209370665e+07 -2.188438287774606079e-07 2.379396829328061353e-09 4.797087025316805812e+05 1.165552671686677016e-08
-5.651510281853611152e-07 -2.188438287774606079e-07 1.637357815209586360e+07 3.884800993944773357e-08 -3.313178726303891847e-08 4.797087025318177766e+05
-9.591624854322429746e+05 2.379396829328061353e-09 3.884800993944773357e-08 1.674491794962366403e+05 1.921261194260342582e-10 1.326963994823175925e-09
1.220990711142801920e-09 4.797087025316805812e+05 -3.313178726303891847e-08 1.921261194260342582e-10 1.145907090060747723e+05 -4.488167164752243595e-10
-1.688688037460570660e-08 1.165552671686677016e-08 4.797087025318177766e+05 1.326963994823175925e-09 -4.488167164752243595e-10 1.145907090060809278e+05
