# JAX-Kirchhoff [-45] tube N=3200 k22=-1/R centric  [EA GA2 GA3 GJ EI2 EI3]
4.772911008239585906e+07 2.551425022032541676e+02 -3.189270907951805611e+02 -9.360650199183118530e+05 7.291132609855033309e+00 -1.091505597514188963e+01
2.551425022032541676e+02 1.412598293047702126e+07 5.188109848088113722e+03 -1.532148228148145819e+01 4.549891227067417931e+05 1.039498470373420332e+03
-3.189270907951805611e+02 5.188109848088113722e+03 1.413313932251061872e+07 1.643070987252017900e+01 -7.125779850341665451e+02 4.552282813106002286e+05
-9.360650199183118530e+05 -1.532148228148145819e+01 1.643070987252017900e+01 1.500447149761625042e+05 -4.540525623481761475e-01 5.027264759362336521e-01
7.291132609855033309e+00 4.549891227067417931e+05 -7.125779850341665451e+02 -4.540525623481761475e-01 1.217070143461749976e+05 5.224402807961224582e+00
-1.091505597514188963e+01 1.039498470373420332e+03 4.552282813106002286e+05 5.027264759362336521e-01 5.224402807961224582e+00 1.217150142293104727e+05
