# JAX-RM [-45] tube N=3200 k22=0 centric  [EA GA2 GA3 GJ EI2 EI3]
4.772911860967706144e+07 -8.433695841212277133e-07 -5.730126034162933338e-06 -9.360663147345866309e+05 2.516309712394728364e-08 -1.339528457070765837e-07
-8.433695841212277133e-07 1.458111557610580325e+07 1.715727325933743561e-06 -1.411973077095760094e-07 4.694355643392512575e+05 3.102744289870452769e-07
-5.730126034162933338e-06 1.715727325933743561e-06 1.458111557613179646e+07 -1.351594704470609294e-07 -3.399540464403787119e-07 4.694355643402595888e+05
-9.360663147345866309e+05 -1.411973077095760094e-07 -1.351594704470609294e-07 1.494732918213007797e+05 -1.752252734007711641e-08 3.702747060280767839e-09
2.516309712394728364e-08 4.694355643392512575e+05 -3.399540464403787119e-07 -1.752252734007711641e-08 1.221847141918637208e+05 1.078554319982889743e-09
-1.339528457070765837e-07 3.102744289870452769e-07 4.694355643402595888e+05 3.702747060280767839e-09 1.078554319982889743e-09 1.221847141918906127e+05
