# JAX-RM [-45] tube R=0.07150 ref=center order [EA GA2 GA3 GJ EI2 EI3]
4.772716352219147235e+07 5.558899919592141931e-08 -5.045109178826938817e-07 -9.359129470803887816e+05 -1.930819193701951776e-09 -2.178939337387142952e-08
5.558899919592141931e-08 1.456790841935764812e+07 1.719514260976934308e-07 -6.144682241521435340e-09 4.691351935418721405e+05 3.714655948261329739e-08
-5.045109178826938817e-07 1.719514260976934308e-07 1.456790841935556382e+07 3.060908465038847811e-08 -2.090088541110782749e-08 4.691351935416620690e+05
-9.359129470803887816e+05 -6.144682241521435340e-09 3.060908465038847811e-08 1.500060367821526306e+05 8.024627943992445236e-11 9.959463351618229654e-10
-1.930819193701951776e-09 4.691351935418721405e+05 -2.090088541110782749e-08 8.024627943992445236e-11 1.221429211334860011e+05 4.060586298388270004e-10
-2.178939337387142952e-08 3.714655948261329739e-08 4.691351935416620690e+05 9.959463351618229654e-10 4.060586298388270004e-10 1.221429211334750289e+05
