# JAX-Kirchhoff [-45] tube R=0.07150 ref=center order [EA GA2 GA3 GJ EI2 EI3]
4.772829178527206928e+07 8.696041064349314183e+03 -1.632825907609139904e+04 -9.359774070980446413e+05 4.287383723168998699e+02 -5.029794294753168060e+02
8.696041064349314183e+03 1.397956687756262720e+07 5.357409242836284684e+05 -4.808102680356988117e+02 4.532402471521201078e+05 2.183131328651589502e+04
-1.632825907609139904e+04 5.357409242836284684e+05 1.297852769347868487e+07 9.208607162042226264e+02 1.149302305514612090e+04 4.119532213113714242e+05
-9.359774070980446413e+05 -4.808102680356988117e+02 9.208607162042226264e+02 1.500058129140729725e+05 -2.403522127043846623e+01 2.833418125354496908e+01
4.287383723168998699e+02 4.532402471521201078e+05 1.149302305514612090e+04 -2.403522127043846623e+01 1.217436258208341751e+05 5.171574834653285961e+02
-5.029794294753168060e+02 2.183131328651589502e+04 4.119532213113714242e+05 2.833418125354496908e+01 5.171574834653285961e+02 1.200988277749998379e+05
