# JAX-Kirchhoff [-45] tube N=3200 k22=0 centric  [EA GA2 GA3 GJ EI2 EI3]
4.775174067832592130e+07 1.782069011860282046e+02 3.819698072303870049e+02 -9.347816123743711505e+05 7.868631724395958038e+00 1.258754293578253680e+01
1.782069011860282046e+02 1.301007791497611068e+07 1.692929834176435634e+03 -1.086395962613729438e+01 4.193562667185431346e+05 -2.514989127620366617e+03
3.819698072303870049e+02 1.692929834176435634e+03 1.301687886222669855e+07 -2.436952277244572684e+01 2.601412997448434453e+03 4.195386102277291357e+05
-9.347816123743711505e+05 -1.086395962613729438e+01 -2.436952277244572684e+01 1.492523172693161177e+05 -4.856122143392289647e-01 -8.724172801744515260e-01
7.868631724395958038e+00 4.193562667185431346e+05 2.601412997448434453e+03 -4.856122143392289647e-01 1.205864196046818106e+05 9.225467922932378828e-01
1.258754293578253680e+01 -2.514989127620366617e+03 4.195386102277291357e+05 -8.724172801744515260e-01 9.225467922932378828e-01 1.205912156200817553e+05
