# JAX-RM [-45] tube N=3200 k22=-1/R centric  [EA GA2 GA3 GJ EI2 EI3]
4.772911860968370736e+07 3.290224394269248522e-06 -2.572023664216509982e-05 -9.360663147351116640e+05 5.618575689202292950e-07 -3.673500590645429241e-07
3.290224394269248522e-06 1.456792539377347939e+07 -4.473590409173610493e-06 4.436609149623814941e-07 4.691741117973407381e+05 -9.707796832579401437e-07
-2.572023664216509982e-05 -4.473590409173610493e-06 1.456792539374857955e+07 1.010068267092913007e-06 9.711322032762332586e-07 4.691741117954157526e+05
-9.360663147351116640e+05 4.436609149623814941e-07 1.010068267092913007e-06 1.500487427348916244e+05 -1.488968460721476033e-08 3.764987310254552647e-08
5.618575689202292950e-07 4.691741117973407381e+05 9.711322032762332586e-07 -1.488968460721476033e-08 1.221621772664806485e+05 -2.074322504906006041e-09
-3.673500590645429241e-07 -9.707796832579401437e-07 4.691741117954157526e+05 3.764987310254552647e-08 -2.074322504906006041e-09 1.221621772664019954e+05
