# JAX-RM [-45] tube R=0.07584 ref=OML order [EA GA2 GA3 GJ EI2 EI3]
5.062483648674495518e+07 -1.812680961690797503e-07 8.146417058476099737e-07 -9.023120909575100522e+05 -8.546926274311800233e-09 3.501436171590416480e-08
-1.812680961690797503e-07 1.286652477740662917e+07 -1.981748960007882231e-07 5.593565687196867898e-09 4.524962338682152331e+05 1.186829617946741769e-08
8.146417058476099737e-07 -1.981748960007882231e-07 1.286652477740649320e+07 -4.221617550440390991e-08 -1.886420813680213684e-08 4.524962338682117406e+05
-9.023120909575100522e+05 5.593565687196867898e-09 -4.221617550440390991e-08 1.317425949245712254e+05 3.015924724242009344e-10 -1.531773872325235151e-09
-8.546926274311800233e-09 4.524962338682152331e+05 -1.886420813680213684e-08 3.015924724242009344e-10 1.294478360007051670e+05 -9.968279762172426819e-11
3.501436171590416480e-08 1.186829617946741769e-08 4.524962338682117406e+05 -1.531773872325235151e-09 -9.968279762172426819e-11 1.294478360007050796e+05
