nodes:
- [0.0671590000 0.0000000000 0.0]
- [0.0671258611 0.0021095152 0.0]
- [0.0670264771 0.0042169485 0.0]
- [0.0668609460 0.0063202202 0.0]
- [0.0666294312 0.0084172546 0.0]
- [0.0663321613 0.0105059822 0.0]
- [0.0659694295 0.0125843417 0.0]
- [0.0655415938 0.0146502819 0.0]
- [0.0650490765 0.0167017641 0.0]
- [0.0644923636 0.0187367637 0.0]
- [0.0638720046 0.0207532723 0.0]
- [0.0631886116 0.0227493000 0.0]
- [0.0624428590 0.0247228768 0.0]
- [0.0616354829 0.0266720552 0.0]
- [0.0607672800 0.0285949114 0.0]
- [0.0598391072 0.0304895480 0.0]
- [0.0588518803 0.0323540950 0.0]
- [0.0578065738 0.0341867124 0.0]
- [0.0567042191 0.0359855917 0.0]
- [0.0555459043 0.0377489576 0.0]
- [0.0543327723 0.0394750698 0.0]
- [0.0530660205 0.0411622248 0.0]
- [0.0517468989 0.0428087577 0.0]
- [0.0503767093 0.0444130436 0.0]
- [0.0489568040 0.0459734991 0.0]
- [0.0474885843 0.0474885843 0.0]
- [0.0459734991 0.0489568040 0.0]
- [0.0444130436 0.0503767093 0.0]
- [0.0428087577 0.0517468989 0.0]
- [0.0411622248 0.0530660205 0.0]
- [0.0394750698 0.0543327723 0.0]
- [0.0377489576 0.0555459043 0.0]
- [0.0359855917 0.0567042191 0.0]
- [0.0341867124 0.0578065738 0.0]
- [0.0323540950 0.0588518803 0.0]
- [0.0304895480 0.0598391072 0.0]
- [0.0285949114 0.0607672800 0.0]
- [0.0266720552 0.0616354829 0.0]
- [0.0247228768 0.0624428590 0.0]
- [0.0227493000 0.0631886116 0.0]
- [0.0207532723 0.0638720046 0.0]
- [0.0187367637 0.0644923636 0.0]
- [0.0167017641 0.0650490765 0.0]
- [0.0146502819 0.0655415938 0.0]
- [0.0125843417 0.0659694295 0.0]
- [0.0105059822 0.0663321613 0.0]
- [0.0084172546 0.0666294312 0.0]
- [0.0063202202 0.0668609460 0.0]
- [0.0042169485 0.0670264771 0.0]
- [0.0021095152 0.0671258611 0.0]
- [0.0000000000 0.0671590000 0.0]
- [-0.0021095152 0.0671258611 0.0]
- [-0.0042169485 0.0670264771 0.0]
- [-0.0063202202 0.0668609460 0.0]
- [-0.0084172546 0.0666294312 0.0]
- [-0.0105059822 0.0663321613 0.0]
- [-0.0125843417 0.0659694295 0.0]
- [-0.0146502819 0.0655415938 0.0]
- [-0.0167017641 0.0650490765 0.0]
- [-0.0187367637 0.0644923636 0.0]
- [-0.0207532723 0.0638720046 0.0]
- [-0.0227493000 0.0631886116 0.0]
- [-0.0247228768 0.0624428590 0.0]
- [-0.0266720552 0.0616354829 0.0]
- [-0.0285949114 0.0607672800 0.0]
- [-0.0304895480 0.0598391072 0.0]
- [-0.0323540950 0.0588518803 0.0]
- [-0.0341867124 0.0578065738 0.0]
- [-0.0359855917 0.0567042191 0.0]
- [-0.0377489576 0.0555459043 0.0]
- [-0.0394750698 0.0543327723 0.0]
- [-0.0411622248 0.0530660205 0.0]
- [-0.0428087577 0.0517468989 0.0]
- [-0.0444130436 0.0503767093 0.0]
- [-0.0459734991 0.0489568040 0.0]
- [-0.0474885843 0.0474885843 0.0]
- [-0.0489568040 0.0459734991 0.0]
- [-0.0503767093 0.0444130436 0.0]
- [-0.0517468989 0.0428087577 0.0]
- [-0.0530660205 0.0411622248 0.0]
- [-0.0543327723 0.0394750698 0.0]
- [-0.0555459043 0.0377489576 0.0]
- [-0.0567042191 0.0359855917 0.0]
- [-0.0578065738 0.0341867124 0.0]
- [-0.0588518803 0.0323540950 0.0]
- [-0.0598391072 0.0304895480 0.0]
- [-0.0607672800 0.0285949114 0.0]
- [-0.0616354829 0.0266720552 0.0]
- [-0.0624428590 0.0247228768 0.0]
- [-0.0631886116 0.0227493000 0.0]
- [-0.0638720046 0.0207532723 0.0]
- [-0.0644923636 0.0187367637 0.0]
- [-0.0650490765 0.0167017641 0.0]
- [-0.0655415938 0.0146502819 0.0]
- [-0.0659694295 0.0125843417 0.0]
- [-0.0663321613 0.0105059822 0.0]
- [-0.0666294312 0.0084172546 0.0]
- [-0.0668609460 0.0063202202 0.0]
- [-0.0670264771 0.0042169485 0.0]
- [-0.0671258611 0.0021095152 0.0]
- [-0.0671590000 0.0000000000 0.0]
- [-0.0671258611 -0.0021095152 0.0]
- [-0.0670264771 -0.0042169485 0.0]
- [-0.0668609460 -0.0063202202 0.0]
- [-0.0666294312 -0.0084172546 0.0]
- [-0.0663321613 -0.0105059822 0.0]
- [-0.0659694295 -0.0125843417 0.0]
- [-0.0655415938 -0.0146502819 0.0]
- [-0.0650490765 -0.0167017641 0.0]
- [-0.0644923636 -0.0187367637 0.0]
- [-0.0638720046 -0.0207532723 0.0]
- [-0.0631886116 -0.0227493000 0.0]
- [-0.0624428590 -0.0247228768 0.0]
- [-0.0616354829 -0.0266720552 0.0]
- [-0.0607672800 -0.0285949114 0.0]
- [-0.0598391072 -0.0304895480 0.0]
- [-0.0588518803 -0.0323540950 0.0]
- [-0.0578065738 -0.0341867124 0.0]
- [-0.0567042191 -0.0359855917 0.0]
- [-0.0555459043 -0.0377489576 0.0]
- [-0.0543327723 -0.0394750698 0.0]
- [-0.0530660205 -0.0411622248 0.0]
- [-0.0517468989 -0.0428087577 0.0]
- [-0.0503767093 -0.0444130436 0.0]
- [-0.0489568040 -0.0459734991 0.0]
- [-0.0474885843 -0.0474885843 0.0]
- [-0.0459734991 -0.0489568040 0.0]
- [-0.0444130436 -0.0503767093 0.0]
- [-0.0428087577 -0.0517468989 0.0]
- [-0.0411622248 -0.0530660205 0.0]
- [-0.0394750698 -0.0543327723 0.0]
- [-0.0377489576 -0.0555459043 0.0]
- [-0.0359855917 -0.0567042191 0.0]
- [-0.0341867124 -0.0578065738 0.0]
- [-0.0323540950 -0.0588518803 0.0]
- [-0.0304895480 -0.0598391072 0.0]
- [-0.0285949114 -0.0607672800 0.0]
- [-0.0266720552 -0.0616354829 0.0]
- [-0.0247228768 -0.0624428590 0.0]
- [-0.0227493000 -0.0631886116 0.0]
- [-0.0207532723 -0.0638720046 0.0]
- [-0.0187367637 -0.0644923636 0.0]
- [-0.0167017641 -0.0650490765 0.0]
- [-0.0146502819 -0.0655415938 0.0]
- [-0.0125843417 -0.0659694295 0.0]
- [-0.0105059822 -0.0663321613 0.0]
- [-0.0084172546 -0.0666294312 0.0]
- [-0.0063202202 -0.0668609460 0.0]
- [-0.0042169485 -0.0670264771 0.0]
- [-0.0021095152 -0.0671258611 0.0]
- [-0.0000000000 -0.0671590000 0.0]
- [0.0021095152 -0.0671258611 0.0]
- [0.0042169485 -0.0670264771 0.0]
- [0.0063202202 -0.0668609460 0.0]
- [0.0084172546 -0.0666294312 0.0]
- [0.0105059822 -0.0663321613 0.0]
- [0.0125843417 -0.0659694295 0.0]
- [0.0146502819 -0.0655415938 0.0]
- [0.0167017641 -0.0650490765 0.0]
- [0.0187367637 -0.0644923636 0.0]
- [0.0207532723 -0.0638720046 0.0]
- [0.0227493000 -0.0631886116 0.0]
- [0.0247228768 -0.0624428590 0.0]
- [0.0266720552 -0.0616354829 0.0]
- [0.0285949114 -0.0607672800 0.0]
- [0.0304895480 -0.0598391072 0.0]
- [0.0323540950 -0.0588518803 0.0]
- [0.0341867124 -0.0578065738 0.0]
- [0.0359855917 -0.0567042191 0.0]
- [0.0377489576 -0.0555459043 0.0]
- [0.0394750698 -0.0543327723 0.0]
- [0.0411622248 -0.0530660205 0.0]
- [0.0428087577 -0.0517468989 0.0]
- [0.0444130436 -0.0503767093 0.0]
- [0.0459734991 -0.0489568040 0.0]
- [0.0474885843 -0.0474885843 0.0]
- [0.0489568040 -0.0459734991 0.0]
- [0.0503767093 -0.0444130436 0.0]
- [0.0517468989 -0.0428087577 0.0]
- [0.0530660205 -0.0411622248 0.0]
- [0.0543327723 -0.0394750698 0.0]
- [0.0555459043 -0.0377489576 0.0]
- [0.0567042191 -0.0359855917 0.0]
- [0.0578065738 -0.0341867124 0.0]
- [0.0588518803 -0.0323540950 0.0]
- [0.0598391072 -0.0304895480 0.0]
- [0.0607672800 -0.0285949114 0.0]
- [0.0616354829 -0.0266720552 0.0]
- [0.0624428590 -0.0247228768 0.0]
- [0.0631886116 -0.0227493000 0.0]
- [0.0638720046 -0.0207532723 0.0]
- [0.0644923636 -0.0187367637 0.0]
- [0.0650490765 -0.0167017641 0.0]
- [0.0655415938 -0.0146502819 0.0]
- [0.0659694295 -0.0125843417 0.0]
- [0.0663321613 -0.0105059822 0.0]
- [0.0666294312 -0.0084172546 0.0]
- [0.0668609460 -0.0063202202 0.0]
- [0.0670264771 -0.0042169485 0.0]
- [0.0671258611 -0.0021095152 0.0]
elements:
- [1 2]
- [2 3]
- [3 4]
- [4 5]
- [5 6]
- [6 7]
- [7 8]
- [8 9]
- [9 10]
- [10 11]
- [11 12]
- [12 13]
- [13 14]
- [14 15]
- [15 16]
- [16 17]
- [17 18]
- [18 19]
- [19 20]
- [20 21]
- [21 22]
- [22 23]
- [23 24]
- [24 25]
- [25 26]
- [26 27]
- [27 28]
- [28 29]
- [29 30]
- [30 31]
- [31 32]
- [32 33]
- [33 34]
- [34 35]
- [35 36]
- [36 37]
- [37 38]
- [38 39]
- [39 40]
- [40 41]
- [41 42]
- [42 43]
- [43 44]
- [44 45]
- [45 46]
- [46 47]
- [47 48]
- [48 49]
- [49 50]
- [50 51]
- [51 52]
- [52 53]
- [53 54]
- [54 55]
- [55 56]
- [56 57]
- [57 58]
- [58 59]
- [59 60]
- [60 61]
- [61 62]
- [62 63]
- [63 64]
- [64 65]
- [65 66]
- [66 67]
- [67 68]
- [68 69]
- [69 70]
- [70 71]
- [71 72]
- [72 73]
- [73 74]
- [74 75]
- [75 76]
- [76 77]
- [77 78]
- [78 79]
- [79 80]
- [80 81]
- [81 82]
- [82 83]
- [83 84]
- [84 85]
- [85 86]
- [86 87]
- [87 88]
- [88 89]
- [89 90]
- [90 91]
- [91 92]
- [92 93]
- [93 94]
- [94 95]
- [95 96]
- [96 97]
- [97 98]
- [98 99]
- [99 100]
- [100 101]
- [101 102]
- [102 103]
- [103 104]
- [104 105]
- [105 106]
- [106 107]
- [107 108]
- [108 109]
- [109 110]
- [110 111]
- [111 112]
- [112 113]
- [113 114]
- [114 115]
- [115 116]
- [116 117]
- [117 118]
- [118 119]
- [119 120]
- [120 121]
- [121 122]
- [122 123]
- [123 124]
- [124 125]
- [125 126]
- [126 127]
- [127 128]
- [128 129]
- [129 130]
- [130 131]
- [131 132]
- [132 133]
- [133 134]
- [134 135]
- [135 136]
- [136 137]
- [137 138]
- [138 139]
- [139 140]
- [140 141]
- [141 142]
- [142 143]
- [143 144]
- [144 145]
- [145 146]
- [146 147]
- [147 148]
- [148 149]
- [149 150]
- [150 151]
- [151 152]
- [152 153]
- [153 154]
- [154 155]
- [155 156]
- [156 157]
- [157 158]
- [158 159]
- [159 160]
- [160 161]
- [161 162]
- [162 163]
- [163 164]
- [164 165]
- [165 166]
- [166 167]
- [167 168]
- [168 169]
- [169 170]
- [170 171]
- [171 172]
- [172 173]
- [173 174]
- [174 175]
- [175 176]
- [176 177]
- [177 178]
- [178 179]
- [179 180]
- [180 181]
- [181 182]
- [182 183]
- [183 184]
- [184 185]
- [185 186]
- [186 187]
- [187 188]
- [188 189]
- [189 190]
- [190 191]
- [191 192]
- [192 193]
- [193 194]
- [194 195]
- [195 196]
- [196 197]
- [197 198]
- [198 199]
- [199 200]
- [200 1]
sets:
  element:
  - name: tube
    labels:
    - 1
    - 2
    - 3
    - 4
    - 5
    - 6
    - 7
    - 8
    - 9
    - 10
    - 11
    - 12
    - 13
    - 14
    - 15
    - 16
    - 17
    - 18
    - 19
    - 20
    - 21
    - 22
    - 23
    - 24
    - 25
    - 26
    - 27
    - 28
    - 29
    - 30
    - 31
    - 32
    - 33
    - 34
    - 35
    - 36
    - 37
    - 38
    - 39
    - 40
    - 41
    - 42
    - 43
    - 44
    - 45
    - 46
    - 47
    - 48
    - 49
    - 50
    - 51
    - 52
    - 53
    - 54
    - 55
    - 56
    - 57
    - 58
    - 59
    - 60
    - 61
    - 62
    - 63
    - 64
    - 65
    - 66
    - 67
    - 68
    - 69
    - 70
    - 71
    - 72
    - 73
    - 74
    - 75
    - 76
    - 77
    - 78
    - 79
    - 80
    - 81
    - 82
    - 83
    - 84
    - 85
    - 86
    - 87
    - 88
    - 89
    - 90
    - 91
    - 92
    - 93
    - 94
    - 95
    - 96
    - 97
    - 98
    - 99
    - 100
    - 101
    - 102
    - 103
    - 104
    - 105
    - 106
    - 107
    - 108
    - 109
    - 110
    - 111
    - 112
    - 113
    - 114
    - 115
    - 116
    - 117
    - 118
    - 119
    - 120
    - 121
    - 122
    - 123
    - 124
    - 125
    - 126
    - 127
    - 128
    - 129
    - 130
    - 131
    - 132
    - 133
    - 134
    - 135
    - 136
    - 137
    - 138
    - 139
    - 140
    - 141
    - 142
    - 143
    - 144
    - 145
    - 146
    - 147
    - 148
    - 149
    - 150
    - 151
    - 152
    - 153
    - 154
    - 155
    - 156
    - 157
    - 158
    - 159
    - 160
    - 161
    - 162
    - 163
    - 164
    - 165
    - 166
    - 167
    - 168
    - 169
    - 170
    - 171
    - 172
    - 173
    - 174
    - 175
    - 176
    - 177
    - 178
    - 179
    - 180
    - 181
    - 182
    - 183
    - 184
    - 185
    - 186
    - 187
    - 188
    - 189
    - 190
    - 191
    - 192
    - 193
    - 194
    - 195
    - 196
    - 197
    - 198
    - 199
    - 200
sections:
- type: shell
  elementSet: tube
  layup:
  - - mat
    - 0.008682
    - -45.0
materials:
- name: mat
  density: 1860.0
  elastic:
    E:
    - 37000000000.0
    - 9000000000.0
    - 9000000000.0
    G:
    - 4000000000.0
    - 4000000000.0
    - 4000000000.0
    nu:
    - 0.28
    - 0.28
    - 0.28
elementOrientations:
- [0.0, 0.0, 1.0, -0.015707317311816696, 0.9998766324816607, 0.0, -0.9998766324816606,
  -0.015707317311820672, 0.0]
- [0.0, 0.0, 1.0, -0.04710645070964823, 0.9988898749619697, 0.0, -0.9988898749619699,
  -0.04710645070964265, 0.0]
- [0.0, 0.0, 1.0, -0.07845909572784605, 0.9969173337331279, 0.0, -0.996917333733128,
  -0.07845909572784494, 0.0]
- [0.0, 0.0, 1.0, -0.10973431109104091, 0.99396095545518, 0.0, -0.9939609554551797,
  -0.10973431109104527, 0.0]
- [0.0, 0.0, 1.0, -0.14090123193758375, 0.9900236577165573, 0.0, -0.9900236577165575,
  -0.1409012319375826, 0.0]
- [0.0, 0.0, 1.0, -0.1719291002794082, 0.9851093261547742, 0.0, -0.985109326154774,
  -0.17192910027940952, 0.0]
- [0.0, 0.0, 1.0, -0.20278729535651446, 0.9792228106217653, 0.0, -0.9792228106217659,
  -0.20278729535651246, 0.0]
- [0.0, 0.0, 1.0, -0.23344536385590806, 0.972369920397676, 0.0, -0.9723699203976766,
  -0.2334453638559054, 0.0]
- [0.0, 0.0, 1.0, -0.26387304996536737, 0.9645574184577996, 0.0, -0.9645574184577981,
  -0.26387304996537286, 0.0]
- [0.0, 0.0, 1.0, -0.2940403252323095, 0.9557930147983285, 0.0, -0.9557930147983302,
  -0.294040325232304, 0.0]
- [0.0, 0.0, 1.0, -0.32391741819814795, 0.9460853588275457, 0.0, -0.9460853588275453,
  -0.3239174181981494, 0.0]
- [0.0, 0.0, 1.0, -0.35347484377925464, 0.9354440308298683, 0.0, -0.9354440308298673,
  -0.3534748437792571, 0.0]
- [0.0, 0.0, 1.0, -0.38268343236509195, 0.9238795325112857, 0.0, -0.9238795325112867,
  -0.3826834323650898, 0.0]
- [0.0, 0.0, 1.0, -0.4115143586051049, 0.911403276635447, 0.0, -0.9114032766354453,
  -0.41151435860510877, 0.0]
- [0.0, 0.0, 1.0, -0.43993916985591836, 0.898027575760614, 0.0, -0.8980275757606155,
  -0.4399391698559151, 0.0]
- [0.0, 0.0, 1.0, -0.467929814260572, 0.8837656300886941, 0.0, -0.8837656300886934,
  -0.46792981426057345, 0.0]
- [0.0, 0.0, 1.0, -0.4954586684324084, 0.8686315144381908, 0.0, -0.8686315144381913,
  -0.49545866843240766, 0.0]
- [0.0, 0.0, 1.0, -0.5224985647159489, 0.8526401643540921, 0.0, -0.8526401643540923,
  -0.5224985647159489, 0.0]
- [0.0, 0.0, 1.0, -0.5490228179981304, 0.8358073613682713, 0.0, -0.8358073613682703,
  -0.5490228179981317, 0.0]
- [0.0, 0.0, 1.0, -0.5750052520432805, 0.8181497174250221, 0.0, -0.8181497174250234,
  -0.5750052520432786, 0.0]
- [0.0, 0.0, 1.0, -0.6004202253258825, 0.7996846584870918, 0.0, -0.7996846584870906,
  -0.600420225325884, 0.0]
- [0.0, 0.0, 1.0, -0.6252426563357076, 0.7804304073383278, 0.0, -0.7804304073383298,
  -0.6252426563357052, 0.0]
- [0.0, 0.0, 1.0, -0.6494480483301822, 0.7604059656000322, 0.0, -0.7604059656000309,
  -0.6494480483301835, 0.0]
- [0.0, 0.0, 1.0, -0.6730125135097735, 0.7396310949786096, 0.0, -0.7396310949786098,
  -0.6730125135097733, 0.0]
- [0.0, 0.0, 1.0, -0.695912796592312, 0.7181262977631911, 0.0, -0.7181262977631889,
  -0.6959127965923143, 0.0]
- [0.0, 0.0, 1.0, -0.7181262977631911, 0.695912796592312, 0.0, -0.6959127965923143,
  -0.7181262977631889, 0.0]
- [0.0, 0.0, 1.0, -0.7396310949786096, 0.6730125135097733, 0.0, -0.6730125135097734,
  -0.7396310949786097, 0.0]
- [0.0, 0.0, 1.0, -0.7604059656000306, 0.6494480483301842, 0.0, -0.6494480483301838,
  -0.7604059656000309, 0.0]
- [0.0, 0.0, 1.0, -0.780430407338329, 0.625242656335706, 0.0, -0.6252426563357052,
  -0.7804304073383298, 0.0]
- [0.0, 0.0, 1.0, -0.7996846584870921, 0.6004202253258819, 0.0, -0.6004202253258841,
  -0.7996846584870906, 0.0]
- [0.0, 0.0, 1.0, -0.8181497174250205, 0.5750052520432827, 0.0, -0.5750052520432787,
  -0.8181497174250234, 0.0]
- [0.0, 0.0, 1.0, -0.8358073613682733, 0.5490228179981272, 0.0, -0.5490228179981317,
  -0.8358073613682703, 0.0]
- [0.0, 0.0, 1.0, -0.8526401643540921, 0.5224985647159489, 0.0, -0.5224985647159488,
  -0.8526401643540923, 0.0]
- [0.0, 0.0, 1.0, -0.8686315144381901, 0.49545866843240943, 0.0, -0.49545866843240743,
  -0.8686315144381913, 0.0]
- [0.0, 0.0, 1.0, -0.883765630088695, 0.46792981426057023, 0.0, -0.46792981426057334,
  -0.8837656300886934, 0.0]
- [0.0, 0.0, 1.0, -0.8980275757606131, 0.43993916985592035, 0.0, -0.4399391698559152,
  -0.8980275757606156, 0.0]
- [0.0, 0.0, 1.0, -0.9114032766354473, 0.41151435860510427, 0.0, -0.41151435860510877,
  -0.9114032766354453, 0.0]
- [0.0, 0.0, 1.0, -0.9238795325112859, 0.3826834323650921, 0.0, -0.38268343236508984,
  -0.9238795325112867, 0.0]
- [0.0, 0.0, 1.0, -0.9354440308298677, 0.3534748437792565, 0.0, -0.35347484377925725,
  -0.9354440308298673, 0.0]
- [0.0, 0.0, 1.0, -0.9460853588275461, 0.3239174181981475, 0.0, -0.32391741819814945,
  -0.9460853588275453, 0.0]
- [0.0, 0.0, 1.0, -0.9557930147983298, 0.29404032523230533, 0.0, -0.2940403252323041,
  -0.95579301479833, 0.0]
- [0.0, 0.0, 1.0, -0.9645574184577986, 0.263873049965371, 0.0, -0.263873049965373,
  -0.9645574184577981, 0.0]
- [0.0, 0.0, 1.0, -0.9723699203976757, 0.23344536385590955, 0.0, -0.23344536385590545,
  -0.9723699203976766, 0.0]
- [0.0, 0.0, 1.0, -0.9792228106217667, 0.2027872953565082, 0.0, -0.20278729535651266,
  -0.9792228106217659, 0.0]
- [0.0, 0.0, 1.0, -0.9851093261547732, 0.17192910027941402, 0.0, -0.17192910027940964,
  -0.985109326154774, 0.0]
- [0.0, 0.0, 1.0, -0.9900236577165583, 0.14090123193757811, 0.0, -0.1409012319375828,
  -0.9900236577165575, 0.0]
- [0.0, 0.0, 1.0, -0.9939609554551795, 0.10973431109104652, 0.0, -0.10973431109104537,
  -0.9939609554551797, 0.0]
- [0.0, 0.0, 1.0, -0.9969173337331277, 0.07845909572784651, 0.0, -0.07845909572784501,
  -0.996917333733128, 0.0]
- [0.0, 0.0, 1.0, -0.9988898749619697, 0.047106450709648154, 0.0, -0.04710645070964278,
  -0.9988898749619699, 0.0]
- [0.0, 0.0, 1.0, -0.9998766324816607, 0.01570731731181667, 0.0, -0.015707317311820755,
  -0.9998766324816606, 0.0]
- [0.0, 0.0, 1.0, -0.9998766324816607, -0.015707317311816675, 0.0, 0.015707317311820634,
  -0.9998766324816606, 0.0]
- [0.0, 0.0, 1.0, -0.9988898749619697, -0.04710645070964817, 0.0, 0.04710645070964265,
  -0.9988898749619699, 0.0]
- [0.0, 0.0, 1.0, -0.9969173337331279, -0.07845909572784596, 0.0, 0.078459095727845,
  -0.996917333733128, 0.0]
- [0.0, 0.0, 1.0, -0.99396095545518, -0.1097343110910415, 0.0, 0.10973431109104524,
  -0.9939609554551797, 0.0]
- [0.0, 0.0, 1.0, -0.9900236577165573, -0.1409012319375835, 0.0, 0.14090123193758256,
  -0.9900236577165575, 0.0]
- [0.0, 0.0, 1.0, -0.9851093261547742, -0.17192910027940791, 0.0, 0.1719291002794095,
  -0.985109326154774, 0.0]
- [0.0, 0.0, 1.0, -0.979222810621765, -0.20278729535651577, 0.0, 0.20278729535651235,
  -0.9792228106217659, 0.0]
- [0.0, 0.0, 1.0, -0.9723699203976764, -0.2334453638559062, 0.0, 0.23344536385590534,
  -0.9723699203976766, 0.0]
- [0.0, 0.0, 1.0, -0.9645574184577993, -0.26387304996536864, 0.0, 0.26387304996537286,
  -0.9645574184577981, 0.0]
- [0.0, 0.0, 1.0, -0.9557930147983298, -0.29404032523230483, 0.0, 0.2940403252323038,
  -0.9557930147983302, 0.0]
- [0.0, 0.0, 1.0, -0.9460853588275446, -0.32391741819815134, 0.0, 0.3239174181981493,
  -0.9460853588275455, 0.0]
- [0.0, 0.0, 1.0, -0.9354440308298676, -0.35347484377925625, 0.0, 0.353474843779257,
  -0.9354440308298673, 0.0]
- [0.0, 0.0, 1.0, -0.9238795325112868, -0.38268343236508967, 0.0, 0.38268343236508967,
  -0.9238795325112867, 0.0]
- [0.0, 0.0, 1.0, -0.9114032766354445, -0.4115143586051103, 0.0, 0.4115143586051089,
  -0.9114032766354453, 0.0]
- [0.0, 0.0, 1.0, -0.8980275757606164, -0.43993916985591375, 0.0, 0.4399391698559152,
  -0.8980275757606155, 0.0]
- [0.0, 0.0, 1.0, -0.8837656300886935, -0.4679298142605732, 0.0, 0.46792981426057345,
  -0.8837656300886934, 0.0]
- [0.0, 0.0, 1.0, -0.8686315144381914, -0.4954586684324073, 0.0, 0.49545866843240766,
  -0.8686315144381913, 0.0]
- [0.0, 0.0, 1.0, -0.8526401643540933, -0.522498564715947, 0.0, 0.5224985647159491,
  -0.8526401643540922, 0.0]
- [0.0, 0.0, 1.0, -0.8358073613682692, -0.5490228179981332, 0.0, 0.5490228179981319,
  -0.8358073613682702, 0.0]
- [0.0, 0.0, 1.0, -0.8181497174250215, -0.5750052520432813, 0.0, 0.5750052520432786,
  -0.8181497174250234, 0.0]
- [0.0, 0.0, 1.0, -0.7996846584870925, -0.6004202253258814, 0.0, 0.600420225325884,
  -0.7996846584870906, 0.0]
- [0.0, 0.0, 1.0, -0.7804304073383295, -0.6252426563357056, 0.0, 0.6252426563357053,
  -0.7804304073383297, 0.0]
- [0.0, 0.0, 1.0, -0.7604059656000293, -0.6494480483301854, 0.0, 0.6494480483301835,
  -0.7604059656000309, 0.0]
- [0.0, 0.0, 1.0, -0.739631094978611, -0.6730125135097722, 0.0, 0.6730125135097733,
  -0.7396310949786097, 0.0]
- [0.0, 0.0, 1.0, -0.7181262977631896, -0.6959127965923136, 0.0, 0.6959127965923143,
  -0.7181262977631888, 0.0]
- [0.0, 0.0, 1.0, -0.6959127965923119, -0.7181262977631911, 0.0, 0.7181262977631887,
  -0.6959127965923145, 0.0]
- [0.0, 0.0, 1.0, -0.6730125135097738, -0.7396310949786091, 0.0, 0.7396310949786096,
  -0.6730125135097734, 0.0]
- [0.0, 0.0, 1.0, -0.6494480483301854, -0.7604059656000293, 0.0, 0.7604059656000308,
  -0.6494480483301838, 0.0]
- [0.0, 0.0, 1.0, -0.6252426563357031, -0.7804304073383312, 0.0, 0.7804304073383297,
  -0.6252426563357052, 0.0]
- [0.0, 0.0, 1.0, -0.6004202253258851, -0.7996846584870899, 0.0, 0.7996846584870906,
  -0.600420225325884, 0.0]
- [0.0, 0.0, 1.0, -0.5750052520432798, -0.8181497174250226, 0.0, 0.8181497174250233,
  -0.5750052520432788, 0.0]
- [0.0, 0.0, 1.0, -0.5490228179981332, -0.8358073613682692, 0.0, 0.8358073613682699,
  -0.549022817998132, 0.0]
- [0.0, 0.0, 1.0, -0.5224985647159475, -0.8526401643540932, 0.0, 0.8526401643540922,
  -0.522498564715949, 0.0]
- [0.0, 0.0, 1.0, -0.4954586684324073, -0.8686315144381914, 0.0, 0.8686315144381913,
  -0.49545866843240743, 0.0]
- [0.0, 0.0, 1.0, -0.46792981426057206, -0.8837656300886939, 0.0, 0.8837656300886934,
  -0.46792981426057345, 0.0]
- [0.0, 0.0, 1.0, -0.43993916985591436, -0.8980275757606161, 0.0, 0.8980275757606155,
  -0.43993916985591525, 0.0]
- [0.0, 0.0, 1.0, -0.4115143586051107, -0.9114032766354443, 0.0, 0.9114032766354451,
  -0.41151435860510915, 0.0]
- [0.0, 0.0, 1.0, -0.3826834323650925, -0.9238795325112857, 0.0, 0.9238795325112866,
  -0.38268343236509006, 0.0]
- [0.0, 0.0, 1.0, -0.3534748437792543, -0.9354440308298685, 0.0, 0.9354440308298673,
  -0.3534748437792572, 0.0]
- [0.0, 0.0, 1.0, -0.3239174181981495, -0.9460853588275453, 0.0, 0.9460853588275453,
  -0.32391741819814945, 0.0]
- [0.0, 0.0, 1.0, -0.29404032523230533, -0.9557930147983298, 0.0, 0.95579301479833,
  -0.2940403252323041, 0.0]
- [0.0, 0.0, 1.0, -0.26387304996537475, -0.9645574184577976, 0.0, 0.964557418457798,
  -0.26387304996537325, 0.0]
- [0.0, 0.0, 1.0, -0.2334453638559062, -0.9723699203976764, 0.0, 0.9723699203976763,
  -0.2334453638559057, 0.0]
- [0.0, 0.0, 1.0, -0.20278729535651302, -0.9792228106217656, 0.0, 0.9792228106217659,
  -0.20278729535651258, 0.0]
- [0.0, 0.0, 1.0, -0.17192910027940903, -0.9851093261547741, 0.0, 0.985109326154774,
  -0.17192910027940958, 0.0]
- [0.0, 0.0, 1.0, -0.140901231937578, -0.9900236577165583, 0.0, 0.9900236577165575,
  -0.14090123193758286, 0.0]
- [0.0, 0.0, 1.0, -0.10973431109104659, -0.9939609554551797, 0.0, 0.9939609554551797,
  -0.10973431109104542, 0.0]
- [0.0, 0.0, 1.0, -0.07845909572784647, -0.9969173337331277, 0.0, 0.996917333733128,
  -0.07845909572784507, 0.0]
- [0.0, 0.0, 1.0, -0.047106450709647835, -0.9988898749619697, 0.0, 0.9988898749619699,
  -0.04710645070964273, 0.0]
- [0.0, 0.0, 1.0, -0.015707317311816786, -0.9998766324816607, 0.0, 0.9998766324816606,
  -0.015707317311820707, 0.0]
- [0.0, 0.0, 1.0, 0.015707317311816786, -0.9998766324816607, 0.0, 0.9998766324816606,
  0.01570731731182046, 0.0]
- [0.0, 0.0, 1.0, 0.047106450709647814, -0.9988898749619697, 0.0, 0.9988898749619699,
  0.047106450709642485, 0.0]
- [0.0, 0.0, 1.0, 0.07845909572784651, -0.9969173337331277, 0.0, 0.996917333733128,
  0.07845909572784482, 0.0]
- [0.0, 0.0, 1.0, 0.10973431109104012, -0.9939609554551803, 0.0, 0.9939609554551797,
  0.10973431109104517, 0.0]
- [0.0, 0.0, 1.0, 0.14090123193758444, -0.9900236577165573, 0.0, 0.9900236577165575,
  0.14090123193758256, 0.0]
- [0.0, 0.0, 1.0, 0.17192910027941288, -0.9851093261547733, 0.0, 0.985109326154774,
  0.17192910027940955, 0.0]
- [0.0, 0.0, 1.0, 0.20278729535650963, -0.9792228106217663, 0.0, 0.9792228106217659,
  0.20278729535651258, 0.0]
- [0.0, 0.0, 1.0, 0.23344536385590298, -0.9723699203976772, 0.0, 0.9723699203976766,
  0.23344536385590525, 0.0]
- [0.0, 0.0, 1.0, 0.26387304996537475, -0.9645574184577976, 0.0, 0.9645574184577981,
  0.26387304996537264, 0.0]
- [0.0, 0.0, 1.0, 0.29404032523230117, -0.955793014798331, 0.0, 0.9557930147983302,
  0.2940403252323037, 0.0]
- [0.0, 0.0, 1.0, 0.32391741819815184, -0.9460853588275444, 0.0, 0.9460853588275453,
  0.3239174181981494, 0.0]
- [0.0, 0.0, 1.0, 0.35347484377925575, -0.9354440308298678, 0.0, 0.9354440308298673,
  0.35347484377925714, 0.0]
- [0.0, 0.0, 1.0, 0.3826834323650915, -0.923879532511286, 0.0, 0.9238795325112867,
  0.38268343236508967, 0.0]
- [0.0, 0.0, 1.0, 0.4115143586051074, -0.911403276635446, 0.0, 0.9114032766354454,
  0.41151435860510843, 0.0]
- [0.0, 0.0, 1.0, 0.43993916985591724, -0.8980275757606146, 0.0, 0.8980275757606156,
  0.4399391698559151, 0.0]
- [0.0, 0.0, 1.0, 0.4679298142605709, -0.8837656300886947, 0.0, 0.8837656300886934,
  0.46792981426057356, 0.0]
- [0.0, 0.0, 1.0, 0.4954586684324098, -0.86863151443819, 0.0, 0.8686315144381913,
  0.49545866843240755, 0.0]
- [0.0, 0.0, 1.0, 0.522498564715948, -0.8526401643540926, 0.0, 0.8526401643540923,
  0.5224985647159487, 0.0]
- [0.0, 0.0, 1.0, 0.549022817998131, -0.8358073613682707, 0.0, 0.8358073613682704,
  0.5490228179981314, 0.0]
- [0.0, 0.0, 1.0, 0.5750052520432761, -0.8181497174250253, 0.0, 0.8181497174250236,
  0.575005252043278, 0.0]
- [0.0, 0.0, 1.0, 0.600420225325885, -0.7996846584870897, 0.0, 0.7996846584870906,
  0.6004202253258838, 0.0]
- [0.0, 0.0, 1.0, 0.6252426563357072, -0.7804304073383281, 0.0, 0.7804304073383297,
  0.6252426563357052, 0.0]
- [0.0, 0.0, 1.0, 0.649448048330182, -0.7604059656000325, 0.0, 0.7604059656000309,
  0.6494480483301835, 0.0]
- [0.0, 0.0, 1.0, 0.6730125135097715, -0.7396310949786112, 0.0, 0.73963109497861,
  0.6730125135097732, 0.0]
- [0.0, 0.0, 1.0, 0.6959127965923153, -0.7181262977631879, 0.0, 0.7181262977631893,
  0.6959127965923141, 0.0]
- [0.0, 0.0, 1.0, 0.7181262977631893, -0.6959127965923139, 0.0, 0.6959127965923145,
  0.7181262977631887, 0.0]
- [0.0, 0.0, 1.0, 0.7396310949786096, -0.6730125135097733, 0.0, 0.6730125135097734,
  0.7396310949786097, 0.0]
- [0.0, 0.0, 1.0, 0.7604059656000317, -0.6494480483301829, 0.0, 0.6494480483301835,
  0.7604059656000309, 0.0]
- [0.0, 0.0, 1.0, 0.7804304073383281, -0.6252426563357072, 0.0, 0.6252426563357052,
  0.7804304073383298, 0.0]
- [0.0, 0.0, 1.0, 0.7996846584870921, -0.6004202253258819, 0.0, 0.6004202253258841,
  0.7996846584870906, 0.0]
- [0.0, 0.0, 1.0, 0.8181497174250215, -0.5750052520432813, 0.0, 0.5750052520432788,
  0.8181497174250233, 0.0]
- [0.0, 0.0, 1.0, 0.8358073613682712, -0.5490228179981304, 0.0, 0.5490228179981317,
  0.8358073613682703, 0.0]
- [0.0, 0.0, 1.0, 0.8526401643540926, -0.522498564715948, 0.0, 0.5224985647159487,
  0.8526401643540923, 0.0]
- [0.0, 0.0, 1.0, 0.8686315144381914, -0.4954586684324073, 0.0, 0.49545866843240743,
  0.8686315144381913, 0.0]
- [0.0, 0.0, 1.0, 0.8837656300886938, -0.46792981426057284, 0.0, 0.46792981426057345,
  0.8837656300886934, 0.0]
- [0.0, 0.0, 1.0, 0.8980275757606143, -0.4399391698559179, 0.0, 0.43993916985591497,
  0.8980275757606158, 0.0]
- [0.0, 0.0, 1.0, 0.9114032766354471, -0.4115143586051046, 0.0, 0.4115143586051084,
  0.9114032766354454, 0.0]
- [0.0, 0.0, 1.0, 0.923879532511286, -0.3826834323650915, 0.0, 0.38268343236508956,
  0.9238795325112867, 0.0]
- [0.0, 0.0, 1.0, 0.9354440308298678, -0.35347484377925575, 0.0, 0.35347484377925703,
  0.9354440308298673, 0.0]
- [0.0, 0.0, 1.0, 0.9460853588275453, -0.3239174181981495, 0.0, 0.32391741819814945,
  0.9460853588275453, 0.0]
- [0.0, 0.0, 1.0, 0.9557930147983298, -0.29404032523230533, 0.0, 0.2940403252323042,
  0.95579301479833, 0.0]
- [0.0, 0.0, 1.0, 0.9645574184577979, -0.26387304996537375, 0.0, 0.26387304996537286,
  0.9645574184577981, 0.0]
- [0.0, 0.0, 1.0, 0.9723699203976772, -0.23344536385590317, 0.0, 0.23344536385590509,
  0.9723699203976766, 0.0]
- [0.0, 0.0, 1.0, 0.979222810621765, -0.20278729535651577, 0.0, 0.20278729535651238,
  0.9792228106217659, 0.0]
- [0.0, 0.0, 1.0, 0.9851093261547741, -0.17192910027940903, 0.0, 0.17192910027940964,
  0.985109326154774, 0.0]
- [0.0, 0.0, 1.0, 0.9900236577165583, -0.140901231937578, 0.0, 0.14090123193758292,
  0.9900236577165575, 0.0]
- [0.0, 0.0, 1.0, 0.9939609554551798, -0.10973431109104506, 0.0, 0.10973431109104527,
  0.9939609554551797, 0.0]
- [0.0, 0.0, 1.0, 0.9969173337331277, -0.07845909572784651, 0.0, 0.07845909572784468,
  0.996917333733128, 0.0]
- [0.0, 0.0, 1.0, 0.9988898749619697, -0.047106450709648494, 0.0, 0.04710645070964257,
  0.9988898749619699, 0.0]
- [0.0, 0.0, 1.0, 0.9998766324816607, -0.015707317311816783, 0.0, 0.015707317311820766,
  0.9998766324816606, 0.0]
- [0.0, 0.0, 1.0, 0.9998766324816607, 0.015707317311816786, 0.0, -0.0157073173118204,
  0.9998766324816606, 0.0]
- [0.0, 0.0, 1.0, 0.9988898749619697, 0.04710645070964851, 0.0, -0.0471064507096422,
  0.9988898749619699, 0.0]
- [0.0, 0.0, 1.0, 0.9969173337331281, 0.07845909572784426, 0.0, -0.07845909572784476,
  0.996917333733128, 0.0]
- [0.0, 0.0, 1.0, 0.99396095545518, 0.10973431109104163, 0.0, -0.10973431109104535,
  0.9939609554551797, 0.0]
- [0.0, 0.0, 1.0, 0.9900236577165573, 0.14090123193758444, 0.0, -0.14090123193758253,
  0.9900236577165575, 0.0]
- [0.0, 0.0, 1.0, 0.9851093261547741, 0.17192910027940903, 0.0, -0.17192910027940927,
  0.985109326154774, 0.0]
- [0.0, 0.0, 1.0, 0.9792228106217664, 0.20278729535650947, 0.0, -0.202787295356512,
  0.9792228106217659, 0.0]
- [0.0, 0.0, 1.0, 0.9723699203976757, 0.23344536385590922, 0.0, -0.23344536385590514,
  0.9723699203976766, 0.0]
- [0.0, 0.0, 1.0, 0.9645574184577992, 0.2638730499653691, 0.0, -0.263873049965373,
  0.9645574184577981, 0.0]
- [0.0, 0.0, 1.0, 0.9557930147983301, 0.29404032523230444, 0.0, -0.29404032523230383,
  0.9557930147983302, 0.0]
- [0.0, 0.0, 1.0, 0.9460853588275453, 0.3239174181981495, 0.0, -0.3239174181981491,
  0.9460853588275455, 0.0]
- [0.0, 0.0, 1.0, 0.9354440308298666, 0.3534748437792592, 0.0, -0.3534748437792567,
  0.9354440308298675, 0.0]
- [0.0, 0.0, 1.0, 0.9238795325112883, 0.38268343236508584, 0.0, -0.38268343236508917,
  0.923879532511287, 0.0]
- [0.0, 0.0, 1.0, 0.911403276635445, 0.4115143586051095, 0.0, -0.41151435860510804,
  0.9114032766354456, 0.0]
- [0.0, 0.0, 1.0, 0.8980275757606161, 0.43993916985591436, 0.0, -0.43993916985591414,
  0.898027575760616, 0.0]
- [0.0, 0.0, 1.0, 0.8837656300886934, 0.4679298142605737, 0.0, -0.4679298142605731,
  0.8837656300886936, 0.0]
- [0.0, 0.0, 1.0, 0.86863151443819, 0.4954586684324098, 0.0, -0.4954586684324079,
  0.8686315144381911, 0.0]
- [0.0, 0.0, 1.0, 0.8526401643540936, 0.5224985647159467, 0.0, -0.5224985647159491,
  0.8526401643540922, 0.0]
- [0.0, 0.0, 1.0, 0.8358073613682707, 0.549022817998131, 0.0, -0.5490228179981318,
  0.8358073613682702, 0.0]
- [0.0, 0.0, 1.0, 0.8181497174250231, 0.5750052520432791, 0.0, -0.5750052520432783,
  0.8181497174250234, 0.0]
- [0.0, 0.0, 1.0, 0.7996846584870894, 0.6004202253258856, 0.0, -0.6004202253258838,
  0.7996846584870908, 0.0]
- [0.0, 0.0, 1.0, 0.7804304073383322, 0.625242656335702, 0.0, -0.6252426563357047,
  0.78043040733833, 0.0]
- [0.0, 0.0, 1.0, 0.7604059656000293, 0.6494480483301854, 0.0, -0.6494480483301831,
  0.7604059656000314, 0.0]
- [0.0, 0.0, 1.0, 0.7396310949786096, 0.6730125135097733, 0.0, -0.6730125135097728,
  0.7396310949786102, 0.0]
- [0.0, 0.0, 1.0, 0.7181262977631911, 0.6959127965923119, 0.0, -0.6959127965923136,
  0.7181262977631895, 0.0]
- [0.0, 0.0, 1.0, 0.6959127965923139, 0.7181262977631893, 0.0, -0.7181262977631883,
  0.6959127965923149, 0.0]
- [0.0, 0.0, 1.0, 0.6730125135097745, 0.7396310949786086, 0.0, -0.7396310949786097,
  0.6730125135097734, 0.0]
- [0.0, 0.0, 1.0, 0.6494480483301837, 0.760405965600031, 0.0, -0.760405965600031,
  0.6494480483301834, 0.0]
- [0.0, 0.0, 1.0, 0.6252426563357036, 0.780430407338331, 0.0, -0.7804304073383298,
  0.6252426563357052, 0.0]
- [0.0, 0.0, 1.0, 0.6004202253258856, 0.7996846584870894, 0.0, -0.7996846584870905,
  0.6004202253258842, 0.0]
- [0.0, 0.0, 1.0, 0.5750052520432798, 0.8181497174250226, 0.0, -0.8181497174250233,
  0.5750052520432788, 0.0]
- [0.0, 0.0, 1.0, 0.549022817998131, 0.8358073613682707, 0.0, -0.8358073613682699,
  0.549022817998132, 0.0]
- [0.0, 0.0, 1.0, 0.5224985647159505, 0.8526401643540912, 0.0, -0.852640164354092,
  0.5224985647159495, 0.0]
- [0.0, 0.0, 1.0, 0.4954586684324073, 0.8686315144381914, 0.0, -0.8686315144381909,
  0.49545866843240827, 0.0]
- [0.0, 0.0, 1.0, 0.46792981426057295, 0.8837656300886937, 0.0, -0.8837656300886931,
  0.46792981426057384, 0.0]
- [0.0, 0.0, 1.0, 0.43993916985591436, 0.8980275757606161, 0.0, -0.8980275757606155,
  0.43993916985591536, 0.0]
- [0.0, 0.0, 1.0, 0.41151435860510904, 0.9114032766354452, 0.0, -0.9114032766354453,
  0.4115143586051088, 0.0]
- [0.0, 0.0, 1.0, 0.3826834323650915, 0.923879532511286, 0.0, -0.9238795325112867,
  0.38268343236508956, 0.0]
- [0.0, 0.0, 1.0, 0.35347484377925575, 0.9354440308298678, 0.0, -0.9354440308298673,
  0.3534748437792571, 0.0]
- [0.0, 0.0, 1.0, 0.32391741819815, 0.9460853588275452, 0.0, -0.9460853588275453,
  0.32391741819814956, 0.0]
- [0.0, 0.0, 1.0, 0.29404032523230483, 0.9557930147983298, 0.0, -0.95579301479833,
  0.2940403252323043, 0.0]
- [0.0, 0.0, 1.0, 0.26387304996537475, 0.9645574184577976, 0.0, -0.964557418457798,
  0.26387304996537336, 0.0]
- [0.0, 0.0, 1.0, 0.2334453638559033, 0.972369920397677, 0.0, -0.9723699203976763,
  0.23344536385590606, 0.0]
- [0.0, 0.0, 1.0, 0.20278729535651638, 0.979222810621765, 0.0, -0.9792228106217656,
  0.20278729535651288, 0.0]
- [0.0, 0.0, 1.0, 0.17192910027940903, 0.9851093261547741, 0.0, -0.985109326154774,
  0.1719291002794097, 0.0]
- [0.0, 0.0, 1.0, 0.140901231937578, 0.9900236577165583, 0.0, -0.9900236577165575,
  0.14090123193758297, 0.0]
- [0.0, 0.0, 1.0, 0.10973431109104814, 0.9939609554551794, 0.0, -0.9939609554551797,
  0.10973431109104576, 0.0]
- [0.0, 0.0, 1.0, 0.07845909572784433, 0.9969173337331281, 0.0, -0.996917333733128,
  0.0784590957278452, 0.0]
- [0.0, 0.0, 1.0, 0.04710645070964849, 0.9988898749619697, 0.0, -0.9988898749619699,
  0.04710645070964263, 0.0]
- [0.0, 0.0, 1.0, 0.01570731731181666, 0.9998766324816607, 0.0, -0.9998766324816606,
  0.015707317311820707, 0.0]
