# mh104 JAX-Reissner-Mindlin OML  f=0.60  [EA,GA2,GA3,GJ,EI2,EI3]
1.700190337967504978e+09 2.521019271962289698e+06 1.759415497315450571e+06 2.190320874039833993e+07 4.834297829278125614e+07 -3.986297178186852932e+08
2.521019271962289698e+06 1.810120921803602874e+08 -3.679562492736413144e+06 -7.447055606367686763e+06 -6.618358364018092863e+06 -2.787478772119182162e+06
1.759415497315450571e+06 -3.679562492736413144e+06 1.780404082184103504e+07 3.401050318643928040e+06 2.021464931671387458e+05 5.120366007270991104e+05
2.190320874039833993e+07 -7.447055606367686763e+06 3.401050318643928040e+06 1.515027171233051829e+07 1.200603029560955008e+06 -2.186786501386637799e+06
4.834297829278125614e+07 -6.618358364018092863e+06 2.021464931671387458e+05 1.200603029560955008e+06 1.746836638696859404e+07 -3.415502847421913408e+06
-3.986297178186852932e+08 -2.787478772119182162e+06 5.120366007270991104e+05 -2.186786501386637799e+06 -3.415502847421913408e+06 3.654834535334183574e+08
