5.499533850000000000e+08 -1.341030000000000000e+05 -1.133720000000000000e+06 8.286578000000000000e+06 1.582603700000000000e+07 -1.268497410000000000e+08
-1.341030000000000000e+05 1.400772790000000000e+08 -1.813740000000000000e+06 -5.663156000000000000e+06 -6.089243000000000000e+06 3.890800000000000000e+04
-1.133720000000000000e+06 -1.813740000000000000e+06 1.325867400000000000e+07 1.256944000000000000e+06 -8.534000000000000000e+03 3.634360000000000000e+05
8.286578000000000000e+06 -5.663156000000000000e+06 1.256944000000000000e+06 6.371529000000000000e+06 5.762210000000000000e+05 -7.225140000000000000e+05
1.582603700000000000e+07 -6.089243000000000000e+06 -8.534000000000000000e+03 5.762210000000000000e+05 6.722873000000000000e+06 -2.122555000000000000e+06
-1.268497410000000000e+08 3.890800000000000000e+04 3.634360000000000000e+05 -7.225140000000000000e+05 -2.122555000000000000e+06 1.157473010000000000e+08
