# FEniCS/JAX 2-D-solid 2-cell [-45] aniso  R/h=10.000 t=0.00500  [EA GA2 GA3 GJ EI2 EI3]
2.495430307064323127e+07 -4.398081360069778611e+01 -1.491825906669783872e+06 -2.646497415991609450e+05 -1.877293461249701423e+00 -6.508861106003569148e+02
-4.398081360069778611e+01 5.932655134238412604e+06 -1.598676016576443004e+01 5.220863391617247551e+00 1.384512745934280974e+05 -5.042937758047424390e-01
-1.491825906669783872e+06 -1.598676016576443004e+01 9.195861720680544153e+06 -8.723311254028200210e+02 8.841407179994013876e-02 1.297183897097232548e+05
-2.646497415991609450e+05 5.220863391617247551e+00 -8.723311254028200210e+02 2.953988057482560544e+04 9.943714803635841926e-02 3.491168164271454266e+00
-1.877293461249701423e+00 1.384512745934280974e+05 8.841407179994013876e-02 9.943714803635841926e-02 2.820880834123379464e+04 -1.451900874122754106e-02
-6.508861106003569148e+02 -5.042937758047424390e-01 1.297183897097232548e+05 3.491168164271454266e+00 -1.451900874122754106e-02 2.404030110277175481e+04
