# FEniCS/JAX 2-D-solid 2-cell [-45] aniso  R/h=4.000 t=0.01250  [EA GA2 GA3 GJ EI2 EI3]
6.125105632338306308e+07 -2.291379975916338552e+01 -3.552708148627265356e+06 -6.745091832480848534e+05 5.947555657658465389e-02 -2.627025470321128523e+03
-2.291379975916338552e+01 1.683634024174248800e+07 -7.967700871601175550e+01 3.594831259956011493e+00 3.832607673325816286e+05 -1.254843124425366385e+00
-3.552708148627265356e+06 -7.967700871601175550e+01 2.384283808647792414e+07 -1.209043353797167401e+04 2.381149739004385424e+00 3.328640796368767624e+05
-6.745091832480848534e+05 3.594831259956011493e+00 -1.209043353797167401e+04 7.665354946856944298e+04 6.510959953684798684e-02 4.572910229236001101e+01
5.947555657658465389e-02 3.832607673325816286e+05 2.381149739004385424e+00 6.510959953684798684e-02 7.006908308781878441e+04 1.018959579930075604e-01
-2.627025470321128523e+03 -1.254843124425366385e+00 3.328640796368767624e+05 4.572910229236001101e+01 1.018959579930075604e-01 6.126744319897380046e+04
