# FEniCS/JAX 2-D-solid 2-cell [-45] aniso  R/h=8.000 t=0.00625  [EA GA2 GA3 GJ EI2 EI3]
3.109739542594688386e+07 -1.368548471968612112e+01 -1.852251958128281869e+06 -3.314933412479941035e+05 -9.756411183925274566e-02 -8.902026919908603304e+02
-1.368548471968612112e+01 7.691489331767146476e+06 2.518179873900865573e+01 1.591814422981237542e-01 1.789536266580788360e+05 -1.602203635152601169e-01
-1.852251958128281869e+06 2.518179873900865573e+01 1.154329948548628949e+07 -1.683879952703331355e+03 1.689426173893683047e-01 1.625627600398385257e+05
-3.314933412479941035e+05 1.591814422981237542e-01 -1.683879952703331355e+03 3.709138895518099889e+04 -1.102170789202673584e-02 6.683424820931609389e+00
-9.756411183925274566e-02 1.789536266580788360e+05 1.689426173893683047e-01 -1.102170789202673584e-02 3.525569323159103806e+04 7.650152423787233077e-03
-8.902026919908603304e+02 -1.602203635152601169e-01 1.625627600398385257e+05 6.683424820931609389e+00 7.650152423787233077e-03 3.011444387217110489e+04
