# FEniCS/JAX 2-D-solid 2-cell [-45] aniso  R/h=6.250 t=0.00800  [EA GA2 GA3 GJ EI2 EI3]
3.963490687897392362e+07 2.805836661304226354e+01 -2.348061248305132147e+06 -4.258655521621807711e+05 1.059099594778747377e+00 -1.273594434100721628e+03
2.805836661304226354e+01 1.017518693973524123e+07 7.922742447802043841e+00 -5.629106940261774383e+00 2.355328412712873251e+05 -2.553121384251115789e-01
-2.348061248305132147e+06 7.922742447802043841e+00 1.488560142185849883e+07 -3.462082942590065159e+03 1.415470676559867358e-01 2.090584905053798866e+05
-4.258655521621807711e+05 -5.629106940261774383e+00 -3.462082942590065159e+03 4.783714531326200085e+04 -8.699338879090333376e-02 1.354078518761346928e+01
1.059099594778747377e+00 2.355328412712873251e+05 1.415470676559867358e-01 -8.699338879090333376e-02 4.505043685566428758e+04 -2.280551753178491382e-03
-1.273594434100721628e+03 -2.553121384251115789e-01 2.090584905053798866e+05 1.354078518761346928e+01 -2.280551753178491382e-03 3.868988921741879312e+04
