# FEniCS/JAX 2-D-solid 2-cell [-45] aniso  R/h=5.000 t=0.01000  [EA GA2 GA3 GJ EI2 EI3]
4.930028421831572056e+07 -1.284166243606590285e+02 -2.896056107777770609e+06 -5.351474500582229812e+05 -4.055004928664508235e+00 -1.816435661878436804e+03
-1.284166243606590285e+02 1.307248244709023647e+07 2.289142972401911891e+01 1.364243103249120814e+01 3.005959733916381374e+05 -7.073125085099841725e-01
-2.896056107777770609e+06 2.289142972401911891e+01 1.879366920081705973e+07 -6.545110039304800011e+03 -1.545656032235962707e+00 2.632157752837573644e+05
-5.351474500582229812e+05 1.364243103249120814e+01 -6.545110039304800011e+03 6.040839425701227447e+04 2.865101539744135950e-01 2.529358241806060903e+01
-4.055004928664508235e+00 3.005959733916381374e+05 -1.545656032235962707e+00 2.865101539744135950e-01 5.618176584443253523e+04 -2.582184422674321800e-02
-1.816435661878436804e+03 -7.073125085099841725e-01 2.632157752837573644e+05 2.529358241806060903e+01 -2.582184422674321800e-02 4.861745616392711236e+04
