[
 {
  "rh": 12.5,
  "t": 0.004,
  "tag": "125",
  "RM": [
   [
    20210148.77377172,
    -0.10277263637308899,
    -1223175.3494887408,
    -210883.58967032668,
    -0.002408499303159807,
    -391.4395834900333
   ],
   [
    -0.10277263637308899,
    4437983.2299235435,
    0.615350929438321,
    -3.6554246704594615e-05,
    104005.12060237234,
    0.008711854109349076
   ],
   [
    -1223175.3494887408,
    0.615350929438321,
    7323760.803346727,
    -435.08675702310137,
    0.01442088752054859,
    103686.47074220963
   ],
   [
    -210883.58967032668,
    -3.6554246704594615e-05,
    -435.08675702310137,
    23494.48749213062,
    -8.566899090839994e-07,
    3.4489132630609607
   ],
   [
    -0.002408499303159807,
    104005.12060237234,
    0.01442088752054859,
    -8.566899090839994e-07,
    22866.25384990223,
    0.0002041642695132637
   ],
   [
    -391.4395834900333,
    0.008711854109349076,
    103686.47074220963,
    3.4489132630609607,
    0.0002041642695132637,
    19175.988667437745
   ]
  ],
  "KL": [
   [
    20197348.2048996,
    8752.697793040801,
    -1106931.464920701,
    -210811.60028910928,
    250.7302141020386,
    1189.7842176520244
   ],
   [
    8752.697793040801,
    3868949.575796654,
    -10591.389394870861,
    -1202.3015102923353,
    90919.65503831315,
    -1120.8088295316068
   ],
   [
    -1106931.464920701,
    -10591.389394870861,
    6513516.663004453,
    -141.86177978631486,
    -594.718686524499,
    92716.71749476227
   ],
   [
    -210811.60028910928,
    -1202.3015102923353,
    -141.86177978631486,
    23476.141285178208,
    -27.93854481597192,
    7.33364403045748
   ],
   [
    250.7302141020386,
    90919.65503831315,
    -594.718686524499,
    -27.93854481597192,
    22562.893979464498,
    -31.723137086436598
   ],
   [
    1189.7842176520244,
    -1120.8088295316068,
    92716.71749476227,
    7.33364403045748,
    -31.723137086436598,
    19029.100637351232
   ]
  ],
  "S": [
   [
    20012351.81130624,
    -18.446359582177347,
    -1199267.700826302,
    -211431.7599303021,
    -0.7669387367273353,
    -487.2711088137439
   ],
   [
    -18.446359582177347,
    4512661.358790538,
    -6.081918041086961,
    1.3448997846729827,
    105534.42257629163,
    0.3543252369808451
   ],
   [
    -1199267.700826302,
    -6.081918041086961,
    7336033.970539244,
    -442.7727437936228,
    -0.05992764917349482,
    103624.40356674929
   ],
   [
    -211431.7599303021,
    1.3448997846729827,
    -442.7727437936228,
    23557.943942250586,
    0.03639484788277108,
    1.7774214631879892
   ],
   [
    -0.7669387367273353,
    105534.42257629163,
    -0.05992764917349482,
    0.03639484788277108,
    22523.842115799845,
    0.007985800264227301
   ],
   [
    -487.2711088137439,
    0.3543252369808451,
    103624.40356674929,
    1.7774214631879892,
    0.007985800264227301,
    19205.712074649007
   ]
  ],
  "RMerr": [
   0.9883744016219623,
   -1.6548578084975032,
   -0.1672997595404359,
   -0.26936327837235374,
   1.5202190298705411,
   -0.15476336985441136
  ],
  "KLerr": [
   0.9244110604174335,
   -14.26457098846896,
   -11.21201606805442,
   -0.3472402229706759,
   0.17338011634017916,
   -0.9195776579973698
  ]
 },
 {
  "rh": 10.0,
  "t": 0.005,
  "tag": "100",
  "RM": [
   [
    25262664.394836456,
    -0.13143090368952218,
    -1529157.7363301066,
    -263617.34354410454,
    -0.003078513076728292,
    -494.95678931503426
   ],
   [
    -0.13143090368952218,
    5801521.964521471,
    0.7878744212139207,
    -7.20784792029414e-05,
    135889.31137303388,
    0.011147369945781527
   ],
   [
    -1529157.7363301066,
    0.7878744212139207,
    9166674.291425506,
    -838.6198721443932,
    0.01845442189887905,
    129696.13936229247
   ],
   [
    -263617.34354410454,
    -7.20784792029414e-05,
    -838.6198721443932,
    29446.230752187905,
    -1.6883500050514323e-06,
    6.710562666500896
   ],
   [
    -0.003078513076728292,
    135889.31137303388,
    0.01845442189887905,
    -1.6883500050514323e-06,
    28726.587911061026,
    0.00026110535713364105
   ],
   [
    -494.95678931503426,
    0.011147369945781527,
    129696.13936229247,
    6.710562666500896,
    0.00026110535713364105,
    23982.98082937265
   ]
  ],
  "KL": [
   [
    25236483.763672285,
    11660.196019572397,
    -1310515.2770825766,
    -263452.4773188714,
    276.8199425051467,
    2523.7561953216427
   ],
   [
    11660.196019572397,
    4682954.7250488205,
    -7621.1006927701765,
    -2201.726529794973,
    110011.33994666408,
    -1947.4621951218453
   ],
   [
    -1310515.2770825766,
    -7621.1006927701765,
    7721293.331692263,
    -392.63294125781067,
    -297.04502284253493,
    109880.947619558
   ],
   [
    -263452.4773188714,
    -2201.726529794973,
    -392.63294125781067,
    29409.948954053012,
    -51.33224374267826,
    12.721147907857057
   ],
   [
    276.8199425051467,
    110011.33994666408,
    -297.04502284253493,
    -51.33224374267826,
    28124.635117216218,
    -48.006959873180165
   ],
   [
    2523.7561953216427,
    -1947.4621951218453,
    109880.947619558,
    12.721147907857057,
    -48.006959873180165,
    23714.287208724403
   ]
  ],
  "S": [
   [
    24954303.07064323,
    -43.980813600697786,
    -1491825.9066697839,
    -264649.74159916095,
    -1.8772934612497014,
    -650.8861106003569
   ],
   [
    -43.980813600697786,
    5932655.134238413,
    -15.98676016576443,
    5.2208633916172476,
    138451.2745934281,
    -0.5042937758047424
   ],
   [
    -1491825.9066697839,
    -15.98676016576443,
    9195861.720680544,
    -872.33112540282,
    0.08841407179994014,
    129718.38970972325
   ],
   [
    -264649.74159916095,
    5.2208633916172476,
    -872.33112540282,
    29539.880574825605,
    0.09943714803635842,
    3.4911681642714543
   ],
   [
    -1.8772934612497014,
    138451.2745934281,
    0.08841407179994014,
    0.09943714803635842,
    28208.808341233795,
    -0.014519008741227541
   ],
   [
    -650.8861106003569,
    -0.5042937758047424,
    129718.38970972325,
    3.4911681642714543,
    -0.014519008741227541,
    24040.301102771755
   ]
  ],
  "RMerr": [
   1.2357040119304596,
   -2.2103622534899805,
   -0.3173974352985211,
   -0.317028440248708,
   1.8355244346510546,
   -0.238434090962766
  ],
  "KLerr": [
   1.130789716828505,
   -21.06477421850038,
   -16.035130081089946,
   -0.43985154389325215,
   -0.2983934060572778,
   -1.35611402142448
  ]
 },
 {
  "rh": 8.0,
  "t": 0.00625,
  "tag": "080",
  "RM": [
   [
    31578287.59443024,
    -0.16391818589631008,
    -1911829.1757096045,
    -329545.9061081091,
    -0.0038363586804922977,
    -629.6860746189323
   ],
   [
    -0.16391818589631008,
    7483477.429044124,
    0.98440062704604,
    -0.0001376228956531861,
    175144.0392124519,
    0.013914729175972973
   ],
   [
    -1911829.1757096045,
    0.98440062704604,
    11481371.236359721,
    -1605.147270073122,
    0.02303900609628,
    162291.80074430534
   ],
   [
    -329545.9061081091,
    -0.0001376228956531861,
    -1605.147270073122,
    36959.21885249105,
    -3.2209139252285383e-06,
    13.0417585022875
   ],
   [
    -0.0038363586804922977,
    175144.0392124519,
    0.02303900609628,
    -3.2209139252285383e-06,
    36043.398644067645,
    0.00032566165768782454
   ],
   [
    -629.6860746189323,
    0.013914729175972973,
    162291.80074430534,
    13.0417585022875,
    0.00032566165768782454,
    30004.086748594007
   ]
  ],
  "KL": [
   [
    31528983.4421789,
    15651.38230546291,
    -1514557.2495813058,
    -329202.88398597273,
    280.1892068373882,
    4903.848916915025
   ],
   [
    15651.38230546291,
    5414505.015106199,
    -2051.9106111724705,
    -3824.653385826942,
    127137.02134120077,
    -3324.6897712849945
   ],
   [
    -1514557.2495813058,
    -2051.9106111724705,
    8941227.068343725,
    -852.2008466656379,
    341.4254500175991,
    127190.5597138116
   ],
   [
    -329202.88398597273,
    -3824.653385826942,
    -852.2008466656379,
    36888.58083536765,
    -89.36315374652779,
    23.82339732661842
   ],
   [
    280.1892068373882,
    127137.02134120077,
    341.4254500175991,
    -89.36315374652779,
    34925.10132972618,
    -73.24692929526441
   ],
   [
    4903.848916915025,
    -3324.6897712849945,
    127190.5597138116,
    23.82339732661842,
    -73.24692929526441,
    29524.973794592624
   ]
  ],
  "S": [
   [
    31097395.425946884,
    -13.685484719686121,
    -1852251.9581282819,
    -331493.3412479941,
    -0.09756411183925275,
    -890.2026919908603
   ],
   [
    -13.685484719686121,
    7691489.3317671465,
    25.181798739008656,
    0.15918144229812375,
    178953.62665807884,
    -0.16022036351526012
   ],
   [
    -1852251.9581282819,
    25.181798739008656,
    11543299.48548629,
    -1683.8799527033314,
    0.1689426173893683,
    162562.76003983853
   ],
   [
    -331493.3412479941,
    0.15918144229812375,
    -1683.8799527033314,
    37091.388955181,
    -0.011021707892026736,
    6.683424820931609
   ],
   [
    -0.09756411183925275,
    178953.62665807884,
    0.1689426173893683,
    -0.011021707892026736,
    35255.69323159104,
    0.007650152423787233
   ],
   [
    -890.2026919908603,
    -0.16022036351526012,
    162562.76003983853,
    6.683424820931609,
    0.007650152423787233,
    30114.443872171105
   ]
  ],
  "RMerr": [
   1.54640657809597,
   -2.704442452567652,
   -0.5364865496596752,
   -0.3563363530269863,
   2.2342644273146215,
   -0.36645911193159814
  ],
  "KLerr": [
   1.3878590483880564,
   -29.603945587711063,
   -22.541842741013713,
   -0.5467795235665412,
   -0.9376979192927285,
   -1.9574330513312663
  ]
 },
 {
  "rh": 6.25,
  "t": 0.008,
  "tag": "062",
  "RM": [
   [
    40420108.02912219,
    -0.20331079510813607,
    -2448056.534494115,
    -421870.6210642896,
    -0.004751521213400243,
    -830.7172666516126
   ],
   [
    -0.20331079510813607,
    9819172.058709767,
    1.2247494829615506,
    -0.0002700400162753137,
    229481.15844038097,
    0.01728449311295514
   ],
   [
    -2448056.534494115,
    1.2247494829615506,
    14747152.009819172,
    -3251.646731059907,
    0.028623276939841166,
    208121.73995353526
   ],
   [
    -421870.6210642896,
    -0.0002700400162753137,
    -3251.646731059907,
    47647.49588444763,
    -6.3111024168302396e-06,
    27.150556269883793
   ],
   [
    -0.004751521213400243,
    229481.15844038097,
    0.028623276939841166,
    -6.3111024168302396e-06,
    46285.308914432164,
    0.00040395101282464905
   ],
   [
    -830.7172666516126,
    0.01728449311295514,
    208121.73995353526,
    27.150556269883793,
    0.00040395101282464905,
    38462.7240829957
   ]
  ],
  "KL": [
   [
    40328907.771957666,
    21795.706193277336,
    -1713894.19470152,
    -421146.1012527505,
    234.27941891849406,
    9451.167292949887
   ],
   [
    21795.706193277336,
    6022560.974159025,
    6008.947443911369,
    -6574.83368807752,
    141303.58625709752,
    -5795.681944589871
   ],
   [
    -1713894.19470152,
    6008.947443911369,
    10153019.72060271,
    -1738.039087020362,
    1622.1775549903566,
    144327.96386668377
   ],
   [
    -421146.1012527505,
    -6574.83368807752,
    -1738.039087020362,
    47501.80599038286,
    -153.900235879621,
    50.97864192693892
   ],
   [
    234.27941891849406,
    141303.58625709752,
    1622.1775549903566,
    -153.900235879621,
    44231.32556146956,
    -115.84764175012802
   ],
   [
    9451.167292949887,
    -5795.681944589871,
    144327.96386668377,
    50.97864192693892,
    -115.84764175012802,
    37590.46648436789
   ]
  ],
  "S": [
   [
    39634906.87897392,
    28.058366613042264,
    -2348061.248305132,
    -425865.5521621808,
    1.0590995947787474,
    -1273.5944341007216
   ],
   [
    28.058366613042264,
    10175186.939735241,
    7.922742447802044,
    -5.629106940261774,
    235532.84127128733,
    -0.2553121384251116
   ],
   [
    -2348061.248305132,
    7.922742447802044,
    14885601.421858499,
    -3462.082942590065,
    0.14154706765598674,
    209058.4905053799
   ],
   [
    -425865.5521621808,
    -5.629106940261774,
    -3462.082942590065,
    47837.145313262,
    -0.08699338879090333,
    13.54078518761347
   ],
   [
    1.0590995947787474,
    235532.84127128733,
    0.14154706765598674,
    -0.08699338879090333,
    45050.43685566429,
    -0.0022805517531784914
   ],
   [
    -1273.5944341007216,
    -0.2553121384251116,
    209058.4905053799,
    13.54078518761347,
    -0.0022805517531784914,
    38689.88921741879
   ]
  ],
  "RMerr": [
   1.981084886980798,
   -3.498853467106306,
   -0.9300894744905833,
   -0.3964480480021373,
   2.741087867192598,
   -0.5871434088284206
  ],
  "KLerr": [
   1.7509840381431685,
   -40.811298997955,
   -31.793016399769463,
   -0.7010019529450733,
   -1.818209436723231,
   -2.8416280203664286
  ]
 },
 {
  "rh": 5.0,
  "t": 0.01,
  "tag": "050",
  "RM": [
   [
    50524947.611860335,
    -0.2402535820331305,
    -3061839.93817094,
    -527424.034492116,
    -0.00560343866521977,
    -1082.3671680587795
   ],
   [
    -0.2402535820331305,
    12490080.744101238,
    1.453423812172775,
    -0.0004752168354281629,
    291306.4854003061,
    0.020468037183245597
   ],
   [
    -3061839.93817094,
    1.453423812172775,
    18522737.459663976,
    -6056.224904029073,
    0.033898241130620614,
    260848.99736649948
   ],
   [
    -527424.034492116,
    -0.0004752168354281629,
    -6056.224904029073,
    60162.31797214602,
    -1.1083530230675493e-05,
    52.55451478794897
   ],
   [
    -0.00560343866521977,
    291306.4854003061,
    0.033898241130620614,
    -1.1083530230675493e-05,
    58007.12434737598,
    0.0004773765243409764
   ],
   [
    -1082.3671680587795,
    0.020468037183245597,
    260848.99736649948,
    52.55451478794897,
    0.0004773765243409764,
    48181.95952388017
   ]
  ],
  "KL": [
   [
    50378347.13156719,
    29110.39892879568,
    -1843334.740981675,
    -526046.7613149103,
    116.9408212976683,
    16024.389243878493
   ],
   [
    29110.39892879568,
    6327437.711010987,
    11972.979699382686,
    -10008.649941688223,
    148291.8743951823,
    -9177.411866655164
   ],
   [
    -1843334.740981675,
    11972.979699382686,
    10972234.887410782,
    -3005.6254683194575,
    3446.5925317842125,
    155829.11112619235
   ],
   [
    -526046.7613149103,
    -10008.649941688223,
    -3005.6254683194575,
    59884.20650275306,
    -234.66180793892005,
    104.50098136472013
   ],
   [
    116.9408212976683,
    148291.8743951823,
    3446.5925317842125,
    -234.66180793892005,
    54680.29788663535,
    -171.26682222780545
   ],
   [
    16024.389243878493,
    -9177.411866655164,
    155829.11112619235,
    104.50098136472013,
    -171.26682222780545,
    46750.2253043208
   ]
  ],
  "S": [
   [
    49300284.21831572,
    -128.41662436065903,
    -2896056.1077777706,
    -535147.450058223,
    -4.055004928664508,
    -1816.4356618784368
   ],
   [
    -128.41662436065903,
    13072482.447090236,
    22.89142972401912,
    13.642431032491208,
    300595.97339163814,
    -0.7073125085099842
   ],
   [
    -2896056.1077777706,
    22.89142972401912,
    18793669.20081706,
    -6545.1100393048,
    -1.5456560322359627,
    263215.77528375736
   ],
   [
    -535147.450058223,
    13.642431032491208,
    -6545.1100393048,
    60408.394257012274,
    0.2865101539744136,
    25.29358241806061
   ],
   [
    -4.055004928664508,
    300595.97339163814,
    -1.5456560322359627,
    0.2865101539744136,
    56181.765844432535,
    -0.025821844226743218
   ],
   [
    -1816.4356618784368,
    -0.7073125085099842,
    263215.77528375736,
    25.29358241806061,
    -0.025821844226743218,
    48617.45616392711
   ]
  ],
  "RMerr": [
   2.484089925570115,
   -4.455172958512053,
   -1.4416117377510556,
   -0.40735445444768026,
   3.2490230157554496,
   -0.8957618814496289
  ],
  "KLerr": [
   2.186727582497287,
   -51.59727514172802,
   -41.61738843985952,
   -0.8677399237414155,
   -2.6725182721289906,
   -3.8406593165023564
  ]
 },
 {
  "rh": 4.0,
  "t": 0.0125,
  "tag": "040",
  "RM": [
   [
    63155801.5576432,
    -0.2762476896951448,
    -3831037.395671109,
    -659428.1576615013,
    -0.006422638087679854,
    -1436.9874908295678
   ],
   [
    -0.2762476896951448,
    15864783.406668235,
    1.6814604104960584,
    -0.0007960043674627908,
    368849.2539320753,
    0.023608906807779863
   ],
   [
    -3831037.395671109,
    1.6814604104960584,
    23318699.683149304,
    -11039.09429130851,
    0.03909322716338321,
    327411.21614969807
   ],
   [
    -659428.1576615013,
    -0.0007960043674627908,
    -11039.09429130851,
    76355.5872924992,
    -1.850678969586169e-05,
    101.41038909627156
   ],
   [
    -0.006422638087679854,
    368849.2539320753,
    0.03909322716338321,
    -1.850678969586169e-05,
    72709.22821710145,
    0.0005488968033927392
   ],
   [
    -1436.9874908295678,
    0.023608906807779863,
    327411.21614969807,
    101.41038909627156,
    0.0005488968033927392,
    60429.166528236776
   ]
  ],
  "KL": [
   [
    62940205.083071195,
    37562.06848644507,
    -1907266.0766274396,
    -656846.67409764,
    -116.41498316793138,
    25596.387942215693
   ],
   [
    37562.06848644507,
    6404215.567527847,
    12628.239216100907,
    -14199.349541404516,
    149829.48430974345,
    -13891.058415463589
   ],
   [
    -1907266.0766274396,
    12628.239216100907,
    11432929.44908015,
    -4795.106734272532,
    6015.5093499975865,
    162174.2019323903
   ],
   [
    -656846.67409764,
    -14199.349541404516,
    -4795.106734272532,
    75826.44426468025,
    -333.628105694857,
    214.16971711874606
   ],
   [
    -116.41498316793138,
    149829.48430974345,
    6015.5093499975865,
    -333.628105694857,
    67628.71814307256,
    -245.26638227926708
   ],
   [
    25596.387942215693,
    -13891.058415463589,
    162174.2019323903,
    214.16971711874606,
    -245.26638227926708,
    58193.001639485956
   ]
  ],
  "S": [
   [
    61251056.32338306,
    -22.913799759163386,
    -3552708.1486272654,
    -674509.1832480849,
    0.059475556576584654,
    -2627.0254703211285
   ],
   [
    -22.913799759163386,
    16836340.241742488,
    -79.67700871601176,
    3.5948312599560115,
    383260.7673325816,
    -1.2548431244253664
   ],
   [
    -3552708.1486272654,
    -79.67700871601176,
    23842838.086477924,
    -12090.433537971674,
    2.3811497390043854,
    332864.07963687676
   ],
   [
    -674509.1832480849,
    3.5948312599560115,
    -12090.433537971674,
    76653.54946856944,
    0.06510959953684799,
    45.72910229236001
   ],
   [
    0.059475556576584654,
    383260.7673325816,
    2.3811497390043854,
    0.06510959953684799,
    70069.08308781878,
    0.10189595799300756
   ],
   [
    -2627.0254703211285,
    -1.2548431244253664,
    332864.07963687676,
    45.72910229236001,
    0.10189595799300756,
    61267.4431989738
   ]
  ],
  "RMerr": [
   3.1097345067875724,
   -5.770593971874385,
   -2.1983054258371886,
   -0.38871282300165055,
   3.7679173366286647,
   -1.3682253199543757
  ],
  "KLerr": [
   2.757746333010237,
   -61.96194971369242,
   -52.04878962977084,
   -1.0790174879355523,
   -3.4827984571849924,
   -5.018067343700316
  ]
 },
 {
  "rh": 3.125,
  "t": 0.016,
  "tag": "031",
  "RM": [
   [
    80838507.02341866,
    -0.3137016462789788,
    -4912990.060953164,
    -844347.1848490979,
    -0.007253464440010935,
    -2023.169411839859
   ],
   [
    -0.3137016462789788,
    20708754.90351754,
    1.9282025012348716,
    -0.0013245219444787413,
    478831.3762803594,
    0.026952273577946384
   ],
   [
    -4912990.060953164,
    1.9282025012348716,
    30198255.037383176,
    -20743.8366525848,
    0.04458423420344566,
    422109.0450687359
   ],
   [
    -844347.1848490979,
    -0.0013245219444787413,
    -20743.8366525848,
    100277.12318616445,
    -3.0625901677283815e-05,
    208.76488567186965
   ],
   [
    -0.007253464440010935,
    478831.3762803594,
    0.04458423420344566,
    -3.0625901677283815e-05,
    93428.19531635744,
    0.0006231951738273876
   ],
   [
    -2023.169411839859,
    0.026952273577946384,
    422109.0450687359,
    208.76488567186965,
    0.0006231951738273876,
    77805.2641643587
   ]
  ],
  "KL": [
   [
    80548007.20563625,
    46190.65026440105,
    -1903726.9618696256,
    -839162.5910757435,
    -584.3748054738064,
    40269.68823797554
   ],
   [
    46190.65026440105,
    6311598.679252281,
    3641.24070588596,
    -19240.804959348163,
    147193.50799990303,
    -20885.630220713254
   ],
   [
    -1903726.9618696256,
    3641.24070588596,
    11541862.974490589,
    -7378.600195772666,
    9851.746156037894,
    163465.5387467173
   ],
   [
    -839162.5910757435,
    -19240.804959348163,
    -7378.600195772666,
    99197.68844812842,
    -453.7222984741402,
    461.7522982602336
   ],
   [
    -584.3748054738064,
    147193.50799990303,
    9851.746156037894,
    -453.7222984741402,
    85777.18283916375,
    -350.55319298038336
   ],
   [
    40269.68823797554,
    -20885.630220713254,
    163465.5387467173,
    461.7522982602336,
    -350.55319298038336,
    74353.89733706019
   ]
  ],
  "S": [
   [
    77733918.83514734,
    -39.51345922012304,
    -4402561.361444988,
    -875942.6415038405,
    -3.6830280709255563,
    -4030.6425986976465
   ],
   [
    -39.51345922012304,
    22433451.97274913,
    3.7517749378482925,
    16.84147132628861,
    502349.17757527385,
    -0.891220830712113
   ],
   [
    -4402561.361444988,
    3.7517749378482925,
    31243336.627703752,
    -22982.644015768645,
    -1.5749477779992742,
    435038.88194281014
   ],
   [
    -875942.6415038405,
    16.84147132628861,
    -22982.644015768645,
    100542.50639239422,
    0.25112795393643994,
    85.60488959756597
   ],
   [
    -3.6830280709255563,
    502349.17757527385,
    -1.5749477779992742,
    0.25112795393643994,
    89588.70437707464,
    -0.024533425602590826
   ],
   [
    -4030.6425986976465,
    -0.891220830712113,
    435038.88194281014,
    85.60488959756597,
    -0.024533425602590826,
    79531.49048715286
   ]
  ],
  "RMerr": [
   3.993865528451386,
   -7.688059204292997,
   -3.34497433092307,
   -0.2639512538050761,
   4.285686422166082,
   -2.1704941177645916
  ],
  "KLerr": [
   3.6201550271212155,
   -71.86523640267556,
   -63.05816145047609,
   -1.337561587153284,
   -4.254466636629067,
   -6.510117084916233
  ]
 }
]