nodes:
- [7.200335840 0.106985264 27.400000000]
- [7.057598680 0.148903434 27.400000000]
- [6.914590677 0.189888547 27.400000000]
- [6.771392637 0.230205530 27.400000000]
- [6.628138784 0.270323788 27.400000000]
- [6.484977978 0.310772801 27.400000000]
- [6.341885567 0.351463032 27.400000000]
- [6.207795758 0.389710052 27.400000000]
- [6.073727899 0.428033971 27.400000000]
- [5.939678110 0.466421047 27.400000000]
- [5.805626858 0.504803008 27.400000000]
- [5.671560032 0.543130541 27.400000000]
- [5.537461625 0.581347330 27.400000000]
- [5.403340040 0.619482802 27.400000000]
- [5.269146707 0.657364887 27.400000000]
- [5.134926278 0.695150778 27.400000000]
- [5.000590158 0.732523494 27.400000000]
- [4.866209431 0.769735000 27.400000000]
- [4.731705645 0.806499727 27.400000000]
- [4.597121964 0.842969014 27.400000000]
- [4.595101831 0.843508423 27.400000000]
- [4.554698860 0.854295466 27.400000000]
- [4.552678679 0.854834696 27.400000000]
- [4.424391766 0.889067130 27.400000000]
- [4.295913320 0.922571505 27.400000000]
- [4.167355462 0.955771938 27.400000000]
- [4.038568837 0.988069667 27.400000000]
- [3.909676708 1.019947725 27.400000000]
- [3.780516434 1.050711991 27.400000000]
- [3.651217590 1.080898085 27.400000000]
- [3.521603250 1.109686593 27.400000000]
- [3.391813720 1.137687829 27.400000000]
- [3.261670544 1.163973428 27.400000000]
- [3.131323014 1.189250145 27.400000000]
- [3.000584346 1.212377977 27.400000000]
- [2.869634545 1.234321998 27.400000000]
- [2.738259164 1.253496236 27.400000000]
- [2.663895779 1.263655171 27.400000000]
- [2.661824034 1.263937609 27.400000000]
- [2.620387977 1.269577952 27.400000000]
- [2.618316122 1.269859585 27.400000000]
- [2.494374198 1.283777682 27.400000000]
- [2.370275905 1.296317786 27.400000000]
- [2.245879518 1.305264312 27.400000000]
- [2.121371663 1.312709713 27.400000000]
- [1.996684826 1.315616012 27.400000000]
- [1.871967237 1.317014356 27.400000000]
- [1.869876866 1.316966919 27.400000000]
- [1.828075105 1.315833736 27.400000000]
- [1.825985755 1.315752980 27.400000000]
- [1.753624723 1.312934098 27.400000000]
- [1.613542503 1.305320677 27.400000000]
- [1.473922614 1.291305675 27.400000000]
- [1.335268749 1.270125851 27.400000000]
- [1.197653625 1.243087964 27.400000000]
- [1.061747829 1.208168984 27.400000000]
- [0.928827459 1.163320742 27.400000000]
- [0.799066346 1.110151443 27.400000000]
- [0.673418776 1.047953581 27.400000000]
- [0.553200982 0.975765702 27.400000000]
- [0.439937129 0.892940858 27.400000000]
- [0.336865686 0.797727446 27.400000000]
- [0.243932186 0.692703558 27.400000000]
- [0.163560962 0.577777049 27.400000000]
- [0.097350191 0.454194653 27.400000000]
- [0.047111554 0.323313369 27.400000000]
- [0.018349723 0.178229588 27.400000000]
- [0.002055845 0.031112524 27.400000000]
- [0.012557765 -0.116577382 27.400000000]
- [0.039631734 -0.262148693 27.400000000]
- [0.091236694 -0.396371248 27.400000000]
- [0.160764530 -0.522207562 27.400000000]
- [0.247137866 -0.637152135 27.400000000]
- [0.347076585 -0.740540087 27.400000000]
- [0.457452054 -0.832797711 27.400000000]
- [0.576590245 -0.913458862 27.400000000]
- [0.702267210 -0.983502051 27.400000000]
- [0.832946469 -1.043657654 27.400000000]
- [0.967153029 -1.095338405 27.400000000]
- [1.103986877 -1.139670576 27.400000000]
- [1.242968876 -1.176914581 27.400000000]
- [1.383857586 -1.206159966 27.400000000]
- [1.418044870 -1.213051057 27.400000000]
- [1.420106216 -1.213401424 27.400000000]
- [1.461353255 -1.220278095 27.400000000]
- [1.463424446 -1.220564570 27.400000000]
- [1.587499676 -1.237609272 27.400000000]
- [1.712024608 -1.250554329 27.400000000]
- [1.836934085 -1.259654158 27.400000000]
- [1.962100548 -1.263081237 27.400000000]
- [2.087333757 -1.264431622 27.400000000]
- [2.212449780 -1.259219059 27.400000000]
- [2.214538362 -1.259120434 27.400000000]
- [2.256308611 -1.257118805 27.400000000]
- [2.258397115 -1.257018547 27.400000000]
- [2.367674841 -1.249967018 27.400000000]
- [2.511735401 -1.234943931 27.400000000]
- [2.655261684 -1.215824092 27.400000000]
- [2.798277724 -1.192899175 27.400000000]
- [2.940237738 -1.164261115 27.400000000]
- [3.081773087 -1.133494041 27.400000000]
- [3.221776179 -1.096404761 27.400000000]
- [3.361402515 -1.057910225 27.400000000]
- [3.499578401 -1.014478124 27.400000000]
- [3.637334678 -0.969762564 27.400000000]
- [3.773870088 -0.921417693 27.400000000]
- [3.909927714 -0.871772796 27.400000000]
- [4.044994251 -0.819464327 27.400000000]
- [4.179618879 -0.766044971 27.400000000]
- [4.313553993 -0.710903955 27.400000000]
- [4.315487293 -0.710107555 27.400000000]
- [4.354153047 -0.694178970 27.400000000]
- [4.356086283 -0.693382416 27.400000000]
- [4.492584762 -0.635711194 27.400000000]
- [4.628923534 -0.577659495 27.400000000]
- [4.765242936 -0.519562329 27.400000000]
- [4.901607565 -0.461571530 27.400000000]
- [5.038658999 -0.405223067 27.400000000]
- [5.176081161 -0.349798895 27.400000000]
- [5.314609447 -0.297185479 27.400000000]
- [5.454099180 -0.247244944 27.400000000]
- [5.594589612 -0.200120726 27.400000000]
- [5.736725993 -0.158289995 27.400000000]
- [5.879720642 -0.119521077 27.400000000]
- [6.024093009 -0.086131427 27.400000000]
- [6.169816741 -0.059411565 27.400000000]
- [6.316456009 -0.038441130 27.400000000]
- [6.464548427 -0.024576946 27.400000000]
- [6.613221816 -0.019468228 27.400000000]
- [6.761930387 -0.022767165 27.400000000]
- [6.910103722 -0.035541410 27.400000000]
- [7.056569045 -0.061171102 27.400000000]
- [4.551223334 0.831566111 27.400000000]
- [4.540998739 0.764698996 27.400000000]
- [4.524619291 0.657580193 27.400000000]
- [4.503036906 0.516435058 27.400000000]
- [4.477505872 0.349466433 27.400000000]
- [4.449509961 0.166377929 27.400000000]
- [4.420676193 -0.022190018 27.400000000]
- [4.392680281 -0.205278523 27.400000000]
- [4.367149247 -0.372247148 27.400000000]
- [4.345566862 -0.513392282 27.400000000]
- [4.329187415 -0.620511085 27.400000000]
- [4.318962820 -0.687378201 27.400000000]
- [1.825796767 1.301709003 27.400000000]
- [1.819012648 1.259650325 27.400000000]
- [1.807874294 1.190597225 27.400000000]
- [1.792630517 1.096092235 27.400000000]
- [1.773621839 0.978246440 27.400000000]
- [1.751272881 0.839692320 27.400000000]
- [1.726082882 0.683524946 27.400000000]
- [1.698614546 0.513232838 27.400000000]
- [1.669481469 0.332620041 27.400000000]
- [1.639334437 0.145721146 27.400000000]
- [1.608846883 -0.043288834 27.400000000]
- [1.578699851 -0.230187729 27.400000000]
- [1.549566774 -0.410800526 27.400000000]
- [1.522098438 -0.581092634 27.400000000]
- [1.496908439 -0.737260008 27.400000000]
- [1.474559481 -0.875814128 27.400000000]
- [1.455550803 -0.993659923 27.400000000]
- [1.440307026 -1.088164913 27.400000000]
- [1.429168672 -1.157218013 27.400000000]
- [1.422384553 -1.199276690 27.400000000]
- [2.618121475 1.255456216 27.400000000]
- [2.611372597 1.213406465 27.400000000]
- [2.600292104 1.144368020 27.400000000]
- [2.585127514 1.049883087 27.400000000]
- [2.566217580 0.932062302 27.400000000]
- [2.543984718 0.793537587 27.400000000]
- [2.518925573 0.637403356 27.400000000]
- [2.491599927 0.467147388 27.400000000]
- [2.462618187 0.286572922 27.400000000]
- [2.432627759 0.099713693 27.400000000]
- [2.402298580 -0.089256175 27.400000000]
- [2.372308152 -0.276115404 27.400000000]
- [2.343326413 -0.456689870 27.400000000]
- [2.316000766 -0.626945838 27.400000000]
- [2.290941622 -0.783080069 27.400000000]
- [2.268708760 -0.921604784 27.400000000]
- [2.249798825 -1.039425569 27.400000000]
- [2.234634236 -1.133910502 27.400000000]
- [2.223553742 -1.202948947 27.400000000]
- [2.216804865 -1.244998699 27.400000000]
elements:
- [1 2]
- [2 3]
- [3 4]
- [4 5]
- [5 6]
- [6 7]
- [7 8]
- [8 9]
- [9 10]
- [10 11]
- [11 12]
- [12 13]
- [13 14]
- [14 15]
- [15 16]
- [16 17]
- [17 18]
- [18 19]
- [19 20]
- [20 21]
- [21 22]
- [22 23]
- [23 24]
- [24 25]
- [25 26]
- [26 27]
- [27 28]
- [28 29]
- [29 30]
- [30 31]
- [31 32]
- [32 33]
- [33 34]
- [34 35]
- [35 36]
- [36 37]
- [37 38]
- [38 39]
- [39 40]
- [40 41]
- [41 42]
- [42 43]
- [43 44]
- [44 45]
- [45 46]
- [46 47]
- [47 48]
- [48 49]
- [49 50]
- [50 51]
- [51 52]
- [52 53]
- [53 54]
- [54 55]
- [55 56]
- [56 57]
- [57 58]
- [58 59]
- [59 60]
- [60 61]
- [61 62]
- [62 63]
- [63 64]
- [64 65]
- [65 66]
- [66 67]
- [67 68]
- [68 69]
- [69 70]
- [70 71]
- [71 72]
- [72 73]
- [73 74]
- [74 75]
- [75 76]
- [76 77]
- [77 78]
- [78 79]
- [79 80]
- [80 81]
- [81 82]
- [82 83]
- [83 84]
- [84 85]
- [85 86]
- [86 87]
- [87 88]
- [88 89]
- [89 90]
- [90 91]
- [91 92]
- [92 93]
- [93 94]
- [94 95]
- [95 96]
- [96 97]
- [97 98]
- [98 99]
- [99 100]
- [100 101]
- [101 102]
- [102 103]
- [103 104]
- [104 105]
- [105 106]
- [106 107]
- [107 108]
- [108 109]
- [109 110]
- [110 111]
- [111 112]
- [112 113]
- [113 114]
- [114 115]
- [115 116]
- [116 117]
- [117 118]
- [118 119]
- [119 120]
- [120 121]
- [121 122]
- [122 123]
- [123 124]
- [124 125]
- [125 126]
- [126 127]
- [127 128]
- [128 129]
- [129 130]
- [130 131]
- [131 132]
- [132 1]
- [22 133]
- [133 134]
- [134 135]
- [135 136]
- [136 137]
- [137 138]
- [138 139]
- [139 140]
- [140 141]
- [141 142]
- [142 143]
- [143 144]
- [144 111]
- [49 145]
- [145 146]
- [146 147]
- [147 148]
- [148 149]
- [149 150]
- [150 151]
- [151 152]
- [152 153]
- [153 154]
- [154 155]
- [155 156]
- [156 157]
- [157 158]
- [158 159]
- [159 160]
- [160 161]
- [161 162]
- [162 163]
- [163 164]
- [164 84]
- [40 165]
- [165 166]
- [166 167]
- [167 168]
- [168 169]
- [169 170]
- [170 171]
- [171 172]
- [172 173]
- [173 174]
- [174 175]
- [175 176]
- [176 177]
- [177 178]
- [178 179]
- [179 180]
- [180 181]
- [181 182]
- [182 183]
- [183 184]
- [184 93]
sets:
  element:
  - name: layup_0
    labels: [1, 2, 3, 4, 5, 6, 127, 128, 129, 130, 131, 132]
  - name: layup_1
    labels: [7, 8, 9, 10, 11, 12, 13, 14, 15, 16, 17, 18, 19, 20, 21, 22, 23, 24,
      25, 26, 27, 28, 29, 30, 31, 32, 33, 34, 35, 36, 51, 52, 53, 54, 55, 56, 57,
      58, 59, 60, 61, 62, 63, 64, 65, 70, 71, 72, 73, 74, 75, 76, 77, 78, 79, 80,
      81, 96, 97, 98, 99, 100, 101, 102, 103, 104, 105, 106, 107, 108, 109, 110, 111,
      112, 113, 114, 115, 116, 117, 118, 119, 120, 121, 122, 123, 124, 125, 126]
  - name: layup_2
    labels: [37, 38, 39, 40, 41, 42, 43, 44, 45, 46, 47, 48, 49, 50]
  - name: layup_3
    labels: [66, 67, 68, 69]
  - name: layup_4
    labels: [82, 83, 84, 85, 86, 87, 88, 89, 90, 91, 92, 93, 94, 95]
  - name: layup_5
    labels: [133, 134, 135, 136, 137, 138, 139, 140, 141, 142, 143, 144, 145, 146,
      147, 148, 149, 150, 151, 152, 153, 154, 155, 156, 157, 158, 159, 160, 161, 162,
      163, 164, 165, 166, 167, 168, 169, 170, 171, 172, 173, 174, 175, 176, 177, 178,
      179, 180, 181, 182, 183, 184, 185, 186, 187]
sections:
- type: shell
  elementSet: layup_0
  layup:
  - [gelcoat, 0.0005, 0.0]
  - [glass_triax, 0.00300294, 0.0]
  - [glass_uniax, 0.02609467, 0.0]
  - [glass_triax, 0.00300294, 0.0]
- type: shell
  elementSet: layup_1
  layup:
  - [gelcoat, 0.0005, 0.0]
  - [glass_triax, 0.00300294, 0.0]
  - [medium_density_foam, 0.07060815, 0.0]
  - [glass_triax, 0.00300294, 0.0]
- type: shell
  elementSet: layup_2
  layup:
  - [gelcoat, 0.0005, 0.0]
  - [glass_triax, 0.00300294, 0.0]
  - [carbon_uniax, 0.08105991, 0.0]
  - [glass_triax, 0.00300294, 0.0]
- type: shell
  elementSet: layup_3
  layup:
  - [gelcoat, 0.0005, 0.0]
  - [glass_triax, 0.00300294, 0.0]
  - [glass_uniax, 0.02158284, 0.0]
  - [glass_triax, 0.00300294, 0.0]
- type: shell
  elementSet: layup_4
  layup:
  - [gelcoat, 0.0005, 0.0]
  - [glass_triax, 0.00300294, 0.0]
  - [carbon_uniax, 0.07707452, 0.0]
  - [glass_triax, 0.00300294, 0.0]
- type: shell
  elementSet: layup_5
  layup:
  - [glass_biax, 0.002, 0.0]
  - [medium_density_foam, 0.042, 0.0]
  - [glass_biax, 0.002, 0.0]
elementOrientations:
- [0.0, 0.0, 1.0, -0.7094068676940279, 0.7047991884704098, 0.0, -0.7047991884704097,
  -0.7094068676940278, 0.0]
- [0.0, 0.0, 1.0, -0.9611721396218904, 0.2759494845341758, 0.0, -0.2759494845341757,
  -0.9611721396218903, 0.0]
- [0.0, 0.0, 1.0, -0.9623537106001582, 0.2718001760376677, 0.0, -0.27180017603766765,
  -0.9623537106001581, 0.0]
- [0.0, 0.0, 1.0, -0.9627018208351183, 0.2705646025642449, 0.0, -0.2705646025642449,
  -0.9627018208351183, 0.0]
- [0.0, 0.0, 1.0, -0.9623684917382979, 0.27174783551916976, 0.0, -0.27174783551916976,
  -0.9623684917382979, 0.0]
- [0.0, 0.0, 1.0, -0.9619265806716899, 0.27330798268120676, 0.0, -0.27330798268120676,
  -0.9619265806716899, 0.0]
- [0.0, 0.0, 1.0, -0.9616616849366016, 0.2742385890513885, 0.0, -0.2742385890513885,
  -0.9616616849366016, 0.0]
- [0.0, 0.0, 1.0, -0.9614953301820773, 0.2748212692606927, 0.0, -0.2748212692606927,
  -0.9614953301820773, 0.0]
- [0.0, 0.0, 1.0, -0.9613937460233334, 0.27517642542053367, 0.0, -0.27517642542053367,
  -0.9613937460233334, 0.0]
- [0.0, 0.0, 1.0, -0.9613945159029016, 0.2751737356504536, 0.0, -0.27517373565045355,
  -0.9613945159029015, 0.0]
- [0.0, 0.0, 1.0, -0.9615097320410422, 0.27477087762418245, 0.0, -0.2747708776241824,
  -0.9615097320410421, 0.0]
- [0.0, 0.0, 1.0, -0.9616925279744856, 0.2741304099111285, 0.0, -0.2741304099111285,
  -0.9616925279744856, 0.0]
- [0.0, 0.0, 1.0, -0.9619612149495926, 0.27318605552389325, 0.0, -0.2731860555238932,
  -0.9619612149495925, 0.0]
- [0.0, 0.0, 1.0, -0.9623087737949685, 0.2719592320132271, 0.0, -0.2719592320132271,
  -0.9623087737949685, 0.0]
- [0.0, 0.0, 1.0, -0.9627426227301149, 0.2704193824021119, 0.0, -0.2704193824021119,
  -0.9627426227301149, 0.0]
- [0.0, 0.0, 1.0, -0.9632862704265244, 0.2684763699243512, 0.0, -0.2684763699243512,
  -0.9632862704265244, 0.0]
- [0.0, 0.0, 1.0, -0.9638745708105085, 0.2663565500318284, 0.0, -0.2663565500318284,
  -0.9638745708105085, 0.0]
- [0.0, 0.0, 1.0, -0.9645401822047323, 0.2639360470122674, 0.0, -0.2639360470122674,
  -0.9645401822047323, 0.0]
- [0.0, 0.0, 1.0, -0.9652889890579639, 0.26118416415137846, 0.0, -0.26118416415137846,
  -0.9652889890579639, 0.0]
- [0.0, 0.0, 1.0, -0.9659138411975984, 0.25886376993102145, 0.0, -0.25886376993102145,
  -0.9659138411975984, 0.0]
- [0.0, 0.0, 1.0, -0.9661600678648804, 0.2579432558981328, 0.0, -0.2579432558981328,
  -0.9661600678648804, 0.0]
- [0.0, 0.0, 1.0, -0.9661744303004978, 0.25788945351353304, 0.0, -0.257889453513533,
  -0.9661744303004977, 0.0]
- [0.0, 0.0, 1.0, -0.966552334396451, 0.25646946187172276, 0.0, -0.25646946187172276,
  -0.966552334396451, 0.0]
- [0.0, 0.0, 1.0, -0.9674301066195465, 0.2531382800093515, 0.0, -0.2531382800093515,
  -0.9674301066195465, 0.0]
- [0.0, 0.0, 1.0, -0.9685230721027092, 0.24892380120175406, 0.0, -0.24892380120175406,
  -0.9685230721027092, 0.0]
- [0.0, 0.0, 1.0, -0.9697343675849726, 0.24416235648554296, 0.0, -0.24416235648554296,
  -0.9697343675849726, 0.0]
- [0.0, 0.0, 1.0, -0.971072148862941, 0.23878626782692133, 0.0, -0.2387862678269213,
  -0.9710721488629409, 0.0]
- [0.0, 0.0, 1.0, -0.9725452088352383, 0.23271402358178314, 0.0, -0.23271402358178314,
  -0.9725452088352383, 0.0]
- [0.0, 0.0, 1.0, -0.9741715332698454, 0.22580926412943855, 0.0, -0.22580926412943855,
  -0.9741715332698454, 0.0]
- [0.0, 0.0, 1.0, -0.9759541228740811, 0.2179760308957915, 0.0, -0.2179760308957915,
  -0.9759541228740811, 0.0]
- [0.0, 0.0, 1.0, -0.9778833089303463, 0.20915122307898898, 0.0, -0.20915122307898898,
  -0.9778833089303463, 0.0]
- [0.0, 0.0, 1.0, -0.9799365413261631, 0.19930974630889736, 0.0, -0.19930974630889733,
  -0.979936541326163, 0.0]
- [0.0, 0.0, 1.0, -0.9821237578757765, 0.1882363520045027, 0.0, -0.1882363520045027,
  -0.9821237578757765, 0.0]
- [0.0, 0.0, 1.0, -0.9843872090498816, 0.17601654086756952, 0.0, -0.1760165408675695,
  -0.9843872090498815, 0.0]
- [0.0, 0.0, 1.0, -0.9867415263343838, 0.16229960014519645, 0.0, -0.16229960014519643,
  -0.9867415263343837, 0.0]
- [0.0, 0.0, 1.0, -0.9890805728401328, 0.1473757796594637, 0.0, -0.14737577965946366,
  -0.9890805728401327, 0.0]
- [0.0, 0.0, 1.0, -0.9904943784971841, 0.1375532121234433, 0.0, -0.1375532121234433,
  -0.9904943784971841, 0.0]
- [0.0, 0.0, 1.0, -0.9908323040784575, 0.13509753955781462, 0.0, -0.13509753955781462,
  -0.9908323040784575, 0.0]
- [0.0, 0.0, 1.0, -0.9908616644301023, 0.1348820297994046, 0.0, -0.1348820297994046,
  -0.9908616644301023, 0.0]
- [0.0, 0.0, 1.0, -0.9916483393296451, 0.12897120261809292, 0.0, -0.12897120261809292,
  -0.9916483393296451, 0.0]
- [0.0, 0.0, 1.0, -0.9934100940429064, 0.1146140700510365, 0.0, -0.1146140700510365,
  -0.9934100940429064, 0.0]
- [0.0, 0.0, 1.0, -0.9953706172008177, 0.09611105250315073, 0.0, -0.09611105250315073,
  -0.9953706172008177, 0.0]
- [0.0, 0.0, 1.0, -0.9971128734533585, 0.07593363940696327, 0.0, -0.07593363940696327,
  -0.9971128734533585, 0.0]
- [0.0, 0.0, 1.0, -0.9985617805640072, 0.05361315507260806, 0.0, -0.053613155072608054,
  -0.9985617805640071, 0.0]
- [0.0, 0.0, 1.0, -0.9995682311837026, 0.02938283866960348, 0.0, -0.02938283866960348,
  -0.9995682311837026, 0.0]
- [0.0, 0.0, 1.0, -0.9999834131795166, 0.005759632440047414, 0.0, -0.005759632440047413,
  -0.9999834131795164, 0.0]
- [0.0, 0.0, 1.0, -0.9998826950229756, -0.015316533341172747, 0.0, 0.015316533341172747,
  -0.9998826950229756, 0.0]
- [0.0, 0.0, 1.0, -0.9995829672962019, -0.028877179421132115, 0.0, 0.028877179421132115,
  -0.9995829672962019, 0.0]
- [0.0, 0.0, 1.0, -0.9993583372417353, -0.03581778588123701, 0.0, 0.035817785881237005,
  -0.9993583372417352, 0.0]
- [0.0, 0.0, 1.0, -0.999088489494338, -0.04268711936781494, 0.0, 0.04268711936781494,
  -0.999088489494338, 0.0]
- [0.0, 0.0, 1.0, -0.998085221460472, -0.06185378486560552, 0.0, 0.06185378486560552,
  -0.998085221460472, 0.0]
- [0.0, 0.0, 1.0, -0.9948541346148323, -0.10131757419013392, 0.0, 0.1013175741901339,
  -0.9948541346148322, 0.0]
- [0.0, 0.0, 1.0, -0.9888750299073689, -0.1487486982319525, 0.0, 0.1487486982319525,
  -0.9888750299073689, 0.0]
- [0.0, 0.0, 1.0, -0.9805069900092391, -0.19648420430920585, 0.0, 0.19648420430920585,
  -0.9805069900092391, 0.0]
- [0.0, 0.0, 1.0, -0.9675113897956156, -0.25282743248262546, 0.0, 0.25282743248262546,
  -0.9675113897956156, 0.0]
- [0.0, 0.0, 1.0, -0.9483508566672524, -0.31722334822406845, 0.0, 0.31722334822406845,
  -0.9483508566672524, 0.0]
- [0.0, 0.0, 1.0, -0.9246399567153004, -0.38084242206656477, 0.0, 0.38084242206656477,
  -0.9246399567153004, 0.0]
- [0.0, 0.0, 1.0, -0.8950558933225428, -0.44595397501153083, 0.0, 0.44595397501153083,
  -0.8950558933225428, 0.0]
- [0.0, 0.0, 1.0, -0.8560862602050607, -0.5168329663325599, 0.0, 0.5168329663325599,
  -0.8560862602050607, 0.0]
- [0.0, 0.0, 1.0, -0.8036827805646227, -0.5950579704733957, 0.0, 0.5950579704733956,
  -0.8036827805646226, 0.0]
- [0.0, 0.0, 1.0, -0.7368866210385905, -0.6760163516767392, 0.0, 0.6760163516767392,
  -0.7368866210385905, 0.0]
- [0.0, 0.0, 1.0, -0.6601508173918982, -0.7511330762899533, 0.0, 0.7511330762899533,
  -0.6601508173918982, 0.0]
- [0.0, 0.0, 1.0, -0.5722101314930246, -0.8201070450963921, 0.0, 0.8201070450963921,
  -0.5722101314930246, 0.0]
- [0.0, 0.0, 1.0, -0.4707302030173592, -0.8822772103864158, 0.0, 0.8822772103864157,
  -0.47073020301735913, 0.0]
- [0.0, 0.0, 1.0, -0.34772251446302044, -0.9375974898299987, 0.0, 0.9375974898299987,
  -0.34772251446302044, 0.0]
- [0.0, 0.0, 1.0, -0.2153551180983415, -0.9765358022667933, 0.0, 0.9765358022667932,
  -0.21535511809834149, 0.0]
- [0.0, 0.0, 1.0, -0.08622453884228388, -0.9962757293547985, 0.0, 0.9962757293547985,
  -0.08622453884228388, 0.0]
- [0.0, 0.0, 1.0, 0.05386270932531258, -0.9985483506291205, 0.0, 0.9985483506291205,
  0.05386270932531258, 0.0]
- [0.0, 0.0, 1.0, 0.20009139519538816, -0.9797772367067746, 0.0, 0.9797772367067745,
  0.20009139519538813, 0.0]
- [0.0, 0.0, 1.0, 0.3482380751384584, -0.937406124912709, 0.0, 0.937406124912709,
  0.3482380751384584, 0.0]
- [0.0, 0.0, 1.0, 0.4840326752618332, -0.8750499238779882, 0.0, 0.8750499238779881,
  0.48403267526183313, 0.0]
- [0.0, 0.0, 1.0, 0.5976071602976283, -0.8017890507864304, 0.0, 0.8017890507864303,
  0.5976071602976282, 0.0]
- [0.0, 0.0, 1.0, 0.6917906018299164, -0.7220981673012349, 0.0, 0.7220981673012349,
  0.6917906018299164, 0.0]
- [0.0, 0.0, 1.0, 0.7664574366067373, -0.6422951018575725, 0.0, 0.6422951018575724,
  0.7664574366067372, 0.0]
- [0.0, 0.0, 1.0, 0.8260446982632282, -0.5636046100514192, 0.0, 0.5636046100514192,
  0.8260446982632282, 0.0]
- [0.0, 0.0, 1.0, 0.8723215929825794, -0.4889325499660818, 0.0, 0.4889325499660818,
  0.8723215929825794, 0.0]
- [0.0, 0.0, 1.0, 0.9069905958831507, -0.42115087436633364, 0.0, 0.4211508743663336,
  0.9069905958831506, 0.0]
- [0.0, 0.0, 1.0, 0.9323374219912512, -0.3615894516640489, 0.0, 0.3615894516640489,
  0.9323374219912512, 0.0]
- [0.0, 0.0, 1.0, 0.951103007516631, -0.30887387246709513, 0.0, 0.30887387246709513,
  0.951103007516631, 0.0]
- [0.0, 0.0, 1.0, 0.9662847345071822, -0.25747584713596794, 0.0, 0.25747584713596794,
  0.9662847345071822, 0.0]
- [0.0, 0.0, 1.0, 0.9764361063851501, -0.21580669625247487, 0.0, 0.21580669625247484,
  0.97643610638515, 0.0]
- [0.0, 0.0, 1.0, 0.9814888382591289, -0.19151934725438488, 0.0, 0.19151934725438485,
  0.9814888382591288, 0.0]
- [0.0, 0.0, 1.0, 0.9846905777978766, -0.17431140523810798, 0.0, 0.17431140523810798,
  0.9846905777978766, 0.0]
- [0.0, 0.0, 1.0, 0.9873780774968124, -0.15838097132767848, 0.0, 0.15838097132767848,
  0.9873780774968124, 0.0]
- [0.0, 0.0, 1.0, 0.9896282394815425, -0.14365217582989415, 0.0, 0.14365217582989415,
  0.9896282394815425, 0.0]
- [0.0, 0.0, 1.0, 0.9917531618251821, -0.1281626545049458, 0.0, 0.1281626545049458,
  0.9917531618251821, 0.0]
- [0.0, 0.0, 1.0, 0.9945862446061136, -0.10391439765647514, 0.0, 0.10391439765647514,
  0.9945862446061136, 0.0]
- [0.0, 0.0, 1.0, 0.9976134991788499, -0.06904568238587329, 0.0, 0.06904568238587329,
  0.9976134991788499, 0.0]
- [0.0, 0.0, 1.0, 0.9994027578826468, -0.03455615048815328, 0.0, 0.034556150488153276,
  0.9994027578826467, 0.0]
- [0.0, 0.0, 1.0, 0.9999983343835538, -0.001825165778286451, 0.0, 0.001825165778286451,
  0.9999983343835538, 0.0]
- [0.0, 0.0, 1.0, 0.9995524405391965, 0.029915190324251825, -0.0, -0.029915190324251825,
  0.9995524405391965, 0.0]
- [0.0, 0.0, 1.0, 0.9989434231249517, 0.04595690802701947, -0.0, -0.04595690802701946,
  0.9989434231249515, 0.0]
- [0.0, 0.0, 1.0, 0.9988611415318606, 0.047711842740229785, -0.0, -0.047711842740229785,
  0.9988611415318606, 0.0]
- [0.0, 0.0, 1.0, 0.998644956301646, 0.05204086138107085, -0.0, -0.05204086138107085,
  0.998644956301646, 0.0]
- [0.0, 0.0, 1.0, 0.997537808843525, 0.07013073454384236, -0.0, -0.07013073454384235,
  0.9975378088435249, 0.0]
- [0.0, 0.0, 1.0, 0.9948864404601017, 0.10099985439904707, -0.0, -0.10099985439904707,
  0.9948864404601017, 0.0]
- [0.0, 0.0, 1.0, 0.9913097917837532, 0.13154807757489978, -0.0, -0.13154807757489978,
  0.9913097917837532, 0.0]
- [0.0, 0.0, 1.0, 0.98685077601809, 0.16163398736804607, -0.0, -0.16163398736804607,
  0.98685077601809, 0.0]
- [0.0, 0.0, 1.0, 0.9814755126889425, 0.1915876248403784, -0.0, -0.19158762484037836,
  0.9814755126889424, 0.0]
- [0.0, 0.0, 1.0, 0.9755617711534877, 0.21972535280178762, -0.0, -0.21972535280178762,
  0.9755617711534877, 0.0]
- [0.0, 0.0, 1.0, 0.9688504135849528, 0.24764667592411962, -0.0, -0.24764667592411962,
  0.9688504135849528, 0.0]
- [0.0, 0.0, 1.0, 0.962320379789598, 0.27191816166193095, -0.0, -0.27191816166193095,
  0.962320379789598, 0.0]
- [0.0, 0.0, 1.0, 0.955927382447319, 0.2936032007445035, -0.0, -0.29360320074450347,
  0.9559273824473189, 0.0]
- [0.0, 0.0, 1.0, 0.949816328457019, 0.31280815557850844, -0.0, -0.3128081555785084,
  0.9498163284570189, 0.0]
- [0.0, 0.0, 1.0, 0.9440518307443091, 0.32979712077020684, -0.0, -0.32979712077020684,
  0.9440518307443091, 0.0]
- [0.0, 0.0, 1.0, 0.9385521999992238, 0.34513731742107684, -0.0, -0.34513731742107684,
  0.9385521999992238, 0.0]
- [0.0, 0.0, 1.0, 0.9335333825822835, 0.3584904790987902, -0.0, -0.35849047909879017,
  0.9335333825822834, 0.0]
- [0.0, 0.0, 1.0, 0.9290779160623208, 0.36988407087261155, -0.0, -0.36988407087261155,
  0.9290779160623208, 0.0]
- [0.0, 0.0, 1.0, 0.9258939740769371, 0.3777834680978195, -0.0, -0.3777834680978195,
  0.9258939740769371, 0.0]
- [0.0, 0.0, 1.0, 0.9246395728888858, 0.3808433539499657, -0.0, -0.3808433539499657,
  0.9246395728888858, 0.0]
- [0.0, 0.0, 1.0, 0.9246111049364437, 0.38091246320934263, -0.0, -0.3809124632093426,
  0.9246111049364436, 0.0]
- [0.0, 0.0, 1.0, 0.9237455561082737, 0.3830067200066029, -0.0, -0.38300672000660285,
  0.9237455561082736, 0.0]
- [0.0, 0.0, 1.0, 0.9217522092212479, 0.3877794022324406, -0.0, -0.38777940223244056,
  0.9217522092212478, 0.0]
- [0.0, 0.0, 1.0, 0.9203089157785446, 0.39119240731195176, -0.0, -0.3911924073119517,
  0.9203089157785445, 0.0]
- [0.0, 0.0, 1.0, 0.9200474271682074, 0.3918070083104208, -0.0, -0.3918070083104208,
  0.9200474271682074, 0.0]
- [0.0, 0.0, 1.0, 0.9213392467540316, 0.38875955601208545, -0.0, -0.3887595560120854,
  0.9213392467540314, 0.0]
- [0.0, 0.0, 1.0, 0.9243747206037152, 0.3814857479759939, -0.0, -0.3814857479759939,
  0.9243747206037152, 0.0]
- [0.0, 0.0, 1.0, 0.9286856744921375, 0.3708677904497556, -0.0, -0.37086779044975554,
  0.9286856744921373, 0.0]
- [0.0, 0.0, 1.0, 0.93473697043592, 0.3553403946925794, -0.0, -0.3553403946925794,
  0.93473697043592, 0.0]
- [0.0, 0.0, 1.0, 0.9415634613368877, 0.3368356398531771, -0.0, -0.3368356398531771,
  0.9415634613368877, 0.0]
- [0.0, 0.0, 1.0, 0.9494483156664683, 0.3139233917345226, -0.0, -0.3139233917345226,
  0.9494483156664683, 0.0]
- [0.0, 0.0, 1.0, 0.9581846264344838, 0.28615069747356714, -0.0, -0.28615069747356714,
  0.9581846264344838, 0.0]
- [0.0, 0.0, 1.0, 0.966196163452084, 0.25780801719588486, -0.0, -0.25780801719588486,
  0.966196163452084, 0.0]
- [0.0, 0.0, 1.0, 0.9747573276579372, 0.22326699751005938, -0.0, -0.22326699751005938,
  0.9747573276579372, 0.0]
- [0.0, 0.0, 1.0, 0.9833015861430137, 0.18198349015400694, -0.0, -0.18198349015400694,
  0.9833015861430137, 0.0]
- [0.0, 0.0, 1.0, 0.9902585311315291, 0.13924094771735274, -0.0, -0.13924094771735274,
  0.9902585311315291, 0.0]
- [0.0, 0.0, 1.0, 0.9958831148017143, 0.09064668583481524, -0.0, -0.09064668583481522,
  0.9958831148017142, 0.0]
- [0.0, 0.0, 1.0, 0.999388759346372, 0.03495865689810841, -0.0, -0.034958656898108405,
  0.9993887593463718, 0.0]
- [0.0, 0.0, 1.0, 0.9997119484797536, -0.024000418054992294, 0.0, 0.024000418054992294,
  0.9997119484797536, 0.0]
- [0.0, 0.0, 1.0, 0.9957844752732858, -0.09172392711123269, 0.0, 0.09172392711123269,
  0.9957844752732858, 0.0]
- [0.0, 0.0, 1.0, 0.9942015720970968, 0.10753247899895801, -0.0, -0.107532478998958,
  0.9942015720970967, 0.0]
- [0.0, 0.0, 1.0, 0.45146120639169707, 0.8922907480879501, -0.0, -0.89229074808795,
  0.451461206391697, 0.0]
- [0.0, 0.0, 1.0, -0.15115231765021736, -0.9885104839448936, 0.0, 0.9885104839448936,
  -0.15115231765021736, 0.0]
- [0.0, 0.0, 1.0, -0.15115231765023623, -0.9885104839448907, 0.0, 0.9885104839448907,
  -0.15115231765023623, 0.0]
- [0.0, 0.0, 1.0, -0.1511523176502184, -0.9885104839448935, 0.0, 0.9885104839448935,
  -0.1511523176502184, 0.0]
- [0.0, 0.0, 1.0, -0.15115231765022805, -0.988510483944892, 0.0, 0.988510483944892,
  -0.15115231765022805, 0.0]
- [0.0, 0.0, 1.0, -0.15115231765022769, -0.988510483944892, 0.0, 0.988510483944892,
  -0.15115231765022769, 0.0]
- [0.0, 0.0, 1.0, -0.15115231765022313, -0.9885104839448928, 0.0, 0.9885104839448928,
  -0.15115231765022313, 0.0]
- [0.0, 0.0, 1.0, -0.15115231765022458, -0.9885104839448925, 0.0, 0.9885104839448925,
  -0.15115231765022458, 0.0]
- [0.0, 0.0, 1.0, -0.15115231765022769, -0.988510483944892, 0.0, 0.988510483944892,
  -0.15115231765022769, 0.0]
- [0.0, 0.0, 1.0, -0.15115231765022788, -0.988510483944892, 0.0, 0.988510483944892,
  -0.15115231765022788, 0.0]
- [0.0, 0.0, 1.0, -0.1511523176502218, -0.988510483944893, 0.0, 0.988510483944893,
  -0.1511523176502218, 0.0]
- [0.0, 0.0, 1.0, -0.15115231765023474, -0.988510483944891, 0.0, 0.9885104839448909,
  -0.1511523176502347, 0.0]
- [0.0, 0.0, 1.0, -0.15115231765022294, -0.9885104839448928, 0.0, 0.9885104839448927,
  -0.1511523176502229, 0.0]
- [0.0, 0.0, 1.0, -0.15115231765021736, -0.9885104839448936, 0.0, 0.9885104839448936,
  -0.15115231765021736, 0.0]
- [0.0, 0.0, 1.0, -0.15924298980868637, -0.9872394188831758, 0.0, 0.9872394188831758,
  -0.15924298980868637, 0.0]
- [0.0, 0.0, 1.0, -0.15924298980869267, -0.9872394188831748, 0.0, 0.9872394188831747,
  -0.15924298980869264, 0.0]
- [0.0, 0.0, 1.0, -0.15924298980869478, -0.9872394188831745, 0.0, 0.9872394188831743,
  -0.15924298980869475, 0.0]
- [0.0, 0.0, 1.0, -0.15924298980869, -0.9872394188831752, 0.0, 0.9872394188831752,
  -0.15924298980869, 0.0]
- [0.0, 0.0, 1.0, -0.15924298980869211, -0.9872394188831749, 0.0, 0.9872394188831749,
  -0.15924298980869211, 0.0]
- [0.0, 0.0, 1.0, -0.15924298980869117, -0.9872394188831751, 0.0, 0.9872394188831751,
  -0.15924298980869117, 0.0]
- [0.0, 0.0, 1.0, -0.15924298980869123, -0.987239418883175, 0.0, 0.9872394188831749,
  -0.1592429898086912, 0.0]
- [0.0, 0.0, 1.0, -0.1592429898086906, -0.9872394188831751, 0.0, 0.9872394188831751,
  -0.1592429898086906, 0.0]
- [0.0, 0.0, 1.0, -0.15924298980869264, -0.9872394188831748, 0.0, 0.9872394188831748,
  -0.15924298980869264, 0.0]
- [0.0, 0.0, 1.0, -0.15924298980868992, -0.9872394188831752, 0.0, 0.9872394188831751,
  -0.1592429898086899, 0.0]
- [0.0, 0.0, 1.0, -0.15924298980869192, -0.9872394188831749, 0.0, 0.9872394188831748,
  -0.1592429898086919, 0.0]
- [0.0, 0.0, 1.0, -0.15924298980869092, -0.9872394188831751, 0.0, 0.987239418883175,
  -0.1592429898086909, 0.0]
- [0.0, 0.0, 1.0, -0.15924298980869256, -0.9872394188831748, 0.0, 0.9872394188831748,
  -0.15924298980869256, 0.0]
- [0.0, 0.0, 1.0, -0.15924298980869106, -0.987239418883175, 0.0, 0.987239418883175,
  -0.15924298980869106, 0.0]
- [0.0, 0.0, 1.0, -0.15924298980869245, -0.9872394188831748, 0.0, 0.9872394188831748,
  -0.15924298980869245, 0.0]
- [0.0, 0.0, 1.0, -0.15924298980868923, -0.9872394188831753, 0.0, 0.9872394188831753,
  -0.15924298980868923, 0.0]
- [0.0, 0.0, 1.0, -0.15924298980869228, -0.9872394188831749, 0.0, 0.9872394188831748,
  -0.15924298980869225, 0.0]
- [0.0, 0.0, 1.0, -0.1592429898086921, -0.9872394188831749, 0.0, 0.9872394188831748,
  -0.15924298980869206, 0.0]
- [0.0, 0.0, 1.0, -0.1592429898086922, -0.9872394188831749, 0.0, 0.9872394188831749,
  -0.1592429898086922, 0.0]
- [0.0, 0.0, 1.0, -0.15924298980869267, -0.9872394188831748, 0.0, 0.9872394188831747,
  -0.15924298980869264, 0.0]
- [0.0, 0.0, 1.0, -0.15924298980868393, -0.9872394188831762, 0.0, 0.9872394188831762,
  -0.15924298980868393, 0.0]
- [0.0, 0.0, 1.0, -0.15846937608492248, -0.9873638928192865, 0.0, 0.9873638928192864,
  -0.15846937608492245, 0.0]
- [0.0, 0.0, 1.0, -0.15846937608489559, -0.9873638928192908, 0.0, 0.9873638928192907,
  -0.15846937608489556, 0.0]
- [0.0, 0.0, 1.0, -0.1584693760848955, -0.9873638928192908, 0.0, 0.9873638928192908,
  -0.1584693760848955, 0.0]
- [0.0, 0.0, 1.0, -0.15846937608488942, -0.9873638928192917, 0.0, 0.9873638928192919,
  -0.15846937608488945, 0.0]
- [0.0, 0.0, 1.0, -0.15846937608489858, -0.9873638928192904, 0.0, 0.9873638928192903,
  -0.15846937608489856, 0.0]
- [0.0, 0.0, 1.0, -0.15846937608489495, -0.9873638928192909, 0.0, 0.9873638928192908,
  -0.15846937608489492, 0.0]
- [0.0, 0.0, 1.0, -0.15846937608489672, -0.9873638928192906, 0.0, 0.9873638928192906,
  -0.15846937608489672, 0.0]
- [0.0, 0.0, 1.0, -0.15846937608489414, -0.987363892819291, 0.0, 0.9873638928192909,
  -0.15846937608489411, 0.0]
- [0.0, 0.0, 1.0, -0.15846937608489758, -0.9873638928192905, 0.0, 0.9873638928192904,
  -0.15846937608489756, 0.0]
- [0.0, 0.0, 1.0, -0.15846937608489264, -0.9873638928192913, 0.0, 0.9873638928192912,
  -0.15846937608489262, 0.0]
- [0.0, 0.0, 1.0, -0.15846937608489847, -0.9873638928192904, 0.0, 0.9873638928192904,
  -0.15846937608489847, 0.0]
- [0.0, 0.0, 1.0, -0.1584693760848948, -0.9873638928192909, 0.0, 0.9873638928192909,
  -0.1584693760848948, 0.0]
- [0.0, 0.0, 1.0, -0.15846937608489514, -0.9873638928192909, 0.0, 0.9873638928192908,
  -0.1584693760848951, 0.0]
- [0.0, 0.0, 1.0, -0.15846937608489436, -0.987363892819291, 0.0, 0.9873638928192909,
  -0.15846937608489434, 0.0]
- [0.0, 0.0, 1.0, -0.1584693760848966, -0.9873638928192906, 0.0, 0.9873638928192906,
  -0.1584693760848966, 0.0]
- [0.0, 0.0, 1.0, -0.15846937608489506, -0.9873638928192909, 0.0, 0.9873638928192908,
  -0.15846937608489503, 0.0]
- [0.0, 0.0, 1.0, -0.15846937608489797, -0.9873638928192904, 0.0, 0.9873638928192904,
  -0.15846937608489797, 0.0]
- [0.0, 0.0, 1.0, -0.1584693760848898, -0.9873638928192917, 0.0, 0.9873638928192917,
  -0.1584693760848898, 0.0]
- [0.0, 0.0, 1.0, -0.1584693760849017, -0.9873638928192898, 0.0, 0.9873638928192898,
  -0.1584693760849017, 0.0]
- [0.0, 0.0, 1.0, -0.15846937608489559, -0.9873638928192908, 0.0, 0.9873638928192907,
  -0.15846937608489556, 0.0]
- [0.0, 0.0, 1.0, -0.15846937608489223, -0.9873638928192914, 0.0, 0.9873638928192913,
  -0.1584693760848922, 0.0]
materials:
- name: carbon_uniax
  density: 1600.0
  elastic:
    E: [140000000000.0, 9100000000.0, 9100000000.0]
    G: [4131000000.0, 4131000000.0, 2689000000.0]
    nu: [0.3133, 0.3133, 0.47066]
- name: gelcoat
  density: 1235.0
  elastic:
    E: [3440000000.0, 3440000000.0, 3440000000.0]
    G: [1323000000.0, 1323000000.0, 1323000000.0]
    nu: [0.3, 0.3, 0.3]
- name: glass_biax
  density: 1940.0
  elastic:
    E: [11023100000.0, 11023100000.0, 16047700000.0]
    G: [13231400000.0, 3487480000.0, 3487480000.0]
    nu: [0.688074, 0.117173, 0.117173]
- name: glass_triax
  density: 1940.0
  elastic:
    E: [28211400000.0, 16238800000.0, 15835500000.0]
    G: [8248220000.0, 3491240000.0, 3491240000.0]
    nu: [0.497511, 0.18091, 0.27481]
- name: glass_uniax
  density: 1940.0
  elastic:
    E: [43700000000.0, 16500000000.0, 15450000000.0]
    G: [3265000000.0, 3495000000.0, 3480000000.0]
    nu: [0.262, 0.264, 0.35]
- name: medium_density_foam
  density: 130.0
  elastic:
    E: [142500000.0, 142500000.0, 142500000.0]
    G: [54000000.0, 54000000.0, 54000000.0]
    nu: [0.3194, 0.3194, 0.3194]
