nodes:
- [6.703184353 0.076264838 41.100000000]
- [6.563270762 0.111413346 41.100000000]
- [6.423240110 0.146092558 41.100000000]
- [6.283185250 0.180674043 41.100000000]
- [6.143222210 0.215624644 41.100000000]
- [6.003407314 0.251163798 41.100000000]
- [5.863684833 0.287064661 41.100000000]
- [5.732015944 0.321134994 41.100000000]
- [5.600394215 0.355387160 41.100000000]
- [5.468794970 0.389725737 41.100000000]
- [5.337192266 0.424051004 41.100000000]
- [5.205571796 0.458308138 41.100000000]
- [5.073924941 0.492463744 41.100000000]
- [4.942233885 0.526448319 41.100000000]
- [4.810491517 0.560233608 41.100000000]
- [4.678646650 0.593616320 41.100000000]
- [4.546721438 0.626680317 41.100000000]
- [4.414678804 0.659272081 41.100000000]
- [4.282533433 0.691444587 41.100000000]
- [4.150238686 0.722997536 41.100000000]
- [4.148380969 0.723437438 41.100000000]
- [4.111222292 0.732217180 41.100000000]
- [4.109364277 0.732655822 41.100000000]
- [3.982638989 0.762098525 41.100000000]
- [3.855792503 0.791015504 41.100000000]
- [3.728762773 0.819114452 41.100000000]
- [3.601600586 0.846609769 41.100000000]
- [3.474229001 0.873115649 41.100000000]
- [3.346705724 0.898884056 41.100000000]
- [3.218930823 0.923372789 41.100000000]
- [3.090984518 0.946949873 41.100000000]
- [2.962731165 0.968794296 41.100000000]
- [2.834281671 0.989451753 41.100000000]
- [2.705509302 1.007992711 41.100000000]
- [2.576534625 1.025057202 41.100000000]
- [2.447266446 1.039746800 41.100000000]
- [2.317779744 1.052324829 41.100000000]
- [2.240636854 1.058478263 41.100000000]
- [2.238733327 1.058623912 41.100000000]
- [2.200654869 1.061429730 41.100000000]
- [2.198750615 1.061565542 41.100000000]
- [2.072927503 1.068793595 41.100000000]
- [1.946974402 1.073327372 41.100000000]
- [1.820949903 1.074344971 41.100000000]
- [1.694935836 1.072235539 41.100000000]
- [1.569080265 1.065579374 41.100000000]
- [1.443508225 1.054965456 41.100000000]
- [1.441611368 1.054749671 41.100000000]
- [1.403681428 1.050372368 41.100000000]
- [1.401785877 1.050145402 41.100000000]
- [1.328633151 1.040759961 41.100000000]
- [1.228475065 1.024380685 41.100000000]
- [1.128939726 1.004507947 41.100000000]
- [1.030438518 0.980066703 41.100000000]
- [0.932937378 0.951875878 41.100000000]
- [0.837048587 0.918620001 41.100000000]
- [0.742754793 0.881105367 41.100000000]
- [0.650807661 0.838130010 41.100000000]
- [0.561523991 0.789907059 41.100000000]
- [0.475155949 0.736620745 41.100000000]
- [0.392936586 0.677113532 41.100000000]
- [0.315238859 0.611856864 41.100000000]
- [0.242666735 0.540956938 41.100000000]
- [0.176370064 0.464147725 41.100000000]
- [0.117827978 0.381248007 41.100000000]
- [0.068786265 0.292407011 41.100000000]
- [0.020564321 0.152069153 41.100000000]
- [0.000351284 0.005004137 41.100000000]
- [0.021252658 -0.141853724 41.100000000]
- [0.074409149 -0.280383294 41.100000000]
- [0.132414328 -0.376080752 41.100000000]
- [0.200920192 -0.464599457 41.100000000]
- [0.278097149 -0.545692769 41.100000000]
- [0.362196358 -0.619603707 41.100000000]
- [0.451904412 -0.686603679 41.100000000]
- [0.546060456 -0.747159301 41.100000000]
- [0.643795000 -0.801766984 41.100000000]
- [0.744672312 -0.850373382 41.100000000]
- [0.848171685 -0.893077870 41.100000000]
- [0.953492318 -0.931083406 41.100000000]
- [1.060603362 -0.963747649 41.100000000]
- [1.169034997 -0.991658792 41.100000000]
- [1.205971235 -1.000021469 41.100000000]
- [1.207834294 -1.000438170 41.100000000]
- [1.245131674 -1.008607970 41.100000000]
- [1.246997250 -1.009013257 41.100000000]
- [1.370465692 -1.031501194 41.100000000]
- [1.494704869 -1.049324479 41.100000000]
- [1.619615503 -1.061614113 41.100000000]
- [1.744863751 -1.069621998 41.100000000]
- [1.870334155 -1.073035765 41.100000000]
- [1.995834476 -1.071919423 41.100000000]
- [1.997742836 -1.071866586 41.100000000]
- [2.035907368 -1.070723360 41.100000000]
- [2.037815368 -1.070658823 41.100000000]
- [2.154048199 -1.065213445 41.100000000]
- [2.289648825 -1.053893542 41.100000000]
- [2.424849375 -1.038600835 41.100000000]
- [2.559510154 -1.019043980 41.100000000]
- [2.693472112 -0.995221688 41.100000000]
- [2.826814319 -0.968097187 41.100000000]
- [2.959201658 -0.936651007 41.100000000]
- [3.090894927 -0.902409769 41.100000000]
- [3.221559363 -0.864426513 41.100000000]
- [3.351554934 -0.824217124 41.100000000]
- [3.480575534 -0.780973227 41.100000000]
- [3.608989897 -0.735966724 41.100000000]
- [3.736596833 -0.688712749 41.100000000]
- [3.863687211 -0.640088870 41.100000000]
- [3.990252916 -0.590112131 41.100000000]
- [3.992026337 -0.589405305 41.100000000]
- [4.027489286 -0.575255029 41.100000000]
- [4.029262172 -0.574546859 41.100000000]
- [4.155540691 -0.523708156 41.100000000]
- [4.281707097 -0.472591502 41.100000000]
- [4.407996231 -0.421778998 41.100000000]
- [4.534467364 -0.371421651 41.100000000]
- [4.661495412 -0.322487357 41.100000000]
- [4.789049972 -0.274946161 41.100000000]
- [4.917540642 -0.229994059 41.100000000]
- [5.046834245 -0.187427054 41.100000000]
- [5.177146710 -0.148069699 41.100000000]
- [5.308617816 -0.112816535 41.100000000]
- [5.441038039 -0.081292649 41.100000000]
- [5.574549987 -0.054751463 41.100000000]
- [5.708904058 -0.032936879 41.100000000]
- [5.843998708 -0.016311904 41.100000000]
- [5.987841570 -0.005464139 41.100000000]
- [6.132046798 -0.002040643 41.100000000]
- [6.276232301 -0.006028631 41.100000000]
- [6.419991141 -0.017743406 41.100000000]
- [6.562545250 -0.039591250 41.100000000]
- [4.109490483 0.713015206 41.100000000]
- [4.104395703 0.656525234 41.100000000]
- [4.096234041 0.566030255 41.100000000]
- [4.085479825 0.446789509 41.100000000]
- [4.072758049 0.305732834 41.100000000]
- [4.058808057 0.151057931 41.100000000]
- [4.044440572 -0.008246056 41.100000000]
- [4.030490581 -0.162920958 41.100000000]
- [4.017768805 -0.303977633 41.100000000]
- [4.007014588 -0.423218380 41.100000000]
- [3.998852927 -0.513713359 41.100000000]
- [3.993758146 -0.570203331 41.100000000]
- [1.402587703 1.038919438 41.100000000]
- [1.399330959 1.004816489 41.100000000]
- [1.393983947 0.948825323 41.100000000]
- [1.386666109 0.872196692 41.100000000]
- [1.377540915 0.776642351 41.100000000]
- [1.366812207 0.664296827 41.100000000]
- [1.354719645 0.537669733 41.100000000]
- [1.341533357 0.399589710 41.100000000]
- [1.327547905 0.253141237 41.100000000]
- [1.313075699 0.101595731 41.100000000]
- [1.298440024 -0.051661533 41.100000000]
- [1.283967818 -0.203207039 41.100000000]
- [1.269982365 -0.349655512 41.100000000]
- [1.256796078 -0.487735536 41.100000000]
- [1.244703516 -0.614362629 41.100000000]
- [1.233974807 -0.726708153 41.100000000]
- [1.224849613 -0.822262494 41.100000000]
- [1.217531776 -0.898891125 41.100000000]
- [1.212184763 -0.954882291 41.100000000]
- [1.208928019 -0.988985240 41.100000000]
- [2.199521689 1.049516152 41.100000000]
- [2.196147463 1.014041546 41.100000000]
- [2.190607565 0.955798356 41.100000000]
- [2.183025747 0.876087639 41.100000000]
- [2.173571375 0.776690001 41.100000000]
- [2.162455644 0.659825821 41.100000000]
- [2.149926861 0.528105651 41.100000000]
- [2.136264897 0.384471903 41.100000000]
- [2.121774940 0.232133117 41.100000000]
- [2.106780670 0.074492289 41.100000000]
- [2.091617035 -0.084929144 41.100000000]
- [2.076622765 -0.242569972 41.100000000]
- [2.062132807 -0.394908758 41.100000000]
- [2.048470844 -0.538542507 41.100000000]
- [2.035942061 -0.670262676 41.100000000]
- [2.024826329 -0.787126857 41.100000000]
- [2.015371958 -0.886524494 41.100000000]
- [2.007790140 -0.966235211 41.100000000]
- [2.002250242 -1.024478401 41.100000000]
- [1.998876016 -1.059953007 41.100000000]
elements:
- [1 2]
- [2 3]
- [3 4]
- [4 5]
- [5 6]
- [6 7]
- [7 8]
- [8 9]
- [9 10]
- [10 11]
- [11 12]
- [12 13]
- [13 14]
- [14 15]
- [15 16]
- [16 17]
- [17 18]
- [18 19]
- [19 20]
- [20 21]
- [21 22]
- [22 23]
- [23 24]
- [24 25]
- [25 26]
- [26 27]
- [27 28]
- [28 29]
- [29 30]
- [30 31]
- [31 32]
- [32 33]
- [33 34]
- [34 35]
- [35 36]
- [36 37]
- [37 38]
- [38 39]
- [39 40]
- [40 41]
- [41 42]
- [42 43]
- [43 44]
- [44 45]
- [45 46]
- [46 47]
- [47 48]
- [48 49]
- [49 50]
- [50 51]
- [51 52]
- [52 53]
- [53 54]
- [54 55]
- [55 56]
- [56 57]
- [57 58]
- [58 59]
- [59 60]
- [60 61]
- [61 62]
- [62 63]
- [63 64]
- [64 65]
- [65 66]
- [66 67]
- [67 68]
- [68 69]
- [69 70]
- [70 71]
- [71 72]
- [72 73]
- [73 74]
- [74 75]
- [75 76]
- [76 77]
- [77 78]
- [78 79]
- [79 80]
- [80 81]
- [81 82]
- [82 83]
- [83 84]
- [84 85]
- [85 86]
- [86 87]
- [87 88]
- [88 89]
- [89 90]
- [90 91]
- [91 92]
- [92 93]
- [93 94]
- [94 95]
- [95 96]
- [96 97]
- [97 98]
- [98 99]
- [99 100]
- [100 101]
- [101 102]
- [102 103]
- [103 104]
- [104 105]
- [105 106]
- [106 107]
- [107 108]
- [108 109]
- [109 110]
- [110 111]
- [111 112]
- [112 113]
- [113 114]
- [114 115]
- [115 116]
- [116 117]
- [117 118]
- [118 119]
- [119 120]
- [120 121]
- [121 122]
- [122 123]
- [123 124]
- [124 125]
- [125 126]
- [126 127]
- [127 128]
- [128 129]
- [129 130]
- [130 131]
- [131 132]
- [132 1]
- [22 133]
- [133 134]
- [134 135]
- [135 136]
- [136 137]
- [137 138]
- [138 139]
- [139 140]
- [140 141]
- [141 142]
- [142 143]
- [143 144]
- [144 111]
- [49 145]
- [145 146]
- [146 147]
- [147 148]
- [148 149]
- [149 150]
- [150 151]
- [151 152]
- [152 153]
- [153 154]
- [154 155]
- [155 156]
- [156 157]
- [157 158]
- [158 159]
- [159 160]
- [160 161]
- [161 162]
- [162 163]
- [163 164]
- [164 84]
- [40 165]
- [165 166]
- [166 167]
- [167 168]
- [168 169]
- [169 170]
- [170 171]
- [171 172]
- [172 173]
- [173 174]
- [174 175]
- [175 176]
- [176 177]
- [177 178]
- [178 179]
- [179 180]
- [180 181]
- [181 182]
- [182 183]
- [183 184]
- [184 93]
sets:
  element:
  - name: layup_0
    labels: [1, 2, 3, 4, 5, 6, 127, 128, 129, 130, 131, 132]
  - name: layup_1
    labels: [7, 8, 9, 10, 11, 12, 13, 14, 15, 16, 17, 18, 19, 20, 21, 22, 23, 24,
      25, 26, 27, 28, 29, 30, 31, 32, 33, 34, 35, 36, 51, 52, 53, 54, 55, 56, 57,
      58, 59, 60, 61, 62, 63, 64, 65, 70, 71, 72, 73, 74, 75, 76, 77, 78, 79, 80,
      81, 96, 97, 98, 99, 100, 101, 102, 103, 104, 105, 106, 107, 108, 109, 110, 111,
      112, 113, 114, 115, 116, 117, 118, 119, 120, 121, 122, 123, 124, 125, 126]
  - name: layup_2
    labels: [37, 38, 39, 40, 41, 42, 43, 44, 45, 46, 47, 48, 49, 50]
  - name: layup_3
    labels: [66, 67, 68, 69]
  - name: layup_4
    labels: [82, 83, 84, 85, 86, 87, 88, 89, 90, 91, 92, 93, 94, 95]
  - name: layup_5
    labels: [133, 134, 135, 136, 137, 138, 139, 140, 141, 142, 143, 144, 145, 146,
      147, 148, 149, 150, 151, 152, 153, 154, 155, 156, 157, 158, 159, 160, 161, 162,
      163, 164, 165, 166, 167, 168, 169, 170, 171, 172, 173, 174, 175, 176, 177, 178,
      179, 180, 181, 182, 183, 184, 185, 186, 187]
sections:
- type: shell
  elementSet: layup_0
  layup:
  - [gelcoat, 0.0005, 0.0]
  - [glass_triax, 0.003, 0.0]
  - [glass_uniax, 0.02207101, 0.0]
  - [glass_triax, 0.003, 0.0]
- type: shell
  elementSet: layup_1
  layup:
  - [gelcoat, 0.0005, 0.0]
  - [glass_triax, 0.003, 0.0]
  - [medium_density_foam, 0.06125, 0.0]
  - [glass_triax, 0.003, 0.0]
- type: shell
  elementSet: layup_2
  layup:
  - [gelcoat, 0.0005, 0.0]
  - [glass_triax, 0.003, 0.0]
  - [carbon_uniax, 0.07904335, 0.0]
  - [glass_triax, 0.003, 0.0]
- type: shell
  elementSet: layup_3
  layup:
  - [gelcoat, 0.0005, 0.0]
  - [glass_triax, 0.003, 0.0]
  - [glass_uniax, 0.01806213, 0.0]
  - [glass_triax, 0.003, 0.0]
- type: shell
  elementSet: layup_4
  layup:
  - [gelcoat, 0.0005, 0.0]
  - [glass_triax, 0.003, 0.0]
  - [carbon_uniax, 0.07638653, 0.0]
  - [glass_triax, 0.003, 0.0]
- type: shell
  elementSet: layup_5
  layup:
  - [glass_biax, 0.002, 0.0]
  - [medium_density_foam, 0.038, 0.0]
  - [glass_biax, 0.002, 0.0]
elementOrientations:
- [0.0, 0.0, 1.0, -0.7094068676940279, 0.7047991884704098, 0.0, -0.7047991884704097,
  -0.7094068676940278, 0.0]
- [0.0, 0.0, 1.0, -0.9611721396218904, 0.2759494845341758, 0.0, -0.2759494845341757,
  -0.9611721396218903, 0.0]
- [0.0, 0.0, 1.0, -0.9623537106001582, 0.2718001760376677, 0.0, -0.27180017603766765,
  -0.9623537106001581, 0.0]
- [0.0, 0.0, 1.0, -0.9627018208351183, 0.2705646025642449, 0.0, -0.2705646025642449,
  -0.9627018208351183, 0.0]
- [0.0, 0.0, 1.0, -0.9623684917382979, 0.27174783551916976, 0.0, -0.27174783551916976,
  -0.9623684917382979, 0.0]
- [0.0, 0.0, 1.0, -0.9619265806716899, 0.27330798268120676, 0.0, -0.27330798268120676,
  -0.9619265806716899, 0.0]
- [0.0, 0.0, 1.0, -0.9616616849366016, 0.2742385890513885, 0.0, -0.2742385890513885,
  -0.9616616849366016, 0.0]
- [0.0, 0.0, 1.0, -0.9614953301820773, 0.2748212692606927, 0.0, -0.2748212692606927,
  -0.9614953301820773, 0.0]
- [0.0, 0.0, 1.0, -0.9613937460233334, 0.27517642542053367, 0.0, -0.27517642542053367,
  -0.9613937460233334, 0.0]
- [0.0, 0.0, 1.0, -0.9613945159029016, 0.2751737356504536, 0.0, -0.27517373565045355,
  -0.9613945159029015, 0.0]
- [0.0, 0.0, 1.0, -0.9615097320410422, 0.27477087762418245, 0.0, -0.2747708776241824,
  -0.9615097320410421, 0.0]
- [0.0, 0.0, 1.0, -0.9616925279744856, 0.2741304099111285, 0.0, -0.2741304099111285,
  -0.9616925279744856, 0.0]
- [0.0, 0.0, 1.0, -0.9619612149495926, 0.27318605552389325, 0.0, -0.2731860555238932,
  -0.9619612149495925, 0.0]
- [0.0, 0.0, 1.0, -0.9623087737949685, 0.2719592320132271, 0.0, -0.2719592320132271,
  -0.9623087737949685, 0.0]
- [0.0, 0.0, 1.0, -0.9627426227301149, 0.2704193824021119, 0.0, -0.2704193824021119,
  -0.9627426227301149, 0.0]
- [0.0, 0.0, 1.0, -0.9632862704265244, 0.2684763699243512, 0.0, -0.2684763699243512,
  -0.9632862704265244, 0.0]
- [0.0, 0.0, 1.0, -0.9638745708105085, 0.2663565500318284, 0.0, -0.2663565500318284,
  -0.9638745708105085, 0.0]
- [0.0, 0.0, 1.0, -0.9645401822047323, 0.2639360470122674, 0.0, -0.2639360470122674,
  -0.9645401822047323, 0.0]
- [0.0, 0.0, 1.0, -0.9652889890579639, 0.26118416415137846, 0.0, -0.26118416415137846,
  -0.9652889890579639, 0.0]
- [0.0, 0.0, 1.0, -0.9659138411975984, 0.25886376993102145, 0.0, -0.25886376993102145,
  -0.9659138411975984, 0.0]
- [0.0, 0.0, 1.0, -0.9661600678648804, 0.2579432558981328, 0.0, -0.2579432558981328,
  -0.9661600678648804, 0.0]
- [0.0, 0.0, 1.0, -0.9661744303004978, 0.25788945351353304, 0.0, -0.257889453513533,
  -0.9661744303004977, 0.0]
- [0.0, 0.0, 1.0, -0.966552334396451, 0.25646946187172276, 0.0, -0.25646946187172276,
  -0.966552334396451, 0.0]
- [0.0, 0.0, 1.0, -0.9674301066195465, 0.2531382800093515, 0.0, -0.2531382800093515,
  -0.9674301066195465, 0.0]
- [0.0, 0.0, 1.0, -0.9685230721027092, 0.24892380120175406, 0.0, -0.24892380120175406,
  -0.9685230721027092, 0.0]
- [0.0, 0.0, 1.0, -0.9697343675849726, 0.24416235648554296, 0.0, -0.24416235648554296,
  -0.9697343675849726, 0.0]
- [0.0, 0.0, 1.0, -0.971072148862941, 0.23878626782692133, 0.0, -0.2387862678269213,
  -0.9710721488629409, 0.0]
- [0.0, 0.0, 1.0, -0.9725452088352383, 0.23271402358178314, 0.0, -0.23271402358178314,
  -0.9725452088352383, 0.0]
- [0.0, 0.0, 1.0, -0.9741715332698454, 0.22580926412943855, 0.0, -0.22580926412943855,
  -0.9741715332698454, 0.0]
- [0.0, 0.0, 1.0, -0.9759541228740811, 0.2179760308957915, 0.0, -0.2179760308957915,
  -0.9759541228740811, 0.0]
- [0.0, 0.0, 1.0, -0.9778833089303463, 0.20915122307898898, 0.0, -0.20915122307898898,
  -0.9778833089303463, 0.0]
- [0.0, 0.0, 1.0, -0.9799365413261631, 0.19930974630889736, 0.0, -0.19930974630889733,
  -0.979936541326163, 0.0]
- [0.0, 0.0, 1.0, -0.9821237578757765, 0.1882363520045027, 0.0, -0.1882363520045027,
  -0.9821237578757765, 0.0]
- [0.0, 0.0, 1.0, -0.9843872090498816, 0.17601654086756952, 0.0, -0.1760165408675695,
  -0.9843872090498815, 0.0]
- [0.0, 0.0, 1.0, -0.9867415263343838, 0.16229960014519645, 0.0, -0.16229960014519643,
  -0.9867415263343837, 0.0]
- [0.0, 0.0, 1.0, -0.9890805728401328, 0.1473757796594637, 0.0, -0.14737577965946366,
  -0.9890805728401327, 0.0]
- [0.0, 0.0, 1.0, -0.9904943784971841, 0.1375532121234433, 0.0, -0.1375532121234433,
  -0.9904943784971841, 0.0]
- [0.0, 0.0, 1.0, -0.9908323040784575, 0.13509753955781462, 0.0, -0.13509753955781462,
  -0.9908323040784575, 0.0]
- [0.0, 0.0, 1.0, -0.9908616644301023, 0.1348820297994046, 0.0, -0.1348820297994046,
  -0.9908616644301023, 0.0]
- [0.0, 0.0, 1.0, -0.9916483393296451, 0.12897120261809292, 0.0, -0.12897120261809292,
  -0.9916483393296451, 0.0]
- [0.0, 0.0, 1.0, -0.9934100940429064, 0.1146140700510365, 0.0, -0.1146140700510365,
  -0.9934100940429064, 0.0]
- [0.0, 0.0, 1.0, -0.9953706172008177, 0.09611105250315073, 0.0, -0.09611105250315073,
  -0.9953706172008177, 0.0]
- [0.0, 0.0, 1.0, -0.9971128734533585, 0.07593363940696327, 0.0, -0.07593363940696327,
  -0.9971128734533585, 0.0]
- [0.0, 0.0, 1.0, -0.9985617805640072, 0.05361315507260806, 0.0, -0.053613155072608054,
  -0.9985617805640071, 0.0]
- [0.0, 0.0, 1.0, -0.9995682311837026, 0.02938283866960348, 0.0, -0.02938283866960348,
  -0.9995682311837026, 0.0]
- [0.0, 0.0, 1.0, -0.9999834131795166, 0.005759632440047414, 0.0, -0.005759632440047413,
  -0.9999834131795164, 0.0]
- [0.0, 0.0, 1.0, -0.9998826950229756, -0.015316533341172747, 0.0, 0.015316533341172747,
  -0.9998826950229756, 0.0]
- [0.0, 0.0, 1.0, -0.9995829672962019, -0.028877179421132115, 0.0, 0.028877179421132115,
  -0.9995829672962019, 0.0]
- [0.0, 0.0, 1.0, -0.9993583372417353, -0.03581778588123701, 0.0, 0.035817785881237005,
  -0.9993583372417352, 0.0]
- [0.0, 0.0, 1.0, -0.999088489494338, -0.04268711936781494, 0.0, 0.04268711936781494,
  -0.999088489494338, 0.0]
- [0.0, 0.0, 1.0, -0.998085221460472, -0.06185378486560552, 0.0, 0.06185378486560552,
  -0.998085221460472, 0.0]
- [0.0, 0.0, 1.0, -0.9948541346148323, -0.10131757419013392, 0.0, 0.1013175741901339,
  -0.9948541346148322, 0.0]
- [0.0, 0.0, 1.0, -0.9888750299073689, -0.1487486982319525, 0.0, 0.1487486982319525,
  -0.9888750299073689, 0.0]
- [0.0, 0.0, 1.0, -0.9805069900092391, -0.19648420430920585, 0.0, 0.19648420430920585,
  -0.9805069900092391, 0.0]
- [0.0, 0.0, 1.0, -0.9675113897956156, -0.25282743248262546, 0.0, 0.25282743248262546,
  -0.9675113897956156, 0.0]
- [0.0, 0.0, 1.0, -0.9483508566672524, -0.31722334822406845, 0.0, 0.31722334822406845,
  -0.9483508566672524, 0.0]
- [0.0, 0.0, 1.0, -0.9246399567153004, -0.38084242206656477, 0.0, 0.38084242206656477,
  -0.9246399567153004, 0.0]
- [0.0, 0.0, 1.0, -0.8950558933225428, -0.44595397501153083, 0.0, 0.44595397501153083,
  -0.8950558933225428, 0.0]
- [0.0, 0.0, 1.0, -0.8560862602050607, -0.5168329663325599, 0.0, 0.5168329663325599,
  -0.8560862602050607, 0.0]
- [0.0, 0.0, 1.0, -0.8036827805646227, -0.5950579704733957, 0.0, 0.5950579704733956,
  -0.8036827805646226, 0.0]
- [0.0, 0.0, 1.0, -0.7368866210385905, -0.6760163516767392, 0.0, 0.6760163516767392,
  -0.7368866210385905, 0.0]
- [0.0, 0.0, 1.0, -0.6601508173918982, -0.7511330762899533, 0.0, 0.7511330762899533,
  -0.6601508173918982, 0.0]
- [0.0, 0.0, 1.0, -0.5722101314930246, -0.8201070450963921, 0.0, 0.8201070450963921,
  -0.5722101314930246, 0.0]
- [0.0, 0.0, 1.0, -0.4707302030173592, -0.8822772103864158, 0.0, 0.8822772103864157,
  -0.47073020301735913, 0.0]
- [0.0, 0.0, 1.0, -0.34772251446302044, -0.9375974898299987, 0.0, 0.9375974898299987,
  -0.34772251446302044, 0.0]
- [0.0, 0.0, 1.0, -0.2153551180983415, -0.9765358022667933, 0.0, 0.9765358022667932,
  -0.21535511809834149, 0.0]
- [0.0, 0.0, 1.0, -0.08622453884228388, -0.9962757293547985, 0.0, 0.9962757293547985,
  -0.08622453884228388, 0.0]
- [0.0, 0.0, 1.0, 0.05386270932531258, -0.9985483506291205, 0.0, 0.9985483506291205,
  0.05386270932531258, 0.0]
- [0.0, 0.0, 1.0, 0.20009139519538816, -0.9797772367067746, 0.0, 0.9797772367067745,
  0.20009139519538813, 0.0]
- [0.0, 0.0, 1.0, 0.3482380751384584, -0.937406124912709, 0.0, 0.937406124912709,
  0.3482380751384584, 0.0]
- [0.0, 0.0, 1.0, 0.4840326752618332, -0.8750499238779882, 0.0, 0.8750499238779881,
  0.48403267526183313, 0.0]
- [0.0, 0.0, 1.0, 0.5976071602976283, -0.8017890507864304, 0.0, 0.8017890507864303,
  0.5976071602976282, 0.0]
- [0.0, 0.0, 1.0, 0.6917906018299164, -0.7220981673012349, 0.0, 0.7220981673012349,
  0.6917906018299164, 0.0]
- [0.0, 0.0, 1.0, 0.7664574366067373, -0.6422951018575725, 0.0, 0.6422951018575724,
  0.7664574366067372, 0.0]
- [0.0, 0.0, 1.0, 0.8260446982632282, -0.5636046100514192, 0.0, 0.5636046100514192,
  0.8260446982632282, 0.0]
- [0.0, 0.0, 1.0, 0.8723215929825794, -0.4889325499660818, 0.0, 0.4889325499660818,
  0.8723215929825794, 0.0]
- [0.0, 0.0, 1.0, 0.9069905958831507, -0.42115087436633364, 0.0, 0.4211508743663336,
  0.9069905958831506, 0.0]
- [0.0, 0.0, 1.0, 0.9323374219912512, -0.3615894516640489, 0.0, 0.3615894516640489,
  0.9323374219912512, 0.0]
- [0.0, 0.0, 1.0, 0.951103007516631, -0.30887387246709513, 0.0, 0.30887387246709513,
  0.951103007516631, 0.0]
- [0.0, 0.0, 1.0, 0.9662847345071822, -0.25747584713596794, 0.0, 0.25747584713596794,
  0.9662847345071822, 0.0]
- [0.0, 0.0, 1.0, 0.9764361063851501, -0.21580669625247487, 0.0, 0.21580669625247484,
  0.97643610638515, 0.0]
- [0.0, 0.0, 1.0, 0.9814888382591289, -0.19151934725438488, 0.0, 0.19151934725438485,
  0.9814888382591288, 0.0]
- [0.0, 0.0, 1.0, 0.9846905777978766, -0.17431140523810798, 0.0, 0.17431140523810798,
  0.9846905777978766, 0.0]
- [0.0, 0.0, 1.0, 0.9873780774968124, -0.15838097132767848, 0.0, 0.15838097132767848,
  0.9873780774968124, 0.0]
- [0.0, 0.0, 1.0, 0.9896282394815425, -0.14365217582989415, 0.0, 0.14365217582989415,
  0.9896282394815425, 0.0]
- [0.0, 0.0, 1.0, 0.9917531618251821, -0.1281626545049458, 0.0, 0.1281626545049458,
  0.9917531618251821, 0.0]
- [0.0, 0.0, 1.0, 0.9945862446061136, -0.10391439765647514, 0.0, 0.10391439765647514,
  0.9945862446061136, 0.0]
- [0.0, 0.0, 1.0, 0.9976134991788499, -0.06904568238587329, 0.0, 0.06904568238587329,
  0.9976134991788499, 0.0]
- [0.0, 0.0, 1.0, 0.9994027578826468, -0.03455615048815328, 0.0, 0.034556150488153276,
  0.9994027578826467, 0.0]
- [0.0, 0.0, 1.0, 0.9999983343835538, -0.001825165778286451, 0.0, 0.001825165778286451,
  0.9999983343835538, 0.0]
- [0.0, 0.0, 1.0, 0.9995524405391965, 0.029915190324251825, -0.0, -0.029915190324251825,
  0.9995524405391965, 0.0]
- [0.0, 0.0, 1.0, 0.9989434231249517, 0.04595690802701947, -0.0, -0.04595690802701946,
  0.9989434231249515, 0.0]
- [0.0, 0.0, 1.0, 0.9988611415318606, 0.047711842740229785, -0.0, -0.047711842740229785,
  0.9988611415318606, 0.0]
- [0.0, 0.0, 1.0, 0.998644956301646, 0.05204086138107085, -0.0, -0.05204086138107085,
  0.998644956301646, 0.0]
- [0.0, 0.0, 1.0, 0.997537808843525, 0.07013073454384236, -0.0, -0.07013073454384235,
  0.9975378088435249, 0.0]
- [0.0, 0.0, 1.0, 0.9948864404601017, 0.10099985439904707, -0.0, -0.10099985439904707,
  0.9948864404601017, 0.0]
- [0.0, 0.0, 1.0, 0.9913097917837532, 0.13154807757489978, -0.0, -0.13154807757489978,
  0.9913097917837532, 0.0]
- [0.0, 0.0, 1.0, 0.98685077601809, 0.16163398736804607, -0.0, -0.16163398736804607,
  0.98685077601809, 0.0]
- [0.0, 0.0, 1.0, 0.9814755126889425, 0.1915876248403784, -0.0, -0.19158762484037836,
  0.9814755126889424, 0.0]
- [0.0, 0.0, 1.0, 0.9755617711534877, 0.21972535280178762, -0.0, -0.21972535280178762,
  0.9755617711534877, 0.0]
- [0.0, 0.0, 1.0, 0.9688504135849528, 0.24764667592411962, -0.0, -0.24764667592411962,
  0.9688504135849528, 0.0]
- [0.0, 0.0, 1.0, 0.962320379789598, 0.27191816166193095, -0.0, -0.27191816166193095,
  0.962320379789598, 0.0]
- [0.0, 0.0, 1.0, 0.955927382447319, 0.2936032007445035, -0.0, -0.29360320074450347,
  0.9559273824473189, 0.0]
- [0.0, 0.0, 1.0, 0.949816328457019, 0.31280815557850844, -0.0, -0.3128081555785084,
  0.9498163284570189, 0.0]
- [0.0, 0.0, 1.0, 0.9440518307443091, 0.32979712077020684, -0.0, -0.32979712077020684,
  0.9440518307443091, 0.0]
- [0.0, 0.0, 1.0, 0.9385521999992238, 0.34513731742107684, -0.0, -0.34513731742107684,
  0.9385521999992238, 0.0]
- [0.0, 0.0, 1.0, 0.9335333825822835, 0.3584904790987902, -0.0, -0.35849047909879017,
  0.9335333825822834, 0.0]
- [0.0, 0.0, 1.0, 0.9290779160623208, 0.36988407087261155, -0.0, -0.36988407087261155,
  0.9290779160623208, 0.0]
- [0.0, 0.0, 1.0, 0.9258939740769371, 0.3777834680978195, -0.0, -0.3777834680978195,
  0.9258939740769371, 0.0]
- [0.0, 0.0, 1.0, 0.9246395728888858, 0.3808433539499657, -0.0, -0.3808433539499657,
  0.9246395728888858, 0.0]
- [0.0, 0.0, 1.0, 0.9246111049364437, 0.38091246320934263, -0.0, -0.3809124632093426,
  0.9246111049364436, 0.0]
- [0.0, 0.0, 1.0, 0.9237455561082737, 0.3830067200066029, -0.0, -0.38300672000660285,
  0.9237455561082736, 0.0]
- [0.0, 0.0, 1.0, 0.9217522092212479, 0.3877794022324406, -0.0, -0.38777940223244056,
  0.9217522092212478, 0.0]
- [0.0, 0.0, 1.0, 0.9203089157785446, 0.39119240731195176, -0.0, -0.3911924073119517,
  0.9203089157785445, 0.0]
- [0.0, 0.0, 1.0, 0.9200474271682074, 0.3918070083104208, -0.0, -0.3918070083104208,
  0.9200474271682074, 0.0]
- [0.0, 0.0, 1.0, 0.9213392467540316, 0.38875955601208545, -0.0, -0.3887595560120854,
  0.9213392467540314, 0.0]
- [0.0, 0.0, 1.0, 0.9243747206037152, 0.3814857479759939, -0.0, -0.3814857479759939,
  0.9243747206037152, 0.0]
- [0.0, 0.0, 1.0, 0.9286856744921375, 0.3708677904497556, -0.0, -0.37086779044975554,
  0.9286856744921373, 0.0]
- [0.0, 0.0, 1.0, 0.93473697043592, 0.3553403946925794, -0.0, -0.3553403946925794,
  0.93473697043592, 0.0]
- [0.0, 0.0, 1.0, 0.9415634613368877, 0.3368356398531771, -0.0, -0.3368356398531771,
  0.9415634613368877, 0.0]
- [0.0, 0.0, 1.0, 0.9494483156664683, 0.3139233917345226, -0.0, -0.3139233917345226,
  0.9494483156664683, 0.0]
- [0.0, 0.0, 1.0, 0.9581846264344838, 0.28615069747356714, -0.0, -0.28615069747356714,
  0.9581846264344838, 0.0]
- [0.0, 0.0, 1.0, 0.966196163452084, 0.25780801719588486, -0.0, -0.25780801719588486,
  0.966196163452084, 0.0]
- [0.0, 0.0, 1.0, 0.9747573276579372, 0.22326699751005938, -0.0, -0.22326699751005938,
  0.9747573276579372, 0.0]
- [0.0, 0.0, 1.0, 0.9833015861430137, 0.18198349015400694, -0.0, -0.18198349015400694,
  0.9833015861430137, 0.0]
- [0.0, 0.0, 1.0, 0.9902585311315291, 0.13924094771735274, -0.0, -0.13924094771735274,
  0.9902585311315291, 0.0]
- [0.0, 0.0, 1.0, 0.9958831148017143, 0.09064668583481524, -0.0, -0.09064668583481522,
  0.9958831148017142, 0.0]
- [0.0, 0.0, 1.0, 0.999388759346372, 0.03495865689810841, -0.0, -0.034958656898108405,
  0.9993887593463718, 0.0]
- [0.0, 0.0, 1.0, 0.9997119484797536, -0.024000418054992294, 0.0, 0.024000418054992294,
  0.9997119484797536, 0.0]
- [0.0, 0.0, 1.0, 0.9957844752732858, -0.09172392711123269, 0.0, 0.09172392711123269,
  0.9957844752732858, 0.0]
- [0.0, 0.0, 1.0, 0.9942015720970968, 0.10753247899895801, -0.0, -0.107532478998958,
  0.9942015720970967, 0.0]
- [0.0, 0.0, 1.0, 0.45146120639169707, 0.8922907480879501, -0.0, -0.89229074808795,
  0.451461206391697, 0.0]
- [0.0, 0.0, 1.0, -0.08982452950531697, -0.9959576064768764, 0.0, 0.9959576064768763,
  -0.08982452950531696, 0.0]
- [0.0, 0.0, 1.0, -0.08982452950529442, -0.9959576064768785, 0.0, 0.9959576064768785,
  -0.08982452950529442, 0.0]
- [0.0, 0.0, 1.0, -0.08982452950530129, -0.9959576064768778, 0.0, 0.9959576064768776,
  -0.08982452950530127, 0.0]
- [0.0, 0.0, 1.0, -0.08982452950530136, -0.9959576064768778, 0.0, 0.9959576064768777,
  -0.08982452950530134, 0.0]
- [0.0, 0.0, 1.0, -0.08982452950530265, -0.9959576064768777, 0.0, 0.9959576064768776,
  -0.08982452950530263, 0.0]
- [0.0, 0.0, 1.0, -0.08982452950530367, -0.9959576064768776, 0.0, 0.9959576064768776,
  -0.08982452950530367, 0.0]
- [0.0, 0.0, 1.0, -0.08982452950530548, -0.9959576064768775, 0.0, 0.9959576064768775,
  -0.08982452950530548, 0.0]
- [0.0, 0.0, 1.0, -0.08982452950529796, -0.995957606476878, 0.0, 0.9959576064768779,
  -0.08982452950529794, 0.0]
- [0.0, 0.0, 1.0, -0.0898245295053027, -0.9959576064768776, 0.0, 0.9959576064768776,
  -0.0898245295053027, 0.0]
- [0.0, 0.0, 1.0, -0.08982452950530119, -0.9959576064768778, 0.0, 0.9959576064768778,
  -0.08982452950530119, 0.0]
- [0.0, 0.0, 1.0, -0.08982452950530641, -0.9959576064768773, 0.0, 0.9959576064768773,
  -0.08982452950530641, 0.0]
- [0.0, 0.0, 1.0, -0.08982452950530183, -0.9959576064768778, 0.0, 0.9959576064768778,
  -0.08982452950530183, 0.0]
- [0.0, 0.0, 1.0, -0.08982452950529411, -0.9959576064768784, 0.0, 0.9959576064768784,
  -0.08982452950529411, 0.0]
- [0.0, 0.0, 1.0, -0.09506492838329614, -0.9954710741108849, 0.0, 0.9954710741108849,
  -0.09506492838329614, 0.0]
- [0.0, 0.0, 1.0, -0.09506492838327411, -0.995471074110887, 0.0, 0.9954710741108869,
  -0.0950649283832741, 0.0]
- [0.0, 0.0, 1.0, -0.09506492838327897, -0.9954710741108865, 0.0, 0.9954710741108864,
  -0.09506492838327896, 0.0]
- [0.0, 0.0, 1.0, -0.09506492838327664, -0.9954710741108868, 0.0, 0.9954710741108868,
  -0.09506492838327664, 0.0]
- [0.0, 0.0, 1.0, -0.09506492838328093, -0.9954710741108863, 0.0, 0.9954710741108862,
  -0.09506492838328091, 0.0]
- [0.0, 0.0, 1.0, -0.09506492838327676, -0.9954710741108868, 0.0, 0.9954710741108866,
  -0.09506492838327675, 0.0]
- [0.0, 0.0, 1.0, -0.09506492838327862, -0.9954710741108865, 0.0, 0.9954710741108864,
  -0.09506492838327861, 0.0]
- [0.0, 0.0, 1.0, -0.0950649283832786, -0.9954710741108865, 0.0, 0.9954710741108865,
  -0.0950649283832786, 0.0]
- [0.0, 0.0, 1.0, -0.09506492838327911, -0.9954710741108865, 0.0, 0.9954710741108865,
  -0.09506492838327911, 0.0]
- [0.0, 0.0, 1.0, -0.0950649283832773, -0.9954710741108866, 0.0, 0.9954710741108866,
  -0.0950649283832773, 0.0]
- [0.0, 0.0, 1.0, -0.09506492838327947, -0.9954710741108865, 0.0, 0.9954710741108865,
  -0.09506492838327947, 0.0]
- [0.0, 0.0, 1.0, -0.09506492838327872, -0.9954710741108865, 0.0, 0.9954710741108864,
  -0.09506492838327871, 0.0]
- [0.0, 0.0, 1.0, -0.095064928383279, -0.9954710741108865, 0.0, 0.9954710741108865,
  -0.095064928383279, 0.0]
- [0.0, 0.0, 1.0, -0.09506492838327885, -0.9954710741108865, 0.0, 0.9954710741108864,
  -0.09506492838327883, 0.0]
- [0.0, 0.0, 1.0, -0.09506492838327686, -0.9954710741108868, 0.0, 0.9954710741108866,
  -0.09506492838327685, 0.0]
- [0.0, 0.0, 1.0, -0.09506492838328058, -0.9954710741108863, 0.0, 0.9954710741108863,
  -0.09506492838328058, 0.0]
- [0.0, 0.0, 1.0, -0.09506492838327851, -0.9954710741108865, 0.0, 0.9954710741108865,
  -0.09506492838327851, 0.0]
- [0.0, 0.0, 1.0, -0.09506492838327678, -0.9954710741108868, 0.0, 0.9954710741108868,
  -0.09506492838327678, 0.0]
- [0.0, 0.0, 1.0, -0.09506492838327878, -0.9954710741108865, 0.0, 0.9954710741108864,
  -0.09506492838327876, 0.0]
- [0.0, 0.0, 1.0, -0.09506492838328083, -0.9954710741108863, 0.0, 0.9954710741108863,
  -0.09506492838328083, 0.0]
- [0.0, 0.0, 1.0, -0.0950649283832761, -0.9954710741108868, 0.0, 0.9954710741108868,
  -0.0950649283832761, 0.0]
- [0.0, 0.0, 1.0, -0.09468929478617882, -0.9955068746386919, 0.0, 0.9955068746386917,
  -0.0946892947861788, 0.0]
- [0.0, 0.0, 1.0, -0.09468929478618178, -0.9955068746386916, 0.0, 0.9955068746386916,
  -0.09468929478618178, 0.0]
- [0.0, 0.0, 1.0, -0.09468929478618078, -0.9955068746386917, 0.0, 0.9955068746386916,
  -0.09468929478618077, 0.0]
- [0.0, 0.0, 1.0, -0.0946892947861723, -0.9955068746386925, 0.0, 0.9955068746386925,
  -0.0946892947861723, 0.0]
- [0.0, 0.0, 1.0, -0.09468929478618165, -0.9955068746386916, 0.0, 0.9955068746386916,
  -0.09468929478618165, 0.0]
- [0.0, 0.0, 1.0, -0.09468929478617837, -0.9955068746386919, 0.0, 0.9955068746386919,
  -0.09468929478617837, 0.0]
- [0.0, 0.0, 1.0, -0.09468929478617924, -0.9955068746386918, 0.0, 0.9955068746386917,
  -0.09468929478617923, 0.0]
- [0.0, 0.0, 1.0, -0.09468929478617627, -0.9955068746386921, 0.0, 0.995506874638692,
  -0.09468929478617626, 0.0]
- [0.0, 0.0, 1.0, -0.09468929478618203, -0.9955068746386916, 0.0, 0.9955068746386916,
  -0.09468929478618203, 0.0]
- [0.0, 0.0, 1.0, -0.09468929478617591, -0.9955068746386921, 0.0, 0.9955068746386921,
  -0.09468929478617591, 0.0]
- [0.0, 0.0, 1.0, -0.09468929478617752, -0.995506874638692, 0.0, 0.9955068746386919,
  -0.0946892947861775, 0.0]
- [0.0, 0.0, 1.0, -0.09468929478617859, -0.9955068746386919, 0.0, 0.9955068746386919,
  -0.09468929478617859, 0.0]
- [0.0, 0.0, 1.0, -0.0946892947861791, -0.9955068746386919, 0.0, 0.9955068746386919,
  -0.0946892947861791, 0.0]
- [0.0, 0.0, 1.0, -0.09468929478617946, -0.9955068746386918, 0.0, 0.9955068746386918,
  -0.09468929478617946, 0.0]
- [0.0, 0.0, 1.0, -0.09468929478617591, -0.9955068746386921, 0.0, 0.9955068746386921,
  -0.09468929478617591, 0.0]
- [0.0, 0.0, 1.0, -0.09468929478617827, -0.9955068746386919, 0.0, 0.9955068746386919,
  -0.09468929478617827, 0.0]
- [0.0, 0.0, 1.0, -0.09468929478617714, -0.995506874638692, 0.0, 0.995506874638692,
  -0.09468929478617714, 0.0]
- [0.0, 0.0, 1.0, -0.09468929478617767, -0.995506874638692, 0.0, 0.9955068746386919,
  -0.09468929478617766, 0.0]
- [0.0, 0.0, 1.0, -0.09468929478618095, -0.9955068746386917, 0.0, 0.9955068746386917,
  -0.09468929478618095, 0.0]
- [0.0, 0.0, 1.0, -0.09468929478618236, -0.9955068746386916, 0.0, 0.9955068746386916,
  -0.09468929478618236, 0.0]
- [0.0, 0.0, 1.0, -0.09468929478617706, -0.995506874638692, 0.0, 0.9955068746386919,
  -0.09468929478617705, 0.0]
materials:
- name: carbon_uniax
  density: 1600.0
  elastic:
    E: [140000000000.0, 9100000000.0, 9100000000.0]
    G: [4131000000.0, 4131000000.0, 2689000000.0]
    nu: [0.3133, 0.3133, 0.47066]
- name: gelcoat
  density: 1235.0
  elastic:
    E: [3440000000.0, 3440000000.0, 3440000000.0]
    G: [1323000000.0, 1323000000.0, 1323000000.0]
    nu: [0.3, 0.3, 0.3]
- name: glass_biax
  density: 1940.0
  elastic:
    E: [11023100000.0, 11023100000.0, 16047700000.0]
    G: [13231400000.0, 3487480000.0, 3487480000.0]
    nu: [0.688074, 0.117173, 0.117173]
- name: glass_triax
  density: 1940.0
  elastic:
    E: [28211400000.0, 16238800000.0, 15835500000.0]
    G: [8248220000.0, 3491240000.0, 3491240000.0]
    nu: [0.497511, 0.18091, 0.27481]
- name: glass_uniax
  density: 1940.0
  elastic:
    E: [43700000000.0, 16500000000.0, 15450000000.0]
    G: [3265000000.0, 3495000000.0, 3480000000.0]
    nu: [0.262, 0.264, 0.35]
- name: medium_density_foam
  density: 130.0
  elastic:
    E: [142500000.0, 142500000.0, 142500000.0]
    G: [54000000.0, 54000000.0, 54000000.0]
    nu: [0.3194, 0.3194, 0.3194]
