nodes:
- [1.0000000000 0.0000000000 0.00000000]
- [0.9992290362 0.0392598158 0.00000000]
- [0.9969173337 0.0784590957 0.00000000]
- [0.9930684570 0.1175373975 0.00000000]
- [0.9876883406 0.1564344650 0.00000000]
- [0.9807852804 0.1950903220 0.00000000]
- [0.9723699204 0.2334453639 0.00000000]
- [0.9624552365 0.2714404499 0.00000000]
- [0.9510565163 0.3090169944 0.00000000]
- [0.9381913359 0.3461170571 0.00000000]
- [0.9238795325 0.3826834324 0.00000000]
- [0.9081431738 0.4186597375 0.00000000]
- [0.8910065242 0.4539904997 0.00000000]
- [0.8724960071 0.4886212415 0.00000000]
- [0.8526401644 0.5224985647 0.00000000]
- [0.8314696123 0.5555702330 0.00000000]
- [0.8090169944 0.5877852523 0.00000000]
- [0.7853169309 0.6190939493 0.00000000]
- [0.7604059656 0.6494480483 0.00000000]
- [0.7343225094 0.6788007455 0.00000000]
- [0.7071067812 0.7071067812 0.00000000]
- [0.6788007455 0.7343225094 0.00000000]
- [0.6494480483 0.7604059656 0.00000000]
- [0.6190939493 0.7853169309 0.00000000]
- [0.5877852523 0.8090169944 0.00000000]
- [0.5555702330 0.8314696123 0.00000000]
- [0.5224985647 0.8526401644 0.00000000]
- [0.4886212415 0.8724960071 0.00000000]
- [0.4539904997 0.8910065242 0.00000000]
- [0.4186597375 0.9081431738 0.00000000]
- [0.3826834324 0.9238795325 0.00000000]
- [0.3461170571 0.9381913359 0.00000000]
- [0.3090169944 0.9510565163 0.00000000]
- [0.2714404499 0.9624552365 0.00000000]
- [0.2334453639 0.9723699204 0.00000000]
- [0.1950903220 0.9807852804 0.00000000]
- [0.1564344650 0.9876883406 0.00000000]
- [0.1175373975 0.9930684570 0.00000000]
- [0.0784590957 0.9969173337 0.00000000]
- [0.0392598158 0.9992290362 0.00000000]
- [0.0000000000 1.0000000000 0.00000000]
- [-0.0392598158 0.9992290362 0.00000000]
- [-0.0784590957 0.9969173337 0.00000000]
- [-0.1175373975 0.9930684570 0.00000000]
- [-0.1564344650 0.9876883406 0.00000000]
- [-0.1950903220 0.9807852804 0.00000000]
- [-0.2334453639 0.9723699204 0.00000000]
- [-0.2714404499 0.9624552365 0.00000000]
- [-0.3090169944 0.9510565163 0.00000000]
- [-0.3461170571 0.9381913359 0.00000000]
- [-0.3826834324 0.9238795325 0.00000000]
- [-0.4186597375 0.9081431738 0.00000000]
- [-0.4539904997 0.8910065242 0.00000000]
- [-0.4886212415 0.8724960071 0.00000000]
- [-0.5224985647 0.8526401644 0.00000000]
- [-0.5555702330 0.8314696123 0.00000000]
- [-0.5877852523 0.8090169944 0.00000000]
- [-0.6190939493 0.7853169309 0.00000000]
- [-0.6494480483 0.7604059656 0.00000000]
- [-0.6788007455 0.7343225094 0.00000000]
- [-0.7071067812 0.7071067812 0.00000000]
- [-0.7343225094 0.6788007455 0.00000000]
- [-0.7604059656 0.6494480483 0.00000000]
- [-0.7853169309 0.6190939493 0.00000000]
- [-0.8090169944 0.5877852523 0.00000000]
- [-0.8314696123 0.5555702330 0.00000000]
- [-0.8526401644 0.5224985647 0.00000000]
- [-0.8724960071 0.4886212415 0.00000000]
- [-0.8910065242 0.4539904997 0.00000000]
- [-0.9081431738 0.4186597375 0.00000000]
- [-0.9238795325 0.3826834324 0.00000000]
- [-0.9381913359 0.3461170571 0.00000000]
- [-0.9510565163 0.3090169944 0.00000000]
- [-0.9624552365 0.2714404499 0.00000000]
- [-0.9723699204 0.2334453639 0.00000000]
- [-0.9807852804 0.1950903220 0.00000000]
- [-0.9876883406 0.1564344650 0.00000000]
- [-0.9930684570 0.1175373975 0.00000000]
- [-0.9969173337 0.0784590957 0.00000000]
- [-0.9992290362 0.0392598158 0.00000000]
- [-1.0000000000 0.0000000000 0.00000000]
- [-0.9992290362 -0.0392598158 0.00000000]
- [-0.9969173337 -0.0784590957 0.00000000]
- [-0.9930684570 -0.1175373975 0.00000000]
- [-0.9876883406 -0.1564344650 0.00000000]
- [-0.9807852804 -0.1950903220 0.00000000]
- [-0.9723699204 -0.2334453639 0.00000000]
- [-0.9624552365 -0.2714404499 0.00000000]
- [-0.9510565163 -0.3090169944 0.00000000]
- [-0.9381913359 -0.3461170571 0.00000000]
- [-0.9238795325 -0.3826834324 0.00000000]
- [-0.9081431738 -0.4186597375 0.00000000]
- [-0.8910065242 -0.4539904997 0.00000000]
- [-0.8724960071 -0.4886212415 0.00000000]
- [-0.8526401644 -0.5224985647 0.00000000]
- [-0.8314696123 -0.5555702330 0.00000000]
- [-0.8090169944 -0.5877852523 0.00000000]
- [-0.7853169309 -0.6190939493 0.00000000]
- [-0.7604059656 -0.6494480483 0.00000000]
- [-0.7343225094 -0.6788007455 0.00000000]
- [-0.7071067812 -0.7071067812 0.00000000]
- [-0.6788007455 -0.7343225094 0.00000000]
- [-0.6494480483 -0.7604059656 0.00000000]
- [-0.6190939493 -0.7853169309 0.00000000]
- [-0.5877852523 -0.8090169944 0.00000000]
- [-0.5555702330 -0.8314696123 0.00000000]
- [-0.5224985647 -0.8526401644 0.00000000]
- [-0.4886212415 -0.8724960071 0.00000000]
- [-0.4539904997 -0.8910065242 0.00000000]
- [-0.4186597375 -0.9081431738 0.00000000]
- [-0.3826834324 -0.9238795325 0.00000000]
- [-0.3461170571 -0.9381913359 0.00000000]
- [-0.3090169944 -0.9510565163 0.00000000]
- [-0.2714404499 -0.9624552365 0.00000000]
- [-0.2334453639 -0.9723699204 0.00000000]
- [-0.1950903220 -0.9807852804 0.00000000]
- [-0.1564344650 -0.9876883406 0.00000000]
- [-0.1175373975 -0.9930684570 0.00000000]
- [-0.0784590957 -0.9969173337 0.00000000]
- [-0.0392598158 -0.9992290362 0.00000000]
- [-0.0000000000 -1.0000000000 0.00000000]
- [0.0392598158 -0.9992290362 0.00000000]
- [0.0784590957 -0.9969173337 0.00000000]
- [0.1175373975 -0.9930684570 0.00000000]
- [0.1564344650 -0.9876883406 0.00000000]
- [0.1950903220 -0.9807852804 0.00000000]
- [0.2334453639 -0.9723699204 0.00000000]
- [0.2714404499 -0.9624552365 0.00000000]
- [0.3090169944 -0.9510565163 0.00000000]
- [0.3461170571 -0.9381913359 0.00000000]
- [0.3826834324 -0.9238795325 0.00000000]
- [0.4186597375 -0.9081431738 0.00000000]
- [0.4539904997 -0.8910065242 0.00000000]
- [0.4886212415 -0.8724960071 0.00000000]
- [0.5224985647 -0.8526401644 0.00000000]
- [0.5555702330 -0.8314696123 0.00000000]
- [0.5877852523 -0.8090169944 0.00000000]
- [0.6190939493 -0.7853169309 0.00000000]
- [0.6494480483 -0.7604059656 0.00000000]
- [0.6788007455 -0.7343225094 0.00000000]
- [0.7071067812 -0.7071067812 0.00000000]
- [0.7343225094 -0.6788007455 0.00000000]
- [0.7604059656 -0.6494480483 0.00000000]
- [0.7853169309 -0.6190939493 0.00000000]
- [0.8090169944 -0.5877852523 0.00000000]
- [0.8314696123 -0.5555702330 0.00000000]
- [0.8526401644 -0.5224985647 0.00000000]
- [0.8724960071 -0.4886212415 0.00000000]
- [0.8910065242 -0.4539904997 0.00000000]
- [0.9081431738 -0.4186597375 0.00000000]
- [0.9238795325 -0.3826834324 0.00000000]
- [0.9381913359 -0.3461170571 0.00000000]
- [0.9510565163 -0.3090169944 0.00000000]
- [0.9624552365 -0.2714404499 0.00000000]
- [0.9723699204 -0.2334453639 0.00000000]
- [0.9807852804 -0.1950903220 0.00000000]
- [0.9876883406 -0.1564344650 0.00000000]
- [0.9930684570 -0.1175373975 0.00000000]
- [0.9969173337 -0.0784590957 0.00000000]
- [0.9992290362 -0.0392598158 0.00000000]
elements:
- [1 2]
- [2 3]
- [3 4]
- [4 5]
- [5 6]
- [6 7]
- [7 8]
- [8 9]
- [9 10]
- [10 11]
- [11 12]
- [12 13]
- [13 14]
- [14 15]
- [15 16]
- [16 17]
- [17 18]
- [18 19]
- [19 20]
- [20 21]
- [21 22]
- [22 23]
- [23 24]
- [24 25]
- [25 26]
- [26 27]
- [27 28]
- [28 29]
- [29 30]
- [30 31]
- [31 32]
- [32 33]
- [33 34]
- [34 35]
- [35 36]
- [36 37]
- [37 38]
- [38 39]
- [39 40]
- [40 41]
- [41 42]
- [42 43]
- [43 44]
- [44 45]
- [45 46]
- [46 47]
- [47 48]
- [48 49]
- [49 50]
- [50 51]
- [51 52]
- [52 53]
- [53 54]
- [54 55]
- [55 56]
- [56 57]
- [57 58]
- [58 59]
- [59 60]
- [60 61]
- [61 62]
- [62 63]
- [63 64]
- [64 65]
- [65 66]
- [66 67]
- [67 68]
- [68 69]
- [69 70]
- [70 71]
- [71 72]
- [72 73]
- [73 74]
- [74 75]
- [75 76]
- [76 77]
- [77 78]
- [78 79]
- [79 80]
- [80 81]
- [81 82]
- [82 83]
- [83 84]
- [84 85]
- [85 86]
- [86 87]
- [87 88]
- [88 89]
- [89 90]
- [90 91]
- [91 92]
- [92 93]
- [93 94]
- [94 95]
- [95 96]
- [96 97]
- [97 98]
- [98 99]
- [99 100]
- [100 101]
- [101 102]
- [102 103]
- [103 104]
- [104 105]
- [105 106]
- [106 107]
- [107 108]
- [108 109]
- [109 110]
- [110 111]
- [111 112]
- [112 113]
- [113 114]
- [114 115]
- [115 116]
- [116 117]
- [117 118]
- [118 119]
- [119 120]
- [120 121]
- [121 122]
- [122 123]
- [123 124]
- [124 125]
- [125 126]
- [126 127]
- [127 128]
- [128 129]
- [129 130]
- [130 131]
- [131 132]
- [132 133]
- [133 134]
- [134 135]
- [135 136]
- [136 137]
- [137 138]
- [138 139]
- [139 140]
- [140 141]
- [141 142]
- [142 143]
- [143 144]
- [144 145]
- [145 146]
- [146 147]
- [147 148]
- [148 149]
- [149 150]
- [150 151]
- [151 152]
- [152 153]
- [153 154]
- [154 155]
- [155 156]
- [156 157]
- [157 158]
- [158 159]
- [159 160]
- [160 1]
elementOrientations:
- [0.0000000000, 0.0000000000, 1.0000000000, -0.0196336925, 0.9998072405, 0.0000000000, -0.9998072405, -0.0196336925, 0.0000000000]
- [0.0000000000, 0.0000000000, 1.0000000000, -0.0588708037, 0.9982656102, 0.0000000000, -0.9982656102, -0.0588708037, 0.0000000000]
- [0.0000000000, 0.0000000000, 1.0000000000, -0.0980171403, 0.9951847267, 0.0000000000, -0.9951847267, -0.0980171403, 0.0000000000]
- [0.0000000000, 0.0000000000, 1.0000000000, -0.1370123417, 0.9905693404, 0.0000000000, -0.9905693404, -0.1370123417, 0.0000000000]
- [0.0000000000, 0.0000000000, 1.0000000000, -0.1757962799, 0.9844265681, 0.0000000000, -0.9844265681, -0.1757962799, 0.0000000000]
- [0.0000000000, 0.0000000000, 1.0000000000, -0.2143091531, 0.9767658813, 0.0000000000, -0.9767658813, -0.2143091531, 0.0000000000]
- [0.0000000000, 0.0000000000, 1.0000000000, -0.2524915770, 0.9675990924, 0.0000000000, -0.9675990924, -0.2524915770, 0.0000000000]
- [0.0000000000, 0.0000000000, 1.0000000000, -0.2902846773, 0.9569403357, 0.0000000000, -0.9569403357, -0.2902846773, 0.0000000000]
- [0.0000000000, 0.0000000000, 1.0000000000, -0.3276301796, 0.9448060465, 0.0000000000, -0.9448060465, -0.3276301796, 0.0000000000]
- [0.0000000000, 0.0000000000, 1.0000000000, -0.3644704999, 0.9312149348, 0.0000000000, -0.9312149348, -0.3644704999, 0.0000000000]
- [0.0000000000, 0.0000000000, 1.0000000000, -0.4007488331, 0.9161879571, 0.0000000000, -0.9161879571, -0.4007488331, 0.0000000000]
- [0.0000000000, 0.0000000000, 1.0000000000, -0.4364092407, 0.8997482841, 0.0000000000, -0.8997482841, -0.4364092407, 0.0000000000]
- [0.0000000000, 0.0000000000, 1.0000000000, -0.4713967368, 0.8819212643, 0.0000000000, -0.8819212643, -0.4713967368, 0.0000000000]
- [0.0000000000, 0.0000000000, 1.0000000000, -0.5056573734, 0.8627343860, 0.0000000000, -0.8627343860, -0.5056573734, 0.0000000000]
- [0.0000000000, 0.0000000000, 1.0000000000, -0.5391383229, 0.8422172337, 0.0000000000, -0.8422172337, -0.5391383229, 0.0000000000]
- [0.0000000000, 0.0000000000, 1.0000000000, -0.5717879602, 0.8204014435, 0.0000000000, -0.8204014435, -0.5717879602, 0.0000000000]
- [0.0000000000, 0.0000000000, 1.0000000000, -0.6035559420, 0.7973206538, 0.0000000000, -0.7973206538, -0.6035559420, 0.0000000000]
- [0.0000000000, 0.0000000000, 1.0000000000, -0.6343932842, 0.7730104534, 0.0000000000, -0.7730104534, -0.6343932842, 0.0000000000]
- [0.0000000000, 0.0000000000, 1.0000000000, -0.6642524379, 0.7475083269, 0.0000000000, -0.7475083269, -0.6642524379, 0.0000000000]
- [0.0000000000, 0.0000000000, 1.0000000000, -0.6930873625, 0.7208535967, 0.0000000000, -0.7208535967, -0.6930873625, 0.0000000000]
- [0.0000000000, 0.0000000000, 1.0000000000, -0.7208535967, 0.6930873625, 0.0000000000, -0.6930873625, -0.7208535967, 0.0000000000]
- [0.0000000000, 0.0000000000, 1.0000000000, -0.7475083269, 0.6642524379, 0.0000000000, -0.6642524379, -0.7475083269, 0.0000000000]
- [0.0000000000, 0.0000000000, 1.0000000000, -0.7730104534, 0.6343932842, 0.0000000000, -0.6343932842, -0.7730104534, 0.0000000000]
- [0.0000000000, 0.0000000000, 1.0000000000, -0.7973206538, 0.6035559420, 0.0000000000, -0.6035559420, -0.7973206538, 0.0000000000]
- [0.0000000000, 0.0000000000, 1.0000000000, -0.8204014435, 0.5717879602, 0.0000000000, -0.5717879602, -0.8204014435, 0.0000000000]
- [0.0000000000, 0.0000000000, 1.0000000000, -0.8422172337, 0.5391383229, 0.0000000000, -0.5391383229, -0.8422172337, 0.0000000000]
- [0.0000000000, 0.0000000000, 1.0000000000, -0.8627343860, 0.5056573734, 0.0000000000, -0.5056573734, -0.8627343860, 0.0000000000]
- [0.0000000000, 0.0000000000, 1.0000000000, -0.8819212643, 0.4713967368, 0.0000000000, -0.4713967368, -0.8819212643, 0.0000000000]
- [0.0000000000, 0.0000000000, 1.0000000000, -0.8997482841, 0.4364092407, 0.0000000000, -0.4364092407, -0.8997482841, 0.0000000000]
- [0.0000000000, 0.0000000000, 1.0000000000, -0.9161879571, 0.4007488331, 0.0000000000, -0.4007488331, -0.9161879571, 0.0000000000]
- [0.0000000000, 0.0000000000, 1.0000000000, -0.9312149348, 0.3644704999, 0.0000000000, -0.3644704999, -0.9312149348, 0.0000000000]
- [0.0000000000, 0.0000000000, 1.0000000000, -0.9448060465, 0.3276301796, 0.0000000000, -0.3276301796, -0.9448060465, 0.0000000000]
- [0.0000000000, 0.0000000000, 1.0000000000, -0.9569403357, 0.2902846773, 0.0000000000, -0.2902846773, -0.9569403357, 0.0000000000]
- [0.0000000000, 0.0000000000, 1.0000000000, -0.9675990924, 0.2524915770, 0.0000000000, -0.2524915770, -0.9675990924, 0.0000000000]
- [0.0000000000, 0.0000000000, 1.0000000000, -0.9767658813, 0.2143091531, 0.0000000000, -0.2143091531, -0.9767658813, 0.0000000000]
- [0.0000000000, 0.0000000000, 1.0000000000, -0.9844265681, 0.1757962799, 0.0000000000, -0.1757962799, -0.9844265681, 0.0000000000]
- [0.0000000000, 0.0000000000, 1.0000000000, -0.9905693404, 0.1370123417, 0.0000000000, -0.1370123417, -0.9905693404, 0.0000000000]
- [0.0000000000, 0.0000000000, 1.0000000000, -0.9951847267, 0.0980171403, 0.0000000000, -0.0980171403, -0.9951847267, 0.0000000000]
- [0.0000000000, 0.0000000000, 1.0000000000, -0.9982656102, 0.0588708037, 0.0000000000, -0.0588708037, -0.9982656102, 0.0000000000]
- [0.0000000000, 0.0000000000, 1.0000000000, -0.9998072405, 0.0196336925, 0.0000000000, -0.0196336925, -0.9998072405, 0.0000000000]
- [0.0000000000, 0.0000000000, 1.0000000000, -0.9998072405, -0.0196336925, 0.0000000000, 0.0196336925, -0.9998072405, 0.0000000000]
- [0.0000000000, 0.0000000000, 1.0000000000, -0.9982656102, -0.0588708037, 0.0000000000, 0.0588708037, -0.9982656102, 0.0000000000]
- [0.0000000000, 0.0000000000, 1.0000000000, -0.9951847267, -0.0980171403, 0.0000000000, 0.0980171403, -0.9951847267, 0.0000000000]
- [0.0000000000, 0.0000000000, 1.0000000000, -0.9905693404, -0.1370123417, 0.0000000000, 0.1370123417, -0.9905693404, 0.0000000000]
- [0.0000000000, 0.0000000000, 1.0000000000, -0.9844265681, -0.1757962799, 0.0000000000, 0.1757962799, -0.9844265681, 0.0000000000]
- [0.0000000000, 0.0000000000, 1.0000000000, -0.9767658813, -0.2143091531, 0.0000000000, 0.2143091531, -0.9767658813, 0.0000000000]
- [0.0000000000, 0.0000000000, 1.0000000000, -0.9675990924, -0.2524915770, 0.0000000000, 0.2524915770, -0.9675990924, 0.0000000000]
- [0.0000000000, 0.0000000000, 1.0000000000, -0.9569403357, -0.2902846773, 0.0000000000, 0.2902846773, -0.9569403357, 0.0000000000]
- [0.0000000000, 0.0000000000, 1.0000000000, -0.9448060465, -0.3276301796, 0.0000000000, 0.3276301796, -0.9448060465, 0.0000000000]
- [0.0000000000, 0.0000000000, 1.0000000000, -0.9312149348, -0.3644704999, 0.0000000000, 0.3644704999, -0.9312149348, 0.0000000000]
- [0.0000000000, 0.0000000000, 1.0000000000, -0.9161879571, -0.4007488331, 0.0000000000, 0.4007488331, -0.9161879571, 0.0000000000]
- [0.0000000000, 0.0000000000, 1.0000000000, -0.8997482841, -0.4364092407, 0.0000000000, 0.4364092407, -0.8997482841, 0.0000000000]
- [0.0000000000, 0.0000000000, 1.0000000000, -0.8819212643, -0.4713967368, 0.0000000000, 0.4713967368, -0.8819212643, 0.0000000000]
- [0.0000000000, 0.0000000000, 1.0000000000, -0.8627343860, -0.5056573734, 0.0000000000, 0.5056573734, -0.8627343860, 0.0000000000]
- [0.0000000000, 0.0000000000, 1.0000000000, -0.8422172337, -0.5391383229, 0.0000000000, 0.5391383229, -0.8422172337, 0.0000000000]
- [0.0000000000, 0.0000000000, 1.0000000000, -0.8204014435, -0.5717879602, 0.0000000000, 0.5717879602, -0.8204014435, 0.0000000000]
- [0.0000000000, 0.0000000000, 1.0000000000, -0.7973206538, -0.6035559420, 0.0000000000, 0.6035559420, -0.7973206538, 0.0000000000]
- [0.0000000000, 0.0000000000, 1.0000000000, -0.7730104534, -0.6343932842, 0.0000000000, 0.6343932842, -0.7730104534, 0.0000000000]
- [0.0000000000, 0.0000000000, 1.0000000000, -0.7475083269, -0.6642524379, 0.0000000000, 0.6642524379, -0.7475083269, 0.0000000000]
- [0.0000000000, 0.0000000000, 1.0000000000, -0.7208535967, -0.6930873625, 0.0000000000, 0.6930873625, -0.7208535967, 0.0000000000]
- [0.0000000000, 0.0000000000, 1.0000000000, -0.6930873625, -0.7208535967, 0.0000000000, 0.7208535967, -0.6930873625, 0.0000000000]
- [0.0000000000, 0.0000000000, 1.0000000000, -0.6642524379, -0.7475083269, 0.0000000000, 0.7475083269, -0.6642524379, 0.0000000000]
- [0.0000000000, 0.0000000000, 1.0000000000, -0.6343932842, -0.7730104534, 0.0000000000, 0.7730104534, -0.6343932842, 0.0000000000]
- [0.0000000000, 0.0000000000, 1.0000000000, -0.6035559420, -0.7973206538, 0.0000000000, 0.7973206538, -0.6035559420, 0.0000000000]
- [0.0000000000, 0.0000000000, 1.0000000000, -0.5717879602, -0.8204014435, 0.0000000000, 0.8204014435, -0.5717879602, 0.0000000000]
- [0.0000000000, 0.0000000000, 1.0000000000, -0.5391383229, -0.8422172337, 0.0000000000, 0.8422172337, -0.5391383229, 0.0000000000]
- [0.0000000000, 0.0000000000, 1.0000000000, -0.5056573734, -0.8627343860, 0.0000000000, 0.8627343860, -0.5056573734, 0.0000000000]
- [0.0000000000, 0.0000000000, 1.0000000000, -0.4713967368, -0.8819212643, 0.0000000000, 0.8819212643, -0.4713967368, 0.0000000000]
- [0.0000000000, 0.0000000000, 1.0000000000, -0.4364092407, -0.8997482841, 0.0000000000, 0.8997482841, -0.4364092407, 0.0000000000]
- [0.0000000000, 0.0000000000, 1.0000000000, -0.4007488331, -0.9161879571, 0.0000000000, 0.9161879571, -0.4007488331, 0.0000000000]
- [0.0000000000, 0.0000000000, 1.0000000000, -0.3644704999, -0.9312149348, 0.0000000000, 0.9312149348, -0.3644704999, 0.0000000000]
- [0.0000000000, 0.0000000000, 1.0000000000, -0.3276301796, -0.9448060465, 0.0000000000, 0.9448060465, -0.3276301796, 0.0000000000]
- [0.0000000000, 0.0000000000, 1.0000000000, -0.2902846773, -0.9569403357, 0.0000000000, 0.9569403357, -0.2902846773, 0.0000000000]
- [0.0000000000, 0.0000000000, 1.0000000000, -0.2524915770, -0.9675990924, 0.0000000000, 0.9675990924, -0.2524915770, 0.0000000000]
- [0.0000000000, 0.0000000000, 1.0000000000, -0.2143091531, -0.9767658813, 0.0000000000, 0.9767658813, -0.2143091531, 0.0000000000]
- [0.0000000000, 0.0000000000, 1.0000000000, -0.1757962799, -0.9844265681, 0.0000000000, 0.9844265681, -0.1757962799, 0.0000000000]
- [0.0000000000, 0.0000000000, 1.0000000000, -0.1370123417, -0.9905693404, 0.0000000000, 0.9905693404, -0.1370123417, 0.0000000000]
- [0.0000000000, 0.0000000000, 1.0000000000, -0.0980171403, -0.9951847267, 0.0000000000, 0.9951847267, -0.0980171403, 0.0000000000]
- [0.0000000000, 0.0000000000, 1.0000000000, -0.0588708037, -0.9982656102, 0.0000000000, 0.9982656102, -0.0588708037, 0.0000000000]
- [0.0000000000, 0.0000000000, 1.0000000000, -0.0196336925, -0.9998072405, 0.0000000000, 0.9998072405, -0.0196336925, 0.0000000000]
- [0.0000000000, 0.0000000000, 1.0000000000, 0.0196336925, -0.9998072405, 0.0000000000, 0.9998072405, 0.0196336925, -0.0000000000]
- [0.0000000000, 0.0000000000, 1.0000000000, 0.0588708037, -0.9982656102, 0.0000000000, 0.9982656102, 0.0588708037, -0.0000000000]
- [0.0000000000, 0.0000000000, 1.0000000000, 0.0980171403, -0.9951847267, 0.0000000000, 0.9951847267, 0.0980171403, -0.0000000000]
- [0.0000000000, 0.0000000000, 1.0000000000, 0.1370123417, -0.9905693404, 0.0000000000, 0.9905693404, 0.1370123417, -0.0000000000]
- [0.0000000000, 0.0000000000, 1.0000000000, 0.1757962799, -0.9844265681, 0.0000000000, 0.9844265681, 0.1757962799, -0.0000000000]
- [0.0000000000, 0.0000000000, 1.0000000000, 0.2143091531, -0.9767658813, 0.0000000000, 0.9767658813, 0.2143091531, -0.0000000000]
- [0.0000000000, 0.0000000000, 1.0000000000, 0.2524915770, -0.9675990924, 0.0000000000, 0.9675990924, 0.2524915770, -0.0000000000]
- [0.0000000000, 0.0000000000, 1.0000000000, 0.2902846773, -0.9569403357, 0.0000000000, 0.9569403357, 0.2902846773, -0.0000000000]
- [0.0000000000, 0.0000000000, 1.0000000000, 0.3276301796, -0.9448060465, 0.0000000000, 0.9448060465, 0.3276301796, -0.0000000000]
- [0.0000000000, 0.0000000000, 1.0000000000, 0.3644704999, -0.9312149348, 0.0000000000, 0.9312149348, 0.3644704999, -0.0000000000]
- [0.0000000000, 0.0000000000, 1.0000000000, 0.4007488331, -0.9161879571, 0.0000000000, 0.9161879571, 0.4007488331, -0.0000000000]
- [0.0000000000, 0.0000000000, 1.0000000000, 0.4364092407, -0.8997482841, 0.0000000000, 0.8997482841, 0.4364092407, -0.0000000000]
- [0.0000000000, 0.0000000000, 1.0000000000, 0.4713967368, -0.8819212643, 0.0000000000, 0.8819212643, 0.4713967368, -0.0000000000]
- [0.0000000000, 0.0000000000, 1.0000000000, 0.5056573734, -0.8627343860, 0.0000000000, 0.8627343860, 0.5056573734, -0.0000000000]
- [0.0000000000, 0.0000000000, 1.0000000000, 0.5391383229, -0.8422172337, 0.0000000000, 0.8422172337, 0.5391383229, -0.0000000000]
- [0.0000000000, 0.0000000000, 1.0000000000, 0.5717879602, -0.8204014435, 0.0000000000, 0.8204014435, 0.5717879602, -0.0000000000]
- [0.0000000000, 0.0000000000, 1.0000000000, 0.6035559420, -0.7973206538, 0.0000000000, 0.7973206538, 0.6035559420, -0.0000000000]
- [0.0000000000, 0.0000000000, 1.0000000000, 0.6343932842, -0.7730104534, 0.0000000000, 0.7730104534, 0.6343932842, -0.0000000000]
- [0.0000000000, 0.0000000000, 1.0000000000, 0.6642524379, -0.7475083269, 0.0000000000, 0.7475083269, 0.6642524379, -0.0000000000]
- [0.0000000000, 0.0000000000, 1.0000000000, 0.6930873625, -0.7208535967, 0.0000000000, 0.7208535967, 0.6930873625, -0.0000000000]
- [0.0000000000, 0.0000000000, 1.0000000000, 0.7208535967, -0.6930873625, 0.0000000000, 0.6930873625, 0.7208535967, -0.0000000000]
- [0.0000000000, 0.0000000000, 1.0000000000, 0.7475083269, -0.6642524379, 0.0000000000, 0.6642524379, 0.7475083269, -0.0000000000]
- [0.0000000000, 0.0000000000, 1.0000000000, 0.7730104534, -0.6343932842, 0.0000000000, 0.6343932842, 0.7730104534, -0.0000000000]
- [0.0000000000, 0.0000000000, 1.0000000000, 0.7973206538, -0.6035559420, 0.0000000000, 0.6035559420, 0.7973206538, -0.0000000000]
- [0.0000000000, 0.0000000000, 1.0000000000, 0.8204014435, -0.5717879602, 0.0000000000, 0.5717879602, 0.8204014435, -0.0000000000]
- [0.0000000000, 0.0000000000, 1.0000000000, 0.8422172337, -0.5391383229, 0.0000000000, 0.5391383229, 0.8422172337, -0.0000000000]
- [0.0000000000, 0.0000000000, 1.0000000000, 0.8627343860, -0.5056573734, 0.0000000000, 0.5056573734, 0.8627343860, -0.0000000000]
- [0.0000000000, 0.0000000000, 1.0000000000, 0.8819212643, -0.4713967368, 0.0000000000, 0.4713967368, 0.8819212643, -0.0000000000]
- [0.0000000000, 0.0000000000, 1.0000000000, 0.8997482841, -0.4364092407, 0.0000000000, 0.4364092407, 0.8997482841, -0.0000000000]
- [0.0000000000, 0.0000000000, 1.0000000000, 0.9161879571, -0.4007488331, 0.0000000000, 0.4007488331, 0.9161879571, -0.0000000000]
- [0.0000000000, 0.0000000000, 1.0000000000, 0.9312149348, -0.3644704999, 0.0000000000, 0.3644704999, 0.9312149348, -0.0000000000]
- [0.0000000000, 0.0000000000, 1.0000000000, 0.9448060465, -0.3276301796, 0.0000000000, 0.3276301796, 0.9448060465, -0.0000000000]
- [0.0000000000, 0.0000000000, 1.0000000000, 0.9569403357, -0.2902846773, 0.0000000000, 0.2902846773, 0.9569403357, -0.0000000000]
- [0.0000000000, 0.0000000000, 1.0000000000, 0.9675990924, -0.2524915770, 0.0000000000, 0.2524915770, 0.9675990924, -0.0000000000]
- [0.0000000000, 0.0000000000, 1.0000000000, 0.9767658813, -0.2143091531, 0.0000000000, 0.2143091531, 0.9767658813, -0.0000000000]
- [0.0000000000, 0.0000000000, 1.0000000000, 0.9844265681, -0.1757962799, 0.0000000000, 0.1757962799, 0.9844265681, -0.0000000000]
- [0.0000000000, 0.0000000000, 1.0000000000, 0.9905693404, -0.1370123417, 0.0000000000, 0.1370123417, 0.9905693404, -0.0000000000]
- [0.0000000000, 0.0000000000, 1.0000000000, 0.9951847267, -0.0980171403, 0.0000000000, 0.0980171403, 0.9951847267, -0.0000000000]
- [0.0000000000, 0.0000000000, 1.0000000000, 0.9982656102, -0.0588708037, 0.0000000000, 0.0588708037, 0.9982656102, -0.0000000000]
- [0.0000000000, 0.0000000000, 1.0000000000, 0.9998072405, -0.0196336925, 0.0000000000, 0.0196336925, 0.9998072405, -0.0000000000]
- [0.0000000000, 0.0000000000, 1.0000000000, 0.9998072405, 0.0196336925, 0.0000000000, -0.0196336925, 0.9998072405, 0.0000000000]
- [0.0000000000, 0.0000000000, 1.0000000000, 0.9982656102, 0.0588708037, 0.0000000000, -0.0588708037, 0.9982656102, 0.0000000000]
- [0.0000000000, 0.0000000000, 1.0000000000, 0.9951847267, 0.0980171403, 0.0000000000, -0.0980171403, 0.9951847267, 0.0000000000]
- [0.0000000000, 0.0000000000, 1.0000000000, 0.9905693404, 0.1370123417, 0.0000000000, -0.1370123417, 0.9905693404, 0.0000000000]
- [0.0000000000, 0.0000000000, 1.0000000000, 0.9844265681, 0.1757962799, 0.0000000000, -0.1757962799, 0.9844265681, 0.0000000000]
- [0.0000000000, 0.0000000000, 1.0000000000, 0.9767658813, 0.2143091531, 0.0000000000, -0.2143091531, 0.9767658813, 0.0000000000]
- [0.0000000000, 0.0000000000, 1.0000000000, 0.9675990924, 0.2524915770, 0.0000000000, -0.2524915770, 0.9675990924, 0.0000000000]
- [0.0000000000, 0.0000000000, 1.0000000000, 0.9569403357, 0.2902846773, 0.0000000000, -0.2902846773, 0.9569403357, 0.0000000000]
- [0.0000000000, 0.0000000000, 1.0000000000, 0.9448060465, 0.3276301796, 0.0000000000, -0.3276301796, 0.9448060465, 0.0000000000]
- [0.0000000000, 0.0000000000, 1.0000000000, 0.9312149348, 0.3644704999, 0.0000000000, -0.3644704999, 0.9312149348, 0.0000000000]
- [0.0000000000, 0.0000000000, 1.0000000000, 0.9161879571, 0.4007488331, 0.0000000000, -0.4007488331, 0.9161879571, 0.0000000000]
- [0.0000000000, 0.0000000000, 1.0000000000, 0.8997482841, 0.4364092407, 0.0000000000, -0.4364092407, 0.8997482841, 0.0000000000]
- [0.0000000000, 0.0000000000, 1.0000000000, 0.8819212643, 0.4713967368, 0.0000000000, -0.4713967368, 0.8819212643, 0.0000000000]
- [0.0000000000, 0.0000000000, 1.0000000000, 0.8627343860, 0.5056573734, 0.0000000000, -0.5056573734, 0.8627343860, 0.0000000000]
- [0.0000000000, 0.0000000000, 1.0000000000, 0.8422172337, 0.5391383229, 0.0000000000, -0.5391383229, 0.8422172337, 0.0000000000]
- [0.0000000000, 0.0000000000, 1.0000000000, 0.8204014435, 0.5717879602, 0.0000000000, -0.5717879602, 0.8204014435, 0.0000000000]
- [0.0000000000, 0.0000000000, 1.0000000000, 0.7973206538, 0.6035559420, 0.0000000000, -0.6035559420, 0.7973206538, 0.0000000000]
- [0.0000000000, 0.0000000000, 1.0000000000, 0.7730104534, 0.6343932842, 0.0000000000, -0.6343932842, 0.7730104534, 0.0000000000]
- [0.0000000000, 0.0000000000, 1.0000000000, 0.7475083269, 0.6642524379, 0.0000000000, -0.6642524379, 0.7475083269, 0.0000000000]
- [0.0000000000, 0.0000000000, 1.0000000000, 0.7208535967, 0.6930873625, 0.0000000000, -0.6930873625, 0.7208535967, 0.0000000000]
- [0.0000000000, 0.0000000000, 1.0000000000, 0.6930873625, 0.7208535967, 0.0000000000, -0.7208535967, 0.6930873625, 0.0000000000]
- [0.0000000000, 0.0000000000, 1.0000000000, 0.6642524379, 0.7475083269, 0.0000000000, -0.7475083269, 0.6642524379, 0.0000000000]
- [0.0000000000, 0.0000000000, 1.0000000000, 0.6343932842, 0.7730104534, 0.0000000000, -0.7730104534, 0.6343932842, 0.0000000000]
- [0.0000000000, 0.0000000000, 1.0000000000, 0.6035559420, 0.7973206538, 0.0000000000, -0.7973206538, 0.6035559420, 0.0000000000]
- [0.0000000000, 0.0000000000, 1.0000000000, 0.5717879602, 0.8204014435, 0.0000000000, -0.8204014435, 0.5717879602, 0.0000000000]
- [0.0000000000, 0.0000000000, 1.0000000000, 0.5391383229, 0.8422172337, 0.0000000000, -0.8422172337, 0.5391383229, 0.0000000000]
- [0.0000000000, 0.0000000000, 1.0000000000, 0.5056573734, 0.8627343860, 0.0000000000, -0.8627343860, 0.5056573734, 0.0000000000]
- [0.0000000000, 0.0000000000, 1.0000000000, 0.4713967368, 0.8819212643, 0.0000000000, -0.8819212643, 0.4713967368, 0.0000000000]
- [0.0000000000, 0.0000000000, 1.0000000000, 0.4364092407, 0.8997482841, 0.0000000000, -0.8997482841, 0.4364092407, 0.0000000000]
- [0.0000000000, 0.0000000000, 1.0000000000, 0.4007488331, 0.9161879571, 0.0000000000, -0.9161879571, 0.4007488331, 0.0000000000]
- [0.0000000000, 0.0000000000, 1.0000000000, 0.3644704999, 0.9312149348, 0.0000000000, -0.9312149348, 0.3644704999, 0.0000000000]
- [0.0000000000, 0.0000000000, 1.0000000000, 0.3276301796, 0.9448060465, 0.0000000000, -0.9448060465, 0.3276301796, 0.0000000000]
- [0.0000000000, 0.0000000000, 1.0000000000, 0.2902846773, 0.9569403357, 0.0000000000, -0.9569403357, 0.2902846773, 0.0000000000]
- [0.0000000000, 0.0000000000, 1.0000000000, 0.2524915770, 0.9675990924, 0.0000000000, -0.9675990924, 0.2524915770, 0.0000000000]
- [0.0000000000, 0.0000000000, 1.0000000000, 0.2143091531, 0.9767658813, 0.0000000000, -0.9767658813, 0.2143091531, 0.0000000000]
- [0.0000000000, 0.0000000000, 1.0000000000, 0.1757962799, 0.9844265681, 0.0000000000, -0.9844265681, 0.1757962799, 0.0000000000]
- [0.0000000000, 0.0000000000, 1.0000000000, 0.1370123417, 0.9905693404, 0.0000000000, -0.9905693404, 0.1370123417, 0.0000000000]
- [0.0000000000, 0.0000000000, 1.0000000000, 0.0980171403, 0.9951847267, 0.0000000000, -0.9951847267, 0.0980171403, 0.0000000000]
- [0.0000000000, 0.0000000000, 1.0000000000, 0.0588708037, 0.9982656102, 0.0000000000, -0.9982656102, 0.0588708037, 0.0000000000]
- [0.0000000000, 0.0000000000, 1.0000000000, 0.0196336925, 0.9998072405, 0.0000000000, -0.9998072405, 0.0196336925, 0.0000000000]
sets:
  element:
  - name: layup_0
    labels:
    - 1
    - 2
    - 3
    - 4
    - 5
    - 6
    - 7
    - 8
    - 9
    - 10
    - 11
    - 12
    - 13
    - 14
    - 15
    - 16
    - 17
    - 18
    - 19
    - 20
    - 21
    - 22
    - 23
    - 24
    - 25
    - 26
    - 27
    - 28
    - 29
    - 30
    - 31
    - 32
    - 33
    - 34
    - 35
    - 36
    - 37
    - 38
    - 39
    - 40
    - 41
    - 42
    - 43
    - 44
    - 45
    - 46
    - 47
    - 48
    - 49
    - 50
    - 51
    - 52
    - 53
    - 54
    - 55
    - 56
    - 57
    - 58
    - 59
    - 60
    - 61
    - 62
    - 63
    - 64
    - 65
    - 66
    - 67
    - 68
    - 69
    - 70
    - 71
    - 72
    - 73
    - 74
    - 75
    - 76
    - 77
    - 78
    - 79
    - 80
    - 81
    - 82
    - 83
    - 84
    - 85
    - 86
    - 87
    - 88
    - 89
    - 90
    - 91
    - 92
    - 93
    - 94
    - 95
    - 96
    - 97
    - 98
    - 99
    - 100
    - 101
    - 102
    - 103
    - 104
    - 105
    - 106
    - 107
    - 108
    - 109
    - 110
    - 111
    - 112
    - 113
    - 114
    - 115
    - 116
    - 117
    - 118
    - 119
    - 120
    - 121
    - 122
    - 123
    - 124
    - 125
    - 126
    - 127
    - 128
    - 129
    - 130
    - 131
    - 132
    - 133
    - 134
    - 135
    - 136
    - 137
    - 138
    - 139
    - 140
    - 141
    - 142
    - 143
    - 144
    - 145
    - 146
    - 147
    - 148
    - 149
    - 150
    - 151
    - 152
    - 153
    - 154
    - 155
    - 156
    - 157
    - 158
    - 159
    - 160
sections:
- type: shell
  elementSet: layup_0
  layup:
  - - iso
    - 0.0200000000
    - 0.0
materials:
- name: iso
  density: 1000.0
  elastic:
    E:
    - 2.000000e+11
    - 2.000000e+11
    - 2.000000e+11
    G:
    - 7.692308e+10
    - 7.692308e+10
    - 7.692308e+10
    nu:
    - 0.300000
    - 0.300000
    - 0.300000
reference: center
