nodes:
- [0.0715000000 0.0000000000 0.0]
- [0.0714891102 0.0012478471 0.0]
- [0.0714564441 0.0024953140 0.0]
- [0.0714020117 0.0037420209 0.0]
- [0.0713258296 0.0049875879 0.0]
- [0.0712279209 0.0062316356 0.0]
- [0.0711083155 0.0074737851 0.0]
- [0.0709670498 0.0087136581 0.0]
- [0.0708041669 0.0099508767 0.0]
- [0.0706197164 0.0111850643 0.0]
- [0.0704137543 0.0124158447 0.0]
- [0.0701863436 0.0136428432 0.0]
- [0.0699375535 0.0148656859 0.0]
- [0.0696674596 0.0160840004 0.0]
- [0.0693761444 0.0172974155 0.0]
- [0.0690636966 0.0185055617 0.0]
- [0.0687302113 0.0197080709 0.0]
- [0.0683757901 0.0209045769 0.0]
- [0.0680005409 0.0220947151 0.0]
- [0.0676045782 0.0232781230 0.0]
- [0.0671880224 0.0244544402 0.0]
- [0.0667510005 0.0256233084 0.0]
- [0.0662936456 0.0267843714 0.0]
- [0.0658160970 0.0279372757 0.0]
- [0.0653185002 0.0290816700 0.0]
- [0.0648010068 0.0302172057 0.0]
- [0.0642637743 0.0313435370 0.0]
- [0.0637069665 0.0324603207 0.0]
- [0.0631307529 0.0335672167 0.0]
- [0.0625353091 0.0346638878 0.0]
- [0.0619208164 0.0357500000 0.0]
- [0.0612874620 0.0368252224 0.0]
- [0.0606354389 0.0378892274 0.0]
- [0.0599649456 0.0389416910 0.0]
- [0.0592761864 0.0399822926 0.0]
- [0.0585693712 0.0410107152 0.0]
- [0.0578447151 0.0420266455 0.0]
- [0.0571024390 0.0430297742 0.0]
- [0.0563427689 0.0440197955 0.0]
- [0.0555659362 0.0449964080 0.0]
- [0.0547721777 0.0459593141 0.0]
- [0.0539617350 0.0469082206 0.0]
- [0.0531348550 0.0478428384 0.0]
- [0.0522917897 0.0487628827 0.0]
- [0.0514327957 0.0496680735 0.0]
- [0.0505581349 0.0505581349 0.0]
- [0.0496680735 0.0514327957 0.0]
- [0.0487628827 0.0522917897 0.0]
- [0.0478428384 0.0531348550 0.0]
- [0.0469082206 0.0539617350 0.0]
- [0.0459593141 0.0547721777 0.0]
- [0.0449964080 0.0555659362 0.0]
- [0.0440197955 0.0563427689 0.0]
- [0.0430297742 0.0571024390 0.0]
- [0.0420266455 0.0578447151 0.0]
- [0.0410107152 0.0585693712 0.0]
- [0.0399822926 0.0592761864 0.0]
- [0.0389416910 0.0599649456 0.0]
- [0.0378892274 0.0606354389 0.0]
- [0.0368252224 0.0612874620 0.0]
- [0.0357500000 0.0619208164 0.0]
- [0.0346638878 0.0625353091 0.0]
- [0.0335672167 0.0631307529 0.0]
- [0.0324603207 0.0637069665 0.0]
- [0.0313435370 0.0642637743 0.0]
- [0.0302172057 0.0648010068 0.0]
- [0.0290816700 0.0653185002 0.0]
- [0.0279372757 0.0658160970 0.0]
- [0.0267843714 0.0662936456 0.0]
- [0.0256233084 0.0667510005 0.0]
- [0.0244544402 0.0671880224 0.0]
- [0.0232781230 0.0676045782 0.0]
- [0.0220947151 0.0680005409 0.0]
- [0.0209045769 0.0683757901 0.0]
- [0.0197080709 0.0687302113 0.0]
- [0.0185055617 0.0690636966 0.0]
- [0.0172974155 0.0693761444 0.0]
- [0.0160840004 0.0696674596 0.0]
- [0.0148656859 0.0699375535 0.0]
- [0.0136428432 0.0701863436 0.0]
- [0.0124158447 0.0704137543 0.0]
- [0.0111850643 0.0706197164 0.0]
- [0.0099508767 0.0708041669 0.0]
- [0.0087136581 0.0709670498 0.0]
- [0.0074737851 0.0711083155 0.0]
- [0.0062316356 0.0712279209 0.0]
- [0.0049875879 0.0713258296 0.0]
- [0.0037420209 0.0714020117 0.0]
- [0.0024953140 0.0714564441 0.0]
- [0.0012478471 0.0714891102 0.0]
- [0.0000000000 0.0715000000 0.0]
- [-0.0012478471 0.0714891102 0.0]
- [-0.0024953140 0.0714564441 0.0]
- [-0.0037420209 0.0714020117 0.0]
- [-0.0049875879 0.0713258296 0.0]
- [-0.0062316356 0.0712279209 0.0]
- [-0.0074737851 0.0711083155 0.0]
- [-0.0087136581 0.0709670498 0.0]
- [-0.0099508767 0.0708041669 0.0]
- [-0.0111850643 0.0706197164 0.0]
- [-0.0124158447 0.0704137543 0.0]
- [-0.0136428432 0.0701863436 0.0]
- [-0.0148656859 0.0699375535 0.0]
- [-0.0160840004 0.0696674596 0.0]
- [-0.0172974155 0.0693761444 0.0]
- [-0.0185055617 0.0690636966 0.0]
- [-0.0197080709 0.0687302113 0.0]
- [-0.0209045769 0.0683757901 0.0]
- [-0.0220947151 0.0680005409 0.0]
- [-0.0232781230 0.0676045782 0.0]
- [-0.0244544402 0.0671880224 0.0]
- [-0.0256233084 0.0667510005 0.0]
- [-0.0267843714 0.0662936456 0.0]
- [-0.0279372757 0.0658160970 0.0]
- [-0.0290816700 0.0653185002 0.0]
- [-0.0302172057 0.0648010068 0.0]
- [-0.0313435370 0.0642637743 0.0]
- [-0.0324603207 0.0637069665 0.0]
- [-0.0335672167 0.0631307529 0.0]
- [-0.0346638878 0.0625353091 0.0]
- [-0.0357500000 0.0619208164 0.0]
- [-0.0368252224 0.0612874620 0.0]
- [-0.0378892274 0.0606354389 0.0]
- [-0.0389416910 0.0599649456 0.0]
- [-0.0399822926 0.0592761864 0.0]
- [-0.0410107152 0.0585693712 0.0]
- [-0.0420266455 0.0578447151 0.0]
- [-0.0430297742 0.0571024390 0.0]
- [-0.0440197955 0.0563427689 0.0]
- [-0.0449964080 0.0555659362 0.0]
- [-0.0459593141 0.0547721777 0.0]
- [-0.0469082206 0.0539617350 0.0]
- [-0.0478428384 0.0531348550 0.0]
- [-0.0487628827 0.0522917897 0.0]
- [-0.0496680735 0.0514327957 0.0]
- [-0.0505581349 0.0505581349 0.0]
- [-0.0514327957 0.0496680735 0.0]
- [-0.0522917897 0.0487628827 0.0]
- [-0.0531348550 0.0478428384 0.0]
- [-0.0539617350 0.0469082206 0.0]
- [-0.0547721777 0.0459593141 0.0]
- [-0.0555659362 0.0449964080 0.0]
- [-0.0563427689 0.0440197955 0.0]
- [-0.0571024390 0.0430297742 0.0]
- [-0.0578447151 0.0420266455 0.0]
- [-0.0585693712 0.0410107152 0.0]
- [-0.0592761864 0.0399822926 0.0]
- [-0.0599649456 0.0389416910 0.0]
- [-0.0606354389 0.0378892274 0.0]
- [-0.0612874620 0.0368252224 0.0]
- [-0.0619208164 0.0357500000 0.0]
- [-0.0625353091 0.0346638878 0.0]
- [-0.0631307529 0.0335672167 0.0]
- [-0.0637069665 0.0324603207 0.0]
- [-0.0642637743 0.0313435370 0.0]
- [-0.0648010068 0.0302172057 0.0]
- [-0.0653185002 0.0290816700 0.0]
- [-0.0658160970 0.0279372757 0.0]
- [-0.0662936456 0.0267843714 0.0]
- [-0.0667510005 0.0256233084 0.0]
- [-0.0671880224 0.0244544402 0.0]
- [-0.0676045782 0.0232781230 0.0]
- [-0.0680005409 0.0220947151 0.0]
- [-0.0683757901 0.0209045769 0.0]
- [-0.0687302113 0.0197080709 0.0]
- [-0.0690636966 0.0185055617 0.0]
- [-0.0693761444 0.0172974155 0.0]
- [-0.0696674596 0.0160840004 0.0]
- [-0.0699375535 0.0148656859 0.0]
- [-0.0701863436 0.0136428432 0.0]
- [-0.0704137543 0.0124158447 0.0]
- [-0.0706197164 0.0111850643 0.0]
- [-0.0708041669 0.0099508767 0.0]
- [-0.0709670498 0.0087136581 0.0]
- [-0.0711083155 0.0074737851 0.0]
- [-0.0712279209 0.0062316356 0.0]
- [-0.0713258296 0.0049875879 0.0]
- [-0.0714020117 0.0037420209 0.0]
- [-0.0714564441 0.0024953140 0.0]
- [-0.0714891102 0.0012478471 0.0]
- [-0.0715000000 0.0000000000 0.0]
- [-0.0714891102 -0.0012478471 0.0]
- [-0.0714564441 -0.0024953140 0.0]
- [-0.0714020117 -0.0037420209 0.0]
- [-0.0713258296 -0.0049875879 0.0]
- [-0.0712279209 -0.0062316356 0.0]
- [-0.0711083155 -0.0074737851 0.0]
- [-0.0709670498 -0.0087136581 0.0]
- [-0.0708041669 -0.0099508767 0.0]
- [-0.0706197164 -0.0111850643 0.0]
- [-0.0704137543 -0.0124158447 0.0]
- [-0.0701863436 -0.0136428432 0.0]
- [-0.0699375535 -0.0148656859 0.0]
- [-0.0696674596 -0.0160840004 0.0]
- [-0.0693761444 -0.0172974155 0.0]
- [-0.0690636966 -0.0185055617 0.0]
- [-0.0687302113 -0.0197080709 0.0]
- [-0.0683757901 -0.0209045769 0.0]
- [-0.0680005409 -0.0220947151 0.0]
- [-0.0676045782 -0.0232781230 0.0]
- [-0.0671880224 -0.0244544402 0.0]
- [-0.0667510005 -0.0256233084 0.0]
- [-0.0662936456 -0.0267843714 0.0]
- [-0.0658160970 -0.0279372757 0.0]
- [-0.0653185002 -0.0290816700 0.0]
- [-0.0648010068 -0.0302172057 0.0]
- [-0.0642637743 -0.0313435370 0.0]
- [-0.0637069665 -0.0324603207 0.0]
- [-0.0631307529 -0.0335672167 0.0]
- [-0.0625353091 -0.0346638878 0.0]
- [-0.0619208164 -0.0357500000 0.0]
- [-0.0612874620 -0.0368252224 0.0]
- [-0.0606354389 -0.0378892274 0.0]
- [-0.0599649456 -0.0389416910 0.0]
- [-0.0592761864 -0.0399822926 0.0]
- [-0.0585693712 -0.0410107152 0.0]
- [-0.0578447151 -0.0420266455 0.0]
- [-0.0571024390 -0.0430297742 0.0]
- [-0.0563427689 -0.0440197955 0.0]
- [-0.0555659362 -0.0449964080 0.0]
- [-0.0547721777 -0.0459593141 0.0]
- [-0.0539617350 -0.0469082206 0.0]
- [-0.0531348550 -0.0478428384 0.0]
- [-0.0522917897 -0.0487628827 0.0]
- [-0.0514327957 -0.0496680735 0.0]
- [-0.0505581349 -0.0505581349 0.0]
- [-0.0496680735 -0.0514327957 0.0]
- [-0.0487628827 -0.0522917897 0.0]
- [-0.0478428384 -0.0531348550 0.0]
- [-0.0469082206 -0.0539617350 0.0]
- [-0.0459593141 -0.0547721777 0.0]
- [-0.0449964080 -0.0555659362 0.0]
- [-0.0440197955 -0.0563427689 0.0]
- [-0.0430297742 -0.0571024390 0.0]
- [-0.0420266455 -0.0578447151 0.0]
- [-0.0410107152 -0.0585693712 0.0]
- [-0.0399822926 -0.0592761864 0.0]
- [-0.0389416910 -0.0599649456 0.0]
- [-0.0378892274 -0.0606354389 0.0]
- [-0.0368252224 -0.0612874620 0.0]
- [-0.0357500000 -0.0619208164 0.0]
- [-0.0346638878 -0.0625353091 0.0]
- [-0.0335672167 -0.0631307529 0.0]
- [-0.0324603207 -0.0637069665 0.0]
- [-0.0313435370 -0.0642637743 0.0]
- [-0.0302172057 -0.0648010068 0.0]
- [-0.0290816700 -0.0653185002 0.0]
- [-0.0279372757 -0.0658160970 0.0]
- [-0.0267843714 -0.0662936456 0.0]
- [-0.0256233084 -0.0667510005 0.0]
- [-0.0244544402 -0.0671880224 0.0]
- [-0.0232781230 -0.0676045782 0.0]
- [-0.0220947151 -0.0680005409 0.0]
- [-0.0209045769 -0.0683757901 0.0]
- [-0.0197080709 -0.0687302113 0.0]
- [-0.0185055617 -0.0690636966 0.0]
- [-0.0172974155 -0.0693761444 0.0]
- [-0.0160840004 -0.0696674596 0.0]
- [-0.0148656859 -0.0699375535 0.0]
- [-0.0136428432 -0.0701863436 0.0]
- [-0.0124158447 -0.0704137543 0.0]
- [-0.0111850643 -0.0706197164 0.0]
- [-0.0099508767 -0.0708041669 0.0]
- [-0.0087136581 -0.0709670498 0.0]
- [-0.0074737851 -0.0711083155 0.0]
- [-0.0062316356 -0.0712279209 0.0]
- [-0.0049875879 -0.0713258296 0.0]
- [-0.0037420209 -0.0714020117 0.0]
- [-0.0024953140 -0.0714564441 0.0]
- [-0.0012478471 -0.0714891102 0.0]
- [-0.0000000000 -0.0715000000 0.0]
- [0.0012478471 -0.0714891102 0.0]
- [0.0024953140 -0.0714564441 0.0]
- [0.0037420209 -0.0714020117 0.0]
- [0.0049875879 -0.0713258296 0.0]
- [0.0062316356 -0.0712279209 0.0]
- [0.0074737851 -0.0711083155 0.0]
- [0.0087136581 -0.0709670498 0.0]
- [0.0099508767 -0.0708041669 0.0]
- [0.0111850643 -0.0706197164 0.0]
- [0.0124158447 -0.0704137543 0.0]
- [0.0136428432 -0.0701863436 0.0]
- [0.0148656859 -0.0699375535 0.0]
- [0.0160840004 -0.0696674596 0.0]
- [0.0172974155 -0.0693761444 0.0]
- [0.0185055617 -0.0690636966 0.0]
- [0.0197080709 -0.0687302113 0.0]
- [0.0209045769 -0.0683757901 0.0]
- [0.0220947151 -0.0680005409 0.0]
- [0.0232781230 -0.0676045782 0.0]
- [0.0244544402 -0.0671880224 0.0]
- [0.0256233084 -0.0667510005 0.0]
- [0.0267843714 -0.0662936456 0.0]
- [0.0279372757 -0.0658160970 0.0]
- [0.0290816700 -0.0653185002 0.0]
- [0.0302172057 -0.0648010068 0.0]
- [0.0313435370 -0.0642637743 0.0]
- [0.0324603207 -0.0637069665 0.0]
- [0.0335672167 -0.0631307529 0.0]
- [0.0346638878 -0.0625353091 0.0]
- [0.0357500000 -0.0619208164 0.0]
- [0.0368252224 -0.0612874620 0.0]
- [0.0378892274 -0.0606354389 0.0]
- [0.0389416910 -0.0599649456 0.0]
- [0.0399822926 -0.0592761864 0.0]
- [0.0410107152 -0.0585693712 0.0]
- [0.0420266455 -0.0578447151 0.0]
- [0.0430297742 -0.0571024390 0.0]
- [0.0440197955 -0.0563427689 0.0]
- [0.0449964080 -0.0555659362 0.0]
- [0.0459593141 -0.0547721777 0.0]
- [0.0469082206 -0.0539617350 0.0]
- [0.0478428384 -0.0531348550 0.0]
- [0.0487628827 -0.0522917897 0.0]
- [0.0496680735 -0.0514327957 0.0]
- [0.0505581349 -0.0505581349 0.0]
- [0.0514327957 -0.0496680735 0.0]
- [0.0522917897 -0.0487628827 0.0]
- [0.0531348550 -0.0478428384 0.0]
- [0.0539617350 -0.0469082206 0.0]
- [0.0547721777 -0.0459593141 0.0]
- [0.0555659362 -0.0449964080 0.0]
- [0.0563427689 -0.0440197955 0.0]
- [0.0571024390 -0.0430297742 0.0]
- [0.0578447151 -0.0420266455 0.0]
- [0.0585693712 -0.0410107152 0.0]
- [0.0592761864 -0.0399822926 0.0]
- [0.0599649456 -0.0389416910 0.0]
- [0.0606354389 -0.0378892274 0.0]
- [0.0612874620 -0.0368252224 0.0]
- [0.0619208164 -0.0357500000 0.0]
- [0.0625353091 -0.0346638878 0.0]
- [0.0631307529 -0.0335672167 0.0]
- [0.0637069665 -0.0324603207 0.0]
- [0.0642637743 -0.0313435370 0.0]
- [0.0648010068 -0.0302172057 0.0]
- [0.0653185002 -0.0290816700 0.0]
- [0.0658160970 -0.0279372757 0.0]
- [0.0662936456 -0.0267843714 0.0]
- [0.0667510005 -0.0256233084 0.0]
- [0.0671880224 -0.0244544402 0.0]
- [0.0676045782 -0.0232781230 0.0]
- [0.0680005409 -0.0220947151 0.0]
- [0.0683757901 -0.0209045769 0.0]
- [0.0687302113 -0.0197080709 0.0]
- [0.0690636966 -0.0185055617 0.0]
- [0.0693761444 -0.0172974155 0.0]
- [0.0696674596 -0.0160840004 0.0]
- [0.0699375535 -0.0148656859 0.0]
- [0.0701863436 -0.0136428432 0.0]
- [0.0704137543 -0.0124158447 0.0]
- [0.0706197164 -0.0111850643 0.0]
- [0.0708041669 -0.0099508767 0.0]
- [0.0709670498 -0.0087136581 0.0]
- [0.0711083155 -0.0074737851 0.0]
- [0.0712279209 -0.0062316356 0.0]
- [0.0713258296 -0.0049875879 0.0]
- [0.0714020117 -0.0037420209 0.0]
- [0.0714564441 -0.0024953140 0.0]
- [0.0714891102 -0.0012478471 0.0]
elements:
- [1 2]
- [2 3]
- [3 4]
- [4 5]
- [5 6]
- [6 7]
- [7 8]
- [8 9]
- [9 10]
- [10 11]
- [11 12]
- [12 13]
- [13 14]
- [14 15]
- [15 16]
- [16 17]
- [17 18]
- [18 19]
- [19 20]
- [20 21]
- [21 22]
- [22 23]
- [23 24]
- [24 25]
- [25 26]
- [26 27]
- [27 28]
- [28 29]
- [29 30]
- [30 31]
- [31 32]
- [32 33]
- [33 34]
- [34 35]
- [35 36]
- [36 37]
- [37 38]
- [38 39]
- [39 40]
- [40 41]
- [41 42]
- [42 43]
- [43 44]
- [44 45]
- [45 46]
- [46 47]
- [47 48]
- [48 49]
- [49 50]
- [50 51]
- [51 52]
- [52 53]
- [53 54]
- [54 55]
- [55 56]
- [56 57]
- [57 58]
- [58 59]
- [59 60]
- [60 61]
- [61 62]
- [62 63]
- [63 64]
- [64 65]
- [65 66]
- [66 67]
- [67 68]
- [68 69]
- [69 70]
- [70 71]
- [71 72]
- [72 73]
- [73 74]
- [74 75]
- [75 76]
- [76 77]
- [77 78]
- [78 79]
- [79 80]
- [80 81]
- [81 82]
- [82 83]
- [83 84]
- [84 85]
- [85 86]
- [86 87]
- [87 88]
- [88 89]
- [89 90]
- [90 91]
- [91 92]
- [92 93]
- [93 94]
- [94 95]
- [95 96]
- [96 97]
- [97 98]
- [98 99]
- [99 100]
- [100 101]
- [101 102]
- [102 103]
- [103 104]
- [104 105]
- [105 106]
- [106 107]
- [107 108]
- [108 109]
- [109 110]
- [110 111]
- [111 112]
- [112 113]
- [113 114]
- [114 115]
- [115 116]
- [116 117]
- [117 118]
- [118 119]
- [119 120]
- [120 121]
- [121 122]
- [122 123]
- [123 124]
- [124 125]
- [125 126]
- [126 127]
- [127 128]
- [128 129]
- [129 130]
- [130 131]
- [131 132]
- [132 133]
- [133 134]
- [134 135]
- [135 136]
- [136 137]
- [137 138]
- [138 139]
- [139 140]
- [140 141]
- [141 142]
- [142 143]
- [143 144]
- [144 145]
- [145 146]
- [146 147]
- [147 148]
- [148 149]
- [149 150]
- [150 151]
- [151 152]
- [152 153]
- [153 154]
- [154 155]
- [155 156]
- [156 157]
- [157 158]
- [158 159]
- [159 160]
- [160 161]
- [161 162]
- [162 163]
- [163 164]
- [164 165]
- [165 166]
- [166 167]
- [167 168]
- [168 169]
- [169 170]
- [170 171]
- [171 172]
- [172 173]
- [173 174]
- [174 175]
- [175 176]
- [176 177]
- [177 178]
- [178 179]
- [179 180]
- [180 181]
- [181 182]
- [182 183]
- [183 184]
- [184 185]
- [185 186]
- [186 187]
- [187 188]
- [188 189]
- [189 190]
- [190 191]
- [191 192]
- [192 193]
- [193 194]
- [194 195]
- [195 196]
- [196 197]
- [197 198]
- [198 199]
- [199 200]
- [200 201]
- [201 202]
- [202 203]
- [203 204]
- [204 205]
- [205 206]
- [206 207]
- [207 208]
- [208 209]
- [209 210]
- [210 211]
- [211 212]
- [212 213]
- [213 214]
- [214 215]
- [215 216]
- [216 217]
- [217 218]
- [218 219]
- [219 220]
- [220 221]
- [221 222]
- [222 223]
- [223 224]
- [224 225]
- [225 226]
- [226 227]
- [227 228]
- [228 229]
- [229 230]
- [230 231]
- [231 232]
- [232 233]
- [233 234]
- [234 235]
- [235 236]
- [236 237]
- [237 238]
- [238 239]
- [239 240]
- [240 241]
- [241 242]
- [242 243]
- [243 244]
- [244 245]
- [245 246]
- [246 247]
- [247 248]
- [248 249]
- [249 250]
- [250 251]
- [251 252]
- [252 253]
- [253 254]
- [254 255]
- [255 256]
- [256 257]
- [257 258]
- [258 259]
- [259 260]
- [260 261]
- [261 262]
- [262 263]
- [263 264]
- [264 265]
- [265 266]
- [266 267]
- [267 268]
- [268 269]
- [269 270]
- [270 271]
- [271 272]
- [272 273]
- [273 274]
- [274 275]
- [275 276]
- [276 277]
- [277 278]
- [278 279]
- [279 280]
- [280 281]
- [281 282]
- [282 283]
- [283 284]
- [284 285]
- [285 286]
- [286 287]
- [287 288]
- [288 289]
- [289 290]
- [290 291]
- [291 292]
- [292 293]
- [293 294]
- [294 295]
- [295 296]
- [296 297]
- [297 298]
- [298 299]
- [299 300]
- [300 301]
- [301 302]
- [302 303]
- [303 304]
- [304 305]
- [305 306]
- [306 307]
- [307 308]
- [308 309]
- [309 310]
- [310 311]
- [311 312]
- [312 313]
- [313 314]
- [314 315]
- [315 316]
- [316 317]
- [317 318]
- [318 319]
- [319 320]
- [320 321]
- [321 322]
- [322 323]
- [323 324]
- [324 325]
- [325 326]
- [326 327]
- [327 328]
- [328 329]
- [329 330]
- [330 331]
- [331 332]
- [332 333]
- [333 334]
- [334 335]
- [335 336]
- [336 337]
- [337 338]
- [338 339]
- [339 340]
- [340 341]
- [341 342]
- [342 343]
- [343 344]
- [344 345]
- [345 346]
- [346 347]
- [347 348]
- [348 349]
- [349 350]
- [350 351]
- [351 352]
- [352 353]
- [353 354]
- [354 355]
- [355 356]
- [356 357]
- [357 358]
- [358 359]
- [359 360]
- [360 1]
sets:
  element:
  - name: tube
    labels:
    - 1
    - 2
    - 3
    - 4
    - 5
    - 6
    - 7
    - 8
    - 9
    - 10
    - 11
    - 12
    - 13
    - 14
    - 15
    - 16
    - 17
    - 18
    - 19
    - 20
    - 21
    - 22
    - 23
    - 24
    - 25
    - 26
    - 27
    - 28
    - 29
    - 30
    - 31
    - 32
    - 33
    - 34
    - 35
    - 36
    - 37
    - 38
    - 39
    - 40
    - 41
    - 42
    - 43
    - 44
    - 45
    - 46
    - 47
    - 48
    - 49
    - 50
    - 51
    - 52
    - 53
    - 54
    - 55
    - 56
    - 57
    - 58
    - 59
    - 60
    - 61
    - 62
    - 63
    - 64
    - 65
    - 66
    - 67
    - 68
    - 69
    - 70
    - 71
    - 72
    - 73
    - 74
    - 75
    - 76
    - 77
    - 78
    - 79
    - 80
    - 81
    - 82
    - 83
    - 84
    - 85
    - 86
    - 87
    - 88
    - 89
    - 90
    - 91
    - 92
    - 93
    - 94
    - 95
    - 96
    - 97
    - 98
    - 99
    - 100
    - 101
    - 102
    - 103
    - 104
    - 105
    - 106
    - 107
    - 108
    - 109
    - 110
    - 111
    - 112
    - 113
    - 114
    - 115
    - 116
    - 117
    - 118
    - 119
    - 120
    - 121
    - 122
    - 123
    - 124
    - 125
    - 126
    - 127
    - 128
    - 129
    - 130
    - 131
    - 132
    - 133
    - 134
    - 135
    - 136
    - 137
    - 138
    - 139
    - 140
    - 141
    - 142
    - 143
    - 144
    - 145
    - 146
    - 147
    - 148
    - 149
    - 150
    - 151
    - 152
    - 153
    - 154
    - 155
    - 156
    - 157
    - 158
    - 159
    - 160
    - 161
    - 162
    - 163
    - 164
    - 165
    - 166
    - 167
    - 168
    - 169
    - 170
    - 171
    - 172
    - 173
    - 174
    - 175
    - 176
    - 177
    - 178
    - 179
    - 180
    - 181
    - 182
    - 183
    - 184
    - 185
    - 186
    - 187
    - 188
    - 189
    - 190
    - 191
    - 192
    - 193
    - 194
    - 195
    - 196
    - 197
    - 198
    - 199
    - 200
    - 201
    - 202
    - 203
    - 204
    - 205
    - 206
    - 207
    - 208
    - 209
    - 210
    - 211
    - 212
    - 213
    - 214
    - 215
    - 216
    - 217
    - 218
    - 219
    - 220
    - 221
    - 222
    - 223
    - 224
    - 225
    - 226
    - 227
    - 228
    - 229
    - 230
    - 231
    - 232
    - 233
    - 234
    - 235
    - 236
    - 237
    - 238
    - 239
    - 240
    - 241
    - 242
    - 243
    - 244
    - 245
    - 246
    - 247
    - 248
    - 249
    - 250
    - 251
    - 252
    - 253
    - 254
    - 255
    - 256
    - 257
    - 258
    - 259
    - 260
    - 261
    - 262
    - 263
    - 264
    - 265
    - 266
    - 267
    - 268
    - 269
    - 270
    - 271
    - 272
    - 273
    - 274
    - 275
    - 276
    - 277
    - 278
    - 279
    - 280
    - 281
    - 282
    - 283
    - 284
    - 285
    - 286
    - 287
    - 288
    - 289
    - 290
    - 291
    - 292
    - 293
    - 294
    - 295
    - 296
    - 297
    - 298
    - 299
    - 300
    - 301
    - 302
    - 303
    - 304
    - 305
    - 306
    - 307
    - 308
    - 309
    - 310
    - 311
    - 312
    - 313
    - 314
    - 315
    - 316
    - 317
    - 318
    - 319
    - 320
    - 321
    - 322
    - 323
    - 324
    - 325
    - 326
    - 327
    - 328
    - 329
    - 330
    - 331
    - 332
    - 333
    - 334
    - 335
    - 336
    - 337
    - 338
    - 339
    - 340
    - 341
    - 342
    - 343
    - 344
    - 345
    - 346
    - 347
    - 348
    - 349
    - 350
    - 351
    - 352
    - 353
    - 354
    - 355
    - 356
    - 357
    - 358
    - 359
    - 360
sections:
- type: shell
  elementSet: tube
  layup:
  - - mat
    - 0.008682
    - -45.0
materials:
- name: mat
  density: 1860.0
  elastic:
    E:
    - 37000000000.0
    - 9000000000.0
    - 9000000000.0
    G:
    - 4000000000.0
    - 4000000000.0
    - 4000000000.0
    nu:
    - 0.3
    - 0.3
    - 0.3
elementOrientations:
- [0.0, 0.0, 1.0, -0.008726535498373173, 0.9999619230641714, 0.0, -0.9999619230641713,
  -0.008726535498373935, 0.0]
- [0.0, 0.0, 1.0, -0.02617694830786821, 0.9996573249755574, 0.0, -0.9996573249755574,
  -0.026176948307873153, 0.0]
- [0.0, 0.0, 1.0, -0.043619387365348775, 0.9990482215818571, 0.0, -0.9990482215818578,
  -0.043619387365336, 0.0]
- [0.0, 0.0, 1.0, -0.06104853953484761, 0.9981347984218675, 0.0, -0.9981347984218669,
  -0.061048539534856866, 0.0]
- [0.0, 0.0, 1.0, -0.07845909572784898, 0.9969173337331277, 0.0, -0.996917333733128,
  -0.07845909572784494, 0.0]
- [0.0, 0.0, 1.0, -0.0958457525202216, 0.9953961983671791, 0.0, -0.9953961983671789,
  -0.09584575252022397, 0.0]
- [0.0, 0.0, 1.0, -0.11320321376791508, 0.9935718556765866, 0.0, -0.9935718556765873,
  -0.1132032137679067, 0.0]
- [0.0, 0.0, 1.0, -0.13052619222003586, 0.9914448613738125, 0.0, -0.9914448613738105,
  -0.13052619222005157, 0.0]
- [0.0, 0.0, 1.0, -0.14780941112961396, 0.9890158633619163, 0.0, -0.9890158633619167,
  -0.14780941112961057, 0.0]
- [0.0, 0.0, 1.0, -0.1650476058606875, 0.9862856015372298, 0.0, -0.9862856015372314,
  -0.16504760586067765, 0.0]
- [0.0, 0.0, 1.0, -0.1822355254921413, 0.9832549075639558, 0.0, -0.9832549075639545,
  -0.18223552549214744, 0.0]
- [0.0, 0.0, 1.0, -0.19936793441719242, 0.9799247046208306, 0.0, -0.9799247046208297,
  -0.1993679344171972, 0.0]
- [0.0, 0.0, 1.0, -0.21643961393811076, 0.9762960071199315, 0.0, -0.9762960071199334,
  -0.21643961393810282, 0.0]
- [0.0, 0.0, 1.0, -0.23344536385590198, 0.9723699203976774, 0.0, -0.9723699203976766,
  -0.23344536385590534, 0.0]
- [0.0, 0.0, 1.0, -0.25038000405444305, 0.9681476403781074, 0.0, -0.9681476403781077,
  -0.2503800040544414, 0.0]
- [0.0, 0.0, 1.0, -0.2672383760782565, 0.9636304532086231, 0.0, -0.963630453208623,
  -0.2672383760782568, 0.0]
- [0.0, 0.0, 1.0, -0.2840153447039288, 0.9588197348681912, 0.0, -0.958819734868193,
  -0.28401534470392265, 0.0]
- [0.0, 0.0, 1.0, -0.3007057995042652, 0.9537169507482295, 0.0, -0.9537169507482269,
  -0.3007057995042731, 0.0]
- [0.0, 0.0, 1.0, -0.3173046564050936, 0.948323655206199, 0.0, -0.9483236552061994,
  -0.31730465640509214, 0.0]
- [0.0, 0.0, 1.0, -0.3338068592337649, 0.9426414910921805, 0.0, -0.9426414910921784,
  -0.3338068592337709, 0.0]
- [0.0, 0.0, 1.0, -0.3502073812594737, 0.9366721892483952, 0.0, -0.9366721892483976,
  -0.3502073812594674, 0.0]
- [0.0, 0.0, 1.0, -0.36650122672429325, 0.9304175679820261, 0.0, -0.9304175679820246,
  -0.36650122672429725, 0.0]
- [0.0, 0.0, 1.0, -0.3826834323650896, 0.9238795325112868, 0.0, -0.9238795325112867,
  -0.3826834323650897, 0.0]
- [0.0, 0.0, 1.0, -0.39874906892524975, 0.9170600743851224, 0.0, -0.917060074385124,
  -0.3987490689252461, 0.0]
- [0.0, 0.0, 1.0, -0.4146932426562401, 0.9099612708765428, 0.0, -0.9099612708765432,
  -0.4146932426562391, 0.0]
- [0.0, 0.0, 1.0, -0.43051109680829724, 0.9025852843498596, 0.0, -0.9025852843498605,
  -0.43051109680829514, 0.0]
- [0.0, 0.0, 1.0, -0.446197813109803, 0.894934361602028, 0.0, -0.8949343616020251,
  -0.4461978131098087, 0.0]
- [0.0, 0.0, 1.0, -0.4617486132350316, 0.8870108331782229, 0.0, -0.8870108331782218,
  -0.4617486132350339, 0.0]
- [0.0, 0.0, 1.0, -0.4771587602596128, 0.878817112661963, 0.0, -0.8788171126619654,
  -0.47715876025960846, 0.0]
- [0.0, 0.0, 1.0, -0.4924235601034673, 0.8703556959398995, 0.0, -0.8703556959398998,
  -0.49242356010346705, 0.0]
- [0.0, 0.0, 1.0, -0.5075383629607044, 0.8616291604415256, 0.0, -0.8616291604415258,
  -0.5075383629607041, 0.0]
- [0.0, 0.0, 1.0, -0.5224985647159498, 0.8526401643540917, 0.0, -0.8526401643540923,
  -0.5224985647159488, 0.0]
- [0.0, 0.0, 1.0, -0.5372996083468227, 0.8433914458128865, 0.0, -0.8433914458128857,
  -0.5372996083468239, 0.0]
- [0.0, 0.0, 1.0, -0.5519369853120545, 0.8338858220671707, 0.0, -0.8338858220671682,
  -0.5519369853120583, 0.0]
- [0.0, 0.0, 1.0, -0.5664062369248385, 0.8241261886220117, 0.0, -0.8241261886220157,
  -0.5664062369248328, 0.0]
- [0.0, 0.0, 1.0, -0.5807029557109364, 0.8141155183563216, 0.0, -0.8141155183563192,
  -0.5807029557109398, 0.0]
- [0.0, 0.0, 1.0, -0.5948227867513431, 0.8038568606172161, 0.0, -0.8038568606172174,
  -0.5948227867513413, 0.0]
- [0.0, 0.0, 1.0, -0.608761429008721, 0.7933533402912348, 0.0, -0.7933533402912352,
  -0.6087614290087207, 0.0]
- [0.0, 0.0, 1.0, -0.6225146366376196, 0.7826081568524138, 0.0, -0.7826081568524139,
  -0.6225146366376195, 0.0]
- [0.0, 0.0, 1.0, -0.6360782202777686, 0.7716245833877161, 0.0, -0.7716245833877199,
  -0.636078220277764, 0.0]
- [0.0, 0.0, 1.0, -0.6494480483301805, 0.7604059656000336, 0.0, -0.7604059656000309,
  -0.6494480483301835, 0.0]
- [0.0, 0.0, 1.0, -0.662620048215736, 0.7489557207890035, 0.0, -0.7489557207890022,
  -0.6626200482157374, 0.0]
- [0.0, 0.0, 1.0, -0.6755902076156551, 0.7372773368101287, 0.0, -0.7372773368101241,
  -0.6755902076156602, 0.0]
- [0.0, 0.0, 1.0, -0.6883545756937582, 0.7253743710122834, 0.0, -0.7253743710122877,
  -0.688354575693754, 0.0]
- [0.0, 0.0, 1.0, -0.7009092642998462, 0.7132504491541862, 0.0, -0.7132504491541817,
  -0.7009092642998509, 0.0]
- [0.0, 0.0, 1.0, -0.7132504491541862, 0.7009092642998461, 0.0, -0.700909264299851,
  -0.7132504491541817, 0.0]
- [0.0, 0.0, 1.0, -0.7253743710122861, 0.6883545756937555, 0.0, -0.688354575693754,
  -0.7253743710122876, 0.0]
- [0.0, 0.0, 1.0, -0.7372773368101287, 0.6755902076156551, 0.0, -0.6755902076156602,
  -0.7372773368101241, 0.0]
- [0.0, 0.0, 1.0, -0.7489557207889984, 0.6626200482157419, 0.0, -0.6626200482157374,
  -0.7489557207890021, 0.0]
- [0.0, 0.0, 1.0, -0.7604059656000313, 0.6494480483301832, 0.0, -0.6494480483301837,
  -0.7604059656000309, 0.0]
- [0.0, 0.0, 1.0, -0.7716245833877212, 0.6360782202777626, 0.0, -0.6360782202777641,
  -0.7716245833877199, 0.0]
- [0.0, 0.0, 1.0, -0.7826081568524111, 0.622514636637623, 0.0, -0.6225146366376196,
  -0.7826081568524139, 0.0]
- [0.0, 0.0, 1.0, -0.793353340291233, 0.6087614290087238, 0.0, -0.6087614290087208,
  -0.7933533402912352, 0.0]
- [0.0, 0.0, 1.0, -0.8038568606172198, 0.5948227867513378, 0.0, -0.5948227867513414,
  -0.8038568606172174, 0.0]
- [0.0, 0.0, 1.0, -0.8141155183563216, 0.5807029557109364, 0.0, -0.5807029557109398,
  -0.8141155183563192, 0.0]
- [0.0, 0.0, 1.0, -0.8241261886220135, 0.5664062369248359, 0.0, -0.5664062369248328,
  -0.8241261886220157, 0.0]
- [0.0, 0.0, 1.0, -0.8338858220671697, 0.5519369853120556, 0.0, -0.5519369853120583,
  -0.8338858220671682, 0.0]
- [0.0, 0.0, 1.0, -0.8433914458128831, 0.5372996083468281, 0.0, -0.5372996083468239,
  -0.8433914458128857, 0.0]
- [0.0, 0.0, 1.0, -0.8526401643540936, 0.5224985647159467, 0.0, -0.5224985647159489,
  -0.8526401643540923, 0.0]
- [0.0, 0.0, 1.0, -0.8616291604415256, 0.5075383629607044, 0.0, -0.5075383629607043,
  -0.8616291604415257, 0.0]
- [0.0, 0.0, 1.0, -0.8703556959398986, 0.49242356010346916, 0.0, -0.49242356010346716,
  -0.8703556959398997, 0.0]
- [0.0, 0.0, 1.0, -0.8788171126619688, 0.47715876025960186, 0.0, -0.47715876025960846,
  -0.8788171126619654, 0.0]
- [0.0, 0.0, 1.0, -0.8870108331782229, 0.4617486132350316, 0.0, -0.4617486132350339,
  -0.8870108331782216, 0.0]
- [0.0, 0.0, 1.0, -0.8949343616020224, 0.4461978131098141, 0.0, -0.4461978131098089,
  -0.8949343616020251, 0.0]
- [0.0, 0.0, 1.0, -0.9025852843498606, 0.4305110968082951, 0.0, -0.4305110968082952,
  -0.9025852843498605, 0.0]
- [0.0, 0.0, 1.0, -0.9099612708765422, 0.4146932426562411, 0.0, -0.4146932426562391,
  -0.9099612708765432, 0.0]
- [0.0, 0.0, 1.0, -0.9170600743851252, 0.3987490689252435, 0.0, -0.3987490689252463,
  -0.917060074385124, 0.0]
- [0.0, 0.0, 1.0, -0.9238795325112851, 0.3826834323650942, 0.0, -0.3826834323650898,
  -0.9238795325112867, 0.0]
- [0.0, 0.0, 1.0, -0.9304175679820246, 0.366501226724297, 0.0, -0.3665012267242973,
  -0.9304175679820246, 0.0]
- [0.0, 0.0, 1.0, -0.9366721892483993, 0.35020738125946305, 0.0, -0.3502073812594676,
  -0.9366721892483976, 0.0]
- [0.0, 0.0, 1.0, -0.9426414910921771, 0.33380685923377484, 0.0, -0.33380685923377096,
  -0.9426414910921783, 0.0]
- [0.0, 0.0, 1.0, -0.9483236552061991, 0.3173046564050927, 0.0, -0.3173046564050922,
  -0.9483236552061994, 0.0]
- [0.0, 0.0, 1.0, -0.9537169507482297, 0.3007057995042644, 0.0, -0.3007057995042732,
  -0.9537169507482269, 0.0]
- [0.0, 0.0, 1.0, -0.9588197348681912, 0.2840153447039288, 0.0, -0.28401534470392265,
  -0.958819734868193, 0.0]
- [0.0, 0.0, 1.0, -0.9636304532086231, 0.2672383760782565, 0.0, -0.2672383760782568,
  -0.963630453208623, 0.0]
- [0.0, 0.0, 1.0, -0.9681476403781067, 0.2503800040544457, 0.0, -0.2503800040544415,
  -0.9681476403781077, 0.0]
- [0.0, 0.0, 1.0, -0.9723699203976782, 0.2334453638558988, 0.0, -0.23344536385590542,
  -0.9723699203976766, 0.0]
- [0.0, 0.0, 1.0, -0.9762960071199335, 0.21643961393810254, 0.0, -0.21643961393810293,
  -0.9762960071199333, 0.0]
- [0.0, 0.0, 1.0, -0.9799247046208284, 0.19936793441720255, 0.0, -0.19936793441719733,
  -0.9799247046208297, 0.0]
- [0.0, 0.0, 1.0, -0.9832549075639558, 0.1822355254921413, 0.0, -0.18223552549214753,
  -0.9832549075639545, 0.0]
- [0.0, 0.0, 1.0, -0.9862856015372298, 0.16504760586068729, 0.0, -0.1650476058606777,
  -0.9862856015372314, 0.0]
- [0.0, 0.0, 1.0, -0.9890158633619177, 0.14780941112960472, 0.0, -0.1478094111296108,
  -0.9890158633619167, 0.0]
- [0.0, 0.0, 1.0, -0.9914448613738113, 0.13052619222004497, 0.0, -0.13052619222005174,
  -0.9914448613738103, 0.0]
- [0.0, 0.0, 1.0, -0.9935718556765866, 0.11320321376791492, 0.0, -0.11320321376790672,
  -0.9935718556765873, 0.0]
- [0.0, 0.0, 1.0, -0.9953961983671791, 0.09584575252022139, 0.0, -0.09584575252022397,
  -0.9953961983671789, 0.0]
- [0.0, 0.0, 1.0, -0.9969173337331275, 0.07845909572784984, 0.0, -0.078459095727845,
  -0.996917333733128, 0.0]
- [0.0, 0.0, 1.0, -0.9981347984218676, 0.06104853953484753, 0.0, -0.06104853953485701,
  -0.9981347984218669, 0.0]
- [0.0, 0.0, 1.0, -0.9990482215818572, 0.04361938736534872, 0.0, -0.04361938736533612,
  -0.9990482215818578, 0.0]
- [0.0, 0.0, 1.0, -0.9996573249755574, 0.026176948307867844, 0.0, -0.02617694830787314,
  -0.9996573249755574, 0.0]
- [0.0, 0.0, 1.0, -0.9999619230641714, 0.00872653549837327, 0.0, -0.008726535498373898,
  -0.9999619230641713, 0.0]
- [0.0, 0.0, 1.0, -0.9999619230641714, -0.00872653549837316, 0.0, 0.008726535498373888,
  -0.9999619230641713, 0.0]
- [0.0, 0.0, 1.0, -0.9996573249755574, -0.026176948307868514, 0.0, 0.026176948307873017,
  -0.9996573249755574, 0.0]
- [0.0, 0.0, 1.0, -0.9990482215818572, -0.04361938736534872, 0.0, 0.04361938736533577,
  -0.9990482215818578, 0.0]
- [0.0, 0.0, 1.0, -0.9981347984218677, -0.06104853953484679, 0.0, 0.06104853953485678,
  -0.9981347984218669, 0.0]
- [0.0, 0.0, 1.0, -0.9969173337331275, -0.07845909572784882, 0.0, 0.07845909572784499,
  -0.996917333733128, 0.0]
- [0.0, 0.0, 1.0, -0.995396198367179, -0.0958457525202226, 0.0, 0.09584575252022395,
  -0.9953961983671789, 0.0]
- [0.0, 0.0, 1.0, -0.9935718556765879, -0.11320321376790396, 0.0, 0.1132032137679066,
  -0.9935718556765876, 0.0]
- [0.0, 0.0, 1.0, -0.9914448613738112, -0.1305261922200466, 0.0, 0.13052619222005152,
  -0.9914448613738105, 0.0]
- [0.0, 0.0, 1.0, -0.989015863361915, -0.14780941112962281, 0.0, 0.14780941112961066,
  -0.9890158633619167, 0.0]
- [0.0, 0.0, 1.0, -0.9862856015372312, -0.1650476058606785, 0.0, 0.16504760586067768,
  -0.9862856015372314, 0.0]
- [0.0, 0.0, 1.0, -0.9832549075639558, -0.18223552549214106, 0.0, 0.18223552549214744,
  -0.9832549075639545, 0.0]
- [0.0, 0.0, 1.0, -0.9799247046208301, -0.1993679344171946, 0.0, 0.19936793441719708,
  -0.9799247046208297, 0.0]
- [0.0, 0.0, 1.0, -0.9762960071199315, -0.21643961393811076, 0.0, 0.21643961393810268,
  -0.9762960071199335, 0.0]
- [0.0, 0.0, 1.0, -0.9723699203976784, -0.2334453638558982, 0.0, 0.23344536385590534,
  -0.9723699203976766, 0.0]
- [0.0, 0.0, 1.0, -0.9681476403781074, -0.25038000405444305, 0.0, 0.2503800040544415,
  -0.9681476403781077, 0.0]
- [0.0, 0.0, 1.0, -0.9636304532086223, -0.2672383760782594, 0.0, 0.2672383760782568,
  -0.963630453208623, 0.0]
- [0.0, 0.0, 1.0, -0.9588197348681943, -0.28401534470391865, 0.0, 0.28401534470392253,
  -0.958819734868193, 0.0]
- [0.0, 0.0, 1.0, -0.9537169507482264, -0.30070579950427445, 0.0, 0.30070579950427306,
  -0.9537169507482269, 0.0]
- [0.0, 0.0, 1.0, -0.948323655206198, -0.3173046564050961, 0.0, 0.317304656405092,
  -0.9483236552061994, 0.0]
- [0.0, 0.0, 1.0, -0.9426414910921818, -0.33380685923376147, 0.0, 0.3338068592337708,
  -0.9426414910921784, 0.0]
- [0.0, 0.0, 1.0, -0.9366721892483952, -0.3502073812594737, 0.0, 0.3502073812594674,
  -0.9366721892483976, 0.0]
- [0.0, 0.0, 1.0, -0.9304175679820265, -0.3665012267242923, 0.0, 0.36650122672429725,
  -0.9304175679820246, 0.0]
- [0.0, 0.0, 1.0, -0.9238795325112856, -0.38268343236509256, 0.0, 0.38268343236508967,
  -0.9238795325112867, 0.0]
- [0.0, 0.0, 1.0, -0.9170600743851229, -0.39874906892524875, 0.0, 0.39874906892524603,
  -0.917060074385124, 0.0]
- [0.0, 0.0, 1.0, -0.9099612708765459, -0.4146932426562329, 0.0, 0.41469324265623897,
  -0.9099612708765432, 0.0]
- [0.0, 0.0, 1.0, -0.9025852843498579, -0.43051109680830085, 0.0, 0.4305110968082951,
  -0.9025852843498606, 0.0]
- [0.0, 0.0, 1.0, -0.8949343616020268, -0.44619781310980516, 0.0, 0.4461978131098088,
  -0.8949343616020251, 0.0]
- [0.0, 0.0, 1.0, -0.8870108331782194, -0.4617486132350384, 0.0, 0.4617486132350338,
  -0.8870108331782218, 0.0]
- [0.0, 0.0, 1.0, -0.8788171126619667, -0.47715876025960574, 0.0, 0.47715876025960824,
  -0.8788171126619654, 0.0]
- [0.0, 0.0, 1.0, -0.8703556959398983, -0.49242356010346966, 0.0, 0.492423560103467,
  -0.8703556959398998, 0.0]
- [0.0, 0.0, 1.0, -0.8616291604415299, -0.5075383629606972, 0.0, 0.5075383629607041,
  -0.8616291604415258, 0.0]
- [0.0, 0.0, 1.0, -0.8526401643540895, -0.5224985647159531, 0.0, 0.5224985647159489,
  -0.8526401643540923, 0.0]
- [0.0, 0.0, 1.0, -0.8433914458128854, -0.5372996083468241, 0.0, 0.5372996083468238,
  -0.8433914458128858, 0.0]
- [0.0, 0.0, 1.0, -0.8338858220671672, -0.5519369853120596, 0.0, 0.5519369853120581,
  -0.8338858220671682, 0.0]
- [0.0, 0.0, 1.0, -0.824126188622017, -0.566406236924831, 0.0, 0.5664062369248326,
  -0.8241261886220157, 0.0]
- [0.0, 0.0, 1.0, -0.8141155183563181, -0.5807029557109411, 0.0, 0.5807029557109397,
  -0.8141155183563193, 0.0]
- [0.0, 0.0, 1.0, -0.8038568606172165, -0.5948227867513423, 0.0, 0.5948227867513414,
  -0.8038568606172173, 0.0]
- [0.0, 0.0, 1.0, -0.7933533402912382, -0.6087614290087167, 0.0, 0.6087614290087208,
  -0.793353340291235, 0.0]
- [0.0, 0.0, 1.0, -0.7826081568524123, -0.6225146366376216, 0.0, 0.6225146366376195,
  -0.7826081568524139, 0.0]
- [0.0, 0.0, 1.0, -0.7716245833877202, -0.6360782202777638, 0.0, 0.636078220277764,
  -0.77162458338772, 0.0]
- [0.0, 0.0, 1.0, -0.76040596560003, -0.6494480483301847, 0.0, 0.6494480483301838,
  -0.7604059656000307, 0.0]
- [0.0, 0.0, 1.0, -0.748955720789002, -0.6626200482157376, 0.0, 0.6626200482157376,
  -0.7489557207890021, 0.0]
- [0.0, 0.0, 1.0, -0.7372773368101236, -0.6755902076156607, 0.0, 0.6755902076156602,
  -0.7372773368101241, 0.0]
- [0.0, 0.0, 1.0, -0.7253743710122919, -0.6883545756937496, 0.0, 0.6883545756937538,
  -0.7253743710122879, 0.0]
- [0.0, 0.0, 1.0, -0.7132504491541806, -0.7009092642998519, 0.0, 0.7009092642998508,
  -0.7132504491541818, 0.0]
- [0.0, 0.0, 1.0, -0.700909264299849, -0.7132504491541833, 0.0, 0.7132504491541817,
  -0.7009092642998509, 0.0]
- [0.0, 0.0, 1.0, -0.6883545756937552, -0.7253743710122864, 0.0, 0.7253743710122877,
  -0.6883545756937539, 0.0]
- [0.0, 0.0, 1.0, -0.6755902076156607, -0.7372773368101236, 0.0, 0.7372773368101241,
  -0.6755902076156604, 0.0]
- [0.0, 0.0, 1.0, -0.6626200482157363, -0.7489557207890031, 0.0, 0.7489557207890021,
  -0.6626200482157375, 0.0]
- [0.0, 0.0, 1.0, -0.6494480483301829, -0.7604059656000317, 0.0, 0.7604059656000309,
  -0.6494480483301838, 0.0]
- [0.0, 0.0, 1.0, -0.6360782202777653, -0.7716245833877189, 0.0, 0.7716245833877199,
  -0.6360782202777641, 0.0]
- [0.0, 0.0, 1.0, -0.6225146366376203, -0.7826081568524133, 0.0, 0.7826081568524137,
  -0.6225146366376197, 0.0]
- [0.0, 0.0, 1.0, -0.60876142900872, -0.7933533402912357, 0.0, 0.7933533402912352,
  -0.6087614290087207, 0.0]
- [0.0, 0.0, 1.0, -0.5948227867513413, -0.8038568606172173, 0.0, 0.8038568606172174,
  -0.5948227867513413, 0.0]
- [0.0, 0.0, 1.0, -0.5807029557109407, -0.8141155183563187, 0.0, 0.8141155183563191,
  -0.58070295571094, 0.0]
- [0.0, 0.0, 1.0, -0.5664062369248319, -0.8241261886220164, 0.0, 0.8241261886220156,
  -0.5664062369248329, 0.0]
- [0.0, 0.0, 1.0, -0.551936985312057, -0.8338858220671689, 0.0, 0.8338858220671682,
  -0.5519369853120581, 0.0]
- [0.0, 0.0, 1.0, -0.5372996083468238, -0.8433914458128857, 0.0, 0.8433914458128858,
  -0.5372996083468237, 0.0]
- [0.0, 0.0, 1.0, -0.5224985647159531, -0.8526401643540895, 0.0, 0.8526401643540922,
  -0.5224985647159489, 0.0]
- [0.0, 0.0, 1.0, -0.5075383629607013, -0.8616291604415276, 0.0, 0.8616291604415257,
  -0.5075383629607042, 0.0]
- [0.0, 0.0, 1.0, -0.49242356010346966, -0.8703556959398983, 0.0, 0.8703556959398998,
  -0.49242356010346716, 0.0]
- [0.0, 0.0, 1.0, -0.4771587602596089, -0.8788171126619652, 0.0, 0.8788171126619654,
  -0.4771587602596086, 0.0]
- [0.0, 0.0, 1.0, -0.461748613235027, -0.8870108331782253, 0.0, 0.8870108331782216,
  -0.4617486132350341, 0.0]
- [0.0, 0.0, 1.0, -0.44619781310980744, -0.8949343616020258, 0.0, 0.8949343616020251,
  -0.4461978131098088, 0.0]
- [0.0, 0.0, 1.0, -0.43051109680830046, -0.902585284349858, 0.0, 0.9025852843498606,
  -0.4305110968082952, 0.0]
- [0.0, 0.0, 1.0, -0.4146932426562361, -0.9099612708765445, 0.0, 0.9099612708765432,
  -0.4146932426562392, 0.0]
- [0.0, 0.0, 1.0, -0.39874906892525286, -0.9170600743851213, 0.0, 0.9170600743851238,
  -0.39874906892524653, 0.0]
- [0.0, 0.0, 1.0, -0.38268343236508573, -0.9238795325112885, 0.0, 0.9238795325112866,
  -0.38268343236509, 0.0]
- [0.0, 0.0, 1.0, -0.3665012267242972, -0.9304175679820246, 0.0, 0.9304175679820244,
  -0.36650122672429736, 0.0]
- [0.0, 0.0, 1.0, -0.35020738125946854, -0.9366721892483972, 0.0, 0.9366721892483976,
  -0.3502073812594675, 0.0]
- [0.0, 0.0, 1.0, -0.3338068592337783, -0.9426414910921758, 0.0, 0.9426414910921783,
  -0.3338068592337712, 0.0]
- [0.0, 0.0, 1.0, -0.31730465640508854, -0.9483236552062004, 0.0, 0.9483236552061992,
  -0.31730465640509226, 0.0]
- [0.0, 0.0, 1.0, -0.30070579950426835, -0.9537169507482284, 0.0, 0.9537169507482269,
  -0.3007057995042733, 0.0]
- [0.0, 0.0, 1.0, -0.2840153447039224, -0.958819734868193, 0.0, 0.9588197348681929,
  -0.284015344703923, 0.0]
- [0.0, 0.0, 1.0, -0.2672383760782633, -0.9636304532086212, 0.0, 0.963630453208623,
  -0.26723837607825723, 0.0]
- [0.0, 0.0, 1.0, -0.250380004054439, -0.9681476403781084, 0.0, 0.9681476403781077,
  -0.25038000405444155, 0.0]
- [0.0, 0.0, 1.0, -0.23344536385589945, -0.9723699203976781, 0.0, 0.9723699203976767,
  -0.23344536385590528, 0.0]
- [0.0, 0.0, 1.0, -0.21643961393811312, -0.976296007119931, 0.0, 0.9762960071199334,
  -0.21643961393810274, 0.0]
- [0.0, 0.0, 1.0, -0.19936793441719405, -0.9799247046208303, 0.0, 0.9799247046208297,
  -0.19936793441719722, 0.0]
- [0.0, 0.0, 1.0, -0.1822355254921393, -0.9832549075639562, 0.0, 0.9832549075639545,
  -0.18223552549214747, 0.0]
- [0.0, 0.0, 1.0, -0.1650476058606783, -0.9862856015372313, 0.0, 0.9862856015372314,
  -0.16504760586067768, 0.0]
