nodes:
- [0.0715000000 0.0000000000 0.0]
- [0.0713333170 0.0048793326 0.0]
- [0.0708340451 0.0097359154 0.0]
- [0.0700045123 0.0145471049 0.0]
- [0.0688485860 0.0192904691 0.0]
- [0.0673716559 0.0239438923 0.0]
- [0.0655806081 0.0284856779 0.0]
- [0.0634837931 0.0328946502 0.0]
- [0.0610909874 0.0371502524 0.0]
- [0.0584133474 0.0412326430 0.0]
- [0.0554633573 0.0451227880 0.0]
- [0.0522547714 0.0488025497 0.0]
- [0.0488025497 0.0522547714 0.0]
- [0.0451227880 0.0554633573 0.0]
- [0.0412326430 0.0584133474 0.0]
- [0.0371502524 0.0610909874 0.0]
- [0.0328946502 0.0634837931 0.0]
- [0.0284856779 0.0655806081 0.0]
- [0.0239438923 0.0673716559 0.0]
- [0.0192904691 0.0688485860 0.0]
- [0.0145471049 0.0700045123 0.0]
- [0.0097359154 0.0708340451 0.0]
- [0.0048793326 0.0713333170 0.0]
- [0.0000000000 0.0715000000 0.0]
- [-0.0048793326 0.0713333170 0.0]
- [-0.0097359154 0.0708340451 0.0]
- [-0.0145471049 0.0700045123 0.0]
- [-0.0192904691 0.0688485860 0.0]
- [-0.0239438923 0.0673716559 0.0]
- [-0.0284856779 0.0655806081 0.0]
- [-0.0328946502 0.0634837931 0.0]
- [-0.0371502524 0.0610909874 0.0]
- [-0.0412326430 0.0584133474 0.0]
- [-0.0451227880 0.0554633573 0.0]
- [-0.0488025497 0.0522547714 0.0]
- [-0.0522547714 0.0488025497 0.0]
- [-0.0554633573 0.0451227880 0.0]
- [-0.0584133474 0.0412326430 0.0]
- [-0.0610909874 0.0371502524 0.0]
- [-0.0634837931 0.0328946502 0.0]
- [-0.0655806081 0.0284856779 0.0]
- [-0.0673716559 0.0239438923 0.0]
- [-0.0688485860 0.0192904691 0.0]
- [-0.0700045123 0.0145471049 0.0]
- [-0.0708340451 0.0097359154 0.0]
- [-0.0713333170 0.0048793326 0.0]
- [-0.0715000000 0.0000000000 0.0]
- [-0.0713333170 -0.0048793326 0.0]
- [-0.0708340451 -0.0097359154 0.0]
- [-0.0700045123 -0.0145471049 0.0]
- [-0.0688485860 -0.0192904691 0.0]
- [-0.0673716559 -0.0239438923 0.0]
- [-0.0655806081 -0.0284856779 0.0]
- [-0.0634837931 -0.0328946502 0.0]
- [-0.0610909874 -0.0371502524 0.0]
- [-0.0584133474 -0.0412326430 0.0]
- [-0.0554633573 -0.0451227880 0.0]
- [-0.0522547714 -0.0488025497 0.0]
- [-0.0488025497 -0.0522547714 0.0]
- [-0.0451227880 -0.0554633573 0.0]
- [-0.0412326430 -0.0584133474 0.0]
- [-0.0371502524 -0.0610909874 0.0]
- [-0.0328946502 -0.0634837931 0.0]
- [-0.0284856779 -0.0655806081 0.0]
- [-0.0239438923 -0.0673716559 0.0]
- [-0.0192904691 -0.0688485860 0.0]
- [-0.0145471049 -0.0700045123 0.0]
- [-0.0097359154 -0.0708340451 0.0]
- [-0.0048793326 -0.0713333170 0.0]
- [-0.0000000000 -0.0715000000 0.0]
- [0.0048793326 -0.0713333170 0.0]
- [0.0097359154 -0.0708340451 0.0]
- [0.0145471049 -0.0700045123 0.0]
- [0.0192904691 -0.0688485860 0.0]
- [0.0239438923 -0.0673716559 0.0]
- [0.0284856779 -0.0655806081 0.0]
- [0.0328946502 -0.0634837931 0.0]
- [0.0371502524 -0.0610909874 0.0]
- [0.0412326430 -0.0584133474 0.0]
- [0.0451227880 -0.0554633573 0.0]
- [0.0488025497 -0.0522547714 0.0]
- [0.0522547714 -0.0488025497 0.0]
- [0.0554633573 -0.0451227880 0.0]
- [0.0584133474 -0.0412326430 0.0]
- [0.0610909874 -0.0371502524 0.0]
- [0.0634837931 -0.0328946502 0.0]
- [0.0655806081 -0.0284856779 0.0]
- [0.0673716559 -0.0239438923 0.0]
- [0.0688485860 -0.0192904691 0.0]
- [0.0700045123 -0.0145471049 0.0]
- [0.0708340451 -0.0097359154 0.0]
- [0.0713333170 -0.0048793326 0.0]
elements:
- [1 2]
- [2 3]
- [3 4]
- [4 5]
- [5 6]
- [6 7]
- [7 8]
- [8 9]
- [9 10]
- [10 11]
- [11 12]
- [12 13]
- [13 14]
- [14 15]
- [15 16]
- [16 17]
- [17 18]
- [18 19]
- [19 20]
- [20 21]
- [21 22]
- [22 23]
- [23 24]
- [24 25]
- [25 26]
- [26 27]
- [27 28]
- [28 29]
- [29 30]
- [30 31]
- [31 32]
- [32 33]
- [33 34]
- [34 35]
- [35 36]
- [36 37]
- [37 38]
- [38 39]
- [39 40]
- [40 41]
- [41 42]
- [42 43]
- [43 44]
- [44 45]
- [45 46]
- [46 47]
- [47 48]
- [48 49]
- [49 50]
- [50 51]
- [51 52]
- [52 53]
- [53 54]
- [54 55]
- [55 56]
- [56 57]
- [57 58]
- [58 59]
- [59 60]
- [60 61]
- [61 62]
- [62 63]
- [63 64]
- [64 65]
- [65 66]
- [66 67]
- [67 68]
- [68 69]
- [69 70]
- [70 71]
- [71 72]
- [72 73]
- [73 74]
- [74 75]
- [75 76]
- [76 77]
- [77 78]
- [78 79]
- [79 80]
- [80 81]
- [81 82]
- [82 83]
- [83 84]
- [84 85]
- [85 86]
- [86 87]
- [87 88]
- [88 89]
- [89 90]
- [90 91]
- [91 92]
- [92 1]
sets:
  element:
  - name: tube
    labels:
    - 1
    - 2
    - 3
    - 4
    - 5
    - 6
    - 7
    - 8
    - 9
    - 10
    - 11
    - 12
    - 13
    - 14
    - 15
    - 16
    - 17
    - 18
    - 19
    - 20
    - 21
    - 22
    - 23
    - 24
    - 25
    - 26
    - 27
    - 28
    - 29
    - 30
    - 31
    - 32
    - 33
    - 34
    - 35
    - 36
    - 37
    - 38
    - 39
    - 40
    - 41
    - 42
    - 43
    - 44
    - 45
    - 46
    - 47
    - 48
    - 49
    - 50
    - 51
    - 52
    - 53
    - 54
    - 55
    - 56
    - 57
    - 58
    - 59
    - 60
    - 61
    - 62
    - 63
    - 64
    - 65
    - 66
    - 67
    - 68
    - 69
    - 70
    - 71
    - 72
    - 73
    - 74
    - 75
    - 76
    - 77
    - 78
    - 79
    - 80
    - 81
    - 82
    - 83
    - 84
    - 85
    - 86
    - 87
    - 88
    - 89
    - 90
    - 91
    - 92
sections:
- type: shell
  elementSet: tube
  layup:
  - - mat
    - 0.008682
    - -45.0
materials:
- name: mat
  density: 1860.0
  elastic:
    E:
    - 37000000000.0
    - 9000000000.0
    - 9000000000.0
    G:
    - 4000000000.0
    - 4000000000.0
    - 4000000000.0
    nu:
    - 0.3
    - 0.3
    - 0.3
elementOrientations:
- [0.0, 0.0, 1.0, -0.034141110185968424, 0.999417022366174, 0.0, -0.999417022366174,
  -0.034141110185967896, 0.0]
- [0.0, 0.0, 1.0, -0.10226414894203256, 0.994757278858095, 0.0, -0.9947572788580948,
  -0.10226414894203424, 0.0]
- [0.0, 0.0, 1.0, -0.1699103850286669, 0.9854595177171968, 0.0, -0.9854595177171969,
  -0.16991038502866662, 0.0]
- [0.0, 0.0, 1.0, -0.23676442046644766, 0.9715670893979412, 0.0, -0.9715670893979416,
  -0.23676442046644675, 0.0]
- [0.0, 0.0, 1.0, -0.3025145508810754, 0.9531447668141609, 0.0, -0.9531447668141608,
  -0.30251455088107576, 0.0]
- [0.0, 0.0, 1.0, -0.3668542188130558, 0.9302784433378334, 0.0, -0.9302784433378332,
  -0.36685421881305647, 0.0]
- [0.0, 0.0, 1.0, -0.4294834430300833, 0.9030747323245321, 0.0, -0.9030747323245328,
  -0.4294834430300819, 0.0]
- [0.0, 0.0, 1.0, -0.4901102171780169, 0.8716604700327514, 0.0, -0.8716604700327513,
  -0.4901102171780173, 0.0]
- [0.0, 0.0, 1.0, -0.5484518712493183, 0.8361821242547112, 0.0, -0.836182124254711,
  -0.5484518712493187, 0.0]
- [0.0, 0.0, 1.0, -0.6042363895210938, 0.796805111415905, 0.0, -0.7968051114159046,
  -0.6042363895210945, 0.0]
- [0.0, 0.0, 1.0, -0.6572036788179736, 0.7537130253273601, 0.0, -0.7537130253273612,
  -0.6572036788179725, 0.0]
- [0.0, 0.0, 1.0, -0.7071067811865475, 0.7071067811865475, 0.0, -0.7071067811865476,
  -0.7071067811865475, 0.0]
- [0.0, 0.0, 1.0, -0.7537130253273606, 0.657203678817973, 0.0, -0.6572036788179725,
  -0.7537130253273611, 0.0]
- [0.0, 0.0, 1.0, -0.7968051114159053, 0.6042363895210936, 0.0, -0.6042363895210945,
  -0.7968051114159046, 0.0]
- [0.0, 0.0, 1.0, -0.8361821242547105, 0.5484518712493193, 0.0, -0.5484518712493187,
  -0.8361821242547108, 0.0]
- [0.0, 0.0, 1.0, -0.871660470032751, 0.4901102171780175, 0.0, -0.4901102171780173,
  -0.8716604700327513, 0.0]
- [0.0, 0.0, 1.0, -0.9030747323245325, 0.4294834430300822, 0.0, -0.4294834430300819,
  -0.9030747323245328, 0.0]
- [0.0, 0.0, 1.0, -0.930278443337834, 0.36685421881305436, 0.0, -0.3668542188130565,
  -0.9302784433378332, 0.0]
- [0.0, 0.0, 1.0, -0.95314476681416, 0.30251455088107837, 0.0, -0.302514550881076,
  -0.9531447668141607, 0.0]
- [0.0, 0.0, 1.0, -0.9715670893979413, 0.2367644204664469, 0.0, -0.2367644204664468,
  -0.9715670893979416, 0.0]
- [0.0, 0.0, 1.0, -0.9854595177171968, 0.16991038502866695, 0.0, -0.16991038502866662,
  -0.9854595177171969, 0.0]
- [0.0, 0.0, 1.0, -0.994757278858095, 0.10226414894203295, 0.0, -0.10226414894203437,
  -0.9947572788580948, 0.0]
- [0.0, 0.0, 1.0, -0.999417022366174, 0.034141110185968326, 0.0, -0.034141110185968056,
  -0.999417022366174, 0.0]
- [0.0, 0.0, 1.0, -0.999417022366174, -0.034141110185968444, 0.0, 0.03414111018596781,
  -0.999417022366174, 0.0]
- [0.0, 0.0, 1.0, -0.9947572788580951, -0.10226414894203231, 0.0, 0.10226414894203423,
  -0.9947572788580948, 0.0]
- [0.0, 0.0, 1.0, -0.9854595177171968, -0.1699103850286669, 0.0, 0.1699103850286667,
  -0.9854595177171969, 0.0]
- [0.0, 0.0, 1.0, -0.971567089397941, -0.23676442046644838, 0.0, 0.2367644204664467,
  -0.9715670893979416, 0.0]
- [0.0, 0.0, 1.0, -0.9531447668141613, -0.3025145508810748, 0.0, 0.30251455088107576,
  -0.9531447668141608, 0.0]
- [0.0, 0.0, 1.0, -0.9302784433378334, -0.3668542188130558, 0.0, 0.36685421881305647,
  -0.9302784433378332, 0.0]
- [0.0, 0.0, 1.0, -0.9030747323245321, -0.4294834430300833, 0.0, 0.4294834430300819,
  -0.9030747323245328, 0.0]
- [0.0, 0.0, 1.0, -0.8716604700327513, -0.490110217178017, 0.0, 0.4901102171780171,
  -0.8716604700327513, 0.0]
- [0.0, 0.0, 1.0, -0.8361821242547115, -0.5484518712493179, 0.0, 0.5484518712493185,
  -0.8361821242547111, 0.0]
- [0.0, 0.0, 1.0, -0.796805111415905, -0.6042363895210938, 0.0, 0.6042363895210945,
  -0.7968051114159046, 0.0]
- [0.0, 0.0, 1.0, -0.75371302532736, -0.6572036788179739, 0.0, 0.6572036788179727,
  -0.753713025327361, 0.0]
- [0.0, 0.0, 1.0, -0.7071067811865476, -0.7071067811865476, 0.0, 0.7071067811865477,
  -0.7071067811865475, 0.0]
- [0.0, 0.0, 1.0, -0.6572036788179736, -0.7537130253273602, 0.0, 0.7537130253273611,
  -0.6572036788179726, 0.0]
- [0.0, 0.0, 1.0, -0.6042363895210945, -0.7968051114159045, 0.0, 0.7968051114159045,
  -0.6042363895210946, 0.0]
- [0.0, 0.0, 1.0, -0.5484518712493178, -0.8361821242547114, 0.0, 0.8361821242547108,
  -0.5484518712493189, 0.0]
- [0.0, 0.0, 1.0, -0.4901102171780179, -0.8716604700327509, 0.0, 0.871660470032751,
  -0.4901102171780175, 0.0]
- [0.0, 0.0, 1.0, -0.42948344303008246, -0.9030747323245324, 0.0, 0.9030747323245328,
  -0.4294834430300819, 0.0]
- [0.0, 0.0, 1.0, -0.36685421881305436, -0.930278443337834, 0.0, 0.9302784433378332,
  -0.3668542188130566, 0.0]
- [0.0, 0.0, 1.0, -0.3025145508810773, -0.9531447668141603, 0.0, 0.9531447668141608,
  -0.3025145508810759, 0.0]
- [0.0, 0.0, 1.0, -0.2367644204664458, -0.9715670893979417, 0.0, 0.9715670893979416,
  -0.23676442046644688, 0.0]
- [0.0, 0.0, 1.0, -0.1699103850286675, -0.9854595177171966, 0.0, 0.9854595177171966,
  -0.16991038502866704, 0.0]
- [0.0, 0.0, 1.0, -0.1022641489420373, -0.9947572788580945, 0.0, 0.9947572788580948,
  -0.10226414894203442, 0.0]
- [0.0, 0.0, 1.0, -0.03414111018596571, -0.9994170223661741, 0.0, 0.999417022366174,
  -0.034141110185967896, 0.0]
- [0.0, 0.0, 1.0, 0.034141110185968326, -0.999417022366174, 0.0, 0.999417022366174,
  0.03414111018596787, 0.0]
- [0.0, 0.0, 1.0, 0.10226414894203296, -0.994757278858095, 0.0, 0.9947572788580948,
  0.10226414894203419, 0.0]
- [0.0, 0.0, 1.0, 0.16991038502866745, -0.9854595177171966, 0.0, 0.9854595177171969,
  0.16991038502866632, 0.0]
- [0.0, 0.0, 1.0, 0.2367644204664456, -0.9715670893979417, 0.0, 0.9715670893979416,
  0.2367644204664466, 0.0]
- [0.0, 0.0, 1.0, 0.3025145508810766, -0.9531447668141606, 0.0, 0.9531447668141608,
  0.30251455088107587, 0.0]
- [0.0, 0.0, 1.0, 0.3668542188130573, -0.9302784433378328, 0.0, 0.9302784433378332,
  0.3668542188130565, 0.0]
- [0.0, 0.0, 1.0, 0.4294834430300798, -0.9030747323245337, 0.0, 0.9030747323245328,
  0.4294834430300819, 0.0]
- [0.0, 0.0, 1.0, 0.49011021717801817, -0.8716604700327508, 0.0, 0.8716604700327513,
  0.490110217178017, 0.0]
- [0.0, 0.0, 1.0, 0.5484518712493193, -0.8361821242547105, 0.0, 0.8361821242547108,
  0.5484518712493187, 0.0]
- [0.0, 0.0, 1.0, 0.6042363895210939, -0.796805111415905, 0.0, 0.7968051114159046,
  0.6042363895210947, 0.0]
- [0.0, 0.0, 1.0, 0.6572036788179728, -0.7537130253273608, 0.0, 0.7537130253273612,
  0.6572036788179724, 0.0]
- [0.0, 0.0, 1.0, 0.7071067811865476, -0.7071067811865476, 0.0, 0.7071067811865477,
  0.7071067811865474, 0.0]
- [0.0, 0.0, 1.0, 0.7537130253273608, -0.6572036788179728, 0.0, 0.6572036788179727,
  0.753713025327361, 0.0]
- [0.0, 0.0, 1.0, 0.7968051114159037, -0.6042363895210956, 0.0, 0.6042363895210947,
  0.7968051114159045, 0.0]
- [0.0, 0.0, 1.0, 0.8361821242547115, -0.5484518712493179, 0.0, 0.5484518712493187,
  0.8361821242547108, 0.0]
- [0.0, 0.0, 1.0, 0.8716604700327506, -0.4901102171780184, 0.0, 0.4901102171780175,
  0.871660470032751, 0.0]
- [0.0, 0.0, 1.0, 0.9030747323245336, -0.4294834430300801, 0.0, 0.429483443030082,
  0.9030747323245326, 0.0]
- [0.0, 0.0, 1.0, 0.9302784433378332, -0.36685421881305624, 0.0, 0.36685421881305647,
  0.9302784433378332, 0.0]
- [0.0, 0.0, 1.0, 0.9531447668141603, -0.3025145508810773, 0.0, 0.3025145508810759,
  0.9531447668141607, 0.0]
- [0.0, 0.0, 1.0, 0.9715670893979413, -0.23676442046644708, 0.0, 0.2367644204664467,
  0.9715670893979416, 0.0]
- [0.0, 0.0, 1.0, 0.985459517717197, -0.16991038502866582, 0.0, 0.16991038502866687,
  0.9854595177171969, 0.0]
- [0.0, 0.0, 1.0, 0.9947572788580945, -0.1022641489420366, 0.0, 0.10226414894203427,
  0.9947572788580948, 0.0]
- [0.0, 0.0, 1.0, 0.9994170223661741, -0.03414111018596593, 0.0, 0.03414111018596773,
  0.999417022366174, 0.0]
- [0.0, 0.0, 1.0, 0.999417022366174, 0.03414111018596833, 0.0, -0.034141110185967806,
  0.999417022366174, 0.0]
- [0.0, 0.0, 1.0, 0.9947572788580951, 0.10226414894203227, 0.0, -0.10226414894203434,
  0.9947572788580948, 0.0]
- [0.0, 0.0, 1.0, 0.9854595177171966, 0.16991038502866854, 0.0, -0.1699103850286665,
  0.9854595177171969, 0.0]
- [0.0, 0.0, 1.0, 0.9715670893979413, 0.23676442046644708, 0.0, -0.23676442046644636,
  0.9715670893979416, 0.0]
- [0.0, 0.0, 1.0, 0.9531447668141613, 0.3025145508810748, 0.0, -0.3025145508810756,
  0.9531447668141608, 0.0]
- [0.0, 0.0, 1.0, 0.9302784433378338, 0.36685421881305486, 0.0, -0.3668542188130564,
  0.9302784433378332, 0.0]
- [0.0, 0.0, 1.0, 0.9030747323245326, 0.4294834430300823, 0.0, -0.4294834430300816,
  0.9030747323245328, 0.0]
- [0.0, 0.0, 1.0, 0.8716604700327513, 0.4901102171780173, 0.0, -0.4901102171780168,
  0.8716604700327515, 0.0]
- [0.0, 0.0, 1.0, 0.8361821242547115, 0.5484518712493179, 0.0, -0.5484518712493185,
  0.8361821242547111, 0.0]
- [0.0, 0.0, 1.0, 0.7968051114159044, 0.6042363895210947, 0.0, -0.6042363895210945,
  0.7968051114159047, 0.0]
- [0.0, 0.0, 1.0, 0.7537130253273606, 0.657203678817973, 0.0, -0.6572036788179725,
  0.7537130253273611, 0.0]
- [0.0, 0.0, 1.0, 0.7071067811865476, 0.7071067811865476, 0.0, -0.7071067811865474,
  0.7071067811865477, 0.0]
- [0.0, 0.0, 1.0, 0.657203678817973, 0.7537130253273606, 0.0, -0.7537130253273608,
  0.6572036788179728, 0.0]
- [0.0, 0.0, 1.0, 0.6042363895210945, 0.7968051114159046, 0.0, -0.7968051114159046,
  0.6042363895210944, 0.0]
- [0.0, 0.0, 1.0, 0.5484518712493185, 0.8361821242547111, 0.0, -0.8361821242547111,
  0.5484518712493184, 0.0]
- [0.0, 0.0, 1.0, 0.4901102171780179, 0.8716604700327509, 0.0, -0.8716604700327513,
  0.4901102171780171, 0.0]
- [0.0, 0.0, 1.0, 0.4294834430300823, 0.9030747323245326, 0.0, -0.9030747323245327,
  0.42948344303008196, 0.0]
- [0.0, 0.0, 1.0, 0.36685421881305486, 0.9302784433378338, 0.0, -0.9302784433378329,
  0.36685421881305685, 0.0]
- [0.0, 0.0, 1.0, 0.3025145508810784, 0.9531447668141599, 0.0, -0.9531447668141607,
  0.3025145508810764, 0.0]
- [0.0, 0.0, 1.0, 0.23676442046644694, 0.9715670893979416, 0.0, -0.9715670893979413,
  0.2367644204664472, 0.0]
- [0.0, 0.0, 1.0, 0.16991038502866632, 0.985459517717197, 0.0, -0.9854595177171969,
  0.16991038502866646, 0.0]
- [0.0, 0.0, 1.0, 0.10226414894203366, 0.994757278858095, 0.0, -0.9947572788580948,
  0.10226414894203431, 0.0]
- [0.0, 0.0, 1.0, 0.03414111018596821, 0.999417022366174, 0.0, -0.999417022366174,
  0.03414111018596811, 0.0]
