nodes:
- [0.0671590000 0.0000000000 0.0]
- [0.0671180886 0.0023438153 0.0]
- [0.0669954041 0.0046847750 0.0]
- [0.0667910960 0.0070200271 0.0]
- [0.0665054132 0.0093467263 0.0]
- [0.0661387039 0.0116620380 0.0]
- [0.0656914147 0.0139631412 0.0]
- [0.0651640907 0.0162472326 0.0]
- [0.0645573742 0.0185115292 0.0]
- [0.0638720046 0.0207532723 0.0]
- [0.0631088167 0.0229697308 0.0]
- [0.0622687405 0.0251582042 0.0]
- [0.0613527994 0.0273160262 0.0]
- [0.0603621094 0.0294405678 0.0]
- [0.0592978774 0.0315292407 0.0]
- [0.0581614001 0.0335795000 0.0]
- [0.0569540621 0.0355888479 0.0]
- [0.0556773343 0.0375548362 0.0]
- [0.0543327723 0.0394750698 0.0]
- [0.0529220142 0.0413472090 0.0]
- [0.0514467788 0.0431689731 0.0]
- [0.0499088633 0.0449381424 0.0]
- [0.0483101417 0.0466525615 0.0]
- [0.0466525615 0.0483101417 0.0]
- [0.0449381424 0.0499088633 0.0]
- [0.0431689731 0.0514467788 0.0]
- [0.0413472090 0.0529220142 0.0]
- [0.0394750698 0.0543327723 0.0]
- [0.0375548362 0.0556773343 0.0]
- [0.0355888479 0.0569540621 0.0]
- [0.0335795000 0.0581614001 0.0]
- [0.0315292407 0.0592978774 0.0]
- [0.0294405678 0.0603621094 0.0]
- [0.0273160262 0.0613527994 0.0]
- [0.0251582042 0.0622687405 0.0]
- [0.0229697308 0.0631088167 0.0]
- [0.0207532723 0.0638720046 0.0]
- [0.0185115292 0.0645573742 0.0]
- [0.0162472326 0.0651640907 0.0]
- [0.0139631412 0.0656914147 0.0]
- [0.0116620380 0.0661387039 0.0]
- [0.0093467263 0.0665054132 0.0]
- [0.0070200271 0.0667910960 0.0]
- [0.0046847750 0.0669954041 0.0]
- [0.0023438153 0.0671180886 0.0]
- [0.0000000000 0.0671590000 0.0]
- [-0.0023438153 0.0671180886 0.0]
- [-0.0046847750 0.0669954041 0.0]
- [-0.0070200271 0.0667910960 0.0]
- [-0.0093467263 0.0665054132 0.0]
- [-0.0116620380 0.0661387039 0.0]
- [-0.0139631412 0.0656914147 0.0]
- [-0.0162472326 0.0651640907 0.0]
- [-0.0185115292 0.0645573742 0.0]
- [-0.0207532723 0.0638720046 0.0]
- [-0.0229697308 0.0631088167 0.0]
- [-0.0251582042 0.0622687405 0.0]
- [-0.0273160262 0.0613527994 0.0]
- [-0.0294405678 0.0603621094 0.0]
- [-0.0315292407 0.0592978774 0.0]
- [-0.0335795000 0.0581614001 0.0]
- [-0.0355888479 0.0569540621 0.0]
- [-0.0375548362 0.0556773343 0.0]
- [-0.0394750698 0.0543327723 0.0]
- [-0.0413472090 0.0529220142 0.0]
- [-0.0431689731 0.0514467788 0.0]
- [-0.0449381424 0.0499088633 0.0]
- [-0.0466525615 0.0483101417 0.0]
- [-0.0483101417 0.0466525615 0.0]
- [-0.0499088633 0.0449381424 0.0]
- [-0.0514467788 0.0431689731 0.0]
- [-0.0529220142 0.0413472090 0.0]
- [-0.0543327723 0.0394750698 0.0]
- [-0.0556773343 0.0375548362 0.0]
- [-0.0569540621 0.0355888479 0.0]
- [-0.0581614001 0.0335795000 0.0]
- [-0.0592978774 0.0315292407 0.0]
- [-0.0603621094 0.0294405678 0.0]
- [-0.0613527994 0.0273160262 0.0]
- [-0.0622687405 0.0251582042 0.0]
- [-0.0631088167 0.0229697308 0.0]
- [-0.0638720046 0.0207532723 0.0]
- [-0.0645573742 0.0185115292 0.0]
- [-0.0651640907 0.0162472326 0.0]
- [-0.0656914147 0.0139631412 0.0]
- [-0.0661387039 0.0116620380 0.0]
- [-0.0665054132 0.0093467263 0.0]
- [-0.0667910960 0.0070200271 0.0]
- [-0.0669954041 0.0046847750 0.0]
- [-0.0671180886 0.0023438153 0.0]
- [-0.0671590000 0.0000000000 0.0]
- [-0.0671180886 -0.0023438153 0.0]
- [-0.0669954041 -0.0046847750 0.0]
- [-0.0667910960 -0.0070200271 0.0]
- [-0.0665054132 -0.0093467263 0.0]
- [-0.0661387039 -0.0116620380 0.0]
- [-0.0656914147 -0.0139631412 0.0]
- [-0.0651640907 -0.0162472326 0.0]
- [-0.0645573742 -0.0185115292 0.0]
- [-0.0638720046 -0.0207532723 0.0]
- [-0.0631088167 -0.0229697308 0.0]
- [-0.0622687405 -0.0251582042 0.0]
- [-0.0613527994 -0.0273160262 0.0]
- [-0.0603621094 -0.0294405678 0.0]
- [-0.0592978774 -0.0315292407 0.0]
- [-0.0581614001 -0.0335795000 0.0]
- [-0.0569540621 -0.0355888479 0.0]
- [-0.0556773343 -0.0375548362 0.0]
- [-0.0543327723 -0.0394750698 0.0]
- [-0.0529220142 -0.0413472090 0.0]
- [-0.0514467788 -0.0431689731 0.0]
- [-0.0499088633 -0.0449381424 0.0]
- [-0.0483101417 -0.0466525615 0.0]
- [-0.0466525615 -0.0483101417 0.0]
- [-0.0449381424 -0.0499088633 0.0]
- [-0.0431689731 -0.0514467788 0.0]
- [-0.0413472090 -0.0529220142 0.0]
- [-0.0394750698 -0.0543327723 0.0]
- [-0.0375548362 -0.0556773343 0.0]
- [-0.0355888479 -0.0569540621 0.0]
- [-0.0335795000 -0.0581614001 0.0]
- [-0.0315292407 -0.0592978774 0.0]
- [-0.0294405678 -0.0603621094 0.0]
- [-0.0273160262 -0.0613527994 0.0]
- [-0.0251582042 -0.0622687405 0.0]
- [-0.0229697308 -0.0631088167 0.0]
- [-0.0207532723 -0.0638720046 0.0]
- [-0.0185115292 -0.0645573742 0.0]
- [-0.0162472326 -0.0651640907 0.0]
- [-0.0139631412 -0.0656914147 0.0]
- [-0.0116620380 -0.0661387039 0.0]
- [-0.0093467263 -0.0665054132 0.0]
- [-0.0070200271 -0.0667910960 0.0]
- [-0.0046847750 -0.0669954041 0.0]
- [-0.0023438153 -0.0671180886 0.0]
- [-0.0000000000 -0.0671590000 0.0]
- [0.0023438153 -0.0671180886 0.0]
- [0.0046847750 -0.0669954041 0.0]
- [0.0070200271 -0.0667910960 0.0]
- [0.0093467263 -0.0665054132 0.0]
- [0.0116620380 -0.0661387039 0.0]
- [0.0139631412 -0.0656914147 0.0]
- [0.0162472326 -0.0651640907 0.0]
- [0.0185115292 -0.0645573742 0.0]
- [0.0207532723 -0.0638720046 0.0]
- [0.0229697308 -0.0631088167 0.0]
- [0.0251582042 -0.0622687405 0.0]
- [0.0273160262 -0.0613527994 0.0]
- [0.0294405678 -0.0603621094 0.0]
- [0.0315292407 -0.0592978774 0.0]
- [0.0335795000 -0.0581614001 0.0]
- [0.0355888479 -0.0569540621 0.0]
- [0.0375548362 -0.0556773343 0.0]
- [0.0394750698 -0.0543327723 0.0]
- [0.0413472090 -0.0529220142 0.0]
- [0.0431689731 -0.0514467788 0.0]
- [0.0449381424 -0.0499088633 0.0]
- [0.0466525615 -0.0483101417 0.0]
- [0.0483101417 -0.0466525615 0.0]
- [0.0499088633 -0.0449381424 0.0]
- [0.0514467788 -0.0431689731 0.0]
- [0.0529220142 -0.0413472090 0.0]
- [0.0543327723 -0.0394750698 0.0]
- [0.0556773343 -0.0375548362 0.0]
- [0.0569540621 -0.0355888479 0.0]
- [0.0581614001 -0.0335795000 0.0]
- [0.0592978774 -0.0315292407 0.0]
- [0.0603621094 -0.0294405678 0.0]
- [0.0613527994 -0.0273160262 0.0]
- [0.0622687405 -0.0251582042 0.0]
- [0.0631088167 -0.0229697308 0.0]
- [0.0638720046 -0.0207532723 0.0]
- [0.0645573742 -0.0185115292 0.0]
- [0.0651640907 -0.0162472326 0.0]
- [0.0656914147 -0.0139631412 0.0]
- [0.0661387039 -0.0116620380 0.0]
- [0.0665054132 -0.0093467263 0.0]
- [0.0667910960 -0.0070200271 0.0]
- [0.0669954041 -0.0046847750 0.0]
- [0.0671180886 -0.0023438153 0.0]
elements:
- [1 2]
- [2 3]
- [3 4]
- [4 5]
- [5 6]
- [6 7]
- [7 8]
- [8 9]
- [9 10]
- [10 11]
- [11 12]
- [12 13]
- [13 14]
- [14 15]
- [15 16]
- [16 17]
- [17 18]
- [18 19]
- [19 20]
- [20 21]
- [21 22]
- [22 23]
- [23 24]
- [24 25]
- [25 26]
- [26 27]
- [27 28]
- [28 29]
- [29 30]
- [30 31]
- [31 32]
- [32 33]
- [33 34]
- [34 35]
- [35 36]
- [36 37]
- [37 38]
- [38 39]
- [39 40]
- [40 41]
- [41 42]
- [42 43]
- [43 44]
- [44 45]
- [45 46]
- [46 47]
- [47 48]
- [48 49]
- [49 50]
- [50 51]
- [51 52]
- [52 53]
- [53 54]
- [54 55]
- [55 56]
- [56 57]
- [57 58]
- [58 59]
- [59 60]
- [60 61]
- [61 62]
- [62 63]
- [63 64]
- [64 65]
- [65 66]
- [66 67]
- [67 68]
- [68 69]
- [69 70]
- [70 71]
- [71 72]
- [72 73]
- [73 74]
- [74 75]
- [75 76]
- [76 77]
- [77 78]
- [78 79]
- [79 80]
- [80 81]
- [81 82]
- [82 83]
- [83 84]
- [84 85]
- [85 86]
- [86 87]
- [87 88]
- [88 89]
- [89 90]
- [90 91]
- [91 92]
- [92 93]
- [93 94]
- [94 95]
- [95 96]
- [96 97]
- [97 98]
- [98 99]
- [99 100]
- [100 101]
- [101 102]
- [102 103]
- [103 104]
- [104 105]
- [105 106]
- [106 107]
- [107 108]
- [108 109]
- [109 110]
- [110 111]
- [111 112]
- [112 113]
- [113 114]
- [114 115]
- [115 116]
- [116 117]
- [117 118]
- [118 119]
- [119 120]
- [120 121]
- [121 122]
- [122 123]
- [123 124]
- [124 125]
- [125 126]
- [126 127]
- [127 128]
- [128 129]
- [129 130]
- [130 131]
- [131 132]
- [132 133]
- [133 134]
- [134 135]
- [135 136]
- [136 137]
- [137 138]
- [138 139]
- [139 140]
- [140 141]
- [141 142]
- [142 143]
- [143 144]
- [144 145]
- [145 146]
- [146 147]
- [147 148]
- [148 149]
- [149 150]
- [150 151]
- [151 152]
- [152 153]
- [153 154]
- [154 155]
- [155 156]
- [156 157]
- [157 158]
- [158 159]
- [159 160]
- [160 161]
- [161 162]
- [162 163]
- [163 164]
- [164 165]
- [165 166]
- [166 167]
- [167 168]
- [168 169]
- [169 170]
- [170 171]
- [171 172]
- [172 173]
- [173 174]
- [174 175]
- [175 176]
- [176 177]
- [177 178]
- [178 179]
- [179 180]
- [180 1]
sets:
  element:
  - name: tube
    labels:
    - 1
    - 2
    - 3
    - 4
    - 5
    - 6
    - 7
    - 8
    - 9
    - 10
    - 11
    - 12
    - 13
    - 14
    - 15
    - 16
    - 17
    - 18
    - 19
    - 20
    - 21
    - 22
    - 23
    - 24
    - 25
    - 26
    - 27
    - 28
    - 29
    - 30
    - 31
    - 32
    - 33
    - 34
    - 35
    - 36
    - 37
    - 38
    - 39
    - 40
    - 41
    - 42
    - 43
    - 44
    - 45
    - 46
    - 47
    - 48
    - 49
    - 50
    - 51
    - 52
    - 53
    - 54
    - 55
    - 56
    - 57
    - 58
    - 59
    - 60
    - 61
    - 62
    - 63
    - 64
    - 65
    - 66
    - 67
    - 68
    - 69
    - 70
    - 71
    - 72
    - 73
    - 74
    - 75
    - 76
    - 77
    - 78
    - 79
    - 80
    - 81
    - 82
    - 83
    - 84
    - 85
    - 86
    - 87
    - 88
    - 89
    - 90
    - 91
    - 92
    - 93
    - 94
    - 95
    - 96
    - 97
    - 98
    - 99
    - 100
    - 101
    - 102
    - 103
    - 104
    - 105
    - 106
    - 107
    - 108
    - 109
    - 110
    - 111
    - 112
    - 113
    - 114
    - 115
    - 116
    - 117
    - 118
    - 119
    - 120
    - 121
    - 122
    - 123
    - 124
    - 125
    - 126
    - 127
    - 128
    - 129
    - 130
    - 131
    - 132
    - 133
    - 134
    - 135
    - 136
    - 137
    - 138
    - 139
    - 140
    - 141
    - 142
    - 143
    - 144
    - 145
    - 146
    - 147
    - 148
    - 149
    - 150
    - 151
    - 152
    - 153
    - 154
    - 155
    - 156
    - 157
    - 158
    - 159
    - 160
    - 161
    - 162
    - 163
    - 164
    - 165
    - 166
    - 167
    - 168
    - 169
    - 170
    - 171
    - 172
    - 173
    - 174
    - 175
    - 176
    - 177
    - 178
    - 179
    - 180
sections:
- type: shell
  elementSet: tube
  layup:
  - - mat
    - 0.008682
    - -45.0
materials:
- name: mat
  density: 1860.0
  elastic:
    E:
    - 37000000000.0
    - 9000000000.0
    - 9000000000.0
    G:
    - 4000000000.0
    - 4000000000.0
    - 4000000000.0
    nu:
    - 0.3
    - 0.3
    - 0.3
elementOrientations:
- [0.0, 0.0, 1.0, -0.01745240643728161, 0.9998476951563913, 0.0, -0.9998476951563912,
  -0.017452406437283508, 0.0]
- [0.0, 0.0, 1.0, -0.052335956242946235, 0.9986295347545736, 0.0, -0.9986295347545738,
  -0.05233595624294383, 0.0]
- [0.0, 0.0, 1.0, -0.08715574274766173, 0.9961946980917453, 0.0, -0.9961946980917455,
  -0.08715574274765818, 0.0]
- [0.0, 0.0, 1.0, -0.1218693434051397, 0.9925461516413231, 0.0, -0.992546151641322,
  -0.1218693434051475, 0.0]
- [0.0, 0.0, 1.0, -0.15643446504023636, 0.9876883405951368, 0.0, -0.9876883405951378,
  -0.1564344650402309, 0.0]
- [0.0, 0.0, 1.0, -0.1908089953765413, 0.9816271834476646, 0.0, -0.981627183447664,
  -0.19080899537654478, 0.0]
- [0.0, 0.0, 1.0, -0.22495105434386414, 0.9743700647852355, 0.0, -0.9743700647852352,
  -0.22495105434386498, 0.0]
- [0.0, 0.0, 1.0, -0.2588190451025211, 0.9659258262890682, 0.0, -0.9659258262890683,
  -0.25881904510252074, 0.0]
- [0.0, 0.0, 1.0, -0.2923717047227415, 0.9563047559630341, 0.0, -0.9563047559630355,
  -0.29237170472273677, 0.0]
- [0.0, 0.0, 1.0, -0.32556815445715387, 0.9455185755993177, 0.0, -0.9455185755993167,
  -0.3255681544571566, 0.0]
- [0.0, 0.0, 1.0, -0.3583679495453003, 0.9335804264972017, 0.0, -0.9335804264972017,
  -0.3583679495453002, 0.0]
- [0.0, 0.0, 1.0, -0.39073112848927577, 0.9205048534524395, 0.0, -0.9205048534524403,
  -0.39073112848927366, 0.0]
- [0.0, 0.0, 1.0, -0.42261826174069606, 0.9063077870366515, 0.0, -0.9063077870366498,
  -0.4226182617406994, 0.0]
- [0.0, 0.0, 1.0, -0.4539904997395463, 0.8910065241883681, 0.0, -0.8910065241883678,
  -0.4539904997395468, 0.0]
- [0.0, 0.0, 1.0, -0.4848096202463394, 0.8746197071393944, 0.0, -0.8746197071393957,
  -0.484809620246337, 0.0]
- [0.0, 0.0, 1.0, -0.5150380749100556, 0.8571673007021114, 0.0, -0.8571673007021123,
  -0.5150380749100542, 0.0]
- [0.0, 0.0, 1.0, -0.5446390350150239, 0.8386705679454259, 0.0, -0.8386705679454239,
  -0.544639035015027, 0.0]
- [0.0, 0.0, 1.0, -0.5735764363510479, 0.8191520442889906, 0.0, -0.8191520442889917,
  -0.573576436351046, 0.0]
- [0.0, 0.0, 1.0, -0.6018150231520485, 0.7986355100472927, 0.0, -0.7986355100472929,
  -0.6018150231520483, 0.0]
- [0.0, 0.0, 1.0, -0.6293203910498385, 0.77714596145697, 0.0, -0.777145961456971,
  -0.6293203910498374, 0.0]
- [0.0, 0.0, 1.0, -0.6560590289905056, 0.7547095802227733, 0.0, -0.754709580222772,
  -0.6560590289905073, 0.0]
- [0.0, 0.0, 1.0, -0.6819983600624975, 0.7313537016191713, 0.0, -0.7313537016191705,
  -0.6819983600624984, 0.0]
- [0.0, 0.0, 1.0, -0.7071067811865476, 0.7071067811865476, 0.0, -0.7071067811865476,
  -0.7071067811865475, 0.0]
- [0.0, 0.0, 1.0, -0.7313537016191727, 0.6819983600624959, 0.0, -0.6819983600624987,
  -0.7313537016191705, 0.0]
- [0.0, 0.0, 1.0, -0.7547095802227707, 0.6560590289905088, 0.0, -0.6560590289905074,
  -0.7547095802227719, 0.0]
- [0.0, 0.0, 1.0, -0.77714596145697, 0.6293203910498385, 0.0, -0.6293203910498374,
  -0.7771459614569708, 0.0]
- [0.0, 0.0, 1.0, -0.7986355100472938, 0.601815023152047, 0.0, -0.6018150231520483,
  -0.7986355100472927, 0.0]
- [0.0, 0.0, 1.0, -0.8191520442889916, 0.5735764363510465, 0.0, -0.573576436351046,
  -0.8191520442889919, 0.0]
- [0.0, 0.0, 1.0, -0.8386705679454238, 0.5446390350150273, 0.0, -0.544639035015027,
  -0.8386705679454239, 0.0]
- [0.0, 0.0, 1.0, -0.8571673007021126, 0.5150380749100539, 0.0, -0.5150380749100542,
  -0.8571673007021122, 0.0]
- [0.0, 0.0, 1.0, -0.8746197071393959, 0.48480962024633684, 0.0, -0.484809620246337,
  -0.8746197071393957, 0.0]
- [0.0, 0.0, 1.0, -0.8910065241883667, 0.45399049973954925, 0.0, -0.4539904997395468,
  -0.8910065241883678, 0.0]
- [0.0, 0.0, 1.0, -0.9063077870366515, 0.42261826174069606, 0.0, -0.4226182617406994,
  -0.9063077870366498, 0.0]
- [0.0, 0.0, 1.0, -0.9205048534524399, 0.3907311284892747, 0.0, -0.39073112848927366,
  -0.9205048534524403, 0.0]
- [0.0, 0.0, 1.0, -0.9335804264972012, 0.3583679495453018, 0.0, -0.3583679495453002,
  -0.9335804264972017, 0.0]
- [0.0, 0.0, 1.0, -0.9455185755993181, 0.3255681544571534, 0.0, -0.3255681544571567,
  -0.9455185755993167, 0.0]
- [0.0, 0.0, 1.0, -0.9563047559630342, 0.29237170472274104, 0.0, -0.29237170472273677,
  -0.9563047559630355, 0.0]
- [0.0, 0.0, 1.0, -0.9659258262890679, 0.2588190451025221, 0.0, -0.25881904510252085,
  -0.9659258262890683, 0.0]
- [0.0, 0.0, 1.0, -0.9743700647852368, 0.22495105434385834, 0.0, -0.22495105434386511,
  -0.9743700647852351, 0.0]
- [0.0, 0.0, 1.0, -0.9816271834476635, 0.19080899537654672, 0.0, -0.19080899537654492,
  -0.981627183447664, 0.0]
- [0.0, 0.0, 1.0, -0.9876883405951377, 0.15643446504023129, 0.0, -0.15643446504023104,
  -0.9876883405951378, 0.0]
- [0.0, 0.0, 1.0, -0.9925461516413224, 0.12186934340514471, 0.0, -0.1218693434051476,
  -0.992546151641322, 0.0]
- [0.0, 0.0, 1.0, -0.9961946980917453, 0.08715574274766212, 0.0, -0.08715574274765825,
  -0.9961946980917455, 0.0]
- [0.0, 0.0, 1.0, -0.9986295347545736, 0.052335956242946166, 0.0, -0.05233595624294396,
  -0.9986295347545738, 0.0]
- [0.0, 0.0, 1.0, -0.9998476951563913, 0.017452406437281583, 0.0, -0.01745240643728359,
  -0.9998476951563912, 0.0]
- [0.0, 0.0, 1.0, -0.9998476951563913, -0.017452406437281697, 0.0, 0.017452406437283366,
  -0.9998476951563914, 0.0]
- [0.0, 0.0, 1.0, -0.9986295347545738, -0.052335956242945854, 0.0, 0.052335956242943724,
  -0.9986295347545738, 0.0]
- [0.0, 0.0, 1.0, -0.9961946980917457, -0.08715574274765624, 0.0, 0.08715574274765811,
  -0.9961946980917455, 0.0]
- [0.0, 0.0, 1.0, -0.9925461516413223, -0.12186934340514544, 0.0, 0.12186934340514735,
  -0.992546151641322, 0.0]
- [0.0, 0.0, 1.0, -0.9876883405951368, -0.15643446504023603, 0.0, 0.15643446504023084,
  -0.9876883405951378, 0.0]
- [0.0, 0.0, 1.0, -0.9816271834476645, -0.1908089953765423, 0.0, 0.19080899537654467,
  -0.981627183447664, 0.0]
- [0.0, 0.0, 1.0, -0.9743700647852358, -0.2249510543438625, 0.0, 0.2249510543438649,
  -0.9743700647852352, 0.0]
- [0.0, 0.0, 1.0, -0.9659258262890679, -0.2588190451025225, 0.0, 0.2588190451025207,
  -0.9659258262890683, 0.0]
- [0.0, 0.0, 1.0, -0.9563047559630359, -0.2923717047227352, 0.0, 0.2923717047227366,
  -0.9563047559630355, 0.0]
- [0.0, 0.0, 1.0, -0.9455185755993161, -0.3255681544571587, 0.0, 0.3255681544571566,
  -0.9455185755993167, 0.0]
- [0.0, 0.0, 1.0, -0.9335804264972019, -0.3583679495452998, 0.0, 0.3583679495453002,
  -0.9335804264972017, 0.0]
- [0.0, 0.0, 1.0, -0.9205048534524398, -0.3907311284892748, 0.0, 0.39073112848927366,
  -0.9205048534524403, 0.0]
- [0.0, 0.0, 1.0, -0.9063077870366504, -0.42261826174069866, 0.0, 0.4226182617406994,
  -0.9063077870366498, 0.0]
- [0.0, 0.0, 1.0, -0.891006524188368, -0.45399049973954636, 0.0, 0.4539904997395467,
  -0.8910065241883678, 0.0]
- [0.0, 0.0, 1.0, -0.8746197071393947, -0.48480962024633917, 0.0, 0.4848096202463368,
  -0.8746197071393959, 0.0]
- [0.0, 0.0, 1.0, -0.8571673007021127, -0.5150380749100534, 0.0, 0.515038074910054,
  -0.8571673007021123, 0.0]
- [0.0, 0.0, 1.0, -0.8386705679454238, -0.5446390350150273, 0.0, 0.5446390350150269,
  -0.8386705679454242, 0.0]
- [0.0, 0.0, 1.0, -0.8191520442889916, -0.5735764363510465, 0.0, 0.573576436351046,
  -0.8191520442889919, 0.0]
- [0.0, 0.0, 1.0, -0.7986355100472948, -0.6018150231520456, 0.0, 0.6018150231520483,
  -0.7986355100472929, 0.0]
- [0.0, 0.0, 1.0, -0.77714596145697, -0.6293203910498385, 0.0, 0.6293203910498374,
  -0.7771459614569708, 0.0]
- [0.0, 0.0, 1.0, -0.7547095802227721, -0.6560590289905072, 0.0, 0.6560590289905073,
  -0.7547095802227719, 0.0]
- [0.0, 0.0, 1.0, -0.7313537016191717, -0.6819983600624974, 0.0, 0.6819983600624985,
  -0.7313537016191707, 0.0]
- [0.0, 0.0, 1.0, -0.7071067811865475, -0.7071067811865475, 0.0, 0.7071067811865475,
  -0.7071067811865476, 0.0]
- [0.0, 0.0, 1.0, -0.6819983600624974, -0.7313537016191717, 0.0, 0.7313537016191705,
  -0.6819983600624984, 0.0]
- [0.0, 0.0, 1.0, -0.6560590289905072, -0.7547095802227721, 0.0, 0.7547095802227719,
  -0.6560590289905074, 0.0]
- [0.0, 0.0, 1.0, -0.6293203910498385, -0.77714596145697, 0.0, 0.7771459614569709,
  -0.6293203910498376, 0.0]
- [0.0, 0.0, 1.0, -0.601815023152047, -0.7986355100472938, 0.0, 0.7986355100472927,
  -0.6018150231520483, 0.0]
- [0.0, 0.0, 1.0, -0.5735764363510465, -0.8191520442889916, 0.0, 0.8191520442889916,
  -0.5735764363510462, 0.0]
- [0.0, 0.0, 1.0, -0.544639035015026, -0.8386705679454247, 0.0, 0.8386705679454239,
  -0.544639035015027, 0.0]
- [0.0, 0.0, 1.0, -0.5150380749100556, -0.8571673007021114, 0.0, 0.8571673007021123,
  -0.5150380749100542, 0.0]
- [0.0, 0.0, 1.0, -0.4848096202463374, -0.8746197071393956, 0.0, 0.8746197071393957,
  -0.484809620246337, 0.0]
- [0.0, 0.0, 1.0, -0.4539904997395474, -0.8910065241883677, 0.0, 0.8910065241883677,
  -0.4539904997395468, 0.0]
- [0.0, 0.0, 1.0, -0.4226182617406976, -0.9063077870366508, 0.0, 0.9063077870366499,
  -0.42261826174069955, 0.0]
- [0.0, 0.0, 1.0, -0.39073112848927527, -0.9205048534524398, 0.0, 0.9205048534524403,
  -0.390731128489274, 0.0]
- [0.0, 0.0, 1.0, -0.3583679495453024, -0.9335804264972009, 0.0, 0.9335804264972017,
  -0.35836794954530043, 0.0]
- [0.0, 0.0, 1.0, -0.3255681544571534, -0.9455185755993181, 0.0, 0.9455185755993167,
  -0.32556815445715676, 0.0]
- [0.0, 0.0, 1.0, -0.29237170472273893, -0.9563047559630348, 0.0, 0.9563047559630353,
  -0.29237170472273705, 0.0]
- [0.0, 0.0, 1.0, -0.25881904510252324, -0.9659258262890675, 0.0, 0.9659258262890683,
  -0.258819045102521, 0.0]
- [0.0, 0.0, 1.0, -0.22495105434386414, -0.9743700647852355, 0.0, 0.9743700647852352,
  -0.22495105434386498, 0.0]
- [0.0, 0.0, 1.0, -0.1908089953765409, -0.9816271834476646, 0.0, 0.981627183447664,
  -0.19080899537654475, 0.0]
- [0.0, 0.0, 1.0, -0.1564344650402322, -0.9876883405951374, 0.0, 0.9876883405951378,
  -0.15643446504023098, 0.0]
- [0.0, 0.0, 1.0, -0.12186934340514546, -0.9925461516413221, 0.0, 0.992546151641322,
  -0.12186934340514775, 0.0]
- [0.0, 0.0, 1.0, -0.08715574274766161, -0.9961946980917453, 0.0, 0.9961946980917455,
  -0.08715574274765842, 0.0]
- [0.0, 0.0, 1.0, -0.05233595624294551, -0.9986295347545738, 0.0, 0.9986295347545738,
  -0.0523359562429438, 0.0]
- [0.0, 0.0, 1.0, -0.017452406437281808, -0.9998476951563913, 0.0, 0.9998476951563912,
  -0.017452406437283435, 0.0]
- [0.0, 0.0, 1.0, 0.01745240643728158, -0.9998476951563913, 0.0, 0.9998476951563914,
  0.017452406437283418, 0.0]
- [0.0, 0.0, 1.0, 0.052335956242946846, -0.9986295347545738, 0.0, 0.9986295347545738,
  0.05233595624294356, 0.0]
- [0.0, 0.0, 1.0, 0.08715574274765568, -0.9961946980917457, 0.0, 0.9961946980917455,
  0.08715574274765772, 0.0]
- [0.0, 0.0, 1.0, 0.1218693434051497, -0.9925461516413217, 0.0, 0.992546151641322,
  0.12186934340514732, 0.0]
- [0.0, 0.0, 1.0, 0.15643446504023037, -0.9876883405951378, 0.0, 0.9876883405951378,
  0.15643446504023098, 0.0]
- [0.0, 0.0, 1.0, 0.1908089953765434, -0.9816271834476642, 0.0, 0.981627183447664,
  0.19080899537654472, 0.0]
- [0.0, 0.0, 1.0, 0.22495105434386414, -0.9743700647852355, 0.0, 0.9743700647852352,
  0.22495105434386473, 0.0]
- [0.0, 0.0, 1.0, 0.2588190451025207, -0.9659258262890682, 0.0, 0.9659258262890683,
  0.2588190451025205, 0.0]
- [0.0, 0.0, 1.0, 0.2923717047227373, -0.9563047559630353, 0.0, 0.9563047559630353,
  0.2923717047227367, 0.0]
- [0.0, 0.0, 1.0, 0.32556815445715703, -0.9455185755993167, 0.0, 0.9455185755993167,
  0.32556815445715676, 0.0]
- [0.0, 0.0, 1.0, 0.3583679495452998, -0.9335804264972019, 0.0, 0.9335804264972017,
  0.3583679495453002, 0.0]
- [0.0, 0.0, 1.0, 0.3907311284892745, -0.92050485345244, 0.0, 0.9205048534524405,
  0.3907311284892736, 0.0]
- [0.0, 0.0, 1.0, 0.42261826174069855, -0.9063077870366505, 0.0, 0.9063077870366502,
  0.42261826174069905, 0.0]
- [0.0, 0.0, 1.0, 0.45399049973954675, -0.8910065241883678, 0.0, 0.8910065241883678,
  0.4539904997395466, 0.0]
- [0.0, 0.0, 1.0, 0.48480962024633684, -0.8746197071393959, 0.0, 0.8746197071393957,
  0.484809620246337, 0.0]
- [0.0, 0.0, 1.0, 0.5150380749100553, -0.8571673007021118, 0.0, 0.8571673007021122,
  0.5150380749100542, 0.0]
- [0.0, 0.0, 1.0, 0.5446390350150273, -0.8386705679454238, 0.0, 0.8386705679454242,
  0.5446390350150269, 0.0]
- [0.0, 0.0, 1.0, 0.5735764363510465, -0.8191520442889916, 0.0, 0.8191520442889919,
  0.573576436351046, 0.0]
- [0.0, 0.0, 1.0, 0.6018150231520475, -0.7986355100472935, 0.0, 0.798635510047293,
  0.601815023152048, 0.0]
- [0.0, 0.0, 1.0, 0.6293203910498377, -0.7771459614569706, 0.0, 0.7771459614569711,
  0.6293203910498373, 0.0]
- [0.0, 0.0, 1.0, 0.6560590289905056, -0.7547095802227733, 0.0, 0.754709580222772,
  0.6560590289905073, 0.0]
- [0.0, 0.0, 1.0, 0.6819983600624991, -0.73135370161917, 0.0, 0.7313537016191703,
  0.6819983600624984, 0.0]
- [0.0, 0.0, 1.0, 0.7071067811865476, -0.7071067811865476, 0.0, 0.7071067811865476,
  0.7071067811865474, 0.0]
- [0.0, 0.0, 1.0, 0.7313537016191686, -0.6819983600625006, 0.0, 0.6819983600624987,
  0.7313537016191701, 0.0]
- [0.0, 0.0, 1.0, 0.7547095802227732, -0.6560590289905059, 0.0, 0.6560590289905075,
  0.7547095802227718, 0.0]
- [0.0, 0.0, 1.0, 0.7771459614569706, -0.6293203910498377, 0.0, 0.6293203910498373,
  0.7771459614569708, 0.0]
- [0.0, 0.0, 1.0, 0.7986355100472935, -0.6018150231520475, 0.0, 0.6018150231520483,
  0.7986355100472929, 0.0]
- [0.0, 0.0, 1.0, 0.8191520442889905, -0.5735764363510482, 0.0, 0.5735764363510464,
  0.8191520442889915, 0.0]
- [0.0, 0.0, 1.0, 0.8386705679454238, -0.5446390350150275, 0.0, 0.5446390350150274,
  0.8386705679454239, 0.0]
- [0.0, 0.0, 1.0, 0.8571673007021118, -0.5150380749100553, 0.0, 0.5150380749100544,
  0.8571673007021121, 0.0]
- [0.0, 0.0, 1.0, 0.8746197071393962, -0.4848096202463364, 0.0, 0.4848096202463372,
  0.8746197071393957, 0.0]
- [0.0, 0.0, 1.0, 0.891006524188368, -0.45399049973954636, 0.0, 0.4539904997395469,
  0.8910065241883677, 0.0]
- [0.0, 0.0, 1.0, 0.9063077870366503, -0.42261826174069883, 0.0, 0.4226182617406996,
  0.9063077870366499, 0.0]
- [0.0, 0.0, 1.0, 0.92050485345244, -0.3907311284892745, 0.0, 0.39073112848927377,
  0.9205048534524403, 0.0]
- [0.0, 0.0, 1.0, 0.9335804264972012, -0.3583679495453017, 0.0, 0.3583679495453007,
  0.9335804264972015, 0.0]
- [0.0, 0.0, 1.0, 0.9455185755993175, -0.3255681544571546, 0.0, 0.3255681544571571,
  0.9455185755993167, 0.0]
- [0.0, 0.0, 1.0, 0.9563047559630352, -0.29237170472273777, 0.0, 0.29237170472273666,
  0.9563047559630355, 0.0]
- [0.0, 0.0, 1.0, 0.9659258262890675, -0.2588190451025236, 0.0, 0.25881904510252063,
  0.9659258262890683, 0.0]
- [0.0, 0.0, 1.0, 0.9743700647852362, -0.22495105434386115, 0.0, 0.22495105434386525,
  0.9743700647852351, 0.0]
- [0.0, 0.0, 1.0, 0.981627183447664, -0.1908089953765445, 0.0, 0.19080899537654505,
  0.981627183447664, 0.0]
- [0.0, 0.0, 1.0, 0.9876883405951372, -0.1564344650402341, 0.0, 0.15643446504023062,
  0.9876883405951378, 0.0]
- [0.0, 0.0, 1.0, 0.9925461516413221, -0.12186934340514695, 0.0, 0.12186934340514717,
  0.992546151641322, 0.0]
- [0.0, 0.0, 1.0, 0.9961946980917457, -0.08715574274765682, 0.0, 0.08715574274765825,
  0.9961946980917455, 0.0]
- [0.0, 0.0, 1.0, 0.9986295347545739, -0.052335956242940934, 0.0, 0.05233595624294432,
  0.9986295347545738, 0.0]
- [0.0, 0.0, 1.0, 0.9998476951563913, -0.01745240643728728, 0.0, 0.017452406437283942,
  0.9998476951563912, 0.0]
- [0.0, 0.0, 1.0, 0.9998476951563913, 0.01745240643728136, 0.0, -0.017452406437283578,
  0.9998476951563912, 0.0]
- [0.0, 0.0, 1.0, 0.9986295347545736, 0.052335956242946825, 0.0, -0.052335956242943946,
  0.9986295347545738, 0.0]
- [0.0, 0.0, 1.0, 0.9961946980917457, 0.08715574274765685, 0.0, -0.08715574274765787,
  0.9961946980917455, 0.0]
- [0.0, 0.0, 1.0, 0.9925461516413224, 0.12186934340514377, 0.0, -0.12186934340514724,
  0.992546151641322, 0.0]
- [0.0, 0.0, 1.0, 0.9876883405951374, 0.1564344650402323, 0.0, -0.1564344650402307,
  0.9876883405951378, 0.0]
- [0.0, 0.0, 1.0, 0.9816271834476632, 0.1908089953765491, 0.0, -0.19080899537654428,
  0.9816271834476642, 0.0]
- [0.0, 0.0, 1.0, 0.974370064785236, 0.22495105434386134, 0.0, -0.22495105434386445,
  0.9743700647852352, 0.0]
- [0.0, 0.0, 1.0, 0.9659258262890679, 0.2588190451025229, 0.0, -0.25881904510252074,
  0.9659258262890683, 0.0]
- [0.0, 0.0, 1.0, 0.9563047559630365, 0.29237170472273355, 0.0, -0.29237170472273677,
  0.9563047559630355, 0.0]
- [0.0, 0.0, 1.0, 0.9455185755993166, 0.32556815445715753, 0.0, -0.32556815445715637,
  0.945518575599317, 0.0]
- [0.0, 0.0, 1.0, 0.9335804264972015, 0.3583679495453005, 0.0, -0.3583679495453, 0.9335804264972019,
  0.0]
- [0.0, 0.0, 1.0, 0.9205048534524402, 0.39073112848927394, 0.0, -0.39073112848927394,
  0.9205048534524404, 0.0]
- [0.0, 0.0, 1.0, 0.9063077870366508, 0.4226182617406976, 0.0, -0.42261826174069955,
  0.9063077870366497, 0.0]
- [0.0, 0.0, 1.0, 0.8910065241883669, 0.4539904997395487, 0.0, -0.4539904997395466,
  0.8910065241883678, 0.0]
- [0.0, 0.0, 1.0, 0.8746197071393962, 0.4848096202463364, 0.0, -0.4848096202463369,
  0.8746197071393959, 0.0]
- [0.0, 0.0, 1.0, 0.8571673007021109, 0.5150380749100565, 0.0, -0.5150380749100542,
  0.8571673007021123, 0.0]
- [0.0, 0.0, 1.0, 0.8386705679454253, 0.5446390350150252, 0.0, -0.5446390350150266,
  0.8386705679454243, 0.0]
- [0.0, 0.0, 1.0, 0.819152044288993, 0.5735764363510443, 0.0, -0.5735764363510457,
  0.8191520442889921, 0.0]
- [0.0, 0.0, 1.0, 0.7986355100472924, 0.6018150231520488, 0.0, -0.6018150231520483,
  0.7986355100472927, 0.0]
- [0.0, 0.0, 1.0, 0.7771459614569708, 0.6293203910498375, 0.0, -0.6293203910498376,
  0.7771459614569709, 0.0]
- [0.0, 0.0, 1.0, 0.7547095802227712, 0.6560590289905082, 0.0, -0.656059028990507,
  0.7547095802227722, 0.0]
- [0.0, 0.0, 1.0, 0.7313537016191701, 0.6819983600624987, 0.0, -0.6819983600624979,
  0.7313537016191709, 0.0]
- [0.0, 0.0, 1.0, 0.7071067811865505, 0.7071067811865446, 0.0, -0.7071067811865469,
  0.7071067811865479, 0.0]
- [0.0, 0.0, 1.0, 0.6819983600624964, 0.7313537016191725, 0.0, -0.7313537016191705,
  0.6819983600624987, 0.0]
- [0.0, 0.0, 1.0, 0.6560590289905082, 0.7547095802227712, 0.0, -0.7547095802227719,
  0.6560590289905074, 0.0]
- [0.0, 0.0, 1.0, 0.6293203910498408, 0.7771459614569682, 0.0, -0.7771459614569705,
  0.6293203910498378, 0.0]
- [0.0, 0.0, 1.0, 0.6018150231520469, 0.7986355100472938, 0.0, -0.7986355100472925,
  0.6018150231520487, 0.0]
- [0.0, 0.0, 1.0, 0.5735764363510482, 0.8191520442889905, 0.0, -0.8191520442889915,
  0.5735764363510464, 0.0]
- [0.0, 0.0, 1.0, 0.5446390350150252, 0.8386705679454253, 0.0, -0.8386705679454235,
  0.5446390350150278, 0.0]
- [0.0, 0.0, 1.0, 0.5150380749100548, 0.857167300702112, 0.0, -0.857167300702112,
  0.5150380749100549, 0.0]
- [0.0, 0.0, 1.0, 0.4848096202463399, 0.8746197071393942, 0.0, -0.8746197071393956,
  0.4848096202463372, 0.0]
- [0.0, 0.0, 1.0, 0.4539904997395438, 0.8910065241883693, 0.0, -0.8910065241883678,
  0.4539904997395466, 0.0]
- [0.0, 0.0, 1.0, 0.42261826174070066, 0.9063077870366495, 0.0, -0.9063077870366499,
  0.4226182617406992, 0.0]
- [0.0, 0.0, 1.0, 0.390731128489274, 0.9205048534524404, 0.0, -0.9205048534524403,
  0.3907311284892739, 0.0]
- [0.0, 0.0, 1.0, 0.35836794954529894, 0.9335804264972022, 0.0, -0.9335804264972017,
  0.3583679495453003, 0.0]
- [0.0, 0.0, 1.0, 0.32556815445715703, 0.9455185755993167, 0.0, -0.9455185755993167,
  0.3255681544571567, 0.0]
- [0.0, 0.0, 1.0, 0.29237170472273855, 0.956304755963035, 0.0, -0.9563047559630353,
  0.29237170472273716, 0.0]
- [0.0, 0.0, 1.0, 0.25881904510252324, 0.9659258262890675, 0.0, -0.9659258262890683,
  0.25881904510252113, 0.0]
- [0.0, 0.0, 1.0, 0.22495105434386126, 0.974370064785236, 0.0, -0.9743700647852351,
  0.2249510543438653, 0.0]
- [0.0, 0.0, 1.0, 0.1908089953765491, 0.9816271834476632, 0.0, -0.9816271834476638,
  0.19080899537654553, 0.0]
- [0.0, 0.0, 1.0, 0.15643446504022843, 0.9876883405951381, 0.0, -0.9876883405951375,
  0.15643446504023154, 0.0]
- [0.0, 0.0, 1.0, 0.12186934340514387, 0.9925461516413224, 0.0, -0.992546151641322,
  0.12186934340514768, 0.0]
- [0.0, 0.0, 1.0, 0.08715574274766047, 0.9961946980917453, 0.0, -0.9961946980917455,
  0.08715574274765789, 0.0]
- [0.0, 0.0, 1.0, 0.052335956242946846, 0.9986295347545738, 0.0, -0.9986295347545738,
  0.05233595624294348, 0.0]
- [0.0, 0.0, 1.0, 0.01745240643728168, 0.9998476951563913, 0.0, -0.9998476951563912,
  0.01745240643728344, 0.0]
