nodes:
- [0.0693295000 0.0000000000 0.0]
- [0.0692872663 0.0024195647 0.0]
- [0.0691606168 0.0048361814 0.0]
- [0.0689497057 0.0072469061 0.0]
- [0.0686547901 0.0096488015 0.0]
- [0.0682762291 0.0120389413 0.0]
- [0.0678144841 0.0144144136 0.0]
- [0.0672701176 0.0167723241 0.0]
- [0.0666437927 0.0191098001 0.0]
- [0.0659362727 0.0214239937 0.0]
- [0.0651484196 0.0237120855 0.0]
- [0.0642811930 0.0259712878 0.0]
- [0.0633356498 0.0281988481 0.0]
- [0.0623129418 0.0303920524 0.0]
- [0.0612143151 0.0325482287 0.0]
- [0.0600411082 0.0346647500 0.0]
- [0.0587947505 0.0367390376 0.0]
- [0.0574767604 0.0387685644 0.0]
- [0.0560887437 0.0407508576 0.0]
- [0.0546323915 0.0426835023 0.0]
- [0.0531094782 0.0445641436 0.0]
- [0.0515218592 0.0463904904 0.0]
- [0.0498714687 0.0481603175 0.0]
- [0.0481603175 0.0498714687 0.0]
- [0.0463904904 0.0515218592 0.0]
- [0.0445641436 0.0531094782 0.0]
- [0.0426835023 0.0546323915 0.0]
- [0.0407508576 0.0560887437 0.0]
- [0.0387685644 0.0574767604 0.0]
- [0.0367390376 0.0587947505 0.0]
- [0.0346647500 0.0600411082 0.0]
- [0.0325482287 0.0612143151 0.0]
- [0.0303920524 0.0623129418 0.0]
- [0.0281988481 0.0633356498 0.0]
- [0.0259712878 0.0642811930 0.0]
- [0.0237120855 0.0651484196 0.0]
- [0.0214239937 0.0659362727 0.0]
- [0.0191098001 0.0666437927 0.0]
- [0.0167723241 0.0672701176 0.0]
- [0.0144144136 0.0678144841 0.0]
- [0.0120389413 0.0682762291 0.0]
- [0.0096488015 0.0686547901 0.0]
- [0.0072469061 0.0689497057 0.0]
- [0.0048361814 0.0691606168 0.0]
- [0.0024195647 0.0692872663 0.0]
- [0.0000000000 0.0693295000 0.0]
- [-0.0024195647 0.0692872663 0.0]
- [-0.0048361814 0.0691606168 0.0]
- [-0.0072469061 0.0689497057 0.0]
- [-0.0096488015 0.0686547901 0.0]
- [-0.0120389413 0.0682762291 0.0]
- [-0.0144144136 0.0678144841 0.0]
- [-0.0167723241 0.0672701176 0.0]
- [-0.0191098001 0.0666437927 0.0]
- [-0.0214239937 0.0659362727 0.0]
- [-0.0237120855 0.0651484196 0.0]
- [-0.0259712878 0.0642811930 0.0]
- [-0.0281988481 0.0633356498 0.0]
- [-0.0303920524 0.0623129418 0.0]
- [-0.0325482287 0.0612143151 0.0]
- [-0.0346647500 0.0600411082 0.0]
- [-0.0367390376 0.0587947505 0.0]
- [-0.0387685644 0.0574767604 0.0]
- [-0.0407508576 0.0560887437 0.0]
- [-0.0426835023 0.0546323915 0.0]
- [-0.0445641436 0.0531094782 0.0]
- [-0.0463904904 0.0515218592 0.0]
- [-0.0481603175 0.0498714687 0.0]
- [-0.0498714687 0.0481603175 0.0]
- [-0.0515218592 0.0463904904 0.0]
- [-0.0531094782 0.0445641436 0.0]
- [-0.0546323915 0.0426835023 0.0]
- [-0.0560887437 0.0407508576 0.0]
- [-0.0574767604 0.0387685644 0.0]
- [-0.0587947505 0.0367390376 0.0]
- [-0.0600411082 0.0346647500 0.0]
- [-0.0612143151 0.0325482287 0.0]
- [-0.0623129418 0.0303920524 0.0]
- [-0.0633356498 0.0281988481 0.0]
- [-0.0642811930 0.0259712878 0.0]
- [-0.0651484196 0.0237120855 0.0]
- [-0.0659362727 0.0214239937 0.0]
- [-0.0666437927 0.0191098001 0.0]
- [-0.0672701176 0.0167723241 0.0]
- [-0.0678144841 0.0144144136 0.0]
- [-0.0682762291 0.0120389413 0.0]
- [-0.0686547901 0.0096488015 0.0]
- [-0.0689497057 0.0072469061 0.0]
- [-0.0691606168 0.0048361814 0.0]
- [-0.0692872663 0.0024195647 0.0]
- [-0.0693295000 0.0000000000 0.0]
- [-0.0692872663 -0.0024195647 0.0]
- [-0.0691606168 -0.0048361814 0.0]
- [-0.0689497057 -0.0072469061 0.0]
- [-0.0686547901 -0.0096488015 0.0]
- [-0.0682762291 -0.0120389413 0.0]
- [-0.0678144841 -0.0144144136 0.0]
- [-0.0672701176 -0.0167723241 0.0]
- [-0.0666437927 -0.0191098001 0.0]
- [-0.0659362727 -0.0214239937 0.0]
- [-0.0651484196 -0.0237120855 0.0]
- [-0.0642811930 -0.0259712878 0.0]
- [-0.0633356498 -0.0281988481 0.0]
- [-0.0623129418 -0.0303920524 0.0]
- [-0.0612143151 -0.0325482287 0.0]
- [-0.0600411082 -0.0346647500 0.0]
- [-0.0587947505 -0.0367390376 0.0]
- [-0.0574767604 -0.0387685644 0.0]
- [-0.0560887437 -0.0407508576 0.0]
- [-0.0546323915 -0.0426835023 0.0]
- [-0.0531094782 -0.0445641436 0.0]
- [-0.0515218592 -0.0463904904 0.0]
- [-0.0498714687 -0.0481603175 0.0]
- [-0.0481603175 -0.0498714687 0.0]
- [-0.0463904904 -0.0515218592 0.0]
- [-0.0445641436 -0.0531094782 0.0]
- [-0.0426835023 -0.0546323915 0.0]
- [-0.0407508576 -0.0560887437 0.0]
- [-0.0387685644 -0.0574767604 0.0]
- [-0.0367390376 -0.0587947505 0.0]
- [-0.0346647500 -0.0600411082 0.0]
- [-0.0325482287 -0.0612143151 0.0]
- [-0.0303920524 -0.0623129418 0.0]
- [-0.0281988481 -0.0633356498 0.0]
- [-0.0259712878 -0.0642811930 0.0]
- [-0.0237120855 -0.0651484196 0.0]
- [-0.0214239937 -0.0659362727 0.0]
- [-0.0191098001 -0.0666437927 0.0]
- [-0.0167723241 -0.0672701176 0.0]
- [-0.0144144136 -0.0678144841 0.0]
- [-0.0120389413 -0.0682762291 0.0]
- [-0.0096488015 -0.0686547901 0.0]
- [-0.0072469061 -0.0689497057 0.0]
- [-0.0048361814 -0.0691606168 0.0]
- [-0.0024195647 -0.0692872663 0.0]
- [-0.0000000000 -0.0693295000 0.0]
- [0.0024195647 -0.0692872663 0.0]
- [0.0048361814 -0.0691606168 0.0]
- [0.0072469061 -0.0689497057 0.0]
- [0.0096488015 -0.0686547901 0.0]
- [0.0120389413 -0.0682762291 0.0]
- [0.0144144136 -0.0678144841 0.0]
- [0.0167723241 -0.0672701176 0.0]
- [0.0191098001 -0.0666437927 0.0]
- [0.0214239937 -0.0659362727 0.0]
- [0.0237120855 -0.0651484196 0.0]
- [0.0259712878 -0.0642811930 0.0]
- [0.0281988481 -0.0633356498 0.0]
- [0.0303920524 -0.0623129418 0.0]
- [0.0325482287 -0.0612143151 0.0]
- [0.0346647500 -0.0600411082 0.0]
- [0.0367390376 -0.0587947505 0.0]
- [0.0387685644 -0.0574767604 0.0]
- [0.0407508576 -0.0560887437 0.0]
- [0.0426835023 -0.0546323915 0.0]
- [0.0445641436 -0.0531094782 0.0]
- [0.0463904904 -0.0515218592 0.0]
- [0.0481603175 -0.0498714687 0.0]
- [0.0498714687 -0.0481603175 0.0]
- [0.0515218592 -0.0463904904 0.0]
- [0.0531094782 -0.0445641436 0.0]
- [0.0546323915 -0.0426835023 0.0]
- [0.0560887437 -0.0407508576 0.0]
- [0.0574767604 -0.0387685644 0.0]
- [0.0587947505 -0.0367390376 0.0]
- [0.0600411082 -0.0346647500 0.0]
- [0.0612143151 -0.0325482287 0.0]
- [0.0623129418 -0.0303920524 0.0]
- [0.0633356498 -0.0281988481 0.0]
- [0.0642811930 -0.0259712878 0.0]
- [0.0651484196 -0.0237120855 0.0]
- [0.0659362727 -0.0214239937 0.0]
- [0.0666437927 -0.0191098001 0.0]
- [0.0672701176 -0.0167723241 0.0]
- [0.0678144841 -0.0144144136 0.0]
- [0.0682762291 -0.0120389413 0.0]
- [0.0686547901 -0.0096488015 0.0]
- [0.0689497057 -0.0072469061 0.0]
- [0.0691606168 -0.0048361814 0.0]
- [0.0692872663 -0.0024195647 0.0]
elements:
- [1 2]
- [2 3]
- [3 4]
- [4 5]
- [5 6]
- [6 7]
- [7 8]
- [8 9]
- [9 10]
- [10 11]
- [11 12]
- [12 13]
- [13 14]
- [14 15]
- [15 16]
- [16 17]
- [17 18]
- [18 19]
- [19 20]
- [20 21]
- [21 22]
- [22 23]
- [23 24]
- [24 25]
- [25 26]
- [26 27]
- [27 28]
- [28 29]
- [29 30]
- [30 31]
- [31 32]
- [32 33]
- [33 34]
- [34 35]
- [35 36]
- [36 37]
- [37 38]
- [38 39]
- [39 40]
- [40 41]
- [41 42]
- [42 43]
- [43 44]
- [44 45]
- [45 46]
- [46 47]
- [47 48]
- [48 49]
- [49 50]
- [50 51]
- [51 52]
- [52 53]
- [53 54]
- [54 55]
- [55 56]
- [56 57]
- [57 58]
- [58 59]
- [59 60]
- [60 61]
- [61 62]
- [62 63]
- [63 64]
- [64 65]
- [65 66]
- [66 67]
- [67 68]
- [68 69]
- [69 70]
- [70 71]
- [71 72]
- [72 73]
- [73 74]
- [74 75]
- [75 76]
- [76 77]
- [77 78]
- [78 79]
- [79 80]
- [80 81]
- [81 82]
- [82 83]
- [83 84]
- [84 85]
- [85 86]
- [86 87]
- [87 88]
- [88 89]
- [89 90]
- [90 91]
- [91 92]
- [92 93]
- [93 94]
- [94 95]
- [95 96]
- [96 97]
- [97 98]
- [98 99]
- [99 100]
- [100 101]
- [101 102]
- [102 103]
- [103 104]
- [104 105]
- [105 106]
- [106 107]
- [107 108]
- [108 109]
- [109 110]
- [110 111]
- [111 112]
- [112 113]
- [113 114]
- [114 115]
- [115 116]
- [116 117]
- [117 118]
- [118 119]
- [119 120]
- [120 121]
- [121 122]
- [122 123]
- [123 124]
- [124 125]
- [125 126]
- [126 127]
- [127 128]
- [128 129]
- [129 130]
- [130 131]
- [131 132]
- [132 133]
- [133 134]
- [134 135]
- [135 136]
- [136 137]
- [137 138]
- [138 139]
- [139 140]
- [140 141]
- [141 142]
- [142 143]
- [143 144]
- [144 145]
- [145 146]
- [146 147]
- [147 148]
- [148 149]
- [149 150]
- [150 151]
- [151 152]
- [152 153]
- [153 154]
- [154 155]
- [155 156]
- [156 157]
- [157 158]
- [158 159]
- [159 160]
- [160 161]
- [161 162]
- [162 163]
- [163 164]
- [164 165]
- [165 166]
- [166 167]
- [167 168]
- [168 169]
- [169 170]
- [170 171]
- [171 172]
- [172 173]
- [173 174]
- [174 175]
- [175 176]
- [176 177]
- [177 178]
- [178 179]
- [179 180]
- [180 1]
sets:
  element:
  - name: tube
    labels:
    - 1
    - 2
    - 3
    - 4
    - 5
    - 6
    - 7
    - 8
    - 9
    - 10
    - 11
    - 12
    - 13
    - 14
    - 15
    - 16
    - 17
    - 18
    - 19
    - 20
    - 21
    - 22
    - 23
    - 24
    - 25
    - 26
    - 27
    - 28
    - 29
    - 30
    - 31
    - 32
    - 33
    - 34
    - 35
    - 36
    - 37
    - 38
    - 39
    - 40
    - 41
    - 42
    - 43
    - 44
    - 45
    - 46
    - 47
    - 48
    - 49
    - 50
    - 51
    - 52
    - 53
    - 54
    - 55
    - 56
    - 57
    - 58
    - 59
    - 60
    - 61
    - 62
    - 63
    - 64
    - 65
    - 66
    - 67
    - 68
    - 69
    - 70
    - 71
    - 72
    - 73
    - 74
    - 75
    - 76
    - 77
    - 78
    - 79
    - 80
    - 81
    - 82
    - 83
    - 84
    - 85
    - 86
    - 87
    - 88
    - 89
    - 90
    - 91
    - 92
    - 93
    - 94
    - 95
    - 96
    - 97
    - 98
    - 99
    - 100
    - 101
    - 102
    - 103
    - 104
    - 105
    - 106
    - 107
    - 108
    - 109
    - 110
    - 111
    - 112
    - 113
    - 114
    - 115
    - 116
    - 117
    - 118
    - 119
    - 120
    - 121
    - 122
    - 123
    - 124
    - 125
    - 126
    - 127
    - 128
    - 129
    - 130
    - 131
    - 132
    - 133
    - 134
    - 135
    - 136
    - 137
    - 138
    - 139
    - 140
    - 141
    - 142
    - 143
    - 144
    - 145
    - 146
    - 147
    - 148
    - 149
    - 150
    - 151
    - 152
    - 153
    - 154
    - 155
    - 156
    - 157
    - 158
    - 159
    - 160
    - 161
    - 162
    - 163
    - 164
    - 165
    - 166
    - 167
    - 168
    - 169
    - 170
    - 171
    - 172
    - 173
    - 174
    - 175
    - 176
    - 177
    - 178
    - 179
    - 180
sections:
- type: shell
  elementSet: tube
  layup:
  - - mat
    - 0.008682
    - -45.0
materials:
- name: mat
  density: 1860.0
  elastic:
    E:
    - 37000000000.0
    - 9000000000.0
    - 9000000000.0
    G:
    - 4000000000.0
    - 4000000000.0
    - 4000000000.0
    nu:
    - 0.3
    - 0.3
    - 0.3
elementOrientations:
- [0.0, 0.0, 1.0, -0.017452406437281125, 0.9998476951563914, 0.0, -0.9998476951563912,
  -0.017452406437283508, 0.0]
- [0.0, 0.0, 1.0, -0.052335956242945895, 0.9986295347545738, 0.0, -0.9986295347545739,
  -0.052335956242943835, 0.0]
- [0.0, 0.0, 1.0, -0.08715574274765747, 0.9961946980917455, 0.0, -0.9961946980917455,
  -0.08715574274765818, 0.0]
- [0.0, 0.0, 1.0, -0.12186934340514466, 0.9925461516413225, 0.0, -0.9925461516413221,
  -0.12186934340514749, 0.0]
- [0.0, 0.0, 1.0, -0.15643446504023417, 0.9876883405951373, 0.0, -0.9876883405951378,
  -0.15643446504023084, 0.0]
- [0.0, 0.0, 1.0, -0.1908089953765431, 0.9816271834476643, 0.0, -0.9816271834476639,
  -0.19080899537654478, 0.0]
- [0.0, 0.0, 1.0, -0.22495105434386828, 0.9743700647852345, 0.0, -0.9743700647852351,
  -0.22495105434386498, 0.0]
- [0.0, 0.0, 1.0, -0.2588190451025189, 0.9659258262890688, 0.0, -0.9659258262890683,
  -0.2588190451025208, 0.0]
- [0.0, 0.0, 1.0, -0.2923717047227383, 0.956304755963035, 0.0, -0.9563047559630355,
  -0.29237170472273666, 0.0]
- [0.0, 0.0, 1.0, -0.32556815445715437, 0.9455185755993176, 0.0, -0.9455185755993167,
  -0.3255681544571567, 0.0]
- [0.0, 0.0, 1.0, -0.3583679495453021, 0.9335804264972011, 0.0, -0.9335804264972019,
  -0.35836794954530027, 0.0]
- [0.0, 0.0, 1.0, -0.3907311284892771, 0.9205048534524389, 0.0, -0.9205048534524403,
  -0.3907311284892737, 0.0]
- [0.0, 0.0, 1.0, -0.42261826174069567, 0.9063077870366516, 0.0, -0.9063077870366499,
  -0.42261826174069944, 0.0]
- [0.0, 0.0, 1.0, -0.4539904997395453, 0.8910065241883687, 0.0, -0.8910065241883678,
  -0.4539904997395467, 0.0]
- [0.0, 0.0, 1.0, -0.4848096202463388, 0.874619707139395, 0.0, -0.8746197071393957,
  -0.48480962024633684, 0.0]
- [0.0, 0.0, 1.0, -0.5150380749100535, 0.8571673007021127, 0.0, -0.8571673007021123,
  -0.5150380749100542, 0.0]
- [0.0, 0.0, 1.0, -0.544639035015025, 0.8386705679454255, 0.0, -0.8386705679454239,
  -0.5446390350150271, 0.0]
- [0.0, 0.0, 1.0, -0.5735764363510483, 0.8191520442889902, 0.0, -0.8191520442889917,
  -0.573576436351046, 0.0]
- [0.0, 0.0, 1.0, -0.6018150231520498, 0.7986355100472916, 0.0, -0.7986355100472929,
  -0.6018150231520483, 0.0]
- [0.0, 0.0, 1.0, -0.6293203910498378, 0.7771459614569707, 0.0, -0.7771459614569709,
  -0.6293203910498374, 0.0]
- [0.0, 0.0, 1.0, -0.6560590289905046, 0.7547095802227745, 0.0, -0.7547095802227719,
  -0.6560590289905074, 0.0]
- [0.0, 0.0, 1.0, -0.6819983600624986, 0.7313537016191705, 0.0, -0.7313537016191703,
  -0.6819983600624985, 0.0]
- [0.0, 0.0, 1.0, -0.7071067811865476, 0.7071067811865476, 0.0, -0.7071067811865475,
  -0.7071067811865474, 0.0]
- [0.0, 0.0, 1.0, -0.7313537016191718, 0.6819983600624971, 0.0, -0.6819983600624985,
  -0.7313537016191703, 0.0]
- [0.0, 0.0, 1.0, -0.7547095802227717, 0.6560590289905076, 0.0, -0.6560590289905074,
  -0.7547095802227719, 0.0]
- [0.0, 0.0, 1.0, -0.7771459614569707, 0.6293203910498378, 0.0, -0.6293203910498375,
  -0.7771459614569709, 0.0]
- [0.0, 0.0, 1.0, -0.7986355100472926, 0.6018150231520484, 0.0, -0.6018150231520483,
  -0.7986355100472929, 0.0]
- [0.0, 0.0, 1.0, -0.8191520442889912, 0.5735764363510469, 0.0, -0.573576436351046,
  -0.8191520442889919, 0.0]
- [0.0, 0.0, 1.0, -0.8386705679454232, 0.5446390350150282, 0.0, -0.544639035015027,
  -0.838670567945424, 0.0]
- [0.0, 0.0, 1.0, -0.8571673007021138, 0.5150380749100519, 0.0, -0.5150380749100542,
  -0.8571673007021122, 0.0]
- [0.0, 0.0, 1.0, -0.8746197071393956, 0.48480962024633756, 0.0, -0.48480962024633717,
  -0.8746197071393957, 0.0]
- [0.0, 0.0, 1.0, -0.8910065241883678, 0.453990499739547, 0.0, -0.4539904997395468,
  -0.8910065241883678, 0.0]
- [0.0, 0.0, 1.0, -0.9063077870366515, 0.4226182617406963, 0.0, -0.42261826174069944,
  -0.9063077870366499, 0.0]
- [0.0, 0.0, 1.0, -0.9205048534524395, 0.3907311284892755, 0.0, -0.3907311284892737,
  -0.9205048534524403, 0.0]
- [0.0, 0.0, 1.0, -0.9335804264972022, 0.358367949545299, 0.0, -0.3583679495453002,
  -0.9335804264972016, 0.0]
- [0.0, 0.0, 1.0, -0.9455185755993162, 0.3255681544571586, 0.0, -0.32556815445715676,
  -0.9455185755993167, 0.0]
- [0.0, 0.0, 1.0, -0.9563047559630351, 0.29237170472273794, 0.0, -0.29237170472273666,
  -0.9563047559630353, 0.0]
- [0.0, 0.0, 1.0, -0.9659258262890685, 0.25881904510251996, 0.0, -0.2588190451025208,
  -0.9659258262890681, 0.0]
- [0.0, 0.0, 1.0, -0.9743700647852357, 0.22495105434386284, 0.0, -0.22495105434386523,
  -0.9743700647852352, 0.0]
- [0.0, 0.0, 1.0, -0.9816271834476632, 0.19080899537654825, 0.0, -0.1908089953765449,
  -0.9816271834476639, 0.0]
- [0.0, 0.0, 1.0, -0.987688340595138, 0.15643446504022934, 0.0, -0.15643446504023104,
  -0.9876883405951378, 0.0]
- [0.0, 0.0, 1.0, -0.9925461516413219, 0.12186934340514943, 0.0, -0.12186934340514759,
  -0.9925461516413221, 0.0]
- [0.0, 0.0, 1.0, -0.9961946980917455, 0.08715574274765785, 0.0, -0.08715574274765824,
  -0.9961946980917454, 0.0]
- [0.0, 0.0, 1.0, -0.9986295347545738, 0.05233595624294584, 0.0, -0.052335956242943966,
  -0.9986295347545739, 0.0]
- [0.0, 0.0, 1.0, -0.9998476951563913, 0.017452406437281097, 0.0, -0.0174524064372836,
  -0.9998476951563912, 0.0]
- [0.0, 0.0, 1.0, -0.9998476951563913, -0.017452406437281208, 0.0, 0.01745240643728336,
  -0.9998476951563912, 0.0]
- [0.0, 0.0, 1.0, -0.9986295347545738, -0.05233595624294551, 0.0, 0.05233595624294373,
  -0.9986295347545739, 0.0]
- [0.0, 0.0, 1.0, -0.9961946980917455, -0.08715574274765785, 0.0, 0.08715574274765812,
  -0.9961946980917455, 0.0]
- [0.0, 0.0, 1.0, -0.9925461516413223, -0.12186934340514445, 0.0, 0.12186934340514739,
  -0.9925461516413221, 0.0]
- [0.0, 0.0, 1.0, -0.9876883405951372, -0.15643446504023392, 0.0, 0.1564344650402308,
  -0.9876883405951378, 0.0]
- [0.0, 0.0, 1.0, -0.9816271834476642, -0.19080899537654408, 0.0, 0.1908089953765447,
  -0.9816271834476641, 0.0]
- [0.0, 0.0, 1.0, -0.9743700647852348, -0.2249510543438667, 0.0, 0.22495105434386486,
  -0.9743700647852351, 0.0]
- [0.0, 0.0, 1.0, -0.9659258262890685, -0.25881904510251996, 0.0, 0.25881904510252074,
  -0.9659258262890683, 0.0]
- [0.0, 0.0, 1.0, -0.9563047559630368, -0.2923717047227327, 0.0, 0.2923717047227366,
  -0.9563047559630355, 0.0]
- [0.0, 0.0, 1.0, -0.9455185755993161, -0.32556815445715903, 0.0, 0.3255681544571566,
  -0.9455185755993167, 0.0]
- [0.0, 0.0, 1.0, -0.9335804264972013, -0.35836794954530166, 0.0, 0.35836794954530027,
  -0.9335804264972019, 0.0]
- [0.0, 0.0, 1.0, -0.9205048534524406, -0.39073112848927327, 0.0, 0.3907311284892737,
  -0.9205048534524403, 0.0]
- [0.0, 0.0, 1.0, -0.9063077870366492, -0.42261826174070105, 0.0, 0.42261826174069944,
  -0.9063077870366499, 0.0]
- [0.0, 0.0, 1.0, -0.8910065241883687, -0.4539904997395454, 0.0, 0.4539904997395467,
  -0.8910065241883679, 0.0]
- [0.0, 0.0, 1.0, -0.874619707139395, -0.4848096202463385, 0.0, 0.4848096202463367,
  -0.874619707139396, 0.0]
- [0.0, 0.0, 1.0, -0.857167300702114, -0.5150380749100514, 0.0, 0.5150380749100539,
  -0.8571673007021123, 0.0]
- [0.0, 0.0, 1.0, -0.8386705679454232, -0.5446390350150282, 0.0, 0.5446390350150269,
  -0.838670567945424, 0.0]
- [0.0, 0.0, 1.0, -0.8191520442889912, -0.5735764363510469, 0.0, 0.573576436351046,
  -0.8191520442889919, 0.0]
- [0.0, 0.0, 1.0, -0.7986355100472938, -0.6018150231520472, 0.0, 0.6018150231520483,
  -0.7986355100472929, 0.0]
- [0.0, 0.0, 1.0, -0.7771459614569707, -0.6293203910498378, 0.0, 0.6293203910498375,
  -0.7771459614569709, 0.0]
- [0.0, 0.0, 1.0, -0.7547095802227732, -0.6560590289905059, 0.0, 0.6560590289905074,
  -0.7547095802227719, 0.0]
- [0.0, 0.0, 1.0, -0.7313537016191693, -0.6819983600624998, 0.0, 0.6819983600624983,
  -0.7313537016191706, 0.0]
- [0.0, 0.0, 1.0, -0.707106781186549, -0.7071067811865461, 0.0, 0.7071067811865475,
  -0.7071067811865477, 0.0]
- [0.0, 0.0, 1.0, -0.6819983600624984, -0.7313537016191707, 0.0, 0.7313537016191703,
  -0.6819983600624985, 0.0]
- [0.0, 0.0, 1.0, -0.6560590289905059, -0.7547095802227732, 0.0, 0.7547095802227718,
  -0.6560590289905074, 0.0]
- [0.0, 0.0, 1.0, -0.6293203910498392, -0.7771459614569695, 0.0, 0.7771459614569708,
  -0.6293203910498376, 0.0]
- [0.0, 0.0, 1.0, -0.6018150231520484, -0.7986355100472926, 0.0, 0.7986355100472926,
  -0.6018150231520484, 0.0]
- [0.0, 0.0, 1.0, -0.5735764363510455, -0.819152044288992, 0.0, 0.8191520442889916,
  -0.5735764363510462, 0.0]
- [0.0, 0.0, 1.0, -0.544639035015027, -0.8386705679454242, 0.0, 0.838670567945424,
  -0.5446390350150272, 0.0]
- [0.0, 0.0, 1.0, -0.5150380749100535, -0.8571673007021127, 0.0, 0.8571673007021123,
  -0.5150380749100542, 0.0]
- [0.0, 0.0, 1.0, -0.48480962024633795, -0.8746197071393953, 0.0, 0.8746197071393957,
  -0.48480962024633717, 0.0]
- [0.0, 0.0, 1.0, -0.4539904997395452, -0.8910065241883686, 0.0, 0.8910065241883678,
  -0.45399049973954686, 0.0]
- [0.0, 0.0, 1.0, -0.42261826174070005, -0.9063077870366496, 0.0, 0.9063077870366499,
  -0.4226182617406995, 0.0]
- [0.0, 0.0, 1.0, -0.39073112848927655, -0.920504853452439, 0.0, 0.9205048534524402,
  -0.39073112848927394, 0.0]
- [0.0, 0.0, 1.0, -0.3583679495452966, -0.9335804264972032, 0.0, 0.9335804264972016,
  -0.3583679495453004, 0.0]
- [0.0, 0.0, 1.0, -0.3255681544571586, -0.9455185755993162, 0.0, 0.9455185755993167,
  -0.32556815445715676, 0.0]
- [0.0, 0.0, 1.0, -0.29237170472273627, -0.9563047559630355, 0.0, 0.9563047559630353,
  -0.292371704722737, 0.0]
- [0.0, 0.0, 1.0, -0.2588190451025207, -0.9659258262890682, 0.0, 0.9659258262890681,
  -0.25881904510252096, 0.0]
- [0.0, 0.0, 1.0, -0.22495105434386828, -0.9743700647852345, 0.0, 0.9743700647852351,
  -0.22495105434386498, 0.0]
- [0.0, 0.0, 1.0, -0.19080899537654272, -0.9816271834476643, 0.0, 0.9816271834476641,
  -0.19080899537654478, 0.0]
- [0.0, 0.0, 1.0, -0.15643446504023023, -0.9876883405951379, 0.0, 0.9876883405951378,
  -0.15643446504023098, 0.0]
- [0.0, 0.0, 1.0, -0.1218693434051502, -0.9925461516413217, 0.0, 0.9925461516413221,
  -0.12186934340514777, 0.0]
- [0.0, 0.0, 1.0, -0.08715574274765732, -0.9961946980917455, 0.0, 0.9961946980917454,
  -0.0871557427476584, 0.0]
- [0.0, 0.0, 1.0, -0.052335956242945174, -0.9986295347545738, 0.0, 0.9986295347545739,
  -0.052335956242943814, 0.0]
- [0.0, 0.0, 1.0, -0.01745240643728132, -0.9998476951563913, 0.0, 0.9998476951563912,
  -0.01745240643728344, 0.0]
- [0.0, 0.0, 1.0, 0.017452406437281093, -0.9998476951563913, 0.0, 0.9998476951563912,
  0.01745240643728341, 0.0]
- [0.0, 0.0, 1.0, 0.052335956242946506, -0.9986295347545737, 0.0, 0.9986295347545739,
  0.052335956242943564, 0.0]
- [0.0, 0.0, 1.0, 0.08715574274765729, -0.9961946980917455, 0.0, 0.9961946980917455,
  0.08715574274765774, 0.0]
- [0.0, 0.0, 1.0, 0.12186934340514864, -0.9925461516413219, 0.0, 0.9925461516413221,
  0.12186934340514732, 0.0]
- [0.0, 0.0, 1.0, 0.15643446504022832, -0.9876883405951381, 0.0, 0.9876883405951378,
  0.15643446504023098, 0.0]
- [0.0, 0.0, 1.0, 0.19080899537654514, -0.9816271834476639, 0.0, 0.9816271834476641,
  0.19080899537654475, 0.0]
- [0.0, 0.0, 1.0, 0.22495105434386828, -0.9743700647852345, 0.0, 0.9743700647852352,
  0.22495105434386478, 0.0]
- [0.0, 0.0, 1.0, 0.25881904510251824, -0.9659258262890691, 0.0, 0.9659258262890683,
  0.2588190451025206, 0.0]
- [0.0, 0.0, 1.0, 0.2923717047227347, -0.9563047559630361, 0.0, 0.9563047559630353,
  0.2923717047227367, 0.0]
- [0.0, 0.0, 1.0, 0.3255681544571575, -0.9455185755993166, 0.0, 0.9455185755993167,
  0.32556815445715676, 0.0]
- [0.0, 0.0, 1.0, 0.35836794954530166, -0.9335804264972013, 0.0, 0.9335804264972019,
  0.35836794954530027, 0.0]
- [0.0, 0.0, 1.0, 0.3907311284892705, -0.9205048534524417, 0.0, 0.9205048534524403,
  0.3907311284892735, 0.0]
- [0.0, 0.0, 1.0, 0.42261826174070094, -0.9063077870366493, 0.0, 0.9063077870366502,
  0.422618261740699, 0.0]
- [0.0, 0.0, 1.0, 0.4539904997395469, -0.8910065241883678, 0.0, 0.8910065241883679,
  0.4539904997395467, 0.0]
- [0.0, 0.0, 1.0, 0.48480962024633756, -0.8746197071393956, 0.0, 0.8746197071393957,
  0.48480962024633717, 0.0]
- [0.0, 0.0, 1.0, 0.515038074910053, -0.8571673007021129, 0.0, 0.8571673007021123,
  0.5150380749100542, 0.0]
- [0.0, 0.0, 1.0, 0.5446390350150282, -0.8386705679454232, 0.0, 0.838670567945424,
  0.5446390350150269, 0.0]
- [0.0, 0.0, 1.0, 0.5735764363510469, -0.8191520442889912, 0.0, 0.8191520442889919,
  0.573576436351046, 0.0]
- [0.0, 0.0, 1.0, 0.6018150231520472, -0.7986355100472938, 0.0, 0.798635510047293,
  0.601815023152048, 0.0]
- [0.0, 0.0, 1.0, 0.6293203910498388, -0.7771459614569698, 0.0, 0.777145961456971,
  0.6293203910498372, 0.0]
- [0.0, 0.0, 1.0, 0.6560590289905046, -0.7547095802227745, 0.0, 0.7547095802227719,
  0.6560590289905074, 0.0]
- [0.0, 0.0, 1.0, 0.6819983600625001, -0.731353701619169, 0.0, 0.7313537016191703,
  0.6819983600624985, 0.0]
- [0.0, 0.0, 1.0, 0.7071067811865476, -0.7071067811865476, 0.0, 0.7071067811865477,
  0.7071067811865475, 0.0]
- [0.0, 0.0, 1.0, 0.731353701619169, -0.6819983600625001, 0.0, 0.6819983600624987,
  0.7313537016191701, 0.0]
- [0.0, 0.0, 1.0, 0.754709580222773, -0.6560590289905062, 0.0, 0.6560590289905074,
  0.7547095802227717, 0.0]
- [0.0, 0.0, 1.0, 0.7771459614569711, -0.6293203910498371, 0.0, 0.6293203910498374,
  0.7771459614569709, 0.0]
- [0.0, 0.0, 1.0, 0.7986355100472914, -0.6018150231520504, 0.0, 0.6018150231520483,
  0.7986355100472929, 0.0]
- [0.0, 0.0, 1.0, 0.8191520442889935, -0.5735764363510439, 0.0, 0.5735764363510463,
  0.8191520442889915, 0.0]
- [0.0, 0.0, 1.0, 0.8386705679454218, -0.5446390350150304, 0.0, 0.5446390350150274,
  0.8386705679454239, 0.0]
- [0.0, 0.0, 1.0, 0.8571673007021122, -0.5150380749100544, 0.0, 0.5150380749100544,
  0.8571673007021121, 0.0]
- [0.0, 0.0, 1.0, 0.8746197071393957, -0.484809620246337, 0.0, 0.48480962024633717,
  0.8746197071393955, 0.0]
- [0.0, 0.0, 1.0, 0.8910065241883691, -0.4539904997395442, 0.0, 0.4539904997395469,
  0.8910065241883677, 0.0]
- [0.0, 0.0, 1.0, 0.906307787036649, -0.4226182617407012, 0.0, 0.42261826174069955,
  0.9063077870366499, 0.0]
- [0.0, 0.0, 1.0, 0.9205048534524395, -0.3907311284892759, 0.0, 0.3907311284892738,
  0.9205048534524403, 0.0]
- [0.0, 0.0, 1.0, 0.9335804264972015, -0.35836794954530093, 0.0, 0.35836794954530066,
  0.9335804264972016, 0.0]
- [0.0, 0.0, 1.0, 0.9455185755993175, -0.32556815445715465, 0.0, 0.32556815445715703,
  0.9455185755993166, 0.0]
- [0.0, 0.0, 1.0, 0.9563047559630343, -0.2923717047227404, 0.0, 0.2923717047227366,
  0.9563047559630355, 0.0]
- [0.0, 0.0, 1.0, 0.9659258262890698, -0.25881904510251574, 0.0, 0.25881904510252063,
  0.9659258262890683, 0.0]
- [0.0, 0.0, 1.0, 0.974370064785235, -0.2249510543438655, 0.0, 0.22495105434386528,
  0.9743700647852351, 0.0]
- [0.0, 0.0, 1.0, 0.9816271834476636, -0.19080899537654608, 0.0, 0.190808995376545,
  0.9816271834476639, 0.0]
- [0.0, 0.0, 1.0, 0.9876883405951375, -0.15643446504023192, 0.0, 0.1564344650402306,
  0.9876883405951378, 0.0]
- [0.0, 0.0, 1.0, 0.9925461516413222, -0.12186934340514603, 0.0, 0.12186934340514718,
  0.9925461516413221, 0.0]
- [0.0, 0.0, 1.0, 0.9961946980917455, -0.08715574274765842, 0.0, 0.08715574274765824,
  0.9961946980917454, 0.0]
- [0.0, 0.0, 1.0, 0.9986295347545739, -0.05233595624294078, 0.0, 0.05233595624294431,
  0.9986295347545737, 0.0]
- [0.0, 0.0, 1.0, 0.9998476951563913, -0.017452406437286606, 0.0, 0.017452406437283945,
  0.9998476951563912, 0.0]
- [0.0, 0.0, 1.0, 0.9998476951563913, 0.017452406437280875, 0.0, -0.017452406437283574,
  0.9998476951563912, 0.0]
- [0.0, 0.0, 1.0, 0.9986295347545737, 0.0523359562429465, 0.0, -0.05233595624294395,
  0.9986295347545739, 0.0]
- [0.0, 0.0, 1.0, 0.9961946980917455, 0.08715574274765844, 0.0, -0.08715574274765789,
  0.9961946980917455, 0.0]
- [0.0, 0.0, 1.0, 0.9925461516413226, 0.12186934340514291, 0.0, -0.12186934340514724,
  0.9925461516413221, 0.0]
- [0.0, 0.0, 1.0, 0.9876883405951369, 0.15643446504023592, 0.0, -0.15643446504023065,
  0.9876883405951378, 0.0]
- [0.0, 0.0, 1.0, 0.9816271834476639, 0.19080899537654514, 0.0, -0.19080899537654425,
  0.9816271834476641, 0.0]
- [0.0, 0.0, 1.0, 0.9743700647852364, 0.22495105434386034, 0.0, -0.22495105434386442,
  0.9743700647852352, 0.0]
- [0.0, 0.0, 1.0, 0.9659258262890671, 0.25881904510252535, 0.0, -0.2588190451025207,
  0.9659258262890683, 0.0]
- [0.0, 0.0, 1.0, 0.956304755963037, 0.29237170472273144, 0.0, -0.29237170472273666,
  0.9563047559630353, 0.0]
- [0.0, 0.0, 1.0, 0.9455185755993147, 0.32556815445716253, 0.0, -0.32556815445715626,
  0.945518575599317, 0.0]
- [0.0, 0.0, 1.0, 0.9335804264972029, 0.35836794954529727, 0.0, -0.35836794954529994,
  0.9335804264972019, 0.0]
- [0.0, 0.0, 1.0, 0.9205048534524408, 0.39073112848927244, 0.0, -0.3907311284892739,
  0.9205048534524403, 0.0]
- [0.0, 0.0, 1.0, 0.9063077870366496, 0.42261826174070005, 0.0, -0.4226182617406996,
  0.9063077870366499, 0.0]
- [0.0, 0.0, 1.0, 0.8910065241883673, 0.45399049973954764, 0.0, -0.4539904997395466,
  0.8910065241883679, 0.0]
- [0.0, 0.0, 1.0, 0.8746197071393964, 0.4848096202463358, 0.0, -0.48480962024633684,
  0.8746197071393957, 0.0]
- [0.0, 0.0, 1.0, 0.8571673007021114, 0.5150380749100557, 0.0, -0.5150380749100542,
  0.8571673007021123, 0.0]
- [0.0, 0.0, 1.0, 0.8386705679454247, 0.5446390350150262, 0.0, -0.5446390350150265,
  0.8386705679454243, 0.0]
- [0.0, 0.0, 1.0, 0.8191520442889922, 0.5735764363510454, 0.0, -0.5735764363510456,
  0.8191520442889921, 0.0]
- [0.0, 0.0, 1.0, 0.7986355100472938, 0.601815023152047, 0.0, -0.6018150231520483,
  0.7986355100472928, 0.0]
- [0.0, 0.0, 1.0, 0.7771459614569717, 0.6293203910498365, 0.0, -0.6293203910498375,
  0.7771459614569707, 0.0]
- [0.0, 0.0, 1.0, 0.7547095802227697, 0.65605902899051, 0.0, -0.6560590289905069,
  0.7547095802227721, 0.0]
- [0.0, 0.0, 1.0, 0.7313537016191707, 0.6819983600624984, 0.0, -0.681998360062498,
  0.7313537016191709, 0.0]
- [0.0, 0.0, 1.0, 0.7071067811865503, 0.7071067811865447, 0.0, -0.707106781186547,
  0.707106781186548, 0.0]
- [0.0, 0.0, 1.0, 0.6819983600624975, 0.7313537016191715, 0.0, -0.7313537016191703,
  0.6819983600624986, 0.0]
- [0.0, 0.0, 1.0, 0.6560590289905069, 0.7547095802227723, 0.0, -0.7547095802227719,
  0.6560590289905074, 0.0]
- [0.0, 0.0, 1.0, 0.6293203910498399, 0.7771459614569688, 0.0, -0.7771459614569705,
  0.6293203910498377, 0.0]
- [0.0, 0.0, 1.0, 0.6018150231520498, 0.7986355100472916, 0.0, -0.7986355100472925,
  0.6018150231520486, 0.0]
- [0.0, 0.0, 1.0, 0.5735764363510453, 0.8191520442889925, 0.0, -0.8191520442889915,
  0.5735764363510464, 0.0]
- [0.0, 0.0, 1.0, 0.5446390350150262, 0.8386705679454247, 0.0, -0.8386705679454236,
  0.5446390350150278, 0.0]
- [0.0, 0.0, 1.0, 0.5150380749100548, 0.857167300702112, 0.0, -0.8571673007021119,
  0.5150380749100548, 0.0]
- [0.0, 0.0, 1.0, 0.48480962024633917, 0.8746197071393945, 0.0, -0.8746197071393955,
  0.48480962024633717, 0.0]
- [0.0, 0.0, 1.0, 0.4539904997395452, 0.8910065241883686, 0.0, -0.8910065241883679,
  0.45399049973954647, 0.0]
- [0.0, 0.0, 1.0, 0.42261826174070005, 0.9063077870366496, 0.0, -0.90630778703665,
  0.4226182617406992, 0.0]
- [0.0, 0.0, 1.0, 0.3907311284892759, 0.9205048534524395, 0.0, -0.9205048534524403,
  0.3907311284892739, 0.0]
- [0.0, 0.0, 1.0, 0.35836794954529777, 0.9335804264972027, 0.0, -0.9335804264972016,
  0.35836794954530027, 0.0]
- [0.0, 0.0, 1.0, 0.3255681544571575, 0.9455185755993166, 0.0, -0.9455185755993167,
  0.32556815445715676, 0.0]
- [0.0, 0.0, 1.0, 0.29237170472273627, 0.9563047559630355, 0.0, -0.9563047559630353,
  0.29237170472273716, 0.0]
- [0.0, 0.0, 1.0, 0.2588190451025203, 0.9659258262890683, 0.0, -0.9659258262890681,
  0.25881904510252113, 0.0]
- [0.0, 0.0, 1.0, 0.22495105434386564, 0.974370064785235, 0.0, -0.9743700647852351,
  0.2249510543438653, 0.0]
- [0.0, 0.0, 1.0, 0.19080899537654514, 0.9816271834476639, 0.0, -0.9816271834476639,
  0.19080899537654555, 0.0]
- [0.0, 0.0, 1.0, 0.15643446504023203, 0.9876883405951375, 0.0, -0.9876883405951375,
  0.15643446504023156, 0.0]
- [0.0, 0.0, 1.0, 0.12186934340514856, 0.9925461516413219, 0.0, -0.9925461516413221,
  0.1218693434051477, 0.0]
- [0.0, 0.0, 1.0, 0.08715574274765622, 0.9961946980917457, 0.0, -0.9961946980917455,
  0.08715574274765787, 0.0]
- [0.0, 0.0, 1.0, 0.052335956242946506, 0.9986295347545737, 0.0, -0.9986295347545739,
  0.05233595624294349, 0.0]
- [0.0, 0.0, 1.0, 0.017452406437281194, 0.9998476951563914, 0.0, -0.9998476951563912,
  0.01745240643728344, 0.0]
