nodes:
- [0.0758410000 0.0000000000 0.0]
- [0.0757947997 0.0026468127 0.0]
- [0.0756562551 0.0052904007 0.0]
- [0.0754255351 0.0079275432 0.0]
- [0.0751029206 0.0105550271 0.0]
- [0.0746888048 0.0131696514 0.0]
- [0.0741836922 0.0157682305 0.0]
- [0.0735881982 0.0183475985 0.0]
- [0.0729030483 0.0209046127 0.0]
- [0.0721290773 0.0234361579 0.0]
- [0.0712672281 0.0259391497 0.0]
- [0.0703185507 0.0284105387 0.0]
- [0.0692842011 0.0308473137 0.0]
- [0.0681654393 0.0332465061 0.0]
- [0.0669636284 0.0356051928 0.0]
- [0.0656802326 0.0379205000 0.0]
- [0.0643168157 0.0401896069 0.0]
- [0.0628750385 0.0424097490 0.0]
- [0.0613566579 0.0445782213 0.0]
- [0.0597635236 0.0466923820 0.0]
- [0.0580975766 0.0487496551 0.0]
- [0.0563608467 0.0507475343 0.0]
- [0.0545554498 0.0526835855 0.0]
- [0.0526835855 0.0545554498 0.0]
- [0.0507475343 0.0563608467 0.0]
- [0.0487496551 0.0580975766 0.0]
- [0.0466923820 0.0597635236 0.0]
- [0.0445782213 0.0613566579 0.0]
- [0.0424097490 0.0628750385 0.0]
- [0.0401896069 0.0643168157 0.0]
- [0.0379205000 0.0656802326 0.0]
- [0.0356051928 0.0669636284 0.0]
- [0.0332465061 0.0681654393 0.0]
- [0.0308473137 0.0692842011 0.0]
- [0.0284105387 0.0703185507 0.0]
- [0.0259391497 0.0712672281 0.0]
- [0.0234361579 0.0721290773 0.0]
- [0.0209046127 0.0729030483 0.0]
- [0.0183475985 0.0735881982 0.0]
- [0.0157682305 0.0741836922 0.0]
- [0.0131696514 0.0746888048 0.0]
- [0.0105550271 0.0751029206 0.0]
- [0.0079275432 0.0754255351 0.0]
- [0.0052904007 0.0756562551 0.0]
- [0.0026468127 0.0757947997 0.0]
- [0.0000000000 0.0758410000 0.0]
- [-0.0026468127 0.0757947997 0.0]
- [-0.0052904007 0.0756562551 0.0]
- [-0.0079275432 0.0754255351 0.0]
- [-0.0105550271 0.0751029206 0.0]
- [-0.0131696514 0.0746888048 0.0]
- [-0.0157682305 0.0741836922 0.0]
- [-0.0183475985 0.0735881982 0.0]
- [-0.0209046127 0.0729030483 0.0]
- [-0.0234361579 0.0721290773 0.0]
- [-0.0259391497 0.0712672281 0.0]
- [-0.0284105387 0.0703185507 0.0]
- [-0.0308473137 0.0692842011 0.0]
- [-0.0332465061 0.0681654393 0.0]
- [-0.0356051928 0.0669636284 0.0]
- [-0.0379205000 0.0656802326 0.0]
- [-0.0401896069 0.0643168157 0.0]
- [-0.0424097490 0.0628750385 0.0]
- [-0.0445782213 0.0613566579 0.0]
- [-0.0466923820 0.0597635236 0.0]
- [-0.0487496551 0.0580975766 0.0]
- [-0.0507475343 0.0563608467 0.0]
- [-0.0526835855 0.0545554498 0.0]
- [-0.0545554498 0.0526835855 0.0]
- [-0.0563608467 0.0507475343 0.0]
- [-0.0580975766 0.0487496551 0.0]
- [-0.0597635236 0.0466923820 0.0]
- [-0.0613566579 0.0445782213 0.0]
- [-0.0628750385 0.0424097490 0.0]
- [-0.0643168157 0.0401896069 0.0]
- [-0.0656802326 0.0379205000 0.0]
- [-0.0669636284 0.0356051928 0.0]
- [-0.0681654393 0.0332465061 0.0]
- [-0.0692842011 0.0308473137 0.0]
- [-0.0703185507 0.0284105387 0.0]
- [-0.0712672281 0.0259391497 0.0]
- [-0.0721290773 0.0234361579 0.0]
- [-0.0729030483 0.0209046127 0.0]
- [-0.0735881982 0.0183475985 0.0]
- [-0.0741836922 0.0157682305 0.0]
- [-0.0746888048 0.0131696514 0.0]
- [-0.0751029206 0.0105550271 0.0]
- [-0.0754255351 0.0079275432 0.0]
- [-0.0756562551 0.0052904007 0.0]
- [-0.0757947997 0.0026468127 0.0]
- [-0.0758410000 0.0000000000 0.0]
- [-0.0757947997 -0.0026468127 0.0]
- [-0.0756562551 -0.0052904007 0.0]
- [-0.0754255351 -0.0079275432 0.0]
- [-0.0751029206 -0.0105550271 0.0]
- [-0.0746888048 -0.0131696514 0.0]
- [-0.0741836922 -0.0157682305 0.0]
- [-0.0735881982 -0.0183475985 0.0]
- [-0.0729030483 -0.0209046127 0.0]
- [-0.0721290773 -0.0234361579 0.0]
- [-0.0712672281 -0.0259391497 0.0]
- [-0.0703185507 -0.0284105387 0.0]
- [-0.0692842011 -0.0308473137 0.0]
- [-0.0681654393 -0.0332465061 0.0]
- [-0.0669636284 -0.0356051928 0.0]
- [-0.0656802326 -0.0379205000 0.0]
- [-0.0643168157 -0.0401896069 0.0]
- [-0.0628750385 -0.0424097490 0.0]
- [-0.0613566579 -0.0445782213 0.0]
- [-0.0597635236 -0.0466923820 0.0]
- [-0.0580975766 -0.0487496551 0.0]
- [-0.0563608467 -0.0507475343 0.0]
- [-0.0545554498 -0.0526835855 0.0]
- [-0.0526835855 -0.0545554498 0.0]
- [-0.0507475343 -0.0563608467 0.0]
- [-0.0487496551 -0.0580975766 0.0]
- [-0.0466923820 -0.0597635236 0.0]
- [-0.0445782213 -0.0613566579 0.0]
- [-0.0424097490 -0.0628750385 0.0]
- [-0.0401896069 -0.0643168157 0.0]
- [-0.0379205000 -0.0656802326 0.0]
- [-0.0356051928 -0.0669636284 0.0]
- [-0.0332465061 -0.0681654393 0.0]
- [-0.0308473137 -0.0692842011 0.0]
- [-0.0284105387 -0.0703185507 0.0]
- [-0.0259391497 -0.0712672281 0.0]
- [-0.0234361579 -0.0721290773 0.0]
- [-0.0209046127 -0.0729030483 0.0]
- [-0.0183475985 -0.0735881982 0.0]
- [-0.0157682305 -0.0741836922 0.0]
- [-0.0131696514 -0.0746888048 0.0]
- [-0.0105550271 -0.0751029206 0.0]
- [-0.0079275432 -0.0754255351 0.0]
- [-0.0052904007 -0.0756562551 0.0]
- [-0.0026468127 -0.0757947997 0.0]
- [-0.0000000000 -0.0758410000 0.0]
- [0.0026468127 -0.0757947997 0.0]
- [0.0052904007 -0.0756562551 0.0]
- [0.0079275432 -0.0754255351 0.0]
- [0.0105550271 -0.0751029206 0.0]
- [0.0131696514 -0.0746888048 0.0]
- [0.0157682305 -0.0741836922 0.0]
- [0.0183475985 -0.0735881982 0.0]
- [0.0209046127 -0.0729030483 0.0]
- [0.0234361579 -0.0721290773 0.0]
- [0.0259391497 -0.0712672281 0.0]
- [0.0284105387 -0.0703185507 0.0]
- [0.0308473137 -0.0692842011 0.0]
- [0.0332465061 -0.0681654393 0.0]
- [0.0356051928 -0.0669636284 0.0]
- [0.0379205000 -0.0656802326 0.0]
- [0.0401896069 -0.0643168157 0.0]
- [0.0424097490 -0.0628750385 0.0]
- [0.0445782213 -0.0613566579 0.0]
- [0.0466923820 -0.0597635236 0.0]
- [0.0487496551 -0.0580975766 0.0]
- [0.0507475343 -0.0563608467 0.0]
- [0.0526835855 -0.0545554498 0.0]
- [0.0545554498 -0.0526835855 0.0]
- [0.0563608467 -0.0507475343 0.0]
- [0.0580975766 -0.0487496551 0.0]
- [0.0597635236 -0.0466923820 0.0]
- [0.0613566579 -0.0445782213 0.0]
- [0.0628750385 -0.0424097490 0.0]
- [0.0643168157 -0.0401896069 0.0]
- [0.0656802326 -0.0379205000 0.0]
- [0.0669636284 -0.0356051928 0.0]
- [0.0681654393 -0.0332465061 0.0]
- [0.0692842011 -0.0308473137 0.0]
- [0.0703185507 -0.0284105387 0.0]
- [0.0712672281 -0.0259391497 0.0]
- [0.0721290773 -0.0234361579 0.0]
- [0.0729030483 -0.0209046127 0.0]
- [0.0735881982 -0.0183475985 0.0]
- [0.0741836922 -0.0157682305 0.0]
- [0.0746888048 -0.0131696514 0.0]
- [0.0751029206 -0.0105550271 0.0]
- [0.0754255351 -0.0079275432 0.0]
- [0.0756562551 -0.0052904007 0.0]
- [0.0757947997 -0.0026468127 0.0]
elements:
- [1 2]
- [2 3]
- [3 4]
- [4 5]
- [5 6]
- [6 7]
- [7 8]
- [8 9]
- [9 10]
- [10 11]
- [11 12]
- [12 13]
- [13 14]
- [14 15]
- [15 16]
- [16 17]
- [17 18]
- [18 19]
- [19 20]
- [20 21]
- [21 22]
- [22 23]
- [23 24]
- [24 25]
- [25 26]
- [26 27]
- [27 28]
- [28 29]
- [29 30]
- [30 31]
- [31 32]
- [32 33]
- [33 34]
- [34 35]
- [35 36]
- [36 37]
- [37 38]
- [38 39]
- [39 40]
- [40 41]
- [41 42]
- [42 43]
- [43 44]
- [44 45]
- [45 46]
- [46 47]
- [47 48]
- [48 49]
- [49 50]
- [50 51]
- [51 52]
- [52 53]
- [53 54]
- [54 55]
- [55 56]
- [56 57]
- [57 58]
- [58 59]
- [59 60]
- [60 61]
- [61 62]
- [62 63]
- [63 64]
- [64 65]
- [65 66]
- [66 67]
- [67 68]
- [68 69]
- [69 70]
- [70 71]
- [71 72]
- [72 73]
- [73 74]
- [74 75]
- [75 76]
- [76 77]
- [77 78]
- [78 79]
- [79 80]
- [80 81]
- [81 82]
- [82 83]
- [83 84]
- [84 85]
- [85 86]
- [86 87]
- [87 88]
- [88 89]
- [89 90]
- [90 91]
- [91 92]
- [92 93]
- [93 94]
- [94 95]
- [95 96]
- [96 97]
- [97 98]
- [98 99]
- [99 100]
- [100 101]
- [101 102]
- [102 103]
- [103 104]
- [104 105]
- [105 106]
- [106 107]
- [107 108]
- [108 109]
- [109 110]
- [110 111]
- [111 112]
- [112 113]
- [113 114]
- [114 115]
- [115 116]
- [116 117]
- [117 118]
- [118 119]
- [119 120]
- [120 121]
- [121 122]
- [122 123]
- [123 124]
- [124 125]
- [125 126]
- [126 127]
- [127 128]
- [128 129]
- [129 130]
- [130 131]
- [131 132]
- [132 133]
- [133 134]
- [134 135]
- [135 136]
- [136 137]
- [137 138]
- [138 139]
- [139 140]
- [140 141]
- [141 142]
- [142 143]
- [143 144]
- [144 145]
- [145 146]
- [146 147]
- [147 148]
- [148 149]
- [149 150]
- [150 151]
- [151 152]
- [152 153]
- [153 154]
- [154 155]
- [155 156]
- [156 157]
- [157 158]
- [158 159]
- [159 160]
- [160 161]
- [161 162]
- [162 163]
- [163 164]
- [164 165]
- [165 166]
- [166 167]
- [167 168]
- [168 169]
- [169 170]
- [170 171]
- [171 172]
- [172 173]
- [173 174]
- [174 175]
- [175 176]
- [176 177]
- [177 178]
- [178 179]
- [179 180]
- [180 1]
sets:
  element:
  - name: tube
    labels:
    - 1
    - 2
    - 3
    - 4
    - 5
    - 6
    - 7
    - 8
    - 9
    - 10
    - 11
    - 12
    - 13
    - 14
    - 15
    - 16
    - 17
    - 18
    - 19
    - 20
    - 21
    - 22
    - 23
    - 24
    - 25
    - 26
    - 27
    - 28
    - 29
    - 30
    - 31
    - 32
    - 33
    - 34
    - 35
    - 36
    - 37
    - 38
    - 39
    - 40
    - 41
    - 42
    - 43
    - 44
    - 45
    - 46
    - 47
    - 48
    - 49
    - 50
    - 51
    - 52
    - 53
    - 54
    - 55
    - 56
    - 57
    - 58
    - 59
    - 60
    - 61
    - 62
    - 63
    - 64
    - 65
    - 66
    - 67
    - 68
    - 69
    - 70
    - 71
    - 72
    - 73
    - 74
    - 75
    - 76
    - 77
    - 78
    - 79
    - 80
    - 81
    - 82
    - 83
    - 84
    - 85
    - 86
    - 87
    - 88
    - 89
    - 90
    - 91
    - 92
    - 93
    - 94
    - 95
    - 96
    - 97
    - 98
    - 99
    - 100
    - 101
    - 102
    - 103
    - 104
    - 105
    - 106
    - 107
    - 108
    - 109
    - 110
    - 111
    - 112
    - 113
    - 114
    - 115
    - 116
    - 117
    - 118
    - 119
    - 120
    - 121
    - 122
    - 123
    - 124
    - 125
    - 126
    - 127
    - 128
    - 129
    - 130
    - 131
    - 132
    - 133
    - 134
    - 135
    - 136
    - 137
    - 138
    - 139
    - 140
    - 141
    - 142
    - 143
    - 144
    - 145
    - 146
    - 147
    - 148
    - 149
    - 150
    - 151
    - 152
    - 153
    - 154
    - 155
    - 156
    - 157
    - 158
    - 159
    - 160
    - 161
    - 162
    - 163
    - 164
    - 165
    - 166
    - 167
    - 168
    - 169
    - 170
    - 171
    - 172
    - 173
    - 174
    - 175
    - 176
    - 177
    - 178
    - 179
    - 180
sections:
- type: shell
  elementSet: tube
  layup:
  - - mat
    - 0.008682
    - -45.0
materials:
- name: mat
  density: 1860.0
  elastic:
    E:
    - 37000000000.0
    - 9000000000.0
    - 9000000000.0
    G:
    - 4000000000.0
    - 4000000000.0
    - 4000000000.0
    nu:
    - 0.3
    - 0.3
    - 0.3
elementOrientations:
- [0.0, 0.0, 1.0, -0.017452406437285062, 0.9998476951563913, 0.0, -0.9998476951563912,
  -0.01745240643728351, 0.0]
- [0.0, 0.0, 1.0, -0.052335956242944986, 0.9986295347545737, 0.0, -0.9986295347545738,
  -0.05233595624294384, 0.0]
- [0.0, 0.0, 1.0, -0.08715574274765656, 0.9961946980917458, 0.0, -0.9961946980917455,
  -0.08715574274765817, 0.0]
- [0.0, 0.0, 1.0, -0.1218693434051473, 0.9925461516413222, 0.0, -0.9925461516413222,
  -0.1218693434051475, 0.0]
- [0.0, 0.0, 1.0, -0.1564344650402333, 0.9876883405951373, 0.0, -0.9876883405951378,
  -0.15643446504023087, 0.0]
- [0.0, 0.0, 1.0, -0.19080899537654267, 0.9816271834476644, 0.0, -0.981627183447664,
  -0.1908089953765448, 0.0]
- [0.0, 0.0, 1.0, -0.2249510543438648, 0.9743700647852354, 0.0, -0.9743700647852352,
  -0.22495105434386503, 0.0]
- [0.0, 0.0, 1.0, -0.2588190451025168, 0.9659258262890693, 0.0, -0.9659258262890683,
  -0.25881904510252074, 0.0]
- [0.0, 0.0, 1.0, -0.2923717047227407, 0.9563047559630342, 0.0, -0.9563047559630354,
  -0.2923717047227367, 0.0]
- [0.0, 0.0, 1.0, -0.3255681544571548, 0.9455185755993174, 0.0, -0.9455185755993167,
  -0.3255681544571567, 0.0]
- [0.0, 0.0, 1.0, -0.3583679495452995, 0.933580426497202, 0.0, -0.9335804264972017,
  -0.35836794954530027, 0.0]
- [0.0, 0.0, 1.0, -0.39073112848927793, 0.9205048534524386, 0.0, -0.9205048534524403,
  -0.39073112848927366, 0.0]
- [0.0, 0.0, 1.0, -0.42261826174069617, 0.9063077870366515, 0.0, -0.9063077870366499,
  -0.42261826174069944, 0.0]
- [0.0, 0.0, 1.0, -0.45399049973954425, 0.8910065241883692, 0.0, -0.8910065241883679,
  -0.4539904997395467, 0.0]
- [0.0, 0.0, 1.0, -0.48480962024634117, 0.8746197071393935, 0.0, -0.8746197071393957,
  -0.4848096202463369, 0.0]
- [0.0, 0.0, 1.0, -0.5150380749100553, 0.8571673007021117, 0.0, -0.8571673007021123,
  -0.5150380749100542, 0.0]
- [0.0, 0.0, 1.0, -0.5446390350150241, 0.8386705679454259, 0.0, -0.8386705679454239,
  -0.544639035015027, 0.0]
- [0.0, 0.0, 1.0, -0.5735764363510468, 0.8191520442889914, 0.0, -0.8191520442889917,
  -0.573576436351046, 0.0]
- [0.0, 0.0, 1.0, -0.6018150231520482, 0.7986355100472929, 0.0, -0.7986355100472929,
  -0.6018150231520483, 0.0]
- [0.0, 0.0, 1.0, -0.6293203910498385, 0.7771459614569701, 0.0, -0.777145961456971,
  -0.6293203910498374, 0.0]
- [0.0, 0.0, 1.0, -0.6560590289905058, 0.7547095802227731, 0.0, -0.754709580222772,
  -0.6560590289905074, 0.0]
- [0.0, 0.0, 1.0, -0.6819983600624987, 0.7313537016191703, 0.0, -0.7313537016191706,
  -0.6819983600624985, 0.0]
- [0.0, 0.0, 1.0, -0.7071067811865476, 0.7071067811865476, 0.0, -0.7071067811865475,
  -0.7071067811865475, 0.0]
- [0.0, 0.0, 1.0, -0.7313537016191716, 0.6819983600624974, 0.0, -0.6819983600624986,
  -0.7313537016191705, 0.0]
- [0.0, 0.0, 1.0, -0.7547095802227707, 0.6560590289905087, 0.0, -0.6560590289905074,
  -0.754709580222772, 0.0]
- [0.0, 0.0, 1.0, -0.7771459614569701, 0.6293203910498385, 0.0, -0.6293203910498375,
  -0.7771459614569708, 0.0]
- [0.0, 0.0, 1.0, -0.7986355100472939, 0.6018150231520468, 0.0, -0.6018150231520483,
  -0.7986355100472928, 0.0]
- [0.0, 0.0, 1.0, -0.8191520442889931, 0.5735764363510444, 0.0, -0.5735764363510462,
  -0.8191520442889918, 0.0]
- [0.0, 0.0, 1.0, -0.838670567945422, 0.5446390350150302, 0.0, -0.544639035015027,
  -0.8386705679454239, 0.0]
- [0.0, 0.0, 1.0, -0.8571673007021126, 0.5150380749100537, 0.0, -0.5150380749100542,
  -0.8571673007021123, 0.0]
- [0.0, 0.0, 1.0, -0.8746197071393969, 0.4848096202463349, 0.0, -0.48480962024633717,
  -0.8746197071393957, 0.0]
- [0.0, 0.0, 1.0, -0.8910065241883665, 0.4539904997395494, 0.0, -0.45399049973954686,
  -0.8910065241883679, 0.0]
- [0.0, 0.0, 1.0, -0.9063077870366517, 0.42261826174069567, 0.0, -0.4226182617406995,
  -0.9063077870366499, 0.0]
- [0.0, 0.0, 1.0, -0.9205048534524389, 0.39073112848927694, 0.0, -0.39073112848927366,
  -0.9205048534524403, 0.0]
- [0.0, 0.0, 1.0, -0.933580426497203, 0.35836794954529666, 0.0, -0.3583679495453003,
  -0.9335804264972017, 0.0]
- [0.0, 0.0, 1.0, -0.9455185755993162, 0.3255681544571587, 0.0, -0.32556815445715676,
  -0.9455185755993167, 0.0]
- [0.0, 0.0, 1.0, -0.9563047559630343, 0.2923717047227404, 0.0, -0.2923717047227367,
  -0.9563047559630354, 0.0]
- [0.0, 0.0, 1.0, -0.965925826289069, 0.25881904510251813, 0.0, -0.25881904510252085,
  -0.9659258262890683, 0.0]
- [0.0, 0.0, 1.0, -0.9743700647852354, 0.22495105434386453, 0.0, -0.22495105434386517,
  -0.9743700647852352, 0.0]
- [0.0, 0.0, 1.0, -0.9816271834476645, 0.19080899537654228, 0.0, -0.19080899537654492,
  -0.981627183447664, 0.0]
- [0.0, 0.0, 1.0, -0.9876883405951372, 0.15643446504023414, 0.0, -0.15643446504023104,
  -0.9876883405951378, 0.0]
- [0.0, 0.0, 1.0, -0.9925461516413222, 0.12186934340514642, 0.0, -0.1218693434051476,
  -0.992546151641322, 0.0]
- [0.0, 0.0, 1.0, -0.9961946980917458, 0.08715574274765696, 0.0, -0.08715574274765825,
  -0.9961946980917455, 0.0]
- [0.0, 0.0, 1.0, -0.9986295347545737, 0.05233595624294491, 0.0, -0.05233595624294397,
  -0.9986295347545738, 0.0]
- [0.0, 0.0, 1.0, -0.9998476951563913, 0.017452406437285038, 0.0, -0.017452406437283595,
  -0.9998476951563912, 0.0]
- [0.0, 0.0, 1.0, -0.9998476951563913, -0.01745240643728515, 0.0, 0.017452406437283362,
  -0.9998476951563912, 0.0]
- [0.0, 0.0, 1.0, -0.9986295347545739, -0.0523359562429446, 0.0, 0.05233595624294374,
  -0.9986295347545738, 0.0]
- [0.0, 0.0, 1.0, -0.996194698091746, -0.08715574274765171, 0.0, 0.08715574274765811,
  -0.9961946980917455, 0.0]
- [0.0, 0.0, 1.0, -0.9925461516413213, -0.12186934340515236, 0.0, 0.12186934340514735,
  -0.992546151641322, 0.0]
- [0.0, 0.0, 1.0, -0.9876883405951373, -0.156434465040233, 0.0, 0.1564344650402308,
  -0.9876883405951378, 0.0]
- [0.0, 0.0, 1.0, -0.9816271834476642, -0.1908089953765435, 0.0, 0.19080899537654472,
  -0.981627183447664, 0.0]
- [0.0, 0.0, 1.0, -0.9743700647852355, -0.22495105434386334, 0.0, 0.22495105434386495,
  -0.9743700647852352, 0.0]
- [0.0, 0.0, 1.0, -0.965925826289069, -0.2588190451025178, 0.0, 0.25881904510252074,
  -0.9659258262890683, 0.0]
- [0.0, 0.0, 1.0, -0.9563047559630358, -0.292371704722736, 0.0, 0.29237170472273655,
  -0.9563047559630354, 0.0]
- [0.0, 0.0, 1.0, -0.9455185755993162, -0.3255681544571587, 0.0, 0.32556815445715653,
  -0.9455185755993168, 0.0]
- [0.0, 0.0, 1.0, -0.9335804264972022, -0.3583679495452991, 0.0, 0.35836794954530027,
  -0.9335804264972017, 0.0]
- [0.0, 0.0, 1.0, -0.92050485345244, -0.3907311284892744, 0.0, 0.39073112848927366,
  -0.9205048534524403, 0.0]
- [0.0, 0.0, 1.0, -0.9063077870366482, -0.4226182617407032, 0.0, 0.42261826174069944,
  -0.9063077870366499, 0.0]
- [0.0, 0.0, 1.0, -0.8910065241883691, -0.4539904997395443, 0.0, 0.4539904997395468,
  -0.8910065241883679, 0.0]
- [0.0, 0.0, 1.0, -0.8746197071393947, -0.48480962024633895, 0.0, 0.48480962024633684,
  -0.874619707139396, 0.0]
- [0.0, 0.0, 1.0, -0.8571673007021139, -0.5150380749100514, 0.0, 0.5150380749100542,
  -0.8571673007021124, 0.0]
- [0.0, 0.0, 1.0, -0.838670567945422, -0.5446390350150302, 0.0, 0.5446390350150269,
  -0.8386705679454242, 0.0]
- [0.0, 0.0, 1.0, -0.8191520442889931, -0.5735764363510444, 0.0, 0.573576436351046,
  -0.8191520442889918, 0.0]
- [0.0, 0.0, 1.0, -0.7986355100472948, -0.6018150231520456, 0.0, 0.6018150231520483,
  -0.7986355100472929, 0.0]
- [0.0, 0.0, 1.0, -0.7771459614569701, -0.6293203910498385, 0.0, 0.6293203910498375,
  -0.7771459614569708, 0.0]
- [0.0, 0.0, 1.0, -0.754709580222772, -0.6560590289905073, 0.0, 0.6560590289905074,
  -0.754709580222772, 0.0]
- [0.0, 0.0, 1.0, -0.7313537016191706, -0.6819983600624985, 0.0, 0.6819983600624984,
  -0.7313537016191706, 0.0]
- [0.0, 0.0, 1.0, -0.7071067811865475, -0.7071067811865475, 0.0, 0.7071067811865475,
  -0.7071067811865475, 0.0]
- [0.0, 0.0, 1.0, -0.6819983600624985, -0.7313537016191706, 0.0, 0.7313537016191706,
  -0.6819983600624985, 0.0]
- [0.0, 0.0, 1.0, -0.6560590289905073, -0.754709580222772, 0.0, 0.7547095802227719,
  -0.6560590289905074, 0.0]
- [0.0, 0.0, 1.0, -0.6293203910498368, -0.7771459614569715, 0.0, 0.7771459614569708,
  -0.6293203910498376, 0.0]
- [0.0, 0.0, 1.0, -0.6018150231520485, -0.7986355100472926, 0.0, 0.7986355100472928,
  -0.6018150231520484, 0.0]
- [0.0, 0.0, 1.0, -0.5735764363510473, -0.8191520442889909, 0.0, 0.8191520442889917,
  -0.5735764363510462, 0.0]
- [0.0, 0.0, 1.0, -0.5446390350150241, -0.8386705679454259, 0.0, 0.8386705679454239,
  -0.544639035015027, 0.0]
- [0.0, 0.0, 1.0, -0.5150380749100553, -0.8571673007021117, 0.0, 0.8571673007021123,
  -0.5150380749100542, 0.0]
- [0.0, 0.0, 1.0, -0.4848096202463365, -0.8746197071393961, 0.0, 0.8746197071393957,
  -0.48480962024633717, 0.0]
- [0.0, 0.0, 1.0, -0.45399049973954836, -0.8910065241883671, 0.0, 0.8910065241883677,
  -0.45399049973954697, 0.0]
- [0.0, 0.0, 1.0, -0.4226182617407002, -0.9063077870366497, 0.0, 0.9063077870366499,
  -0.4226182617406995, 0.0]
- [0.0, 0.0, 1.0, -0.390731128489273, -0.9205048534524406, 0.0, 0.9205048534524403,
  -0.390731128489274, 0.0]
- [0.0, 0.0, 1.0, -0.3583679495452991, -0.9335804264972022, 0.0, 0.9335804264972016,
  -0.35836794954530043, 0.0]
- [0.0, 0.0, 1.0, -0.3255681544571587, -0.9455185755993162, 0.0, 0.9455185755993167,
  -0.32556815445715676, 0.0]
- [0.0, 0.0, 1.0, -0.29237170472273444, -0.9563047559630361, 0.0, 0.9563047559630354,
  -0.29237170472273705, 0.0]
- [0.0, 0.0, 1.0, -0.25881904510252296, -0.9659258262890675, 0.0, 0.9659258262890681,
  -0.25881904510252096, 0.0]
- [0.0, 0.0, 1.0, -0.2249510543438648, -0.9743700647852354, 0.0, 0.9743700647852352,
  -0.22495105434386503, 0.0]
- [0.0, 0.0, 1.0, -0.19080899537654228, -0.9816271834476645, 0.0, 0.981627183447664,
  -0.19080899537654478, 0.0]
- [0.0, 0.0, 1.0, -0.15643446504023498, -0.9876883405951372, 0.0, 0.9876883405951378,
  -0.15643446504023098, 0.0]
- [0.0, 0.0, 1.0, -0.1218693434051473, -0.9925461516413222, 0.0, 0.992546151641322,
  -0.12186934340514777, 0.0]
- [0.0, 0.0, 1.0, -0.08715574274765639, -0.9961946980917458, 0.0, 0.9961946980917455,
  -0.08715574274765843, 0.0]
- [0.0, 0.0, 1.0, -0.052335956242944244, -0.9986295347545739, 0.0, 0.9986295347545738,
  -0.052335956242943814, 0.0]
- [0.0, 0.0, 1.0, -0.01745240643728526, -0.9998476951563913, 0.0, 0.9998476951563912,
  -0.017452406437283432, 0.0]
- [0.0, 0.0, 1.0, 0.017452406437285038, -0.9998476951563913, 0.0, 0.9998476951563912,
  0.017452406437283415, 0.0]
- [0.0, 0.0, 1.0, 0.052335956242940365, -0.998629534754574, 0.0, 0.9986295347545738,
  0.052335956242943564, 0.0]
- [0.0, 0.0, 1.0, 0.08715574274765636, -0.9961946980917458, 0.0, 0.9961946980917455,
  0.08715574274765772, 0.0]
- [0.0, 0.0, 1.0, 0.12186934340515079, -0.9925461516413217, 0.0, 0.992546151641322,
  0.12186934340514731, 0.0]
- [0.0, 0.0, 1.0, 0.15643446504023312, -0.9876883405951373, 0.0, 0.9876883405951378,
  0.15643446504023098, 0.0]
- [0.0, 0.0, 1.0, 0.19080899537654486, -0.9816271834476639, 0.0, 0.981627183447664,
  0.19080899537654475, 0.0]
- [0.0, 0.0, 1.0, 0.22495105434386453, -0.9743700647852354, 0.0, 0.9743700647852352,
  0.22495105434386475, 0.0]
- [0.0, 0.0, 1.0, 0.2588190451025162, -0.9659258262890695, 0.0, 0.9659258262890683,
  0.2588190451025206, 0.0]
- [0.0, 0.0, 1.0, 0.29237170472273705, -0.9563047559630353, 0.0, 0.9563047559630354,
  0.29237170472273677, 0.0]
- [0.0, 0.0, 1.0, 0.32556815445715803, -0.9455185755993164, 0.0, 0.9455185755993167,
  0.32556815445715676, 0.0]
- [0.0, 0.0, 1.0, 0.3583679495452991, -0.9335804264972022, 0.0, 0.9335804264972017,
  0.35836794954530027, 0.0]
- [0.0, 0.0, 1.0, 0.3907311284892724, -0.920504853452441, 0.0, 0.9205048534524405,
  0.39073112848927355, 0.0]
- [0.0, 0.0, 1.0, 0.422618261740701, -0.9063077870366493, 0.0, 0.9063077870366502,
  0.422618261740699, 0.0]
- [0.0, 0.0, 1.0, 0.45399049973954836, -0.8910065241883671, 0.0, 0.8910065241883679,
  0.4539904997395465, 0.0]
- [0.0, 0.0, 1.0, 0.4848096202463349, -0.8746197071393969, 0.0, 0.8746197071393957,
  0.48480962024633717, 0.0]
- [0.0, 0.0, 1.0, 0.5150380749100548, -0.8571673007021118, 0.0, 0.8571673007021123,
  0.5150380749100542, 0.0]
- [0.0, 0.0, 1.0, 0.5446390350150302, -0.838670567945422, 0.0, 0.8386705679454242,
  0.5446390350150269, 0.0]
- [0.0, 0.0, 1.0, 0.5735764363510444, -0.8191520442889931, 0.0, 0.8191520442889918,
  0.573576436351046, 0.0]
- [0.0, 0.0, 1.0, 0.6018150231520486, -0.7986355100472927, 0.0, 0.7986355100472929,
  0.601815023152048, 0.0]
- [0.0, 0.0, 1.0, 0.6293203910498365, -0.7771459614569718, 0.0, 0.777145961456971,
  0.6293203910498372, 0.0]
- [0.0, 0.0, 1.0, 0.6560590289905058, -0.7547095802227731, 0.0, 0.754709580222772,
  0.6560590289905074, 0.0]
- [0.0, 0.0, 1.0, 0.6819983600625001, -0.7313537016191691, 0.0, 0.7313537016191706,
  0.6819983600624985, 0.0]
- [0.0, 0.0, 1.0, 0.7071067811865475, -0.7071067811865475, 0.0, 0.7071067811865477,
  0.7071067811865474, 0.0]
- [0.0, 0.0, 1.0, 0.7313537016191689, -0.6819983600625001, 0.0, 0.6819983600624988,
  0.7313537016191702, 0.0]
- [0.0, 0.0, 1.0, 0.7547095802227718, -0.6560590289905074, 0.0, 0.6560590289905075,
  0.7547095802227719, 0.0]
- [0.0, 0.0, 1.0, 0.7771459614569707, -0.6293203910498377, 0.0, 0.6293203910498375,
  0.777145961456971, 0.0]
- [0.0, 0.0, 1.0, 0.7986355100472935, -0.6018150231520473, 0.0, 0.6018150231520483,
  0.7986355100472929, 0.0]
- [0.0, 0.0, 1.0, 0.8191520442889909, -0.5735764363510475, 0.0, 0.5735764363510463,
  0.8191520442889916, 0.0]
- [0.0, 0.0, 1.0, 0.8386705679454244, -0.5446390350150266, 0.0, 0.5446390350150273,
  0.8386705679454239, 0.0]
- [0.0, 0.0, 1.0, 0.8571673007021111, -0.515038074910056, 0.0, 0.5150380749100545,
  0.8571673007021121, 0.0]
- [0.0, 0.0, 1.0, 0.8746197071393956, -0.48480962024633745, 0.0, 0.4848096202463373,
  0.8746197071393957, 0.0]
- [0.0, 0.0, 1.0, 0.8910065241883686, -0.45399049973954536, 0.0, 0.4539904997395469,
  0.8910065241883678, 0.0]
- [0.0, 0.0, 1.0, 0.9063077870366496, -0.4226182617407003, 0.0, 0.4226182617406996,
  0.9063077870366499, 0.0]
- [0.0, 0.0, 1.0, 0.920504853452441, -0.3907311284892724, 0.0, 0.39073112848927377,
  0.9205048534524403, 0.0]
- [0.0, 0.0, 1.0, 0.9335804264972006, -0.3583679495453035, 0.0, 0.3583679495453007,
  0.9335804264972016, 0.0]
- [0.0, 0.0, 1.0, 0.9455185755993175, -0.32556815445715465, 0.0, 0.325568154457157,
  0.9455185755993166, 0.0]
- [0.0, 0.0, 1.0, 0.9563047559630352, -0.29237170472273744, 0.0, 0.29237170472273666,
  0.9563047559630355, 0.0]
- [0.0, 0.0, 1.0, 0.9659258262890686, -0.2588190451025191, 0.0, 0.25881904510252063,
  0.9659258262890683, 0.0]
- [0.0, 0.0, 1.0, 0.9743700647852347, -0.2249510543438674, 0.0, 0.22495105434386525,
  0.9743700647852352, 0.0]
- [0.0, 0.0, 1.0, 0.9816271834476649, -0.1908089953765402, 0.0, 0.19080899537654503,
  0.981627183447664, 0.0]
- [0.0, 0.0, 1.0, 0.9876883405951377, -0.1564344650402311, 0.0, 0.15643446504023065,
  0.9876883405951379, 0.0]
- [0.0, 0.0, 1.0, 0.9925461516413213, -0.12186934340515389, 0.0, 0.12186934340514714,
  0.992546151641322, 0.0]
- [0.0, 0.0, 1.0, 0.996194698091746, -0.08715574274765228, 0.0, 0.08715574274765825,
  0.9961946980917455, 0.0]
- [0.0, 0.0, 1.0, 0.9986295347545737, -0.05233595624294558, 0.0, 0.05233595624294432,
  0.9986295347545738, 0.0]
- [0.0, 0.0, 1.0, 0.9998476951563913, -0.017452406437284813, 0.0, 0.017452406437283942,
  0.9998476951563912, 0.0]
- [0.0, 0.0, 1.0, 0.9998476951563913, 0.017452406437284816, 0.0, -0.017452406437283574,
  0.9998476951563912, 0.0]
- [0.0, 0.0, 1.0, 0.998629534754574, 0.052335956242940344, 0.0, -0.05233595624294395,
  0.9986295347545738, 0.0]
- [0.0, 0.0, 1.0, 0.9961946980917457, 0.0871557427476575, 0.0, -0.08715574274765789,
  0.9961946980917455, 0.0]
- [0.0, 0.0, 1.0, 0.9925461516413217, 0.12186934340515079, 0.0, -0.12186934340514724,
  0.992546151641322, 0.0]
- [0.0, 0.0, 1.0, 0.9876883405951378, 0.15643446504022993, 0.0, -0.15643446504023067,
  0.9876883405951378, 0.0]
- [0.0, 0.0, 1.0, 0.9816271834476639, 0.19080899537654486, 0.0, -0.19080899537654425,
  0.9816271834476641, 0.0]
- [0.0, 0.0, 1.0, 0.974370064785236, 0.22495105434386195, 0.0, -0.22495105434386448,
  0.9743700647852355, 0.0]
- [0.0, 0.0, 1.0, 0.9659258262890678, 0.2588190451025227, 0.0, -0.25881904510252074,
  0.9659258262890683, 0.0]
- [0.0, 0.0, 1.0, 0.9563047559630361, 0.29237170472273444, 0.0, -0.2923717047227367,
  0.9563047559630354, 0.0]
- [0.0, 0.0, 1.0, 0.9455185755993164, 0.32556815445715803, 0.0, -0.32556815445715626,
  0.945518575599317, 0.0]
- [0.0, 0.0, 1.0, 0.9335804264972022, 0.35836794954529927, 0.0, -0.3583679495453,
  0.933580426497202, 0.0]
- [0.0, 0.0, 1.0, 0.9205048534524405, 0.39073112848927316, 0.0, -0.3907311284892738,
  0.9205048534524403, 0.0]
- [0.0, 0.0, 1.0, 0.9063077870366493, 0.42261826174070066, 0.0, -0.4226182617406996,
  0.9063077870366499, 0.0]
- [0.0, 0.0, 1.0, 0.891006524188367, 0.4539904997395485, 0.0, -0.4539904997395465,
  0.8910065241883679, 0.0]
- [0.0, 0.0, 1.0, 0.8746197071393972, 0.4848096202463345, 0.0, -0.4848096202463369,
  0.8746197071393957, 0.0]
- [0.0, 0.0, 1.0, 0.8571673007021111, 0.515038074910056, 0.0, -0.5150380749100542,
  0.8571673007021123, 0.0]
- [0.0, 0.0, 1.0, 0.8386705679454236, 0.5446390350150275, 0.0, -0.5446390350150268,
  0.8386705679454243, 0.0]
- [0.0, 0.0, 1.0, 0.8191520442889931, 0.5735764363510442, 0.0, -0.5735764363510456,
  0.8191520442889921, 0.0]
- [0.0, 0.0, 1.0, 0.7986355100472934, 0.6018150231520477, 0.0, -0.6018150231520484,
  0.7986355100472929, 0.0]
- [0.0, 0.0, 1.0, 0.7771459614569711, 0.6293203910498373, 0.0, -0.6293203910498376,
  0.7771459614569709, 0.0]
- [0.0, 0.0, 1.0, 0.7547095802227715, 0.6560590289905079, 0.0, -0.656059028990507,
  0.7547095802227721, 0.0]
- [0.0, 0.0, 1.0, 0.7313537016191706, 0.6819983600624985, 0.0, -0.6819983600624979,
  0.731353701619171, 0.0]
- [0.0, 0.0, 1.0, 0.7071067811865488, 0.7071067811865461, 0.0, -0.707106781186547,
  0.707106781186548, 0.0]
- [0.0, 0.0, 1.0, 0.6819983600624965, 0.7313537016191725, 0.0, -0.7313537016191703,
  0.6819983600624987, 0.0]
- [0.0, 0.0, 1.0, 0.6560590289905079, 0.7547095802227715, 0.0, -0.7547095802227719,
  0.6560590289905074, 0.0]
- [0.0, 0.0, 1.0, 0.6293203910498404, 0.7771459614569685, 0.0, -0.7771459614569705,
  0.6293203910498378, 0.0]
- [0.0, 0.0, 1.0, 0.6018150231520486, 0.7986355100472927, 0.0, -0.7986355100472926,
  0.6018150231520487, 0.0]
- [0.0, 0.0, 1.0, 0.5735764363510475, 0.8191520442889909, 0.0, -0.8191520442889916,
  0.5735764363510464, 0.0]
- [0.0, 0.0, 1.0, 0.5446390350150239, 0.8386705679454262, 0.0, -0.8386705679454236,
  0.5446390350150278, 0.0]
- [0.0, 0.0, 1.0, 0.5150380749100583, 0.8571673007021098, 0.0, -0.857167300702112,
  0.5150380749100549, 0.0]
- [0.0, 0.0, 1.0, 0.48480962024633856, 0.8746197071393951, 0.0, -0.8746197071393956,
  0.4848096202463373, 0.0]
- [0.0, 0.0, 1.0, 0.45399049973954414, 0.8910065241883692, 0.0, -0.8910065241883679,
  0.4539904997395465, 0.0]
- [0.0, 0.0, 1.0, 0.4226182617407002, 0.9063077870366497, 0.0, -0.9063077870366502,
  0.42261826174069916, 0.0]
- [0.0, 0.0, 1.0, 0.3907311284892724, 0.920504853452441, 0.0, -0.9205048534524403,
  0.3907311284892738, 0.0]
- [0.0, 0.0, 1.0, 0.35836794954530016, 0.9335804264972019, 0.0, -0.9335804264972017,
  0.3583679495453004, 0.0]
- [0.0, 0.0, 1.0, 0.32556815445715803, 0.9455185755993164, 0.0, -0.9455185755993167,
  0.32556815445715676, 0.0]
- [0.0, 0.0, 1.0, 0.2923717047227341, 0.9563047559630363, 0.0, -0.9563047559630354,
  0.2923717047227372, 0.0]
- [0.0, 0.0, 1.0, 0.25881904510252296, 0.9659258262890675, 0.0, -0.9659258262890681,
  0.25881904510252113, 0.0]
- [0.0, 0.0, 1.0, 0.2249510543438674, 0.9743700647852347, 0.0, -0.9743700647852351,
  0.2249510543438653, 0.0]
- [0.0, 0.0, 1.0, 0.19080899537654475, 0.9816271834476641, 0.0, -0.9816271834476638,
  0.19080899537654553, 0.0]
- [0.0, 0.0, 1.0, 0.1564344650402311, 0.9876883405951377, 0.0, -0.9876883405951378,
  0.15643446504023156, 0.0]
- [0.0, 0.0, 1.0, 0.1218693434051457, 0.9925461516413223, 0.0, -0.992546151641322,
  0.12186934340514767, 0.0]
- [0.0, 0.0, 1.0, 0.08715574274766047, 0.9961946980917453, 0.0, -0.9961946980917455,
  0.08715574274765786, 0.0]
- [0.0, 0.0, 1.0, 0.052335956242940344, 0.998629534754574, 0.0, -0.9986295347545738,
  0.052335956242943495, 0.0]
- [0.0, 0.0, 1.0, 0.017452406437285135, 0.9998476951563913, 0.0, -0.9998476951563912,
  0.017452406437283435, 0.0]
