nodes:
- [0.0736705000 0.0000000000 0.0]
- [0.0736256219 0.0025710634 0.0]
- [0.0734910424 0.0051389943 0.0]
- [0.0732669253 0.0077006642 0.0]
- [0.0729535438 0.0102529519 0.0]
- [0.0725512796 0.0127927481 0.0]
- [0.0720606228 0.0153169582 0.0]
- [0.0714821713 0.0178225070 0.0]
- [0.0708166298 0.0203063418 0.0]
- [0.0700648091 0.0227654365 0.0]
- [0.0692276252 0.0251967950 0.0]
- [0.0683060982 0.0275974550 0.0]
- [0.0673013506 0.0299644919 0.0]
- [0.0662146068 0.0322950216 0.0]
- [0.0650471906 0.0345862048 0.0]
- [0.0638005245 0.0368352500 0.0]
- [0.0624761273 0.0390394172 0.0]
- [0.0610756125 0.0411960208 0.0]
- [0.0596006865 0.0433024334 0.0]
- [0.0580531462 0.0453560887 0.0]
- [0.0564348771 0.0473544846 0.0]
- [0.0547478509 0.0492951863 0.0]
- [0.0529941228 0.0511758295 0.0]
- [0.0511758295 0.0529941228 0.0]
- [0.0492951863 0.0547478509 0.0]
- [0.0473544846 0.0564348771 0.0]
- [0.0453560887 0.0580531462 0.0]
- [0.0433024334 0.0596006865 0.0]
- [0.0411960208 0.0610756125 0.0]
- [0.0390394172 0.0624761273 0.0]
- [0.0368352500 0.0638005245 0.0]
- [0.0345862048 0.0650471906 0.0]
- [0.0322950216 0.0662146068 0.0]
- [0.0299644919 0.0673013506 0.0]
- [0.0275974550 0.0683060982 0.0]
- [0.0251967950 0.0692276252 0.0]
- [0.0227654365 0.0700648091 0.0]
- [0.0203063418 0.0708166298 0.0]
- [0.0178225070 0.0714821713 0.0]
- [0.0153169582 0.0720606228 0.0]
- [0.0127927481 0.0725512796 0.0]
- [0.0102529519 0.0729535438 0.0]
- [0.0077006642 0.0732669253 0.0]
- [0.0051389943 0.0734910424 0.0]
- [0.0025710634 0.0736256219 0.0]
- [0.0000000000 0.0736705000 0.0]
- [-0.0025710634 0.0736256219 0.0]
- [-0.0051389943 0.0734910424 0.0]
- [-0.0077006642 0.0732669253 0.0]
- [-0.0102529519 0.0729535438 0.0]
- [-0.0127927481 0.0725512796 0.0]
- [-0.0153169582 0.0720606228 0.0]
- [-0.0178225070 0.0714821713 0.0]
- [-0.0203063418 0.0708166298 0.0]
- [-0.0227654365 0.0700648091 0.0]
- [-0.0251967950 0.0692276252 0.0]
- [-0.0275974550 0.0683060982 0.0]
- [-0.0299644919 0.0673013506 0.0]
- [-0.0322950216 0.0662146068 0.0]
- [-0.0345862048 0.0650471906 0.0]
- [-0.0368352500 0.0638005245 0.0]
- [-0.0390394172 0.0624761273 0.0]
- [-0.0411960208 0.0610756125 0.0]
- [-0.0433024334 0.0596006865 0.0]
- [-0.0453560887 0.0580531462 0.0]
- [-0.0473544846 0.0564348771 0.0]
- [-0.0492951863 0.0547478509 0.0]
- [-0.0511758295 0.0529941228 0.0]
- [-0.0529941228 0.0511758295 0.0]
- [-0.0547478509 0.0492951863 0.0]
- [-0.0564348771 0.0473544846 0.0]
- [-0.0580531462 0.0453560887 0.0]
- [-0.0596006865 0.0433024334 0.0]
- [-0.0610756125 0.0411960208 0.0]
- [-0.0624761273 0.0390394172 0.0]
- [-0.0638005245 0.0368352500 0.0]
- [-0.0650471906 0.0345862048 0.0]
- [-0.0662146068 0.0322950216 0.0]
- [-0.0673013506 0.0299644919 0.0]
- [-0.0683060982 0.0275974550 0.0]
- [-0.0692276252 0.0251967950 0.0]
- [-0.0700648091 0.0227654365 0.0]
- [-0.0708166298 0.0203063418 0.0]
- [-0.0714821713 0.0178225070 0.0]
- [-0.0720606228 0.0153169582 0.0]
- [-0.0725512796 0.0127927481 0.0]
- [-0.0729535438 0.0102529519 0.0]
- [-0.0732669253 0.0077006642 0.0]
- [-0.0734910424 0.0051389943 0.0]
- [-0.0736256219 0.0025710634 0.0]
- [-0.0736705000 0.0000000000 0.0]
- [-0.0736256219 -0.0025710634 0.0]
- [-0.0734910424 -0.0051389943 0.0]
- [-0.0732669253 -0.0077006642 0.0]
- [-0.0729535438 -0.0102529519 0.0]
- [-0.0725512796 -0.0127927481 0.0]
- [-0.0720606228 -0.0153169582 0.0]
- [-0.0714821713 -0.0178225070 0.0]
- [-0.0708166298 -0.0203063418 0.0]
- [-0.0700648091 -0.0227654365 0.0]
- [-0.0692276252 -0.0251967950 0.0]
- [-0.0683060982 -0.0275974550 0.0]
- [-0.0673013506 -0.0299644919 0.0]
- [-0.0662146068 -0.0322950216 0.0]
- [-0.0650471906 -0.0345862048 0.0]
- [-0.0638005245 -0.0368352500 0.0]
- [-0.0624761273 -0.0390394172 0.0]
- [-0.0610756125 -0.0411960208 0.0]
- [-0.0596006865 -0.0433024334 0.0]
- [-0.0580531462 -0.0453560887 0.0]
- [-0.0564348771 -0.0473544846 0.0]
- [-0.0547478509 -0.0492951863 0.0]
- [-0.0529941228 -0.0511758295 0.0]
- [-0.0511758295 -0.0529941228 0.0]
- [-0.0492951863 -0.0547478509 0.0]
- [-0.0473544846 -0.0564348771 0.0]
- [-0.0453560887 -0.0580531462 0.0]
- [-0.0433024334 -0.0596006865 0.0]
- [-0.0411960208 -0.0610756125 0.0]
- [-0.0390394172 -0.0624761273 0.0]
- [-0.0368352500 -0.0638005245 0.0]
- [-0.0345862048 -0.0650471906 0.0]
- [-0.0322950216 -0.0662146068 0.0]
- [-0.0299644919 -0.0673013506 0.0]
- [-0.0275974550 -0.0683060982 0.0]
- [-0.0251967950 -0.0692276252 0.0]
- [-0.0227654365 -0.0700648091 0.0]
- [-0.0203063418 -0.0708166298 0.0]
- [-0.0178225070 -0.0714821713 0.0]
- [-0.0153169582 -0.0720606228 0.0]
- [-0.0127927481 -0.0725512796 0.0]
- [-0.0102529519 -0.0729535438 0.0]
- [-0.0077006642 -0.0732669253 0.0]
- [-0.0051389943 -0.0734910424 0.0]
- [-0.0025710634 -0.0736256219 0.0]
- [-0.0000000000 -0.0736705000 0.0]
- [0.0025710634 -0.0736256219 0.0]
- [0.0051389943 -0.0734910424 0.0]
- [0.0077006642 -0.0732669253 0.0]
- [0.0102529519 -0.0729535438 0.0]
- [0.0127927481 -0.0725512796 0.0]
- [0.0153169582 -0.0720606228 0.0]
- [0.0178225070 -0.0714821713 0.0]
- [0.0203063418 -0.0708166298 0.0]
- [0.0227654365 -0.0700648091 0.0]
- [0.0251967950 -0.0692276252 0.0]
- [0.0275974550 -0.0683060982 0.0]
- [0.0299644919 -0.0673013506 0.0]
- [0.0322950216 -0.0662146068 0.0]
- [0.0345862048 -0.0650471906 0.0]
- [0.0368352500 -0.0638005245 0.0]
- [0.0390394172 -0.0624761273 0.0]
- [0.0411960208 -0.0610756125 0.0]
- [0.0433024334 -0.0596006865 0.0]
- [0.0453560887 -0.0580531462 0.0]
- [0.0473544846 -0.0564348771 0.0]
- [0.0492951863 -0.0547478509 0.0]
- [0.0511758295 -0.0529941228 0.0]
- [0.0529941228 -0.0511758295 0.0]
- [0.0547478509 -0.0492951863 0.0]
- [0.0564348771 -0.0473544846 0.0]
- [0.0580531462 -0.0453560887 0.0]
- [0.0596006865 -0.0433024334 0.0]
- [0.0610756125 -0.0411960208 0.0]
- [0.0624761273 -0.0390394172 0.0]
- [0.0638005245 -0.0368352500 0.0]
- [0.0650471906 -0.0345862048 0.0]
- [0.0662146068 -0.0322950216 0.0]
- [0.0673013506 -0.0299644919 0.0]
- [0.0683060982 -0.0275974550 0.0]
- [0.0692276252 -0.0251967950 0.0]
- [0.0700648091 -0.0227654365 0.0]
- [0.0708166298 -0.0203063418 0.0]
- [0.0714821713 -0.0178225070 0.0]
- [0.0720606228 -0.0153169582 0.0]
- [0.0725512796 -0.0127927481 0.0]
- [0.0729535438 -0.0102529519 0.0]
- [0.0732669253 -0.0077006642 0.0]
- [0.0734910424 -0.0051389943 0.0]
- [0.0736256219 -0.0025710634 0.0]
elements:
- [1 2]
- [2 3]
- [3 4]
- [4 5]
- [5 6]
- [6 7]
- [7 8]
- [8 9]
- [9 10]
- [10 11]
- [11 12]
- [12 13]
- [13 14]
- [14 15]
- [15 16]
- [16 17]
- [17 18]
- [18 19]
- [19 20]
- [20 21]
- [21 22]
- [22 23]
- [23 24]
- [24 25]
- [25 26]
- [26 27]
- [27 28]
- [28 29]
- [29 30]
- [30 31]
- [31 32]
- [32 33]
- [33 34]
- [34 35]
- [35 36]
- [36 37]
- [37 38]
- [38 39]
- [39 40]
- [40 41]
- [41 42]
- [42 43]
- [43 44]
- [44 45]
- [45 46]
- [46 47]
- [47 48]
- [48 49]
- [49 50]
- [50 51]
- [51 52]
- [52 53]
- [53 54]
- [54 55]
- [55 56]
- [56 57]
- [57 58]
- [58 59]
- [59 60]
- [60 61]
- [61 62]
- [62 63]
- [63 64]
- [64 65]
- [65 66]
- [66 67]
- [67 68]
- [68 69]
- [69 70]
- [70 71]
- [71 72]
- [72 73]
- [73 74]
- [74 75]
- [75 76]
- [76 77]
- [77 78]
- [78 79]
- [79 80]
- [80 81]
- [81 82]
- [82 83]
- [83 84]
- [84 85]
- [85 86]
- [86 87]
- [87 88]
- [88 89]
- [89 90]
- [90 91]
- [91 92]
- [92 93]
- [93 94]
- [94 95]
- [95 96]
- [96 97]
- [97 98]
- [98 99]
- [99 100]
- [100 101]
- [101 102]
- [102 103]
- [103 104]
- [104 105]
- [105 106]
- [106 107]
- [107 108]
- [108 109]
- [109 110]
- [110 111]
- [111 112]
- [112 113]
- [113 114]
- [114 115]
- [115 116]
- [116 117]
- [117 118]
- [118 119]
- [119 120]
- [120 121]
- [121 122]
- [122 123]
- [123 124]
- [124 125]
- [125 126]
- [126 127]
- [127 128]
- [128 129]
- [129 130]
- [130 131]
- [131 132]
- [132 133]
- [133 134]
- [134 135]
- [135 136]
- [136 137]
- [137 138]
- [138 139]
- [139 140]
- [140 141]
- [141 142]
- [142 143]
- [143 144]
- [144 145]
- [145 146]
- [146 147]
- [147 148]
- [148 149]
- [149 150]
- [150 151]
- [151 152]
- [152 153]
- [153 154]
- [154 155]
- [155 156]
- [156 157]
- [157 158]
- [158 159]
- [159 160]
- [160 161]
- [161 162]
- [162 163]
- [163 164]
- [164 165]
- [165 166]
- [166 167]
- [167 168]
- [168 169]
- [169 170]
- [170 171]
- [171 172]
- [172 173]
- [173 174]
- [174 175]
- [175 176]
- [176 177]
- [177 178]
- [178 179]
- [179 180]
- [180 1]
sets:
  element:
  - name: tube
    labels:
    - 1
    - 2
    - 3
    - 4
    - 5
    - 6
    - 7
    - 8
    - 9
    - 10
    - 11
    - 12
    - 13
    - 14
    - 15
    - 16
    - 17
    - 18
    - 19
    - 20
    - 21
    - 22
    - 23
    - 24
    - 25
    - 26
    - 27
    - 28
    - 29
    - 30
    - 31
    - 32
    - 33
    - 34
    - 35
    - 36
    - 37
    - 38
    - 39
    - 40
    - 41
    - 42
    - 43
    - 44
    - 45
    - 46
    - 47
    - 48
    - 49
    - 50
    - 51
    - 52
    - 53
    - 54
    - 55
    - 56
    - 57
    - 58
    - 59
    - 60
    - 61
    - 62
    - 63
    - 64
    - 65
    - 66
    - 67
    - 68
    - 69
    - 70
    - 71
    - 72
    - 73
    - 74
    - 75
    - 76
    - 77
    - 78
    - 79
    - 80
    - 81
    - 82
    - 83
    - 84
    - 85
    - 86
    - 87
    - 88
    - 89
    - 90
    - 91
    - 92
    - 93
    - 94
    - 95
    - 96
    - 97
    - 98
    - 99
    - 100
    - 101
    - 102
    - 103
    - 104
    - 105
    - 106
    - 107
    - 108
    - 109
    - 110
    - 111
    - 112
    - 113
    - 114
    - 115
    - 116
    - 117
    - 118
    - 119
    - 120
    - 121
    - 122
    - 123
    - 124
    - 125
    - 126
    - 127
    - 128
    - 129
    - 130
    - 131
    - 132
    - 133
    - 134
    - 135
    - 136
    - 137
    - 138
    - 139
    - 140
    - 141
    - 142
    - 143
    - 144
    - 145
    - 146
    - 147
    - 148
    - 149
    - 150
    - 151
    - 152
    - 153
    - 154
    - 155
    - 156
    - 157
    - 158
    - 159
    - 160
    - 161
    - 162
    - 163
    - 164
    - 165
    - 166
    - 167
    - 168
    - 169
    - 170
    - 171
    - 172
    - 173
    - 174
    - 175
    - 176
    - 177
    - 178
    - 179
    - 180
sections:
- type: shell
  elementSet: tube
  layup:
  - - mat
    - 0.008682
    - -45.0
materials:
- name: mat
  density: 1860.0
  elastic:
    E:
    - 37000000000.0
    - 9000000000.0
    - 9000000000.0
    G:
    - 4000000000.0
    - 4000000000.0
    - 4000000000.0
    nu:
    - 0.3
    - 0.3
    - 0.3
elementOrientations:
- [0.0, 0.0, 1.0, -0.01745240643728023, 0.9998476951563913, 0.0, -0.9998476951563913,
  -0.01745240643728351, 0.0]
- [0.0, 0.0, 1.0, -0.052335956242950656, 0.9986295347545736, 0.0, -0.9986295347545739,
  -0.05233595624294383, 0.0]
- [0.0, 0.0, 1.0, -0.08715574274765507, 0.9961946980917459, 0.0, -0.9961946980917455,
  -0.08715574274765817, 0.0]
- [0.0, 0.0, 1.0, -0.12186934340514831, 0.992546151641322, 0.0, -0.9925461516413221,
  -0.12186934340514748, 0.0]
- [0.0, 0.0, 1.0, -0.15643446504023006, 0.9876883405951378, 0.0, -0.9876883405951378,
  -0.15643446504023084, 0.0]
- [0.0, 0.0, 1.0, -0.19080899537654097, 0.9816271834476646, 0.0, -0.9816271834476641,
  -0.1908089953765448, 0.0]
- [0.0, 0.0, 1.0, -0.22495105434386603, 0.9743700647852349, 0.0, -0.9743700647852352,
  -0.22495105434386495, 0.0]
- [0.0, 0.0, 1.0, -0.25881904510252407, 0.9659258262890674, 0.0, -0.9659258262890684,
  -0.2588190451025208, 0.0]
- [0.0, 0.0, 1.0, -0.2923717047227383, 0.9563047559630349, 0.0, -0.9563047559630354,
  -0.2923717047227367, 0.0]
- [0.0, 0.0, 1.0, -0.3255681544571544, 0.9455185755993176, 0.0, -0.9455185755993167,
  -0.32556815445715676, 0.0]
- [0.0, 0.0, 1.0, -0.35836794954530066, 0.9335804264972016, 0.0, -0.9335804264972016,
  -0.35836794954530027, 0.0]
- [0.0, 0.0, 1.0, -0.39073112848927444, 0.9205048534524399, 0.0, -0.9205048534524404,
  -0.39073112848927377, 0.0]
- [0.0, 0.0, 1.0, -0.4226182617406987, 0.9063077870366503, 0.0, -0.9063077870366499,
  -0.42261826174069933, 0.0]
- [0.0, 0.0, 1.0, -0.4539904997395462, 0.8910065241883682, 0.0, -0.891006524188368,
  -0.4539904997395468, 0.0]
- [0.0, 0.0, 1.0, -0.48480962024633656, 0.874619707139396, 0.0, -0.8746197071393959,
  -0.48480962024633695, 0.0]
- [0.0, 0.0, 1.0, -0.515038074910056, 0.8571673007021112, 0.0, -0.8571673007021124,
  -0.5150380749100542, 0.0]
- [0.0, 0.0, 1.0, -0.5446390350150225, 0.838670567945427, 0.0, -0.838670567945424,
  -0.544639035015027, 0.0]
- [0.0, 0.0, 1.0, -0.5735764363510495, 0.8191520442889895, 0.0, -0.8191520442889919,
  -0.5735764363510462, 0.0]
- [0.0, 0.0, 1.0, -0.6018150231520473, 0.7986355100472936, 0.0, -0.798635510047293,
  -0.6018150231520483, 0.0]
- [0.0, 0.0, 1.0, -0.6293203910498392, 0.7771459614569696, 0.0, -0.777145961456971,
  -0.6293203910498375, 0.0]
- [0.0, 0.0, 1.0, -0.6560590289905055, 0.7547095802227736, 0.0, -0.7547095802227721,
  -0.6560590289905073, 0.0]
- [0.0, 0.0, 1.0, -0.6819983600624991, 0.7313537016191698, 0.0, -0.7313537016191705,
  -0.6819983600624985, 0.0]
- [0.0, 0.0, 1.0, -0.7071067811865475, 0.7071067811865475, 0.0, -0.7071067811865477,
  -0.7071067811865476, 0.0]
- [0.0, 0.0, 1.0, -0.7313537016191711, 0.6819983600624978, 0.0, -0.6819983600624987,
  -0.7313537016191705, 0.0]
- [0.0, 0.0, 1.0, -0.7547095802227711, 0.6560590289905084, 0.0, -0.6560590289905074,
  -0.754709580222772, 0.0]
- [0.0, 0.0, 1.0, -0.7771459614569696, 0.6293203910498392, 0.0, -0.6293203910498374,
  -0.7771459614569709, 0.0]
- [0.0, 0.0, 1.0, -0.7986355100472946, 0.6018150231520459, 0.0, -0.6018150231520483,
  -0.7986355100472928, 0.0]
- [0.0, 0.0, 1.0, -0.8191520442889904, 0.5735764363510483, 0.0, -0.5735764363510462,
  -0.8191520442889919, 0.0]
- [0.0, 0.0, 1.0, -0.8386705679454249, 0.5446390350150255, 0.0, -0.544639035015027,
  -0.838670567945424, 0.0]
- [0.0, 0.0, 1.0, -0.8571673007021133, 0.5150380749100525, 0.0, -0.5150380749100542,
  -0.8571673007021122, 0.0]
- [0.0, 0.0, 1.0, -0.8746197071393944, 0.4848096202463396, 0.0, -0.4848096202463371,
  -0.8746197071393956, 0.0]
- [0.0, 0.0, 1.0, -0.8910065241883682, 0.4539904997395462, 0.0, -0.45399049973954686,
  -0.8910065241883678, 0.0]
- [0.0, 0.0, 1.0, -0.9063077870366505, 0.4226182617406982, 0.0, -0.42261826174069944,
  -0.9063077870366499, 0.0]
- [0.0, 0.0, 1.0, -0.9205048534524405, 0.3907311284892735, 0.0, -0.39073112848927377,
  -0.9205048534524404, 0.0]
- [0.0, 0.0, 1.0, -0.9335804264972011, 0.358367949545302, 0.0, -0.35836794954530027,
  -0.9335804264972016, 0.0]
- [0.0, 0.0, 1.0, -0.9455185755993177, 0.325568154457154, 0.0, -0.32556815445715676,
  -0.9455185755993167, 0.0]
- [0.0, 0.0, 1.0, -0.956304755963035, 0.29237170472273794, 0.0, -0.2923717047227367,
  -0.9563047559630354, 0.0]
- [0.0, 0.0, 1.0, -0.9659258262890671, 0.2588190451025254, 0.0, -0.2588190451025208,
  -0.9659258262890682, 0.0]
- [0.0, 0.0, 1.0, -0.9743700647852364, 0.22495105434386048, 0.0, -0.2249510543438651,
  -0.9743700647852351, 0.0]
- [0.0, 0.0, 1.0, -0.9816271834476636, 0.19080899537654605, 0.0, -0.1908089953765449,
  -0.9816271834476639, 0.0]
- [0.0, 0.0, 1.0, -0.9876883405951378, 0.1564344650402308, 0.0, -0.156434465040231,
  -0.9876883405951378, 0.0]
- [0.0, 0.0, 1.0, -0.9925461516413221, 0.12186934340514739, 0.0, -0.12186934340514759,
  -0.992546151641322, 0.0]
- [0.0, 0.0, 1.0, -0.9961946980917459, 0.08715574274765546, 0.0, -0.08715574274765825,
  -0.9961946980917455, 0.0]
- [0.0, 0.0, 1.0, -0.9986295347545736, 0.05233595624295059, 0.0, -0.05233595624294396,
  -0.9986295347545739, 0.0]
- [0.0, 0.0, 1.0, -0.9998476951563913, 0.017452406437280205, 0.0, -0.017452406437283595,
  -0.9998476951563913, 0.0]
- [0.0, 0.0, 1.0, -0.9998476951563913, -0.01745240643728032, 0.0, 0.017452406437283362,
  -0.9998476951563913, 0.0]
- [0.0, 0.0, 1.0, -0.9986295347545736, -0.05233595624295027, 0.0, 0.052335956242943724,
  -0.9986295347545739, 0.0]
- [0.0, 0.0, 1.0, -0.9961946980917459, -0.08715574274765542, 0.0, 0.08715574274765811,
  -0.9961946980917455, 0.0]
- [0.0, 0.0, 1.0, -0.992546151641322, -0.12186934340514814, 0.0, 0.12186934340514738,
  -0.9925461516413221, 0.0]
- [0.0, 0.0, 1.0, -0.9876883405951379, -0.15643446504022987, 0.0, 0.1564344650402308,
  -0.9876883405951378, 0.0]
- [0.0, 0.0, 1.0, -0.9816271834476645, -0.190808995376542, 0.0, 0.19080899537654467,
  -0.9816271834476641, 0.0]
- [0.0, 0.0, 1.0, -0.9743700647852354, -0.2249510543438644, 0.0, 0.2249510543438649,
  -0.9743700647852352, 0.0]
- [0.0, 0.0, 1.0, -0.9659258262890671, -0.25881904510252507, 0.0, 0.2588190451025208,
  -0.9659258262890684, 0.0]
- [0.0, 0.0, 1.0, -0.9563047559630365, -0.29237170472273344, 0.0, 0.29237170472273666,
  -0.9563047559630357, 0.0]
- [0.0, 0.0, 1.0, -0.9455185755993162, -0.32556815445715837, 0.0, 0.32556815445715664,
  -0.945518575599317, 0.0]
- [0.0, 0.0, 1.0, -0.9335804264972017, -0.35836794954530016, 0.0, 0.35836794954530027,
  -0.9335804264972016, 0.0]
- [0.0, 0.0, 1.0, -0.9205048534524416, -0.3907311284892709, 0.0, 0.39073112848927377,
  -0.9205048534524404, 0.0]
- [0.0, 0.0, 1.0, -0.9063077870366489, -0.4226182617407016, 0.0, 0.4226182617406994,
  -0.9063077870366499, 0.0]
- [0.0, 0.0, 1.0, -0.8910065241883681, -0.45399049973954625, 0.0, 0.4539904997395467,
  -0.891006524188368, 0.0]
- [0.0, 0.0, 1.0, -0.8746197071393951, -0.48480962024633845, 0.0, 0.4848096202463368,
  -0.8746197071393959, 0.0]
- [0.0, 0.0, 1.0, -0.8571673007021124, -0.515038074910054, 0.0, 0.515038074910054,
  -0.8571673007021124, 0.0]
- [0.0, 0.0, 1.0, -0.8386705679454243, -0.5446390350150269, 0.0, 0.544639035015027,
  -0.8386705679454242, 0.0]
- [0.0, 0.0, 1.0, -0.8191520442889912, -0.5735764363510469, 0.0, 0.5735764363510459,
  -0.8191520442889919, 0.0]
- [0.0, 0.0, 1.0, -0.7986355100472955, -0.6018150231520446, 0.0, 0.6018150231520483,
  -0.798635510047293, 0.0]
- [0.0, 0.0, 1.0, -0.7771459614569696, -0.6293203910498392, 0.0, 0.6293203910498374,
  -0.7771459614569709, 0.0]
- [0.0, 0.0, 1.0, -0.7547095802227725, -0.6560590289905069, 0.0, 0.6560590289905073,
  -0.754709580222772, 0.0]
- [0.0, 0.0, 1.0, -0.7313537016191713, -0.6819983600624975, 0.0, 0.6819983600624984,
  -0.7313537016191706, 0.0]
- [0.0, 0.0, 1.0, -0.7071067811865475, -0.7071067811865475, 0.0, 0.7071067811865475,
  -0.7071067811865476, 0.0]
- [0.0, 0.0, 1.0, -0.6819983600624975, -0.7313537016191713, 0.0, 0.7313537016191705,
  -0.6819983600624985, 0.0]
- [0.0, 0.0, 1.0, -0.6560590289905069, -0.7547095802227725, 0.0, 0.7547095802227719,
  -0.6560590289905075, 0.0]
- [0.0, 0.0, 1.0, -0.6293203910498375, -0.7771459614569709, 0.0, 0.7771459614569708,
  -0.6293203910498376, 0.0]
- [0.0, 0.0, 1.0, -0.6018150231520477, -0.7986355100472934, 0.0, 0.7986355100472928,
  -0.6018150231520485, 0.0]
- [0.0, 0.0, 1.0, -0.5735764363510464, -0.8191520442889916, 0.0, 0.8191520442889918,
  -0.5735764363510463, 0.0]
- [0.0, 0.0, 1.0, -0.5446390350150262, -0.8386705679454245, 0.0, 0.838670567945424,
  -0.5446390350150271, 0.0]
- [0.0, 0.0, 1.0, -0.515038074910056, -0.8571673007021112, 0.0, 0.8571673007021124,
  -0.5150380749100542, 0.0]
- [0.0, 0.0, 1.0, -0.48480962024633595, -0.8746197071393965, 0.0, 0.8746197071393956,
  -0.4848096202463371, 0.0]
- [0.0, 0.0, 1.0, -0.4539904997395461, -0.8910065241883682, 0.0, 0.8910065241883678,
  -0.45399049973954697, 0.0]
- [0.0, 0.0, 1.0, -0.42261826174069844, -0.9063077870366504, 0.0, 0.9063077870366499,
  -0.4226182617406995, 0.0]
- [0.0, 0.0, 1.0, -0.39073112848927855, -0.9205048534524384, 0.0, 0.9205048534524403,
  -0.390731128489274, 0.0]
- [0.0, 0.0, 1.0, -0.3583679495452997, -0.933580426497202, 0.0, 0.9335804264972016,
  -0.35836794954530043, 0.0]
- [0.0, 0.0, 1.0, -0.325568154457154, -0.9455185755993177, 0.0, 0.9455185755993167,
  -0.3255681544571568, 0.0]
- [0.0, 0.0, 1.0, -0.2923717047227368, -0.9563047559630355, 0.0, 0.9563047559630354,
  -0.29237170472273705, 0.0]
- [0.0, 0.0, 1.0, -0.2588190451025254, -0.9659258262890671, 0.0, 0.9659258262890682,
  -0.2588190451025211, 0.0]
- [0.0, 0.0, 1.0, -0.22495105434386603, -0.9743700647852349, 0.0, 0.9743700647852352,
  -0.22495105434386495, 0.0]
- [0.0, 0.0, 1.0, -0.19080899537654075, -0.9816271834476649, 0.0, 0.9816271834476641,
  -0.19080899537654475, 0.0]
- [0.0, 0.0, 1.0, -0.15643446504023165, -0.9876883405951377, 0.0, 0.9876883405951378,
  -0.15643446504023098, 0.0]
- [0.0, 0.0, 1.0, -0.1218693434051482, -0.9925461516413219, 0.0, 0.992546151641322,
  -0.12186934340514775, 0.0]
- [0.0, 0.0, 1.0, -0.08715574274765492, -0.9961946980917459, 0.0, 0.9961946980917455,
  -0.08715574274765842, 0.0]
- [0.0, 0.0, 1.0, -0.05233595624294991, -0.9986295347545736, 0.0, 0.9986295347545739,
  -0.05233595624294381, 0.0]
- [0.0, 0.0, 1.0, -0.017452406437280427, -0.9998476951563913, 0.0, 0.9998476951563913,
  -0.017452406437283435, 0.0]
- [0.0, 0.0, 1.0, 0.017452406437280205, -0.9998476951563913, 0.0, 0.9998476951563913,
  0.017452406437283415, 0.0]
- [0.0, 0.0, 1.0, 0.05233595624294587, -0.9986295347545737, 0.0, 0.9986295347545739,
  0.05233595624294356, 0.0]
- [0.0, 0.0, 1.0, 0.08715574274766025, -0.9961946980917453, 0.0, 0.9961946980917457,
  0.08715574274765775, 0.0]
- [0.0, 0.0, 1.0, 0.12186934340514657, -0.9925461516413221, 0.0, 0.9925461516413221,
  0.12186934340514734, 0.0]
- [0.0, 0.0, 1.0, 0.15643446504022987, -0.9876883405951379, 0.0, 0.9876883405951378,
  0.15643446504023095, 0.0]
- [0.0, 0.0, 1.0, 0.1908089953765431, -0.9816271834476642, 0.0, 0.9816271834476641,
  0.19080899537654472, 0.0]
- [0.0, 0.0, 1.0, 0.22495105434386561, -0.9743700647852351, 0.0, 0.9743700647852352,
  0.22495105434386475, 0.0]
- [0.0, 0.0, 1.0, 0.25881904510252374, -0.9659258262890674, 0.0, 0.9659258262890684,
  0.2588190451025206, 0.0]
- [0.0, 0.0, 1.0, 0.29237170472273455, -0.9563047559630362, 0.0, 0.9563047559630354,
  0.2923717047227368, 0.0]
- [0.0, 0.0, 1.0, 0.32556815445715814, -0.9455185755993163, 0.0, 0.9455185755993167,
  0.3255681544571568, 0.0]
- [0.0, 0.0, 1.0, 0.3583679495452997, -0.933580426497202, 0.0, 0.9335804264972019,
  0.35836794954530027, 0.0]
- [0.0, 0.0, 1.0, 0.3907311284892733, -0.9205048534524406, 0.0, 0.9205048534524404,
  0.3907311284892736, 0.0]
- [0.0, 0.0, 1.0, 0.4226182617406982, -0.9063077870366505, 0.0, 0.9063077870366502,
  0.42261826174069916, 0.0]
- [0.0, 0.0, 1.0, 0.4539904997395461, -0.8910065241883682, 0.0, 0.891006524188368,
  0.4539904997395467, 0.0]
- [0.0, 0.0, 1.0, 0.4848096202463396, -0.8746197071393944, 0.0, 0.8746197071393956,
  0.4848096202463371, 0.0]
- [0.0, 0.0, 1.0, 0.5150380749100537, -0.8571673007021127, 0.0, 0.8571673007021124,
  0.5150380749100542, 0.0]
- [0.0, 0.0, 1.0, 0.5446390350150269, -0.8386705679454243, 0.0, 0.8386705679454242,
  0.544639035015027, 0.0]
- [0.0, 0.0, 1.0, 0.5735764363510469, -0.8191520442889912, 0.0, 0.8191520442889919,
  0.5735764363510459, 0.0]
- [0.0, 0.0, 1.0, 0.6018150231520477, -0.7986355100472934, 0.0, 0.798635510047293,
  0.601815023152048, 0.0]
- [0.0, 0.0, 1.0, 0.6293203910498371, -0.7771459614569712, 0.0, 0.7771459614569711,
  0.6293203910498373, 0.0]
- [0.0, 0.0, 1.0, 0.6560590289905055, -0.7547095802227736, 0.0, 0.7547095802227721,
  0.6560590289905073, 0.0]
- [0.0, 0.0, 1.0, 0.6819983600625007, -0.7313537016191686, 0.0, 0.7313537016191706,
  0.6819983600624986, 0.0]
- [0.0, 0.0, 1.0, 0.7071067811865476, -0.7071067811865476, 0.0, 0.7071067811865477,
  0.7071067811865475, 0.0]
- [0.0, 0.0, 1.0, 0.7313537016191686, -0.6819983600625007, 0.0, 0.6819983600624988,
  0.7313537016191703, 0.0]
- [0.0, 0.0, 1.0, 0.7547095802227722, -0.656059028990507, 0.0, 0.6560590289905075,
  0.7547095802227719, 0.0]
- [0.0, 0.0, 1.0, 0.7771459614569702, -0.6293203910498385, 0.0, 0.6293203910498375,
  0.777145961456971, 0.0]
- [0.0, 0.0, 1.0, 0.7986355100472943, -0.6018150231520464, 0.0, 0.6018150231520483,
  0.798635510047293, 0.0]
- [0.0, 0.0, 1.0, 0.8191520442889915, -0.5735764363510466, 0.0, 0.5735764363510464,
  0.8191520442889917, 0.0]
- [0.0, 0.0, 1.0, 0.8386705679454237, -0.5446390350150276, 0.0, 0.5446390350150273,
  0.838670567945424, 0.0]
- [0.0, 0.0, 1.0, 0.85716730070211, -0.515038074910058, 0.0, 0.5150380749100544, 0.8571673007021121,
  0.0]
- [0.0, 0.0, 1.0, 0.8746197071393976, -0.4848096202463339, 0.0, 0.4848096202463372,
  0.8746197071393956, 0.0]
- [0.0, 0.0, 1.0, 0.8910065241883681, -0.45399049973954625, 0.0, 0.45399049973954697,
  0.8910065241883678, 0.0]
- [0.0, 0.0, 1.0, 0.9063077870366483, -0.42261826174070294, 0.0, 0.42261826174069955,
  0.9063077870366499, 0.0]
- [0.0, 0.0, 1.0, 0.9205048534524406, -0.3907311284892733, 0.0, 0.39073112848927377,
  0.9205048534524403, 0.0]
- [0.0, 0.0, 1.0, 0.933580426497202, -0.35836794954529955, 0.0, 0.35836794954530077,
  0.9335804264972016, 0.0]
- [0.0, 0.0, 1.0, 0.9455185755993175, -0.32556815445715465, 0.0, 0.3255681544571571,
  0.9455185755993167, 0.0]
- [0.0, 0.0, 1.0, 0.9563047559630345, -0.2923717047227399, 0.0, 0.29237170472273666,
  0.9563047559630357, 0.0]
- [0.0, 0.0, 1.0, 0.9659258262890681, -0.2588190451025214, 0.0, 0.2588190451025206,
  0.9659258262890683, 0.0]
- [0.0, 0.0, 1.0, 0.9743700647852355, -0.22495105434386356, 0.0, 0.2249510543438652,
  0.9743700647852351, 0.0]
- [0.0, 0.0, 1.0, 0.9816271834476642, -0.19080899537654367, 0.0, 0.19080899537654503,
  0.9816271834476639, 0.0]
- [0.0, 0.0, 1.0, 0.9876883405951383, -0.1564344650402279, 0.0, 0.1564344650402306,
  0.9876883405951378, 0.0]
- [0.0, 0.0, 1.0, 0.9925461516413218, -0.12186934340514968, 0.0, 0.12186934340514718,
  0.9925461516413221, 0.0]
- [0.0, 0.0, 1.0, 0.9961946980917458, -0.08715574274765599, 0.0, 0.08715574274765825,
  0.9961946980917455, 0.0]
- [0.0, 0.0, 1.0, 0.9986295347545737, -0.05233595624294589, 0.0, 0.05233595624294432,
  0.9986295347545739, 0.0]
- [0.0, 0.0, 1.0, 0.9998476951563912, -0.017452406437285375, 0.0, 0.017452406437283942,
  0.9998476951563913, 0.0]
- [0.0, 0.0, 1.0, 0.9998476951563913, 0.017452406437279983, 0.0, -0.017452406437283574,
  0.9998476951563913, 0.0]
- [0.0, 0.0, 1.0, 0.9986295347545737, 0.05233595624294586, 0.0, -0.052335956242943946,
  0.9986295347545739, 0.0]
- [0.0, 0.0, 1.0, 0.9961946980917451, 0.08715574274766139, 0.0, -0.08715574274765789,
  0.9961946980917455, 0.0]
- [0.0, 0.0, 1.0, 0.9925461516413221, 0.12186934340514649, 0.0, -0.12186934340514727,
  0.9925461516413221, 0.0]
- [0.0, 0.0, 1.0, 0.9876883405951377, 0.15643446504023187, 0.0, -0.15643446504023067,
  0.9876883405951378, 0.0]
- [0.0, 0.0, 1.0, 0.9816271834476642, 0.1908089953765431, 0.0, -0.19080899537654422,
  0.9816271834476641, 0.0]
- [0.0, 0.0, 1.0, 0.9743700647852356, 0.22495105434386306, 0.0, -0.22495105434386448,
  0.9743700647852352, 0.0]
- [0.0, 0.0, 1.0, 0.9659258262890684, 0.25881904510252035, 0.0, -0.2588190451025208,
  0.9659258262890684, 0.0]
- [0.0, 0.0, 1.0, 0.9563047559630355, 0.2923717047227368, 0.0, -0.2923717047227367,
  0.9563047559630354, 0.0]
- [0.0, 0.0, 1.0, 0.9455185755993164, 0.3255681544571577, 0.0, -0.3255681544571563,
  0.945518575599317, 0.0]
- [0.0, 0.0, 1.0, 0.9335804264972016, 0.3583679495453003, 0.0, -0.35836794954529994,
  0.9335804264972019, 0.0]
- [0.0, 0.0, 1.0, 0.92050485345244, 0.39073112848927466, 0.0, -0.3907311284892739,
  0.9205048534524403, 0.0]
- [0.0, 0.0, 1.0, 0.9063077870366504, 0.42261826174069844, 0.0, -0.4226182617406996,
  0.9063077870366499, 0.0]
- [0.0, 0.0, 1.0, 0.8910065241883681, 0.45399049973954625, 0.0, -0.4539904997395465,
  0.891006524188368, 0.0]
- [0.0, 0.0, 1.0, 0.8746197071393953, 0.48480962024633795, 0.0, -0.48480962024633684,
  0.8746197071393959, 0.0]
- [0.0, 0.0, 1.0, 0.8571673007021119, 0.5150380749100548, 0.0, -0.5150380749100542,
  0.8571673007021124, 0.0]
- [0.0, 0.0, 1.0, 0.8386705679454255, 0.5446390350150249, 0.0, -0.5446390350150268,
  0.8386705679454244, 0.0]
- [0.0, 0.0, 1.0, 0.8191520442889926, 0.5735764363510449, 0.0, -0.5735764363510458,
  0.8191520442889921, 0.0]
- [0.0, 0.0, 1.0, 0.798635510047292, 0.6018150231520494, 0.0, -0.6018150231520484,
  0.7986355100472929, 0.0]
- [0.0, 0.0, 1.0, 0.7771459614569716, 0.6293203910498365, 0.0, -0.6293203910498375,
  0.7771459614569708, 0.0]
- [0.0, 0.0, 1.0, 0.7547095802227717, 0.6560590289905075, 0.0, -0.6560590289905072,
  0.7547095802227723, 0.0]
- [0.0, 0.0, 1.0, 0.7313537016191701, 0.681998360062499, 0.0, -0.681998360062498,
  0.731353701619171, 0.0]
- [0.0, 0.0, 1.0, 0.7071067811865489, 0.7071067811865462, 0.0, -0.7071067811865472,
  0.707106781186548, 0.0]
- [0.0, 0.0, 1.0, 0.6819983600624981, 0.7313537016191709, 0.0, -0.7313537016191705,
  0.6819983600624987, 0.0]
- [0.0, 0.0, 1.0, 0.6560590289905078, 0.7547095802227717, 0.0, -0.7547095802227719,
  0.6560590289905075, 0.0]
- [0.0, 0.0, 1.0, 0.6293203910498395, 0.7771459614569692, 0.0, -0.7771459614569707,
  0.629320391049838, 0.0]
- [0.0, 0.0, 1.0, 0.601815023152049, 0.7986355100472924, 0.0, -0.7986355100472925,
  0.6018150231520487, 0.0]
- [0.0, 0.0, 1.0, 0.5735764363510453, 0.8191520442889922, 0.0, -0.8191520442889916,
  0.5735764363510464, 0.0]
- [0.0, 0.0, 1.0, 0.544639035015026, 0.8386705679454246, 0.0, -0.8386705679454236,
  0.5446390350150279, 0.0]
- [0.0, 0.0, 1.0, 0.5150380749100552, 0.8571673007021117, 0.0, -0.8571673007021119,
  0.5150380749100548, 0.0]
- [0.0, 0.0, 1.0, 0.48480962024633795, 0.8746197071393953, 0.0, -0.8746197071393956,
  0.48480962024633734, 0.0]
- [0.0, 0.0, 1.0, 0.4539904997395461, 0.8910065241883682, 0.0, -0.891006524188368,
  0.4539904997395465, 0.0]
- [0.0, 0.0, 1.0, 0.42261826174070294, 0.9063077870366485, 0.0, -0.9063077870366502,
  0.4226182617406992, 0.0]
- [0.0, 0.0, 1.0, 0.3907311284892733, 0.9205048534524406, 0.0, -0.9205048534524403,
  0.3907311284892739, 0.0]
- [0.0, 0.0, 1.0, 0.3583679495452961, 0.9335804264972033, 0.0, -0.9335804264972016,
  0.3583679495453003, 0.0]
- [0.0, 0.0, 1.0, 0.32556815445715814, 0.9455185755993163, 0.0, -0.9455185755993167,
  0.32556815445715676, 0.0]
- [0.0, 0.0, 1.0, 0.29237170472273605, 0.9563047559630357, 0.0, -0.9563047559630354,
  0.2923717047227372, 0.0]
- [0.0, 0.0, 1.0, 0.25881904510252574, 0.9659258262890669, 0.0, -0.9659258262890682,
  0.25881904510252113, 0.0]
- [0.0, 0.0, 1.0, 0.22495105434386345, 0.9743700647852357, 0.0, -0.9743700647852351,
  0.22495105434386528, 0.0]
- [0.0, 0.0, 1.0, 0.1908089953765431, 0.9816271834476642, 0.0, -0.9816271834476639,
  0.19080899537654555, 0.0]
- [0.0, 0.0, 1.0, 0.15643446504023314, 0.9876883405951373, 0.0, -0.9876883405951375,
  0.15643446504023154, 0.0]
- [0.0, 0.0, 1.0, 0.12186934340514662, 0.9925461516413221, 0.0, -0.992546151641322,
  0.12186934340514766, 0.0]
- [0.0, 0.0, 1.0, 0.08715574274765917, 0.9961946980917454, 0.0, -0.9961946980917455,
  0.08715574274765787, 0.0]
- [0.0, 0.0, 1.0, 0.05233595624294586, 0.9986295347545737, 0.0, -0.9986295347545739,
  0.05233595624294349, 0.0]
- [0.0, 0.0, 1.0, 0.017452406437280306, 0.9998476951563913, 0.0, -0.9998476951563913,
  0.017452406437283435, 0.0]
