nodes:
- [5.0000000000 0.0000000000 0.0]
- [4.9990362024 0.0981684623 0.0]
- [4.9961451812 0.1962990788 0.0]
- [4.9913280509 0.2943540183 0.0]
- [4.9845866687 0.3922954786 0.0]
- [4.9759236334 0.4900857016 0.0]
- [4.9653422848 0.5876869873 0.0]
- [4.9528467022 0.6850617084 0.0]
- [4.9384417030 0.7821723252 0.0]
- [4.9221328404 0.8789813997 0.0]
- [4.9039264020 0.9754516101 0.0]
- [4.8838294066 1.0715457653 0.0]
- [4.8618496020 1.1672268193 0.0]
- [4.8379954618 1.2624578851 0.0]
- [4.8122761823 1.3572022493 0.0]
- [4.7847016787 1.4514233863 0.0]
- [4.7552825815 1.5450849719 0.0]
- [4.7240302323 1.6381508978 0.0]
- [4.6909566796 1.7305852854 0.0]
- [4.6560746738 1.8223524994 0.0]
- [4.6193976626 1.9134171618 0.0]
- [4.5809397856 2.0037441655 0.0]
- [4.5407158691 2.0932986877 0.0]
- [4.4987414203 2.1820462034 0.0]
- [4.4550326209 2.2699524987 0.0]
- [4.4096063217 2.3569836841 0.0]
- [4.3624800354 2.4431062075 0.0]
- [4.3136719299 2.5282868669 0.0]
- [4.2632008218 2.6124928236 0.0]
- [4.2110861686 2.6956916146 0.0]
- [4.1573480615 2.7778511651 0.0]
- [4.1020072176 2.8589398011 0.0]
- [4.0450849719 2.9389262615 0.0]
- [3.9866032689 3.0177797098 0.0]
- [3.9265846544 3.0954697465 0.0]
- [3.8650522668 3.1719664208 0.0]
- [3.8020298280 3.2472402417 0.0]
- [3.7375416343 3.3212621896 0.0]
- [3.6716125472 3.3940037277 0.0]
- [3.6042679835 3.4654368127 0.0]
- [3.5355339059 3.5355339059 0.0]
- [3.4654368127 3.6042679835 0.0]
- [3.3940037277 3.6716125472 0.0]
- [3.3212621896 3.7375416343 0.0]
- [3.2472402417 3.8020298280 0.0]
- [3.1719664208 3.8650522668 0.0]
- [3.0954697465 3.9265846544 0.0]
- [3.0177797098 3.9866032689 0.0]
- [2.9389262615 4.0450849719 0.0]
- [2.8589398011 4.1020072176 0.0]
- [2.7778511651 4.1573480615 0.0]
- [2.6956916146 4.2110861686 0.0]
- [2.6124928236 4.2632008218 0.0]
- [2.5282868669 4.3136719299 0.0]
- [2.4431062075 4.3624800354 0.0]
- [2.3569836841 4.4096063217 0.0]
- [2.2699524987 4.4550326209 0.0]
- [2.1820462034 4.4987414203 0.0]
- [2.0932986877 4.5407158691 0.0]
- [2.0037441655 4.5809397856 0.0]
- [1.9134171618 4.6193976626 0.0]
- [1.8223524994 4.6560746738 0.0]
- [1.7305852854 4.6909566796 0.0]
- [1.6381508978 4.7240302323 0.0]
- [1.5450849719 4.7552825815 0.0]
- [1.4514233863 4.7847016787 0.0]
- [1.3572022493 4.8122761823 0.0]
- [1.2624578851 4.8379954618 0.0]
- [1.1672268193 4.8618496020 0.0]
- [1.0715457653 4.8838294066 0.0]
- [0.9754516101 4.9039264020 0.0]
- [0.8789813997 4.9221328404 0.0]
- [0.7821723252 4.9384417030 0.0]
- [0.6850617084 4.9528467022 0.0]
- [0.5876869873 4.9653422848 0.0]
- [0.4900857016 4.9759236334 0.0]
- [0.3922954786 4.9845866687 0.0]
- [0.2943540183 4.9913280509 0.0]
- [0.1962990788 4.9961451812 0.0]
- [0.0981684623 4.9990362024 0.0]
- [0.0000000000 5.0000000000 0.0]
- [-0.0981684623 4.9990362024 0.0]
- [-0.1962990788 4.9961451812 0.0]
- [-0.2943540183 4.9913280509 0.0]
- [-0.3922954786 4.9845866687 0.0]
- [-0.4900857016 4.9759236334 0.0]
- [-0.5876869873 4.9653422848 0.0]
- [-0.6850617084 4.9528467022 0.0]
- [-0.7821723252 4.9384417030 0.0]
- [-0.8789813997 4.9221328404 0.0]
- [-0.9754516101 4.9039264020 0.0]
- [-1.0715457653 4.8838294066 0.0]
- [-1.1672268193 4.8618496020 0.0]
- [-1.2624578851 4.8379954618 0.0]
- [-1.3572022493 4.8122761823 0.0]
- [-1.4514233863 4.7847016787 0.0]
- [-1.5450849719 4.7552825815 0.0]
- [-1.6381508978 4.7240302323 0.0]
- [-1.7305852854 4.6909566796 0.0]
- [-1.8223524994 4.6560746738 0.0]
- [-1.9134171618 4.6193976626 0.0]
- [-2.0037441655 4.5809397856 0.0]
- [-2.0932986877 4.5407158691 0.0]
- [-2.1820462034 4.4987414203 0.0]
- [-2.2699524987 4.4550326209 0.0]
- [-2.3569836841 4.4096063217 0.0]
- [-2.4431062075 4.3624800354 0.0]
- [-2.5282868669 4.3136719299 0.0]
- [-2.6124928236 4.2632008218 0.0]
- [-2.6956916146 4.2110861686 0.0]
- [-2.7778511651 4.1573480615 0.0]
- [-2.8589398011 4.1020072176 0.0]
- [-2.9389262615 4.0450849719 0.0]
- [-3.0177797098 3.9866032689 0.0]
- [-3.0954697465 3.9265846544 0.0]
- [-3.1719664208 3.8650522668 0.0]
- [-3.2472402417 3.8020298280 0.0]
- [-3.3212621896 3.7375416343 0.0]
- [-3.3940037277 3.6716125472 0.0]
- [-3.4654368127 3.6042679835 0.0]
- [-3.5355339059 3.5355339059 0.0]
- [-3.6042679835 3.4654368127 0.0]
- [-3.6716125472 3.3940037277 0.0]
- [-3.7375416343 3.3212621896 0.0]
- [-3.8020298280 3.2472402417 0.0]
- [-3.8650522668 3.1719664208 0.0]
- [-3.9265846544 3.0954697465 0.0]
- [-3.9866032689 3.0177797098 0.0]
- [-4.0450849719 2.9389262615 0.0]
- [-4.1020072176 2.8589398011 0.0]
- [-4.1573480615 2.7778511651 0.0]
- [-4.2110861686 2.6956916146 0.0]
- [-4.2632008218 2.6124928236 0.0]
- [-4.3136719299 2.5282868669 0.0]
- [-4.3624800354 2.4431062075 0.0]
- [-4.4096063217 2.3569836841 0.0]
- [-4.4550326209 2.2699524987 0.0]
- [-4.4987414203 2.1820462034 0.0]
- [-4.5407158691 2.0932986877 0.0]
- [-4.5809397856 2.0037441655 0.0]
- [-4.6193976626 1.9134171618 0.0]
- [-4.6560746738 1.8223524994 0.0]
- [-4.6909566796 1.7305852854 0.0]
- [-4.7240302323 1.6381508978 0.0]
- [-4.7552825815 1.5450849719 0.0]
- [-4.7847016787 1.4514233863 0.0]
- [-4.8122761823 1.3572022493 0.0]
- [-4.8379954618 1.2624578851 0.0]
- [-4.8618496020 1.1672268193 0.0]
- [-4.8838294066 1.0715457653 0.0]
- [-4.9039264020 0.9754516101 0.0]
- [-4.9221328404 0.8789813997 0.0]
- [-4.9384417030 0.7821723252 0.0]
- [-4.9528467022 0.6850617084 0.0]
- [-4.9653422848 0.5876869873 0.0]
- [-4.9759236334 0.4900857016 0.0]
- [-4.9845866687 0.3922954786 0.0]
- [-4.9913280509 0.2943540183 0.0]
- [-4.9961451812 0.1962990788 0.0]
- [-4.9990362024 0.0981684623 0.0]
- [-5.0000000000 0.0000000000 0.0]
- [-4.9990362024 -0.0981684623 0.0]
- [-4.9961451812 -0.1962990788 0.0]
- [-4.9913280509 -0.2943540183 0.0]
- [-4.9845866687 -0.3922954786 0.0]
- [-4.9759236334 -0.4900857016 0.0]
- [-4.9653422848 -0.5876869873 0.0]
- [-4.9528467022 -0.6850617084 0.0]
- [-4.9384417030 -0.7821723252 0.0]
- [-4.9221328404 -0.8789813997 0.0]
- [-4.9039264020 -0.9754516101 0.0]
- [-4.8838294066 -1.0715457653 0.0]
- [-4.8618496020 -1.1672268193 0.0]
- [-4.8379954618 -1.2624578851 0.0]
- [-4.8122761823 -1.3572022493 0.0]
- [-4.7847016787 -1.4514233863 0.0]
- [-4.7552825815 -1.5450849719 0.0]
- [-4.7240302323 -1.6381508978 0.0]
- [-4.6909566796 -1.7305852854 0.0]
- [-4.6560746738 -1.8223524994 0.0]
- [-4.6193976626 -1.9134171618 0.0]
- [-4.5809397856 -2.0037441655 0.0]
- [-4.5407158691 -2.0932986877 0.0]
- [-4.4987414203 -2.1820462034 0.0]
- [-4.4550326209 -2.2699524987 0.0]
- [-4.4096063217 -2.3569836841 0.0]
- [-4.3624800354 -2.4431062075 0.0]
- [-4.3136719299 -2.5282868669 0.0]
- [-4.2632008218 -2.6124928236 0.0]
- [-4.2110861686 -2.6956916146 0.0]
- [-4.1573480615 -2.7778511651 0.0]
- [-4.1020072176 -2.8589398011 0.0]
- [-4.0450849719 -2.9389262615 0.0]
- [-3.9866032689 -3.0177797098 0.0]
- [-3.9265846544 -3.0954697465 0.0]
- [-3.8650522668 -3.1719664208 0.0]
- [-3.8020298280 -3.2472402417 0.0]
- [-3.7375416343 -3.3212621896 0.0]
- [-3.6716125472 -3.3940037277 0.0]
- [-3.6042679835 -3.4654368127 0.0]
- [-3.5355339059 -3.5355339059 0.0]
- [-3.4654368127 -3.6042679835 0.0]
- [-3.3940037277 -3.6716125472 0.0]
- [-3.3212621896 -3.7375416343 0.0]
- [-3.2472402417 -3.8020298280 0.0]
- [-3.1719664208 -3.8650522668 0.0]
- [-3.0954697465 -3.9265846544 0.0]
- [-3.0177797098 -3.9866032689 0.0]
- [-2.9389262615 -4.0450849719 0.0]
- [-2.8589398011 -4.1020072176 0.0]
- [-2.7778511651 -4.1573480615 0.0]
- [-2.6956916146 -4.2110861686 0.0]
- [-2.6124928236 -4.2632008218 0.0]
- [-2.5282868669 -4.3136719299 0.0]
- [-2.4431062075 -4.3624800354 0.0]
- [-2.3569836841 -4.4096063217 0.0]
- [-2.2699524987 -4.4550326209 0.0]
- [-2.1820462034 -4.4987414203 0.0]
- [-2.0932986877 -4.5407158691 0.0]
- [-2.0037441655 -4.5809397856 0.0]
- [-1.9134171618 -4.6193976626 0.0]
- [-1.8223524994 -4.6560746738 0.0]
- [-1.7305852854 -4.6909566796 0.0]
- [-1.6381508978 -4.7240302323 0.0]
- [-1.5450849719 -4.7552825815 0.0]
- [-1.4514233863 -4.7847016787 0.0]
- [-1.3572022493 -4.8122761823 0.0]
- [-1.2624578851 -4.8379954618 0.0]
- [-1.1672268193 -4.8618496020 0.0]
- [-1.0715457653 -4.8838294066 0.0]
- [-0.9754516101 -4.9039264020 0.0]
- [-0.8789813997 -4.9221328404 0.0]
- [-0.7821723252 -4.9384417030 0.0]
- [-0.6850617084 -4.9528467022 0.0]
- [-0.5876869873 -4.9653422848 0.0]
- [-0.4900857016 -4.9759236334 0.0]
- [-0.3922954786 -4.9845866687 0.0]
- [-0.2943540183 -4.9913280509 0.0]
- [-0.1962990788 -4.9961451812 0.0]
- [-0.0981684623 -4.9990362024 0.0]
- [-0.0000000000 -5.0000000000 0.0]
- [0.0981684623 -4.9990362024 0.0]
- [0.1962990788 -4.9961451812 0.0]
- [0.2943540183 -4.9913280509 0.0]
- [0.3922954786 -4.9845866687 0.0]
- [0.4900857016 -4.9759236334 0.0]
- [0.5876869873 -4.9653422848 0.0]
- [0.6850617084 -4.9528467022 0.0]
- [0.7821723252 -4.9384417030 0.0]
- [0.8789813997 -4.9221328404 0.0]
- [0.9754516101 -4.9039264020 0.0]
- [1.0715457653 -4.8838294066 0.0]
- [1.1672268193 -4.8618496020 0.0]
- [1.2624578851 -4.8379954618 0.0]
- [1.3572022493 -4.8122761823 0.0]
- [1.4514233863 -4.7847016787 0.0]
- [1.5450849719 -4.7552825815 0.0]
- [1.6381508978 -4.7240302323 0.0]
- [1.7305852854 -4.6909566796 0.0]
- [1.8223524994 -4.6560746738 0.0]
- [1.9134171618 -4.6193976626 0.0]
- [2.0037441655 -4.5809397856 0.0]
- [2.0932986877 -4.5407158691 0.0]
- [2.1820462034 -4.4987414203 0.0]
- [2.2699524987 -4.4550326209 0.0]
- [2.3569836841 -4.4096063217 0.0]
- [2.4431062075 -4.3624800354 0.0]
- [2.5282868669 -4.3136719299 0.0]
- [2.6124928236 -4.2632008218 0.0]
- [2.6956916146 -4.2110861686 0.0]
- [2.7778511651 -4.1573480615 0.0]
- [2.8589398011 -4.1020072176 0.0]
- [2.9389262615 -4.0450849719 0.0]
- [3.0177797098 -3.9866032689 0.0]
- [3.0954697465 -3.9265846544 0.0]
- [3.1719664208 -3.8650522668 0.0]
- [3.2472402417 -3.8020298280 0.0]
- [3.3212621896 -3.7375416343 0.0]
- [3.3940037277 -3.6716125472 0.0]
- [3.4654368127 -3.6042679835 0.0]
- [3.5355339059 -3.5355339059 0.0]
- [3.6042679835 -3.4654368127 0.0]
- [3.6716125472 -3.3940037277 0.0]
- [3.7375416343 -3.3212621896 0.0]
- [3.8020298280 -3.2472402417 0.0]
- [3.8650522668 -3.1719664208 0.0]
- [3.9265846544 -3.0954697465 0.0]
- [3.9866032689 -3.0177797098 0.0]
- [4.0450849719 -2.9389262615 0.0]
- [4.1020072176 -2.8589398011 0.0]
- [4.1573480615 -2.7778511651 0.0]
- [4.2110861686 -2.6956916146 0.0]
- [4.2632008218 -2.6124928236 0.0]
- [4.3136719299 -2.5282868669 0.0]
- [4.3624800354 -2.4431062075 0.0]
- [4.4096063217 -2.3569836841 0.0]
- [4.4550326209 -2.2699524987 0.0]
- [4.4987414203 -2.1820462034 0.0]
- [4.5407158691 -2.0932986877 0.0]
- [4.5809397856 -2.0037441655 0.0]
- [4.6193976626 -1.9134171618 0.0]
- [4.6560746738 -1.8223524994 0.0]
- [4.6909566796 -1.7305852854 0.0]
- [4.7240302323 -1.6381508978 0.0]
- [4.7552825815 -1.5450849719 0.0]
- [4.7847016787 -1.4514233863 0.0]
- [4.8122761823 -1.3572022493 0.0]
- [4.8379954618 -1.2624578851 0.0]
- [4.8618496020 -1.1672268193 0.0]
- [4.8838294066 -1.0715457653 0.0]
- [4.9039264020 -0.9754516101 0.0]
- [4.9221328404 -0.8789813997 0.0]
- [4.9384417030 -0.7821723252 0.0]
- [4.9528467022 -0.6850617084 0.0]
- [4.9653422848 -0.5876869873 0.0]
- [4.9759236334 -0.4900857016 0.0]
- [4.9845866687 -0.3922954786 0.0]
- [4.9913280509 -0.2943540183 0.0]
- [4.9961451812 -0.1962990788 0.0]
- [4.9990362024 -0.0981684623 0.0]
elements:
- [1 2]
- [2 3]
- [3 4]
- [4 5]
- [5 6]
- [6 7]
- [7 8]
- [8 9]
- [9 10]
- [10 11]
- [11 12]
- [12 13]
- [13 14]
- [14 15]
- [15 16]
- [16 17]
- [17 18]
- [18 19]
- [19 20]
- [20 21]
- [21 22]
- [22 23]
- [23 24]
- [24 25]
- [25 26]
- [26 27]
- [27 28]
- [28 29]
- [29 30]
- [30 31]
- [31 32]
- [32 33]
- [33 34]
- [34 35]
- [35 36]
- [36 37]
- [37 38]
- [38 39]
- [39 40]
- [40 41]
- [41 42]
- [42 43]
- [43 44]
- [44 45]
- [45 46]
- [46 47]
- [47 48]
- [48 49]
- [49 50]
- [50 51]
- [51 52]
- [52 53]
- [53 54]
- [54 55]
- [55 56]
- [56 57]
- [57 58]
- [58 59]
- [59 60]
- [60 61]
- [61 62]
- [62 63]
- [63 64]
- [64 65]
- [65 66]
- [66 67]
- [67 68]
- [68 69]
- [69 70]
- [70 71]
- [71 72]
- [72 73]
- [73 74]
- [74 75]
- [75 76]
- [76 77]
- [77 78]
- [78 79]
- [79 80]
- [80 81]
- [81 82]
- [82 83]
- [83 84]
- [84 85]
- [85 86]
- [86 87]
- [87 88]
- [88 89]
- [89 90]
- [90 91]
- [91 92]
- [92 93]
- [93 94]
- [94 95]
- [95 96]
- [96 97]
- [97 98]
- [98 99]
- [99 100]
- [100 101]
- [101 102]
- [102 103]
- [103 104]
- [104 105]
- [105 106]
- [106 107]
- [107 108]
- [108 109]
- [109 110]
- [110 111]
- [111 112]
- [112 113]
- [113 114]
- [114 115]
- [115 116]
- [116 117]
- [117 118]
- [118 119]
- [119 120]
- [120 121]
- [121 122]
- [122 123]
- [123 124]
- [124 125]
- [125 126]
- [126 127]
- [127 128]
- [128 129]
- [129 130]
- [130 131]
- [131 132]
- [132 133]
- [133 134]
- [134 135]
- [135 136]
- [136 137]
- [137 138]
- [138 139]
- [139 140]
- [140 141]
- [141 142]
- [142 143]
- [143 144]
- [144 145]
- [145 146]
- [146 147]
- [147 148]
- [148 149]
- [149 150]
- [150 151]
- [151 152]
- [152 153]
- [153 154]
- [154 155]
- [155 156]
- [156 157]
- [157 158]
- [158 159]
- [159 160]
- [160 161]
- [161 162]
- [162 163]
- [163 164]
- [164 165]
- [165 166]
- [166 167]
- [167 168]
- [168 169]
- [169 170]
- [170 171]
- [171 172]
- [172 173]
- [173 174]
- [174 175]
- [175 176]
- [176 177]
- [177 178]
- [178 179]
- [179 180]
- [180 181]
- [181 182]
- [182 183]
- [183 184]
- [184 185]
- [185 186]
- [186 187]
- [187 188]
- [188 189]
- [189 190]
- [190 191]
- [191 192]
- [192 193]
- [193 194]
- [194 195]
- [195 196]
- [196 197]
- [197 198]
- [198 199]
- [199 200]
- [200 201]
- [201 202]
- [202 203]
- [203 204]
- [204 205]
- [205 206]
- [206 207]
- [207 208]
- [208 209]
- [209 210]
- [210 211]
- [211 212]
- [212 213]
- [213 214]
- [214 215]
- [215 216]
- [216 217]
- [217 218]
- [218 219]
- [219 220]
- [220 221]
- [221 222]
- [222 223]
- [223 224]
- [224 225]
- [225 226]
- [226 227]
- [227 228]
- [228 229]
- [229 230]
- [230 231]
- [231 232]
- [232 233]
- [233 234]
- [234 235]
- [235 236]
- [236 237]
- [237 238]
- [238 239]
- [239 240]
- [240 241]
- [241 242]
- [242 243]
- [243 244]
- [244 245]
- [245 246]
- [246 247]
- [247 248]
- [248 249]
- [249 250]
- [250 251]
- [251 252]
- [252 253]
- [253 254]
- [254 255]
- [255 256]
- [256 257]
- [257 258]
- [258 259]
- [259 260]
- [260 261]
- [261 262]
- [262 263]
- [263 264]
- [264 265]
- [265 266]
- [266 267]
- [267 268]
- [268 269]
- [269 270]
- [270 271]
- [271 272]
- [272 273]
- [273 274]
- [274 275]
- [275 276]
- [276 277]
- [277 278]
- [278 279]
- [279 280]
- [280 281]
- [281 282]
- [282 283]
- [283 284]
- [284 285]
- [285 286]
- [286 287]
- [287 288]
- [288 289]
- [289 290]
- [290 291]
- [291 292]
- [292 293]
- [293 294]
- [294 295]
- [295 296]
- [296 297]
- [297 298]
- [298 299]
- [299 300]
- [300 301]
- [301 302]
- [302 303]
- [303 304]
- [304 305]
- [305 306]
- [306 307]
- [307 308]
- [308 309]
- [309 310]
- [310 311]
- [311 312]
- [312 313]
- [313 314]
- [314 315]
- [315 316]
- [316 317]
- [317 318]
- [318 319]
- [319 320]
- [320 1]
sets:
  element:
  - name: tube
    labels:
    - 1
    - 2
    - 3
    - 4
    - 5
    - 6
    - 7
    - 8
    - 9
    - 10
    - 11
    - 12
    - 13
    - 14
    - 15
    - 16
    - 17
    - 18
    - 19
    - 20
    - 21
    - 22
    - 23
    - 24
    - 25
    - 26
    - 27
    - 28
    - 29
    - 30
    - 31
    - 32
    - 33
    - 34
    - 35
    - 36
    - 37
    - 38
    - 39
    - 40
    - 41
    - 42
    - 43
    - 44
    - 45
    - 46
    - 47
    - 48
    - 49
    - 50
    - 51
    - 52
    - 53
    - 54
    - 55
    - 56
    - 57
    - 58
    - 59
    - 60
    - 61
    - 62
    - 63
    - 64
    - 65
    - 66
    - 67
    - 68
    - 69
    - 70
    - 71
    - 72
    - 73
    - 74
    - 75
    - 76
    - 77
    - 78
    - 79
    - 80
    - 81
    - 82
    - 83
    - 84
    - 85
    - 86
    - 87
    - 88
    - 89
    - 90
    - 91
    - 92
    - 93
    - 94
    - 95
    - 96
    - 97
    - 98
    - 99
    - 100
    - 101
    - 102
    - 103
    - 104
    - 105
    - 106
    - 107
    - 108
    - 109
    - 110
    - 111
    - 112
    - 113
    - 114
    - 115
    - 116
    - 117
    - 118
    - 119
    - 120
    - 121
    - 122
    - 123
    - 124
    - 125
    - 126
    - 127
    - 128
    - 129
    - 130
    - 131
    - 132
    - 133
    - 134
    - 135
    - 136
    - 137
    - 138
    - 139
    - 140
    - 141
    - 142
    - 143
    - 144
    - 145
    - 146
    - 147
    - 148
    - 149
    - 150
    - 151
    - 152
    - 153
    - 154
    - 155
    - 156
    - 157
    - 158
    - 159
    - 160
    - 161
    - 162
    - 163
    - 164
    - 165
    - 166
    - 167
    - 168
    - 169
    - 170
    - 171
    - 172
    - 173
    - 174
    - 175
    - 176
    - 177
    - 178
    - 179
    - 180
    - 181
    - 182
    - 183
    - 184
    - 185
    - 186
    - 187
    - 188
    - 189
    - 190
    - 191
    - 192
    - 193
    - 194
    - 195
    - 196
    - 197
    - 198
    - 199
    - 200
    - 201
    - 202
    - 203
    - 204
    - 205
    - 206
    - 207
    - 208
    - 209
    - 210
    - 211
    - 212
    - 213
    - 214
    - 215
    - 216
    - 217
    - 218
    - 219
    - 220
    - 221
    - 222
    - 223
    - 224
    - 225
    - 226
    - 227
    - 228
    - 229
    - 230
    - 231
    - 232
    - 233
    - 234
    - 235
    - 236
    - 237
    - 238
    - 239
    - 240
    - 241
    - 242
    - 243
    - 244
    - 245
    - 246
    - 247
    - 248
    - 249
    - 250
    - 251
    - 252
    - 253
    - 254
    - 255
    - 256
    - 257
    - 258
    - 259
    - 260
    - 261
    - 262
    - 263
    - 264
    - 265
    - 266
    - 267
    - 268
    - 269
    - 270
    - 271
    - 272
    - 273
    - 274
    - 275
    - 276
    - 277
    - 278
    - 279
    - 280
    - 281
    - 282
    - 283
    - 284
    - 285
    - 286
    - 287
    - 288
    - 289
    - 290
    - 291
    - 292
    - 293
    - 294
    - 295
    - 296
    - 297
    - 298
    - 299
    - 300
    - 301
    - 302
    - 303
    - 304
    - 305
    - 306
    - 307
    - 308
    - 309
    - 310
    - 311
    - 312
    - 313
    - 314
    - 315
    - 316
    - 317
    - 318
    - 319
    - 320
sections:
- type: shell
  elementSet: tube
  layup:
  - - mat
    - 0.2
    - 0.0
materials:
- name: mat
  density: 1860.0
  elastic:
    E:
    - 3440000000.0
    - 3440000000.0
    - 3440000000.0
    G:
    - 1323076923.0769231
    - 1323076923.0769231
    - 1323076923.0769231
    nu:
    - 0.3
    - 0.3
    - 0.3
elementOrientations:
- [0.0, 0.0, 1.0, -0.009817319337149289, 0.999951808959328, 0.0, -0.9999518089593281,
  -0.009817319337149617, 0.0]
- [0.0, 0.0, 1.0, -0.029448173247968595, 0.9995663085020211, 0.0, -0.9995663085020212,
  -0.02944817324796316, 0.0]
- [0.0, 0.0, 1.0, -0.04906767432741421, 0.9987954562051726, 0.0, -0.9987954562051723,
  -0.049067674327418015, 0.0]
- [0.0, 0.0, 1.0, -0.06866825888437648, 0.9976395492470155, 0.0, -0.9976395492470157,
  -0.06866825888437375, 0.0]
- [0.0, 0.0, 1.0, -0.0882423705203611, 0.9960990332516879, 0.0, -0.9960990332516872,
  -0.08824237052036953, 0.0]
- [0.0, 0.0, 1.0, -0.1077824630427672, 0.9941745021174273, 0.0, -0.9941745021174282,
  -0.10778246304275933, 0.0]
- [0.0, 0.0, 1.0, -0.12728100337390644, 0.9918666977876269, 0.0, -0.9918666977876262,
  -0.12728100337391318, 0.0]
- [0.0, 0.0, 1.0, -0.14673047445535842, 0.9891765099647815, 0.0, -0.989176509964781,
  -0.14673047445536172, 0.0]
- [0.0, 0.0, 1.0, -0.16612337814577424, 0.9861049757675072, 0.0, -0.9861049757675089,
  -0.16612337814576547, 0.0]
- [0.0, 0.0, 1.0, -0.1854522381115899, 0.9826532793307119, 0.0, -0.9826532793307118,
  -0.18545223811159092, 0.0]
- [0.0, 0.0, 1.0, -0.2047096027093788, 0.9788227513490725, 0.0, -0.9788227513490723,
  -0.2047096027093796, 0.0]
- [0.0, 0.0, 1.0, -0.2238880478584982, 0.9746148685640451, 0.0, -0.974614868564045,
  -0.22388804785849836, 0.0]
- [0.0, 0.0, 1.0, -0.24298017990326537, 0.9700312531945436, 0.0, -0.970031253194544,
  -0.2429801799032639, 0.0]
- [0.0, 0.0, 1.0, -0.26197863846333314, 0.9650736723115485, 0.0, -0.9650736723115474,
  -0.26197863846333747, 0.0]
- [0.0, 0.0, 1.0, -0.2808760992712994, 0.9597440371568554, 0.0, -0.9597440371568573,
  -0.2808760992712921, 0.0]
- [0.0, 0.0, 1.0, -0.2996652769962572, 0.9540444024062803, 0.0, -0.9540444024062804,
  -0.29966527699625656, 0.0]
- [0.0, 0.0, 1.0, -0.3183389280525463, 0.9479769653775115, 0.0, -0.9479769653775103,
  -0.3183389280525497, 0.0]
- [0.0, 0.0, 1.0, -0.3368898533922204, 0.9415440651830207, 0.0, -0.9415440651830207,
  -0.33688985339222005, 0.0]
- [0.0, 0.0, 1.0, -0.3553109012804106, 0.9347481818282944, 0.0, -0.9347481818282924,
  -0.3553109012804161, 0.0]
- [0.0, 0.0, 1.0, -0.3735949700525182, 0.9275919352557234, 0.0, -0.9275919352557241,
  -0.37359497005251635, 0.0]
- [0.0, 0.0, 1.0, -0.39173501085195395, 0.9200780843345958, 0.0, -0.9200780843345948,
  -0.3917350108519559, 0.0]
- [0.0, 0.0, 1.0, -0.40972403034769783, 0.9122095257974666, 0.0, -0.9122095257974676,
  -0.4097240303476952, 0.0]
- [0.0, 0.0, 1.0, -0.4275550934302811, 0.9039892931234438, 0.0, -0.9039892931234434,
  -0.427555093430282, 0.0]
- [0.0, 0.0, 1.0, -0.4452213258854704, 0.8954205553686959, 0.0, -0.895420555368697,
  -0.44522132588546814, 0.0]
- [0.0, 0.0, 1.0, -0.4627159170443462, 0.8865066159447484, 0.0, -0.8865066159447466,
  -0.46271591704435, 0.0]
- [0.0, 0.0, 1.0, -0.48003212240901166, 0.877250911344924, 0.0, -0.8772509113449243,
  -0.4800321224090111, 0.0]
- [0.0, 0.0, 1.0, -0.4971632662526581, 0.8676570098195419, 0.0, -0.8676570098195441,
  -0.49716326625265433, 0.0]
- [0.0, 0.0, 1.0, -0.5141027441932172, 0.8577286100002747, 0.0, -0.8577286100002721,
  -0.5141027441932218, 0.0]
- [0.0, 0.0, 1.0, -0.530844025739512, 0.8474695394742329, 0.0, -0.8474695394742346,
  -0.5308440257395094, 0.0]
- [0.0, 0.0, 1.0, -0.5473806568087977, 0.8368837533084086, 0.0, -0.8368837533084094,
  -0.5473806568087964, 0.0]
- [0.0, 0.0, 1.0, -0.5637062622150182, 0.8259753325248723, 0.0, -0.8259753325248732,
  -0.5637062622150166, 0.0]
- [0.0, 0.0, 1.0, -0.5798145481265098, 0.8147484825274923, 0.0, -0.8147484825274895,
  -0.5798145481265137, 0.0]
- [0.0, 0.0, 1.0, -0.5956993044924372, 0.8032075314806421, 0.0, -0.8032075314806448,
  -0.5956993044924334, 0.0]
- [0.0, 0.0, 1.0, -0.6113544074368166, 0.7913569286406603, 0.0, -0.7913569286406602,
  -0.6113544074368165, 0.0]
- [0.0, 0.0, 1.0, -0.6267738216194667, 0.779201242640519, 0.0, -0.7792012426405167,
  -0.6267738216194695, 0.0]
- [0.0, 0.0, 1.0, -0.6419516025627027, 0.7667451597285618, 0.0, -0.7667451597285614,
  -0.6419516025627031, 0.0]
- [0.0, 0.0, 1.0, -0.6568818989430432, 0.753993481961868, 0.0, -0.7539934819618695,
  -0.6568818989430413, 0.0]
- [0.0, 0.0, 1.0, -0.6715589548470196, 0.7409511253549582, 0.0, -0.740951125354959,
  -0.6715589548470183, 0.0]
- [0.0, 0.0, 1.0, -0.6859771119901896, 0.7276231179845778, 0.0, -0.7276231179845748,
  -0.6859771119901927, 0.0]
- [0.0, 0.0, 1.0, -0.7001308118985241, 0.7140145980512678, 0.0, -0.7140145980512682,
  -0.7001308118985236, 0.0]
- [0.0, 0.0, 1.0, -0.7140145980512701, 0.7001308118985218, 0.0, -0.7001308118985237,
  -0.7140145980512682, 0.0]
- [0.0, 0.0, 1.0, -0.7276231179845732, 0.6859771119901944, 0.0, -0.6859771119901928,
  -0.7276231179845748, 0.0]
- [0.0, 0.0, 1.0, -0.7409511253549603, 0.671558954847017, 0.0, -0.6715589548470183,
  -0.740951125354959, 0.0]
- [0.0, 0.0, 1.0, -0.7539934819618702, 0.6568818989430406, 0.0, -0.6568818989430415,
  -0.7539934819618693, 0.0]
- [0.0, 0.0, 1.0, -0.7667451597285615, 0.6419516025627031, 0.0, -0.6419516025627032,
  -0.7667451597285613, 0.0]
- [0.0, 0.0, 1.0, -0.7792012426405168, 0.6267738216194695, 0.0, -0.6267738216194695,
  -0.7792012426405166, 0.0]
- [0.0, 0.0, 1.0, -0.7913569286406597, 0.6113544074368171, 0.0, -0.6113544074368165,
  -0.7913569286406602, 0.0]
- [0.0, 0.0, 1.0, -0.8032075314806426, 0.5956993044924365, 0.0, -0.5956993044924334,
  -0.8032075314806448, 0.0]
- [0.0, 0.0, 1.0, -0.8147484825274935, 0.579814548126508, 0.0, -0.5798145481265138,
  -0.8147484825274893, 0.0]
- [0.0, 0.0, 1.0, -0.8259753325248694, 0.5637062622150222, 0.0, -0.5637062622150169,
  -0.8259753325248732, 0.0]
- [0.0, 0.0, 1.0, -0.8368837533084099, 0.5473806568087954, 0.0, -0.5473806568087967,
  -0.8368837533084094, 0.0]
- [0.0, 0.0, 1.0, -0.8474695394742354, 0.530844025739508, 0.0, -0.5308440257395096,
  -0.8474695394742343, 0.0]
- [0.0, 0.0, 1.0, -0.8577286100002719, 0.5141027441932219, 0.0, -0.5141027441932218,
  -0.8577286100002721, 0.0]
- [0.0, 0.0, 1.0, -0.8676570098195446, 0.4971632662526533, 0.0, -0.49716326625265433,
  -0.8676570098195441, 0.0]
- [0.0, 0.0, 1.0, -0.8772509113449222, 0.4800321224090148, 0.0, -0.4800321224090111,
  -0.8772509113449242, 0.0]
- [0.0, 0.0, 1.0, -0.8865066159447464, 0.4627159170443499, 0.0, -0.46271591704435,
  -0.8865066159447466, 0.0]
- [0.0, 0.0, 1.0, -0.8954205553686995, 0.4452213258854631, 0.0, -0.4452213258854683,
  -0.8954205553686969, 0.0]
- [0.0, 0.0, 1.0, -0.903989293123443, 0.42755509343028286, 0.0, -0.42755509343028225,
  -0.9039892931234432, 0.0]
- [0.0, 0.0, 1.0, -0.9122095257974673, 0.4097240303476961, 0.0, -0.40972403034769544,
  -0.9122095257974676, 0.0]
- [0.0, 0.0, 1.0, -0.9200780843345929, 0.3917350108519608, 0.0, -0.391735010851956,
  -0.9200780843345948, 0.0]
- [0.0, 0.0, 1.0, -0.9275919352557243, 0.3735949700525158, 0.0, -0.37359497005251635,
  -0.9275919352557241, 0.0]
- [0.0, 0.0, 1.0, -0.9347481818282936, 0.35531090128041287, 0.0, -0.35531090128041604,
  -0.9347481818282924, 0.0]
- [0.0, 0.0, 1.0, -0.9415440651830215, 0.3368898533922183, 0.0, -0.33688985339222005,
  -0.9415440651830207, 0.0]
- [0.0, 0.0, 1.0, -0.9479769653775109, 0.3183389280525484, 0.0, -0.3183389280525497,
  -0.9479769653775103, 0.0]
- [0.0, 0.0, 1.0, -0.9540444024062797, 0.29966527699625917, 0.0, -0.29966527699625667,
  -0.9540444024062804, 0.0]
- [0.0, 0.0, 1.0, -0.9597440371568559, 0.2808760992712976, 0.0, -0.28087609927129215,
  -0.9597440371568573, 0.0]
- [0.0, 0.0, 1.0, -0.9650736723115481, 0.26197863846333486, 0.0, -0.2619786384633376,
  -0.9650736723115474, 0.0]
- [0.0, 0.0, 1.0, -0.970031253194544, 0.2429801799032643, 0.0, -0.24298017990326404,
  -0.970031253194544, 0.0]
- [0.0, 0.0, 1.0, -0.9746148685640454, 0.2238880478584967, 0.0, -0.22388804785849836,
  -0.974614868564045, 0.0]
- [0.0, 0.0, 1.0, -0.9788227513490723, 0.20470960270938016, 0.0, -0.2047096027093796,
  -0.9788227513490723, 0.0]
- [0.0, 0.0, 1.0, -0.9826532793307106, 0.1854522381115972, 0.0, -0.18545223811159092,
  -0.9826532793307118, 0.0]
- [0.0, 0.0, 1.0, -0.9861049757675086, 0.16612337814576658, 0.0, -0.16612337814576547,
  -0.9861049757675089, 0.0]
- [0.0, 0.0, 1.0, -0.9891765099647813, 0.1467304744553594, 0.0, -0.14673047445536186,
  -0.989176509964781, 0.0]
- [0.0, 0.0, 1.0, -0.9918666977876269, 0.12728100337390558, 0.0, -0.1272810033739133,
  -0.9918666977876259, 0.0]
- [0.0, 0.0, 1.0, -0.9941745021174283, 0.10778246304275882, 0.0, -0.10778246304275947,
  -0.9941745021174282, 0.0]
- [0.0, 0.0, 1.0, -0.9960990332516872, 0.0882423705203696, 0.0, -0.08824237052036964,
  -0.9960990332516872, 0.0]
- [0.0, 0.0, 1.0, -0.9976395492470155, 0.06866825888437612, 0.0, -0.06866825888437376,
  -0.9976395492470157, 0.0]
- [0.0, 0.0, 1.0, -0.9987954562051724, 0.049067674327414455, 0.0, -0.049067674327418015,
  -0.9987954562051723, 0.0]
- [0.0, 0.0, 1.0, -0.9995663085020211, 0.029448173247968442, 0.0, -0.02944817324796317,
  -0.9995663085020212, 0.0]
- [0.0, 0.0, 1.0, -0.999951808959328, 0.009817319337149343, 0.0, -0.009817319337149624,
  -0.9999518089593281, 0.0]
- [0.0, 0.0, 1.0, -0.999951808959328, -0.009817319337149343, 0.0, 0.009817319337149502,
  -0.9999518089593281, 0.0]
- [0.0, 0.0, 1.0, -0.9995663085020211, -0.029448173247968765, 0.0, 0.029448173247962936,
  -0.9995663085020212, 0.0]
- [0.0, 0.0, 1.0, -0.9987954562051726, -0.049067674327413366, 0.0, 0.049067674327417904,
  -0.9987954562051725, 0.0]
- [0.0, 0.0, 1.0, -0.9976395492470155, -0.0686682588843769, 0.0, 0.06866825888437374,
  -0.9976395492470157, 0.0]
- [0.0, 0.0, 1.0, -0.9960990332516881, -0.08824237052036062, 0.0, 0.08824237052036951,
  -0.9960990332516872, 0.0]
- [0.0, 0.0, 1.0, -0.9941745021174273, -0.10778246304276781, 0.0, 0.10778246304275933,
  -0.9941745021174282, 0.0]
- [0.0, 0.0, 1.0, -0.9918666977876269, -0.12728100337390702, 0.0, 0.1272810033739131,
  -0.9918666977876262, 0.0]
- [0.0, 0.0, 1.0, -0.9891765099647813, -0.14673047445535922, 0.0, 0.1467304744553615,
  -0.989176509964781, 0.0]
- [0.0, 0.0, 1.0, -0.9861049757675077, -0.16612337814577186, 0.0, 0.16612337814576536,
  -0.9861049757675089, 0.0]
- [0.0, 0.0, 1.0, -0.9826532793307119, -0.18545223811159053, 0.0, 0.18545223811159092,
  -0.9826532793307118, 0.0]
- [0.0, 0.0, 1.0, -0.9788227513490723, -0.20470960270937968, 0.0, 0.20470960270937955,
  -0.9788227513490724, 0.0]
- [0.0, 0.0, 1.0, -0.9746148685640454, -0.22388804785849722, 0.0, 0.22388804785849828,
  -0.974614868564045, 0.0]
- [0.0, 0.0, 1.0, -0.9700312531945454, -0.2429801799032579, 0.0, 0.2429801799032638,
  -0.9700312531945441, 0.0]
- [0.0, 0.0, 1.0, -0.9650736723115473, -0.26197863846333813, 0.0, 0.2619786384633374,
  -0.9650736723115474, 0.0]
- [0.0, 0.0, 1.0, -0.9597440371568551, -0.28087609927130003, 0.0, 0.28087609927129215,
  -0.9597440371568573, 0.0]
- [0.0, 0.0, 1.0, -0.9540444024062823, -0.2996652769962509, 0.0, 0.29966527699625656,
  -0.9540444024062804, 0.0]
- [0.0, 0.0, 1.0, -0.9479769653775081, -0.3183389280525565, 0.0, 0.31833892805254965,
  -0.9479769653775105, 0.0]
- [0.0, 0.0, 1.0, -0.941544065183023, -0.33688985339221383, 0.0, 0.33688985339221983,
  -0.9415440651830209, 0.0]
- [0.0, 0.0, 1.0, -0.9347481818282934, -0.35531090128041326, 0.0, 0.355310901280416,
  -0.9347481818282924, 0.0]
- [0.0, 0.0, 1.0, -0.9275919352557224, -0.3735949700525205, 0.0, 0.37359497005251635,
  -0.9275919352557241, 0.0]
- [0.0, 0.0, 1.0, -0.9200780843345934, -0.39173501085196, 0.0, 0.39173501085195594,
  -0.9200780843345948, 0.0]
- [0.0, 0.0, 1.0, -0.9122095257974717, -0.4097240303476861, 0.0, 0.4097240303476951,
  -0.9122095257974678, 0.0]
- [0.0, 0.0, 1.0, -0.9039892931234403, -0.4275550934302885, 0.0, 0.4275550934302818,
  -0.9039892931234434, 0.0]
- [0.0, 0.0, 1.0, -0.8954205553686976, -0.44522132588546676, 0.0, 0.44522132588546814,
  -0.895420555368697, 0.0]
- [0.0, 0.0, 1.0, -0.8865066159447494, -0.4627159170443444, 0.0, 0.4627159170443501,
  -0.8865066159447466, 0.0]
- [0.0, 0.0, 1.0, -0.8772509113449212, -0.4800321224090167, 0.0, 0.4800321224090113,
  -0.8772509113449242, 0.0]
- [0.0, 0.0, 1.0, -0.8676570098195452, -0.49716326625265234, 0.0, 0.49716326625265433,
  -0.8676570098195441, 0.0]
- [0.0, 0.0, 1.0, -0.8577286100002731, -0.51410274419322, 0.0, 0.5141027441932216,
  -0.8577286100002722, 0.0]
- [0.0, 0.0, 1.0, -0.8474695394742319, -0.5308440257395136, 0.0, 0.5308440257395092,
  -0.8474695394742346, 0.0]
- [0.0, 0.0, 1.0, -0.836883753308407, -0.5473806568088, 0.0, 0.5473806568087964, -0.8368837533084094,
  0.0]
- [0.0, 0.0, 1.0, -0.8259753325248778, -0.56370626221501, 0.0, 0.5637062622150166,
  -0.8259753325248732, 0.0]
- [0.0, 0.0, 1.0, -0.8147484825274864, -0.5798145481265178, 0.0, 0.5798145481265135,
  -0.8147484825274895, 0.0]
- [0.0, 0.0, 1.0, -0.8032075314806452, -0.5956993044924328, 0.0, 0.5956993044924332,
  -0.8032075314806448, 0.0]
- [0.0, 0.0, 1.0, -0.7913569286406633, -0.6113544074368122, 0.0, 0.6113544074368163,
  -0.7913569286406603, 0.0]
- [0.0, 0.0, 1.0, -0.779201242640515, -0.6267738216194716, 0.0, 0.6267738216194695,
  -0.7792012426405167, 0.0]
- [0.0, 0.0, 1.0, -0.766745159728559, -0.6419516025627063, 0.0, 0.6419516025627031,
  -0.7667451597285614, 0.0]
- [0.0, 0.0, 1.0, -0.7539934819618715, -0.6568818989430389, 0.0, 0.6568818989430413,
  -0.7539934819618694, 0.0]
- [0.0, 0.0, 1.0, -0.7409511253549568, -0.6715589548470211, 0.0, 0.6715589548470182,
  -0.7409511253549591, 0.0]
- [0.0, 0.0, 1.0, -0.7276231179845777, -0.6859771119901897, 0.0, 0.6859771119901925,
  -0.7276231179845749, 0.0]
- [0.0, 0.0, 1.0, -0.7140145980512677, -0.7001308118985242, 0.0, 0.7001308118985236,
  -0.7140145980512682, 0.0]
- [0.0, 0.0, 1.0, -0.7001308118985264, -0.7140145980512655, 0.0, 0.7140145980512682,
  -0.7001308118985236, 0.0]
- [0.0, 0.0, 1.0, -0.6859771119901896, -0.7276231179845778, 0.0, 0.7276231179845748,
  -0.6859771119901927, 0.0]
- [0.0, 0.0, 1.0, -0.6715589548470166, -0.7409511253549609, 0.0, 0.7409511253549591,
  -0.6715589548470186, 0.0]
- [0.0, 0.0, 1.0, -0.6568818989430485, -0.7539934819618631, 0.0, 0.7539934819618693,
  -0.6568818989430415, 0.0]
- [0.0, 0.0, 1.0, -0.6419516025626991, -0.7667451597285648, 0.0, 0.7667451597285613,
  -0.6419516025627033, 0.0]
- [0.0, 0.0, 1.0, -0.626773821619466, -0.7792012426405195, 0.0, 0.7792012426405166,
  -0.6267738216194696, 0.0]
- [0.0, 0.0, 1.0, -0.6113544074368201, -0.7913569286406572, 0.0, 0.7913569286406601,
  -0.6113544074368165, 0.0]
- [0.0, 0.0, 1.0, -0.5956993044924321, -0.8032075314806457, 0.0, 0.8032075314806447,
  -0.5956993044924335, 0.0]
- [0.0, 0.0, 1.0, -0.5798145481265137, -0.8147484825274895, 0.0, 0.8147484825274893,
  -0.5798145481265137, 0.0]
- [0.0, 0.0, 1.0, -0.5637062622150203, -0.8259753325248707, 0.0, 0.8259753325248732,
  -0.5637062622150169, 0.0]
- [0.0, 0.0, 1.0, -0.5473806568087937, -0.8368837533084112, 0.0, 0.8368837533084094,
  -0.5473806568087966, 0.0]
- [0.0, 0.0, 1.0, -0.5308440257395095, -0.8474695394742343, 0.0, 0.8474695394742344,
  -0.5308440257395094, 0.0]
- [0.0, 0.0, 1.0, -0.5141027441932219, -0.8577286100002719, 0.0, 0.8577286100002721,
  -0.5141027441932218, 0.0]
- [0.0, 0.0, 1.0, -0.4971632662526591, -0.8676570098195413, 0.0, 0.8676570098195441,
  -0.4971632662526545, 0.0]
- [0.0, 0.0, 1.0, -0.4800321224090079, -0.877250911344926, 0.0, 0.8772509113449242,
  -0.48003212240901144, 0.0]
- [0.0, 0.0, 1.0, -0.46271591704435144, -0.8865066159447458, 0.0, 0.8865066159447463,
  -0.46271591704435017, 0.0]
- [0.0, 0.0, 1.0, -0.44522132588546137, -0.8954205553687005, 0.0, 0.8954205553686969,
  -0.4452213258854682, 0.0]
- [0.0, 0.0, 1.0, -0.4275550934302885, -0.9039892931234403, 0.0, 0.9039892931234434,
  -0.4275550934302821, 0.0]
- [0.0, 0.0, 1.0, -0.40972403034769367, -0.9122095257974684, 0.0, 0.9122095257974676,
  -0.4097240303476953, 0.0]
- [0.0, 0.0, 1.0, -0.39173501085196, -0.9200780843345934, 0.0, 0.9200780843345948,
  -0.3917350108519561, 0.0]
- [0.0, 0.0, 1.0, -0.37359497005250886, -0.927591935255727, 0.0, 0.9275919352557239,
  -0.37359497005251663, 0.0]
- [0.0, 0.0, 1.0, -0.3553109012804175, -0.934748181828292, 0.0, 0.9347481818282923,
  -0.35531090128041637, 0.0]
- [0.0, 0.0, 1.0, -0.33688985339222466, -0.941544065183019, 0.0, 0.9415440651830207,
  -0.33688985339222005, 0.0]
- [0.0, 0.0, 1.0, -0.3183389280525449, -0.9479769653775119, 0.0, 0.9479769653775103,
  -0.3183389280525499, 0.0]
- [0.0, 0.0, 1.0, -0.2996652769962572, -0.9540444024062803, 0.0, 0.9540444024062804,
  -0.2996652769962566, 0.0]
- [0.0, 0.0, 1.0, -0.2808760992712947, -0.9597440371568567, 0.0, 0.9597440371568573,
  -0.2808760992712923, 0.0]
- [0.0, 0.0, 1.0, -0.2619786384633426, -0.9650736723115461, 0.0, 0.9650736723115474,
  -0.2619786384633376, 0.0]
- [0.0, 0.0, 1.0, -0.24298017990326112, -0.9700312531945448, 0.0, 0.9700312531945441,
  -0.24298017990326382, 0.0]
- [0.0, 0.0, 1.0, -0.22388804785849722, -0.9746148685640454, 0.0, 0.974614868564045,
  -0.22388804785849845, 0.0]
- [0.0, 0.0, 1.0, -0.20470960270938218, -0.9788227513490717, 0.0, 0.9788227513490723,
  -0.2047096027093798, 0.0]
- [0.0, 0.0, 1.0, -0.18545223811158848, -0.9826532793307122, 0.0, 0.9826532793307118,
  -0.18545223811159123, 0.0]
- [0.0, 0.0, 1.0, -0.16612337814576456, -0.9861049757675089, 0.0, 0.9861049757675087,
  -0.16612337814576564, 0.0]
- [0.0, 0.0, 1.0, -0.14673047445536677, -0.9891765099647802, 0.0, 0.9891765099647809,
  -0.14673047445536183, 0.0]
- [0.0, 0.0, 1.0, -0.12728100337390558, -0.9918666977876269, 0.0, 0.9918666977876262,
  -0.12728100337391318, 0.0]
- [0.0, 0.0, 1.0, -0.10778246304275996, -0.9941745021174281, 0.0, 0.9941745021174282,
  -0.10778246304275942, 0.0]
- [0.0, 0.0, 1.0, -0.08824237052036964, -0.9960990332516872, 0.0, 0.9960990332516872,
  -0.08824237052036969, 0.0]
- [0.0, 0.0, 1.0, -0.06866825888437765, -0.9976395492470154, 0.0, 0.9976395492470157,
  -0.06866825888437404, 0.0]
- [0.0, 0.0, 1.0, -0.04906767432741281, -0.9987954562051726, 0.0, 0.9987954562051723,
  -0.04906767432741819, 0.0]
- [0.0, 0.0, 1.0, -0.0294481732479691, -0.9995663085020211, 0.0, 0.9995663085020212,
  -0.029448173247963224, 0.0]
- [0.0, 0.0, 1.0, -0.009817319337149234, -0.999951808959328, 0.0, 0.9999518089593281,
  -0.009817319337149796, 0.0]
- [0.0, 0.0, 1.0, 0.009817319337149232, -0.999951808959328, 0.0, 0.9999518089593281,
  0.009817319337149553, 0.0]
- [0.0, 0.0, 1.0, 0.0294481732479691, -0.999566308502021, 0.0, 0.9995663085020212,
  0.029448173247962985, 0.0]
- [0.0, 0.0, 1.0, 0.04906767432741392, -0.9987954562051726, 0.0, 0.9987954562051725,
  0.04906767432741773, 0.0]
- [0.0, 0.0, 1.0, 0.06866825888436863, -0.9976395492470159, 0.0, 0.9976395492470157,
  0.06866825888437335, 0.0]
- [0.0, 0.0, 1.0, 0.0882423705203696, -0.9960990332516872, 0.0, 0.9960990332516872,
  0.088242370520369, 0.0]
- [0.0, 0.0, 1.0, 0.10778246304276423, -0.9941745021174276, 0.0, 0.9941745021174282,
  0.10778246304275915, 0.0]
- [0.0, 0.0, 1.0, 0.12728100337390558, -0.9918666977876269, 0.0, 0.9918666977876259,
  0.12728100337391332, 0.0]
- [0.0, 0.0, 1.0, 0.14673047445536103, -0.989176509964781, 0.0, 0.989176509964781,
  0.14673047445536178, 0.0]
- [0.0, 0.0, 1.0, 0.16612337814577352, -0.9861049757675073, 0.0, 0.9861049757675089,
  0.1661233781457654, 0.0]
- [0.0, 0.0, 1.0, 0.18545223811158826, -0.9826532793307122, 0.0, 0.9826532793307118,
  0.18545223811159095, 0.0]
- [0.0, 0.0, 1.0, 0.20470960270938196, -0.9788227513490719, 0.0, 0.9788227513490723,
  0.20470960270937957, 0.0]
- [0.0, 0.0, 1.0, 0.2238880478584977, -0.9746148685640452, 0.0, 0.974614868564045,
  0.2238880478584982, 0.0]
- [0.0, 0.0, 1.0, 0.24298017990326057, -0.9700312531945449, 0.0, 0.9700312531945441,
  0.24298017990326357, 0.0]
- [0.0, 0.0, 1.0, 0.26197863846333985, -0.9650736723115467, 0.0, 0.9650736723115475,
  0.26197863846333713, 0.0]
- [0.0, 0.0, 1.0, 0.2808760992712898, -0.9597440371568581, 0.0, 0.9597440371568575,
  0.2808760992712918, 0.0]
- [0.0, 0.0, 1.0, 0.29966527699625284, -0.9540444024062816, 0.0, 0.9540444024062806,
  0.29966527699625617, 0.0]
- [0.0, 0.0, 1.0, 0.31833892805255504, -0.9479769653775085, 0.0, 0.9479769653775105,
  0.3183389280525495, 0.0]
- [0.0, 0.0, 1.0, 0.33688985339221894, -0.941544065183021, 0.0, 0.9415440651830207,
  0.33688985339222005, 0.0]
- [0.0, 0.0, 1.0, 0.3553109012804163, -0.9347481818282923, 0.0, 0.9347481818282923,
  0.35531090128041626, 0.0]
- [0.0, 0.0, 1.0, 0.3735949700525167, -0.927591935255724, 0.0, 0.9275919352557239,
  0.3735949700525164, 0.0]
- [0.0, 0.0, 1.0, 0.3917350108519531, -0.9200780843345961, 0.0, 0.920078084334595,
  0.39173501085195583, 0.0]
- [0.0, 0.0, 1.0, 0.40972403034769367, -0.9122095257974684, 0.0, 0.9122095257974678,
  0.4097240303476951, 0.0]
- [0.0, 0.0, 1.0, 0.4275550934302793, -0.9039892931234447, 0.0, 0.9039892931234434,
  0.4275550934302818, 0.0]
- [0.0, 0.0, 1.0, 0.4452213258854758, -0.8954205553686931, 0.0, 0.895420555368697,
  0.44522132588546803, 0.0]
- [0.0, 0.0, 1.0, 0.4627159170443465, -0.8865066159447483, 0.0, 0.8865066159447466,
  0.46271591704434983, 0.0]
- [0.0, 0.0, 1.0, 0.4800321224090148, -0.8772509113449222, 0.0, 0.8772509113449245,
  0.4800321224090107, 0.0]
- [0.0, 0.0, 1.0, 0.49716326625264834, -0.8676570098195474, 0.0, 0.8676570098195441,
  0.49716326625265433, 0.0]
- [0.0, 0.0, 1.0, 0.5141027441932267, -0.8577286100002691, 0.0, 0.8577286100002719,
  0.5141027441932219, 0.0]
- [0.0, 0.0, 1.0, 0.5308440257395072, -0.847469539474236, 0.0, 0.8474695394742343,
  0.5308440257395096, 0.0]
- [0.0, 0.0, 1.0, 0.5473806568087956, -0.8368837533084099, 0.0, 0.8368837533084094,
  0.5473806568087966, 0.0]
- [0.0, 0.0, 1.0, 0.5637062622150183, -0.8259753325248722, 0.0, 0.8259753325248732,
  0.5637062622150166, 0.0]
