nodes:
- [5.0000000000 0.0000000000 0.0]
- [4.9759236334 0.4900857016 0.0]
- [4.9039264020 0.9754516101 0.0]
- [4.7847016787 1.4514233863 0.0]
- [4.6193976626 1.9134171618 0.0]
- [4.4096063217 2.3569836841 0.0]
- [4.1573480615 2.7778511651 0.0]
- [3.8650522668 3.1719664208 0.0]
- [3.5355339059 3.5355339059 0.0]
- [3.1719664208 3.8650522668 0.0]
- [2.7778511651 4.1573480615 0.0]
- [2.3569836841 4.4096063217 0.0]
- [1.9134171618 4.6193976626 0.0]
- [1.4514233863 4.7847016787 0.0]
- [0.9754516101 4.9039264020 0.0]
- [0.4900857016 4.9759236334 0.0]
- [0.0000000000 5.0000000000 0.0]
- [-0.4900857016 4.9759236334 0.0]
- [-0.9754516101 4.9039264020 0.0]
- [-1.4514233863 4.7847016787 0.0]
- [-1.9134171618 4.6193976626 0.0]
- [-2.3569836841 4.4096063217 0.0]
- [-2.7778511651 4.1573480615 0.0]
- [-3.1719664208 3.8650522668 0.0]
- [-3.5355339059 3.5355339059 0.0]
- [-3.8650522668 3.1719664208 0.0]
- [-4.1573480615 2.7778511651 0.0]
- [-4.4096063217 2.3569836841 0.0]
- [-4.6193976626 1.9134171618 0.0]
- [-4.7847016787 1.4514233863 0.0]
- [-4.9039264020 0.9754516101 0.0]
- [-4.9759236334 0.4900857016 0.0]
- [-5.0000000000 0.0000000000 0.0]
- [-4.9759236334 -0.4900857016 0.0]
- [-4.9039264020 -0.9754516101 0.0]
- [-4.7847016787 -1.4514233863 0.0]
- [-4.6193976626 -1.9134171618 0.0]
- [-4.4096063217 -2.3569836841 0.0]
- [-4.1573480615 -2.7778511651 0.0]
- [-3.8650522668 -3.1719664208 0.0]
- [-3.5355339059 -3.5355339059 0.0]
- [-3.1719664208 -3.8650522668 0.0]
- [-2.7778511651 -4.1573480615 0.0]
- [-2.3569836841 -4.4096063217 0.0]
- [-1.9134171618 -4.6193976626 0.0]
- [-1.4514233863 -4.7847016787 0.0]
- [-0.9754516101 -4.9039264020 0.0]
- [-0.4900857016 -4.9759236334 0.0]
- [-0.0000000000 -5.0000000000 0.0]
- [0.4900857016 -4.9759236334 0.0]
- [0.9754516101 -4.9039264020 0.0]
- [1.4514233863 -4.7847016787 0.0]
- [1.9134171618 -4.6193976626 0.0]
- [2.3569836841 -4.4096063217 0.0]
- [2.7778511651 -4.1573480615 0.0]
- [3.1719664208 -3.8650522668 0.0]
- [3.5355339059 -3.5355339059 0.0]
- [3.8650522668 -3.1719664208 0.0]
- [4.1573480615 -2.7778511651 0.0]
- [4.4096063217 -2.3569836841 0.0]
- [4.6193976626 -1.9134171618 0.0]
- [4.7847016787 -1.4514233863 0.0]
- [4.9039264020 -0.9754516101 0.0]
- [4.9759236334 -0.4900857016 0.0]
elements:
- [1 2]
- [2 3]
- [3 4]
- [4 5]
- [5 6]
- [6 7]
- [7 8]
- [8 9]
- [9 10]
- [10 11]
- [11 12]
- [12 13]
- [13 14]
- [14 15]
- [15 16]
- [16 17]
- [17 18]
- [18 19]
- [19 20]
- [20 21]
- [21 22]
- [22 23]
- [23 24]
- [24 25]
- [25 26]
- [26 27]
- [27 28]
- [28 29]
- [29 30]
- [30 31]
- [31 32]
- [32 33]
- [33 34]
- [34 35]
- [35 36]
- [36 37]
- [37 38]
- [38 39]
- [39 40]
- [40 41]
- [41 42]
- [42 43]
- [43 44]
- [44 45]
- [45 46]
- [46 47]
- [47 48]
- [48 49]
- [49 50]
- [50 51]
- [51 52]
- [52 53]
- [53 54]
- [54 55]
- [55 56]
- [56 57]
- [57 58]
- [58 59]
- [59 60]
- [60 61]
- [61 62]
- [62 63]
- [63 64]
- [64 1]
sets:
  element:
  - name: tube
    labels:
    - 1
    - 2
    - 3
    - 4
    - 5
    - 6
    - 7
    - 8
    - 9
    - 10
    - 11
    - 12
    - 13
    - 14
    - 15
    - 16
    - 17
    - 18
    - 19
    - 20
    - 21
    - 22
    - 23
    - 24
    - 25
    - 26
    - 27
    - 28
    - 29
    - 30
    - 31
    - 32
    - 33
    - 34
    - 35
    - 36
    - 37
    - 38
    - 39
    - 40
    - 41
    - 42
    - 43
    - 44
    - 45
    - 46
    - 47
    - 48
    - 49
    - 50
    - 51
    - 52
    - 53
    - 54
    - 55
    - 56
    - 57
    - 58
    - 59
    - 60
    - 61
    - 62
    - 63
    - 64
sections:
- type: shell
  elementSet: tube
  layup:
  - - mat
    - 0.2
    - 0.0
materials:
- name: mat
  density: 1860.0
  elastic:
    E:
    - 3440000000.0
    - 3440000000.0
    - 3440000000.0
    G:
    - 1323076923.0769231
    - 1323076923.0769231
    - 1323076923.0769231
    nu:
    - 0.3
    - 0.3
    - 0.3
elementOrientations:
- [0.0, 0.0, 1.0, -0.04906767432741713, 0.9987954562051724, 0.0, -0.9987954562051724,
  -0.049067674327418015, 0.0]
- [0.0, 0.0, 1.0, -0.14673047445536283, 0.9891765099647808, 0.0, -0.9891765099647809,
  -0.14673047445536175, 0.0]
- [0.0, 0.0, 1.0, -0.24298017990326456, 0.9700312531945439, 0.0, -0.9700312531945441,
  -0.24298017990326387, 0.0]
- [0.0, 0.0, 1.0, -0.3368898533922188, 0.9415440651830211, 0.0, -0.9415440651830209,
  -0.33688985339222005, 0.0]
- [0.0, 0.0, 1.0, -0.42755509343028164, 0.9039892931234434, 0.0, -0.9039892931234432,
  -0.42755509343028203, 0.0]
- [0.0, 0.0, 1.0, -0.5141027441932224, 0.8577286100002717, 0.0, -0.857728610000272,
  -0.5141027441932218, 0.0]
- [0.0, 0.0, 1.0, -0.595699304492433, 0.8032075314806452, 0.0, -0.8032075314806449,
  -0.5956993044924334, 0.0]
- [0.0, 0.0, 1.0, -0.6715589548470183, 0.7409511253549591, 0.0, -0.740951125354959,
  -0.6715589548470184, 0.0]
- [0.0, 0.0, 1.0, -0.7409511253549595, 0.6715589548470179, 0.0, -0.6715589548470184,
  -0.740951125354959, 0.0]
- [0.0, 0.0, 1.0, -0.8032075314806444, 0.595699304492434, 0.0, -0.5956993044924334,
  -0.8032075314806448, 0.0]
- [0.0, 0.0, 1.0, -0.8577286100002722, 0.5141027441932216, 0.0, -0.5141027441932218,
  -0.857728610000272, 0.0]
- [0.0, 0.0, 1.0, -0.9039892931234431, 0.42755509343028264, 0.0, -0.4275550934302822,
  -0.9039892931234432, 0.0]
- [0.0, 0.0, 1.0, -0.9415440651830207, 0.3368898533922203, 0.0, -0.3368898533922201,
  -0.9415440651830209, 0.0]
- [0.0, 0.0, 1.0, -0.9700312531945442, 0.2429801799032631, 0.0, -0.24298017990326387,
  -0.9700312531945441, 0.0]
- [0.0, 0.0, 1.0, -0.989176509964781, 0.1467304744553612, 0.0, -0.1467304744553619,
  -0.9891765099647809, 0.0]
- [0.0, 0.0, 1.0, -0.9987954562051723, 0.04906767432741888, 0.0, -0.049067674327418126,
  -0.9987954562051724, 0.0]
- [0.0, 0.0, 1.0, -0.9987954562051724, -0.04906767432741707, 0.0, 0.049067674327418,
  -0.9987954562051724, 0.0]
- [0.0, 0.0, 1.0, -0.9891765099647808, -0.146730474455363, 0.0, 0.14673047445536175,
  -0.9891765099647809, 0.0]
- [0.0, 0.0, 1.0, -0.9700312531945442, -0.2429801799032632, 0.0, 0.24298017990326376,
  -0.9700312531945441, 0.0]
- [0.0, 0.0, 1.0, -0.9415440651830208, -0.33688985339222016, 0.0, 0.33688985339221994,
  -0.9415440651830209, 0.0]
- [0.0, 0.0, 1.0, -0.9039892931234438, -0.427555093430281, 0.0, 0.42755509343028203,
  -0.9039892931234432, 0.0]
- [0.0, 0.0, 1.0, -0.8577286100002709, -0.5141027441932237, 0.0, 0.5141027441932218,
  -0.8577286100002721, 0.0]
- [0.0, 0.0, 1.0, -0.8032075314806455, -0.5956993044924324, 0.0, 0.5956993044924331,
  -0.803207531480645, 0.0]
- [0.0, 0.0, 1.0, -0.7409511253549591, -0.6715589548470183, 0.0, 0.6715589548470183,
  -0.7409511253549592, 0.0]
- [0.0, 0.0, 1.0, -0.6715589548470189, -0.7409511253549587, 0.0, 0.740951125354959,
  -0.6715589548470184, 0.0]
- [0.0, 0.0, 1.0, -0.595699304492433, -0.8032075314806452, 0.0, 0.8032075314806449,
  -0.5956993044924334, 0.0]
- [0.0, 0.0, 1.0, -0.5141027441932219, -0.857728610000272, 0.0, 0.857728610000272,
  -0.5141027441932218, 0.0]
- [0.0, 0.0, 1.0, -0.4275550934302828, -0.903989293123443, 0.0, 0.9039892931234432,
  -0.4275550934302822, 0.0]
- [0.0, 0.0, 1.0, -0.3368898533922188, -0.9415440651830211, 0.0, 0.9415440651830209,
  -0.33688985339222016, 0.0]
- [0.0, 0.0, 1.0, -0.24298017990326526, -0.9700312531945436, 0.0, 0.9700312531945439,
  -0.24298017990326407, 0.0]
- [0.0, 0.0, 1.0, -0.14673047445536086, -0.9891765099647811, 0.0, 0.9891765099647809,
  -0.14673047445536205, 0.0]
- [0.0, 0.0, 1.0, -0.04906767432741888, -0.9987954562051723, 0.0, 0.9987954562051724,
  -0.04906767432741818, 0.0]
- [0.0, 0.0, 1.0, 0.04906767432741707, -0.9987954562051724, 0.0, 0.9987954562051724,
  0.049067674327417946, 0.0]
- [0.0, 0.0, 1.0, 0.14673047445536264, -0.9891765099647809, 0.0, 0.9891765099647809,
  0.14673047445536178, 0.0]
- [0.0, 0.0, 1.0, 0.2429801799032637, -0.970031253194544, 0.0, 0.9700312531945441,
  0.2429801799032638, 0.0]
- [0.0, 0.0, 1.0, 0.33688985339222016, -0.9415440651830208, 0.0, 0.9415440651830209,
  0.3368898533922199, 0.0]
- [0.0, 0.0, 1.0, 0.42755509343028114, -0.9039892931234438, 0.0, 0.9039892931234432,
  0.427555093430282, 0.0]
- [0.0, 0.0, 1.0, 0.5141027441932219, -0.857728610000272, 0.0, 0.8577286100002721,
  0.5141027441932216, 0.0]
- [0.0, 0.0, 1.0, 0.595699304492434, -0.8032075314806444, 0.0, 0.8032075314806452,
  0.5956993044924331, 0.0]
- [0.0, 0.0, 1.0, 0.671558954847017, -0.7409511253549604, 0.0, 0.7409511253549592,
  0.6715589548470182, 0.0]
- [0.0, 0.0, 1.0, 0.7409511253549592, -0.6715589548470182, 0.0, 0.6715589548470187,
  0.7409511253549589, 0.0]
- [0.0, 0.0, 1.0, 0.8032075314806452, -0.595699304492433, 0.0, 0.5956993044924336,
  0.8032075314806448, 0.0]
- [0.0, 0.0, 1.0, 0.857728610000272, -0.5141027441932219, 0.0, 0.5141027441932218,
  0.857728610000272, 0.0]
- [0.0, 0.0, 1.0, 0.9039892931234436, -0.42755509343028153, 0.0, 0.4275550934302826,
  0.9039892931234432, 0.0]
- [0.0, 0.0, 1.0, 0.9415440651830206, -0.3368898533922207, 0.0, 0.3368898533922204,
  0.9415440651830207, 0.0]
- [0.0, 0.0, 1.0, 0.9700312531945441, -0.24298017990326354, 0.0, 0.24298017990326415,
  0.9700312531945439, 0.0]
- [0.0, 0.0, 1.0, 0.9891765099647807, -0.14673047445536377, 0.0, 0.1467304744553619,
  0.9891765099647809, 0.0]
- [0.0, 0.0, 1.0, 0.9987954562051724, -0.0490676743274173, 0.0, 0.04906767432741803,
  0.9987954562051724, 0.0]
- [0.0, 0.0, 1.0, 0.9987954562051724, 0.049067674327417286, 0.0, -0.04906767432741766,
  0.9987954562051724, 0.0]
- [0.0, 0.0, 1.0, 0.9891765099647809, 0.146730474455362, 0.0, -0.1467304744553615,
  0.9891765099647809, 0.0]
- [0.0, 0.0, 1.0, 0.9700312531945441, 0.24298017990326365, 0.0, -0.24298017990326376,
  0.9700312531945441, 0.0]
- [0.0, 0.0, 1.0, 0.9415440651830206, 0.33688985339222044, 0.0, -0.33688985339222005,
  0.9415440651830209, 0.0]
- [0.0, 0.0, 1.0, 0.9039892931234437, 0.4275550934302814, 0.0, -0.4275550934302822,
  0.9039892931234434, 0.0]
- [0.0, 0.0, 1.0, 0.8577286100002717, 0.5141027441932223, 0.0, -0.5141027441932214,
  0.8577286100002721, 0.0]
- [0.0, 0.0, 1.0, 0.8032075314806454, 0.5956993044924326, 0.0, -0.5956993044924332,
  0.803207531480645, 0.0]
- [0.0, 0.0, 1.0, 0.7409511253549593, 0.6715589548470182, 0.0, -0.6715589548470184,
  0.7409511253549591, 0.0]
- [0.0, 0.0, 1.0, 0.6715589548470177, 0.7409511253549597, 0.0, -0.7409511253549589,
  0.6715589548470188, 0.0]
- [0.0, 0.0, 1.0, 0.5956993044924342, 0.8032075314806443, 0.0, -0.8032075314806448,
  0.5956993044924336, 0.0]
- [0.0, 0.0, 1.0, 0.514102744193221, 0.8577286100002725, 0.0, -0.857728610000272,
  0.5141027441932218, 0.0]
- [0.0, 0.0, 1.0, 0.42755509343028303, 0.9039892931234428, 0.0, -0.9039892931234432,
  0.4275550934302826, 0.0]
- [0.0, 0.0, 1.0, 0.3368898533922206, 0.9415440651830206, 0.0, -0.9415440651830207,
  0.3368898533922205, 0.0]
- [0.0, 0.0, 1.0, 0.2429801799032636, 0.9700312531945441, 0.0, -0.9700312531945439,
  0.24298017990326423, 0.0]
- [0.0, 0.0, 1.0, 0.14673047445536375, 0.9891765099647807, 0.0, -0.9891765099647809,
  0.14673047445536194, 0.0]
- [0.0, 0.0, 1.0, 0.04906767432741718, 0.9987954562051725, 0.0, -0.9987954562051724,
  0.04906767432741796, 0.0]
