# garg caseC [0/core/0] sandwich, S = a/h = 10 -- 3-D DISPLACEMENT recovery, Yu-2003 Eq. 65
# plate part u^2d from: ABAQUS RM-shell job garg_caseC_S10.dat  (harmonic fit residual 3.20e-08)
# stations: U1, U2 at x = 0 (cos peak); U3 at x = a/2 (sin peak)
# 
# U_1 = U - x3 (p W) + w1 ; U_2 = V + w2 ; U_3 = W + w3   (Kirchhoff
# composition -- the raw warping tilt carries the mean shear; z*phi
# would double-count it, see msgrm_warping_at_depth)
#   plate DOF amplitudes [U, V, W, F1, F2] = [0, 0, 0.000111333, -6.00244e-05, 0]
#   (rotations F1/F2 are fitted and recorded but the composition
#    needs only U, V, W; Abaqus map phi1 = UR2, phi2 = -UR1; the
#    rigid-body constants of the deck's pins are fitted out -- the
#    exact solution carries the zero-span-average gauge)
#   strain amplitudes Es = [0, 0, 0, 0.000188572, 0, 0]
#   warping arguments: E6,1 = p Es at x = 0 ; E6 = Es and
#   E6,11 = -p^2 Es at x = a/2
# 
# gauge check: <U1_exact> over the thickness = 1.853641e-08 vs plate u0 = 0.000000e+00
# 
# rel L2 errors vs exact 3-D [%]:  U1   0.9657   U2   0.0000 (U2_exact ~ 0: denominator floored at 1e-3 ||U1||)   U3   1.6373
# 
# columns: z[m]  U1_rec U1_exact  U2_rec U2_exact  U3_rec U3_exact  [m]
  -5.000000e-02    4.395175e-06    4.361032e-06   -1.062769e-20    0.000000e+00    1.114215e-04    1.092606e-04
  -4.987500e-02    4.351468e-06    4.318133e-06   -1.062769e-20    0.000000e+00    1.114204e-04    1.092610e-04
  -4.975000e-02    4.307770e-06    4.275247e-06   -1.062769e-20    0.000000e+00    1.114194e-04    1.092615e-04
  -4.962500e-02    4.264082e-06    4.232375e-06   -1.062769e-20    0.000000e+00    1.114183e-04    1.092619e-04
  -4.950000e-02    4.220403e-06    4.189517e-06   -1.062769e-20    0.000000e+00    1.114172e-04    1.092624e-04
  -4.937500e-02    4.176734e-06    4.146673e-06   -1.062769e-20    0.000000e+00    1.114161e-04    1.092628e-04
  -4.925000e-02    4.133075e-06    4.103841e-06   -1.062769e-20    0.000000e+00    1.114151e-04    1.092633e-04
  -4.912500e-02    4.089425e-06    4.061023e-06   -1.062769e-20    0.000000e+00    1.114140e-04    1.092637e-04
  -4.900000e-02    4.045785e-06    4.018219e-06   -1.062769e-20    0.000000e+00    1.114129e-04    1.092641e-04
  -4.887500e-02    4.002154e-06    3.975427e-06   -1.062769e-20    0.000000e+00    1.114118e-04    1.092645e-04
  -4.875000e-02    3.958532e-06    3.932648e-06   -1.062769e-20    0.000000e+00    1.114108e-04    1.092650e-04
  -4.862500e-02    3.914920e-06    3.889881e-06   -1.062769e-20    0.000000e+00    1.114097e-04    1.092654e-04
  -4.850000e-02    3.871318e-06    3.847127e-06   -1.062769e-20    0.000000e+00    1.114086e-04    1.092658e-04
  -4.837500e-02    3.827725e-06    3.804386e-06   -1.062769e-20    0.000000e+00    1.114075e-04    1.092662e-04
  -4.825000e-02    3.784141e-06    3.761657e-06   -1.062769e-20    0.000000e+00    1.114065e-04    1.092666e-04
  -4.812500e-02    3.740567e-06    3.718940e-06   -1.062769e-20    0.000000e+00    1.114054e-04    1.092670e-04
  -4.800000e-02    3.697001e-06    3.676235e-06   -1.062769e-20    0.000000e+00    1.114043e-04    1.092674e-04
  -4.787500e-02    3.653446e-06    3.633541e-06   -1.062769e-20    0.000000e+00    1.114032e-04    1.092678e-04
  -4.775000e-02    3.609899e-06    3.590860e-06   -1.062769e-20    0.000000e+00    1.114021e-04    1.092681e-04
  -4.762500e-02    3.566362e-06    3.548190e-06   -1.062769e-20    0.000000e+00    1.114010e-04    1.092685e-04
  -4.750000e-02    3.522834e-06    3.505532e-06   -1.062769e-20    0.000000e+00    1.114000e-04    1.092689e-04
  -4.737500e-02    3.479315e-06    3.462885e-06   -1.062769e-20    0.000000e+00    1.113989e-04    1.092693e-04
  -4.725000e-02    3.435805e-06    3.420249e-06   -1.062769e-20    0.000000e+00    1.113978e-04    1.092696e-04
  -4.712500e-02    3.392305e-06    3.377624e-06   -1.062769e-20    0.000000e+00    1.113967e-04    1.092700e-04
  -4.700000e-02    3.348813e-06    3.335010e-06   -1.062769e-20    0.000000e+00    1.113956e-04    1.092703e-04
  -4.687500e-02    3.305331e-06    3.292407e-06   -1.062769e-20    0.000000e+00    1.113945e-04    1.092707e-04
  -4.675000e-02    3.261858e-06    3.249814e-06   -1.062769e-20    0.000000e+00    1.113934e-04    1.092710e-04
  -4.662500e-02    3.218393e-06    3.207232e-06   -1.062769e-20    0.000000e+00    1.113923e-04    1.092714e-04
  -4.650000e-02    3.174938e-06    3.164660e-06   -1.062769e-20    0.000000e+00    1.113912e-04    1.092717e-04
  -4.637500e-02    3.131492e-06    3.122099e-06   -1.062769e-20    0.000000e+00    1.113901e-04    1.092721e-04
  -4.625000e-02    3.088055e-06    3.079547e-06   -1.062769e-20    0.000000e+00    1.113891e-04    1.092724e-04
  -4.612500e-02    3.044627e-06    3.037006e-06   -1.062769e-20    0.000000e+00    1.113880e-04    1.092727e-04
  -4.600000e-02    3.001207e-06    2.994474e-06   -1.062769e-20    0.000000e+00    1.113869e-04    1.092730e-04
  -4.587500e-02    2.957797e-06    2.951952e-06   -1.062769e-20    0.000000e+00    1.113858e-04    1.092733e-04
  -4.575000e-02    2.914396e-06    2.909439e-06   -1.062769e-20    0.000000e+00    1.113847e-04    1.092737e-04
  -4.562500e-02    2.871003e-06    2.866936e-06   -1.062769e-20    0.000000e+00    1.113836e-04    1.092740e-04
  -4.550000e-02    2.827619e-06    2.824442e-06   -1.062769e-20    0.000000e+00    1.113825e-04    1.092743e-04
  -4.537500e-02    2.784244e-06    2.781957e-06   -1.062769e-20    0.000000e+00    1.113814e-04    1.092746e-04
  -4.525000e-02    2.740878e-06    2.739481e-06   -1.062769e-20    0.000000e+00    1.113803e-04    1.092749e-04
  -4.512500e-02    2.697521e-06    2.697014e-06   -1.062769e-20    0.000000e+00    1.113792e-04    1.092751e-04
  -4.500000e-02    2.654172e-06    2.654556e-06   -1.062769e-20    0.000000e+00    1.113781e-04    1.092754e-04
  -4.487500e-02    2.610832e-06    2.612106e-06   -1.062769e-20    0.000000e+00    1.113770e-04    1.092757e-04
  -4.475000e-02    2.567501e-06    2.569665e-06   -1.062769e-20    0.000000e+00    1.113759e-04    1.092760e-04
  -4.462500e-02    2.524178e-06    2.527232e-06   -1.062769e-20    0.000000e+00    1.113748e-04    1.092763e-04
  -4.450000e-02    2.480864e-06    2.484807e-06   -1.062769e-20    0.000000e+00    1.113736e-04    1.092765e-04
  -4.437500e-02    2.437559e-06    2.442390e-06   -1.062769e-20    0.000000e+00    1.113725e-04    1.092768e-04
  -4.425000e-02    2.394262e-06    2.399981e-06   -1.062769e-20    0.000000e+00    1.113714e-04    1.092771e-04
  -4.412500e-02    2.350974e-06    2.357580e-06   -1.062769e-20    0.000000e+00    1.113703e-04    1.092773e-04
  -4.400000e-02    2.307694e-06    2.315187e-06   -1.062769e-20    0.000000e+00    1.113692e-04    1.092776e-04
  -4.387500e-02    2.264423e-06    2.272800e-06   -1.062769e-20    0.000000e+00    1.113681e-04    1.092778e-04
  -4.375000e-02    2.221161e-06    2.230422e-06   -1.062769e-20    0.000000e+00    1.113670e-04    1.092780e-04
  -4.362500e-02    2.177906e-06    2.188050e-06   -1.062769e-20    0.000000e+00    1.113659e-04    1.092783e-04
  -4.350000e-02    2.134661e-06    2.145685e-06   -1.062769e-20    0.000000e+00    1.113648e-04    1.092785e-04
  -4.337500e-02    2.091423e-06    2.103328e-06   -1.062769e-20    0.000000e+00    1.113637e-04    1.092787e-04
  -4.325000e-02    2.048195e-06    2.060977e-06   -1.062769e-20    0.000000e+00    1.113625e-04    1.092790e-04
  -4.312500e-02    2.004974e-06    2.018633e-06   -1.062769e-20    0.000000e+00    1.113614e-04    1.092792e-04
  -4.300000e-02    1.961762e-06    1.976295e-06   -1.062769e-20    0.000000e+00    1.113603e-04    1.092794e-04
  -4.287500e-02    1.918558e-06    1.933964e-06   -1.062769e-20    0.000000e+00    1.113592e-04    1.092796e-04
  -4.275000e-02    1.875363e-06    1.891639e-06   -1.062769e-20    0.000000e+00    1.113581e-04    1.092798e-04
  -4.262500e-02    1.832175e-06    1.849320e-06   -1.062769e-20    0.000000e+00    1.113570e-04    1.092800e-04
  -4.250000e-02    1.788996e-06    1.807006e-06   -1.062769e-20    0.000000e+00    1.113559e-04    1.092802e-04
  -4.237500e-02    1.745826e-06    1.764699e-06   -1.062769e-20    0.000000e+00    1.113547e-04    1.092804e-04
  -4.225000e-02    1.702663e-06    1.722398e-06   -1.062769e-20    0.000000e+00    1.113536e-04    1.092806e-04
  -4.212500e-02    1.659509e-06    1.680102e-06   -1.062769e-20    0.000000e+00    1.113525e-04    1.092808e-04
  -4.200000e-02    1.616363e-06    1.637811e-06   -1.062769e-20    0.000000e+00    1.113514e-04    1.092810e-04
  -4.187500e-02    1.573225e-06    1.595526e-06   -1.062769e-20    0.000000e+00    1.113503e-04    1.092811e-04
  -4.175000e-02    1.530095e-06    1.553246e-06   -1.062769e-20    0.000000e+00    1.113491e-04    1.092813e-04
  -4.162500e-02    1.486973e-06    1.510971e-06   -1.062769e-20    0.000000e+00    1.113480e-04    1.092815e-04
  -4.150000e-02    1.443859e-06    1.468701e-06   -1.062769e-20    0.000000e+00    1.113469e-04    1.092816e-04
  -4.137500e-02    1.400753e-06    1.426435e-06   -1.062769e-20    0.000000e+00    1.113458e-04    1.092818e-04
  -4.125000e-02    1.357656e-06    1.384174e-06   -1.062769e-20    0.000000e+00    1.113446e-04    1.092820e-04
  -4.112500e-02    1.314566e-06    1.341918e-06   -1.062769e-20    0.000000e+00    1.113435e-04    1.092821e-04
  -4.100000e-02    1.271484e-06    1.299666e-06   -1.062769e-20    0.000000e+00    1.113424e-04    1.092823e-04
  -4.087500e-02    1.228410e-06    1.257418e-06   -1.062769e-20    0.000000e+00    1.113413e-04    1.092824e-04
  -4.075000e-02    1.185344e-06    1.215174e-06   -1.062769e-20    0.000000e+00    1.113401e-04    1.092825e-04
  -4.062500e-02    1.142286e-06    1.172934e-06   -1.062769e-20    0.000000e+00    1.113390e-04    1.092827e-04
  -4.050000e-02    1.099236e-06    1.130698e-06   -1.062769e-20    0.000000e+00    1.113379e-04    1.092828e-04
  -4.037500e-02    1.056194e-06    1.088465e-06   -1.062769e-20    0.000000e+00    1.113367e-04    1.092829e-04
  -4.025000e-02    1.013159e-06    1.046236e-06   -1.062769e-20    0.000000e+00    1.113356e-04    1.092830e-04
  -4.012500e-02    9.701325e-07    1.004011e-06   -1.062769e-20    0.000000e+00    1.113345e-04    1.092832e-04
  -4.000000e-02    9.271135e-07    9.617883e-07   -1.062769e-20    0.000000e+00    1.113333e-04    1.092833e-04
  -4.000000e-02    9.271135e-07    9.617883e-07   -1.062769e-20    0.000000e+00    1.113333e-04    1.092833e-04
  -3.900000e-02    9.023080e-07    9.380477e-07   -1.062769e-20    0.000000e+00    1.113325e-04    1.092845e-04
  -3.800000e-02    8.776261e-07    9.143525e-07   -1.062769e-20    0.000000e+00    1.113317e-04    1.092859e-04
  -3.700000e-02    8.530646e-07    8.907007e-07   -1.062769e-20    0.000000e+00    1.113309e-04    1.092875e-04
  -3.600000e-02    8.286204e-07    8.670905e-07   -1.062769e-20    0.000000e+00    1.113302e-04    1.092894e-04
  -3.500000e-02    8.042904e-07    8.435201e-07   -1.062769e-20    0.000000e+00    1.113295e-04    1.092913e-04
  -3.400000e-02    7.800713e-07    8.199877e-07   -1.062769e-20    0.000000e+00    1.113287e-04    1.092935e-04
  -3.300000e-02    7.559599e-07    7.964914e-07   -1.062769e-20    0.000000e+00    1.113280e-04    1.092959e-04
  -3.200000e-02    7.319532e-07    7.730293e-07   -1.062769e-20    0.000000e+00    1.113274e-04    1.092984e-04
  -3.100000e-02    7.080479e-07    7.495996e-07   -1.062769e-20    0.000000e+00    1.113267e-04    1.093012e-04
  -3.000000e-02    6.842408e-07    7.262005e-07   -1.062769e-20    0.000000e+00    1.113261e-04    1.093041e-04
  -2.900000e-02    6.605289e-07    7.028302e-07   -1.062769e-20    0.000000e+00    1.113255e-04    1.093072e-04
  -2.800000e-02    6.369088e-07    6.794868e-07   -1.062769e-20    0.000000e+00    1.113249e-04    1.093105e-04
  -2.700000e-02    6.133776e-07    6.561685e-07   -1.062769e-20    0.000000e+00    1.113243e-04    1.093140e-04
  -2.600000e-02    5.899319e-07    6.328734e-07   -1.062769e-20    0.000000e+00    1.113237e-04    1.093177e-04
  -2.500000e-02    5.665686e-07    6.095998e-07   -1.062769e-20    0.000000e+00    1.113232e-04    1.093215e-04
  -2.400000e-02    5.432846e-07    5.863458e-07   -1.062769e-20    0.000000e+00    1.113227e-04    1.093256e-04
  -2.300000e-02    5.200766e-07    5.631095e-07   -1.062769e-20    0.000000e+00    1.113222e-04    1.093298e-04
  -2.200000e-02    4.969416e-07    5.398893e-07   -1.062769e-20    0.000000e+00    1.113217e-04    1.093343e-04
  -2.100000e-02    4.738763e-07    5.166831e-07   -1.062769e-20    0.000000e+00    1.113213e-04    1.093389e-04
  -2.000000e-02    4.508775e-07    4.934892e-07   -1.062769e-20    0.000000e+00    1.113208e-04    1.093437e-04
  -1.900000e-02    4.279422e-07    4.703059e-07   -1.062769e-20    0.000000e+00    1.113204e-04    1.093487e-04
  -1.800000e-02    4.050671e-07    4.471312e-07   -1.062769e-20    0.000000e+00    1.113200e-04    1.093538e-04
  -1.700000e-02    3.822490e-07    4.239633e-07   -1.062769e-20    0.000000e+00    1.113197e-04    1.093592e-04
  -1.600000e-02    3.594848e-07    4.008004e-07   -1.062769e-20    0.000000e+00    1.113193e-04    1.093648e-04
  -1.500000e-02    3.367714e-07    3.776407e-07   -1.062769e-20    0.000000e+00    1.113190e-04    1.093705e-04
  -1.400000e-02    3.141054e-07    3.544824e-07   -1.062769e-20    0.000000e+00    1.113187e-04    1.093764e-04
  -1.300000e-02    2.914839e-07    3.313237e-07   -1.062769e-20    0.000000e+00    1.113184e-04    1.093826e-04
  -1.200000e-02    2.689036e-07    3.081627e-07   -1.062769e-20    0.000000e+00    1.113181e-04    1.093889e-04
  -1.100000e-02    2.463613e-07    2.849976e-07   -1.062769e-20    0.000000e+00    1.113179e-04    1.093954e-04
  -1.000000e-02    2.238539e-07    2.618265e-07   -1.062769e-20    0.000000e+00    1.113177e-04    1.094020e-04
  -9.000000e-03    2.013781e-07    2.386477e-07   -1.062769e-20    0.000000e+00    1.113175e-04    1.094089e-04
  -8.000000e-03    1.789309e-07    2.154594e-07   -1.062769e-20    0.000000e+00    1.113173e-04    1.094160e-04
  -7.000000e-03    1.565091e-07    1.922597e-07   -1.062769e-20    0.000000e+00    1.113171e-04    1.094232e-04
  -6.000000e-03    1.341095e-07    1.690467e-07   -1.062769e-20    0.000000e+00    1.113170e-04    1.094307e-04
  -5.000000e-03    1.117288e-07    1.458188e-07   -1.062769e-20    0.000000e+00    1.113169e-04    1.094383e-04
  -4.000000e-03    8.936404e-08    1.225739e-07   -1.062769e-20    0.000000e+00    1.113168e-04    1.094461e-04
  -3.000000e-03    6.701193e-08    9.931042e-08   -1.062769e-20    0.000000e+00    1.113167e-04    1.094541e-04
  -2.000000e-03    4.466934e-08    7.602639e-08   -1.062769e-20    0.000000e+00    1.113167e-04    1.094623e-04
  -1.000000e-03    2.233308e-08    5.272001e-08   -1.062769e-20    0.000000e+00    1.113166e-04    1.094706e-04
   0.000000e+00    5.102483e-19    2.938946e-08   -1.062769e-20    0.000000e+00    1.113166e-04    1.094792e-04
   1.000000e-03   -2.233308e-08    6.032911e-09   -1.062769e-20    0.000000e+00    1.113166e-04    1.094880e-04
   2.000000e-03   -4.466934e-08   -1.735148e-08   -1.062769e-20    0.000000e+00    1.113167e-04    1.094969e-04
   3.000000e-03   -6.701193e-08   -4.076554e-08   -1.062769e-20    0.000000e+00    1.113167e-04    1.095060e-04
   4.000000e-03   -8.936404e-08   -6.421110e-08   -1.062769e-20    0.000000e+00    1.113168e-04    1.095153e-04
   5.000000e-03   -1.117288e-07   -8.769001e-08   -1.062769e-20    0.000000e+00    1.113169e-04    1.095248e-04
   6.000000e-03   -1.341095e-07   -1.112041e-07   -1.062769e-20    0.000000e+00    1.113170e-04    1.095345e-04
   7.000000e-03   -1.565091e-07   -1.347552e-07   -1.062769e-20    0.000000e+00    1.113171e-04    1.095444e-04
   8.000000e-03   -1.789309e-07   -1.583452e-07   -1.062769e-20    0.000000e+00    1.113173e-04    1.095545e-04
   9.000000e-03   -2.013781e-07   -1.819759e-07   -1.062769e-20    0.000000e+00    1.113175e-04    1.095647e-04
   1.000000e-02   -2.238539e-07   -2.056491e-07   -1.062769e-20    0.000000e+00    1.113177e-04    1.095752e-04
   1.100000e-02   -2.463613e-07   -2.293668e-07   -1.062769e-20    0.000000e+00    1.113179e-04    1.095858e-04
   1.200000e-02   -2.689036e-07   -2.531307e-07   -1.062769e-20    0.000000e+00    1.113181e-04    1.095966e-04
   1.300000e-02   -2.914839e-07   -2.769427e-07   -1.062769e-20    0.000000e+00    1.113184e-04    1.096076e-04
   1.400000e-02   -3.141054e-07   -3.008047e-07   -1.062769e-20    0.000000e+00    1.113187e-04    1.096188e-04
   1.500000e-02   -3.367714e-07   -3.247185e-07   -1.062769e-20    0.000000e+00    1.113190e-04    1.096302e-04
   1.600000e-02   -3.594848e-07   -3.486860e-07   -1.062769e-20    0.000000e+00    1.113193e-04    1.096417e-04
   1.700000e-02   -3.822490e-07   -3.727091e-07   -1.062769e-20    0.000000e+00    1.113197e-04    1.096535e-04
   1.800000e-02   -4.050671e-07   -3.967895e-07   -1.062769e-20    0.000000e+00    1.113200e-04    1.096654e-04
   1.900000e-02   -4.279422e-07   -4.209293e-07   -1.062769e-20    0.000000e+00    1.113204e-04    1.096776e-04
   2.000000e-02   -4.508775e-07   -4.451302e-07   -1.062769e-20    0.000000e+00    1.113208e-04    1.096899e-04
   2.100000e-02   -4.738763e-07   -4.693942e-07   -1.062769e-20    0.000000e+00    1.113213e-04    1.097024e-04
   2.200000e-02   -4.969416e-07   -4.937231e-07   -1.062769e-20    0.000000e+00    1.113217e-04    1.097151e-04
   2.300000e-02   -5.200766e-07   -5.181188e-07   -1.062769e-20    0.000000e+00    1.113222e-04    1.097280e-04
   2.400000e-02   -5.432846e-07   -5.425832e-07   -1.062769e-20    0.000000e+00    1.113227e-04    1.097411e-04
   2.500000e-02   -5.665686e-07   -5.671181e-07   -1.062769e-20    0.000000e+00    1.113232e-04    1.097543e-04
   2.600000e-02   -5.899319e-07   -5.917256e-07   -1.062769e-20    0.000000e+00    1.113237e-04    1.097678e-04
   2.700000e-02   -6.133776e-07   -6.164074e-07   -1.062769e-20    0.000000e+00    1.113243e-04    1.097814e-04
   2.800000e-02   -6.369088e-07   -6.411654e-07   -1.062769e-20    0.000000e+00    1.113249e-04    1.097952e-04
   2.900000e-02   -6.605289e-07   -6.660017e-07   -1.062769e-20    0.000000e+00    1.113255e-04    1.098092e-04
   3.000000e-02   -6.842408e-07   -6.909181e-07   -1.062769e-20    0.000000e+00    1.113261e-04    1.098234e-04
   3.100000e-02   -7.080479e-07   -7.159164e-07   -1.062769e-20    0.000000e+00    1.113267e-04    1.098378e-04
   3.200000e-02   -7.319532e-07   -7.409987e-07   -1.062769e-20    0.000000e+00    1.113274e-04    1.098524e-04
   3.300000e-02   -7.559599e-07   -7.661668e-07   -1.062769e-20    0.000000e+00    1.113280e-04    1.098671e-04
   3.400000e-02   -7.800713e-07   -7.914227e-07   -1.062769e-20    0.000000e+00    1.113287e-04    1.098821e-04
   3.500000e-02   -8.042904e-07   -8.167683e-07   -1.062769e-20    0.000000e+00    1.113295e-04    1.098972e-04
   3.600000e-02   -8.286204e-07   -8.422056e-07   -1.062769e-20    0.000000e+00    1.113302e-04    1.099125e-04
   3.700000e-02   -8.530646e-07   -8.677364e-07   -1.062769e-20    0.000000e+00    1.113309e-04    1.099281e-04
   3.800000e-02   -8.776261e-07   -8.933627e-07   -1.062769e-20    0.000000e+00    1.113317e-04    1.099438e-04
   3.900000e-02   -9.023080e-07   -9.190865e-07   -1.062769e-20    0.000000e+00    1.113325e-04    1.099596e-04
   4.000000e-02   -9.271135e-07   -9.449098e-07   -1.062769e-20    0.000000e+00    1.113333e-04    1.099757e-04
   4.000000e-02   -9.271135e-07   -9.449098e-07   -1.062769e-20    0.000000e+00    1.113333e-04    1.099757e-04
   4.012500e-02   -9.701325e-07   -9.874040e-07   -1.062769e-20    0.000000e+00    1.113345e-04    1.099757e-04
   4.025000e-02   -1.013159e-06   -1.029901e-06   -1.062769e-20    0.000000e+00    1.113356e-04    1.099757e-04
   4.037500e-02   -1.056194e-06   -1.072402e-06   -1.062769e-20    0.000000e+00    1.113367e-04    1.099757e-04
   4.050000e-02   -1.099236e-06   -1.114907e-06   -1.062769e-20    0.000000e+00    1.113379e-04    1.099757e-04
   4.062500e-02   -1.142286e-06   -1.157415e-06   -1.062769e-20    0.000000e+00    1.113390e-04    1.099757e-04
   4.075000e-02   -1.185344e-06   -1.199926e-06   -1.062769e-20    0.000000e+00    1.113401e-04    1.099757e-04
   4.087500e-02   -1.228410e-06   -1.242442e-06   -1.062769e-20    0.000000e+00    1.113413e-04    1.099757e-04
   4.100000e-02   -1.271484e-06   -1.284962e-06   -1.062769e-20    0.000000e+00    1.113424e-04    1.099756e-04
   4.112500e-02   -1.314566e-06   -1.327486e-06   -1.062769e-20    0.000000e+00    1.113435e-04    1.099756e-04
   4.125000e-02   -1.357656e-06   -1.370014e-06   -1.062769e-20    0.000000e+00    1.113446e-04    1.099756e-04
   4.137500e-02   -1.400753e-06   -1.412547e-06   -1.062769e-20    0.000000e+00    1.113458e-04    1.099755e-04
   4.150000e-02   -1.443859e-06   -1.455085e-06   -1.062769e-20    0.000000e+00    1.113469e-04    1.099755e-04
   4.162500e-02   -1.486973e-06   -1.497627e-06   -1.062769e-20    0.000000e+00    1.113480e-04    1.099754e-04
   4.175000e-02   -1.530095e-06   -1.540174e-06   -1.062769e-20    0.000000e+00    1.113491e-04    1.099754e-04
   4.187500e-02   -1.573225e-06   -1.582726e-06   -1.062769e-20    0.000000e+00    1.113503e-04    1.099753e-04
   4.200000e-02   -1.616363e-06   -1.625283e-06   -1.062769e-20    0.000000e+00    1.113514e-04    1.099753e-04
   4.212500e-02   -1.659509e-06   -1.667846e-06   -1.062769e-20    0.000000e+00    1.113525e-04    1.099752e-04
   4.225000e-02   -1.702663e-06   -1.710414e-06   -1.062769e-20    0.000000e+00    1.113536e-04    1.099751e-04
   4.237500e-02   -1.745826e-06   -1.752988e-06   -1.062769e-20    0.000000e+00    1.113547e-04    1.099751e-04
   4.250000e-02   -1.788996e-06   -1.795567e-06   -1.062769e-20    0.000000e+00    1.113559e-04    1.099750e-04
   4.262500e-02   -1.832175e-06   -1.838152e-06   -1.062769e-20    0.000000e+00    1.113570e-04    1.099749e-04
   4.275000e-02   -1.875363e-06   -1.880744e-06   -1.062769e-20    0.000000e+00    1.113581e-04    1.099748e-04
   4.287500e-02   -1.918558e-06   -1.923341e-06   -1.062769e-20    0.000000e+00    1.113592e-04    1.099747e-04
   4.300000e-02   -1.961762e-06   -1.965945e-06   -1.062769e-20    0.000000e+00    1.113603e-04    1.099746e-04
   4.312500e-02   -2.004974e-06   -2.008555e-06   -1.062769e-20    0.000000e+00    1.113614e-04    1.099745e-04
   4.325000e-02   -2.048195e-06   -2.051171e-06   -1.062769e-20    0.000000e+00    1.113625e-04    1.099744e-04
   4.337500e-02   -2.091423e-06   -2.093794e-06   -1.062769e-20    0.000000e+00    1.113637e-04    1.099743e-04
   4.350000e-02   -2.134661e-06   -2.136424e-06   -1.062769e-20    0.000000e+00    1.113648e-04    1.099742e-04
   4.362500e-02   -2.177906e-06   -2.179062e-06   -1.062769e-20    0.000000e+00    1.113659e-04    1.099741e-04
   4.375000e-02   -2.221161e-06   -2.221706e-06   -1.062769e-20    0.000000e+00    1.113670e-04    1.099740e-04
   4.387500e-02   -2.264423e-06   -2.264357e-06   -1.062769e-20    0.000000e+00    1.113681e-04    1.099738e-04
   4.400000e-02   -2.307694e-06   -2.307016e-06   -1.062769e-20    0.000000e+00    1.113692e-04    1.099737e-04
   4.412500e-02   -2.350974e-06   -2.349682e-06   -1.062769e-20    0.000000e+00    1.113703e-04    1.099736e-04
   4.425000e-02   -2.394262e-06   -2.392356e-06   -1.062769e-20    0.000000e+00    1.113714e-04    1.099734e-04
   4.437500e-02   -2.437559e-06   -2.435038e-06   -1.062769e-20    0.000000e+00    1.113725e-04    1.099733e-04
   4.450000e-02   -2.480864e-06   -2.477727e-06   -1.062769e-20    0.000000e+00    1.113736e-04    1.099731e-04
   4.462500e-02   -2.524178e-06   -2.520425e-06   -1.062769e-20    0.000000e+00    1.113748e-04    1.099730e-04
   4.475000e-02   -2.567501e-06   -2.563131e-06   -1.062769e-20    0.000000e+00    1.113759e-04    1.099728e-04
   4.487500e-02   -2.610832e-06   -2.605845e-06   -1.062769e-20    0.000000e+00    1.113770e-04    1.099727e-04
   4.500000e-02   -2.654172e-06   -2.648568e-06   -1.062769e-20    0.000000e+00    1.113781e-04    1.099725e-04
   4.512500e-02   -2.697521e-06   -2.691299e-06   -1.062769e-20    0.000000e+00    1.113792e-04    1.099723e-04
   4.525000e-02   -2.740878e-06   -2.734039e-06   -1.062769e-20    0.000000e+00    1.113803e-04    1.099722e-04
   4.537500e-02   -2.784244e-06   -2.776788e-06   -1.062769e-20    0.000000e+00    1.113814e-04    1.099720e-04
   4.550000e-02   -2.827619e-06   -2.819546e-06   -1.062769e-20    0.000000e+00    1.113825e-04    1.099718e-04
   4.562500e-02   -2.871003e-06   -2.862313e-06   -1.062769e-20    0.000000e+00    1.113836e-04    1.099716e-04
   4.575000e-02   -2.914396e-06   -2.905089e-06   -1.062769e-20    0.000000e+00    1.113847e-04    1.099714e-04
   4.587500e-02   -2.957797e-06   -2.947875e-06   -1.062769e-20    0.000000e+00    1.113858e-04    1.099712e-04
   4.600000e-02   -3.001207e-06   -2.990670e-06   -1.062769e-20    0.000000e+00    1.113869e-04    1.099710e-04
   4.612500e-02   -3.044627e-06   -3.033476e-06   -1.062769e-20    0.000000e+00    1.113880e-04    1.099708e-04
   4.625000e-02   -3.088055e-06   -3.076291e-06   -1.062769e-20    0.000000e+00    1.113891e-04    1.099706e-04
   4.637500e-02   -3.131492e-06   -3.119116e-06   -1.062769e-20    0.000000e+00    1.113901e-04    1.099704e-04
   4.650000e-02   -3.174938e-06   -3.161951e-06   -1.062769e-20    0.000000e+00    1.113912e-04    1.099702e-04
   4.662500e-02   -3.218393e-06   -3.204796e-06   -1.062769e-20    0.000000e+00    1.113923e-04    1.099699e-04
   4.675000e-02   -3.261858e-06   -3.247652e-06   -1.062769e-20    0.000000e+00    1.113934e-04    1.099697e-04
   4.687500e-02   -3.305331e-06   -3.290518e-06   -1.062769e-20    0.000000e+00    1.113945e-04    1.099695e-04
   4.700000e-02   -3.348813e-06   -3.333395e-06   -1.062769e-20    0.000000e+00    1.113956e-04    1.099692e-04
   4.712500e-02   -3.392305e-06   -3.376283e-06   -1.062769e-20    0.000000e+00    1.113967e-04    1.099690e-04
   4.725000e-02   -3.435805e-06   -3.419182e-06   -1.062769e-20    0.000000e+00    1.113978e-04    1.099688e-04
   4.737500e-02   -3.479315e-06   -3.462092e-06   -1.062769e-20    0.000000e+00    1.113989e-04    1.099685e-04
   4.750000e-02   -3.522834e-06   -3.505013e-06   -1.062769e-20    0.000000e+00    1.114000e-04    1.099682e-04
   4.762500e-02   -3.566362e-06   -3.547945e-06   -1.062769e-20    0.000000e+00    1.114010e-04    1.099680e-04
   4.775000e-02   -3.609899e-06   -3.590889e-06   -1.062769e-20    0.000000e+00    1.114021e-04    1.099677e-04
   4.787500e-02   -3.653446e-06   -3.633845e-06   -1.062769e-20    0.000000e+00    1.114032e-04    1.099675e-04
   4.800000e-02   -3.697001e-06   -3.676812e-06   -1.062769e-20    0.000000e+00    1.114043e-04    1.099672e-04
   4.812500e-02   -3.740567e-06   -3.719792e-06   -1.062769e-20    0.000000e+00    1.114054e-04    1.099669e-04
   4.825000e-02   -3.784141e-06   -3.762783e-06   -1.062769e-20    0.000000e+00    1.114065e-04    1.099666e-04
   4.837500e-02   -3.827725e-06   -3.805787e-06   -1.062769e-20    0.000000e+00    1.114075e-04    1.099663e-04
   4.850000e-02   -3.871318e-06   -3.848803e-06   -1.062769e-20    0.000000e+00    1.114086e-04    1.099660e-04
   4.862500e-02   -3.914920e-06   -3.891831e-06   -1.062769e-20    0.000000e+00    1.114097e-04    1.099658e-04
   4.875000e-02   -3.958532e-06   -3.934873e-06   -1.062769e-20    0.000000e+00    1.114108e-04    1.099655e-04
   4.887500e-02   -4.002154e-06   -3.977926e-06   -1.062769e-20    0.000000e+00    1.114118e-04    1.099651e-04
   4.900000e-02   -4.045785e-06   -4.020993e-06   -1.062769e-20    0.000000e+00    1.114129e-04    1.099648e-04
   4.912500e-02   -4.089425e-06   -4.064073e-06   -1.062769e-20    0.000000e+00    1.114140e-04    1.099645e-04
   4.925000e-02   -4.133075e-06   -4.107166e-06   -1.062769e-20    0.000000e+00    1.114151e-04    1.099642e-04
   4.937500e-02   -4.176734e-06   -4.150272e-06   -1.062769e-20    0.000000e+00    1.114161e-04    1.099639e-04
   4.950000e-02   -4.220403e-06   -4.193392e-06   -1.062769e-20    0.000000e+00    1.114172e-04    1.099636e-04
   4.962500e-02   -4.264082e-06   -4.236526e-06   -1.062769e-20    0.000000e+00    1.114183e-04    1.099632e-04
   4.975000e-02   -4.307770e-06   -4.279673e-06   -1.062769e-20    0.000000e+00    1.114194e-04    1.099629e-04
   4.987500e-02   -4.351468e-06   -4.322834e-06   -1.062769e-20    0.000000e+00    1.114204e-04    1.099625e-04
   5.000000e-02   -4.395175e-06   -4.366009e-06   -1.062769e-20    0.000000e+00    1.114215e-04    1.099622e-04
