 
 The 6X6 Mass Matrix
 ========================================================
 
     4.5628465505E+02    0.0000000000E+00    0.0000000000E+00    0.0000000000E+00    1.0702866033E+01   -8.8580181025E+02
     0.0000000000E+00    4.5628465505E+02    0.0000000000E+00   -1.0702866033E+01    0.0000000000E+00    0.0000000000E+00
     0.0000000000E+00    0.0000000000E+00    4.5628465505E+02    8.8580181025E+02    0.0000000000E+00    0.0000000000E+00
     0.0000000000E+00   -1.0702866033E+01    8.8580181025E+02    2.6880281700E+03    0.0000000000E+00    0.0000000000E+00
     1.0702866033E+01    0.0000000000E+00    0.0000000000E+00    0.0000000000E+00    1.1065396816E+02   -3.6755881099E+01
    -8.8580181025E+02    0.0000000000E+00    0.0000000000E+00    0.0000000000E+00   -3.6755881099E+01    2.5773742018E+03
 
 The Mass Center of the Cross Section
 ========================================================
 
     1.9413359631E+00    2.3456554837E-02
 
 The 6X6 Mass Matrix at the Mass Center
 ========================================================
 
   4.562846550533E+02  0.000000000000E+00  0.000000000000E+00  0.000000000000E+00  0.000000000000E+00  0.000000000000E+00
   0.000000000000E+00  4.562846550533E+02  0.000000000000E+00  0.000000000000E+00  0.000000000000E+00  0.000000000000E+00
   0.000000000000E+00  0.000000000000E+00  4.562846550533E+02  0.000000000000E+00  0.000000000000E+00  0.000000000000E+00
   0.000000000000E+00  0.000000000000E+00  0.000000000000E+00  9.681382072253E+02  0.000000000000E+00  0.000000000000E+00
   0.000000000000E+00  0.000000000000E+00  0.000000000000E+00  0.000000000000E+00  1.104029158008E+02 -1.597802236168E+01
   0.000000000000E+00  0.000000000000E+00  0.000000000000E+00  0.000000000000E+00 -1.597802236168E+01  8.577352914246E+02
 
 The Mass Properties with respect to Principal Inertial Axes
 ========================================================
 
 Mass per unit span                     =    4.5628465505E+02
 Mass moment of inertia i11             =    9.6813820723E+02
 Principal mass moments of inertia i22  =    1.1006146049E+02
 Principal mass moments of inertia i33  =    8.5807674673E+02
 The principal inertial axes rotated from user coordinate system by 
   1.22424228860734      degrees about the positive direction of x1 axis.
 The mass-weighted radius of gyration   =    1.4566350238E+00
 
 The Geometric Center of the Cross Section
 ========================================================
 
     2.0347738349E+00    3.2393370714E-02
 
 The Area of the Cross Section
 ========================================================
 
 Area =    5.7547930864E-01
 
 Classical Stiffness Matrix (1-extension; 2-twist; 3,4-bending)
 ========================================================
 
     2.1149236790E+10    0.0000000000E+00    1.8523937769E+08   -3.0479839149E+10
     0.0000000000E+00    4.6769307948E+08    0.0000000000E+00    0.0000000000E+00
     1.8523937769E+08    0.0000000000E+00    7.1145774191E+09   -5.1818948951E+08
    -3.0479839149E+10    0.0000000000E+00   -5.1818948951E+08    6.2596958198E+10
 
 Classical Compliance Matrix (1-extension; 2-twist; 3,4-bending)
 ========================================================
 
     1.5854649048E-10    0.0000000000E+00    1.4957288336E-12    7.7212163939E-11
     0.0000000000E+00    2.1381543663E-09    0.0000000000E+00    0.0000000000E+00
     1.4957288336E-12    0.0000000000E+00    1.4065539493E-10    1.8926753785E-12
     7.7212163939E-11    0.0000000000E+00    1.8926753785E-12    5.3587190148E-11
 
 The Tension Center of the Cross Section
 ========================================================
 
     1.4411791523E+00    8.7586790734E-03
 
 The extension stiffness EA           2.1149236790E+10
 The torsional stiffness GJ           4.6769307948E+08
 Principal bending stiffness EI22     7.1074964246E+09
 Principal bending stiffness EI33     1.8675507992E+10
 The principal bending axes rotated from the user coordinate system by 
   1.24470310670828      degrees about the positive direction of x1 axis.
 
 Timoshenko Stiffness Matrix (1-extension; 2,3-shear, 4-twist; 5,6-bending)
 ========================================================
 
     2.1149236790E+10    0.0000000000E+00    0.0000000000E+00    0.0000000000E+00    1.8523937769E+08   -3.0479839149E+10
     0.0000000000E+00    5.1583647658E+08    5.4432569765E+06   -1.3774948658E+07    0.0000000000E+00    0.0000000000E+00
     0.0000000000E+00    5.4432569765E+06    2.0407871929E+08    2.3328775518E+08    0.0000000000E+00    0.0000000000E+00
     0.0000000000E+00   -1.3774948658E+07    2.3328775518E+08    7.3514589915E+08    0.0000000000E+00    0.0000000000E+00
     1.8523937769E+08    0.0000000000E+00    0.0000000000E+00    0.0000000000E+00    7.1145774191E+09   -5.1818948951E+08
    -3.0479839149E+10    0.0000000000E+00    0.0000000000E+00    0.0000000000E+00   -5.1818948951E+08    6.2596958198E+10
 
 Timoshenko Compliance Matrix (1-extension; 2,3-shear, 4-twist; 5,6-bending)
 ========================================================
 
     1.5854649048E-10    0.0000000000E+00    0.0000000000E+00    0.0000000000E+00    1.4957288336E-12    7.7212163939E-11
     0.0000000000E+00    1.9423597803E-09   -1.4658677471E-10    8.2912529244E-11    0.0000000000E+00    0.0000000000E+00
     0.0000000000E+00   -1.4658677471E-10    7.7005148468E-09   -2.4463920015E-09    0.0000000000E+00    0.0000000000E+00
     0.0000000000E+00    8.2912529244E-11   -2.4463920015E-09    2.1381543663E-09    0.0000000000E+00    0.0000000000E+00
     1.4957288336E-12    0.0000000000E+00    0.0000000000E+00    0.0000000000E+00    1.4065539493E-10    1.8926753785E-12
     7.7212163939E-11    0.0000000000E+00    0.0000000000E+00    0.0000000000E+00    1.8926753785E-12    5.3587190148E-11
 
 The Shear Center of the Cross Section in the User Coordinate System
 ========================================================
 
     1.1441606088E+00    3.8777616130E-02
 
 Principal shear stiffness GA22 =    2.0398370956E+08
 Principal shear stiffness GA33 =    5.1593148631E+08
 The principal shear axes rotated from user coordinate system by 
   90.9999718395841      degrees about the positive direction of x1 axis.
 
 Classical Stiffness Matrix at Shear Center (1-extension; 2-twist; 3,4-bending)
 ========================================================
 
     2.1149236790E+10    0.0000000000E+00   -6.3487760798E+08   -6.2817155080E+09
     0.0000000000E+00    4.6769307948E+08    0.0000000000E+00    0.0000000000E+00
    -6.3487760798E+08    0.0000000000E+00    7.1320133178E+09   -6.2655937756E+07
    -6.2817155080E+09    0.0000000000E+00   -6.2655937756E+07    2.0535835441E+10
 
 Classical Compliance Matrix at Shear Center (1-extension; 2-twist; 3,4-bending)
 ========================================================
 
     5.2170993437E-11    0.0000000000E+00    4.7844851312E-12    1.5973205273E-11
     0.0000000000E+00    2.1381543663E-09    0.0000000000E+00    0.0000000000E+00
     4.7844851312E-12    0.0000000000E+00    1.4065539493E-10    1.8926753785E-12
     1.5973205273E-11    0.0000000000E+00    1.8926753785E-12    5.3587190148E-11
