
 The 6X6 Mass Matrix
 ========================================================

     2.7158598236E+02    0.0000000000E+00    0.0000000000E+00    0.0000000000E+00    7.7953460533E+00   -4.0945370907E+00
     0.0000000000E+00    2.7158598236E+02    0.0000000000E+00   -7.7953460533E+00    0.0000000000E+00    0.0000000000E+00
     0.0000000000E+00    0.0000000000E+00    2.7158598236E+02    4.0945370907E+00    0.0000000000E+00    0.0000000000E+00
     0.0000000000E+00   -7.7953460533E+00    4.0945370907E+00    2.3894508971E+02    0.0000000000E+00    0.0000000000E+00
     7.7953460533E+00    0.0000000000E+00    0.0000000000E+00    0.0000000000E+00    2.5388786793E+01    1.4217178783E+01
    -4.0945370907E+00    0.0000000000E+00    0.0000000000E+00    0.0000000000E+00    1.4217178783E+01    2.1355630292E+02

 The Mass Center of the Cross Section
 ========================================================

     1.5076393322E-02    2.8703050082E-02

 The 6X6 Mass Matrix at the Mass Center
 ========================================================

   2.715859823585E+02  0.000000000000E+00  0.000000000000E+00  0.000000000000E+00  0.000000000000E+00  0.000000000000E+00
   0.000000000000E+00  2.715859823585E+02  0.000000000000E+00  0.000000000000E+00  0.000000000000E+00  0.000000000000E+00
   0.000000000000E+00  0.000000000000E+00  2.715859823585E+02  0.000000000000E+00  0.000000000000E+00  0.000000000000E+00
   0.000000000000E+00  0.000000000000E+00  0.000000000000E+00  2.386596086490E+02  0.000000000000E+00  0.000000000000E+00
   0.000000000000E+00  0.000000000000E+00  0.000000000000E+00  0.000000000000E+00  2.516503658465E+01  1.433470448578E+01
   0.000000000000E+00  0.000000000000E+00  0.000000000000E+00  0.000000000000E+00  1.433470448578E+01  2.134945720643E+02

 The Mass Properties with respect to Principal Inertial Axes
 ========================================================

 Mass per unit span                     =    2.7158598236E+02
 Mass moment of inertia i11             =    2.3865960865E+02
 Principal mass moments of inertia i22  =    2.4080199411E+01
 Principal mass moments of inertia i33  =    2.1457940924E+02
 The principal inertial axes rotated from user coordinate system by    175.67215814756958      degrees about the positive direction of x1 axis.
 The mass-weighted radius of gyration   =    9.3742339270E-01

 The Geometric Center of the Cross Section
 ========================================================

    -4.4086594379E-02    4.2672981934E-02

 The Area of the Cross Section
 ========================================================

 Area =    4.0346011271E-01

 Classical Stiffness Matrix (1-extension; 2-twist; 3,4-bending)
 ========================================================

     1.3082688863E+10    0.0000000000E+00    1.4345965587E+07   -3.5711027657E+09
     0.0000000000E+00    1.3157769625E+08    0.0000000000E+00    0.0000000000E+00
     1.4345965587E+07    0.0000000000E+00    1.6630291239E+09    2.5855045936E+08
    -3.5711027657E+09    0.0000000000E+00    2.5855045936E+08    5.1066629243E+09

 Classical Compliance Matrix (1-extension; 2-twist; 3,4-bending)
 ========================================================

     9.4676121870E-11    0.0000000000E+00   -1.1198075307E-11    6.6774218941E-11
     0.0000000000E+00    7.6000722652E-09    0.0000000000E+00    0.0000000000E+00
    -1.1198075307E-11    0.0000000000E+00    6.0740760269E-10   -3.8583904071E-11
     6.6774218941E-11    0.0000000000E+00   -3.8583904071E-11    2.4447148805E-10

 The Tension Center of the Cross Section
 ========================================================

     2.7296397577E-01    1.0965609392E-03

 The extension stiffness EA           1.3082688863E+10
 The torsional stiffness GJ           1.3157769625E+08
 Principal bending stiffness EI22     1.6354188941E+09
 Principal bending stiffness EI33     4.1594750140E+09
 The principal bending axes rotated from the user coordinate system by    173.99823617750701      degrees about the positive direction of x1 axis.

 Timoshenko Stiffness Matrix (1-extension; 2,3-shear, 4-twist; 5,6-bending)
 ========================================================

     1.3082688863E+10    0.0000000000E+00    0.0000000000E+00    0.0000000000E+00    1.4345965587E+07   -3.5711027657E+09
     0.0000000000E+00    4.5798883250E+08   -2.3551934467E+07   -2.1795975869E+07    0.0000000000E+00    0.0000000000E+00
     0.0000000000E+00   -2.3551934467E+07    1.0549929775E+08    5.0551071833E+07    0.0000000000E+00    0.0000000000E+00
     0.0000000000E+00   -2.1795975869E+07    5.0551071833E+07    1.5604378583E+08    0.0000000000E+00    0.0000000000E+00
     1.4345965587E+07    0.0000000000E+00    0.0000000000E+00    0.0000000000E+00    1.6630291239E+09    2.5855045936E+08
    -3.5711027657E+09    0.0000000000E+00    0.0000000000E+00    0.0000000000E+00    2.5855045936E+08    5.1066629243E+09

 Timoshenko Compliance Matrix (1-extension; 2,3-shear, 4-twist; 5,6-bending)
 ========================================================

     9.4676121870E-11    0.0000000000E+00    0.0000000000E+00    0.0000000000E+00   -1.1198075307E-11    6.6774218941E-11
     0.0000000000E+00    2.2129134497E-09    4.0947010316E-10    1.7644698508E-10    0.0000000000E+00    0.0000000000E+00
     0.0000000000E+00    4.0947010316E-10    1.1296208156E-08   -3.6022621886E-09    0.0000000000E+00    0.0000000000E+00
     0.0000000000E+00    1.7644698508E-10   -3.6022621886E-09    7.6000722652E-09    0.0000000000E+00    0.0000000000E+00
    -1.1198075307E-11    0.0000000000E+00    0.0000000000E+00    0.0000000000E+00    6.0740760269E-10   -3.8583904071E-11
     6.6774218941E-11    0.0000000000E+00    0.0000000000E+00    0.0000000000E+00   -3.8583904071E-11    2.4447148805E-10

 The Shear Center of the Cross Section in the User Coordinate System
 ========================================================

     4.7397736006E-01    2.3216487807E-02

 Principal shear stiffness GA22 =    1.0393261542E+08
 Principal shear stiffness GA33 =    4.5955551482E+08
 The principal shear axes rotated from user coordinate system by    86.194272931914199      degrees about the positive direction of x1 axis.
