# FEniCS-shell OML generalized-penalty f=0.10
2.830972260000000000e+08 1.779776000000000000e+06 1.057630000000000000e+05 4.020484000000000000e+06 7.918753500000000000e+06 -6.712607250000000000e+07
1.779776000000000000e+06 6.943242500000000000e+07 -2.068023000000000000e+06 -2.325037000000000000e+06 -3.028872000000000000e+06 -9.843050000000000000e+05
1.057630000000000000e+05 -2.068023000000000000e+06 6.630847000000000000e+06 9.431930000000000000e+05 7.431700000000000000e+04 -4.292400000000000000e+04
4.020484000000000000e+06 -2.325037000000000000e+06 9.431930000000000000e+05 3.269183000000000000e+06 2.703260000000000000e+05 -4.267515000000000000e+05
7.918753500000000000e+06 -3.028872000000000000e+06 7.431700000000000000e+04 2.703260000000000000e+05 3.592682000000000000e+06 -4.390215000000000000e+05
-6.712607250000000000e+07 -9.843050000000000000e+05 -4.292400000000000000e+04 -4.267515000000000000e+05 -4.390215000000000000e+05 6.134664900000000000e+07
