# FEniCS-shell OML generalized-penalty f=0.30
8.535305080000000000e+08 6.626448000000000000e+06 1.306330000000000000e+05 1.159304000000000000e+07 2.344738850000000000e+07 -2.023031850000000000e+08
6.626448000000000000e+06 2.209926900000000000e+08 -7.246644000000000000e+06 -4.450807000000000000e+06 -7.557773000000000000e+06 -2.984327000000000000e+06
1.306330000000000000e+05 -7.246644000000000000e+06 1.832437700000000000e+07 2.417717000000000000e+06 2.129960000000000000e+05 -1.267630000000000000e+05
1.159304000000000000e+07 -4.450807000000000000e+06 2.417717000000000000e+06 8.877604000000000000e+06 7.056845000000000000e+05 -1.262813500000000000e+06
2.344738850000000000e+07 -7.557773000000000000e+06 2.129960000000000000e+05 7.056845000000000000e+05 9.945080000000000000e+06 -1.333929500000000000e+06
-2.023031850000000000e+08 -2.984327000000000000e+06 -1.267630000000000000e+05 -1.262813500000000000e+06 -1.333929500000000000e+06 1.845113350000000000e+08
