# JAX-RM OML f=0.30
8.503898863373113871e+08 1.827656779256846523e+06 8.816528020065078745e+05 1.197803093847639859e+07 2.411880706015817821e+07 -2.008083614426228404e+08
1.827656779256846523e+06 1.152249637718557119e+08 -2.696121487267300487e+06 -4.656841494415546767e+06 -4.718163366790113039e+06 -1.797091123943361919e+06
8.816528020065078745e+05 -2.696121487267300487e+06 1.208180183257659525e+07 2.242064794180169236e+06 1.482971096110098879e+05 6.218411527250215295e+04
1.197803093847639859e+07 -4.656841494415546767e+06 2.242064794180169236e+06 8.739792833868009970e+06 7.015854953019309323e+05 -1.293615060511288699e+06
2.411880706015817821e+07 -4.718163366790113039e+06 1.482971096110098879e+05 7.015854953019309323e+05 9.828745918719464913e+06 -1.530695578121938277e+06
-2.008083614426228404e+08 -1.797091123943361919e+06 6.218411527250215295e+04 -1.293615060511288699e+06 -1.530695578121938277e+06 1.834796211216646433e+08
