# mh104 JAX-Kirchhoff CCW k22=0 fixed-IML  f=1.00 ref=center  [EA,GA2,GA3,GJ,EI2,EI3]
2.697732358608841419e+09 8.118625292325720191e+06 -9.971414937487179413e+05 3.698396942232424021e+07 7.661800886699932814e+07 -6.471446890457233191e+08
8.118625292325720191e+06 7.666532518042469025e+08 -9.131203120252523571e+06 -2.998428257024338096e+07 -2.669980663878773898e+07 -9.130732834589745849e+06
-9.971414937487179413e+05 -9.131203120252523571e+06 6.718953289522711933e+07 6.556437613959932700e+06 -1.506701413648523740e+05 -2.168794325058057439e+06
3.698396942232424021e+07 -2.998428257024338096e+07 6.556437613959932700e+06 2.472281780116687715e+07 2.532950435909436084e+06 -3.148358948787770234e+06
7.661800886699932814e+07 -2.669980663878773898e+07 -1.506701413648523740e+05 2.532950435909436084e+06 2.390398065908442065e+07 -6.368618975775221363e+06
-6.471446890457233191e+08 -9.130732834589745849e+06 -2.168794325058057439e+06 -3.148358948787770234e+06 -6.368618975775221363e+06 5.931498378108056784e+08
