8.111499900000000000e+08 -2.393290000000000000e+05 -2.261695000000000000e+06 1.197153900000000000e+07 2.334338300000000000e+07 -1.864324810000000000e+08
-2.393290000000000000e+05 2.045916680000000000e+08 -2.577437000000000000e+06 -8.297516000000000000e+06 -8.704934000000000000e+06 8.888400000000000000e+04
-2.261695000000000000e+06 -2.577437000000000000e+06 1.720732600000000000e+07 1.349239000000000000e+06 -2.891200000000000000e+04 1.014868000000000000e+06
1.197153900000000000e+07 -8.297516000000000000e+06 1.349239000000000000e+06 9.089808000000000000e+06 8.342250000000000000e+05 -9.299920000000000000e+05
2.334338300000000000e+07 -8.704934000000000000e+06 -2.891200000000000000e+04 8.342250000000000000e+05 9.537819000000000000e+06 -3.138929000000000000e+06
-1.864324810000000000e+08 8.888400000000000000e+04 1.014868000000000000e+06 -9.299920000000000000e+05 -3.138929000000000000e+06 1.694729540000000000e+08
