# mh104 JAX-Kirchhoff CCW k22=0 fixed-IML  f=0.80 ref=IML  [EA,GA2,GA3,GJ,EI2,EI3]
2.110790409342344999e+09 8.433591900204231963e+06 1.904495065022894647e+06 3.390480588279093057e+07 5.937696921668484062e+07 -5.129786369395976067e+08
8.433591900204231963e+06 5.749266859282021523e+08 -4.800053232528429478e+07 -2.628681735245600715e+07 -1.946983890200741217e+07 -6.631450474320990033e+06
1.904495065022894647e+06 -4.800053232528429478e+07 -8.169246257015708834e+06 1.001722754075950477e+06 3.786860572618585080e+06 -7.189171987688897643e+05
3.390480588279093057e+07 -2.628681735245600715e+07 1.001722754075950477e+06 2.203568297840003297e+07 2.485459770517149009e+06 -2.888641946796876378e+06
5.937696921668484062e+07 -1.946983890200741217e+07 3.786860572618585080e+06 2.485459770517149009e+06 1.979751611387945712e+07 -4.522881714602025226e+06
-5.129786369395976067e+08 -6.631450474320990033e+06 -7.189171987688897643e+05 -2.888641946796876378e+06 -4.522881714602025226e+06 4.717966904927660823e+08
