2.012754236000000000e+09 -1.738744400000000000e+07 -4.178754000000000000e+06 3.463485550000000000e+07 6.104475700000000000e+07 -4.247929720000000000e+08
-1.738744400000000000e+07 3.991394720000000000e+08 1.013559350000000000e+07 -1.779600000000000000e+06 8.362680000000000000e+05 3.041490000000000000e+05
-4.178754000000000000e+06 1.013559350000000000e+07 3.423354600000000000e+07 -7.608330000000000000e+05 -1.909370000000000000e+05 1.757069000000000000e+06
3.463485550000000000e+07 -1.779600000000000000e+06 -7.608330000000000000e+05 2.063654900000000000e+07 2.967439000000000000e+06 -1.282652500000000000e+06
6.104475700000000000e+07 8.362680000000000000e+05 -1.909370000000000000e+05 2.967439000000000000e+06 2.202450600000000000e+07 -6.098626000000000000e+06
-4.247929720000000000e+08 3.041490000000000000e+05 1.757069000000000000e+06 -1.282652500000000000e+06 -6.098626000000000000e+06 3.973675410000000000e+08
