# mh104 JAX-Kirchhoff CCW k22=0 fixed-IML  f=1.00 ref=IML  [EA,GA2,GA3,GJ,EI2,EI3]
2.615789809606865406e+09 9.157782521731842309e+06 2.238026129538801499e+06 4.162418412373694032e+07 7.421464738004140556e+07 -6.332036988366777897e+08
9.157782521731842309e+06 7.167909127881958485e+08 -6.699847454821301997e+07 -3.329516278249221295e+07 -2.339151259110090509e+07 -7.131944450742166489e+06
2.238026129538801499e+06 -6.699847454821301997e+07 -4.372743694043965638e+07 -6.235887378343659220e+05 4.896941078485124744e+06 1.692852702497234568e+06
4.162418412373694032e+07 -3.329516278249221295e+07 -6.235887378343659220e+05 2.596012092184584588e+07 2.978649186315001454e+06 -3.090829147566004191e+06
7.421464738004140556e+07 -2.339151259110090509e+07 4.896941078485124744e+06 2.978649186315001454e+06 2.282801059230270982e+07 -6.195021049608681351e+06
-6.332036988366777897e+08 -7.131944450742166489e+06 1.692852702497234568e+06 -3.090829147566004191e+06 -6.195021049608681351e+06 5.873657460438259840e+08
