# mh104 JAX-Kirchhoff CCW k22=0 fixed-IML  f=0.60 ref=IML  [EA,GA2,GA3,GJ,EI2,EI3]
1.604779494234648228e+09 3.242247081857574638e+06 -2.102927918159952853e+06 2.563614929116255045e+07 4.550198471347679198e+07 -3.898586348931149244e+08
3.242247081857574638e+06 4.802985606683794856e+08 1.529554875731316023e+07 -1.663435922726689093e+07 -1.970630324248152599e+07 -4.882936708817644045e+06
-2.102927918159952853e+06 1.529554875731316023e+07 6.414454038495863974e+07 5.469257134342214093e+06 -1.792078024036023300e+06 -1.151770159397293348e+06
2.563614929116255045e+07 -1.663435922726689093e+07 5.469257134342214093e+06 1.786609954389915615e+07 1.629541449545213720e+06 -2.415586364929630421e+06
4.550198471347679198e+07 -1.970630324248152599e+07 -1.792078024036023300e+06 1.629541449545213720e+06 1.681270653483653814e+07 -3.369384013332487084e+06
-3.898586348931149244e+08 -4.882936708817644045e+06 -1.151770159397293348e+06 -2.415586364929630421e+06 -3.369384013332487084e+06 3.560625102394827008e+08
