# mh104 JAX-Kirchhoff CCW k22=0 fixed-IML  f=0.40 ref=IML  [EA,GA2,GA3,GJ,EI2,EI3]
1.088763806387158155e+09 3.729674075922343414e+06 7.965130221353992238e+04 1.749866680487593263e+07 3.079287085173887759e+07 -2.629715160883094072e+08
3.729674075922343414e+06 3.032443938424571753e+08 -5.025613918674626388e+06 -1.183862529734246805e+07 -1.212792284910837747e+07 -4.001760176998567767e+06
7.965130221353992238e+04 -5.025613918674626388e+06 3.234225123308979720e+07 3.466418145104997326e+06 2.072207438241937198e+05 -1.260835643874584930e+06
1.749866680487593263e+07 -1.183862529734246805e+07 3.466418145104997326e+06 1.267513326375438832e+07 1.201318439000876155e+06 -1.762213946367521305e+06
3.079287085173887759e+07 -1.212792284910837747e+07 2.072207438241937198e+05 1.201318439000876155e+06 1.220370932591178641e+07 -2.096773872269842774e+06
-2.629715160883094072e+08 -4.001760176998567767e+06 -1.260835643874584930e+06 -1.762213946367521305e+06 -2.096773872269842774e+06 2.392114299923487902e+08
