1.276830480000000000e+09 1.770815700000000000e+07 7.856216000000000000e+06 1.988608300000000000e+07 3.563235650000000000e+07 -2.910524290000000000e+08
1.770815700000000000e+07 2.862329160000000000e+08 -2.285204000000000000e+06 3.242470000000000000e+06 1.714057000000000000e+06 -1.064934000000000000e+06
7.856216000000000000e+06 -2.285204000000000000e+06 3.825482600000000000e+07 1.184092000000000000e+06 5.874570000000000000e+05 1.394053000000000000e+06
1.988608300000000000e+07 3.242470000000000000e+06 1.184092000000000000e+06 1.447684300000000000e+07 1.436076000000000000e+06 -2.223595000000000000e+06
3.563235650000000000e+07 1.714057000000000000e+06 5.874570000000000000e+05 1.436076000000000000e+06 1.782729400000000000e+07 -4.511871000000000000e+06
-2.910524290000000000e+08 -1.064934000000000000e+06 1.394053000000000000e+06 -2.223595000000000000e+06 -4.511871000000000000e+06 2.676175630000000000e+08
