# mh104 JAX-Reissner-Mindlin OML  f=0.80  [EA,GA2,GA3,GJ,EI2,EI3]
2.266618390319831848e+09 2.880769263320126571e+06 2.086161505338654155e+06 2.753106536225474998e+07 6.453458802565559745e+07 -5.288571391752816439e+08
2.880769263320126571e+06 2.143143743837298751e+08 -4.299512613410681486e+06 -8.834102960428074002e+06 -7.279115841677470133e+06 -3.229599380840414204e+06
2.086161505338654155e+06 -4.299512613410681486e+06 2.094914973412238061e+07 3.811764220699974801e+06 2.169818777133498224e+05 8.470272191976284375e+05
2.753106536225474998e+07 -8.834102960428074002e+06 3.811764220699974801e+06 1.846924839531235024e+07 1.464120177557791118e+06 -2.585335605921075214e+06
6.453458802565559745e+07 -7.279115841677470133e+06 2.169818777133498224e+05 1.464120177557791118e+06 2.155954390713246539e+07 -4.851883877793209627e+06
-5.288571391752816439e+08 -3.229599380840414204e+06 8.470272191976284375e+05 -2.585335605921075214e+06 -4.851883877793209627e+06 4.860952090204669237e+08
