# JAX-RM OML f=0.75
2.125018102907262325e+09 2.789835849050797988e+06 2.018478183704823721e+06 2.619591498136674985e+07 6.048379878312623501e+07 -4.964237073031733036e+08
2.789835849050797988e+06 2.062859588594472110e+08 -4.152899973264852073e+06 -8.504368307716382667e+06 -7.134806404723538086e+06 -3.125581721923389938e+06
2.018478183704823721e+06 -4.152899973264852073e+06 2.020821747050576285e+07 3.729692552072254010e+06 2.147474512556334375e+05 7.621866041620527394e+05
2.619591498136674985e+07 -8.504368307716382667e+06 3.729692552072254010e+06 1.770142820446443185e+07 1.402261752155739814e+06 -2.499853923076276202e+06
6.048379878312623501e+07 -7.134806404723538086e+06 2.147474512556334375e+05 1.402261752155739814e+06 2.060389883781774342e+07 -4.479867199323846027e+06
-4.964237073031733036e+08 -3.125581721923389938e+06 7.621866041620527394e+05 -2.499853923076276202e+06 -4.479867199323846027e+06 4.559939003785572052e+08
