2.017801767000000000e+09 4.893250400000000000e+07 6.559277000000000000e+06 3.474483750000000000e+07 9.874577600000000000e+07 -4.642429230000000000e+08
4.893250400000000000e+07 4.298660780000000000e+08 1.283429500000000000e+06 3.996989000000000000e+06 5.972819000000000000e+06 -1.830332900000000000e+07
6.559277000000000000e+06 1.283429500000000000e+06 6.745953000000000000e+06 5.048490000000000000e+05 -2.031740000000000000e+05 -1.132746000000000000e+06
3.474483750000000000e+07 3.996989000000000000e+06 5.048490000000000000e+05 2.203538700000000000e+07 5.326832500000000000e+06 -6.550721000000000000e+06
9.874577600000000000e+07 5.972819000000000000e+06 -2.031740000000000000e+05 5.326832500000000000e+06 3.633236800000000000e+07 -1.868782150000000000e+07
-4.642429230000000000e+08 -1.830332900000000000e+07 -1.132746000000000000e+06 -6.550721000000000000e+06 -1.868782150000000000e+07 4.035973140000000000e+08
