# mh104 JAX-Kirchhoff CCW k22=0 fixed-IML  f=0.10 ref=IML  [EA,GA2,GA3,GJ,EI2,EI3]
2.809314384514352679e+08 9.168781397057835711e+05 1.049081536796070141e+05 4.521169909674374387e+06 7.941447214049881324e+06 -6.698014042616079748e+07
9.168781397057835711e+05 7.250996248845504224e+07 -1.478369082328836434e+06 -2.838129090943308081e+06 -3.158195352437246125e+06 -1.001115223097249982e+06
1.049081536796070141e+05 -1.478369082328836434e+06 9.416535843890070915e+06 1.126852650365072070e+06 6.808399602955581213e+04 -2.852495434302072390e+05
4.521169909674374387e+06 -2.838129090943308081e+06 1.126852650365072070e+06 3.484566522768158931e+06 3.153765654688442592e+05 -4.848181399424875272e+05
7.941447214049881324e+06 -3.158195352437246125e+06 6.808399602955581213e+04 3.153765654688442592e+05 3.546980663102011662e+06 -4.619422419171720976e+05
-6.698014042616079748e+07 -1.001115223097249982e+06 -2.852495434302072390e+05 -4.848181399424875272e+05 -4.619422419171720976e+05 6.085290494245561957e+07
