# mh104 JAX-Kirchhoff CCW k22=0 fixed-IML  f=0.10 ref=center  [EA,GA2,GA3,GJ,EI2,EI3]
2.826064420028289557e+08 9.082979576325616799e+05 1.161026272013410635e+05 4.488790017691840418e+06 7.991234618616863154e+06 -6.718020313652306795e+07
9.082979576325616799e+05 7.315710569967079163e+07 -1.572863288410734851e+06 -2.873299598377596587e+06 -3.185517342778753024e+06 -9.908420853904160904e+05
1.161026272013410635e+05 -1.572863288410734851e+06 9.155874743009349331e+06 1.112486504787519574e+06 7.499187342140755209e+04 -2.601539212454888038e+05
4.488790017691840418e+06 -2.873299598377596587e+06 1.112486504787519574e+06 3.462551870498215314e+06 3.164815133302498143e+05 -4.799313576646787697e+05
7.991234618616863154e+06 -3.185517342778753024e+06 7.499187342140755209e+04 3.164815133302498143e+05 3.573274265113683417e+06 -4.605422070074145449e+05
-6.718020313652306795e+07 -9.908420853904160904e+05 -2.601539212454888038e+05 -4.799313576646787697e+05 -4.605422070074145449e+05 6.111038563964352012e+07
