# mh104 JAX-Kirchhoff CCW k22=0 fixed-IML  f=0.20 ref=center  [EA,GA2,GA3,GJ,EI2,EI3]
5.618801724274609089e+08 1.890326126893716166e+06 1.954868308954958629e+05 8.802767000053804368e+06 1.589244576370130479e+07 -1.336483396722490042e+08
1.890326126893716166e+06 1.504324142108758092e+08 -2.889320708465763368e+06 -5.880308720440577716e+06 -6.387149042403929867e+06 -2.064578675132008968e+06
1.954868308954958629e+05 -2.889320708465763368e+06 1.679527132001277059e+07 2.001533231576386373e+06 1.305737368196583702e+05 -5.081807453336085309e+05
8.802767000053804368e+06 -5.880308720440577716e+06 2.001533231576386373e+06 6.661260332633418031e+06 6.231787213512148010e+05 -9.198855789321360644e+05
1.589244576370130479e+07 -6.387149042403929867e+06 1.305737368196583702e+05 6.231787213512148010e+05 6.841020869856558740e+06 -9.583581992458037566e+05
-1.336483396722490042e+08 -2.064578675132008968e+06 -5.081807453336085309e+05 -9.198855789321360644e+05 -9.583581992458037566e+05 1.215552270848928392e+08
