1.990437227000000000e+09 -8.553140000000000000e+05 -7.030264000000000000e+06 2.842201600000000000e+07 5.731813000000000000e+07 -4.524431890000000000e+08
-8.553140000000000000e+05 4.019976170000000000e+08 -3.508543000000000000e+06 -1.648372000000000000e+07 -1.495858900000000000e+07 5.282350000000000000e+05
-7.030264000000000000e+06 -3.508543000000000000e+06 2.691026800000000000e+07 8.451780000000000000e+05 -2.010080000000000000e+05 4.253985000000000000e+06
2.842201600000000000e+07 -1.648372000000000000e+07 8.451780000000000000e+05 1.949168800000000000e+07 1.768992000000000000e+06 -1.759987000000000000e+06
5.731813000000000000e+07 -1.495858900000000000e+07 -2.010080000000000000e+05 1.768992000000000000e+06 1.914702000000000000e+07 -7.864226000000000000e+06
-4.524431890000000000e+08 5.282350000000000000e+05 4.253985000000000000e+06 -1.759987000000000000e+06 -7.864226000000000000e+06 4.019322520000000000e+08
