# mh104 JAX-Kirchhoff CCW k22=0 fixed-IML  f=0.20 ref=IML  [EA,GA2,GA3,GJ,EI2,EI3]
5.555763651012222767e+08 1.911785019643889740e+06 1.472118359860219643e+05 8.938030784082952887e+06 1.570762743393990770e+07 -1.330062553658548295e+08
1.911785019643889740e+06 1.500786145401074886e+08 -2.726066409388889559e+06 -5.848530972864568233e+06 -6.351077102236802690e+06 -2.076161734860572731e+06
1.472118359860219643e+05 -2.726066409388889559e+06 1.717683493852097541e+07 1.989767861893818015e+06 1.185377726133989199e+05 -5.747289134751514066e+05
8.938030784082952887e+06 -5.848530972864568233e+06 1.989767861893818015e+06 6.754188630651198328e+06 6.238382135745327687e+05 -9.371555899534156779e+05
1.570762743393990770e+07 -6.351077102236802690e+06 1.185377726133989199e+05 6.238382135745327687e+05 6.747579596984551288e+06 -9.647227784112324007e+05
-1.330062553658548295e+08 -2.076161734860572731e+06 -5.747289134751514066e+05 -9.371555899534156779e+05 -9.647227784112324007e+05 1.207707697315366417e+08
