# mh104 JAX-Kirchhoff CCW k22=0 fixed-IML  f=0.80 ref=center  [EA,GA2,GA3,GJ,EI2,EI3]
2.177927623246027470e+09 7.218519588336613029e+06 -9.082878479461369352e+03 3.103731408885509148e+07 6.179426060987044126e+07 -5.215656916827635765e+08
7.218519588336613029e+06 6.097416284886320829e+08 -1.011342755252976343e+07 -2.399073405777386203e+07 -2.204130953801929578e+07 -7.798965871144928969e+06
-9.082878479461369352e+03 -1.011342755252976343e+07 5.485372829033741355e+07 5.715041364948805422e+06 3.338391185934961541e+05 -2.069423119129666360e+06
3.103731408885509148e+07 -2.399073405777386203e+07 5.715041364948805422e+06 2.130195835191337392e+07 2.154275593700157478e+06 -2.827748957721782848e+06
6.179426060987044126e+07 -2.204130953801929578e+07 3.338391185934961541e+05 2.154275593700157478e+06 2.087539004614159837e+07 -4.800546099326492287e+06
-5.215656916827635765e+08 -7.798965871144928969e+06 -2.069423119129666360e+06 -2.827748957721782848e+06 -4.800546099326492287e+06 4.766236837817252278e+08
