# garg caseA [0/90/0], S = a/h = 10 -- IN-PLANE stress recovery at the sin-peak station x = a/2
# reference surface: MID-SURFACE (fraction = 0.5); plies (bottom->top): pagano(0.03333m/0), pagano(0.03333m/90), pagano(0.03333m/0)
# 
# MSG-RM: Yu-2003 Eq.-66 recovery with E6 = Es and E6,11 = -p^2 Es
#   (at the sin peak E6,1 = 0, so the SECOND gradient carries all of
#    the gradient content -- a first-order-only recovery loses it)
#   plate DOF amplitudes [U, V, W, F1, F2] = [-2.65801e-22, 5.16535e-35, 9.43817e-05, -0.000160113, 5.62664e-18]
#   strain amplitudes Es = [8.35039e-22, 0, -1.62274e-34, 0.000503011, 0, -1.76766e-17]
# 
# FSDT/CLT standalone: classical ABD + Whitney-1973 k1^2 = 0.582778,
#   its own harmonic plate solve, stresses = Qbar(z) (e0 + z k).
#   (a single scalar k is used for both shear terms; the in-plane
#    stresses are insensitive to it for these laminates)
#   strain amplitudes Es_fsdt = [3.33141e-57, 0, 1.65715e-38, 0.000503011, 0, 8.54158e-21]
# 
# rel L2 errors vs exact 3-D [%] (floored components: s12 -- exact field < 1% of ||s11||, error normalized by 1e-2 ||s11|| instead):
#   MSG-RM   s11   2.0460   s22  30.1524   s12   0.0000
#   FSDT/CLT s11  14.0833   s22  35.3614   s12   0.0000
# 
# columns: z[m]  s11_msg s11_exact s11_fsdt  s22_msg s22_exact s22_fsdt  s12_msg s12_exact s12_fsdt  [Pa]
  -5.000000e-02   -7.538272e+05   -7.363036e+05   -6.303392e+05   -9.364726e+03   -7.363036e+03   -6.303392e+03    4.402084e-10   -2.050710e-13   -2.135396e-13
  -4.958333e-02   -7.440614e+05   -7.267605e+05   -6.250863e+05   -9.262129e+03   -7.267448e+03   -6.250863e+03    4.364655e-10   -2.050714e-13   -2.117601e-13
  -4.916667e-02   -7.343486e+05   -7.172791e+05   -6.198335e+05   -9.159795e+03   -7.172165e+03   -6.198335e+03    4.327245e-10   -2.050727e-13   -2.099806e-13
  -4.875000e-02   -7.246883e+05   -7.078584e+05   -6.145807e+05   -9.057721e+03   -7.077183e+03   -6.145807e+03    4.289853e-10   -2.050749e-13   -2.082011e-13
  -4.833333e-02   -7.150802e+05   -6.984978e+05   -6.093279e+05   -8.955905e+03   -6.982499e+03   -6.093279e+03    4.252481e-10   -2.050780e-13   -2.064216e-13
  -4.791667e-02   -7.055238e+05   -6.891965e+05   -6.040750e+05   -8.854345e+03   -6.888107e+03   -6.040750e+03    4.215126e-10   -2.050820e-13   -2.046421e-13
  -4.750000e-02   -6.960186e+05   -6.799536e+05   -5.988222e+05   -8.753038e+03   -6.794005e+03   -5.988222e+03    4.177789e-10   -2.050868e-13   -2.028626e-13
  -4.708333e-02   -6.865642e+05   -6.707684e+05   -5.935694e+05   -8.651983e+03   -6.700188e+03   -5.935694e+03    4.140471e-10   -2.050925e-13   -2.010831e-13
  -4.666667e-02   -6.771602e+05   -6.616400e+05   -5.883166e+05   -8.551177e+03   -6.606653e+03   -5.883166e+03    4.103170e-10   -2.050991e-13   -1.993036e-13
  -4.625000e-02   -6.678060e+05   -6.525678e+05   -5.830637e+05   -8.450618e+03   -6.513395e+03   -5.830637e+03    4.065887e-10   -2.051066e-13   -1.975241e-13
  -4.583333e-02   -6.585013e+05   -6.435509e+05   -5.778109e+05   -8.350304e+03   -6.420412e+03   -5.778109e+03    4.028622e-10   -2.051149e-13   -1.957446e-13
  -4.541667e-02   -6.492456e+05   -6.345886e+05   -5.725581e+05   -8.250232e+03   -6.327698e+03   -5.725581e+03    3.991374e-10   -2.051241e-13   -1.939651e-13
  -4.500000e-02   -6.400385e+05   -6.256802e+05   -5.673052e+05   -8.150400e+03   -6.235251e+03   -5.673052e+03    3.954143e-10   -2.051342e-13   -1.921856e-13
  -4.458333e-02   -6.308795e+05   -6.168248e+05   -5.620524e+05   -8.050807e+03   -6.143066e+03   -5.620524e+03    3.916929e-10   -2.051452e-13   -1.904061e-13
  -4.416667e-02   -6.217681e+05   -6.080217e+05   -5.567996e+05   -7.951450e+03   -6.051141e+03   -5.567996e+03    3.879732e-10   -2.051571e-13   -1.886266e-13
  -4.375000e-02   -6.127040e+05   -5.992701e+05   -5.515468e+05   -7.852326e+03   -5.959470e+03   -5.515468e+03    3.842551e-10   -2.051698e-13   -1.868471e-13
  -4.333333e-02   -6.036867e+05   -5.905694e+05   -5.462939e+05   -7.753434e+03   -5.868051e+03   -5.462939e+03    3.805388e-10   -2.051834e-13   -1.850676e-13
  -4.291667e-02   -5.947156e+05   -5.819188e+05   -5.410411e+05   -7.654771e+03   -5.776880e+03   -5.410411e+03    3.768240e-10   -2.051979e-13   -1.832881e-13
  -4.250000e-02   -5.857905e+05   -5.733175e+05   -5.357883e+05   -7.556336e+03   -5.685953e+03   -5.357883e+03    3.731109e-10   -2.052133e-13   -1.815087e-13
  -4.208333e-02   -5.769108e+05   -5.647648e+05   -5.305355e+05   -7.458125e+03   -5.595267e+03   -5.305355e+03    3.693994e-10   -2.052296e-13   -1.797292e-13
  -4.166667e-02   -5.680762e+05   -5.562601e+05   -5.252826e+05   -7.360137e+03   -5.504818e+03   -5.252826e+03    3.656895e-10   -2.052467e-13   -1.779497e-13
  -4.125000e-02   -5.592860e+05   -5.478025e+05   -5.200298e+05   -7.262369e+03   -5.414602e+03   -5.200298e+03    3.619812e-10   -2.052647e-13   -1.761702e-13
  -4.083333e-02   -5.505400e+05   -5.393913e+05   -5.147770e+05   -7.164820e+03   -5.324616e+03   -5.147770e+03    3.582744e-10   -2.052836e-13   -1.743907e-13
  -4.041667e-02   -5.418376e+05   -5.310259e+05   -5.095242e+05   -7.067487e+03   -5.234856e+03   -5.095242e+03    3.545692e-10   -2.053034e-13   -1.726112e-13
  -4.000000e-02   -5.331785e+05   -5.227055e+05   -5.042713e+05   -6.970368e+03   -5.145319e+03   -5.042713e+03    3.508655e-10   -2.053240e-13   -1.708317e-13
  -3.958333e-02   -5.245621e+05   -5.144295e+05   -4.990185e+05   -6.873460e+03   -5.056002e+03   -4.990185e+03    3.471633e-10   -2.053456e-13   -1.690522e-13
  -3.916667e-02   -5.159881e+05   -5.061970e+05   -4.937657e+05   -6.776762e+03   -4.966900e+03   -4.937657e+03    3.434626e-10   -2.053680e-13   -1.672727e-13
  -3.875000e-02   -5.074559e+05   -4.980075e+05   -4.885128e+05   -6.680271e+03   -4.878011e+03   -4.885128e+03    3.397634e-10   -2.053913e-13   -1.654932e-13
  -3.833333e-02   -4.989651e+05   -4.898602e+05   -4.832600e+05   -6.583985e+03   -4.789330e+03   -4.832600e+03    3.360657e-10   -2.054154e-13   -1.637137e-13
  -3.791667e-02   -4.905154e+05   -4.817544e+05   -4.780072e+05   -6.487902e+03   -4.700855e+03   -4.780072e+03    3.323694e-10   -2.054405e-13   -1.619342e-13
  -3.750000e-02   -4.821062e+05   -4.736895e+05   -4.727544e+05   -6.392020e+03   -4.612582e+03   -4.727544e+03    3.286746e-10   -2.054664e-13   -1.601547e-13
  -3.708333e-02   -4.737371e+05   -4.656647e+05   -4.675015e+05   -6.296336e+03   -4.524507e+03   -4.675015e+03    3.249812e-10   -2.054932e-13   -1.583752e-13
  -3.666667e-02   -4.654076e+05   -4.576794e+05   -4.622487e+05   -6.200849e+03   -4.436628e+03   -4.622487e+03    3.212892e-10   -2.055209e-13   -1.565957e-13
  -3.625000e-02   -4.571173e+05   -4.497329e+05   -4.569959e+05   -6.105555e+03   -4.348941e+03   -4.569959e+03    3.175985e-10   -2.055495e-13   -1.548162e-13
  -3.583333e-02   -4.488658e+05   -4.418245e+05   -4.517431e+05   -6.010454e+03   -4.261442e+03   -4.517431e+03    3.139093e-10   -2.055789e-13   -1.530367e-13
  -3.541667e-02   -4.406527e+05   -4.339536e+05   -4.464902e+05   -5.915542e+03   -4.174129e+03   -4.464902e+03    3.102214e-10   -2.056093e-13   -1.512572e-13
  -3.500000e-02   -4.324773e+05   -4.261194e+05   -4.412374e+05   -5.820817e+03   -4.086997e+03   -4.412374e+03    3.065348e-10   -2.056405e-13   -1.494777e-13
  -3.458333e-02   -4.243394e+05   -4.183213e+05   -4.359846e+05   -5.726278e+03   -4.000044e+03   -4.359846e+03    3.028496e-10   -2.056726e-13   -1.476982e-13
  -3.416667e-02   -4.162385e+05   -4.105587e+05   -4.307318e+05   -5.631921e+03   -3.913266e+03   -4.307318e+03    2.991656e-10   -2.057056e-13   -1.459187e-13
  -3.375000e-02   -4.081741e+05   -4.028309e+05   -4.254789e+05   -5.537746e+03   -3.826661e+03   -4.254789e+03    2.954830e-10   -2.057394e-13   -1.441392e-13
  -3.333333e-02   -4.001459e+05   -3.951373e+05   -4.202261e+05   -5.443749e+03   -3.740224e+03   -4.202261e+03    2.918017e-10   -2.057742e-13   -1.423597e-13
  -3.291667e-02   -3.921532e+05   -3.874771e+05   -4.149733e+05   -5.349928e+03   -3.653953e+03   -4.149733e+03    2.881216e-10   -2.058098e-13   -1.405802e-13
  -3.250000e-02   -3.841957e+05   -3.798497e+05   -4.097205e+05   -5.256282e+03   -3.567844e+03   -4.097205e+03    2.844427e-10   -2.058463e-13   -1.388007e-13
  -3.208333e-02   -3.762730e+05   -3.722545e+05   -4.044676e+05   -5.162808e+03   -3.481894e+03   -4.044676e+03    2.807651e-10   -2.058837e-13   -1.370212e-13
  -3.166667e-02   -3.683846e+05   -3.646909e+05   -3.992148e+05   -5.069503e+03   -3.396100e+03   -3.992148e+03    2.770887e-10   -2.059219e-13   -1.352417e-13
  -3.125000e-02   -3.605301e+05   -3.571581e+05   -3.939620e+05   -4.976366e+03   -3.310458e+03   -3.939620e+03    2.734135e-10   -2.059611e-13   -1.334622e-13
  -3.083333e-02   -3.527090e+05   -3.496556e+05   -3.887091e+05   -4.883395e+03   -3.224966e+03   -3.887091e+03    2.697395e-10   -2.060011e-13   -1.316827e-13
  -3.041667e-02   -3.449208e+05   -3.421827e+05   -3.834563e+05   -4.790586e+03   -3.139621e+03   -3.834563e+03    2.660666e-10   -2.060420e-13   -1.299033e-13
  -3.000000e-02   -3.371652e+05   -3.347388e+05   -3.782035e+05   -4.697939e+03   -3.054418e+03   -3.782035e+03    2.623949e-10   -2.060838e-13   -1.281238e-13
  -2.958333e-02   -3.294416e+05   -3.273232e+05   -3.729507e+05   -4.605450e+03   -2.969356e+03   -3.729507e+03    2.587244e-10   -2.061265e-13   -1.263443e-13
  -2.916667e-02   -3.217497e+05   -3.199354e+05   -3.676978e+05   -4.513118e+03   -2.884431e+03   -3.676978e+03    2.550549e-10   -2.061700e-13   -1.245648e-13
  -2.875000e-02   -3.140889e+05   -3.125746e+05   -3.624450e+05   -4.420940e+03   -2.799639e+03   -3.624450e+03    2.513866e-10   -2.062145e-13   -1.227853e-13
  -2.833333e-02   -3.064589e+05   -3.052403e+05   -3.571922e+05   -4.328914e+03   -2.714978e+03   -3.571922e+03    2.477193e-10   -2.062598e-13   -1.210058e-13
  -2.791667e-02   -2.988592e+05   -2.979318e+05   -3.519394e+05   -4.237039e+03   -2.630445e+03   -3.519394e+03    2.440532e-10   -2.063060e-13   -1.192263e-13
  -2.750000e-02   -2.912893e+05   -2.906485e+05   -3.466865e+05   -4.145311e+03   -2.546036e+03   -3.466865e+03    2.403880e-10   -2.063531e-13   -1.174468e-13
  -2.708333e-02   -2.837489e+05   -2.833898e+05   -3.414337e+05   -4.053728e+03   -2.461749e+03   -3.414337e+03    2.367240e-10   -2.064011e-13   -1.156673e-13
  -2.666667e-02   -2.762374e+05   -2.761551e+05   -3.361809e+05   -3.962289e+03   -2.377580e+03   -3.361809e+03    2.330609e-10   -2.064499e-13   -1.138878e-13
  -2.625000e-02   -2.687544e+05   -2.689438e+05   -3.309281e+05   -3.870991e+03   -2.293526e+03   -3.309281e+03    2.293989e-10   -2.064997e-13   -1.121083e-13
  -2.583333e-02   -2.612995e+05   -2.617552e+05   -3.256752e+05   -3.779832e+03   -2.209584e+03   -3.256752e+03    2.257378e-10   -2.065503e-13   -1.103288e-13
  -2.541667e-02   -2.538722e+05   -2.545887e+05   -3.204224e+05   -3.688810e+03   -2.125752e+03   -3.204224e+03    2.220777e-10   -2.066018e-13   -1.085493e-13
  -2.500000e-02   -2.464721e+05   -2.474438e+05   -3.151696e+05   -3.597922e+03   -2.042026e+03   -3.151696e+03    2.184186e-10   -2.066542e-13   -1.067698e-13
  -2.458333e-02   -2.390987e+05   -2.403198e+05   -3.099168e+05   -3.507166e+03   -1.958403e+03   -3.099168e+03    2.147605e-10   -2.067075e-13   -1.049903e-13
  -2.416667e-02   -2.317516e+05   -2.332161e+05   -3.046639e+05   -3.416541e+03   -1.874881e+03   -3.046639e+03    2.111032e-10   -2.067617e-13   -1.032108e-13
  -2.375000e-02   -2.244303e+05   -2.261321e+05   -2.994111e+05   -3.326043e+03   -1.791455e+03   -2.994111e+03    2.074469e-10   -2.068168e-13   -1.014313e-13
  -2.333333e-02   -2.171345e+05   -2.190672e+05   -2.941583e+05   -3.235672e+03   -1.708124e+03   -2.941583e+03    2.037915e-10   -2.068727e-13   -9.965181e-14
  -2.291667e-02   -2.098636e+05   -2.120208e+05   -2.889054e+05   -3.145423e+03   -1.624883e+03   -2.889054e+03    2.001369e-10   -2.069295e-13   -9.787231e-14
  -2.250000e-02   -2.026172e+05   -2.049923e+05   -2.836526e+05   -3.055296e+03   -1.541731e+03   -2.836526e+03    1.964833e-10   -2.069872e-13   -9.609282e-14
  -2.208333e-02   -1.953948e+05   -1.979811e+05   -2.783998e+05   -2.965288e+03   -1.458665e+03   -2.783998e+03    1.928305e-10   -2.070458e-13   -9.431332e-14
  -2.166667e-02   -1.881961e+05   -1.909867e+05   -2.731470e+05   -2.875397e+03   -1.375680e+03   -2.731470e+03    1.891785e-10   -2.071053e-13   -9.253382e-14
  -2.125000e-02   -1.810205e+05   -1.840083e+05   -2.678941e+05   -2.785620e+03   -1.292775e+03   -2.678941e+03    1.855273e-10   -2.071657e-13   -9.075433e-14
  -2.083333e-02   -1.738676e+05   -1.770454e+05   -2.626413e+05   -2.695956e+03   -1.209946e+03   -2.626413e+03    1.818770e-10   -2.072270e-13   -8.897483e-14
  -2.041667e-02   -1.667370e+05   -1.700975e+05   -2.573885e+05   -2.606403e+03   -1.127191e+03   -2.573885e+03    1.782274e-10   -2.072891e-13   -8.719533e-14
  -2.000000e-02   -1.596283e+05   -1.631639e+05   -2.521357e+05   -2.516957e+03   -1.044506e+03   -2.521357e+03    1.745786e-10   -2.073522e-13   -8.541584e-14
  -1.958333e-02   -1.525409e+05   -1.562441e+05   -2.468828e+05   -2.427617e+03   -9.618887e+02   -2.468828e+03    1.709306e-10   -2.074161e-13   -8.363634e-14
  -1.916667e-02   -1.454745e+05   -1.493374e+05   -2.416300e+05   -2.338381e+03   -8.793359e+02   -2.416300e+03    1.672833e-10   -2.074809e-13   -8.185684e-14
  -1.875000e-02   -1.384286e+05   -1.424433e+05   -2.363772e+05   -2.249246e+03   -7.968449e+02   -2.363772e+03    1.636367e-10   -2.075466e-13   -8.007735e-14
  -1.833333e-02   -1.314027e+05   -1.355612e+05   -2.311244e+05   -2.160210e+03   -7.144126e+02   -2.311244e+03    1.599908e-10   -2.076132e-13   -7.829785e-14
  -1.791667e-02   -1.243964e+05   -1.286904e+05   -2.258715e+05   -2.071272e+03   -6.320363e+02   -2.258715e+03    1.563457e-10   -2.076807e-13   -7.651835e-14
  -1.750000e-02   -1.174093e+05   -1.218305e+05   -2.206187e+05   -1.982428e+03   -5.497129e+02   -2.206187e+03    1.527012e-10   -2.077491e-13   -7.473886e-14
  -1.708333e-02   -1.104409e+05   -1.149808e+05   -2.153659e+05   -1.893677e+03   -4.674395e+02   -2.153659e+03    1.490574e-10   -2.078183e-13   -7.295936e-14
  -1.666667e-02   -1.034907e+05   -1.081407e+05   -2.101131e+05   -1.805016e+03   -3.852134e+02   -2.101131e+03    1.454142e-10   -2.078885e-13   -7.117986e-14
  -1.666667e-02   -4.762429e+03   -3.655607e+03   -8.404522e+03   -1.843822e+03   -2.177081e+02   -2.101131e+03    1.453424e-10   -2.637155e-13   -1.985504e-13
  -1.625000e-02   -4.642535e+03   -3.535479e+03   -8.194409e+03   -1.797565e+03   -1.738261e+02   -2.048602e+03    1.416462e-10   -2.568435e-13   -1.935867e-13
  -1.583333e-02   -4.522704e+03   -3.415373e+03   -7.984296e+03   -1.751320e+03   -1.299483e+02   -1.996074e+03    1.379502e-10   -2.499718e-13   -1.886229e-13
  -1.541667e-02   -4.402936e+03   -3.295289e+03   -7.774183e+03   -1.705086e+03   -8.607428e+01   -1.943546e+03    1.342545e-10   -2.431002e-13   -1.836591e-13
  -1.500000e-02   -4.283227e+03   -3.175225e+03   -7.564070e+03   -1.658865e+03   -4.220398e+01   -1.891017e+03    1.305590e-10   -2.362289e-13   -1.786954e-13
  -1.458333e-02   -4.163576e+03   -3.055180e+03   -7.353957e+03   -1.612654e+03    1.662835e+00   -1.838489e+03    1.268637e-10   -2.293578e-13   -1.737316e-13
  -1.416667e-02   -4.043983e+03   -2.935154e+03   -7.143844e+03   -1.566455e+03    4.552638e+01   -1.785961e+03    1.231687e-10   -2.224868e-13   -1.687679e-13
  -1.375000e-02   -3.924444e+03   -2.815145e+03   -6.933731e+03   -1.520267e+03    8.938684e+01   -1.733433e+03    1.194739e-10   -2.156161e-13   -1.638041e-13
  -1.333333e-02   -3.804959e+03   -2.695153e+03   -6.723618e+03   -1.474089e+03    1.332444e+02   -1.680904e+03    1.157792e-10   -2.087455e-13   -1.588403e-13
  -1.291667e-02   -3.685526e+03   -2.575175e+03   -6.513505e+03   -1.427921e+03    1.770994e+02   -1.628376e+03    1.120848e-10   -2.018751e-13   -1.538766e-13
  -1.250000e-02   -3.566143e+03   -2.455212e+03   -6.303392e+03   -1.381762e+03    2.209519e+02   -1.575848e+03    1.083906e-10   -1.950048e-13   -1.489128e-13
  -1.208333e-02   -3.446809e+03   -2.335263e+03   -6.093279e+03   -1.335614e+03    2.648021e+02   -1.523320e+03    1.046966e-10   -1.881347e-13   -1.439491e-13
  -1.166667e-02   -3.327522e+03   -2.215325e+03   -5.883166e+03   -1.289474e+03    3.086502e+02   -1.470791e+03    1.010027e-10   -1.812647e-13   -1.389853e-13
  -1.125000e-02   -3.208281e+03   -2.095399e+03   -5.673052e+03   -1.243343e+03    3.524965e+02   -1.418263e+03    9.730903e-11   -1.743949e-13   -1.340215e-13
  -1.083333e-02   -3.089083e+03   -1.975482e+03   -5.462939e+03   -1.197221e+03    3.963412e+02   -1.365735e+03    9.361552e-11   -1.675252e-13   -1.290578e-13
  -1.041667e-02   -2.969927e+03   -1.855575e+03   -5.252826e+03   -1.151107e+03    4.401844e+02   -1.313207e+03    8.992218e-11   -1.606556e-13   -1.240940e-13
  -1.000000e-02   -2.850812e+03   -1.735676e+03   -5.042713e+03   -1.105001e+03    4.840264e+02   -1.260678e+03    8.622900e-11   -1.537861e-13   -1.191303e-13
  -9.583333e-03   -2.731736e+03   -1.615784e+03   -4.832600e+03   -1.058902e+03    5.278674e+02   -1.208150e+03    8.253597e-11   -1.469167e-13   -1.141665e-13
  -9.166667e-03   -2.612697e+03   -1.495899e+03   -4.622487e+03   -1.012811e+03    5.717075e+02   -1.155622e+03    7.884308e-11   -1.400474e-13   -1.092027e-13
  -8.750000e-03   -2.493694e+03   -1.376018e+03   -4.412374e+03   -9.667266e+02    6.155470e+02   -1.103094e+03    7.515034e-11   -1.331781e-13   -1.042390e-13
  -8.333333e-03   -2.374725e+03   -1.256141e+03   -4.202261e+03   -9.206489e+02    6.593861e+02   -1.050565e+03    7.145772e-11   -1.263090e-13   -9.927522e-14
  -7.916667e-03   -2.255788e+03   -1.136268e+03   -3.992148e+03   -8.745775e+02    7.032249e+02   -9.980370e+02    6.776523e-11   -1.194399e-13   -9.431145e-14
  -7.500000e-03   -2.136883e+03   -1.016396e+03   -3.782035e+03   -8.285121e+02    7.470638e+02   -9.455087e+02    6.407286e-11   -1.125709e-13   -8.934769e-14
  -7.083333e-03   -2.018006e+03   -8.965255e+02   -3.571922e+03   -7.824523e+02    7.909028e+02   -8.929805e+02    6.038061e-11   -1.057019e-13   -8.438393e-14
  -6.666667e-03   -1.899157e+03   -7.766549e+02   -3.361809e+03   -7.363979e+02    8.347422e+02   -8.404522e+02    5.668846e-11   -9.883296e-14   -7.942017e-14
  -6.250000e-03   -1.780334e+03   -6.567832e+02   -3.151696e+03   -6.903486e+02    8.785822e+02   -7.879240e+02    5.299641e-11   -9.196405e-14   -7.445641e-14
  -5.833333e-03   -1.661535e+03   -5.369094e+02   -2.941583e+03   -6.443040e+02    9.224230e+02   -7.353957e+02    4.930446e-11   -8.509516e-14   -6.949265e-14
  -5.416667e-03   -1.542759e+03   -4.170325e+02   -2.731470e+03   -5.982638e+02    9.662649e+02   -6.828674e+02    4.561260e-11   -7.822629e-14   -6.452889e-14
  -5.000000e-03   -1.424004e+03   -2.971515e+02   -2.521357e+03   -5.522278e+02    1.010108e+03   -6.303392e+02    4.192082e-11   -7.135742e-14   -5.956513e-14
  -4.583333e-03   -1.305269e+03   -1.772654e+02   -2.311244e+03   -5.061955e+02    1.053952e+03   -5.778109e+02    3.822911e-11   -6.448855e-14   -5.460137e-14
  -4.166667e-03   -1.186551e+03   -5.737308e+01   -2.101131e+03   -4.601667e+02    1.097798e+03   -5.252826e+02    3.453747e-11   -5.761968e-14   -4.963761e-14
  -3.750000e-03   -1.067850e+03    6.252639e+01   -1.891017e+03   -4.141410e+02    1.141646e+03   -4.727544e+02    3.084590e-11   -5.075078e-14   -4.467385e-14
  -3.333333e-03   -9.491632e+02    1.824341e+02   -1.680904e+03   -3.681182e+02    1.185496e+03   -4.202261e+02    2.715438e-11   -4.388185e-14   -3.971009e-14
  -2.916667e-03   -8.304894e+02    3.023509e+02   -1.470791e+03   -3.220979e+02    1.229348e+03   -3.676978e+02    2.346292e-11   -3.701289e-14   -3.474633e-14
  -2.500000e-03   -7.118270e+02    4.222781e+02   -1.260678e+03   -2.760798e+02    1.273203e+03   -3.151696e+02    1.977150e-11   -3.014388e-14   -2.978256e-14
  -2.083333e-03   -5.931743e+02    5.422165e+02   -1.050565e+03   -2.300636e+02    1.317060e+03   -2.626413e+02    1.608011e-11   -2.327483e-14   -2.481880e-14
  -1.666667e-03   -4.745297e+02    6.621672e+02   -8.404522e+02   -1.840490e+02    1.360920e+03   -2.101131e+02    1.238876e-11   -1.640571e-14   -1.985504e-14
  -1.250000e-03   -3.558916e+02    7.821311e+02   -6.303392e+02   -1.380356e+02    1.404783e+03   -1.575848e+02    8.697433e-12   -9.536517e-15   -1.489128e-14
  -8.333333e-04   -2.372583e+02    9.021095e+02   -4.202261e+02   -9.202323e+01    1.448649e+03   -1.050565e+02    5.006125e-12   -2.667250e-15   -9.927522e-15
  -4.166667e-04   -1.186284e+02    1.022103e+03   -2.101131e+02   -4.601146e+01    1.492519e+03   -5.252826e+01    1.314829e-12    4.202103e-15   -4.963761e-15
  -3.469447e-18    5.616792e-12    1.142113e+03   -1.749543e-12   -2.728275e-12    1.536393e+03   -4.373857e-13   -2.376460e-12    1.107155e-14   -3.304588e-29
   4.166667e-04    1.186284e+02    1.262141e+03    2.101131e+02    4.601146e+01    1.580270e+03    5.252826e+01   -6.067749e-12    1.794110e-14    4.963761e-15
   8.333333e-04    2.372583e+02    1.382186e+03    4.202261e+02    9.202323e+01    1.624151e+03    1.050565e+02   -9.759045e-12    2.481076e-14    9.927522e-15
   1.250000e-03    3.558916e+02    1.502252e+03    6.303392e+02    1.380356e+02    1.668037e+03    1.575848e+02   -1.345035e-11    3.168055e-14    1.489128e-14
   1.666667e-03    4.745297e+02    1.622337e+03    8.404522e+02    1.840490e+02    1.711927e+03    2.101131e+02   -1.714168e-11    3.855046e-14    1.985504e-14
   2.083333e-03    5.931743e+02    1.742445e+03    1.050565e+03    2.300636e+02    1.755822e+03    2.626413e+02   -2.083303e-11    4.542051e-14    2.481880e-14
   2.500000e-03    7.118270e+02    1.862574e+03    1.260678e+03    2.760798e+02    1.799721e+03    3.151696e+02   -2.452442e-11    5.229070e-14    2.978256e-14
   2.916667e-03    8.304894e+02    1.982728e+03    1.470791e+03    3.220979e+02    1.843626e+03    3.676978e+02   -2.821584e-11    5.916104e-14    3.474633e-14
   3.333333e-03    9.491632e+02    2.102905e+03    1.680904e+03    3.681182e+02    1.887536e+03    4.202261e+02   -3.190730e-11    6.603155e-14    3.971009e-14
   3.750000e-03    1.067850e+03    2.223109e+03    1.891017e+03    4.141410e+02    1.931452e+03    4.727544e+02   -3.559882e-11    7.290223e-14    4.467385e-14
   4.166667e-03    1.186551e+03    2.343339e+03    2.101131e+03    4.601667e+02    1.975373e+03    5.252826e+02   -3.929039e-11    7.977309e-14    4.963761e-14
   4.583333e-03    1.305269e+03    2.463596e+03    2.311244e+03    5.061955e+02    2.019300e+03    5.778109e+02   -4.298203e-11    8.664413e-14    5.460137e-14
   5.000000e-03    1.424004e+03    2.583882e+03    2.521357e+03    5.522278e+02    2.063233e+03    6.303392e+02   -4.667374e-11    9.351537e-14    5.956513e-14
   5.416667e-03    1.542759e+03    2.704198e+03    2.731470e+03    5.982638e+02    2.107173e+03    6.828674e+02   -5.036552e-11    1.003868e-13    6.452889e-14
   5.833333e-03    1.661535e+03    2.824545e+03    2.941583e+03    6.443040e+02    2.151119e+03    7.353957e+02   -5.405738e-11    1.072585e-13    6.949265e-14
   6.250000e-03    1.780334e+03    2.944923e+03    3.151696e+03    6.903486e+02    2.195071e+03    7.879240e+02   -5.774933e-11    1.141303e-13    7.445641e-14
   6.666667e-03    1.899157e+03    3.065334e+03    3.361809e+03    7.363979e+02    2.239031e+03    8.404522e+02   -6.144138e-11    1.210024e-13    7.942017e-14
   7.083333e-03    2.018006e+03    3.185779e+03    3.571922e+03    7.824523e+02    2.282998e+03    8.929805e+02   -6.513353e-11    1.278748e-13    8.438393e-14
   7.500000e-03    2.136883e+03    3.306259e+03    3.782035e+03    8.285121e+02    2.326972e+03    9.455087e+02   -6.882578e-11    1.347474e-13    8.934769e-14
   7.916667e-03    2.255788e+03    3.426774e+03    3.992148e+03    8.745775e+02    2.370954e+03    9.980370e+02   -7.251815e-11    1.416202e-13    9.431145e-14
   8.333333e-03    2.374725e+03    3.547326e+03    4.202261e+03    9.206489e+02    2.414943e+03    1.050565e+03   -7.621064e-11    1.484933e-13    9.927522e-14
   8.750000e-03    2.493694e+03    3.667916e+03    4.412374e+03    9.667266e+02    2.458941e+03    1.103094e+03   -7.990326e-11    1.553667e-13    1.042390e-13
   9.166667e-03    2.612697e+03    3.788545e+03    4.622487e+03    1.012811e+03    2.502946e+03    1.155622e+03   -8.359600e-11    1.622404e-13    1.092027e-13
   9.583333e-03    2.731736e+03    3.909214e+03    4.832600e+03    1.058902e+03    2.546960e+03    1.208150e+03   -8.728889e-11    1.691143e-13    1.141665e-13
   1.000000e-02    2.850812e+03    4.029924e+03    5.042713e+03    1.105001e+03    2.590982e+03    1.260678e+03   -9.098192e-11    1.759885e-13    1.191303e-13
   1.041667e-02    2.969927e+03    4.150676e+03    5.252826e+03    1.151107e+03    2.635013e+03    1.313207e+03   -9.467510e-11    1.828631e-13    1.240940e-13
   1.083333e-02    3.089083e+03    4.271471e+03    5.462939e+03    1.197221e+03    2.679054e+03    1.365735e+03   -9.836844e-11    1.897379e-13    1.290578e-13
   1.125000e-02    3.208281e+03    4.392309e+03    5.673052e+03    1.243343e+03    2.723103e+03    1.418263e+03   -1.020619e-10    1.966131e-13    1.340215e-13
   1.166667e-02    3.327522e+03    4.513193e+03    5.883166e+03    1.289474e+03    2.767162e+03    1.470791e+03   -1.057556e-10    2.034886e-13    1.389853e-13
   1.208333e-02    3.446809e+03    4.634123e+03    6.093279e+03    1.335614e+03    2.811230e+03    1.523320e+03   -1.094495e-10    2.103645e-13    1.439491e-13
   1.250000e-02    3.566143e+03    4.755100e+03    6.303392e+03    1.381762e+03    2.855308e+03    1.575848e+03   -1.131435e-10    2.172407e-13    1.489128e-13
   1.291667e-02    3.685526e+03    4.876125e+03    6.513505e+03    1.427921e+03    2.899396e+03    1.628376e+03   -1.168377e-10    2.241172e-13    1.538766e-13
   1.333333e-02    3.804959e+03    4.997200e+03    6.723618e+03    1.474089e+03    2.943495e+03    1.680904e+03   -1.205322e-10    2.309941e-13    1.588403e-13
   1.375000e-02    3.924444e+03    5.118324e+03    6.933731e+03    1.520267e+03    2.987603e+03    1.733433e+03   -1.242268e-10    2.378714e-13    1.638041e-13
   1.416667e-02    4.043983e+03    5.239500e+03    7.143844e+03    1.566455e+03    3.031723e+03    1.785961e+03   -1.279216e-10    2.447491e-13    1.687679e-13
   1.458333e-02    4.163576e+03    5.360728e+03    7.353957e+03    1.612654e+03    3.075853e+03    1.838489e+03   -1.316167e-10    2.516271e-13    1.737316e-13
   1.500000e-02    4.283227e+03    5.482010e+03    7.564070e+03    1.658865e+03    3.119994e+03    1.891017e+03   -1.353119e-10    2.585055e-13    1.786954e-13
   1.541667e-02    4.402936e+03    5.603345e+03    7.774183e+03    1.705086e+03    3.164146e+03    1.943546e+03   -1.390074e-10    2.653844e-13    1.836591e-13
   1.583333e-02    4.522704e+03    5.724736e+03    7.984296e+03    1.751320e+03    3.208310e+03    1.996074e+03   -1.427031e-10    2.722637e-13    1.886229e-13
   1.625000e-02    4.642535e+03    5.846184e+03    8.194409e+03    1.797565e+03    3.252486e+03    2.048602e+03   -1.463991e-10    2.791433e-13    1.935867e-13
   1.666667e-02    4.762429e+03    5.967688e+03    8.404522e+03    1.843822e+03    3.296673e+03    2.101131e+03   -1.500953e-10    2.860235e-13    1.985504e-13
   1.666667e-02    1.034907e+05    1.057696e+05    2.101131e+05    1.805016e+03    2.862447e+03    2.101131e+03   -1.501671e-10    1.966882e-13    7.117986e-14
   1.708333e-02    1.104409e+05    1.126338e+05    2.153659e+05    1.893677e+03    2.944875e+03    2.153659e+03   -1.538103e-10    1.966218e-13    7.295936e-14
   1.750000e-02    1.174093e+05    1.195078e+05    2.206187e+05    1.982428e+03    3.027354e+03    2.206187e+03   -1.574541e-10    1.965563e-13    7.473886e-14
   1.791667e-02    1.243964e+05    1.263922e+05    2.258715e+05    2.071272e+03    3.109885e+03    2.258715e+03   -1.610986e-10    1.964916e-13    7.651835e-14
   1.833333e-02    1.314027e+05    1.332876e+05    2.311244e+05    2.160210e+03    3.192473e+03    2.311244e+03   -1.647438e-10    1.964278e-13    7.829785e-14
   1.875000e-02    1.384286e+05    1.401947e+05    2.363772e+05    2.249246e+03    3.275119e+03    2.363772e+03   -1.683896e-10    1.963648e-13    8.007735e-14
   1.916667e-02    1.454745e+05    1.471139e+05    2.416300e+05    2.338381e+03    3.357828e+03    2.416300e+03   -1.720362e-10    1.963026e-13    8.185684e-14
   1.958333e-02    1.525409e+05    1.540460e+05    2.468828e+05    2.427617e+03    3.440601e+03    2.468828e+03   -1.756835e-10    1.962413e-13    8.363634e-14
   2.000000e-02    1.596283e+05    1.609913e+05    2.521357e+05    2.516957e+03    3.523442e+03    2.521357e+03   -1.793315e-10    1.961808e-13    8.541584e-14
   2.041667e-02    1.667370e+05    1.679507e+05    2.573885e+05    2.606403e+03    3.606353e+03    2.573885e+03   -1.829803e-10    1.961211e-13    8.719533e-14
   2.083333e-02    1.738676e+05    1.749246e+05    2.626413e+05    2.695956e+03    3.689338e+03    2.626413e+03   -1.866299e-10    1.960623e-13    8.897483e-14
   2.125000e-02    1.810205e+05    1.819137e+05    2.678941e+05    2.785620e+03    3.772400e+03    2.678941e+03   -1.902802e-10    1.960044e-13    9.075433e-14
   2.166667e-02    1.881961e+05    1.889185e+05    2.731470e+05    2.875397e+03    3.855541e+03    2.731470e+03   -1.939314e-10    1.959473e-13    9.253382e-14
   2.208333e-02    1.953948e+05    1.959396e+05    2.783998e+05    2.965288e+03    3.938765e+03    2.783998e+03   -1.975834e-10    1.958910e-13    9.431332e-14
   2.250000e-02    2.026172e+05    2.029777e+05    2.836526e+05    3.055296e+03    4.022074e+03    2.836526e+03   -2.012362e-10    1.958355e-13    9.609282e-14
   2.291667e-02    2.098636e+05    2.100333e+05    2.889054e+05    3.145423e+03    4.105472e+03    2.889054e+03   -2.048899e-10    1.957809e-13    9.787231e-14
   2.333333e-02    2.171345e+05    2.171071e+05    2.941583e+05    3.235672e+03    4.188961e+03    2.941583e+03   -2.085444e-10    1.957271e-13    9.965181e-14
   2.375000e-02    2.244303e+05    2.241995e+05    2.994111e+05    3.326043e+03    4.272544e+03    2.994111e+03   -2.121998e-10    1.956742e-13    1.014313e-13
   2.416667e-02    2.317516e+05    2.313114e+05    3.046639e+05    3.416541e+03    4.356225e+03    3.046639e+03   -2.158561e-10    1.956221e-13    1.032108e-13
   2.458333e-02    2.390987e+05    2.384432e+05    3.099168e+05    3.507166e+03    4.440006e+03    3.099168e+03   -2.195134e-10    1.955709e-13    1.049903e-13
   2.500000e-02    2.464721e+05    2.455955e+05    3.151696e+05    3.597922e+03    4.523890e+03    3.151696e+03   -2.231715e-10    1.955205e-13    1.067698e-13
   2.541667e-02    2.538722e+05    2.527690e+05    3.204224e+05    3.688810e+03    4.607881e+03    3.204224e+03   -2.268306e-10    1.954709e-13    1.085493e-13
   2.583333e-02    2.612995e+05    2.599643e+05    3.256752e+05    3.779832e+03    4.691982e+03    3.256752e+03   -2.304907e-10    1.954221e-13    1.103288e-13
   2.625000e-02    2.687544e+05    2.671819e+05    3.309281e+05    3.870991e+03    4.776195e+03    3.309281e+03   -2.341518e-10    1.953742e-13    1.121083e-13
   2.666667e-02    2.762374e+05    2.744226e+05    3.361809e+05    3.962289e+03    4.860523e+03    3.361809e+03   -2.378138e-10    1.953272e-13    1.138878e-13
   2.708333e-02    2.837489e+05    2.816869e+05    3.414337e+05    4.053728e+03    4.944970e+03    3.414337e+03   -2.414769e-10    1.952809e-13    1.156673e-13
   2.750000e-02    2.912893e+05    2.889754e+05    3.466865e+05    4.145311e+03    5.029539e+03    3.466865e+03   -2.451410e-10    1.952356e-13    1.174468e-13
   2.791667e-02    2.988592e+05    2.962887e+05    3.519394e+05    4.237039e+03    5.114232e+03    3.519394e+03   -2.488061e-10    1.951910e-13    1.192263e-13
   2.833333e-02    3.064589e+05    3.036276e+05    3.571922e+05    4.328914e+03    5.199054e+03    3.571922e+03   -2.524723e-10    1.951473e-13    1.210058e-13
   2.875000e-02    3.140889e+05    3.109925e+05    3.624450e+05    4.420940e+03    5.284006e+03    3.624450e+03   -2.561395e-10    1.951044e-13    1.227853e-13
   2.916667e-02    3.217497e+05    3.183842e+05    3.676978e+05    4.513118e+03    5.369092e+03    3.676978e+03   -2.598078e-10    1.950623e-13    1.245648e-13
   2.958333e-02    3.294416e+05    3.258032e+05    3.729507e+05    4.605450e+03    5.454316e+03    3.729507e+03   -2.634773e-10    1.950211e-13    1.263443e-13
   3.000000e-02    3.371652e+05    3.332502e+05    3.782035e+05    4.697939e+03    5.539679e+03    3.782035e+03   -2.671479e-10    1.949808e-13    1.281238e-13
   3.041667e-02    3.449208e+05    3.407259e+05    3.834563e+05    4.790586e+03    5.625187e+03    3.834563e+03   -2.708196e-10    1.949412e-13    1.299033e-13
   3.083333e-02    3.527090e+05    3.482307e+05    3.887091e+05    4.883395e+03    5.710840e+03    3.887091e+03   -2.744924e-10    1.949025e-13    1.316827e-13
   3.125000e-02    3.605301e+05    3.557655e+05    3.939620e+05    4.976366e+03    5.796644e+03    3.939620e+03   -2.781664e-10    1.948646e-13    1.334622e-13
   3.166667e-02    3.683846e+05    3.633308e+05    3.992148e+05    5.069503e+03    5.882601e+03    3.992148e+03   -2.818416e-10    1.948276e-13    1.352417e-13
   3.208333e-02    3.762730e+05    3.709273e+05    4.044676e+05    5.162808e+03    5.968713e+03    4.044676e+03   -2.855180e-10    1.947914e-13    1.370212e-13
   3.250000e-02    3.841957e+05    3.785557e+05    4.097205e+05    5.256282e+03    6.054985e+03    4.097205e+03   -2.891956e-10    1.947560e-13    1.388007e-13
   3.291667e-02    3.921532e+05    3.862164e+05    4.149733e+05    5.349928e+03    6.141420e+03    4.149733e+03   -2.928745e-10    1.947215e-13    1.405802e-13
   3.333333e-02    4.001459e+05    3.939104e+05    4.202261e+05    5.443749e+03    6.228020e+03    4.202261e+03   -2.965546e-10    1.946878e-13    1.423597e-13
   3.375000e-02    4.081741e+05    4.016381e+05    4.254789e+05    5.537746e+03    6.314790e+03    4.254789e+03   -3.002359e-10    1.946549e-13    1.441392e-13
   3.416667e-02    4.162385e+05    4.094002e+05    4.307318e+05    5.631921e+03    6.401731e+03    4.307318e+03   -3.039186e-10    1.946229e-13    1.459187e-13
   3.458333e-02    4.243394e+05    4.171974e+05    4.359846e+05    5.726278e+03    6.488849e+03    4.359846e+03   -3.076025e-10    1.945917e-13    1.476982e-13
   3.500000e-02    4.324773e+05    4.250304e+05    4.412374e+05    5.820817e+03    6.576145e+03    4.412374e+03   -3.112877e-10    1.945613e-13    1.494777e-13
   3.541667e-02    4.406527e+05    4.328998e+05    4.464902e+05    5.915542e+03    6.663623e+03    4.464902e+03   -3.149743e-10    1.945318e-13    1.512572e-13
   3.583333e-02    4.488658e+05    4.408063e+05    4.517431e+05    6.010454e+03    6.751287e+03    4.517431e+03   -3.186622e-10    1.945031e-13    1.530367e-13
   3.625000e-02    4.571173e+05    4.487506e+05    4.569959e+05    6.105555e+03    6.839140e+03    4.569959e+03   -3.223514e-10    1.944752e-13    1.548162e-13
   3.666667e-02    4.654076e+05    4.567333e+05    4.622487e+05    6.200849e+03    6.927185e+03    4.622487e+03   -3.260421e-10    1.944482e-13    1.565957e-13
   3.708333e-02    4.737371e+05    4.647551e+05    4.675015e+05    6.296336e+03    7.015425e+03    4.675015e+03   -3.297341e-10    1.944220e-13    1.583752e-13
   3.750000e-02    4.821062e+05    4.728167e+05    4.727544e+05    6.392020e+03    7.103864e+03    4.727544e+03   -3.334275e-10    1.943966e-13    1.601547e-13
   3.791667e-02    4.905154e+05    4.809188e+05    4.780072e+05    6.487902e+03    7.192506e+03    4.780072e+03   -3.371224e-10    1.943721e-13    1.619342e-13
   3.833333e-02    4.989651e+05    4.890621e+05    4.832600e+05    6.583985e+03    7.281353e+03    4.832600e+03   -3.408186e-10    1.943484e-13    1.637137e-13
   3.875000e-02    5.074559e+05    4.972472e+05    4.885128e+05    6.680271e+03    7.370409e+03    4.885128e+03   -3.445164e-10    1.943255e-13    1.654932e-13
   3.916667e-02    5.159881e+05    5.054749e+05    4.937657e+05    6.776762e+03    7.459679e+03    4.937657e+03   -3.482156e-10    1.943035e-13    1.672727e-13
   3.958333e-02    5.245621e+05    5.137459e+05    4.990185e+05    6.873460e+03    7.549164e+03    4.990185e+03   -3.519162e-10    1.942823e-13    1.690522e-13
   4.000000e-02    5.331785e+05    5.220608e+05    5.042713e+05    6.970368e+03    7.638868e+03    5.042713e+03   -3.556184e-10    1.942619e-13    1.708317e-13
   4.041667e-02    5.418376e+05    5.304204e+05    5.095242e+05    7.067487e+03    7.728796e+03    5.095242e+03   -3.593221e-10    1.942424e-13    1.726112e-13
   4.083333e-02    5.505400e+05    5.388254e+05    5.147770e+05    7.164820e+03    7.818950e+03    5.147770e+03   -3.630273e-10    1.942237e-13    1.743907e-13
   4.125000e-02    5.592860e+05    5.472764e+05    5.200298e+05    7.262369e+03    7.909334e+03    5.200298e+03   -3.667341e-10    1.942058e-13    1.761702e-13
   4.166667e-02    5.680762e+05    5.557743e+05    5.252826e+05    7.360137e+03    7.999953e+03    5.252826e+03   -3.704424e-10    1.941888e-13    1.779497e-13
   4.208333e-02    5.769108e+05    5.643197e+05    5.305355e+05    7.458125e+03    8.090808e+03    5.305355e+03   -3.741523e-10    1.941725e-13    1.797292e-13
   4.250000e-02    5.857905e+05    5.729134e+05    5.357883e+05    7.556336e+03    8.181904e+03    5.357883e+03   -3.778638e-10    1.941572e-13    1.815087e-13
   4.291667e-02    5.947156e+05    5.815560e+05    5.410411e+05    7.654771e+03    8.273244e+03    5.410411e+03   -3.815769e-10    1.941426e-13    1.832881e-13
   4.333333e-02    6.036867e+05    5.902484e+05    5.462939e+05    7.753434e+03    8.364833e+03    5.462939e+03   -3.852917e-10    1.941289e-13    1.850676e-13
   4.375000e-02    6.127040e+05    5.989912e+05    5.515468e+05    7.852326e+03    8.456673e+03    5.515468e+03   -3.890081e-10    1.941160e-13    1.868471e-13
   4.416667e-02    6.217681e+05    6.077852e+05    5.567996e+05    7.951450e+03    8.548769e+03    5.567996e+03   -3.927261e-10    1.941040e-13    1.886266e-13
   4.458333e-02    6.308795e+05    6.166312e+05    5.620524e+05    8.050807e+03    8.641124e+03    5.620524e+03   -3.964458e-10    1.940927e-13    1.904061e-13
   4.500000e-02    6.400385e+05    6.255299e+05    5.673052e+05    8.150400e+03    8.733742e+03    5.673052e+03   -4.001672e-10    1.940823e-13    1.921856e-13
   4.541667e-02    6.492456e+05    6.344820e+05    5.725581e+05    8.250232e+03    8.826626e+03    5.725581e+03   -4.038903e-10    1.940728e-13    1.939651e-13
   4.583333e-02    6.585013e+05    6.434884e+05    5.778109e+05    8.350304e+03    8.919781e+03    5.778109e+03   -4.076151e-10    1.940641e-13    1.957446e-13
   4.625000e-02    6.678060e+05    6.525497e+05    5.830637e+05    8.450618e+03    9.013209e+03    5.830637e+03   -4.113416e-10    1.940562e-13    1.975241e-13
   4.666667e-02    6.771602e+05    6.616667e+05    5.883166e+05    8.551177e+03    9.106916e+03    5.883166e+03   -4.150699e-10    1.940491e-13    1.993036e-13
   4.708333e-02    6.865642e+05    6.708403e+05    5.935694e+05    8.651983e+03    9.200905e+03    5.935694e+03   -4.188000e-10    1.940429e-13    2.010831e-13
   4.750000e-02    6.960186e+05    6.800712e+05    5.988222e+05    8.753038e+03    9.295179e+03    5.988222e+03   -4.225319e-10    1.940375e-13    2.028626e-13
   4.791667e-02    7.055238e+05    6.893602e+05    6.040750e+05    8.854345e+03    9.389742e+03    6.040750e+03   -4.262655e-10    1.940329e-13    2.046421e-13
   4.833333e-02    7.150802e+05    6.987080e+05    6.093279e+05    8.955905e+03    9.484599e+03    6.093279e+03   -4.300010e-10    1.940292e-13    2.064216e-13
   4.875000e-02    7.246883e+05    7.081155e+05    6.145807e+05    9.057721e+03    9.579754e+03    6.145807e+03   -4.337383e-10    1.940262e-13    2.082011e-13
   4.916667e-02    7.343486e+05    7.175835e+05    6.198335e+05    9.159795e+03    9.675209e+03    6.198335e+03   -4.374774e-10    1.940242e-13    2.099806e-13
   4.958333e-02    7.440614e+05    7.271127e+05    6.250863e+05    9.262129e+03    9.770970e+03    6.250863e+03   -4.412184e-10    1.940229e-13    2.117601e-13
   5.000000e-02    7.538272e+05    7.367040e+05    6.303392e+05    9.364726e+03    9.867040e+03    6.303392e+03   -4.449613e-10    1.940225e-13    2.135396e-13
