nodes:
- [1.0, -1.0, 0.0]
- [1.0, -0.8333333333333334, 0.0]
- [1.0, -0.6666666666666667, 0.0]
- [1.0, -0.5, 0.0]
- [1.0, -0.33333333333333337, 0.0]
- [1.0, -0.16666666666666663, 0.0]
- [1.0, 0.0, 0.0]
- [1.0, 0.16666666666666674, 0.0]
- [1.0, 0.33333333333333326, 0.0]
- [1.0, 0.5, 0.0]
- [1.0, 0.6666666666666667, 0.0]
- [1.0, 0.8333333333333333, 0.0]
- [1.0, 1.0, 0.0]
- [0.8333333333333334, 1.0, 0.0]
- [0.6666666666666667, 1.0, 0.0]
- [0.5, 1.0, 0.0]
- [0.33333333333333337, 1.0, 0.0]
- [0.16666666666666663, 1.0, 0.0]
- [0.0, 1.0, 0.0]
- [-0.16666666666666674, 1.0, 0.0]
- [-0.33333333333333326, 1.0, 0.0]
- [-0.5, 1.0, 0.0]
- [-0.6666666666666667, 1.0, 0.0]
- [-0.8333333333333333, 1.0, 0.0]
- [-1.0, 1.0, 0.0]
- [-1.0, 0.8333333333333334, 0.0]
- [-1.0, 0.6666666666666667, 0.0]
- [-1.0, 0.5, 0.0]
- [-1.0, 0.33333333333333337, 0.0]
- [-1.0, 0.16666666666666663, 0.0]
- [-1.0, 0.0, 0.0]
- [-1.0, -0.16666666666666674, 0.0]
- [-1.0, -0.33333333333333326, 0.0]
- [-1.0, -0.5, 0.0]
- [-1.0, -0.6666666666666667, 0.0]
- [-1.0, -0.8333333333333333, 0.0]
- [-1.0, -1.0, 0.0]
- [-0.8333333333333334, -1.0, 0.0]
- [-0.6666666666666667, -1.0, 0.0]
- [-0.5, -1.0, 0.0]
- [-0.33333333333333337, -1.0, 0.0]
- [-0.16666666666666663, -1.0, 0.0]
- [0.0, -1.0, 0.0]
- [0.16666666666666674, -1.0, 0.0]
- [0.33333333333333326, -1.0, 0.0]
- [0.5, -1.0, 0.0]
- [0.6666666666666667, -1.0, 0.0]
- [0.8333333333333333, -1.0, 0.0]
- [0.97, -0.97, 0.2]
- [0.97, -0.8083333333333333, 0.2]
- [0.97, -0.6466666666666667, 0.2]
- [0.97, -0.485, 0.2]
- [0.97, -0.32333333333333336, 0.2]
- [0.97, -0.16166666666666663, 0.2]
- [0.97, 0.0, 0.2]
- [0.97, 0.16166666666666674, 0.2]
- [0.97, 0.32333333333333325, 0.2]
- [0.97, 0.485, 0.2]
- [0.97, 0.6466666666666667, 0.2]
- [0.97, 0.8083333333333332, 0.2]
- [0.97, 0.97, 0.2]
- [0.8083333333333333, 0.97, 0.2]
- [0.6466666666666667, 0.97, 0.2]
- [0.485, 0.97, 0.2]
- [0.32333333333333336, 0.97, 0.2]
- [0.16166666666666663, 0.97, 0.2]
- [0.0, 0.97, 0.2]
- [-0.16166666666666674, 0.97, 0.2]
- [-0.32333333333333325, 0.97, 0.2]
- [-0.485, 0.97, 0.2]
- [-0.6466666666666667, 0.97, 0.2]
- [-0.8083333333333332, 0.97, 0.2]
- [-0.97, 0.97, 0.2]
- [-0.97, 0.8083333333333333, 0.2]
- [-0.97, 0.6466666666666667, 0.2]
- [-0.97, 0.485, 0.2]
- [-0.97, 0.32333333333333336, 0.2]
- [-0.97, 0.16166666666666663, 0.2]
- [-0.97, 0.0, 0.2]
- [-0.97, -0.16166666666666674, 0.2]
- [-0.97, -0.32333333333333325, 0.2]
- [-0.97, -0.485, 0.2]
- [-0.97, -0.6466666666666667, 0.2]
- [-0.97, -0.8083333333333332, 0.2]
- [-0.97, -0.97, 0.2]
- [-0.8083333333333333, -0.97, 0.2]
- [-0.6466666666666667, -0.97, 0.2]
- [-0.485, -0.97, 0.2]
- [-0.32333333333333336, -0.97, 0.2]
- [-0.16166666666666663, -0.97, 0.2]
- [0.0, -0.97, 0.2]
- [0.16166666666666674, -0.97, 0.2]
- [0.32333333333333325, -0.97, 0.2]
- [0.485, -0.97, 0.2]
- [0.6466666666666667, -0.97, 0.2]
- [0.8083333333333332, -0.97, 0.2]
- [0.94, -0.94, 0.4]
- [0.94, -0.7833333333333333, 0.4]
- [0.94, -0.6266666666666667, 0.4]
- [0.94, -0.47, 0.4]
- [0.94, -0.31333333333333335, 0.4]
- [0.94, -0.15666666666666662, 0.4]
- [0.94, 0.0, 0.4]
- [0.94, 0.15666666666666673, 0.4]
- [0.94, 0.31333333333333324, 0.4]
- [0.94, 0.47, 0.4]
- [0.94, 0.6266666666666667, 0.4]
- [0.94, 0.7833333333333332, 0.4]
- [0.94, 0.94, 0.4]
- [0.7833333333333333, 0.94, 0.4]
- [0.6266666666666667, 0.94, 0.4]
- [0.47, 0.94, 0.4]
- [0.31333333333333335, 0.94, 0.4]
- [0.15666666666666662, 0.94, 0.4]
- [0.0, 0.94, 0.4]
- [-0.15666666666666673, 0.94, 0.4]
- [-0.31333333333333324, 0.94, 0.4]
- [-0.47, 0.94, 0.4]
- [-0.6266666666666667, 0.94, 0.4]
- [-0.7833333333333332, 0.94, 0.4]
- [-0.94, 0.94, 0.4]
- [-0.94, 0.7833333333333333, 0.4]
- [-0.94, 0.6266666666666667, 0.4]
- [-0.94, 0.47, 0.4]
- [-0.94, 0.31333333333333335, 0.4]
- [-0.94, 0.15666666666666662, 0.4]
- [-0.94, 0.0, 0.4]
- [-0.94, -0.15666666666666673, 0.4]
- [-0.94, -0.31333333333333324, 0.4]
- [-0.94, -0.47, 0.4]
- [-0.94, -0.6266666666666667, 0.4]
- [-0.94, -0.7833333333333332, 0.4]
- [-0.94, -0.94, 0.4]
- [-0.7833333333333333, -0.94, 0.4]
- [-0.6266666666666667, -0.94, 0.4]
- [-0.47, -0.94, 0.4]
- [-0.31333333333333335, -0.94, 0.4]
- [-0.15666666666666662, -0.94, 0.4]
- [0.0, -0.94, 0.4]
- [0.15666666666666673, -0.94, 0.4]
- [0.31333333333333324, -0.94, 0.4]
- [0.47, -0.94, 0.4]
- [0.6266666666666667, -0.94, 0.4]
- [0.7833333333333332, -0.94, 0.4]
- [0.91, -0.91, 0.6]
- [0.91, -0.7583333333333334, 0.6]
- [0.91, -0.6066666666666668, 0.6]
- [0.91, -0.455, 0.6]
- [0.91, -0.3033333333333334, 0.6]
- [0.91, -0.15166666666666664, 0.6]
- [0.91, 0.0, 0.6]
- [0.91, 0.15166666666666673, 0.6]
- [0.91, 0.3033333333333333, 0.6]
- [0.91, 0.455, 0.6]
- [0.91, 0.6066666666666668, 0.6]
- [0.91, 0.7583333333333333, 0.6]
- [0.91, 0.91, 0.6]
- [0.7583333333333334, 0.91, 0.6]
- [0.6066666666666668, 0.91, 0.6]
- [0.455, 0.91, 0.6]
- [0.3033333333333334, 0.91, 0.6]
- [0.15166666666666664, 0.91, 0.6]
- [0.0, 0.91, 0.6]
- [-0.15166666666666673, 0.91, 0.6]
- [-0.3033333333333333, 0.91, 0.6]
- [-0.455, 0.91, 0.6]
- [-0.6066666666666668, 0.91, 0.6]
- [-0.7583333333333333, 0.91, 0.6]
- [-0.91, 0.91, 0.6]
- [-0.91, 0.7583333333333334, 0.6]
- [-0.91, 0.6066666666666668, 0.6]
- [-0.91, 0.455, 0.6]
- [-0.91, 0.3033333333333334, 0.6]
- [-0.91, 0.15166666666666664, 0.6]
- [-0.91, 0.0, 0.6]
- [-0.91, -0.15166666666666673, 0.6]
- [-0.91, -0.3033333333333333, 0.6]
- [-0.91, -0.455, 0.6]
- [-0.91, -0.6066666666666668, 0.6]
- [-0.91, -0.7583333333333333, 0.6]
- [-0.91, -0.91, 0.6]
- [-0.7583333333333334, -0.91, 0.6]
- [-0.6066666666666668, -0.91, 0.6]
- [-0.455, -0.91, 0.6]
- [-0.3033333333333334, -0.91, 0.6]
- [-0.15166666666666664, -0.91, 0.6]
- [0.0, -0.91, 0.6]
- [0.15166666666666673, -0.91, 0.6]
- [0.3033333333333333, -0.91, 0.6]
- [0.455, -0.91, 0.6]
- [0.6066666666666668, -0.91, 0.6]
- [0.7583333333333333, -0.91, 0.6]
- [0.88, -0.88, 0.8]
- [0.88, -0.7333333333333334, 0.8]
- [0.88, -0.5866666666666668, 0.8]
- [0.88, -0.44, 0.8]
- [0.88, -0.2933333333333334, 0.8]
- [0.88, -0.14666666666666664, 0.8]
- [0.88, 0.0, 0.8]
- [0.88, 0.14666666666666672, 0.8]
- [0.88, 0.2933333333333333, 0.8]
- [0.88, 0.44, 0.8]
- [0.88, 0.5866666666666668, 0.8]
- [0.88, 0.7333333333333333, 0.8]
- [0.88, 0.88, 0.8]
- [0.7333333333333334, 0.88, 0.8]
- [0.5866666666666668, 0.88, 0.8]
- [0.44, 0.88, 0.8]
- [0.2933333333333334, 0.88, 0.8]
- [0.14666666666666664, 0.88, 0.8]
- [0.0, 0.88, 0.8]
- [-0.14666666666666672, 0.88, 0.8]
- [-0.2933333333333333, 0.88, 0.8]
- [-0.44, 0.88, 0.8]
- [-0.5866666666666668, 0.88, 0.8]
- [-0.7333333333333333, 0.88, 0.8]
- [-0.88, 0.88, 0.8]
- [-0.88, 0.7333333333333334, 0.8]
- [-0.88, 0.5866666666666668, 0.8]
- [-0.88, 0.44, 0.8]
- [-0.88, 0.2933333333333334, 0.8]
- [-0.88, 0.14666666666666664, 0.8]
- [-0.88, 0.0, 0.8]
- [-0.88, -0.14666666666666672, 0.8]
- [-0.88, -0.2933333333333333, 0.8]
- [-0.88, -0.44, 0.8]
- [-0.88, -0.5866666666666668, 0.8]
- [-0.88, -0.7333333333333333, 0.8]
- [-0.88, -0.88, 0.8]
- [-0.7333333333333334, -0.88, 0.8]
- [-0.5866666666666668, -0.88, 0.8]
- [-0.44, -0.88, 0.8]
- [-0.2933333333333334, -0.88, 0.8]
- [-0.14666666666666664, -0.88, 0.8]
- [0.0, -0.88, 0.8]
- [0.14666666666666672, -0.88, 0.8]
- [0.2933333333333333, -0.88, 0.8]
- [0.44, -0.88, 0.8]
- [0.5866666666666668, -0.88, 0.8]
- [0.7333333333333333, -0.88, 0.8]
- [0.85, -0.85, 1.0]
- [0.85, -0.7083333333333334, 1.0]
- [0.85, -0.5666666666666668, 1.0]
- [0.85, -0.425, 1.0]
- [0.85, -0.2833333333333334, 1.0]
- [0.85, -0.14166666666666664, 1.0]
- [0.85, 0.0, 1.0]
- [0.85, 0.14166666666666672, 1.0]
- [0.85, 0.28333333333333327, 1.0]
- [0.85, 0.425, 1.0]
- [0.85, 0.5666666666666668, 1.0]
- [0.85, 0.7083333333333333, 1.0]
- [0.85, 0.85, 1.0]
- [0.7083333333333334, 0.85, 1.0]
- [0.5666666666666668, 0.85, 1.0]
- [0.425, 0.85, 1.0]
- [0.2833333333333334, 0.85, 1.0]
- [0.14166666666666664, 0.85, 1.0]
- [0.0, 0.85, 1.0]
- [-0.14166666666666672, 0.85, 1.0]
- [-0.28333333333333327, 0.85, 1.0]
- [-0.425, 0.85, 1.0]
- [-0.5666666666666668, 0.85, 1.0]
- [-0.7083333333333333, 0.85, 1.0]
- [-0.85, 0.85, 1.0]
- [-0.85, 0.7083333333333334, 1.0]
- [-0.85, 0.5666666666666668, 1.0]
- [-0.85, 0.425, 1.0]
- [-0.85, 0.2833333333333334, 1.0]
- [-0.85, 0.14166666666666664, 1.0]
- [-0.85, 0.0, 1.0]
- [-0.85, -0.14166666666666672, 1.0]
- [-0.85, -0.28333333333333327, 1.0]
- [-0.85, -0.425, 1.0]
- [-0.85, -0.5666666666666668, 1.0]
- [-0.85, -0.7083333333333333, 1.0]
- [-0.85, -0.85, 1.0]
- [-0.7083333333333334, -0.85, 1.0]
- [-0.5666666666666668, -0.85, 1.0]
- [-0.425, -0.85, 1.0]
- [-0.2833333333333334, -0.85, 1.0]
- [-0.14166666666666664, -0.85, 1.0]
- [0.0, -0.85, 1.0]
- [0.14166666666666672, -0.85, 1.0]
- [0.28333333333333327, -0.85, 1.0]
- [0.425, -0.85, 1.0]
- [0.5666666666666668, -0.85, 1.0]
- [0.7083333333333333, -0.85, 1.0]
- [0.82, -0.82, 1.2]
- [0.82, -0.6833333333333333, 1.2]
- [0.82, -0.5466666666666667, 1.2]
- [0.82, -0.41, 1.2]
- [0.82, -0.2733333333333334, 1.2]
- [0.82, -0.13666666666666663, 1.2]
- [0.82, 0.0, 1.2]
- [0.82, 0.13666666666666671, 1.2]
- [0.82, 0.27333333333333326, 1.2]
- [0.82, 0.41, 1.2]
- [0.82, 0.5466666666666667, 1.2]
- [0.82, 0.6833333333333332, 1.2]
- [0.82, 0.82, 1.2]
- [0.6833333333333333, 0.82, 1.2]
- [0.5466666666666667, 0.82, 1.2]
- [0.41, 0.82, 1.2]
- [0.2733333333333334, 0.82, 1.2]
- [0.13666666666666663, 0.82, 1.2]
- [0.0, 0.82, 1.2]
- [-0.13666666666666671, 0.82, 1.2]
- [-0.27333333333333326, 0.82, 1.2]
- [-0.41, 0.82, 1.2]
- [-0.5466666666666667, 0.82, 1.2]
- [-0.6833333333333332, 0.82, 1.2]
- [-0.82, 0.82, 1.2]
- [-0.82, 0.6833333333333333, 1.2]
- [-0.82, 0.5466666666666667, 1.2]
- [-0.82, 0.41, 1.2]
- [-0.82, 0.2733333333333334, 1.2]
- [-0.82, 0.13666666666666663, 1.2]
- [-0.82, 0.0, 1.2]
- [-0.82, -0.13666666666666671, 1.2]
- [-0.82, -0.27333333333333326, 1.2]
- [-0.82, -0.41, 1.2]
- [-0.82, -0.5466666666666667, 1.2]
- [-0.82, -0.6833333333333332, 1.2]
- [-0.82, -0.82, 1.2]
- [-0.6833333333333333, -0.82, 1.2]
- [-0.5466666666666667, -0.82, 1.2]
- [-0.41, -0.82, 1.2]
- [-0.2733333333333334, -0.82, 1.2]
- [-0.13666666666666663, -0.82, 1.2]
- [0.0, -0.82, 1.2]
- [0.13666666666666671, -0.82, 1.2]
- [0.27333333333333326, -0.82, 1.2]
- [0.41, -0.82, 1.2]
- [0.5466666666666667, -0.82, 1.2]
- [0.6833333333333332, -0.82, 1.2]
- [0.79, -0.79, 1.4]
- [0.79, -0.6583333333333334, 1.4]
- [0.79, -0.5266666666666667, 1.4]
- [0.79, -0.395, 1.4]
- [0.79, -0.26333333333333336, 1.4]
- [0.79, -0.13166666666666665, 1.4]
- [0.79, 0.0, 1.4]
- [0.79, 0.13166666666666674, 1.4]
- [0.79, 0.2633333333333333, 1.4]
- [0.79, 0.395, 1.4]
- [0.79, 0.5266666666666667, 1.4]
- [0.79, 0.6583333333333333, 1.4]
- [0.79, 0.79, 1.4]
- [0.6583333333333334, 0.79, 1.4]
- [0.5266666666666667, 0.79, 1.4]
- [0.395, 0.79, 1.4]
- [0.26333333333333336, 0.79, 1.4]
- [0.13166666666666665, 0.79, 1.4]
- [0.0, 0.79, 1.4]
- [-0.13166666666666674, 0.79, 1.4]
- [-0.2633333333333333, 0.79, 1.4]
- [-0.395, 0.79, 1.4]
- [-0.5266666666666667, 0.79, 1.4]
- [-0.6583333333333333, 0.79, 1.4]
- [-0.79, 0.79, 1.4]
- [-0.79, 0.6583333333333334, 1.4]
- [-0.79, 0.5266666666666667, 1.4]
- [-0.79, 0.395, 1.4]
- [-0.79, 0.26333333333333336, 1.4]
- [-0.79, 0.13166666666666665, 1.4]
- [-0.79, 0.0, 1.4]
- [-0.79, -0.13166666666666674, 1.4]
- [-0.79, -0.2633333333333333, 1.4]
- [-0.79, -0.395, 1.4]
- [-0.79, -0.5266666666666667, 1.4]
- [-0.79, -0.6583333333333333, 1.4]
- [-0.79, -0.79, 1.4]
- [-0.6583333333333334, -0.79, 1.4]
- [-0.5266666666666667, -0.79, 1.4]
- [-0.395, -0.79, 1.4]
- [-0.26333333333333336, -0.79, 1.4]
- [-0.13166666666666665, -0.79, 1.4]
- [0.0, -0.79, 1.4]
- [0.13166666666666674, -0.79, 1.4]
- [0.2633333333333333, -0.79, 1.4]
- [0.395, -0.79, 1.4]
- [0.5266666666666667, -0.79, 1.4]
- [0.6583333333333333, -0.79, 1.4]
- [0.76, -0.76, 1.6]
- [0.76, -0.6333333333333334, 1.6]
- [0.76, -0.5066666666666667, 1.6]
- [0.76, -0.38, 1.6]
- [0.76, -0.25333333333333335, 1.6]
- [0.76, -0.12666666666666665, 1.6]
- [0.76, 0.0, 1.6]
- [0.76, 0.12666666666666673, 1.6]
- [0.76, 0.2533333333333333, 1.6]
- [0.76, 0.38, 1.6]
- [0.76, 0.5066666666666667, 1.6]
- [0.76, 0.6333333333333333, 1.6]
- [0.76, 0.76, 1.6]
- [0.6333333333333334, 0.76, 1.6]
- [0.5066666666666667, 0.76, 1.6]
- [0.38, 0.76, 1.6]
- [0.25333333333333335, 0.76, 1.6]
- [0.12666666666666665, 0.76, 1.6]
- [0.0, 0.76, 1.6]
- [-0.12666666666666673, 0.76, 1.6]
- [-0.2533333333333333, 0.76, 1.6]
- [-0.38, 0.76, 1.6]
- [-0.5066666666666667, 0.76, 1.6]
- [-0.6333333333333333, 0.76, 1.6]
- [-0.76, 0.76, 1.6]
- [-0.76, 0.6333333333333334, 1.6]
- [-0.76, 0.5066666666666667, 1.6]
- [-0.76, 0.38, 1.6]
- [-0.76, 0.25333333333333335, 1.6]
- [-0.76, 0.12666666666666665, 1.6]
- [-0.76, 0.0, 1.6]
- [-0.76, -0.12666666666666673, 1.6]
- [-0.76, -0.2533333333333333, 1.6]
- [-0.76, -0.38, 1.6]
- [-0.76, -0.5066666666666667, 1.6]
- [-0.76, -0.6333333333333333, 1.6]
- [-0.76, -0.76, 1.6]
- [-0.6333333333333334, -0.76, 1.6]
- [-0.5066666666666667, -0.76, 1.6]
- [-0.38, -0.76, 1.6]
- [-0.25333333333333335, -0.76, 1.6]
- [-0.12666666666666665, -0.76, 1.6]
- [0.0, -0.76, 1.6]
- [0.12666666666666673, -0.76, 1.6]
- [0.2533333333333333, -0.76, 1.6]
- [0.38, -0.76, 1.6]
- [0.5066666666666667, -0.76, 1.6]
- [0.6333333333333333, -0.76, 1.6]
- [0.73, -0.73, 1.8]
- [0.73, -0.6083333333333334, 1.8]
- [0.73, -0.4866666666666667, 1.8]
- [0.73, -0.365, 1.8]
- [0.73, -0.24333333333333335, 1.8]
- [0.73, -0.12166666666666663, 1.8]
- [0.73, 0.0, 1.8]
- [0.73, 0.12166666666666671, 1.8]
- [0.73, 0.24333333333333326, 1.8]
- [0.73, 0.365, 1.8]
- [0.73, 0.4866666666666667, 1.8]
- [0.73, 0.6083333333333333, 1.8]
- [0.73, 0.73, 1.8]
- [0.6083333333333334, 0.73, 1.8]
- [0.4866666666666667, 0.73, 1.8]
- [0.365, 0.73, 1.8]
- [0.24333333333333335, 0.73, 1.8]
- [0.12166666666666663, 0.73, 1.8]
- [0.0, 0.73, 1.8]
- [-0.12166666666666671, 0.73, 1.8]
- [-0.24333333333333326, 0.73, 1.8]
- [-0.365, 0.73, 1.8]
- [-0.4866666666666667, 0.73, 1.8]
- [-0.6083333333333333, 0.73, 1.8]
- [-0.73, 0.73, 1.8]
- [-0.73, 0.6083333333333334, 1.8]
- [-0.73, 0.4866666666666667, 1.8]
- [-0.73, 0.365, 1.8]
- [-0.73, 0.24333333333333335, 1.8]
- [-0.73, 0.12166666666666663, 1.8]
- [-0.73, 0.0, 1.8]
- [-0.73, -0.12166666666666671, 1.8]
- [-0.73, -0.24333333333333326, 1.8]
- [-0.73, -0.365, 1.8]
- [-0.73, -0.4866666666666667, 1.8]
- [-0.73, -0.6083333333333333, 1.8]
- [-0.73, -0.73, 1.8]
- [-0.6083333333333334, -0.73, 1.8]
- [-0.4866666666666667, -0.73, 1.8]
- [-0.365, -0.73, 1.8]
- [-0.24333333333333335, -0.73, 1.8]
- [-0.12166666666666663, -0.73, 1.8]
- [0.0, -0.73, 1.8]
- [0.12166666666666671, -0.73, 1.8]
- [0.24333333333333326, -0.73, 1.8]
- [0.365, -0.73, 1.8]
- [0.4866666666666667, -0.73, 1.8]
- [0.6083333333333333, -0.73, 1.8]
- [0.7, -0.7, 2.0]
- [0.7, -0.5833333333333334, 2.0]
- [0.7, -0.4666666666666667, 2.0]
- [0.7, -0.35, 2.0]
- [0.7, -0.23333333333333334, 2.0]
- [0.7, -0.11666666666666663, 2.0]
- [0.7, 0.0, 2.0]
- [0.7, 0.11666666666666671, 2.0]
- [0.7, 0.23333333333333325, 2.0]
- [0.7, 0.35, 2.0]
- [0.7, 0.4666666666666667, 2.0]
- [0.7, 0.5833333333333333, 2.0]
- [0.7, 0.7, 2.0]
- [0.5833333333333334, 0.7, 2.0]
- [0.4666666666666667, 0.7, 2.0]
- [0.35, 0.7, 2.0]
- [0.23333333333333334, 0.7, 2.0]
- [0.11666666666666663, 0.7, 2.0]
- [0.0, 0.7, 2.0]
- [-0.11666666666666671, 0.7, 2.0]
- [-0.23333333333333325, 0.7, 2.0]
- [-0.35, 0.7, 2.0]
- [-0.4666666666666667, 0.7, 2.0]
- [-0.5833333333333333, 0.7, 2.0]
- [-0.7, 0.7, 2.0]
- [-0.7, 0.5833333333333334, 2.0]
- [-0.7, 0.4666666666666667, 2.0]
- [-0.7, 0.35, 2.0]
- [-0.7, 0.23333333333333334, 2.0]
- [-0.7, 0.11666666666666663, 2.0]
- [-0.7, 0.0, 2.0]
- [-0.7, -0.11666666666666671, 2.0]
- [-0.7, -0.23333333333333325, 2.0]
- [-0.7, -0.35, 2.0]
- [-0.7, -0.4666666666666667, 2.0]
- [-0.7, -0.5833333333333333, 2.0]
- [-0.7, -0.7, 2.0]
- [-0.5833333333333334, -0.7, 2.0]
- [-0.4666666666666667, -0.7, 2.0]
- [-0.35, -0.7, 2.0]
- [-0.23333333333333334, -0.7, 2.0]
- [-0.11666666666666663, -0.7, 2.0]
- [0.0, -0.7, 2.0]
- [0.11666666666666671, -0.7, 2.0]
- [0.23333333333333325, -0.7, 2.0]
- [0.35, -0.7, 2.0]
- [0.4666666666666667, -0.7, 2.0]
- [0.5833333333333333, -0.7, 2.0]
elements:
- [1, 2, 50, 49]
- [2, 3, 51, 50]
- [3, 4, 52, 51]
- [4, 5, 53, 52]
- [5, 6, 54, 53]
- [6, 7, 55, 54]
- [7, 8, 56, 55]
- [8, 9, 57, 56]
- [9, 10, 58, 57]
- [10, 11, 59, 58]
- [11, 12, 60, 59]
- [12, 13, 61, 60]
- [13, 14, 62, 61]
- [14, 15, 63, 62]
- [15, 16, 64, 63]
- [16, 17, 65, 64]
- [17, 18, 66, 65]
- [18, 19, 67, 66]
- [19, 20, 68, 67]
- [20, 21, 69, 68]
- [21, 22, 70, 69]
- [22, 23, 71, 70]
- [23, 24, 72, 71]
- [24, 25, 73, 72]
- [25, 26, 74, 73]
- [26, 27, 75, 74]
- [27, 28, 76, 75]
- [28, 29, 77, 76]
- [29, 30, 78, 77]
- [30, 31, 79, 78]
- [31, 32, 80, 79]
- [32, 33, 81, 80]
- [33, 34, 82, 81]
- [34, 35, 83, 82]
- [35, 36, 84, 83]
- [36, 37, 85, 84]
- [37, 38, 86, 85]
- [38, 39, 87, 86]
- [39, 40, 88, 87]
- [40, 41, 89, 88]
- [41, 42, 90, 89]
- [42, 43, 91, 90]
- [43, 44, 92, 91]
- [44, 45, 93, 92]
- [45, 46, 94, 93]
- [46, 47, 95, 94]
- [47, 48, 96, 95]
- [48, 1, 49, 96]
- [49, 50, 98, 97]
- [50, 51, 99, 98]
- [51, 52, 100, 99]
- [52, 53, 101, 100]
- [53, 54, 102, 101]
- [54, 55, 103, 102]
- [55, 56, 104, 103]
- [56, 57, 105, 104]
- [57, 58, 106, 105]
- [58, 59, 107, 106]
- [59, 60, 108, 107]
- [60, 61, 109, 108]
- [61, 62, 110, 109]
- [62, 63, 111, 110]
- [63, 64, 112, 111]
- [64, 65, 113, 112]
- [65, 66, 114, 113]
- [66, 67, 115, 114]
- [67, 68, 116, 115]
- [68, 69, 117, 116]
- [69, 70, 118, 117]
- [70, 71, 119, 118]
- [71, 72, 120, 119]
- [72, 73, 121, 120]
- [73, 74, 122, 121]
- [74, 75, 123, 122]
- [75, 76, 124, 123]
- [76, 77, 125, 124]
- [77, 78, 126, 125]
- [78, 79, 127, 126]
- [79, 80, 128, 127]
- [80, 81, 129, 128]
- [81, 82, 130, 129]
- [82, 83, 131, 130]
- [83, 84, 132, 131]
- [84, 85, 133, 132]
- [85, 86, 134, 133]
- [86, 87, 135, 134]
- [87, 88, 136, 135]
- [88, 89, 137, 136]
- [89, 90, 138, 137]
- [90, 91, 139, 138]
- [91, 92, 140, 139]
- [92, 93, 141, 140]
- [93, 94, 142, 141]
- [94, 95, 143, 142]
- [95, 96, 144, 143]
- [96, 49, 97, 144]
- [97, 98, 146, 145]
- [98, 99, 147, 146]
- [99, 100, 148, 147]
- [100, 101, 149, 148]
- [101, 102, 150, 149]
- [102, 103, 151, 150]
- [103, 104, 152, 151]
- [104, 105, 153, 152]
- [105, 106, 154, 153]
- [106, 107, 155, 154]
- [107, 108, 156, 155]
- [108, 109, 157, 156]
- [109, 110, 158, 157]
- [110, 111, 159, 158]
- [111, 112, 160, 159]
- [112, 113, 161, 160]
- [113, 114, 162, 161]
- [114, 115, 163, 162]
- [115, 116, 164, 163]
- [116, 117, 165, 164]
- [117, 118, 166, 165]
- [118, 119, 167, 166]
- [119, 120, 168, 167]
- [120, 121, 169, 168]
- [121, 122, 170, 169]
- [122, 123, 171, 170]
- [123, 124, 172, 171]
- [124, 125, 173, 172]
- [125, 126, 174, 173]
- [126, 127, 175, 174]
- [127, 128, 176, 175]
- [128, 129, 177, 176]
- [129, 130, 178, 177]
- [130, 131, 179, 178]
- [131, 132, 180, 179]
- [132, 133, 181, 180]
- [133, 134, 182, 181]
- [134, 135, 183, 182]
- [135, 136, 184, 183]
- [136, 137, 185, 184]
- [137, 138, 186, 185]
- [138, 139, 187, 186]
- [139, 140, 188, 187]
- [140, 141, 189, 188]
- [141, 142, 190, 189]
- [142, 143, 191, 190]
- [143, 144, 192, 191]
- [144, 97, 145, 192]
- [145, 146, 194, 193]
- [146, 147, 195, 194]
- [147, 148, 196, 195]
- [148, 149, 197, 196]
- [149, 150, 198, 197]
- [150, 151, 199, 198]
- [151, 152, 200, 199]
- [152, 153, 201, 200]
- [153, 154, 202, 201]
- [154, 155, 203, 202]
- [155, 156, 204, 203]
- [156, 157, 205, 204]
- [157, 158, 206, 205]
- [158, 159, 207, 206]
- [159, 160, 208, 207]
- [160, 161, 209, 208]
- [161, 162, 210, 209]
- [162, 163, 211, 210]
- [163, 164, 212, 211]
- [164, 165, 213, 212]
- [165, 166, 214, 213]
- [166, 167, 215, 214]
- [167, 168, 216, 215]
- [168, 169, 217, 216]
- [169, 170, 218, 217]
- [170, 171, 219, 218]
- [171, 172, 220, 219]
- [172, 173, 221, 220]
- [173, 174, 222, 221]
- [174, 175, 223, 222]
- [175, 176, 224, 223]
- [176, 177, 225, 224]
- [177, 178, 226, 225]
- [178, 179, 227, 226]
- [179, 180, 228, 227]
- [180, 181, 229, 228]
- [181, 182, 230, 229]
- [182, 183, 231, 230]
- [183, 184, 232, 231]
- [184, 185, 233, 232]
- [185, 186, 234, 233]
- [186, 187, 235, 234]
- [187, 188, 236, 235]
- [188, 189, 237, 236]
- [189, 190, 238, 237]
- [190, 191, 239, 238]
- [191, 192, 240, 239]
- [192, 145, 193, 240]
- [193, 194, 242, 241]
- [194, 195, 243, 242]
- [195, 196, 244, 243]
- [196, 197, 245, 244]
- [197, 198, 246, 245]
- [198, 199, 247, 246]
- [199, 200, 248, 247]
- [200, 201, 249, 248]
- [201, 202, 250, 249]
- [202, 203, 251, 250]
- [203, 204, 252, 251]
- [204, 205, 253, 252]
- [205, 206, 254, 253]
- [206, 207, 255, 254]
- [207, 208, 256, 255]
- [208, 209, 257, 256]
- [209, 210, 258, 257]
- [210, 211, 259, 258]
- [211, 212, 260, 259]
- [212, 213, 261, 260]
- [213, 214, 262, 261]
- [214, 215, 263, 262]
- [215, 216, 264, 263]
- [216, 217, 265, 264]
- [217, 218, 266, 265]
- [218, 219, 267, 266]
- [219, 220, 268, 267]
- [220, 221, 269, 268]
- [221, 222, 270, 269]
- [222, 223, 271, 270]
- [223, 224, 272, 271]
- [224, 225, 273, 272]
- [225, 226, 274, 273]
- [226, 227, 275, 274]
- [227, 228, 276, 275]
- [228, 229, 277, 276]
- [229, 230, 278, 277]
- [230, 231, 279, 278]
- [231, 232, 280, 279]
- [232, 233, 281, 280]
- [233, 234, 282, 281]
- [234, 235, 283, 282]
- [235, 236, 284, 283]
- [236, 237, 285, 284]
- [237, 238, 286, 285]
- [238, 239, 287, 286]
- [239, 240, 288, 287]
- [240, 193, 241, 288]
- [241, 242, 290, 289]
- [242, 243, 291, 290]
- [243, 244, 292, 291]
- [244, 245, 293, 292]
- [245, 246, 294, 293]
- [246, 247, 295, 294]
- [247, 248, 296, 295]
- [248, 249, 297, 296]
- [249, 250, 298, 297]
- [250, 251, 299, 298]
- [251, 252, 300, 299]
- [252, 253, 301, 300]
- [253, 254, 302, 301]
- [254, 255, 303, 302]
- [255, 256, 304, 303]
- [256, 257, 305, 304]
- [257, 258, 306, 305]
- [258, 259, 307, 306]
- [259, 260, 308, 307]
- [260, 261, 309, 308]
- [261, 262, 310, 309]
- [262, 263, 311, 310]
- [263, 264, 312, 311]
- [264, 265, 313, 312]
- [265, 266, 314, 313]
- [266, 267, 315, 314]
- [267, 268, 316, 315]
- [268, 269, 317, 316]
- [269, 270, 318, 317]
- [270, 271, 319, 318]
- [271, 272, 320, 319]
- [272, 273, 321, 320]
- [273, 274, 322, 321]
- [274, 275, 323, 322]
- [275, 276, 324, 323]
- [276, 277, 325, 324]
- [277, 278, 326, 325]
- [278, 279, 327, 326]
- [279, 280, 328, 327]
- [280, 281, 329, 328]
- [281, 282, 330, 329]
- [282, 283, 331, 330]
- [283, 284, 332, 331]
- [284, 285, 333, 332]
- [285, 286, 334, 333]
- [286, 287, 335, 334]
- [287, 288, 336, 335]
- [288, 241, 289, 336]
- [289, 290, 338, 337]
- [290, 291, 339, 338]
- [291, 292, 340, 339]
- [292, 293, 341, 340]
- [293, 294, 342, 341]
- [294, 295, 343, 342]
- [295, 296, 344, 343]
- [296, 297, 345, 344]
- [297, 298, 346, 345]
- [298, 299, 347, 346]
- [299, 300, 348, 347]
- [300, 301, 349, 348]
- [301, 302, 350, 349]
- [302, 303, 351, 350]
- [303, 304, 352, 351]
- [304, 305, 353, 352]
- [305, 306, 354, 353]
- [306, 307, 355, 354]
- [307, 308, 356, 355]
- [308, 309, 357, 356]
- [309, 310, 358, 357]
- [310, 311, 359, 358]
- [311, 312, 360, 359]
- [312, 313, 361, 360]
- [313, 314, 362, 361]
- [314, 315, 363, 362]
- [315, 316, 364, 363]
- [316, 317, 365, 364]
- [317, 318, 366, 365]
- [318, 319, 367, 366]
- [319, 320, 368, 367]
- [320, 321, 369, 368]
- [321, 322, 370, 369]
- [322, 323, 371, 370]
- [323, 324, 372, 371]
- [324, 325, 373, 372]
- [325, 326, 374, 373]
- [326, 327, 375, 374]
- [327, 328, 376, 375]
- [328, 329, 377, 376]
- [329, 330, 378, 377]
- [330, 331, 379, 378]
- [331, 332, 380, 379]
- [332, 333, 381, 380]
- [333, 334, 382, 381]
- [334, 335, 383, 382]
- [335, 336, 384, 383]
- [336, 289, 337, 384]
- [337, 338, 386, 385]
- [338, 339, 387, 386]
- [339, 340, 388, 387]
- [340, 341, 389, 388]
- [341, 342, 390, 389]
- [342, 343, 391, 390]
- [343, 344, 392, 391]
- [344, 345, 393, 392]
- [345, 346, 394, 393]
- [346, 347, 395, 394]
- [347, 348, 396, 395]
- [348, 349, 397, 396]
- [349, 350, 398, 397]
- [350, 351, 399, 398]
- [351, 352, 400, 399]
- [352, 353, 401, 400]
- [353, 354, 402, 401]
- [354, 355, 403, 402]
- [355, 356, 404, 403]
- [356, 357, 405, 404]
- [357, 358, 406, 405]
- [358, 359, 407, 406]
- [359, 360, 408, 407]
- [360, 361, 409, 408]
- [361, 362, 410, 409]
- [362, 363, 411, 410]
- [363, 364, 412, 411]
- [364, 365, 413, 412]
- [365, 366, 414, 413]
- [366, 367, 415, 414]
- [367, 368, 416, 415]
- [368, 369, 417, 416]
- [369, 370, 418, 417]
- [370, 371, 419, 418]
- [371, 372, 420, 419]
- [372, 373, 421, 420]
- [373, 374, 422, 421]
- [374, 375, 423, 422]
- [375, 376, 424, 423]
- [376, 377, 425, 424]
- [377, 378, 426, 425]
- [378, 379, 427, 426]
- [379, 380, 428, 427]
- [380, 381, 429, 428]
- [381, 382, 430, 429]
- [382, 383, 431, 430]
- [383, 384, 432, 431]
- [384, 337, 385, 432]
- [385, 386, 434, 433]
- [386, 387, 435, 434]
- [387, 388, 436, 435]
- [388, 389, 437, 436]
- [389, 390, 438, 437]
- [390, 391, 439, 438]
- [391, 392, 440, 439]
- [392, 393, 441, 440]
- [393, 394, 442, 441]
- [394, 395, 443, 442]
- [395, 396, 444, 443]
- [396, 397, 445, 444]
- [397, 398, 446, 445]
- [398, 399, 447, 446]
- [399, 400, 448, 447]
- [400, 401, 449, 448]
- [401, 402, 450, 449]
- [402, 403, 451, 450]
- [403, 404, 452, 451]
- [404, 405, 453, 452]
- [405, 406, 454, 453]
- [406, 407, 455, 454]
- [407, 408, 456, 455]
- [408, 409, 457, 456]
- [409, 410, 458, 457]
- [410, 411, 459, 458]
- [411, 412, 460, 459]
- [412, 413, 461, 460]
- [413, 414, 462, 461]
- [414, 415, 463, 462]
- [415, 416, 464, 463]
- [416, 417, 465, 464]
- [417, 418, 466, 465]
- [418, 419, 467, 466]
- [419, 420, 468, 467]
- [420, 421, 469, 468]
- [421, 422, 470, 469]
- [422, 423, 471, 470]
- [423, 424, 472, 471]
- [424, 425, 473, 472]
- [425, 426, 474, 473]
- [426, 427, 475, 474]
- [427, 428, 476, 475]
- [428, 429, 477, 476]
- [429, 430, 478, 477]
- [430, 431, 479, 478]
- [431, 432, 480, 479]
- [432, 385, 433, 480]
- [433, 434, 482, 481]
- [434, 435, 483, 482]
- [435, 436, 484, 483]
- [436, 437, 485, 484]
- [437, 438, 486, 485]
- [438, 439, 487, 486]
- [439, 440, 488, 487]
- [440, 441, 489, 488]
- [441, 442, 490, 489]
- [442, 443, 491, 490]
- [443, 444, 492, 491]
- [444, 445, 493, 492]
- [445, 446, 494, 493]
- [446, 447, 495, 494]
- [447, 448, 496, 495]
- [448, 449, 497, 496]
- [449, 450, 498, 497]
- [450, 451, 499, 498]
- [451, 452, 500, 499]
- [452, 453, 501, 500]
- [453, 454, 502, 501]
- [454, 455, 503, 502]
- [455, 456, 504, 503]
- [456, 457, 505, 504]
- [457, 458, 506, 505]
- [458, 459, 507, 506]
- [459, 460, 508, 507]
- [460, 461, 509, 508]
- [461, 462, 510, 509]
- [462, 463, 511, 510]
- [463, 464, 512, 511]
- [464, 465, 513, 512]
- [465, 466, 514, 513]
- [466, 467, 515, 514]
- [467, 468, 516, 515]
- [468, 469, 517, 516]
- [469, 470, 518, 517]
- [470, 471, 519, 518]
- [471, 472, 520, 519]
- [472, 473, 521, 520]
- [473, 474, 522, 521]
- [474, 475, 523, 522]
- [475, 476, 524, 523]
- [476, 477, 525, 524]
- [477, 478, 526, 525]
- [478, 479, 527, 526]
- [479, 480, 528, 527]
- [480, 433, 481, 528]
sections:
- elementSet: wall
  layup:
  - [ani, 0.2, -45.0]
sets:
  element:
  - name: wall
    labels: [1, 2, 3, 4, 5, 6, 7, 8, 9, 10, 11, 12, 13, 14, 15, 16, 17, 18, 19, 20,
      21, 22, 23, 24, 25, 26, 27, 28, 29, 30, 31, 32, 33, 34, 35, 36, 37, 38, 39,
      40, 41, 42, 43, 44, 45, 46, 47, 48, 49, 50, 51, 52, 53, 54, 55, 56, 57, 58,
      59, 60, 61, 62, 63, 64, 65, 66, 67, 68, 69, 70, 71, 72, 73, 74, 75, 76, 77,
      78, 79, 80, 81, 82, 83, 84, 85, 86, 87, 88, 89, 90, 91, 92, 93, 94, 95, 96,
      97, 98, 99, 100, 101, 102, 103, 104, 105, 106, 107, 108, 109, 110, 111, 112,
      113, 114, 115, 116, 117, 118, 119, 120, 121, 122, 123, 124, 125, 126, 127, 128,
      129, 130, 131, 132, 133, 134, 135, 136, 137, 138, 139, 140, 141, 142, 143, 144,
      145, 146, 147, 148, 149, 150, 151, 152, 153, 154, 155, 156, 157, 158, 159, 160,
      161, 162, 163, 164, 165, 166, 167, 168, 169, 170, 171, 172, 173, 174, 175, 176,
      177, 178, 179, 180, 181, 182, 183, 184, 185, 186, 187, 188, 189, 190, 191, 192,
      193, 194, 195, 196, 197, 198, 199, 200, 201, 202, 203, 204, 205, 206, 207, 208,
      209, 210, 211, 212, 213, 214, 215, 216, 217, 218, 219, 220, 221, 222, 223, 224,
      225, 226, 227, 228, 229, 230, 231, 232, 233, 234, 235, 236, 237, 238, 239, 240,
      241, 242, 243, 244, 245, 246, 247, 248, 249, 250, 251, 252, 253, 254, 255, 256,
      257, 258, 259, 260, 261, 262, 263, 264, 265, 266, 267, 268, 269, 270, 271, 272,
      273, 274, 275, 276, 277, 278, 279, 280, 281, 282, 283, 284, 285, 286, 287, 288,
      289, 290, 291, 292, 293, 294, 295, 296, 297, 298, 299, 300, 301, 302, 303, 304,
      305, 306, 307, 308, 309, 310, 311, 312, 313, 314, 315, 316, 317, 318, 319, 320,
      321, 322, 323, 324, 325, 326, 327, 328, 329, 330, 331, 332, 333, 334, 335, 336,
      337, 338, 339, 340, 341, 342, 343, 344, 345, 346, 347, 348, 349, 350, 351, 352,
      353, 354, 355, 356, 357, 358, 359, 360, 361, 362, 363, 364, 365, 366, 367, 368,
      369, 370, 371, 372, 373, 374, 375, 376, 377, 378, 379, 380, 381, 382, 383, 384,
      385, 386, 387, 388, 389, 390, 391, 392, 393, 394, 395, 396, 397, 398, 399, 400,
      401, 402, 403, 404, 405, 406, 407, 408, 409, 410, 411, 412, 413, 414, 415, 416,
      417, 418, 419, 420, 421, 422, 423, 424, 425, 426, 427, 428, 429, 430, 431, 432,
      433, 434, 435, 436, 437, 438, 439, 440, 441, 442, 443, 444, 445, 446, 447, 448,
      449, 450, 451, 452, 453, 454, 455, 456, 457, 458, 459, 460, 461, 462, 463, 464,
      465, 466, 467, 468, 469, 470, 471, 472, 473, 474, 475, 476, 477, 478, 479, 480]
materials:
- name: ani
  density: 1800.0
  elastic:
    E: [37000000000.0, 9000000000.0, 9000000000.0]
    G: [4000000000.0, 4000000000.0, 4000000000.0]
    nu: [0.3, 0.3, 0.3]
elementOrientations:
- [-0.1469877591853743, 0.13473877925325978, 0.9799183945691619, 0.01998721154169681,
  0.9908811540065445, -0.13324807694464538, -0.9889363528682975, -0.0, -0.14834045293024464]
- [-0.14743082804014832, 0.11057312103011123, 0.9828721869343219, 0.016402466855517463,
  0.9938679916898725, -0.10934977903678306, -0.9889363528682975, -0.0, -0.14834045293024464]
- [-0.1477881824878356, 0.0862097731179041, 0.9852545499189038, 0.012788396791323525,
  0.9962770071716799, -0.08525597860882349, -0.9889363528682975, -0.0, -0.14834045293024464]
- [-0.14805791019359146, 0.06169079591399645, 0.9870527346239429, 0.00915124060750952,
  0.9980953089257046, -0.06100827071673012, -0.9889363528682975, -0.0, -0.14834045293024464]
- [-0.14823855129807062, 0.037059637824517655, 0.988257008653804, 0.0054974434603197765,
  0.9993130556759056, -0.0366496230687985, -0.9889363528682976, -0.0, -0.14834045293024467]
- [-0.1483291201480034, 0.012360760012333613, 0.9888608009866892, 0.001833600738791625,
  0.9999236028876994, -0.012224004925277499, -0.9889363528682975, -0.0, -0.14834045293024464]
- [-0.1483291201480034, -0.012360760012333622, 0.9888608009866892, -0.0018336007387916263,
  0.9999236028876994, 0.012224004925277508, -0.9889363528682975, -0.0, -0.14834045293024464]
- [-0.14823855129807062, -0.037059637824517655, 0.988257008653804, -0.0054974434603197765,
  0.9993130556759056, 0.0366496230687985, -0.9889363528682976, -0.0, -0.14834045293024467]
- [-0.14805791019359146, -0.061690795913996434, 0.9870527346239429, -0.009151240607509518,
  0.9980953089257046, 0.06100827071673011, -0.9889363528682975, -0.0, -0.14834045293024464]
- [-0.1477881824878356, -0.0862097731179041, 0.9852545499189038, -0.012788396791323525,
  0.9962770071716799, 0.08525597860882349, -0.9889363528682975, -0.0, -0.14834045293024464]
- [-0.14743082804014832, -0.11057312103011123, 0.9828721869343219, -0.016402466855517463,
  0.9938679916898725, 0.10934977903678306, -0.9889363528682975, -0.0, -0.14834045293024464]
- [-0.1469877591853743, -0.13473877925325978, 0.9799183945691619, -0.01998721154169681,
  0.9908811540065445, 0.13324807694464538, -0.9889363528682975, -0.0, -0.14834045293024464]
- [-0.13473877925325978, -0.1469877591853743, 0.9799183945691619, -0.9908811540065445,
  0.01998721154169681, -0.13324807694464538, 0.0, -0.9889363528682975, -0.14834045293024464]
- [-0.11057312103011123, -0.14743082804014832, 0.9828721869343219, -0.9938679916898725,
  0.016402466855517463, -0.10934977903678306, 0.0, -0.9889363528682975, -0.14834045293024464]
- [-0.0862097731179041, -0.1477881824878356, 0.9852545499189038, -0.9962770071716799,
  0.012788396791323525, -0.08525597860882349, 0.0, -0.9889363528682975, -0.14834045293024464]
- [-0.06169079591399645, -0.14805791019359146, 0.9870527346239429, -0.9980953089257046,
  0.00915124060750952, -0.06100827071673012, 0.0, -0.9889363528682975, -0.14834045293024464]
- [-0.037059637824517655, -0.14823855129807062, 0.988257008653804, -0.9993130556759056,
  0.0054974434603197765, -0.0366496230687985, 0.0, -0.9889363528682976, -0.14834045293024467]
- [-0.012360760012333613, -0.1483291201480034, 0.9888608009866892, -0.9999236028876994,
  0.001833600738791625, -0.012224004925277499, 0.0, -0.9889363528682975, -0.14834045293024464]
- [0.012360760012333622, -0.1483291201480034, 0.9888608009866892, -0.9999236028876994,
  -0.0018336007387916263, 0.012224004925277508, 0.0, -0.9889363528682975, -0.14834045293024464]
- [0.037059637824517655, -0.14823855129807062, 0.988257008653804, -0.9993130556759056,
  -0.0054974434603197765, 0.0366496230687985, 0.0, -0.9889363528682976, -0.14834045293024467]
- [0.061690795913996434, -0.14805791019359146, 0.9870527346239429, -0.9980953089257046,
  -0.009151240607509518, 0.06100827071673011, 0.0, -0.9889363528682975, -0.14834045293024464]
- [0.0862097731179041, -0.1477881824878356, 0.9852545499189038, -0.9962770071716799,
  -0.012788396791323525, 0.08525597860882349, 0.0, -0.9889363528682975, -0.14834045293024464]
- [0.11057312103011123, -0.14743082804014832, 0.9828721869343219, -0.9938679916898725,
  -0.016402466855517463, 0.10934977903678306, 0.0, -0.9889363528682975, -0.14834045293024464]
- [0.13473877925325978, -0.1469877591853743, 0.9799183945691619, -0.9908811540065445,
  -0.01998721154169681, 0.13324807694464538, 0.0, -0.9889363528682975, -0.14834045293024464]
- [0.1469877591853743, -0.13473877925325978, 0.9799183945691619, -0.01998721154169681,
  -0.9908811540065445, -0.13324807694464538, 0.9889363528682975, 0.0, -0.14834045293024464]
- [0.14743082804014832, -0.11057312103011123, 0.9828721869343219, -0.016402466855517463,
  -0.9938679916898725, -0.10934977903678306, 0.9889363528682975, 0.0, -0.14834045293024464]
- [0.1477881824878356, -0.0862097731179041, 0.9852545499189038, -0.012788396791323525,
  -0.9962770071716799, -0.08525597860882349, 0.9889363528682975, 0.0, -0.14834045293024464]
- [0.14805791019359146, -0.06169079591399645, 0.9870527346239429, -0.00915124060750952,
  -0.9980953089257046, -0.06100827071673012, 0.9889363528682975, 0.0, -0.14834045293024464]
- [0.14823855129807062, -0.037059637824517655, 0.988257008653804, -0.0054974434603197765,
  -0.9993130556759056, -0.0366496230687985, 0.9889363528682976, 0.0, -0.14834045293024467]
- [0.1483291201480034, -0.012360760012333613, 0.9888608009866892, -0.001833600738791625,
  -0.9999236028876994, -0.012224004925277499, 0.9889363528682975, 0.0, -0.14834045293024464]
- [0.1483291201480034, 0.012360760012333622, 0.9888608009866892, 0.0018336007387916263,
  -0.9999236028876994, 0.012224004925277508, 0.9889363528682975, 0.0, -0.14834045293024464]
- [0.14823855129807062, 0.037059637824517655, 0.988257008653804, 0.0054974434603197765,
  -0.9993130556759056, 0.0366496230687985, 0.9889363528682976, 0.0, -0.14834045293024467]
- [0.14805791019359146, 0.061690795913996434, 0.9870527346239429, 0.009151240607509518,
  -0.9980953089257046, 0.06100827071673011, 0.9889363528682975, 0.0, -0.14834045293024464]
- [0.1477881824878356, 0.0862097731179041, 0.9852545499189038, 0.012788396791323525,
  -0.9962770071716799, 0.08525597860882349, 0.9889363528682975, 0.0, -0.14834045293024464]
- [0.14743082804014832, 0.11057312103011123, 0.9828721869343219, 0.016402466855517463,
  -0.9938679916898725, 0.10934977903678306, 0.9889363528682975, 0.0, -0.14834045293024464]
- [0.1469877591853743, 0.13473877925325978, 0.9799183945691619, 0.01998721154169681,
  -0.9908811540065445, 0.13324807694464538, 0.9889363528682975, 0.0, -0.14834045293024464]
- [0.13473877925325978, 0.1469877591853743, 0.9799183945691619, 0.9908811540065445,
  -0.01998721154169681, -0.13324807694464538, -0.0, 0.9889363528682975, -0.14834045293024464]
- [0.11057312103011123, 0.14743082804014832, 0.9828721869343219, 0.9938679916898725,
  -0.016402466855517463, -0.10934977903678306, -0.0, 0.9889363528682975, -0.14834045293024464]
- [0.0862097731179041, 0.1477881824878356, 0.9852545499189038, 0.9962770071716799,
  -0.012788396791323525, -0.08525597860882349, -0.0, 0.9889363528682975, -0.14834045293024464]
- [0.06169079591399645, 0.14805791019359146, 0.9870527346239429, 0.9980953089257046,
  -0.00915124060750952, -0.06100827071673012, -0.0, 0.9889363528682975, -0.14834045293024464]
- [0.037059637824517655, 0.14823855129807062, 0.988257008653804, 0.9993130556759056,
  -0.0054974434603197765, -0.0366496230687985, -0.0, 0.9889363528682976, -0.14834045293024467]
- [0.012360760012333613, 0.1483291201480034, 0.9888608009866892, 0.9999236028876994,
  -0.001833600738791625, -0.012224004925277499, -0.0, 0.9889363528682975, -0.14834045293024464]
- [-0.012360760012333622, 0.1483291201480034, 0.9888608009866892, 0.9999236028876994,
  0.0018336007387916263, 0.012224004925277508, -0.0, 0.9889363528682975, -0.14834045293024464]
- [-0.037059637824517655, 0.14823855129807062, 0.988257008653804, 0.9993130556759056,
  0.0054974434603197765, 0.0366496230687985, -0.0, 0.9889363528682976, -0.14834045293024467]
- [-0.061690795913996434, 0.14805791019359146, 0.9870527346239429, 0.9980953089257046,
  0.009151240607509518, 0.06100827071673011, -0.0, 0.9889363528682975, -0.14834045293024464]
- [-0.0862097731179041, 0.1477881824878356, 0.9852545499189038, 0.9962770071716799,
  0.012788396791323525, 0.08525597860882349, -0.0, 0.9889363528682975, -0.14834045293024464]
- [-0.11057312103011123, 0.14743082804014832, 0.9828721869343219, 0.9938679916898725,
  0.016402466855517463, 0.10934977903678306, -0.0, 0.9889363528682975, -0.14834045293024464]
- [-0.13473877925325978, 0.1469877591853743, 0.9799183945691619, 0.9908811540065445,
  0.01998721154169681, 0.13324807694464538, -0.0, 0.9889363528682975, -0.14834045293024464]
- [-0.1469877591853743, 0.13473877925325978, 0.9799183945691619, 0.01998721154169681,
  0.9908811540065445, -0.13324807694464538, -0.9889363528682975, -0.0, -0.14834045293024464]
- [-0.14743082804014832, 0.11057312103011123, 0.9828721869343219, 0.016402466855517463,
  0.9938679916898725, -0.10934977903678306, -0.9889363528682975, -0.0, -0.14834045293024464]
- [-0.1477881824878356, 0.0862097731179041, 0.9852545499189038, 0.012788396791323525,
  0.9962770071716799, -0.08525597860882349, -0.9889363528682975, -0.0, -0.14834045293024464]
- [-0.14805791019359146, 0.06169079591399645, 0.9870527346239429, 0.00915124060750952,
  0.9980953089257046, -0.06100827071673012, -0.9889363528682975, -0.0, -0.14834045293024464]
- [-0.14823855129807062, 0.037059637824517655, 0.988257008653804, 0.0054974434603197765,
  0.9993130556759056, -0.0366496230687985, -0.9889363528682976, -0.0, -0.14834045293024467]
- [-0.1483291201480034, 0.012360760012333613, 0.9888608009866892, 0.001833600738791625,
  0.9999236028876994, -0.012224004925277499, -0.9889363528682975, -0.0, -0.14834045293024464]
- [-0.1483291201480034, -0.012360760012333622, 0.9888608009866892, -0.0018336007387916263,
  0.9999236028876994, 0.012224004925277508, -0.9889363528682975, -0.0, -0.14834045293024464]
- [-0.14823855129807062, -0.037059637824517655, 0.988257008653804, -0.0054974434603197765,
  0.9993130556759056, 0.0366496230687985, -0.9889363528682976, -0.0, -0.14834045293024467]
- [-0.14805791019359146, -0.061690795913996434, 0.9870527346239429, -0.009151240607509518,
  0.9980953089257046, 0.06100827071673011, -0.9889363528682975, -0.0, -0.14834045293024464]
- [-0.1477881824878356, -0.0862097731179041, 0.9852545499189038, -0.012788396791323525,
  0.9962770071716799, 0.08525597860882349, -0.9889363528682975, -0.0, -0.14834045293024464]
