nodes:
- [0.0715000000 0.0000000000 0.0]
- [0.0712795894 0.0056098253 0.0]
- [0.0706197164 0.0111850643 0.0]
- [0.0695244493 0.0166913435 0.0]
- [0.0680005409 0.0220947151 0.0]
- [0.0660573866 0.0273618654 0.0]
- [0.0637069665 0.0324603207 0.0]
- [0.0609637718 0.0373586474 0.0]
- [0.0578447151 0.0420266455 0.0]
- [0.0543690265 0.0464355355 0.0]
- [0.0505581349 0.0505581349 0.0]
- [0.0464355355 0.0543690265 0.0]
- [0.0420266455 0.0578447151 0.0]
- [0.0373586474 0.0609637718 0.0]
- [0.0324603207 0.0637069665 0.0]
- [0.0273618654 0.0660573866 0.0]
- [0.0220947151 0.0680005409 0.0]
- [0.0166913435 0.0695244493 0.0]
- [0.0111850643 0.0706197164 0.0]
- [0.0056098253 0.0712795894 0.0]
- [0.0000000000 0.0715000000 0.0]
- [-0.0056098253 0.0712795894 0.0]
- [-0.0111850643 0.0706197164 0.0]
- [-0.0166913435 0.0695244493 0.0]
- [-0.0220947151 0.0680005409 0.0]
- [-0.0273618654 0.0660573866 0.0]
- [-0.0324603207 0.0637069665 0.0]
- [-0.0373586474 0.0609637718 0.0]
- [-0.0420266455 0.0578447151 0.0]
- [-0.0464355355 0.0543690265 0.0]
- [-0.0505581349 0.0505581349 0.0]
- [-0.0543690265 0.0464355355 0.0]
- [-0.0578447151 0.0420266455 0.0]
- [-0.0609637718 0.0373586474 0.0]
- [-0.0637069665 0.0324603207 0.0]
- [-0.0660573866 0.0273618654 0.0]
- [-0.0680005409 0.0220947151 0.0]
- [-0.0695244493 0.0166913435 0.0]
- [-0.0706197164 0.0111850643 0.0]
- [-0.0712795894 0.0056098253 0.0]
- [-0.0715000000 0.0000000000 0.0]
- [-0.0712795894 -0.0056098253 0.0]
- [-0.0706197164 -0.0111850643 0.0]
- [-0.0695244493 -0.0166913435 0.0]
- [-0.0680005409 -0.0220947151 0.0]
- [-0.0660573866 -0.0273618654 0.0]
- [-0.0637069665 -0.0324603207 0.0]
- [-0.0609637718 -0.0373586474 0.0]
- [-0.0578447151 -0.0420266455 0.0]
- [-0.0543690265 -0.0464355355 0.0]
- [-0.0505581349 -0.0505581349 0.0]
- [-0.0464355355 -0.0543690265 0.0]
- [-0.0420266455 -0.0578447151 0.0]
- [-0.0373586474 -0.0609637718 0.0]
- [-0.0324603207 -0.0637069665 0.0]
- [-0.0273618654 -0.0660573866 0.0]
- [-0.0220947151 -0.0680005409 0.0]
- [-0.0166913435 -0.0695244493 0.0]
- [-0.0111850643 -0.0706197164 0.0]
- [-0.0056098253 -0.0712795894 0.0]
- [-0.0000000000 -0.0715000000 0.0]
- [0.0056098253 -0.0712795894 0.0]
- [0.0111850643 -0.0706197164 0.0]
- [0.0166913435 -0.0695244493 0.0]
- [0.0220947151 -0.0680005409 0.0]
- [0.0273618654 -0.0660573866 0.0]
- [0.0324603207 -0.0637069665 0.0]
- [0.0373586474 -0.0609637718 0.0]
- [0.0420266455 -0.0578447151 0.0]
- [0.0464355355 -0.0543690265 0.0]
- [0.0505581349 -0.0505581349 0.0]
- [0.0543690265 -0.0464355355 0.0]
- [0.0578447151 -0.0420266455 0.0]
- [0.0609637718 -0.0373586474 0.0]
- [0.0637069665 -0.0324603207 0.0]
- [0.0660573866 -0.0273618654 0.0]
- [0.0680005409 -0.0220947151 0.0]
- [0.0695244493 -0.0166913435 0.0]
- [0.0706197164 -0.0111850643 0.0]
- [0.0712795894 -0.0056098253 0.0]
elements:
- [1 2]
- [2 3]
- [3 4]
- [4 5]
- [5 6]
- [6 7]
- [7 8]
- [8 9]
- [9 10]
- [10 11]
- [11 12]
- [12 13]
- [13 14]
- [14 15]
- [15 16]
- [16 17]
- [17 18]
- [18 19]
- [19 20]
- [20 21]
- [21 22]
- [22 23]
- [23 24]
- [24 25]
- [25 26]
- [26 27]
- [27 28]
- [28 29]
- [29 30]
- [30 31]
- [31 32]
- [32 33]
- [33 34]
- [34 35]
- [35 36]
- [36 37]
- [37 38]
- [38 39]
- [39 40]
- [40 41]
- [41 42]
- [42 43]
- [43 44]
- [44 45]
- [45 46]
- [46 47]
- [47 48]
- [48 49]
- [49 50]
- [50 51]
- [51 52]
- [52 53]
- [53 54]
- [54 55]
- [55 56]
- [56 57]
- [57 58]
- [58 59]
- [59 60]
- [60 61]
- [61 62]
- [62 63]
- [63 64]
- [64 65]
- [65 66]
- [66 67]
- [67 68]
- [68 69]
- [69 70]
- [70 71]
- [71 72]
- [72 73]
- [73 74]
- [74 75]
- [75 76]
- [76 77]
- [77 78]
- [78 79]
- [79 80]
- [80 1]
sets:
  element:
  - name: tube
    labels:
    - 1
    - 2
    - 3
    - 4
    - 5
    - 6
    - 7
    - 8
    - 9
    - 10
    - 11
    - 12
    - 13
    - 14
    - 15
    - 16
    - 17
    - 18
    - 19
    - 20
    - 21
    - 22
    - 23
    - 24
    - 25
    - 26
    - 27
    - 28
    - 29
    - 30
    - 31
    - 32
    - 33
    - 34
    - 35
    - 36
    - 37
    - 38
    - 39
    - 40
    - 41
    - 42
    - 43
    - 44
    - 45
    - 46
    - 47
    - 48
    - 49
    - 50
    - 51
    - 52
    - 53
    - 54
    - 55
    - 56
    - 57
    - 58
    - 59
    - 60
    - 61
    - 62
    - 63
    - 64
    - 65
    - 66
    - 67
    - 68
    - 69
    - 70
    - 71
    - 72
    - 73
    - 74
    - 75
    - 76
    - 77
    - 78
    - 79
    - 80
sections:
- type: shell
  elementSet: tube
  layup:
  - - mat
    - 0.008682
    - -45.0
materials:
- name: mat
  density: 1860.0
  elastic:
    E:
    - 37000000000.0
    - 9000000000.0
    - 9000000000.0
    G:
    - 4000000000.0
    - 4000000000.0
    - 4000000000.0
    nu:
    - 0.28
    - 0.28
    - 0.28
elementOrientations:
- [0.0, 0.0, 1.0, -0.039259815759069706, 0.9992290362407229, 0.0, -0.999229036240723,
  -0.03925981575906861, 0.0]
- [0.0, 0.0, 1.0, -0.11753739745783554, 0.9930684569549265, 0.0, -0.9930684569549263,
  -0.11753739745783763, 0.0]
- [0.0, 0.0, 1.0, -0.19509032201613052, 0.98078528040323, 0.0, -0.9807852804032303,
  -0.19509032201612828, 0.0]
- [0.0, 0.0, 1.0, -0.2714404498650727, 0.9624552364536477, 0.0, -0.9624552364536473,
  -0.27144044986507426, 0.0]
- [0.0, 0.0, 1.0, -0.3461170570774937, 0.9381913359224838, 0.0, -0.9381913359224842,
  -0.34611705707749296, 0.0]
- [0.0, 0.0, 1.0, -0.4186597375374271, 0.9081431738250818, 0.0, -0.9081431738250813,
  -0.4186597375374281, 0.0]
- [0.0, 0.0, 1.0, -0.4886212414969564, 0.8724960070727962, 0.0, -0.8724960070727972,
  -0.4886212414969549, 0.0]
- [0.0, 0.0, 1.0, -0.555570233019601, 0.8314696123025461, 0.0, -0.8314696123025452,
  -0.5555702330196022, 0.0]
- [0.0, 0.0, 1.0, -0.6190939493098341, 0.7853169308807448, 0.0, -0.785316930880745,
  -0.619093949309834, 0.0]
- [0.0, 0.0, 1.0, -0.6788007455329416, 0.7343225094356857, 0.0, -0.7343225094356857,
  -0.6788007455329418, 0.0]
- [0.0, 0.0, 1.0, -0.7343225094356863, 0.6788007455329409, 0.0, -0.6788007455329419,
  -0.7343225094356854, 0.0]
- [0.0, 0.0, 1.0, -0.7853169308807442, 0.619093949309835, 0.0, -0.6190939493098341,
  -0.7853169308807448, 0.0]
- [0.0, 0.0, 1.0, -0.8314696123025458, 0.5555702330196016, 0.0, -0.5555702330196022,
  -0.8314696123025452, 0.0]
- [0.0, 0.0, 1.0, -0.8724960070727976, 0.488621241496954, 0.0, -0.488621241496955,
  -0.872496007072797, 0.0]
- [0.0, 0.0, 1.0, -0.9081431738250807, 0.41865973753742936, 0.0, -0.41865973753742813,
  -0.9081431738250813, 0.0]
- [0.0, 0.0, 1.0, -0.9381913359224838, 0.3461170570774937, 0.0, -0.3461170570774931,
  -0.9381913359224842, 0.0]
- [0.0, 0.0, 1.0, -0.9624552364536476, 0.27144044986507265, 0.0, -0.2714404498650743,
  -0.9624552364536473, 0.0]
- [0.0, 0.0, 1.0, -0.98078528040323, 0.19509032201613058, 0.0, -0.19509032201612836,
  -0.9807852804032303, 0.0]
- [0.0, 0.0, 1.0, -0.9930684569549265, 0.11753739745783552, 0.0, -0.11753739745783771,
  -0.9930684569549263, 0.0]
- [0.0, 0.0, 1.0, -0.9992290362407229, 0.039259815759069706, 0.0, -0.03925981575906867,
  -0.999229036240723, 0.0]
- [0.0, 0.0, 1.0, -0.9992290362407229, -0.03925981575906971, 0.0, 0.03925981575906854,
  -0.999229036240723, 0.0]
- [0.0, 0.0, 1.0, -0.9930684569549265, -0.11753739745783583, 0.0, 0.11753739745783746,
  -0.9930684569549263, 0.0]
- [0.0, 0.0, 1.0, -0.9807852804032307, -0.19509032201612775, 0.0, 0.1950903220161281,
  -0.9807852804032305, 0.0]
- [0.0, 0.0, 1.0, -0.9624552364536472, -0.2714404498650748, 0.0, 0.27144044986507415,
  -0.9624552364536473, 0.0]
- [0.0, 0.0, 1.0, -0.9381913359224838, -0.3461170570774937, 0.0, 0.34611705707749296,
  -0.9381913359224842, 0.0]
- [0.0, 0.0, 1.0, -0.9081431738250817, -0.4186597375374273, 0.0, 0.418659737537428,
  -0.9081431738250813, 0.0]
- [0.0, 0.0, 1.0, -0.8724960070727971, -0.48862124149695496, 0.0, 0.48862124149695485,
  -0.8724960070727972, 0.0]
- [0.0, 0.0, 1.0, -0.8314696123025451, -0.5555702330196024, 0.0, 0.5555702330196022,
  -0.8314696123025453, 0.0]
- [0.0, 0.0, 1.0, -0.7853169308807455, -0.6190939493098333, 0.0, 0.619093949309834,
  -0.7853169308807451, 0.0]
- [0.0, 0.0, 1.0, -0.7343225094356857, -0.6788007455329417, 0.0, 0.6788007455329417,
  -0.7343225094356857, 0.0]
- [0.0, 0.0, 1.0, -0.6788007455329422, -0.734322509435685, 0.0, 0.7343225094356854,
  -0.6788007455329417, 0.0]
- [0.0, 0.0, 1.0, -0.6190939493098333, -0.7853169308807455, 0.0, 0.7853169308807448,
  -0.6190939493098341, 0.0]
- [0.0, 0.0, 1.0, -0.5555702330196018, -0.8314696123025456, 0.0, 0.8314696123025452,
  -0.5555702330196023, 0.0]
- [0.0, 0.0, 1.0, -0.4886212414969546, -0.8724960070727973, 0.0, 0.872496007072797,
  -0.488621241496955, 0.0]
- [0.0, 0.0, 1.0, -0.41865973753742913, -0.9081431738250809, 0.0, 0.9081431738250813,
  -0.4186597375374282, 0.0]
- [0.0, 0.0, 1.0, -0.3461170570774937, -0.9381913359224838, 0.0, 0.9381913359224842,
  -0.3461170570774931, 0.0]
- [0.0, 0.0, 1.0, -0.2714404498650727, -0.9624552364536477, 0.0, 0.9624552364536473,
  -0.2714404498650744, 0.0]
- [0.0, 0.0, 1.0, -0.19509032201612822, -0.9807852804032305, 0.0, 0.9807852804032303,
  -0.1950903220161284, 0.0]
- [0.0, 0.0, 1.0, -0.11753739745783798, -0.9930684569549263, 0.0, 0.9930684569549263,
  -0.11753739745783778, 0.0]
- [0.0, 0.0, 1.0, -0.039259815759069706, -0.9992290362407229, 0.0, 0.999229036240723,
  -0.03925981575906873, 0.0]
- [0.0, 0.0, 1.0, 0.039259815759067465, -0.999229036240723, 0.0, 0.999229036240723,
  0.03925981575906826, 0.0]
- [0.0, 0.0, 1.0, 0.1175373974578373, -0.9930684569549263, 0.0, 0.9930684569549263,
  0.11753739745783727, 0.0]
- [0.0, 0.0, 1.0, 0.19509032201612822, -0.9807852804032305, 0.0, 0.9807852804032304,
  0.1950903220161281, 0.0]
- [0.0, 0.0, 1.0, 0.271440449865074, -0.9624552364536474, 0.0, 0.9624552364536475,
  0.27144044986507393, 0.0]
- [0.0, 0.0, 1.0, 0.34611705707749185, -0.9381913359224845, 0.0, 0.9381913359224842,
  0.3461170570774926, 0.0]
- [0.0, 0.0, 1.0, 0.41865973753742913, -0.9081431738250809, 0.0, 0.9081431738250815,
  0.418659737537428, 0.0]
- [0.0, 0.0, 1.0, 0.48862124149695524, -0.8724960070727968, 0.0, 0.8724960070727971,
  0.488621241496955, 0.0]
- [0.0, 0.0, 1.0, 0.5555702330196015, -0.8314696123025457, 0.0, 0.8314696123025452,
  0.5555702330196023, 0.0]
- [0.0, 0.0, 1.0, 0.6190939493098342, -0.7853169308807448, 0.0, 0.7853169308807452,
  0.6190939493098336, 0.0]
- [0.0, 0.0, 1.0, 0.6788007455329405, -0.7343225094356867, 0.0, 0.7343225094356858,
  0.6788007455329415, 0.0]
- [0.0, 0.0, 1.0, 0.7343225094356859, -0.6788007455329415, 0.0, 0.6788007455329419,
  0.7343225094356853, 0.0]
- [0.0, 0.0, 1.0, 0.785316930880745, -0.619093949309834, 0.0, 0.6190939493098343,
  0.7853169308807447, 0.0]
- [0.0, 0.0, 1.0, 0.8314696123025455, -0.5555702330196017, 0.0, 0.5555702330196022,
  0.8314696123025453, 0.0]
- [0.0, 0.0, 1.0, 0.8724960070727972, -0.4886212414969548, 0.0, 0.4886212414969549,
  0.8724960070727972, 0.0]
- [0.0, 0.0, 1.0, 0.9081431738250809, -0.41865973753742874, 0.0, 0.418659737537428,
  0.9081431738250813, 0.0]
- [0.0, 0.0, 1.0, 0.9381913359224839, -0.3461170570774933, 0.0, 0.34611705707749285,
  0.9381913359224842, 0.0]
- [0.0, 0.0, 1.0, 0.9624552364536473, -0.2714404498650741, 0.0, 0.2714404498650746,
  0.9624552364536473, 0.0]
- [0.0, 0.0, 1.0, 0.9807852804032307, -0.19509032201612714, 0.0, 0.19509032201612864,
  0.9807852804032303, 0.0]
- [0.0, 0.0, 1.0, 0.9930684569549262, -0.11753739745783866, 0.0, 0.11753739745783807,
  0.9930684569549263, 0.0]
- [0.0, 0.0, 1.0, 0.9992290362407229, -0.039259815759069484, 0.0, 0.039259815759069006,
  0.9992290362407228, 0.0]
- [0.0, 0.0, 1.0, 0.9992290362407229, 0.039259815759069484, 0.0, -0.03925981575906865,
  0.999229036240723, 0.0]
- [0.0, 0.0, 1.0, 0.9930684569549265, 0.11753739745783623, 0.0, -0.11753739745783769,
  0.9930684569549263, 0.0]
- [0.0, 0.0, 1.0, 0.9807852804032302, 0.19509032201612947, 0.0, -0.1950903220161283,
  0.9807852804032303, 0.0]
- [0.0, 0.0, 1.0, 0.9624552364536473, 0.2714404498650741, 0.0, -0.2714404498650743,
  0.9624552364536473, 0.0]
- [0.0, 0.0, 1.0, 0.9381913359224839, 0.3461170570774933, 0.0, -0.3461170570774926,
  0.9381913359224844, 0.0]
- [0.0, 0.0, 1.0, 0.9081431738250819, 0.41865973753742647, 0.0, -0.41865973753742775,
  0.9081431738250815, 0.0]
- [0.0, 0.0, 1.0, 0.8724960070727972, 0.4886212414969548, 0.0, -0.48862124149695463,
  0.8724960070727974, 0.0]
- [0.0, 0.0, 1.0, 0.8314696123025455, 0.5555702330196017, 0.0, -0.5555702330196018,
  0.8314696123025455, 0.0]
- [0.0, 0.0, 1.0, 0.785316930880745, 0.619093949309834, 0.0, -0.619093949309834, 0.7853169308807448,
  0.0]
- [0.0, 0.0, 1.0, 0.7343225094356852, 0.678800745532942, 0.0, -0.6788007455329418,
  0.7343225094356857, 0.0]
- [0.0, 0.0, 1.0, 0.6788007455329417, 0.7343225094356854, 0.0, -0.7343225094356856,
  0.6788007455329418, 0.0]
- [0.0, 0.0, 1.0, 0.619093949309835, 0.7853169308807442, 0.0, -0.785316930880745,
  0.619093949309834, 0.0]
- [0.0, 0.0, 1.0, 0.5555702330196021, 0.8314696123025453, 0.0, -0.831469612302545,
  0.5555702330196026, 0.0]
- [0.0, 0.0, 1.0, 0.48862124149695474, 0.8724960070727972, 0.0, -0.872496007072797,
  0.4886212414969554, 0.0]
- [0.0, 0.0, 1.0, 0.4186597375374292, 0.9081431738250808, 0.0, -0.908143173825081,
  0.41865973753742847, 0.0]
- [0.0, 0.0, 1.0, 0.346117057077494, 0.9381913359224836, 0.0, -0.9381913359224839,
  0.3461170570774934, 0.0]
- [0.0, 0.0, 1.0, 0.2714404498650737, 0.9624552364536475, 0.0, -0.9624552364536473,
  0.2714404498650742, 0.0]
- [0.0, 0.0, 1.0, 0.19509032201612692, 0.9807852804032308, 0.0, -0.9807852804032303,
  0.1950903220161283, 0.0]
- [0.0, 0.0, 1.0, 0.11753739745783728, 0.9930684569549263, 0.0, -0.9930684569549263,
  0.11753739745783771, 0.0]
- [0.0, 0.0, 1.0, 0.039259815759069804, 0.9992290362407229, 0.0, -0.999229036240723,
  0.03925981575906851, 0.0]
