nodes:
- [0.0715000000 0.0000000000 0.0]
- [0.0714862177 0.0014038090 0.0]
- [0.0714448761 0.0028070768 0.0]
- [0.0713759911 0.0042092625 0.0]
- [0.0712795894 0.0056098253 0.0]
- [0.0711557080 0.0070082255 0.0]
- [0.0710043947 0.0084039239 0.0]
- [0.0708257078 0.0097963824 0.0]
- [0.0706197164 0.0111850643 0.0]
- [0.0703864996 0.0125694340 0.0]
- [0.0701261475 0.0139489580 0.0]
- [0.0698387605 0.0153231044 0.0]
- [0.0695244493 0.0166913435 0.0]
- [0.0691833351 0.0180531478 0.0]
- [0.0688155494 0.0194079922 0.0]
- [0.0684212340 0.0207553544 0.0]
- [0.0680005409 0.0220947151 0.0]
- [0.0675536323 0.0234255578 0.0]
- [0.0670806805 0.0247473696 0.0]
- [0.0665818678 0.0260596407 0.0]
- [0.0660573866 0.0273618654 0.0]
- [0.0655074389 0.0286535416 0.0]
- [0.0649322369 0.0299341712 0.0]
- [0.0643320023 0.0312032607 0.0]
- [0.0637069665 0.0324603207 0.0]
- [0.0630573704 0.0337048667 0.0]
- [0.0623834645 0.0349364188 0.0]
- [0.0616855086 0.0361545022 0.0]
- [0.0609637718 0.0373586474 0.0]
- [0.0602185322 0.0385483901 0.0]
- [0.0594500773 0.0397232717 0.0]
- [0.0586587032 0.0408828392 0.0]
- [0.0578447151 0.0420266455 0.0]
- [0.0570084267 0.0431542498 0.0]
- [0.0561501606 0.0442652174 0.0]
- [0.0552702474 0.0453591198 0.0]
- [0.0543690265 0.0464355355 0.0]
- [0.0534468454 0.0474940493 0.0]
- [0.0525040594 0.0485342533 0.0]
- [0.0515410322 0.0495557464 0.0]
- [0.0505581349 0.0505581349 0.0]
- [0.0495557464 0.0515410322 0.0]
- [0.0485342533 0.0525040594 0.0]
- [0.0474940493 0.0534468454 0.0]
- [0.0464355355 0.0543690265 0.0]
- [0.0453591198 0.0552702474 0.0]
- [0.0442652174 0.0561501606 0.0]
- [0.0431542498 0.0570084267 0.0]
- [0.0420266455 0.0578447151 0.0]
- [0.0408828392 0.0586587032 0.0]
- [0.0397232717 0.0594500773 0.0]
- [0.0385483901 0.0602185322 0.0]
- [0.0373586474 0.0609637718 0.0]
- [0.0361545022 0.0616855086 0.0]
- [0.0349364188 0.0623834645 0.0]
- [0.0337048667 0.0630573704 0.0]
- [0.0324603207 0.0637069665 0.0]
- [0.0312032607 0.0643320023 0.0]
- [0.0299341712 0.0649322369 0.0]
- [0.0286535416 0.0655074389 0.0]
- [0.0273618654 0.0660573866 0.0]
- [0.0260596407 0.0665818678 0.0]
- [0.0247473696 0.0670806805 0.0]
- [0.0234255578 0.0675536323 0.0]
- [0.0220947151 0.0680005409 0.0]
- [0.0207553544 0.0684212340 0.0]
- [0.0194079922 0.0688155494 0.0]
- [0.0180531478 0.0691833351 0.0]
- [0.0166913435 0.0695244493 0.0]
- [0.0153231044 0.0698387605 0.0]
- [0.0139489580 0.0701261475 0.0]
- [0.0125694340 0.0703864996 0.0]
- [0.0111850643 0.0706197164 0.0]
- [0.0097963824 0.0708257078 0.0]
- [0.0084039239 0.0710043947 0.0]
- [0.0070082255 0.0711557080 0.0]
- [0.0056098253 0.0712795894 0.0]
- [0.0042092625 0.0713759911 0.0]
- [0.0028070768 0.0714448761 0.0]
- [0.0014038090 0.0714862177 0.0]
- [0.0000000000 0.0715000000 0.0]
- [-0.0014038090 0.0714862177 0.0]
- [-0.0028070768 0.0714448761 0.0]
- [-0.0042092625 0.0713759911 0.0]
- [-0.0056098253 0.0712795894 0.0]
- [-0.0070082255 0.0711557080 0.0]
- [-0.0084039239 0.0710043947 0.0]
- [-0.0097963824 0.0708257078 0.0]
- [-0.0111850643 0.0706197164 0.0]
- [-0.0125694340 0.0703864996 0.0]
- [-0.0139489580 0.0701261475 0.0]
- [-0.0153231044 0.0698387605 0.0]
- [-0.0166913435 0.0695244493 0.0]
- [-0.0180531478 0.0691833351 0.0]
- [-0.0194079922 0.0688155494 0.0]
- [-0.0207553544 0.0684212340 0.0]
- [-0.0220947151 0.0680005409 0.0]
- [-0.0234255578 0.0675536323 0.0]
- [-0.0247473696 0.0670806805 0.0]
- [-0.0260596407 0.0665818678 0.0]
- [-0.0273618654 0.0660573866 0.0]
- [-0.0286535416 0.0655074389 0.0]
- [-0.0299341712 0.0649322369 0.0]
- [-0.0312032607 0.0643320023 0.0]
- [-0.0324603207 0.0637069665 0.0]
- [-0.0337048667 0.0630573704 0.0]
- [-0.0349364188 0.0623834645 0.0]
- [-0.0361545022 0.0616855086 0.0]
- [-0.0373586474 0.0609637718 0.0]
- [-0.0385483901 0.0602185322 0.0]
- [-0.0397232717 0.0594500773 0.0]
- [-0.0408828392 0.0586587032 0.0]
- [-0.0420266455 0.0578447151 0.0]
- [-0.0431542498 0.0570084267 0.0]
- [-0.0442652174 0.0561501606 0.0]
- [-0.0453591198 0.0552702474 0.0]
- [-0.0464355355 0.0543690265 0.0]
- [-0.0474940493 0.0534468454 0.0]
- [-0.0485342533 0.0525040594 0.0]
- [-0.0495557464 0.0515410322 0.0]
- [-0.0505581349 0.0505581349 0.0]
- [-0.0515410322 0.0495557464 0.0]
- [-0.0525040594 0.0485342533 0.0]
- [-0.0534468454 0.0474940493 0.0]
- [-0.0543690265 0.0464355355 0.0]
- [-0.0552702474 0.0453591198 0.0]
- [-0.0561501606 0.0442652174 0.0]
- [-0.0570084267 0.0431542498 0.0]
- [-0.0578447151 0.0420266455 0.0]
- [-0.0586587032 0.0408828392 0.0]
- [-0.0594500773 0.0397232717 0.0]
- [-0.0602185322 0.0385483901 0.0]
- [-0.0609637718 0.0373586474 0.0]
- [-0.0616855086 0.0361545022 0.0]
- [-0.0623834645 0.0349364188 0.0]
- [-0.0630573704 0.0337048667 0.0]
- [-0.0637069665 0.0324603207 0.0]
- [-0.0643320023 0.0312032607 0.0]
- [-0.0649322369 0.0299341712 0.0]
- [-0.0655074389 0.0286535416 0.0]
- [-0.0660573866 0.0273618654 0.0]
- [-0.0665818678 0.0260596407 0.0]
- [-0.0670806805 0.0247473696 0.0]
- [-0.0675536323 0.0234255578 0.0]
- [-0.0680005409 0.0220947151 0.0]
- [-0.0684212340 0.0207553544 0.0]
- [-0.0688155494 0.0194079922 0.0]
- [-0.0691833351 0.0180531478 0.0]
- [-0.0695244493 0.0166913435 0.0]
- [-0.0698387605 0.0153231044 0.0]
- [-0.0701261475 0.0139489580 0.0]
- [-0.0703864996 0.0125694340 0.0]
- [-0.0706197164 0.0111850643 0.0]
- [-0.0708257078 0.0097963824 0.0]
- [-0.0710043947 0.0084039239 0.0]
- [-0.0711557080 0.0070082255 0.0]
- [-0.0712795894 0.0056098253 0.0]
- [-0.0713759911 0.0042092625 0.0]
- [-0.0714448761 0.0028070768 0.0]
- [-0.0714862177 0.0014038090 0.0]
- [-0.0715000000 0.0000000000 0.0]
- [-0.0714862177 -0.0014038090 0.0]
- [-0.0714448761 -0.0028070768 0.0]
- [-0.0713759911 -0.0042092625 0.0]
- [-0.0712795894 -0.0056098253 0.0]
- [-0.0711557080 -0.0070082255 0.0]
- [-0.0710043947 -0.0084039239 0.0]
- [-0.0708257078 -0.0097963824 0.0]
- [-0.0706197164 -0.0111850643 0.0]
- [-0.0703864996 -0.0125694340 0.0]
- [-0.0701261475 -0.0139489580 0.0]
- [-0.0698387605 -0.0153231044 0.0]
- [-0.0695244493 -0.0166913435 0.0]
- [-0.0691833351 -0.0180531478 0.0]
- [-0.0688155494 -0.0194079922 0.0]
- [-0.0684212340 -0.0207553544 0.0]
- [-0.0680005409 -0.0220947151 0.0]
- [-0.0675536323 -0.0234255578 0.0]
- [-0.0670806805 -0.0247473696 0.0]
- [-0.0665818678 -0.0260596407 0.0]
- [-0.0660573866 -0.0273618654 0.0]
- [-0.0655074389 -0.0286535416 0.0]
- [-0.0649322369 -0.0299341712 0.0]
- [-0.0643320023 -0.0312032607 0.0]
- [-0.0637069665 -0.0324603207 0.0]
- [-0.0630573704 -0.0337048667 0.0]
- [-0.0623834645 -0.0349364188 0.0]
- [-0.0616855086 -0.0361545022 0.0]
- [-0.0609637718 -0.0373586474 0.0]
- [-0.0602185322 -0.0385483901 0.0]
- [-0.0594500773 -0.0397232717 0.0]
- [-0.0586587032 -0.0408828392 0.0]
- [-0.0578447151 -0.0420266455 0.0]
- [-0.0570084267 -0.0431542498 0.0]
- [-0.0561501606 -0.0442652174 0.0]
- [-0.0552702474 -0.0453591198 0.0]
- [-0.0543690265 -0.0464355355 0.0]
- [-0.0534468454 -0.0474940493 0.0]
- [-0.0525040594 -0.0485342533 0.0]
- [-0.0515410322 -0.0495557464 0.0]
- [-0.0505581349 -0.0505581349 0.0]
- [-0.0495557464 -0.0515410322 0.0]
- [-0.0485342533 -0.0525040594 0.0]
- [-0.0474940493 -0.0534468454 0.0]
- [-0.0464355355 -0.0543690265 0.0]
- [-0.0453591198 -0.0552702474 0.0]
- [-0.0442652174 -0.0561501606 0.0]
- [-0.0431542498 -0.0570084267 0.0]
- [-0.0420266455 -0.0578447151 0.0]
- [-0.0408828392 -0.0586587032 0.0]
- [-0.0397232717 -0.0594500773 0.0]
- [-0.0385483901 -0.0602185322 0.0]
- [-0.0373586474 -0.0609637718 0.0]
- [-0.0361545022 -0.0616855086 0.0]
- [-0.0349364188 -0.0623834645 0.0]
- [-0.0337048667 -0.0630573704 0.0]
- [-0.0324603207 -0.0637069665 0.0]
- [-0.0312032607 -0.0643320023 0.0]
- [-0.0299341712 -0.0649322369 0.0]
- [-0.0286535416 -0.0655074389 0.0]
- [-0.0273618654 -0.0660573866 0.0]
- [-0.0260596407 -0.0665818678 0.0]
- [-0.0247473696 -0.0670806805 0.0]
- [-0.0234255578 -0.0675536323 0.0]
- [-0.0220947151 -0.0680005409 0.0]
- [-0.0207553544 -0.0684212340 0.0]
- [-0.0194079922 -0.0688155494 0.0]
- [-0.0180531478 -0.0691833351 0.0]
- [-0.0166913435 -0.0695244493 0.0]
- [-0.0153231044 -0.0698387605 0.0]
- [-0.0139489580 -0.0701261475 0.0]
- [-0.0125694340 -0.0703864996 0.0]
- [-0.0111850643 -0.0706197164 0.0]
- [-0.0097963824 -0.0708257078 0.0]
- [-0.0084039239 -0.0710043947 0.0]
- [-0.0070082255 -0.0711557080 0.0]
- [-0.0056098253 -0.0712795894 0.0]
- [-0.0042092625 -0.0713759911 0.0]
- [-0.0028070768 -0.0714448761 0.0]
- [-0.0014038090 -0.0714862177 0.0]
- [-0.0000000000 -0.0715000000 0.0]
- [0.0014038090 -0.0714862177 0.0]
- [0.0028070768 -0.0714448761 0.0]
- [0.0042092625 -0.0713759911 0.0]
- [0.0056098253 -0.0712795894 0.0]
- [0.0070082255 -0.0711557080 0.0]
- [0.0084039239 -0.0710043947 0.0]
- [0.0097963824 -0.0708257078 0.0]
- [0.0111850643 -0.0706197164 0.0]
- [0.0125694340 -0.0703864996 0.0]
- [0.0139489580 -0.0701261475 0.0]
- [0.0153231044 -0.0698387605 0.0]
- [0.0166913435 -0.0695244493 0.0]
- [0.0180531478 -0.0691833351 0.0]
- [0.0194079922 -0.0688155494 0.0]
- [0.0207553544 -0.0684212340 0.0]
- [0.0220947151 -0.0680005409 0.0]
- [0.0234255578 -0.0675536323 0.0]
- [0.0247473696 -0.0670806805 0.0]
- [0.0260596407 -0.0665818678 0.0]
- [0.0273618654 -0.0660573866 0.0]
- [0.0286535416 -0.0655074389 0.0]
- [0.0299341712 -0.0649322369 0.0]
- [0.0312032607 -0.0643320023 0.0]
- [0.0324603207 -0.0637069665 0.0]
- [0.0337048667 -0.0630573704 0.0]
- [0.0349364188 -0.0623834645 0.0]
- [0.0361545022 -0.0616855086 0.0]
- [0.0373586474 -0.0609637718 0.0]
- [0.0385483901 -0.0602185322 0.0]
- [0.0397232717 -0.0594500773 0.0]
- [0.0408828392 -0.0586587032 0.0]
- [0.0420266455 -0.0578447151 0.0]
- [0.0431542498 -0.0570084267 0.0]
- [0.0442652174 -0.0561501606 0.0]
- [0.0453591198 -0.0552702474 0.0]
- [0.0464355355 -0.0543690265 0.0]
- [0.0474940493 -0.0534468454 0.0]
- [0.0485342533 -0.0525040594 0.0]
- [0.0495557464 -0.0515410322 0.0]
- [0.0505581349 -0.0505581349 0.0]
- [0.0515410322 -0.0495557464 0.0]
- [0.0525040594 -0.0485342533 0.0]
- [0.0534468454 -0.0474940493 0.0]
- [0.0543690265 -0.0464355355 0.0]
- [0.0552702474 -0.0453591198 0.0]
- [0.0561501606 -0.0442652174 0.0]
- [0.0570084267 -0.0431542498 0.0]
- [0.0578447151 -0.0420266455 0.0]
- [0.0586587032 -0.0408828392 0.0]
- [0.0594500773 -0.0397232717 0.0]
- [0.0602185322 -0.0385483901 0.0]
- [0.0609637718 -0.0373586474 0.0]
- [0.0616855086 -0.0361545022 0.0]
- [0.0623834645 -0.0349364188 0.0]
- [0.0630573704 -0.0337048667 0.0]
- [0.0637069665 -0.0324603207 0.0]
- [0.0643320023 -0.0312032607 0.0]
- [0.0649322369 -0.0299341712 0.0]
- [0.0655074389 -0.0286535416 0.0]
- [0.0660573866 -0.0273618654 0.0]
- [0.0665818678 -0.0260596407 0.0]
- [0.0670806805 -0.0247473696 0.0]
- [0.0675536323 -0.0234255578 0.0]
- [0.0680005409 -0.0220947151 0.0]
- [0.0684212340 -0.0207553544 0.0]
- [0.0688155494 -0.0194079922 0.0]
- [0.0691833351 -0.0180531478 0.0]
- [0.0695244493 -0.0166913435 0.0]
- [0.0698387605 -0.0153231044 0.0]
- [0.0701261475 -0.0139489580 0.0]
- [0.0703864996 -0.0125694340 0.0]
- [0.0706197164 -0.0111850643 0.0]
- [0.0708257078 -0.0097963824 0.0]
- [0.0710043947 -0.0084039239 0.0]
- [0.0711557080 -0.0070082255 0.0]
- [0.0712795894 -0.0056098253 0.0]
- [0.0713759911 -0.0042092625 0.0]
- [0.0714448761 -0.0028070768 0.0]
- [0.0714862177 -0.0014038090 0.0]
elements:
- [1 2]
- [2 3]
- [3 4]
- [4 5]
- [5 6]
- [6 7]
- [7 8]
- [8 9]
- [9 10]
- [10 11]
- [11 12]
- [12 13]
- [13 14]
- [14 15]
- [15 16]
- [16 17]
- [17 18]
- [18 19]
- [19 20]
- [20 21]
- [21 22]
- [22 23]
- [23 24]
- [24 25]
- [25 26]
- [26 27]
- [27 28]
- [28 29]
- [29 30]
- [30 31]
- [31 32]
- [32 33]
- [33 34]
- [34 35]
- [35 36]
- [36 37]
- [37 38]
- [38 39]
- [39 40]
- [40 41]
- [41 42]
- [42 43]
- [43 44]
- [44 45]
- [45 46]
- [46 47]
- [47 48]
- [48 49]
- [49 50]
- [50 51]
- [51 52]
- [52 53]
- [53 54]
- [54 55]
- [55 56]
- [56 57]
- [57 58]
- [58 59]
- [59 60]
- [60 61]
- [61 62]
- [62 63]
- [63 64]
- [64 65]
- [65 66]
- [66 67]
- [67 68]
- [68 69]
- [69 70]
- [70 71]
- [71 72]
- [72 73]
- [73 74]
- [74 75]
- [75 76]
- [76 77]
- [77 78]
- [78 79]
- [79 80]
- [80 81]
- [81 82]
- [82 83]
- [83 84]
- [84 85]
- [85 86]
- [86 87]
- [87 88]
- [88 89]
- [89 90]
- [90 91]
- [91 92]
- [92 93]
- [93 94]
- [94 95]
- [95 96]
- [96 97]
- [97 98]
- [98 99]
- [99 100]
- [100 101]
- [101 102]
- [102 103]
- [103 104]
- [104 105]
- [105 106]
- [106 107]
- [107 108]
- [108 109]
- [109 110]
- [110 111]
- [111 112]
- [112 113]
- [113 114]
- [114 115]
- [115 116]
- [116 117]
- [117 118]
- [118 119]
- [119 120]
- [120 121]
- [121 122]
- [122 123]
- [123 124]
- [124 125]
- [125 126]
- [126 127]
- [127 128]
- [128 129]
- [129 130]
- [130 131]
- [131 132]
- [132 133]
- [133 134]
- [134 135]
- [135 136]
- [136 137]
- [137 138]
- [138 139]
- [139 140]
- [140 141]
- [141 142]
- [142 143]
- [143 144]
- [144 145]
- [145 146]
- [146 147]
- [147 148]
- [148 149]
- [149 150]
- [150 151]
- [151 152]
- [152 153]
- [153 154]
- [154 155]
- [155 156]
- [156 157]
- [157 158]
- [158 159]
- [159 160]
- [160 161]
- [161 162]
- [162 163]
- [163 164]
- [164 165]
- [165 166]
- [166 167]
- [167 168]
- [168 169]
- [169 170]
- [170 171]
- [171 172]
- [172 173]
- [173 174]
- [174 175]
- [175 176]
- [176 177]
- [177 178]
- [178 179]
- [179 180]
- [180 181]
- [181 182]
- [182 183]
- [183 184]
- [184 185]
- [185 186]
- [186 187]
- [187 188]
- [188 189]
- [189 190]
- [190 191]
- [191 192]
- [192 193]
- [193 194]
- [194 195]
- [195 196]
- [196 197]
- [197 198]
- [198 199]
- [199 200]
- [200 201]
- [201 202]
- [202 203]
- [203 204]
- [204 205]
- [205 206]
- [206 207]
- [207 208]
- [208 209]
- [209 210]
- [210 211]
- [211 212]
- [212 213]
- [213 214]
- [214 215]
- [215 216]
- [216 217]
- [217 218]
- [218 219]
- [219 220]
- [220 221]
- [221 222]
- [222 223]
- [223 224]
- [224 225]
- [225 226]
- [226 227]
- [227 228]
- [228 229]
- [229 230]
- [230 231]
- [231 232]
- [232 233]
- [233 234]
- [234 235]
- [235 236]
- [236 237]
- [237 238]
- [238 239]
- [239 240]
- [240 241]
- [241 242]
- [242 243]
- [243 244]
- [244 245]
- [245 246]
- [246 247]
- [247 248]
- [248 249]
- [249 250]
- [250 251]
- [251 252]
- [252 253]
- [253 254]
- [254 255]
- [255 256]
- [256 257]
- [257 258]
- [258 259]
- [259 260]
- [260 261]
- [261 262]
- [262 263]
- [263 264]
- [264 265]
- [265 266]
- [266 267]
- [267 268]
- [268 269]
- [269 270]
- [270 271]
- [271 272]
- [272 273]
- [273 274]
- [274 275]
- [275 276]
- [276 277]
- [277 278]
- [278 279]
- [279 280]
- [280 281]
- [281 282]
- [282 283]
- [283 284]
- [284 285]
- [285 286]
- [286 287]
- [287 288]
- [288 289]
- [289 290]
- [290 291]
- [291 292]
- [292 293]
- [293 294]
- [294 295]
- [295 296]
- [296 297]
- [297 298]
- [298 299]
- [299 300]
- [300 301]
- [301 302]
- [302 303]
- [303 304]
- [304 305]
- [305 306]
- [306 307]
- [307 308]
- [308 309]
- [309 310]
- [310 311]
- [311 312]
- [312 313]
- [313 314]
- [314 315]
- [315 316]
- [316 317]
- [317 318]
- [318 319]
- [319 320]
- [320 1]
sets:
  element:
  - name: tube
    labels:
    - 1
    - 2
    - 3
    - 4
    - 5
    - 6
    - 7
    - 8
    - 9
    - 10
    - 11
    - 12
    - 13
    - 14
    - 15
    - 16
    - 17
    - 18
    - 19
    - 20
    - 21
    - 22
    - 23
    - 24
    - 25
    - 26
    - 27
    - 28
    - 29
    - 30
    - 31
    - 32
    - 33
    - 34
    - 35
    - 36
    - 37
    - 38
    - 39
    - 40
    - 41
    - 42
    - 43
    - 44
    - 45
    - 46
    - 47
    - 48
    - 49
    - 50
    - 51
    - 52
    - 53
    - 54
    - 55
    - 56
    - 57
    - 58
    - 59
    - 60
    - 61
    - 62
    - 63
    - 64
    - 65
    - 66
    - 67
    - 68
    - 69
    - 70
    - 71
    - 72
    - 73
    - 74
    - 75
    - 76
    - 77
    - 78
    - 79
    - 80
    - 81
    - 82
    - 83
    - 84
    - 85
    - 86
    - 87
    - 88
    - 89
    - 90
    - 91
    - 92
    - 93
    - 94
    - 95
    - 96
    - 97
    - 98
    - 99
    - 100
    - 101
    - 102
    - 103
    - 104
    - 105
    - 106
    - 107
    - 108
    - 109
    - 110
    - 111
    - 112
    - 113
    - 114
    - 115
    - 116
    - 117
    - 118
    - 119
    - 120
    - 121
    - 122
    - 123
    - 124
    - 125
    - 126
    - 127
    - 128
    - 129
    - 130
    - 131
    - 132
    - 133
    - 134
    - 135
    - 136
    - 137
    - 138
    - 139
    - 140
    - 141
    - 142
    - 143
    - 144
    - 145
    - 146
    - 147
    - 148
    - 149
    - 150
    - 151
    - 152
    - 153
    - 154
    - 155
    - 156
    - 157
    - 158
    - 159
    - 160
    - 161
    - 162
    - 163
    - 164
    - 165
    - 166
    - 167
    - 168
    - 169
    - 170
    - 171
    - 172
    - 173
    - 174
    - 175
    - 176
    - 177
    - 178
    - 179
    - 180
    - 181
    - 182
    - 183
    - 184
    - 185
    - 186
    - 187
    - 188
    - 189
    - 190
    - 191
    - 192
    - 193
    - 194
    - 195
    - 196
    - 197
    - 198
    - 199
    - 200
    - 201
    - 202
    - 203
    - 204
    - 205
    - 206
    - 207
    - 208
    - 209
    - 210
    - 211
    - 212
    - 213
    - 214
    - 215
    - 216
    - 217
    - 218
    - 219
    - 220
    - 221
    - 222
    - 223
    - 224
    - 225
    - 226
    - 227
    - 228
    - 229
    - 230
    - 231
    - 232
    - 233
    - 234
    - 235
    - 236
    - 237
    - 238
    - 239
    - 240
    - 241
    - 242
    - 243
    - 244
    - 245
    - 246
    - 247
    - 248
    - 249
    - 250
    - 251
    - 252
    - 253
    - 254
    - 255
    - 256
    - 257
    - 258
    - 259
    - 260
    - 261
    - 262
    - 263
    - 264
    - 265
    - 266
    - 267
    - 268
    - 269
    - 270
    - 271
    - 272
    - 273
    - 274
    - 275
    - 276
    - 277
    - 278
    - 279
    - 280
    - 281
    - 282
    - 283
    - 284
    - 285
    - 286
    - 287
    - 288
    - 289
    - 290
    - 291
    - 292
    - 293
    - 294
    - 295
    - 296
    - 297
    - 298
    - 299
    - 300
    - 301
    - 302
    - 303
    - 304
    - 305
    - 306
    - 307
    - 308
    - 309
    - 310
    - 311
    - 312
    - 313
    - 314
    - 315
    - 316
    - 317
    - 318
    - 319
    - 320
sections:
- type: shell
  elementSet: tube
  layup:
  - - mat
    - 0.008682
    - -45.0
materials:
- name: mat
  density: 1860.0
  elastic:
    E:
    - 37000000000.0
    - 9000000000.0
    - 9000000000.0
    G:
    - 4000000000.0
    - 4000000000.0
    - 4000000000.0
    nu:
    - 0.28
    - 0.28
    - 0.28
elementOrientations:
- [0.0, 0.0, 1.0, -0.009817319337152738, 0.999951808959328, 0.0, -0.999951808959328,
  -0.009817319337149617, 0.0]
- [0.0, 0.0, 1.0, -0.02944817324796181, 0.9995663085020213, 0.0, -0.9995663085020212,
  -0.029448173247963165, 0.0]
- [0.0, 0.0, 1.0, -0.049067674327416086, 0.9987954562051724, 0.0, -0.9987954562051724,
  -0.049067674327418015, 0.0]
- [0.0, 0.0, 1.0, -0.06866825888437832, 0.9976395492470154, 0.0, -0.9976395492470156,
  -0.06866825888437375, 0.0]
- [0.0, 0.0, 1.0, -0.08824237052035844, 0.9960990332516882, 0.0, -0.9960990332516872,
  -0.08824237052036951, 0.0]
- [0.0, 0.0, 1.0, -0.10778246304277013, 0.9941745021174271, 0.0, -0.9941745021174281,
  -0.10778246304275932, 0.0]
- [0.0, 0.0, 1.0, -0.1272810033739088, 0.9918666977876266, 0.0, -0.9918666977876262,
  -0.1272810033739132, 0.0]
- [0.0, 0.0, 1.0, -0.14673047445535803, 0.9891765099647815, 0.0, -0.9891765099647808,
  -0.1467304744553617, 0.0]
- [0.0, 0.0, 1.0, -0.16612337814577063, 0.9861049757675079, 0.0, -0.9861049757675088,
  -0.16612337814576547, 0.0]
- [0.0, 0.0, 1.0, -0.1854522381115933, 0.9826532793307112, 0.0, -0.9826532793307118,
  -0.18545223811159095, 0.0]
- [0.0, 0.0, 1.0, -0.20470960270938315, 0.9788227513490717, 0.0, -0.9788227513490723,
  -0.2047096027093796, 0.0]
- [0.0, 0.0, 1.0, -0.22388804785849642, 0.9746148685640456, 0.0, -0.9746148685640451,
  -0.22388804785849845, 0.0]
- [0.0, 0.0, 1.0, -0.24298017990325896, 0.9700312531945452, 0.0, -0.9700312531945441,
  -0.24298017990326387, 0.0]
- [0.0, 0.0, 1.0, -0.26197863846333613, 0.9650736723115476, 0.0, -0.9650736723115474,
  -0.26197863846333747, 0.0]
- [0.0, 0.0, 1.0, -0.2808760992712984, 0.9597440371568555, 0.0, -0.9597440371568574,
  -0.2808760992712921, 0.0]
- [0.0, 0.0, 1.0, -0.29966527699625023, 0.9540444024062824, 0.0, -0.9540444024062805,
  -0.2996652769962566, 0.0]
- [0.0, 0.0, 1.0, -0.31833892805254943, 0.9479769653775105, 0.0, -0.9479769653775104,
  -0.3183389280525497, 0.0]
- [0.0, 0.0, 1.0, -0.33688985339221944, 0.9415440651830209, 0.0, -0.9415440651830207,
  -0.33688985339222, 0.0]
- [0.0, 0.0, 1.0, -0.35531090128041654, 0.9347481818282922, 0.0, -0.9347481818282923,
  -0.3553109012804161, 0.0]
- [0.0, 0.0, 1.0, -0.37359497005251957, 0.9275919352557228, 0.0, -0.927591935255724,
  -0.37359497005251635, 0.0]
- [0.0, 0.0, 1.0, -0.3917350108519532, 0.9200780843345961, 0.0, -0.9200780843345949,
  -0.391735010851956, 0.0]
- [0.0, 0.0, 1.0, -0.4097240303476941, 0.9122095257974682, 0.0, -0.9122095257974676,
  -0.40972403034769517, 0.0]
- [0.0, 0.0, 1.0, -0.4275550934302806, 0.9039892931234439, 0.0, -0.9039892931234433,
  -0.427555093430282, 0.0]
- [0.0, 0.0, 1.0, -0.44522132588546937, 0.8954205553686964, 0.0, -0.8954205553686969,
  -0.44522132588546826, 0.0]
- [0.0, 0.0, 1.0, -0.46271591704435244, 0.8865066159447452, 0.0, -0.8865066159447463,
  -0.46271591704434994, 0.0]
- [0.0, 0.0, 1.0, -0.48003212240901005, 0.8772509113449248, 0.0, -0.8772509113449243,
  -0.4800321224090111, 0.0]
- [0.0, 0.0, 1.0, -0.49716326625265556, 0.8676570098195434, 0.0, -0.867657009819544,
  -0.49716326625265433, 0.0]
- [0.0, 0.0, 1.0, -0.5141027441932253, 0.8577286100002698, 0.0, -0.857728610000272,
  -0.5141027441932217, 0.0]
- [0.0, 0.0, 1.0, -0.5308440257395066, 0.8474695394742361, 0.0, -0.8474695394742344,
  -0.5308440257395094, 0.0]
- [0.0, 0.0, 1.0, -0.5473806568087956, 0.8368837533084098, 0.0, -0.8368837533084094,
  -0.5473806568087964, 0.0]
- [0.0, 0.0, 1.0, -0.5637062622150157, 0.8259753325248739, 0.0, -0.8259753325248732,
  -0.5637062622150167, 0.0]
- [0.0, 0.0, 1.0, -0.5798145481265133, 0.8147484825274898, 0.0, -0.8147484825274894,
  -0.5798145481265138, 0.0]
- [0.0, 0.0, 1.0, -0.5956993044924349, 0.8032075314806437, 0.0, -0.8032075314806449,
  -0.5956993044924334, 0.0]
- [0.0, 0.0, 1.0, -0.6113544074368156, 0.7913569286406609, 0.0, -0.7913569286406603,
  -0.6113544074368165, 0.0]
- [0.0, 0.0, 1.0, -0.6267738216194714, 0.7792012426405152, 0.0, -0.7792012426405167,
  -0.6267738216194696, 0.0]
- [0.0, 0.0, 1.0, -0.6419516025627008, 0.7667451597285634, 0.0, -0.7667451597285614,
  -0.641951602562703, 0.0]
- [0.0, 0.0, 1.0, -0.6568818989430388, 0.7539934819618717, 0.0, -0.7539934819618694,
  -0.6568818989430413, 0.0]
- [0.0, 0.0, 1.0, -0.6715589548470225, 0.7409511253549552, 0.0, -0.7409511253549591,
  -0.6715589548470184, 0.0]
- [0.0, 0.0, 1.0, -0.685977111990193, 0.7276231179845747, 0.0, -0.7276231179845749,
  -0.6859771119901927, 0.0]
- [0.0, 0.0, 1.0, -0.7001308118985211, 0.7140145980512707, 0.0, -0.7140145980512683,
  -0.7001308118985236, 0.0]
- [0.0, 0.0, 1.0, -0.7140145980512683, 0.7001308118985236, 0.0, -0.7001308118985237,
  -0.7140145980512682, 0.0]
- [0.0, 0.0, 1.0, -0.7276231179845746, 0.6859771119901931, 0.0, -0.6859771119901927,
  -0.7276231179845747, 0.0]
- [0.0, 0.0, 1.0, -0.7409511253549599, 0.6715589548470174, 0.0, -0.6715589548470184,
  -0.7409511253549591, 0.0]
- [0.0, 0.0, 1.0, -0.753993481961872, 0.6568818989430385, 0.0, -0.6568818989430415,
  -0.7539934819618694, 0.0]
- [0.0, 0.0, 1.0, -0.7667451597285606, 0.6419516025627042, 0.0, -0.6419516025627031,
  -0.7667451597285614, 0.0]
- [0.0, 0.0, 1.0, -0.7792012426405152, 0.6267738216194714, 0.0, -0.6267738216194696,
  -0.7792012426405167, 0.0]
- [0.0, 0.0, 1.0, -0.7913569286406604, 0.6113544074368163, 0.0, -0.6113544074368165,
  -0.7913569286406603, 0.0]
- [0.0, 0.0, 1.0, -0.8032075314806444, 0.595699304492434, 0.0, -0.5956993044924332,
  -0.8032075314806449, 0.0]
- [0.0, 0.0, 1.0, -0.8147484825274904, 0.5798145481265123, 0.0, -0.5798145481265138,
  -0.8147484825274894, 0.0]
- [0.0, 0.0, 1.0, -0.8259753325248715, 0.5637062622150191, 0.0, -0.5637062622150167,
  -0.8259753325248732, 0.0]
- [0.0, 0.0, 1.0, -0.8368837533084115, 0.5473806568087932, 0.0, -0.5473806568087967,
  -0.8368837533084093, 0.0]
- [0.0, 0.0, 1.0, -0.8474695394742345, 0.5308440257395093, 0.0, -0.5308440257395095,
  -0.8474695394742343, 0.0]
- [0.0, 0.0, 1.0, -0.8577286100002711, 0.5141027441932232, 0.0, -0.5141027441932218,
  -0.857728610000272, 0.0]
- [0.0, 0.0, 1.0, -0.8676570098195455, 0.49716326625265184, 0.0, -0.49716326625265433,
  -0.867657009819544, 0.0]
- [0.0, 0.0, 1.0, -0.877250911344924, 0.48003212240901183, 0.0, -0.4800321224090111,
  -0.8772509113449243, 0.0]
- [0.0, 0.0, 1.0, -0.8865066159447482, 0.4627159170443467, 0.0, -0.46271591704435006,
  -0.8865066159447463, 0.0]
- [0.0, 0.0, 1.0, -0.8954205553686955, 0.4452213258854713, 0.0, -0.44522132588546826,
  -0.8954205553686969, 0.0]
- [0.0, 0.0, 1.0, -0.9039892931234436, 0.4275550934302816, 0.0, -0.42755509343028225,
  -0.9039892931234433, 0.0]
- [0.0, 0.0, 1.0, -0.9122095257974648, 0.40972403034770144, 0.0, -0.40972403034769533,
  -0.9122095257974676, 0.0]
- [0.0, 0.0, 1.0, -0.9200780843345964, 0.3917350108519523, 0.0, -0.39173501085195606,
  -0.9200780843345949, 0.0]
- [0.0, 0.0, 1.0, -0.9275919352557236, 0.3735949700525179, 0.0, -0.37359497005251635,
  -0.927591935255724, 0.0]
- [0.0, 0.0, 1.0, -0.9347481818282916, 0.35531090128041815, 0.0, -0.3553109012804161,
  -0.9347481818282923, 0.0]
- [0.0, 0.0, 1.0, -0.9415440651830216, 0.3368898533922179, 0.0, -0.33688985339222,
  -0.9415440651830207, 0.0]
- [0.0, 0.0, 1.0, -0.94797696537751, 0.3183389280525509, 0.0, -0.3183389280525497,
  -0.9479769653775104, 0.0]
- [0.0, 0.0, 1.0, -0.9540444024062821, 0.2996652769962517, 0.0, -0.2996652769962567,
  -0.9540444024062805, 0.0]
- [0.0, 0.0, 1.0, -0.9597440371568557, 0.28087609927129775, 0.0, -0.2808760992712922,
  -0.9597440371568574, 0.0]
- [0.0, 0.0, 1.0, -0.9650736723115475, 0.2619786384633374, 0.0, -0.2619786384633376,
  -0.9650736723115474, 0.0]
- [0.0, 0.0, 1.0, -0.9700312531945458, 0.2429801799032572, 0.0, -0.24298017990326398,
  -0.9700312531945439, 0.0]
- [0.0, 0.0, 1.0, -0.9746148685640434, 0.22388804785850497, 0.0, -0.22388804785849836,
  -0.9746148685640449, 0.0]
- [0.0, 0.0, 1.0, -0.9788227513490734, 0.2047096027093749, 0.0, -0.20470960270937963,
  -0.9788227513490723, 0.0]
- [0.0, 0.0, 1.0, -0.9826532793307116, 0.18545223811159195, 0.0, -0.18545223811159098,
  -0.9826532793307118, 0.0]
- [0.0, 0.0, 1.0, -0.9861049757675078, 0.16612337814577166, 0.0, -0.16612337814576547,
  -0.9861049757675088, 0.0]
- [0.0, 0.0, 1.0, -0.9891765099647815, 0.14673047445535892, 0.0, -0.14673047445536186,
  -0.989176509964781, 0.0]
- [0.0, 0.0, 1.0, -0.9918666977876267, 0.12728100337390785, 0.0, -0.12728100337391335,
  -0.9918666977876262, 0.0]
- [0.0, 0.0, 1.0, -0.994174502117428, 0.10778246304276094, 0.0, -0.10778246304275946,
  -0.9941745021174281, 0.0]
- [0.0, 0.0, 1.0, -0.9960990332516874, 0.0882423705203678, 0.0, -0.08824237052036964,
  -0.9960990332516872, 0.0]
- [0.0, 0.0, 1.0, -0.9976395492470154, 0.06866825888437794, 0.0, -0.06866825888437378,
  -0.9976395492470157, 0.0]
- [0.0, 0.0, 1.0, -0.9987954562051724, 0.04906767432741634, 0.0, -0.04906767432741802,
  -0.9987954562051724, 0.0]
- [0.0, 0.0, 1.0, -0.9995663085020213, 0.029448173247961652, 0.0, -0.029448173247963165,
  -0.9995663085020212, 0.0]
- [0.0, 0.0, 1.0, -0.999951808959328, 0.009817319337152791, 0.0, -0.009817319337149622,
  -0.999951808959328, 0.0]
- [0.0, 0.0, 1.0, -0.999951808959328, -0.009817319337152791, 0.0, 0.0098173193371495,
  -0.999951808959328, 0.0]
- [0.0, 0.0, 1.0, -0.9995663085020213, -0.02944817324796198, 0.0, 0.029448173247962936,
  -0.9995663085020212, 0.0]
- [0.0, 0.0, 1.0, -0.9987954562051726, -0.04906767432741526, 0.0, 0.0490676743274179,
  -0.9987954562051724, 0.0]
- [0.0, 0.0, 1.0, -0.9976395492470154, -0.06866825888437875, 0.0, 0.06866825888437375,
  -0.9976395492470157, 0.0]
- [0.0, 0.0, 1.0, -0.9960990332516881, -0.08824237052035794, 0.0, 0.0882423705203695,
  -0.9960990332516872, 0.0]
- [0.0, 0.0, 1.0, -0.9941745021174269, -0.10778246304277071, 0.0, 0.1077824630427593,
  -0.9941745021174281, 0.0]
- [0.0, 0.0, 1.0, -0.9918666977876266, -0.12728100337390927, 0.0, 0.1272810033739131,
  -0.9918666977876262, 0.0]
- [0.0, 0.0, 1.0, -0.9891765099647815, -0.14673047445535892, 0.0, 0.14673047445536153,
  -0.989176509964781, 0.0]
- [0.0, 0.0, 1.0, -0.9861049757675084, -0.16612337814576802, 0.0, 0.16612337814576536,
  -0.9861049757675088, 0.0]
- [0.0, 0.0, 1.0, -0.982653279330711, -0.1854522381115942, 0.0, 0.18545223811159095,
  -0.9826532793307118, 0.0]
- [0.0, 0.0, 1.0, -0.9788227513490734, -0.2047096027093744, 0.0, 0.20470960270937952,
  -0.9788227513490725, 0.0]
- [0.0, 0.0, 1.0, -0.9746148685640454, -0.22388804785849611, 0.0, 0.22388804785849825,
  -0.9746148685640451, 0.0]
- [0.0, 0.0, 1.0, -0.9700312531945428, -0.24298017990326884, 0.0, 0.24298017990326373,
  -0.9700312531945441, 0.0]
- [0.0, 0.0, 1.0, -0.9650736723115487, -0.26197863846333236, 0.0, 0.26197863846333747,
  -0.9650736723115474, 0.0]
- [0.0, 0.0, 1.0, -0.9597440371568552, -0.28087609927129975, 0.0, 0.28087609927129215,
  -0.9597440371568574, 0.0]
- [0.0, 0.0, 1.0, -0.9540444024062821, -0.2996652769962517, 0.0, 0.2996652769962566,
  -0.9540444024062805, 0.0]
- [0.0, 0.0, 1.0, -0.94797696537751, -0.3183389280525509, 0.0, 0.3183389280525496,
  -0.9479769653775104, 0.0]
- [0.0, 0.0, 1.0, -0.9415440651830201, -0.33688985339222177, 0.0, 0.33688985339221983,
  -0.9415440651830209, 0.0]
- [0.0, 0.0, 1.0, -0.9347481818282944, -0.35531090128041076, 0.0, 0.355310901280416,
  -0.9347481818282923, 0.0]
- [0.0, 0.0, 1.0, -0.9275919352557221, -0.37359497005252135, 0.0, 0.37359497005251635,
  -0.927591935255724, 0.0]
- [0.0, 0.0, 1.0, -0.9200780843345964, -0.3917350108519523, 0.0, 0.39173501085195594,
  -0.9200780843345949, 0.0]
- [0.0, 0.0, 1.0, -0.9122095257974665, -0.40972403034769783, 0.0, 0.40972403034769506,
  -0.9122095257974676, 0.0]
- [0.0, 0.0, 1.0, -0.9039892931234439, -0.4275550934302806, 0.0, 0.42755509343028186,
  -0.9039892931234436, 0.0]
- [0.0, 0.0, 1.0, -0.8954205553686975, -0.4452213258854674, 0.0, 0.4452213258854681,
  -0.8954205553686969, 0.0]
- [0.0, 0.0, 1.0, -0.8865066159447463, -0.46271591704435044, 0.0, 0.46271591704434994,
  -0.8865066159447463, 0.0]
- [0.0, 0.0, 1.0, -0.877250911344924, -0.48003212240901183, 0.0, 0.4800321224090112,
  -0.8772509113449243, 0.0]
- [0.0, 0.0, 1.0, -0.8676570098195452, -0.49716326625265234, 0.0, 0.49716326625265433,
  -0.867657009819544, 0.0]
- [0.0, 0.0, 1.0, -0.8577286100002711, -0.5141027441932232, 0.0, 0.5141027441932216,
  -0.8577286100002721, 0.0]
- [0.0, 0.0, 1.0, -0.8474695394742341, -0.5308440257395097, 0.0, 0.5308440257395092,
  -0.8474695394742345, 0.0]
- [0.0, 0.0, 1.0, -0.836883753308409, -0.547380656808797, 0.0, 0.5473806568087964,
  -0.8368837533084094, 0.0]
- [0.0, 0.0, 1.0, -0.8259753325248738, -0.5637062622150159, 0.0, 0.5637062622150166,
  -0.8259753325248732, 0.0]
- [0.0, 0.0, 1.0, -0.814748482527489, -0.5798145481265141, 0.0, 0.5798145481265136,
  -0.8147484825274895, 0.0]
- [0.0, 0.0, 1.0, -0.8032075314806456, -0.5956993044924326, 0.0, 0.5956993044924332,
  -0.8032075314806449, 0.0]
- [0.0, 0.0, 1.0, -0.791356928640662, -0.6113544074368142, 0.0, 0.6113544074368163,
  -0.7913569286406603, 0.0]
- [0.0, 0.0, 1.0, -0.7792012426405153, -0.6267738216194714, 0.0, 0.6267738216194696,
  -0.7792012426405167, 0.0]
- [0.0, 0.0, 1.0, -0.7667451597285625, -0.6419516025627018, 0.0, 0.6419516025627032,
  -0.7667451597285614, 0.0]
- [0.0, 0.0, 1.0, -0.7539934819618689, -0.656881898943042, 0.0, 0.6568818989430413,
  -0.7539934819618695, 0.0]
- [0.0, 0.0, 1.0, -0.7409511253549604, -0.671558954847017, 0.0, 0.6715589548470182,
  -0.740951125354959, 0.0]
- [0.0, 0.0, 1.0, -0.7276231179845722, -0.6859771119901955, 0.0, 0.6859771119901926,
  -0.727623117984575, 0.0]
- [0.0, 0.0, 1.0, -0.7140145980512707, -0.7001308118985212, 0.0, 0.7001308118985234,
  -0.7140145980512684, 0.0]
- [0.0, 0.0, 1.0, -0.7001308118985212, -0.7140145980512707, 0.0, 0.7140145980512682,
  -0.7001308118985237, 0.0]
- [0.0, 0.0, 1.0, -0.6859771119901955, -0.7276231179845722, 0.0, 0.7276231179845749,
  -0.6859771119901927, 0.0]
- [0.0, 0.0, 1.0, -0.6715589548470142, -0.7409511253549629, 0.0, 0.7409511253549591,
  -0.6715589548470184, 0.0]
- [0.0, 0.0, 1.0, -0.6568818989430473, -0.7539934819618643, 0.0, 0.7539934819618694,
  -0.6568818989430415, 0.0]
- [0.0, 0.0, 1.0, -0.6419516025626995, -0.7667451597285646, 0.0, 0.7667451597285614,
  -0.6419516025627033, 0.0]
- [0.0, 0.0, 1.0, -0.6267738216194714, -0.7792012426405153, 0.0, 0.7792012426405166,
  -0.6267738216194696, 0.0]
- [0.0, 0.0, 1.0, -0.6113544074368142, -0.7913569286406621, 0.0, 0.7913569286406603,
  -0.6113544074368165, 0.0]
- [0.0, 0.0, 1.0, -0.5956993044924349, -0.8032075314806437, 0.0, 0.8032075314806448,
  -0.5956993044924335, 0.0]
- [0.0, 0.0, 1.0, -0.5798145481265141, -0.814748482527489, 0.0, 0.8147484825274894,
  -0.5798145481265138, 0.0]
- [0.0, 0.0, 1.0, -0.5637062622150125, -0.825975332524876, 0.0, 0.825975332524873,
  -0.5637062622150169, 0.0]
- [0.0, 0.0, 1.0, -0.5473806568088004, -0.8368837533084069, 0.0, 0.8368837533084093,
  -0.5473806568087966, 0.0]
- [0.0, 0.0, 1.0, -0.5308440257395075, -0.8474695394742355, 0.0, 0.8474695394742345,
  -0.5308440257395094, 0.0]
- [0.0, 0.0, 1.0, -0.5141027441932232, -0.8577286100002711, 0.0, 0.857728610000272,
  -0.5141027441932218, 0.0]
- [0.0, 0.0, 1.0, -0.4971632662526545, -0.867657009819544, 0.0, 0.867657009819544,
  -0.49716326625265445, 0.0]
- [0.0, 0.0, 1.0, -0.4800321224090156, -0.8772509113449218, 0.0, 0.8772509113449241,
  -0.48003212240901144, 0.0]
- [0.0, 0.0, 1.0, -0.4627159170443426, -0.8865066159447502, 0.0, 0.8865066159447463,
  -0.4627159170443502, 0.0]
- [0.0, 0.0, 1.0, -0.4452213258854753, -0.8954205553686934, 0.0, 0.8954205553686969,
  -0.44522132588546826, 0.0]
- [0.0, 0.0, 1.0, -0.42755509343027975, -0.9039892931234446, 0.0, 0.9039892931234433,
  -0.427555093430282, 0.0]
- [0.0, 0.0, 1.0, -0.40972403034769966, -0.9122095257974656, 0.0, 0.9122095257974676,
  -0.4097240303476953, 0.0]
- [0.0, 0.0, 1.0, -0.3917350108519505, -0.9200780843345973, 0.0, 0.9200780843345949,
  -0.39173501085195617, 0.0]
- [0.0, 0.0, 1.0, -0.3735949700525171, -0.9275919352557238, 0.0, 0.9275919352557239,
  -0.3735949700525165, 0.0]
- [0.0, 0.0, 1.0, -0.3553109012804161, -0.9347481818282923, 0.0, 0.9347481818282923,
  -0.35531090128041626, 0.0]
- [0.0, 0.0, 1.0, -0.33688985339221617, -0.9415440651830221, 0.0, 0.9415440651830207,
  -0.33688985339222005, 0.0]
- [0.0, 0.0, 1.0, -0.31833892805255604, -0.9479769653775083, 0.0, 0.9479769653775103,
  -0.3183389280525498, 0.0]
- [0.0, 0.0, 1.0, -0.2996652769962495, -0.9540444024062827, 0.0, 0.9540444024062805,
  -0.2996652769962567, 0.0]
- [0.0, 0.0, 1.0, -0.2808760992712933, -0.959744037156857, 0.0, 0.9597440371568574,
  -0.28087609927129226, 0.0]
- [0.0, 0.0, 1.0, -0.26197863846333846, -0.9650736723115472, 0.0, 0.9650736723115474,
  -0.2619786384633376, 0.0]
- [0.0, 0.0, 1.0, -0.24298017990326243, -0.9700312531945443, 0.0, 0.9700312531945441,
  -0.24298017990326382, 0.0]
- [0.0, 0.0, 1.0, -0.2238880478584956, -0.9746148685640457, 0.0, 0.9746148685640451,
  -0.22388804785849847, 0.0]
- [0.0, 0.0, 1.0, -0.2047096027093866, -0.9788227513490708, 0.0, 0.9788227513490723,
  -0.2047096027093798, 0.0]
- [0.0, 0.0, 1.0, -0.18545223811159217, -0.9826532793307116, 0.0, 0.9826532793307116,
  -0.1854522381115912, 0.0]
- [0.0, 0.0, 1.0, -0.16612337814576, -0.9861049757675097, 0.0, 0.9861049757675088,
  -0.1661233781457657, 0.0]
- [0.0, 0.0, 1.0, -0.14673047445536716, -0.9891765099647801, 0.0, 0.989176509964781,
  -0.14673047445536183, 0.0]
- [0.0, 0.0, 1.0, -0.12728100337390785, -0.9918666977876267, 0.0, 0.9918666977876262,
  -0.12728100337391318, 0.0]
- [0.0, 0.0, 1.0, -0.10778246304276207, -0.994174502117428, 0.0, 0.9941745021174281,
  -0.10778246304275942, 0.0]
- [0.0, 0.0, 1.0, -0.0882423705203678, -0.9960990332516874, 0.0, 0.9960990332516872,
  -0.0882423705203697, 0.0]
- [0.0, 0.0, 1.0, -0.06866825888437947, -0.9976395492470154, 0.0, 0.9976395492470156,
  -0.06866825888437403, 0.0]
- [0.0, 0.0, 1.0, -0.049067674327414705, -0.9987954562051725, 0.0, 0.9987954562051724,
  -0.04906767432741819, 0.0]
- [0.0, 0.0, 1.0, -0.02944817324796231, -0.9995663085020213, 0.0, 0.9995663085020212,
  -0.029448173247963227, 0.0]
- [0.0, 0.0, 1.0, -0.00981731933715268, -0.999951808959328, 0.0, 0.999951808959328,
  -0.009817319337149794, 0.0]
- [0.0, 0.0, 1.0, 0.00981731933715268, -0.999951808959328, 0.0, 0.999951808959328,
  0.009817319337149551, 0.0]
- [0.0, 0.0, 1.0, 0.02944817324796231, -0.9995663085020213, 0.0, 0.9995663085020212,
  0.029448173247962985, 0.0]
- [0.0, 0.0, 1.0, 0.04906767432741583, -0.9987954562051724, 0.0, 0.9987954562051724,
  0.04906767432741772, 0.0]
- [0.0, 0.0, 1.0, 0.06866825888436963, -0.9976395492470159, 0.0, 0.9976395492470157,
  0.06866825888437336, 0.0]
- [0.0, 0.0, 1.0, 0.08824237052036775, -0.9960990332516874, 0.0, 0.9960990332516872,
  0.08824237052036897, 0.0]
- [0.0, 0.0, 1.0, 0.10778246304276708, -0.9941745021174274, 0.0, 0.9941745021174281,
  0.10778246304275915, 0.0]
- [0.0, 0.0, 1.0, 0.12728100337390785, -0.9918666977876267, 0.0, 0.9918666977876262,
  0.12728100337391338, 0.0]
- [0.0, 0.0, 1.0, 0.14673047445536072, -0.9891765099647811, 0.0, 0.9891765099647808,
  0.14673047445536178, 0.0]
- [0.0, 0.0, 1.0, 0.1661233781457698, -0.986104975767508, 0.0, 0.9861049757675088,
  0.16612337814576542, 0.0]
- [0.0, 0.0, 1.0, 0.18545223811159195, -0.9826532793307116, 0.0, 0.9826532793307118,
  0.185452238111591, 0.0]
- [0.0, 0.0, 1.0, 0.2047096027093769, -0.9788227513490729, 0.0, 0.9788227513490723,
  0.20470960270937955, 0.0]
- [0.0, 0.0, 1.0, 0.22388804785849586, -0.9746148685640457, 0.0, 0.9746148685640451,
  0.2238880478584982, 0.0]
- [0.0, 0.0, 1.0, 0.24298017990327175, -0.9700312531945421, 0.0, 0.9700312531945441,
  0.2429801799032636, 0.0]
- [0.0, 0.0, 1.0, 0.26197863846333425, -0.9650736723115482, 0.0, 0.9650736723115474,
  0.2619786384633371, 0.0]
- [0.0, 0.0, 1.0, 0.28087609927128865, -0.9597440371568584, 0.0, 0.9597440371568574,
  0.2808760992712918, 0.0]
- [0.0, 0.0, 1.0, 0.2996652769962545, -0.9540444024062812, 0.0, 0.9540444024062805,
  0.2996652769962561, 0.0]
- [0.0, 0.0, 1.0, 0.31833892805255004, -0.9479769653775102, 0.0, 0.9479769653775104,
  0.3183389280525494, 0.0]
- [0.0, 0.0, 1.0, 0.3368898533922179, -0.9415440651830216, 0.0, 0.9415440651830207,
  0.33688985339222005, 0.0]
- [0.0, 0.0, 1.0, 0.35531090128042353, -0.9347481818282896, 0.0, 0.9347481818282923,
  0.35531090128041626, 0.0]
- [0.0, 0.0, 1.0, 0.37359497005250775, -0.9275919352557276, 0.0, 0.927591935255724,
  0.3735949700525164, 0.0]
- [0.0, 0.0, 1.0, 0.39173501085196066, -0.9200780843345928, 0.0, 0.9200780843345949,
  0.39173501085195583, 0.0]
- [0.0, 0.0, 1.0, 0.40972403034769783, -0.9122095257974665, 0.0, 0.9122095257974676,
  0.40972403034769506, 0.0]
- [0.0, 0.0, 1.0, 0.4275550934302806, -0.9039892931234439, 0.0, 0.9039892931234436,
  0.42755509343028186, 0.0]
- [0.0, 0.0, 1.0, 0.4452213258854665, -0.8954205553686979, 0.0, 0.8954205553686969,
  0.4452213258854681, 0.0]
- [0.0, 0.0, 1.0, 0.4627159170443508, -0.8865066159447461, 0.0, 0.8865066159447466,
  0.46271591704434983, 0.0]
- [0.0, 0.0, 1.0, 0.48003212240901183, -0.877250911344924, 0.0, 0.8772509113449244,
  0.48003212240901083, 0.0]
- [0.0, 0.0, 1.0, 0.49716326625265017, -0.8676570098195464, 0.0, 0.867657009819544,
  0.49716326625265433, 0.0]
- [0.0, 0.0, 1.0, 0.5141027441932253, -0.8577286100002698, 0.0, 0.857728610000272,
  0.514102744193222, 0.0]
- [0.0, 0.0, 1.0, 0.5308440257395097, -0.8474695394742341, 0.0, 0.8474695394742343,
  0.5308440257395095, 0.0]
- [0.0, 0.0, 1.0, 0.5473806568087933, -0.8368837533084115, 0.0, 0.8368837533084094,
  0.5473806568087966, 0.0]
- [0.0, 0.0, 1.0, 0.5637062622150182, -0.8259753325248722, 0.0, 0.8259753325248733,
  0.5637062622150165, 0.0]
