nodes:
- [0.0715000000 0.0000000000 0.0]
- [0.0714965543 0.0007019383 0.0]
- [0.0714862177 0.0014038090 0.0]
- [0.0714689911 0.0021055444 0.0]
- [0.0714448761 0.0028070768 0.0]
- [0.0714138751 0.0035083387 0.0]
- [0.0713759911 0.0042092625 0.0]
- [0.0713312278 0.0049097805 0.0]
- [0.0712795894 0.0056098253 0.0]
- [0.0712210809 0.0063093295 0.0]
- [0.0711557080 0.0070082255 0.0]
- [0.0710834769 0.0077064461 0.0]
- [0.0710043947 0.0084039239 0.0]
- [0.0709184689 0.0091005917 0.0]
- [0.0708257078 0.0097963824 0.0]
- [0.0707261205 0.0104912289 0.0]
- [0.0706197164 0.0111850643 0.0]
- [0.0705065058 0.0118778215 0.0]
- [0.0703864996 0.0125694340 0.0]
- [0.0702597095 0.0132598350 0.0]
- [0.0701261475 0.0139489580 0.0]
- [0.0699858267 0.0146367366 0.0]
- [0.0698387605 0.0153231044 0.0]
- [0.0696849631 0.0160079954 0.0]
- [0.0695244493 0.0166913435 0.0]
- [0.0693572346 0.0173730829 0.0]
- [0.0691833351 0.0180531478 0.0]
- [0.0690027676 0.0187314727 0.0]
- [0.0688155494 0.0194079922 0.0]
- [0.0686216987 0.0200826411 0.0]
- [0.0684212340 0.0207553544 0.0]
- [0.0682141748 0.0214260673 0.0]
- [0.0680005409 0.0220947151 0.0]
- [0.0677803530 0.0227612334 0.0]
- [0.0675536323 0.0234255578 0.0]
- [0.0673204007 0.0240876245 0.0]
- [0.0670806805 0.0247473696 0.0]
- [0.0668344950 0.0254047294 0.0]
- [0.0665818678 0.0260596407 0.0]
- [0.0663228234 0.0267120404 0.0]
- [0.0660573866 0.0273618654 0.0]
- [0.0657855830 0.0280090533 0.0]
- [0.0655074389 0.0286535416 0.0]
- [0.0652229811 0.0292952682 0.0]
- [0.0649322369 0.0299341712 0.0]
- [0.0646352345 0.0305701892 0.0]
- [0.0643320023 0.0312032607 0.0]
- [0.0640225697 0.0318333248 0.0]
- [0.0637069665 0.0324603207 0.0]
- [0.0633852230 0.0330841881 0.0]
- [0.0630573704 0.0337048667 0.0]
- [0.0627234402 0.0343222968 0.0]
- [0.0623834645 0.0349364188 0.0]
- [0.0620374762 0.0355471735 0.0]
- [0.0616855086 0.0361545022 0.0]
- [0.0613275956 0.0367583462 0.0]
- [0.0609637718 0.0373586474 0.0]
- [0.0605940721 0.0379553478 0.0]
- [0.0602185322 0.0385483901 0.0]
- [0.0598371884 0.0391377170 0.0]
- [0.0594500773 0.0397232717 0.0]
- [0.0590572363 0.0403049977 0.0]
- [0.0586587032 0.0408828392 0.0]
- [0.0582545165 0.0414567402 0.0]
- [0.0578447151 0.0420266455 0.0]
- [0.0574293385 0.0425925003 0.0]
- [0.0570084267 0.0431542498 0.0]
- [0.0565820204 0.0437118401 0.0]
- [0.0561501606 0.0442652174 0.0]
- [0.0557128888 0.0448143282 0.0]
- [0.0552702474 0.0453591198 0.0]
- [0.0548222789 0.0458995396 0.0]
- [0.0543690265 0.0464355355 0.0]
- [0.0539105340 0.0469670558 0.0]
- [0.0534468454 0.0474940493 0.0]
- [0.0529780055 0.0480164653 0.0]
- [0.0525040594 0.0485342533 0.0]
- [0.0520250529 0.0490473635 0.0]
- [0.0515410322 0.0495557464 0.0]
- [0.0510520438 0.0500593531 0.0]
- [0.0505581349 0.0505581349 0.0]
- [0.0500593531 0.0510520438 0.0]
- [0.0495557464 0.0515410322 0.0]
- [0.0490473635 0.0520250529 0.0]
- [0.0485342533 0.0525040594 0.0]
- [0.0480164653 0.0529780055 0.0]
- [0.0474940493 0.0534468454 0.0]
- [0.0469670558 0.0539105340 0.0]
- [0.0464355355 0.0543690265 0.0]
- [0.0458995396 0.0548222789 0.0]
- [0.0453591198 0.0552702474 0.0]
- [0.0448143282 0.0557128888 0.0]
- [0.0442652174 0.0561501606 0.0]
- [0.0437118401 0.0565820204 0.0]
- [0.0431542498 0.0570084267 0.0]
- [0.0425925003 0.0574293385 0.0]
- [0.0420266455 0.0578447151 0.0]
- [0.0414567402 0.0582545165 0.0]
- [0.0408828392 0.0586587032 0.0]
- [0.0403049977 0.0590572363 0.0]
- [0.0397232717 0.0594500773 0.0]
- [0.0391377170 0.0598371884 0.0]
- [0.0385483901 0.0602185322 0.0]
- [0.0379553478 0.0605940721 0.0]
- [0.0373586474 0.0609637718 0.0]
- [0.0367583462 0.0613275956 0.0]
- [0.0361545022 0.0616855086 0.0]
- [0.0355471735 0.0620374762 0.0]
- [0.0349364188 0.0623834645 0.0]
- [0.0343222968 0.0627234402 0.0]
- [0.0337048667 0.0630573704 0.0]
- [0.0330841881 0.0633852230 0.0]
- [0.0324603207 0.0637069665 0.0]
- [0.0318333248 0.0640225697 0.0]
- [0.0312032607 0.0643320023 0.0]
- [0.0305701892 0.0646352345 0.0]
- [0.0299341712 0.0649322369 0.0]
- [0.0292952682 0.0652229811 0.0]
- [0.0286535416 0.0655074389 0.0]
- [0.0280090533 0.0657855830 0.0]
- [0.0273618654 0.0660573866 0.0]
- [0.0267120404 0.0663228234 0.0]
- [0.0260596407 0.0665818678 0.0]
- [0.0254047294 0.0668344950 0.0]
- [0.0247473696 0.0670806805 0.0]
- [0.0240876245 0.0673204007 0.0]
- [0.0234255578 0.0675536323 0.0]
- [0.0227612334 0.0677803530 0.0]
- [0.0220947151 0.0680005409 0.0]
- [0.0214260673 0.0682141748 0.0]
- [0.0207553544 0.0684212340 0.0]
- [0.0200826411 0.0686216987 0.0]
- [0.0194079922 0.0688155494 0.0]
- [0.0187314727 0.0690027676 0.0]
- [0.0180531478 0.0691833351 0.0]
- [0.0173730829 0.0693572346 0.0]
- [0.0166913435 0.0695244493 0.0]
- [0.0160079954 0.0696849631 0.0]
- [0.0153231044 0.0698387605 0.0]
- [0.0146367366 0.0699858267 0.0]
- [0.0139489580 0.0701261475 0.0]
- [0.0132598350 0.0702597095 0.0]
- [0.0125694340 0.0703864996 0.0]
- [0.0118778215 0.0705065058 0.0]
- [0.0111850643 0.0706197164 0.0]
- [0.0104912289 0.0707261205 0.0]
- [0.0097963824 0.0708257078 0.0]
- [0.0091005917 0.0709184689 0.0]
- [0.0084039239 0.0710043947 0.0]
- [0.0077064461 0.0710834769 0.0]
- [0.0070082255 0.0711557080 0.0]
- [0.0063093295 0.0712210809 0.0]
- [0.0056098253 0.0712795894 0.0]
- [0.0049097805 0.0713312278 0.0]
- [0.0042092625 0.0713759911 0.0]
- [0.0035083387 0.0714138751 0.0]
- [0.0028070768 0.0714448761 0.0]
- [0.0021055444 0.0714689911 0.0]
- [0.0014038090 0.0714862177 0.0]
- [0.0007019383 0.0714965543 0.0]
- [0.0000000000 0.0715000000 0.0]
- [-0.0007019383 0.0714965543 0.0]
- [-0.0014038090 0.0714862177 0.0]
- [-0.0021055444 0.0714689911 0.0]
- [-0.0028070768 0.0714448761 0.0]
- [-0.0035083387 0.0714138751 0.0]
- [-0.0042092625 0.0713759911 0.0]
- [-0.0049097805 0.0713312278 0.0]
- [-0.0056098253 0.0712795894 0.0]
- [-0.0063093295 0.0712210809 0.0]
- [-0.0070082255 0.0711557080 0.0]
- [-0.0077064461 0.0710834769 0.0]
- [-0.0084039239 0.0710043947 0.0]
- [-0.0091005917 0.0709184689 0.0]
- [-0.0097963824 0.0708257078 0.0]
- [-0.0104912289 0.0707261205 0.0]
- [-0.0111850643 0.0706197164 0.0]
- [-0.0118778215 0.0705065058 0.0]
- [-0.0125694340 0.0703864996 0.0]
- [-0.0132598350 0.0702597095 0.0]
- [-0.0139489580 0.0701261475 0.0]
- [-0.0146367366 0.0699858267 0.0]
- [-0.0153231044 0.0698387605 0.0]
- [-0.0160079954 0.0696849631 0.0]
- [-0.0166913435 0.0695244493 0.0]
- [-0.0173730829 0.0693572346 0.0]
- [-0.0180531478 0.0691833351 0.0]
- [-0.0187314727 0.0690027676 0.0]
- [-0.0194079922 0.0688155494 0.0]
- [-0.0200826411 0.0686216987 0.0]
- [-0.0207553544 0.0684212340 0.0]
- [-0.0214260673 0.0682141748 0.0]
- [-0.0220947151 0.0680005409 0.0]
- [-0.0227612334 0.0677803530 0.0]
- [-0.0234255578 0.0675536323 0.0]
- [-0.0240876245 0.0673204007 0.0]
- [-0.0247473696 0.0670806805 0.0]
- [-0.0254047294 0.0668344950 0.0]
- [-0.0260596407 0.0665818678 0.0]
- [-0.0267120404 0.0663228234 0.0]
- [-0.0273618654 0.0660573866 0.0]
- [-0.0280090533 0.0657855830 0.0]
- [-0.0286535416 0.0655074389 0.0]
- [-0.0292952682 0.0652229811 0.0]
- [-0.0299341712 0.0649322369 0.0]
- [-0.0305701892 0.0646352345 0.0]
- [-0.0312032607 0.0643320023 0.0]
- [-0.0318333248 0.0640225697 0.0]
- [-0.0324603207 0.0637069665 0.0]
- [-0.0330841881 0.0633852230 0.0]
- [-0.0337048667 0.0630573704 0.0]
- [-0.0343222968 0.0627234402 0.0]
- [-0.0349364188 0.0623834645 0.0]
- [-0.0355471735 0.0620374762 0.0]
- [-0.0361545022 0.0616855086 0.0]
- [-0.0367583462 0.0613275956 0.0]
- [-0.0373586474 0.0609637718 0.0]
- [-0.0379553478 0.0605940721 0.0]
- [-0.0385483901 0.0602185322 0.0]
- [-0.0391377170 0.0598371884 0.0]
- [-0.0397232717 0.0594500773 0.0]
- [-0.0403049977 0.0590572363 0.0]
- [-0.0408828392 0.0586587032 0.0]
- [-0.0414567402 0.0582545165 0.0]
- [-0.0420266455 0.0578447151 0.0]
- [-0.0425925003 0.0574293385 0.0]
- [-0.0431542498 0.0570084267 0.0]
- [-0.0437118401 0.0565820204 0.0]
- [-0.0442652174 0.0561501606 0.0]
- [-0.0448143282 0.0557128888 0.0]
- [-0.0453591198 0.0552702474 0.0]
- [-0.0458995396 0.0548222789 0.0]
- [-0.0464355355 0.0543690265 0.0]
- [-0.0469670558 0.0539105340 0.0]
- [-0.0474940493 0.0534468454 0.0]
- [-0.0480164653 0.0529780055 0.0]
- [-0.0485342533 0.0525040594 0.0]
- [-0.0490473635 0.0520250529 0.0]
- [-0.0495557464 0.0515410322 0.0]
- [-0.0500593531 0.0510520438 0.0]
- [-0.0505581349 0.0505581349 0.0]
- [-0.0510520438 0.0500593531 0.0]
- [-0.0515410322 0.0495557464 0.0]
- [-0.0520250529 0.0490473635 0.0]
- [-0.0525040594 0.0485342533 0.0]
- [-0.0529780055 0.0480164653 0.0]
- [-0.0534468454 0.0474940493 0.0]
- [-0.0539105340 0.0469670558 0.0]
- [-0.0543690265 0.0464355355 0.0]
- [-0.0548222789 0.0458995396 0.0]
- [-0.0552702474 0.0453591198 0.0]
- [-0.0557128888 0.0448143282 0.0]
- [-0.0561501606 0.0442652174 0.0]
- [-0.0565820204 0.0437118401 0.0]
- [-0.0570084267 0.0431542498 0.0]
- [-0.0574293385 0.0425925003 0.0]
- [-0.0578447151 0.0420266455 0.0]
- [-0.0582545165 0.0414567402 0.0]
- [-0.0586587032 0.0408828392 0.0]
- [-0.0590572363 0.0403049977 0.0]
- [-0.0594500773 0.0397232717 0.0]
- [-0.0598371884 0.0391377170 0.0]
- [-0.0602185322 0.0385483901 0.0]
- [-0.0605940721 0.0379553478 0.0]
- [-0.0609637718 0.0373586474 0.0]
- [-0.0613275956 0.0367583462 0.0]
- [-0.0616855086 0.0361545022 0.0]
- [-0.0620374762 0.0355471735 0.0]
- [-0.0623834645 0.0349364188 0.0]
- [-0.0627234402 0.0343222968 0.0]
- [-0.0630573704 0.0337048667 0.0]
- [-0.0633852230 0.0330841881 0.0]
- [-0.0637069665 0.0324603207 0.0]
- [-0.0640225697 0.0318333248 0.0]
- [-0.0643320023 0.0312032607 0.0]
- [-0.0646352345 0.0305701892 0.0]
- [-0.0649322369 0.0299341712 0.0]
- [-0.0652229811 0.0292952682 0.0]
- [-0.0655074389 0.0286535416 0.0]
- [-0.0657855830 0.0280090533 0.0]
- [-0.0660573866 0.0273618654 0.0]
- [-0.0663228234 0.0267120404 0.0]
- [-0.0665818678 0.0260596407 0.0]
- [-0.0668344950 0.0254047294 0.0]
- [-0.0670806805 0.0247473696 0.0]
- [-0.0673204007 0.0240876245 0.0]
- [-0.0675536323 0.0234255578 0.0]
- [-0.0677803530 0.0227612334 0.0]
- [-0.0680005409 0.0220947151 0.0]
- [-0.0682141748 0.0214260673 0.0]
- [-0.0684212340 0.0207553544 0.0]
- [-0.0686216987 0.0200826411 0.0]
- [-0.0688155494 0.0194079922 0.0]
- [-0.0690027676 0.0187314727 0.0]
- [-0.0691833351 0.0180531478 0.0]
- [-0.0693572346 0.0173730829 0.0]
- [-0.0695244493 0.0166913435 0.0]
- [-0.0696849631 0.0160079954 0.0]
- [-0.0698387605 0.0153231044 0.0]
- [-0.0699858267 0.0146367366 0.0]
- [-0.0701261475 0.0139489580 0.0]
- [-0.0702597095 0.0132598350 0.0]
- [-0.0703864996 0.0125694340 0.0]
- [-0.0705065058 0.0118778215 0.0]
- [-0.0706197164 0.0111850643 0.0]
- [-0.0707261205 0.0104912289 0.0]
- [-0.0708257078 0.0097963824 0.0]
- [-0.0709184689 0.0091005917 0.0]
- [-0.0710043947 0.0084039239 0.0]
- [-0.0710834769 0.0077064461 0.0]
- [-0.0711557080 0.0070082255 0.0]
- [-0.0712210809 0.0063093295 0.0]
- [-0.0712795894 0.0056098253 0.0]
- [-0.0713312278 0.0049097805 0.0]
- [-0.0713759911 0.0042092625 0.0]
- [-0.0714138751 0.0035083387 0.0]
- [-0.0714448761 0.0028070768 0.0]
- [-0.0714689911 0.0021055444 0.0]
- [-0.0714862177 0.0014038090 0.0]
- [-0.0714965543 0.0007019383 0.0]
- [-0.0715000000 0.0000000000 0.0]
- [-0.0714965543 -0.0007019383 0.0]
- [-0.0714862177 -0.0014038090 0.0]
- [-0.0714689911 -0.0021055444 0.0]
- [-0.0714448761 -0.0028070768 0.0]
- [-0.0714138751 -0.0035083387 0.0]
- [-0.0713759911 -0.0042092625 0.0]
- [-0.0713312278 -0.0049097805 0.0]
- [-0.0712795894 -0.0056098253 0.0]
- [-0.0712210809 -0.0063093295 0.0]
- [-0.0711557080 -0.0070082255 0.0]
- [-0.0710834769 -0.0077064461 0.0]
- [-0.0710043947 -0.0084039239 0.0]
- [-0.0709184689 -0.0091005917 0.0]
- [-0.0708257078 -0.0097963824 0.0]
- [-0.0707261205 -0.0104912289 0.0]
- [-0.0706197164 -0.0111850643 0.0]
- [-0.0705065058 -0.0118778215 0.0]
- [-0.0703864996 -0.0125694340 0.0]
- [-0.0702597095 -0.0132598350 0.0]
- [-0.0701261475 -0.0139489580 0.0]
- [-0.0699858267 -0.0146367366 0.0]
- [-0.0698387605 -0.0153231044 0.0]
- [-0.0696849631 -0.0160079954 0.0]
- [-0.0695244493 -0.0166913435 0.0]
- [-0.0693572346 -0.0173730829 0.0]
- [-0.0691833351 -0.0180531478 0.0]
- [-0.0690027676 -0.0187314727 0.0]
- [-0.0688155494 -0.0194079922 0.0]
- [-0.0686216987 -0.0200826411 0.0]
- [-0.0684212340 -0.0207553544 0.0]
- [-0.0682141748 -0.0214260673 0.0]
- [-0.0680005409 -0.0220947151 0.0]
- [-0.0677803530 -0.0227612334 0.0]
- [-0.0675536323 -0.0234255578 0.0]
- [-0.0673204007 -0.0240876245 0.0]
- [-0.0670806805 -0.0247473696 0.0]
- [-0.0668344950 -0.0254047294 0.0]
- [-0.0665818678 -0.0260596407 0.0]
- [-0.0663228234 -0.0267120404 0.0]
- [-0.0660573866 -0.0273618654 0.0]
- [-0.0657855830 -0.0280090533 0.0]
- [-0.0655074389 -0.0286535416 0.0]
- [-0.0652229811 -0.0292952682 0.0]
- [-0.0649322369 -0.0299341712 0.0]
- [-0.0646352345 -0.0305701892 0.0]
- [-0.0643320023 -0.0312032607 0.0]
- [-0.0640225697 -0.0318333248 0.0]
- [-0.0637069665 -0.0324603207 0.0]
- [-0.0633852230 -0.0330841881 0.0]
- [-0.0630573704 -0.0337048667 0.0]
- [-0.0627234402 -0.0343222968 0.0]
- [-0.0623834645 -0.0349364188 0.0]
- [-0.0620374762 -0.0355471735 0.0]
- [-0.0616855086 -0.0361545022 0.0]
- [-0.0613275956 -0.0367583462 0.0]
- [-0.0609637718 -0.0373586474 0.0]
- [-0.0605940721 -0.0379553478 0.0]
- [-0.0602185322 -0.0385483901 0.0]
- [-0.0598371884 -0.0391377170 0.0]
- [-0.0594500773 -0.0397232717 0.0]
- [-0.0590572363 -0.0403049977 0.0]
- [-0.0586587032 -0.0408828392 0.0]
- [-0.0582545165 -0.0414567402 0.0]
- [-0.0578447151 -0.0420266455 0.0]
- [-0.0574293385 -0.0425925003 0.0]
- [-0.0570084267 -0.0431542498 0.0]
- [-0.0565820204 -0.0437118401 0.0]
- [-0.0561501606 -0.0442652174 0.0]
- [-0.0557128888 -0.0448143282 0.0]
- [-0.0552702474 -0.0453591198 0.0]
- [-0.0548222789 -0.0458995396 0.0]
- [-0.0543690265 -0.0464355355 0.0]
- [-0.0539105340 -0.0469670558 0.0]
- [-0.0534468454 -0.0474940493 0.0]
- [-0.0529780055 -0.0480164653 0.0]
- [-0.0525040594 -0.0485342533 0.0]
- [-0.0520250529 -0.0490473635 0.0]
- [-0.0515410322 -0.0495557464 0.0]
- [-0.0510520438 -0.0500593531 0.0]
- [-0.0505581349 -0.0505581349 0.0]
- [-0.0500593531 -0.0510520438 0.0]
- [-0.0495557464 -0.0515410322 0.0]
- [-0.0490473635 -0.0520250529 0.0]
- [-0.0485342533 -0.0525040594 0.0]
- [-0.0480164653 -0.0529780055 0.0]
- [-0.0474940493 -0.0534468454 0.0]
- [-0.0469670558 -0.0539105340 0.0]
- [-0.0464355355 -0.0543690265 0.0]
- [-0.0458995396 -0.0548222789 0.0]
- [-0.0453591198 -0.0552702474 0.0]
- [-0.0448143282 -0.0557128888 0.0]
- [-0.0442652174 -0.0561501606 0.0]
- [-0.0437118401 -0.0565820204 0.0]
- [-0.0431542498 -0.0570084267 0.0]
- [-0.0425925003 -0.0574293385 0.0]
- [-0.0420266455 -0.0578447151 0.0]
- [-0.0414567402 -0.0582545165 0.0]
- [-0.0408828392 -0.0586587032 0.0]
- [-0.0403049977 -0.0590572363 0.0]
- [-0.0397232717 -0.0594500773 0.0]
- [-0.0391377170 -0.0598371884 0.0]
- [-0.0385483901 -0.0602185322 0.0]
- [-0.0379553478 -0.0605940721 0.0]
- [-0.0373586474 -0.0609637718 0.0]
- [-0.0367583462 -0.0613275956 0.0]
- [-0.0361545022 -0.0616855086 0.0]
- [-0.0355471735 -0.0620374762 0.0]
- [-0.0349364188 -0.0623834645 0.0]
- [-0.0343222968 -0.0627234402 0.0]
- [-0.0337048667 -0.0630573704 0.0]
- [-0.0330841881 -0.0633852230 0.0]
- [-0.0324603207 -0.0637069665 0.0]
- [-0.0318333248 -0.0640225697 0.0]
- [-0.0312032607 -0.0643320023 0.0]
- [-0.0305701892 -0.0646352345 0.0]
- [-0.0299341712 -0.0649322369 0.0]
- [-0.0292952682 -0.0652229811 0.0]
- [-0.0286535416 -0.0655074389 0.0]
- [-0.0280090533 -0.0657855830 0.0]
- [-0.0273618654 -0.0660573866 0.0]
- [-0.0267120404 -0.0663228234 0.0]
- [-0.0260596407 -0.0665818678 0.0]
- [-0.0254047294 -0.0668344950 0.0]
- [-0.0247473696 -0.0670806805 0.0]
- [-0.0240876245 -0.0673204007 0.0]
- [-0.0234255578 -0.0675536323 0.0]
- [-0.0227612334 -0.0677803530 0.0]
- [-0.0220947151 -0.0680005409 0.0]
- [-0.0214260673 -0.0682141748 0.0]
- [-0.0207553544 -0.0684212340 0.0]
- [-0.0200826411 -0.0686216987 0.0]
- [-0.0194079922 -0.0688155494 0.0]
- [-0.0187314727 -0.0690027676 0.0]
- [-0.0180531478 -0.0691833351 0.0]
- [-0.0173730829 -0.0693572346 0.0]
- [-0.0166913435 -0.0695244493 0.0]
- [-0.0160079954 -0.0696849631 0.0]
- [-0.0153231044 -0.0698387605 0.0]
- [-0.0146367366 -0.0699858267 0.0]
- [-0.0139489580 -0.0701261475 0.0]
- [-0.0132598350 -0.0702597095 0.0]
- [-0.0125694340 -0.0703864996 0.0]
- [-0.0118778215 -0.0705065058 0.0]
- [-0.0111850643 -0.0706197164 0.0]
- [-0.0104912289 -0.0707261205 0.0]
- [-0.0097963824 -0.0708257078 0.0]
- [-0.0091005917 -0.0709184689 0.0]
- [-0.0084039239 -0.0710043947 0.0]
- [-0.0077064461 -0.0710834769 0.0]
- [-0.0070082255 -0.0711557080 0.0]
- [-0.0063093295 -0.0712210809 0.0]
- [-0.0056098253 -0.0712795894 0.0]
- [-0.0049097805 -0.0713312278 0.0]
- [-0.0042092625 -0.0713759911 0.0]
- [-0.0035083387 -0.0714138751 0.0]
- [-0.0028070768 -0.0714448761 0.0]
- [-0.0021055444 -0.0714689911 0.0]
- [-0.0014038090 -0.0714862177 0.0]
- [-0.0007019383 -0.0714965543 0.0]
- [-0.0000000000 -0.0715000000 0.0]
- [0.0007019383 -0.0714965543 0.0]
- [0.0014038090 -0.0714862177 0.0]
- [0.0021055444 -0.0714689911 0.0]
- [0.0028070768 -0.0714448761 0.0]
- [0.0035083387 -0.0714138751 0.0]
- [0.0042092625 -0.0713759911 0.0]
- [0.0049097805 -0.0713312278 0.0]
- [0.0056098253 -0.0712795894 0.0]
- [0.0063093295 -0.0712210809 0.0]
- [0.0070082255 -0.0711557080 0.0]
- [0.0077064461 -0.0710834769 0.0]
- [0.0084039239 -0.0710043947 0.0]
- [0.0091005917 -0.0709184689 0.0]
- [0.0097963824 -0.0708257078 0.0]
- [0.0104912289 -0.0707261205 0.0]
- [0.0111850643 -0.0706197164 0.0]
- [0.0118778215 -0.0705065058 0.0]
- [0.0125694340 -0.0703864996 0.0]
- [0.0132598350 -0.0702597095 0.0]
- [0.0139489580 -0.0701261475 0.0]
- [0.0146367366 -0.0699858267 0.0]
- [0.0153231044 -0.0698387605 0.0]
- [0.0160079954 -0.0696849631 0.0]
- [0.0166913435 -0.0695244493 0.0]
- [0.0173730829 -0.0693572346 0.0]
- [0.0180531478 -0.0691833351 0.0]
- [0.0187314727 -0.0690027676 0.0]
- [0.0194079922 -0.0688155494 0.0]
- [0.0200826411 -0.0686216987 0.0]
- [0.0207553544 -0.0684212340 0.0]
- [0.0214260673 -0.0682141748 0.0]
- [0.0220947151 -0.0680005409 0.0]
- [0.0227612334 -0.0677803530 0.0]
- [0.0234255578 -0.0675536323 0.0]
- [0.0240876245 -0.0673204007 0.0]
- [0.0247473696 -0.0670806805 0.0]
- [0.0254047294 -0.0668344950 0.0]
- [0.0260596407 -0.0665818678 0.0]
- [0.0267120404 -0.0663228234 0.0]
- [0.0273618654 -0.0660573866 0.0]
- [0.0280090533 -0.0657855830 0.0]
- [0.0286535416 -0.0655074389 0.0]
- [0.0292952682 -0.0652229811 0.0]
- [0.0299341712 -0.0649322369 0.0]
- [0.0305701892 -0.0646352345 0.0]
- [0.0312032607 -0.0643320023 0.0]
- [0.0318333248 -0.0640225697 0.0]
- [0.0324603207 -0.0637069665 0.0]
- [0.0330841881 -0.0633852230 0.0]
- [0.0337048667 -0.0630573704 0.0]
- [0.0343222968 -0.0627234402 0.0]
- [0.0349364188 -0.0623834645 0.0]
- [0.0355471735 -0.0620374762 0.0]
- [0.0361545022 -0.0616855086 0.0]
- [0.0367583462 -0.0613275956 0.0]
- [0.0373586474 -0.0609637718 0.0]
- [0.0379553478 -0.0605940721 0.0]
- [0.0385483901 -0.0602185322 0.0]
- [0.0391377170 -0.0598371884 0.0]
- [0.0397232717 -0.0594500773 0.0]
- [0.0403049977 -0.0590572363 0.0]
- [0.0408828392 -0.0586587032 0.0]
- [0.0414567402 -0.0582545165 0.0]
- [0.0420266455 -0.0578447151 0.0]
- [0.0425925003 -0.0574293385 0.0]
- [0.0431542498 -0.0570084267 0.0]
- [0.0437118401 -0.0565820204 0.0]
- [0.0442652174 -0.0561501606 0.0]
- [0.0448143282 -0.0557128888 0.0]
- [0.0453591198 -0.0552702474 0.0]
- [0.0458995396 -0.0548222789 0.0]
- [0.0464355355 -0.0543690265 0.0]
- [0.0469670558 -0.0539105340 0.0]
- [0.0474940493 -0.0534468454 0.0]
- [0.0480164653 -0.0529780055 0.0]
- [0.0485342533 -0.0525040594 0.0]
- [0.0490473635 -0.0520250529 0.0]
- [0.0495557464 -0.0515410322 0.0]
- [0.0500593531 -0.0510520438 0.0]
- [0.0505581349 -0.0505581349 0.0]
- [0.0510520438 -0.0500593531 0.0]
- [0.0515410322 -0.0495557464 0.0]
- [0.0520250529 -0.0490473635 0.0]
- [0.0525040594 -0.0485342533 0.0]
- [0.0529780055 -0.0480164653 0.0]
- [0.0534468454 -0.0474940493 0.0]
- [0.0539105340 -0.0469670558 0.0]
- [0.0543690265 -0.0464355355 0.0]
- [0.0548222789 -0.0458995396 0.0]
- [0.0552702474 -0.0453591198 0.0]
- [0.0557128888 -0.0448143282 0.0]
- [0.0561501606 -0.0442652174 0.0]
- [0.0565820204 -0.0437118401 0.0]
- [0.0570084267 -0.0431542498 0.0]
- [0.0574293385 -0.0425925003 0.0]
- [0.0578447151 -0.0420266455 0.0]
- [0.0582545165 -0.0414567402 0.0]
- [0.0586587032 -0.0408828392 0.0]
- [0.0590572363 -0.0403049977 0.0]
- [0.0594500773 -0.0397232717 0.0]
- [0.0598371884 -0.0391377170 0.0]
- [0.0602185322 -0.0385483901 0.0]
- [0.0605940721 -0.0379553478 0.0]
- [0.0609637718 -0.0373586474 0.0]
- [0.0613275956 -0.0367583462 0.0]
- [0.0616855086 -0.0361545022 0.0]
- [0.0620374762 -0.0355471735 0.0]
- [0.0623834645 -0.0349364188 0.0]
- [0.0627234402 -0.0343222968 0.0]
- [0.0630573704 -0.0337048667 0.0]
- [0.0633852230 -0.0330841881 0.0]
- [0.0637069665 -0.0324603207 0.0]
- [0.0640225697 -0.0318333248 0.0]
- [0.0643320023 -0.0312032607 0.0]
- [0.0646352345 -0.0305701892 0.0]
- [0.0649322369 -0.0299341712 0.0]
- [0.0652229811 -0.0292952682 0.0]
- [0.0655074389 -0.0286535416 0.0]
- [0.0657855830 -0.0280090533 0.0]
- [0.0660573866 -0.0273618654 0.0]
- [0.0663228234 -0.0267120404 0.0]
- [0.0665818678 -0.0260596407 0.0]
- [0.0668344950 -0.0254047294 0.0]
- [0.0670806805 -0.0247473696 0.0]
- [0.0673204007 -0.0240876245 0.0]
- [0.0675536323 -0.0234255578 0.0]
- [0.0677803530 -0.0227612334 0.0]
- [0.0680005409 -0.0220947151 0.0]
- [0.0682141748 -0.0214260673 0.0]
- [0.0684212340 -0.0207553544 0.0]
- [0.0686216987 -0.0200826411 0.0]
- [0.0688155494 -0.0194079922 0.0]
- [0.0690027676 -0.0187314727 0.0]
- [0.0691833351 -0.0180531478 0.0]
- [0.0693572346 -0.0173730829 0.0]
- [0.0695244493 -0.0166913435 0.0]
- [0.0696849631 -0.0160079954 0.0]
- [0.0698387605 -0.0153231044 0.0]
- [0.0699858267 -0.0146367366 0.0]
- [0.0701261475 -0.0139489580 0.0]
- [0.0702597095 -0.0132598350 0.0]
- [0.0703864996 -0.0125694340 0.0]
- [0.0705065058 -0.0118778215 0.0]
- [0.0706197164 -0.0111850643 0.0]
- [0.0707261205 -0.0104912289 0.0]
- [0.0708257078 -0.0097963824 0.0]
- [0.0709184689 -0.0091005917 0.0]
- [0.0710043947 -0.0084039239 0.0]
- [0.0710834769 -0.0077064461 0.0]
- [0.0711557080 -0.0070082255 0.0]
- [0.0712210809 -0.0063093295 0.0]
- [0.0712795894 -0.0056098253 0.0]
- [0.0713312278 -0.0049097805 0.0]
- [0.0713759911 -0.0042092625 0.0]
- [0.0714138751 -0.0035083387 0.0]
- [0.0714448761 -0.0028070768 0.0]
- [0.0714689911 -0.0021055444 0.0]
- [0.0714862177 -0.0014038090 0.0]
- [0.0714965543 -0.0007019383 0.0]
elements:
- [1 2]
- [2 3]
- [3 4]
- [4 5]
- [5 6]
- [6 7]
- [7 8]
- [8 9]
- [9 10]
- [10 11]
- [11 12]
- [12 13]
- [13 14]
- [14 15]
- [15 16]
- [16 17]
- [17 18]
- [18 19]
- [19 20]
- [20 21]
- [21 22]
- [22 23]
- [23 24]
- [24 25]
- [25 26]
- [26 27]
- [27 28]
- [28 29]
- [29 30]
- [30 31]
- [31 32]
- [32 33]
- [33 34]
- [34 35]
- [35 36]
- [36 37]
- [37 38]
- [38 39]
- [39 40]
- [40 41]
- [41 42]
- [42 43]
- [43 44]
- [44 45]
- [45 46]
- [46 47]
- [47 48]
- [48 49]
- [49 50]
- [50 51]
- [51 52]
- [52 53]
- [53 54]
- [54 55]
- [55 56]
- [56 57]
- [57 58]
- [58 59]
- [59 60]
- [60 61]
- [61 62]
- [62 63]
- [63 64]
- [64 65]
- [65 66]
- [66 67]
- [67 68]
- [68 69]
- [69 70]
- [70 71]
- [71 72]
- [72 73]
- [73 74]
- [74 75]
- [75 76]
- [76 77]
- [77 78]
- [78 79]
- [79 80]
- [80 81]
- [81 82]
- [82 83]
- [83 84]
- [84 85]
- [85 86]
- [86 87]
- [87 88]
- [88 89]
- [89 90]
- [90 91]
- [91 92]
- [92 93]
- [93 94]
- [94 95]
- [95 96]
- [96 97]
- [97 98]
- [98 99]
- [99 100]
- [100 101]
- [101 102]
- [102 103]
- [103 104]
- [104 105]
- [105 106]
- [106 107]
- [107 108]
- [108 109]
- [109 110]
- [110 111]
- [111 112]
- [112 113]
- [113 114]
- [114 115]
- [115 116]
- [116 117]
- [117 118]
- [118 119]
- [119 120]
- [120 121]
- [121 122]
- [122 123]
- [123 124]
- [124 125]
- [125 126]
- [126 127]
- [127 128]
- [128 129]
- [129 130]
- [130 131]
- [131 132]
- [132 133]
- [133 134]
- [134 135]
- [135 136]
- [136 137]
- [137 138]
- [138 139]
- [139 140]
- [140 141]
- [141 142]
- [142 143]
- [143 144]
- [144 145]
- [145 146]
- [146 147]
- [147 148]
- [148 149]
- [149 150]
- [150 151]
- [151 152]
- [152 153]
- [153 154]
- [154 155]
- [155 156]
- [156 157]
- [157 158]
- [158 159]
- [159 160]
- [160 161]
- [161 162]
- [162 163]
- [163 164]
- [164 165]
- [165 166]
- [166 167]
- [167 168]
- [168 169]
- [169 170]
- [170 171]
- [171 172]
- [172 173]
- [173 174]
- [174 175]
- [175 176]
- [176 177]
- [177 178]
- [178 179]
- [179 180]
- [180 181]
- [181 182]
- [182 183]
- [183 184]
- [184 185]
- [185 186]
- [186 187]
- [187 188]
- [188 189]
- [189 190]
- [190 191]
- [191 192]
- [192 193]
- [193 194]
- [194 195]
- [195 196]
- [196 197]
- [197 198]
- [198 199]
- [199 200]
- [200 201]
- [201 202]
- [202 203]
- [203 204]
- [204 205]
- [205 206]
- [206 207]
- [207 208]
- [208 209]
- [209 210]
- [210 211]
- [211 212]
- [212 213]
- [213 214]
- [214 215]
- [215 216]
- [216 217]
- [217 218]
- [218 219]
- [219 220]
- [220 221]
- [221 222]
- [222 223]
- [223 224]
- [224 225]
- [225 226]
- [226 227]
- [227 228]
- [228 229]
- [229 230]
- [230 231]
- [231 232]
- [232 233]
- [233 234]
- [234 235]
- [235 236]
- [236 237]
- [237 238]
- [238 239]
- [239 240]
- [240 241]
- [241 242]
- [242 243]
- [243 244]
- [244 245]
- [245 246]
- [246 247]
- [247 248]
- [248 249]
- [249 250]
- [250 251]
- [251 252]
- [252 253]
- [253 254]
- [254 255]
- [255 256]
- [256 257]
- [257 258]
- [258 259]
- [259 260]
- [260 261]
- [261 262]
- [262 263]
- [263 264]
- [264 265]
- [265 266]
- [266 267]
- [267 268]
- [268 269]
- [269 270]
- [270 271]
- [271 272]
- [272 273]
- [273 274]
- [274 275]
- [275 276]
- [276 277]
- [277 278]
- [278 279]
- [279 280]
- [280 281]
- [281 282]
- [282 283]
- [283 284]
- [284 285]
- [285 286]
- [286 287]
- [287 288]
- [288 289]
- [289 290]
- [290 291]
- [291 292]
- [292 293]
- [293 294]
- [294 295]
- [295 296]
- [296 297]
- [297 298]
- [298 299]
- [299 300]
- [300 301]
- [301 302]
- [302 303]
- [303 304]
- [304 305]
- [305 306]
- [306 307]
- [307 308]
- [308 309]
- [309 310]
- [310 311]
- [311 312]
- [312 313]
- [313 314]
- [314 315]
- [315 316]
- [316 317]
- [317 318]
- [318 319]
- [319 320]
- [320 321]
- [321 322]
- [322 323]
- [323 324]
- [324 325]
- [325 326]
- [326 327]
- [327 328]
- [328 329]
- [329 330]
- [330 331]
- [331 332]
- [332 333]
- [333 334]
- [334 335]
- [335 336]
- [336 337]
- [337 338]
- [338 339]
- [339 340]
- [340 341]
- [341 342]
- [342 343]
- [343 344]
- [344 345]
- [345 346]
- [346 347]
- [347 348]
- [348 349]
- [349 350]
- [350 351]
- [351 352]
- [352 353]
- [353 354]
- [354 355]
- [355 356]
- [356 357]
- [357 358]
- [358 359]
- [359 360]
- [360 361]
- [361 362]
- [362 363]
- [363 364]
- [364 365]
- [365 366]
- [366 367]
- [367 368]
- [368 369]
- [369 370]
- [370 371]
- [371 372]
- [372 373]
- [373 374]
- [374 375]
- [375 376]
- [376 377]
- [377 378]
- [378 379]
- [379 380]
- [380 381]
- [381 382]
- [382 383]
- [383 384]
- [384 385]
- [385 386]
- [386 387]
- [387 388]
- [388 389]
- [389 390]
- [390 391]
- [391 392]
- [392 393]
- [393 394]
- [394 395]
- [395 396]
- [396 397]
- [397 398]
- [398 399]
- [399 400]
- [400 401]
- [401 402]
- [402 403]
- [403 404]
- [404 405]
- [405 406]
- [406 407]
- [407 408]
- [408 409]
- [409 410]
- [410 411]
- [411 412]
- [412 413]
- [413 414]
- [414 415]
- [415 416]
- [416 417]
- [417 418]
- [418 419]
- [419 420]
- [420 421]
- [421 422]
- [422 423]
- [423 424]
- [424 425]
- [425 426]
- [426 427]
- [427 428]
- [428 429]
- [429 430]
- [430 431]
- [431 432]
- [432 433]
- [433 434]
- [434 435]
- [435 436]
- [436 437]
- [437 438]
- [438 439]
- [439 440]
- [440 441]
- [441 442]
- [442 443]
- [443 444]
- [444 445]
- [445 446]
- [446 447]
- [447 448]
- [448 449]
- [449 450]
- [450 451]
- [451 452]
- [452 453]
- [453 454]
- [454 455]
- [455 456]
- [456 457]
- [457 458]
- [458 459]
- [459 460]
- [460 461]
- [461 462]
- [462 463]
- [463 464]
- [464 465]
- [465 466]
- [466 467]
- [467 468]
- [468 469]
- [469 470]
- [470 471]
- [471 472]
- [472 473]
- [473 474]
- [474 475]
- [475 476]
- [476 477]
- [477 478]
- [478 479]
- [479 480]
- [480 481]
- [481 482]
- [482 483]
- [483 484]
- [484 485]
- [485 486]
- [486 487]
- [487 488]
- [488 489]
- [489 490]
- [490 491]
- [491 492]
- [492 493]
- [493 494]
- [494 495]
- [495 496]
- [496 497]
- [497 498]
- [498 499]
- [499 500]
- [500 501]
- [501 502]
- [502 503]
- [503 504]
- [504 505]
- [505 506]
- [506 507]
- [507 508]
- [508 509]
- [509 510]
- [510 511]
- [511 512]
- [512 513]
- [513 514]
- [514 515]
- [515 516]
- [516 517]
- [517 518]
- [518 519]
- [519 520]
- [520 521]
- [521 522]
- [522 523]
- [523 524]
- [524 525]
- [525 526]
- [526 527]
- [527 528]
- [528 529]
- [529 530]
- [530 531]
- [531 532]
- [532 533]
- [533 534]
- [534 535]
- [535 536]
- [536 537]
- [537 538]
- [538 539]
- [539 540]
- [540 541]
- [541 542]
- [542 543]
- [543 544]
- [544 545]
- [545 546]
- [546 547]
- [547 548]
- [548 549]
- [549 550]
- [550 551]
- [551 552]
- [552 553]
- [553 554]
- [554 555]
- [555 556]
- [556 557]
- [557 558]
- [558 559]
- [559 560]
- [560 561]
- [561 562]
- [562 563]
- [563 564]
- [564 565]
- [565 566]
- [566 567]
- [567 568]
- [568 569]
- [569 570]
- [570 571]
- [571 572]
- [572 573]
- [573 574]
- [574 575]
- [575 576]
- [576 577]
- [577 578]
- [578 579]
- [579 580]
- [580 581]
- [581 582]
- [582 583]
- [583 584]
- [584 585]
- [585 586]
- [586 587]
- [587 588]
- [588 589]
- [589 590]
- [590 591]
- [591 592]
- [592 593]
- [593 594]
- [594 595]
- [595 596]
- [596 597]
- [597 598]
- [598 599]
- [599 600]
- [600 601]
- [601 602]
- [602 603]
- [603 604]
- [604 605]
- [605 606]
- [606 607]
- [607 608]
- [608 609]
- [609 610]
- [610 611]
- [611 612]
- [612 613]
- [613 614]
- [614 615]
- [615 616]
- [616 617]
- [617 618]
- [618 619]
- [619 620]
- [620 621]
- [621 622]
- [622 623]
- [623 624]
- [624 625]
- [625 626]
- [626 627]
- [627 628]
- [628 629]
- [629 630]
- [630 631]
- [631 632]
- [632 633]
- [633 634]
- [634 635]
- [635 636]
- [636 637]
- [637 638]
- [638 639]
- [639 640]
- [640 1]
sets:
  element:
  - name: tube
    labels:
    - 1
    - 2
    - 3
    - 4
    - 5
    - 6
    - 7
    - 8
    - 9
    - 10
    - 11
    - 12
    - 13
    - 14
    - 15
    - 16
    - 17
    - 18
    - 19
    - 20
    - 21
    - 22
    - 23
    - 24
    - 25
    - 26
    - 27
    - 28
    - 29
    - 30
    - 31
    - 32
    - 33
    - 34
    - 35
    - 36
    - 37
    - 38
    - 39
    - 40
    - 41
    - 42
    - 43
    - 44
    - 45
    - 46
    - 47
    - 48
    - 49
    - 50
    - 51
    - 52
    - 53
    - 54
    - 55
    - 56
    - 57
    - 58
    - 59
    - 60
    - 61
    - 62
    - 63
    - 64
    - 65
    - 66
    - 67
    - 68
    - 69
    - 70
    - 71
    - 72
    - 73
    - 74
    - 75
    - 76
    - 77
    - 78
    - 79
    - 80
    - 81
    - 82
    - 83
    - 84
    - 85
    - 86
    - 87
    - 88
    - 89
    - 90
    - 91
    - 92
    - 93
    - 94
    - 95
    - 96
    - 97
    - 98
    - 99
    - 100
    - 101
    - 102
    - 103
    - 104
    - 105
    - 106
    - 107
    - 108
    - 109
    - 110
    - 111
    - 112
    - 113
    - 114
    - 115
    - 116
    - 117
    - 118
    - 119
    - 120
    - 121
    - 122
    - 123
    - 124
    - 125
    - 126
    - 127
    - 128
    - 129
    - 130
    - 131
    - 132
    - 133
    - 134
    - 135
    - 136
    - 137
    - 138
    - 139
    - 140
    - 141
    - 142
    - 143
    - 144
    - 145
    - 146
    - 147
    - 148
    - 149
    - 150
    - 151
    - 152
    - 153
    - 154
    - 155
    - 156
    - 157
    - 158
    - 159
    - 160
    - 161
    - 162
    - 163
    - 164
    - 165
    - 166
    - 167
    - 168
    - 169
    - 170
    - 171
    - 172
    - 173
    - 174
    - 175
    - 176
    - 177
    - 178
    - 179
    - 180
    - 181
    - 182
    - 183
    - 184
    - 185
    - 186
    - 187
    - 188
    - 189
    - 190
    - 191
    - 192
    - 193
    - 194
    - 195
    - 196
    - 197
    - 198
    - 199
    - 200
    - 201
    - 202
    - 203
    - 204
    - 205
    - 206
    - 207
    - 208
    - 209
    - 210
    - 211
    - 212
    - 213
    - 214
    - 215
    - 216
    - 217
    - 218
    - 219
    - 220
    - 221
    - 222
    - 223
    - 224
    - 225
    - 226
    - 227
    - 228
    - 229
    - 230
    - 231
    - 232
    - 233
    - 234
    - 235
    - 236
    - 237
    - 238
    - 239
    - 240
    - 241
    - 242
    - 243
    - 244
    - 245
    - 246
    - 247
    - 248
    - 249
    - 250
    - 251
    - 252
    - 253
    - 254
    - 255
    - 256
    - 257
    - 258
    - 259
    - 260
    - 261
    - 262
    - 263
    - 264
    - 265
    - 266
    - 267
    - 268
    - 269
    - 270
    - 271
    - 272
    - 273
    - 274
    - 275
    - 276
    - 277
    - 278
    - 279
    - 280
    - 281
    - 282
    - 283
    - 284
    - 285
    - 286
    - 287
    - 288
    - 289
    - 290
    - 291
    - 292
    - 293
    - 294
    - 295
    - 296
    - 297
    - 298
    - 299
    - 300
    - 301
    - 302
    - 303
    - 304
    - 305
    - 306
    - 307
    - 308
    - 309
    - 310
    - 311
    - 312
    - 313
    - 314
    - 315
    - 316
    - 317
    - 318
    - 319
    - 320
    - 321
    - 322
    - 323
    - 324
    - 325
    - 326
    - 327
    - 328
    - 329
    - 330
    - 331
    - 332
    - 333
    - 334
    - 335
    - 336
    - 337
    - 338
    - 339
    - 340
    - 341
    - 342
    - 343
    - 344
    - 345
    - 346
    - 347
    - 348
    - 349
    - 350
    - 351
    - 352
    - 353
    - 354
    - 355
    - 356
    - 357
    - 358
    - 359
    - 360
    - 361
    - 362
    - 363
    - 364
    - 365
    - 366
    - 367
    - 368
    - 369
    - 370
    - 371
    - 372
    - 373
    - 374
    - 375
    - 376
    - 377
    - 378
    - 379
    - 380
    - 381
    - 382
    - 383
    - 384
    - 385
    - 386
    - 387
    - 388
    - 389
    - 390
    - 391
    - 392
    - 393
    - 394
    - 395
    - 396
    - 397
    - 398
    - 399
    - 400
    - 401
    - 402
    - 403
    - 404
    - 405
    - 406
    - 407
    - 408
    - 409
    - 410
    - 411
    - 412
    - 413
    - 414
    - 415
    - 416
    - 417
    - 418
    - 419
    - 420
    - 421
    - 422
    - 423
    - 424
    - 425
    - 426
    - 427
    - 428
    - 429
    - 430
    - 431
    - 432
    - 433
    - 434
    - 435
    - 436
    - 437
    - 438
    - 439
    - 440
    - 441
    - 442
    - 443
    - 444
    - 445
    - 446
    - 447
    - 448
    - 449
    - 450
    - 451
    - 452
    - 453
    - 454
    - 455
    - 456
    - 457
    - 458
    - 459
    - 460
    - 461
    - 462
    - 463
    - 464
    - 465
    - 466
    - 467
    - 468
    - 469
    - 470
    - 471
    - 472
    - 473
    - 474
    - 475
    - 476
    - 477
    - 478
    - 479
    - 480
    - 481
    - 482
    - 483
    - 484
    - 485
    - 486
    - 487
    - 488
    - 489
    - 490
    - 491
    - 492
    - 493
    - 494
    - 495
    - 496
    - 497
    - 498
    - 499
    - 500
    - 501
    - 502
    - 503
    - 504
    - 505
    - 506
    - 507
    - 508
    - 509
    - 510
    - 511
    - 512
    - 513
    - 514
    - 515
    - 516
    - 517
    - 518
    - 519
    - 520
    - 521
    - 522
    - 523
    - 524
    - 525
    - 526
    - 527
    - 528
    - 529
    - 530
    - 531
    - 532
    - 533
    - 534
    - 535
    - 536
    - 537
    - 538
    - 539
    - 540
    - 541
    - 542
    - 543
    - 544
    - 545
    - 546
    - 547
    - 548
    - 549
    - 550
    - 551
    - 552
    - 553
    - 554
    - 555
    - 556
    - 557
    - 558
    - 559
    - 560
    - 561
    - 562
    - 563
    - 564
    - 565
    - 566
    - 567
    - 568
    - 569
    - 570
    - 571
    - 572
    - 573
    - 574
    - 575
    - 576
    - 577
    - 578
    - 579
    - 580
    - 581
    - 582
    - 583
    - 584
    - 585
    - 586
    - 587
    - 588
    - 589
    - 590
    - 591
    - 592
    - 593
    - 594
    - 595
    - 596
    - 597
    - 598
    - 599
    - 600
    - 601
    - 602
    - 603
    - 604
    - 605
    - 606
    - 607
    - 608
    - 609
    - 610
    - 611
    - 612
    - 613
    - 614
    - 615
    - 616
    - 617
    - 618
    - 619
    - 620
    - 621
    - 622
    - 623
    - 624
    - 625
    - 626
    - 627
    - 628
    - 629
    - 630
    - 631
    - 632
    - 633
    - 634
    - 635
    - 636
    - 637
    - 638
    - 639
    - 640
sections:
- type: shell
  elementSet: tube
  layup:
  - - mat
    - 0.008682
    - -45.0
materials:
- name: mat
  density: 1860.0
  elastic:
    E:
    - 37000000000.0
    - 9000000000.0
    - 9000000000.0
    G:
    - 4000000000.0
    - 4000000000.0
    - 4000000000.0
    nu:
    - 0.28
    - 0.28
    - 0.28
elementOrientations:
- [0.0, 0.0, 1.0, -0.004908718807997598, 0.9999879521672569, 0.0, -0.9999879521672569,
  -0.00490871880799799, 0.0]
- [0.0, 0.0, 1.0, -0.014725683311465156, 0.999891571247108, 0.0, -0.999891571247108,
  -0.014725683311458522, 0.0]
- [0.0, 0.0, 1.0, -0.024541228522920643, 0.999698818696204, 0.0, -0.9996988186962041,
  -0.024541228522912288, 0.0]
- [0.0, 0.0, 1.0, -0.03435440839967121, 0.9994097130924378, 0.0, -0.9994097130924373,
  -0.03435440839968227, 0.0]
- [0.0, 0.0, 1.0, -0.04416427712705613, 0.9990242823004077, 0.0, -0.9990242823004072,
  -0.04416427712706736, 0.0]
- [0.0, 0.0, 1.0, -0.05396988920950926, 0.9985425634687352, 0.0, -0.9985425634687357,
  -0.05396988920950188, 0.0]
- [0.0, 0.0, 1.0, -0.06377029956168127, 0.9979646030264868, 0.0, -0.9979646030264866,
  -0.0637702995616845, 0.0]
- [0.0, 0.0, 1.0, -0.07356456359967976, 0.9972904566786893, 0.0, -0.9972904566786902,
  -0.07356456359966743, 0.0]
- [0.0, 0.0, 1.0, -0.08335173733189481, 0.996520189400975, 0.0, -0.9965201894009745,
  -0.08335173733189745, 0.0]
- [0.0, 0.0, 1.0, -0.09313087745018028, 0.9956538754333052, 0.0, -0.9956538754333033,
  -0.0931308774501998, 0.0]
- [0.0, 0.0, 1.0, -0.1029010414207183, 0.9946915982728172, 0.0, -0.9946915982728195,
  -0.10290104142069609, 0.0]
- [0.0, 0.0, 1.0, -0.11266128757464716, 0.993633450665799, 0.0, -0.9936334506657988,
  -0.11266128757464783, 0.0]
- [0.0, 0.0, 1.0, -0.12241067519920432, 0.9924795345987114, 0.0, -0.99247953459871,
  -0.1224106751992162, 0.0]
- [0.0, 0.0, 1.0, -0.13214826462813323, 0.9912299612883848, 0.0, -0.9912299612883851,
  -0.13214826462813015, 0.0]
- [0.0, 0.0, 1.0, -0.14187311733225372, 0.9898848511713009, 0.0, -0.989884851171301,
  -0.14187311733225325, 0.0]
- [0.0, 0.0, 1.0, -0.1515842960100332, 0.9884443338919711, 0.0, -0.98844433389197,
  -0.15158429601004111, 0.0]
- [0.0, 0.0, 1.0, -0.16128086467789138, 0.986908548290444, 0.0, -0.9869085482904457,
  -0.16128086467788047, 0.0]
- [0.0, 0.0, 1.0, -0.17096188876030066, 0.9852776423889413, 0.0, -0.9852776423889413,
  -0.17096188876030122, 0.0]
- [0.0, 0.0, 1.0, -0.1806264351800531, 0.9835517733775615, 0.0, -0.9835517733775615,
  -0.18062643518005275, 0.0]
- [0.0, 0.0, 1.0, -0.19027357244804027, 0.9817311075991534, 0.0, -0.9817311075991542,
  -0.1902735724480359, 0.0]
- [0.0, 0.0, 1.0, -0.19990237075307138, 0.9798158205332784, 0.0, -0.9798158205332763,
  -0.1999023707530817, 0.0]
- [0.0, 0.0, 1.0, -0.20951190205158615, 0.9778060967792779, 0.0, -0.9778060967792817,
  -0.20951190205156878, 0.0]
- [0.0, 0.0, 1.0, -0.2191012401568497, 0.9757021300385331, 0.0, -0.9757021300385286,
  -0.21910124015686983, 0.0]
- [0.0, 0.0, 1.0, -0.22866946082863546, 0.9735041230957069, 0.0, -0.9735041230957104,
  -0.22866946082861941, 0.0]
- [0.0, 0.0, 1.0, -0.2382156418617773, 0.971212287799316, 0.0, -0.9712122877993117,
  -0.23821564186179456, 0.0]
- [0.0, 0.0, 1.0, -0.2477388631756058, 0.9688268450411861, 0.0, -0.968826845041188,
  -0.2477388631755984, 0.0]
- [0.0, 0.0, 1.0, -0.25723820690212995, 0.9663480247352799, 0.0, -0.9663480247352771,
  -0.2572382069021396, 0.0]
- [0.0, 0.0, 1.0, -0.26671275747490536, 0.9637760657954381, 0.0, -0.96377606579544,
  -0.2667127574748983, 0.0]
- [0.0, 0.0, 1.0, -0.2761616017169682, 0.9611112161124322, 0.0, -0.9611112161124317,
  -0.27616160171697074, 0.0]
- [0.0, 0.0, 1.0, -0.2855838289290974, 0.9583537325300069, 0.0, -0.9583537325300113,
  -0.2855838289290823, 0.0]
