nodes:
- [0.0715000000 0.0000000000 0.0]
- [0.0706197164 0.0111850643 0.0]
- [0.0680005409 0.0220947151 0.0]
- [0.0637069665 0.0324603207 0.0]
- [0.0578447151 0.0420266455 0.0]
- [0.0505581349 0.0505581349 0.0]
- [0.0420266455 0.0578447151 0.0]
- [0.0324603207 0.0637069665 0.0]
- [0.0220947151 0.0680005409 0.0]
- [0.0111850643 0.0706197164 0.0]
- [0.0000000000 0.0715000000 0.0]
- [-0.0111850643 0.0706197164 0.0]
- [-0.0220947151 0.0680005409 0.0]
- [-0.0324603207 0.0637069665 0.0]
- [-0.0420266455 0.0578447151 0.0]
- [-0.0505581349 0.0505581349 0.0]
- [-0.0578447151 0.0420266455 0.0]
- [-0.0637069665 0.0324603207 0.0]
- [-0.0680005409 0.0220947151 0.0]
- [-0.0706197164 0.0111850643 0.0]
- [-0.0715000000 0.0000000000 0.0]
- [-0.0706197164 -0.0111850643 0.0]
- [-0.0680005409 -0.0220947151 0.0]
- [-0.0637069665 -0.0324603207 0.0]
- [-0.0578447151 -0.0420266455 0.0]
- [-0.0505581349 -0.0505581349 0.0]
- [-0.0420266455 -0.0578447151 0.0]
- [-0.0324603207 -0.0637069665 0.0]
- [-0.0220947151 -0.0680005409 0.0]
- [-0.0111850643 -0.0706197164 0.0]
- [-0.0000000000 -0.0715000000 0.0]
- [0.0111850643 -0.0706197164 0.0]
- [0.0220947151 -0.0680005409 0.0]
- [0.0324603207 -0.0637069665 0.0]
- [0.0420266455 -0.0578447151 0.0]
- [0.0505581349 -0.0505581349 0.0]
- [0.0578447151 -0.0420266455 0.0]
- [0.0637069665 -0.0324603207 0.0]
- [0.0680005409 -0.0220947151 0.0]
- [0.0706197164 -0.0111850643 0.0]
elements:
- [1 2]
- [2 3]
- [3 4]
- [4 5]
- [5 6]
- [6 7]
- [7 8]
- [8 9]
- [9 10]
- [10 11]
- [11 12]
- [12 13]
- [13 14]
- [14 15]
- [15 16]
- [16 17]
- [17 18]
- [18 19]
- [19 20]
- [20 21]
- [21 22]
- [22 23]
- [23 24]
- [24 25]
- [25 26]
- [26 27]
- [27 28]
- [28 29]
- [29 30]
- [30 31]
- [31 32]
- [32 33]
- [33 34]
- [34 35]
- [35 36]
- [36 37]
- [37 38]
- [38 39]
- [39 40]
- [40 1]
sets:
  element:
  - name: tube
    labels:
    - 1
    - 2
    - 3
    - 4
    - 5
    - 6
    - 7
    - 8
    - 9
    - 10
    - 11
    - 12
    - 13
    - 14
    - 15
    - 16
    - 17
    - 18
    - 19
    - 20
    - 21
    - 22
    - 23
    - 24
    - 25
    - 26
    - 27
    - 28
    - 29
    - 30
    - 31
    - 32
    - 33
    - 34
    - 35
    - 36
    - 37
    - 38
    - 39
    - 40
sections:
- type: shell
  elementSet: tube
  layup:
  - - mat
    - 0.008682
    - -45.0
materials:
- name: mat
  density: 1860.0
  elastic:
    E:
    - 37000000000.0
    - 9000000000.0
    - 9000000000.0
    G:
    - 4000000000.0
    - 4000000000.0
    - 4000000000.0
    nu:
    - 0.28
    - 0.28
    - 0.28
elementOrientations:
- [0.0, 0.0, 1.0, -0.07845909572784443, 0.996917333733128, 0.0, -0.996917333733128,
  -0.07845909572784494, 0.0]
- [0.0, 0.0, 1.0, -0.23344536385590572, 0.9723699203976766, 0.0, -0.9723699203976767,
  -0.2334453638559054, 0.0]
- [0.0, 0.0, 1.0, -0.3826834323650896, 0.923879532511287, 0.0, -0.9238795325112867,
  -0.3826834323650898, 0.0]
- [0.0, 0.0, 1.0, -0.5224985647159489, 0.8526401643540921, 0.0, -0.8526401643540922,
  -0.5224985647159488, 0.0]
- [0.0, 0.0, 1.0, -0.6494480483301835, 0.760405965600031, 0.0, -0.7604059656000309,
  -0.6494480483301835, 0.0]
- [0.0, 0.0, 1.0, -0.760405965600031, 0.6494480483301837, 0.0, -0.6494480483301838,
  -0.7604059656000309, 0.0]
- [0.0, 0.0, 1.0, -0.8526401643540926, 0.522498564715948, 0.0, -0.5224985647159489,
  -0.8526401643540923, 0.0]
- [0.0, 0.0, 1.0, -0.9238795325112863, 0.3826834323650907, 0.0, -0.3826834323650898,
  -0.9238795325112867, 0.0]
- [0.0, 0.0, 1.0, -0.9723699203976766, 0.23344536385590575, 0.0, -0.2334453638559055,
  -0.9723699203976767, 0.0]
- [0.0, 0.0, 1.0, -0.9969173337331282, 0.07845909572784444, 0.0, -0.07845909572784503,
  -0.996917333733128, 0.0]
- [0.0, 0.0, 1.0, -0.996917333733128, -0.07845909572784453, 0.0, 0.07845909572784478,
  -0.996917333733128, 0.0]
- [0.0, 0.0, 1.0, -0.9723699203976766, -0.2334453638559054, 0.0, 0.23344536385590525,
  -0.9723699203976767, 0.0]
- [0.0, 0.0, 1.0, -0.9238795325112867, -0.38268343236508967, 0.0, 0.3826834323650897,
  -0.9238795325112867, 0.0]
- [0.0, 0.0, 1.0, -0.8526401643540921, -0.5224985647159489, 0.0, 0.5224985647159488,
  -0.8526401643540924, 0.0]
- [0.0, 0.0, 1.0, -0.7604059656000313, -0.6494480483301833, 0.0, 0.6494480483301837,
  -0.760405965600031, 0.0]
- [0.0, 0.0, 1.0, -0.6494480483301835, -0.760405965600031, 0.0, 0.7604059656000309,
  -0.6494480483301838, 0.0]
- [0.0, 0.0, 1.0, -0.5224985647159485, -0.8526401643540924, 0.0, 0.8526401643540923,
  -0.522498564715949, 0.0]
- [0.0, 0.0, 1.0, -0.3826834323650906, -0.9238795325112863, 0.0, 0.9238795325112867,
  -0.3826834323650899, 0.0]
- [0.0, 0.0, 1.0, -0.2334453638559046, -0.9723699203976769, 0.0, 0.9723699203976767,
  -0.23344536385590553, 0.0]
- [0.0, 0.0, 1.0, -0.07845909572784565, -0.9969173337331279, 0.0, 0.996917333733128,
  -0.07845909572784507, 0.0]
- [0.0, 0.0, 1.0, 0.07845909572784443, -0.996917333733128, 0.0, 0.996917333733128,
  0.07845909572784483, 0.0]
- [0.0, 0.0, 1.0, 0.23344536385590514, -0.9723699203976767, 0.0, 0.9723699203976767,
  0.23344536385590506, 0.0]
- [0.0, 0.0, 1.0, 0.38268343236508967, -0.9238795325112868, 0.0, 0.923879532511287,
  0.38268343236508945, 0.0]
- [0.0, 0.0, 1.0, 0.5224985647159485, -0.8526401643540924, 0.0, 0.8526401643540923,
  0.5224985647159487, 0.0]
- [0.0, 0.0, 1.0, 0.6494480483301833, -0.7604059656000313, 0.0, 0.7604059656000312,
  0.6494480483301837, 0.0]
- [0.0, 0.0, 1.0, 0.7604059656000313, -0.6494480483301833, 0.0, 0.6494480483301838,
  0.7604059656000309, 0.0]
- [0.0, 0.0, 1.0, 0.8526401643540923, -0.5224985647159488, 0.0, 0.522498564715949,
  0.8526401643540921, 0.0]
- [0.0, 0.0, 1.0, 0.9238795325112865, -0.38268343236509056, 0.0, 0.38268343236508995,
  0.9238795325112867, 0.0]
- [0.0, 0.0, 1.0, 0.9723699203976769, -0.2334453638559046, 0.0, 0.23344536385590559,
  0.9723699203976767, 0.0]
- [0.0, 0.0, 1.0, 0.996917333733128, -0.07845909572784568, 0.0, 0.07845909572784514,
  0.996917333733128, 0.0]
- [0.0, 0.0, 1.0, 0.9969173337331282, 0.07845909572784444, 0.0, -0.07845909572784475,
  0.996917333733128, 0.0]
- [0.0, 0.0, 1.0, 0.9723699203976764, 0.2334453638559057, 0.0, -0.2334453638559052,
  0.9723699203976767, 0.0]
- [0.0, 0.0, 1.0, 0.923879532511287, 0.3826834323650894, 0.0, -0.3826834323650896,
  0.9238795325112867, 0.0]
- [0.0, 0.0, 1.0, 0.8526401643540923, 0.5224985647159488, 0.0, -0.5224985647159487,
  0.8526401643540924, 0.0]
- [0.0, 0.0, 1.0, 0.760405965600031, 0.6494480483301835, 0.0, -0.6494480483301835,
  0.7604059656000312, 0.0]
- [0.0, 0.0, 1.0, 0.6494480483301843, 0.7604059656000304, 0.0, -0.7604059656000308,
  0.6494480483301839, 0.0]
- [0.0, 0.0, 1.0, 0.5224985647159485, 0.8526401643540924, 0.0, -0.8526401643540921,
  0.522498564715949, 0.0]
- [0.0, 0.0, 1.0, 0.3826834323650906, 0.9238795325112863, 0.0, -0.9238795325112866,
  0.38268343236508995, 0.0]
- [0.0, 0.0, 1.0, 0.23344536385590464, 0.9723699203976767, 0.0, -0.9723699203976767,
  0.23344536385590564, 0.0]
- [0.0, 0.0, 1.0, 0.07845909572784553, 0.996917333733128, 0.0, -0.996917333733128,
  0.07845909572784508, 0.0]
