nodes:
- [0.0715000000 0.0000000000 0.0]
- [0.0714448761 0.0028070768 0.0]
- [0.0712795894 0.0056098253 0.0]
- [0.0710043947 0.0084039239 0.0]
- [0.0706197164 0.0111850643 0.0]
- [0.0701261475 0.0139489580 0.0]
- [0.0695244493 0.0166913435 0.0]
- [0.0688155494 0.0194079922 0.0]
- [0.0680005409 0.0220947151 0.0]
- [0.0670806805 0.0247473696 0.0]
- [0.0660573866 0.0273618654 0.0]
- [0.0649322369 0.0299341712 0.0]
- [0.0637069665 0.0324603207 0.0]
- [0.0623834645 0.0349364188 0.0]
- [0.0609637718 0.0373586474 0.0]
- [0.0594500773 0.0397232717 0.0]
- [0.0578447151 0.0420266455 0.0]
- [0.0561501606 0.0442652174 0.0]
- [0.0543690265 0.0464355355 0.0]
- [0.0525040594 0.0485342533 0.0]
- [0.0505581349 0.0505581349 0.0]
- [0.0485342533 0.0525040594 0.0]
- [0.0464355355 0.0543690265 0.0]
- [0.0442652174 0.0561501606 0.0]
- [0.0420266455 0.0578447151 0.0]
- [0.0397232717 0.0594500773 0.0]
- [0.0373586474 0.0609637718 0.0]
- [0.0349364188 0.0623834645 0.0]
- [0.0324603207 0.0637069665 0.0]
- [0.0299341712 0.0649322369 0.0]
- [0.0273618654 0.0660573866 0.0]
- [0.0247473696 0.0670806805 0.0]
- [0.0220947151 0.0680005409 0.0]
- [0.0194079922 0.0688155494 0.0]
- [0.0166913435 0.0695244493 0.0]
- [0.0139489580 0.0701261475 0.0]
- [0.0111850643 0.0706197164 0.0]
- [0.0084039239 0.0710043947 0.0]
- [0.0056098253 0.0712795894 0.0]
- [0.0028070768 0.0714448761 0.0]
- [0.0000000000 0.0715000000 0.0]
- [-0.0028070768 0.0714448761 0.0]
- [-0.0056098253 0.0712795894 0.0]
- [-0.0084039239 0.0710043947 0.0]
- [-0.0111850643 0.0706197164 0.0]
- [-0.0139489580 0.0701261475 0.0]
- [-0.0166913435 0.0695244493 0.0]
- [-0.0194079922 0.0688155494 0.0]
- [-0.0220947151 0.0680005409 0.0]
- [-0.0247473696 0.0670806805 0.0]
- [-0.0273618654 0.0660573866 0.0]
- [-0.0299341712 0.0649322369 0.0]
- [-0.0324603207 0.0637069665 0.0]
- [-0.0349364188 0.0623834645 0.0]
- [-0.0373586474 0.0609637718 0.0]
- [-0.0397232717 0.0594500773 0.0]
- [-0.0420266455 0.0578447151 0.0]
- [-0.0442652174 0.0561501606 0.0]
- [-0.0464355355 0.0543690265 0.0]
- [-0.0485342533 0.0525040594 0.0]
- [-0.0505581349 0.0505581349 0.0]
- [-0.0525040594 0.0485342533 0.0]
- [-0.0543690265 0.0464355355 0.0]
- [-0.0561501606 0.0442652174 0.0]
- [-0.0578447151 0.0420266455 0.0]
- [-0.0594500773 0.0397232717 0.0]
- [-0.0609637718 0.0373586474 0.0]
- [-0.0623834645 0.0349364188 0.0]
- [-0.0637069665 0.0324603207 0.0]
- [-0.0649322369 0.0299341712 0.0]
- [-0.0660573866 0.0273618654 0.0]
- [-0.0670806805 0.0247473696 0.0]
- [-0.0680005409 0.0220947151 0.0]
- [-0.0688155494 0.0194079922 0.0]
- [-0.0695244493 0.0166913435 0.0]
- [-0.0701261475 0.0139489580 0.0]
- [-0.0706197164 0.0111850643 0.0]
- [-0.0710043947 0.0084039239 0.0]
- [-0.0712795894 0.0056098253 0.0]
- [-0.0714448761 0.0028070768 0.0]
- [-0.0715000000 0.0000000000 0.0]
- [-0.0714448761 -0.0028070768 0.0]
- [-0.0712795894 -0.0056098253 0.0]
- [-0.0710043947 -0.0084039239 0.0]
- [-0.0706197164 -0.0111850643 0.0]
- [-0.0701261475 -0.0139489580 0.0]
- [-0.0695244493 -0.0166913435 0.0]
- [-0.0688155494 -0.0194079922 0.0]
- [-0.0680005409 -0.0220947151 0.0]
- [-0.0670806805 -0.0247473696 0.0]
- [-0.0660573866 -0.0273618654 0.0]
- [-0.0649322369 -0.0299341712 0.0]
- [-0.0637069665 -0.0324603207 0.0]
- [-0.0623834645 -0.0349364188 0.0]
- [-0.0609637718 -0.0373586474 0.0]
- [-0.0594500773 -0.0397232717 0.0]
- [-0.0578447151 -0.0420266455 0.0]
- [-0.0561501606 -0.0442652174 0.0]
- [-0.0543690265 -0.0464355355 0.0]
- [-0.0525040594 -0.0485342533 0.0]
- [-0.0505581349 -0.0505581349 0.0]
- [-0.0485342533 -0.0525040594 0.0]
- [-0.0464355355 -0.0543690265 0.0]
- [-0.0442652174 -0.0561501606 0.0]
- [-0.0420266455 -0.0578447151 0.0]
- [-0.0397232717 -0.0594500773 0.0]
- [-0.0373586474 -0.0609637718 0.0]
- [-0.0349364188 -0.0623834645 0.0]
- [-0.0324603207 -0.0637069665 0.0]
- [-0.0299341712 -0.0649322369 0.0]
- [-0.0273618654 -0.0660573866 0.0]
- [-0.0247473696 -0.0670806805 0.0]
- [-0.0220947151 -0.0680005409 0.0]
- [-0.0194079922 -0.0688155494 0.0]
- [-0.0166913435 -0.0695244493 0.0]
- [-0.0139489580 -0.0701261475 0.0]
- [-0.0111850643 -0.0706197164 0.0]
- [-0.0084039239 -0.0710043947 0.0]
- [-0.0056098253 -0.0712795894 0.0]
- [-0.0028070768 -0.0714448761 0.0]
- [-0.0000000000 -0.0715000000 0.0]
- [0.0028070768 -0.0714448761 0.0]
- [0.0056098253 -0.0712795894 0.0]
- [0.0084039239 -0.0710043947 0.0]
- [0.0111850643 -0.0706197164 0.0]
- [0.0139489580 -0.0701261475 0.0]
- [0.0166913435 -0.0695244493 0.0]
- [0.0194079922 -0.0688155494 0.0]
- [0.0220947151 -0.0680005409 0.0]
- [0.0247473696 -0.0670806805 0.0]
- [0.0273618654 -0.0660573866 0.0]
- [0.0299341712 -0.0649322369 0.0]
- [0.0324603207 -0.0637069665 0.0]
- [0.0349364188 -0.0623834645 0.0]
- [0.0373586474 -0.0609637718 0.0]
- [0.0397232717 -0.0594500773 0.0]
- [0.0420266455 -0.0578447151 0.0]
- [0.0442652174 -0.0561501606 0.0]
- [0.0464355355 -0.0543690265 0.0]
- [0.0485342533 -0.0525040594 0.0]
- [0.0505581349 -0.0505581349 0.0]
- [0.0525040594 -0.0485342533 0.0]
- [0.0543690265 -0.0464355355 0.0]
- [0.0561501606 -0.0442652174 0.0]
- [0.0578447151 -0.0420266455 0.0]
- [0.0594500773 -0.0397232717 0.0]
- [0.0609637718 -0.0373586474 0.0]
- [0.0623834645 -0.0349364188 0.0]
- [0.0637069665 -0.0324603207 0.0]
- [0.0649322369 -0.0299341712 0.0]
- [0.0660573866 -0.0273618654 0.0]
- [0.0670806805 -0.0247473696 0.0]
- [0.0680005409 -0.0220947151 0.0]
- [0.0688155494 -0.0194079922 0.0]
- [0.0695244493 -0.0166913435 0.0]
- [0.0701261475 -0.0139489580 0.0]
- [0.0706197164 -0.0111850643 0.0]
- [0.0710043947 -0.0084039239 0.0]
- [0.0712795894 -0.0056098253 0.0]
- [0.0714448761 -0.0028070768 0.0]
elements:
- [1 2]
- [2 3]
- [3 4]
- [4 5]
- [5 6]
- [6 7]
- [7 8]
- [8 9]
- [9 10]
- [10 11]
- [11 12]
- [12 13]
- [13 14]
- [14 15]
- [15 16]
- [16 17]
- [17 18]
- [18 19]
- [19 20]
- [20 21]
- [21 22]
- [22 23]
- [23 24]
- [24 25]
- [25 26]
- [26 27]
- [27 28]
- [28 29]
- [29 30]
- [30 31]
- [31 32]
- [32 33]
- [33 34]
- [34 35]
- [35 36]
- [36 37]
- [37 38]
- [38 39]
- [39 40]
- [40 41]
- [41 42]
- [42 43]
- [43 44]
- [44 45]
- [45 46]
- [46 47]
- [47 48]
- [48 49]
- [49 50]
- [50 51]
- [51 52]
- [52 53]
- [53 54]
- [54 55]
- [55 56]
- [56 57]
- [57 58]
- [58 59]
- [59 60]
- [60 61]
- [61 62]
- [62 63]
- [63 64]
- [64 65]
- [65 66]
- [66 67]
- [67 68]
- [68 69]
- [69 70]
- [70 71]
- [71 72]
- [72 73]
- [73 74]
- [74 75]
- [75 76]
- [76 77]
- [77 78]
- [78 79]
- [79 80]
- [80 81]
- [81 82]
- [82 83]
- [83 84]
- [84 85]
- [85 86]
- [86 87]
- [87 88]
- [88 89]
- [89 90]
- [90 91]
- [91 92]
- [92 93]
- [93 94]
- [94 95]
- [95 96]
- [96 97]
- [97 98]
- [98 99]
- [99 100]
- [100 101]
- [101 102]
- [102 103]
- [103 104]
- [104 105]
- [105 106]
- [106 107]
- [107 108]
- [108 109]
- [109 110]
- [110 111]
- [111 112]
- [112 113]
- [113 114]
- [114 115]
- [115 116]
- [116 117]
- [117 118]
- [118 119]
- [119 120]
- [120 121]
- [121 122]
- [122 123]
- [123 124]
- [124 125]
- [125 126]
- [126 127]
- [127 128]
- [128 129]
- [129 130]
- [130 131]
- [131 132]
- [132 133]
- [133 134]
- [134 135]
- [135 136]
- [136 137]
- [137 138]
- [138 139]
- [139 140]
- [140 141]
- [141 142]
- [142 143]
- [143 144]
- [144 145]
- [145 146]
- [146 147]
- [147 148]
- [148 149]
- [149 150]
- [150 151]
- [151 152]
- [152 153]
- [153 154]
- [154 155]
- [155 156]
- [156 157]
- [157 158]
- [158 159]
- [159 160]
- [160 1]
sets:
  element:
  - name: tube
    labels:
    - 1
    - 2
    - 3
    - 4
    - 5
    - 6
    - 7
    - 8
    - 9
    - 10
    - 11
    - 12
    - 13
    - 14
    - 15
    - 16
    - 17
    - 18
    - 19
    - 20
    - 21
    - 22
    - 23
    - 24
    - 25
    - 26
    - 27
    - 28
    - 29
    - 30
    - 31
    - 32
    - 33
    - 34
    - 35
    - 36
    - 37
    - 38
    - 39
    - 40
    - 41
    - 42
    - 43
    - 44
    - 45
    - 46
    - 47
    - 48
    - 49
    - 50
    - 51
    - 52
    - 53
    - 54
    - 55
    - 56
    - 57
    - 58
    - 59
    - 60
    - 61
    - 62
    - 63
    - 64
    - 65
    - 66
    - 67
    - 68
    - 69
    - 70
    - 71
    - 72
    - 73
    - 74
    - 75
    - 76
    - 77
    - 78
    - 79
    - 80
    - 81
    - 82
    - 83
    - 84
    - 85
    - 86
    - 87
    - 88
    - 89
    - 90
    - 91
    - 92
    - 93
    - 94
    - 95
    - 96
    - 97
    - 98
    - 99
    - 100
    - 101
    - 102
    - 103
    - 104
    - 105
    - 106
    - 107
    - 108
    - 109
    - 110
    - 111
    - 112
    - 113
    - 114
    - 115
    - 116
    - 117
    - 118
    - 119
    - 120
    - 121
    - 122
    - 123
    - 124
    - 125
    - 126
    - 127
    - 128
    - 129
    - 130
    - 131
    - 132
    - 133
    - 134
    - 135
    - 136
    - 137
    - 138
    - 139
    - 140
    - 141
    - 142
    - 143
    - 144
    - 145
    - 146
    - 147
    - 148
    - 149
    - 150
    - 151
    - 152
    - 153
    - 154
    - 155
    - 156
    - 157
    - 158
    - 159
    - 160
sections:
- type: shell
  elementSet: tube
  layup:
  - - mat
    - 0.008682
    - -45.0
materials:
- name: mat
  density: 1860.0
  elastic:
    E:
    - 37000000000.0
    - 9000000000.0
    - 9000000000.0
    G:
    - 4000000000.0
    - 4000000000.0
    - 4000000000.0
    nu:
    - 0.28
    - 0.28
    - 0.28
elementOrientations:
- [0.0, 0.0, 1.0, -0.019633692460629182, 0.9998072404820648, 0.0, -0.9998072404820649,
  -0.019633692460628304, 0.0]
- [0.0, 0.0, 1.0, -0.05887080365119035, 0.9982656101847157, 0.0, -0.9982656101847158,
  -0.05887080365118902, 0.0]
- [0.0, 0.0, 1.0, -0.09801714032956046, 0.9951847266721969, 0.0, -0.9951847266721968,
  -0.0980171403295606, 0.0]
- [0.0, 0.0, 1.0, -0.137012341681964, 0.9905693404435778, 0.0, -0.9905693404435773,
  -0.13701234168196802, 0.0]
- [0.0, 0.0, 1.0, -0.17579627993435826, 0.9844265680898909, 0.0, -0.9844265680898916,
  -0.17579627993435448, 0.0]
- [0.0, 0.0, 1.0, -0.2143091530650515, 0.9767658813208722, 0.0, -0.9767658813208724,
  -0.21430915306505074, 0.0]
- [0.0, 0.0, 1.0, -0.25249157701515484, 0.9675990923602606, 0.0, -0.9675990923602598,
  -0.252491577015158, 0.0]
- [0.0, 0.0, 1.0, -0.2902846772544623, 0.9569403357322088, 0.0, -0.9569403357322088,
  -0.2902846772544624, 0.0]
- [0.0, 0.0, 1.0, -0.32763017956169305, 0.9448060464668782, 0.0, -0.944806046466878,
  -0.32763017956169344, 0.0]
- [0.0, 0.0, 1.0, -0.3644704998791515, 0.9312149347588028, 0.0, -0.9312149347588036,
  -0.36447049987914965, 0.0]
- [0.0, 0.0, 1.0, -0.400748833103139, 0.9161879571171369, 0.0, -0.916187957117136,
  -0.40074883310314086, 0.0]
- [0.0, 0.0, 1.0, -0.4364092406733419, 0.8997482840522216, 0.0, -0.8997482840522214,
  -0.43640924067334197, 0.0]
- [0.0, 0.0, 1.0, -0.47139673682599825, 0.8819212643483548, 0.0, -0.881921264348355,
  -0.4713967368259976, 0.0]
- [0.0, 0.0, 1.0, -0.505657373377987, 0.8627343859777904, 0.0, -0.8627343859777918,
  -0.5056573733779846, 0.0]
- [0.0, 0.0, 1.0, -0.5391383229109984, 0.8422172337162878, 0.0, -0.8422172337162865,
  -0.5391383229110002, 0.0]
- [0.0, 0.0, 1.0, -0.5717879602276116, 0.820401443525514, 0.0, -0.8204014435255136,
  -0.5717879602276121, 0.0]
- [0.0, 0.0, 1.0, -0.6035559419535717, 0.7973206537727069, 0.0, -0.7973206537727071,
  -0.6035559419535713, 0.0]
- [0.0, 0.0, 1.0, -0.6343932841636454, 0.7730104533627372, 0.0, -0.773010453362737,
  -0.6343932841636455, 0.0]
- [0.0, 0.0, 1.0, -0.6642524379112826, 0.7475083268625959, 0.0, -0.7475083268625968,
  -0.6642524379112817, 0.0]
- [0.0, 0.0, 1.0, -0.6930873625456347, 0.72085359670292, 0.0, -0.7208535967029187,
  -0.6930873625456357, 0.0]
- [0.0, 0.0, 1.0, -0.7208535967029187, 0.693087362545636, 0.0, -0.693087362545636,
  -0.7208535967029188, 0.0]
- [0.0, 0.0, 1.0, -0.7475083268625984, 0.6642524379112799, 0.0, -0.6642524379112819,
  -0.7475083268625967, 0.0]
- [0.0, 0.0, 1.0, -0.7730104533627358, 0.634393284163647, 0.0, -0.6343932841636455,
  -0.773010453362737, 0.0]
- [0.0, 0.0, 1.0, -0.7973206537727069, 0.6035559419535717, 0.0, -0.6035559419535713,
  -0.7973206537727071, 0.0]
- [0.0, 0.0, 1.0, -0.8204014435255134, 0.5717879602276128, 0.0, -0.5717879602276122,
  -0.8204014435255136, 0.0]
- [0.0, 0.0, 1.0, -0.8422172337162878, 0.5391383229109984, 0.0, -0.5391383229110002,
  -0.8422172337162864, 0.0]
- [0.0, 0.0, 1.0, -0.8627343859777921, 0.5056573733779841, 0.0, -0.5056573733779847,
  -0.8627343859777918, 0.0]
- [0.0, 0.0, 1.0, -0.8819212643483557, 0.4713967368259963, 0.0, -0.47139673682599764,
  -0.881921264348355, 0.0]
- [0.0, 0.0, 1.0, -0.8997482840522208, 0.43640924067334336, 0.0, -0.43640924067334214,
  -0.8997482840522214, 0.0]
- [0.0, 0.0, 1.0, -0.9161879571171353, 0.4007488331031422, 0.0, -0.400748833103141,
  -0.9161879571171359, 0.0]
- [0.0, 0.0, 1.0, -0.9312149347588028, 0.3644704998791515, 0.0, -0.36447049987914965,
  -0.9312149347588036, 0.0]
- [0.0, 0.0, 1.0, -0.9448060464668782, 0.32763017956169305, 0.0, -0.3276301795616935,
  -0.944806046466878, 0.0]
- [0.0, 0.0, 1.0, -0.9569403357322087, 0.2902846772544626, 0.0, -0.29028467725446244,
  -0.9569403357322088, 0.0]
- [0.0, 0.0, 1.0, -0.9675990923602606, 0.2524915770151545, 0.0, -0.25249157701515806,
  -0.9675990923602598, 0.0]
- [0.0, 0.0, 1.0, -0.9767658813208722, 0.21430915306505177, 0.0, -0.21430915306505083,
  -0.9767658813208724, 0.0]
- [0.0, 0.0, 1.0, -0.9844265680898909, 0.17579627993435815, 0.0, -0.17579627993435457,
  -0.9844265680898916, 0.0]
- [0.0, 0.0, 1.0, -0.9905693404435779, 0.1370123416819639, 0.0, -0.13701234168196808,
  -0.9905693404435773, 0.0]
- [0.0, 0.0, 1.0, -0.9951847266721969, 0.09801714032956049, 0.0, -0.09801714032956069,
  -0.9951847266721969, 0.0]
- [0.0, 0.0, 1.0, -0.9982656101847157, 0.058870803651190344, 0.0, -0.05887080365118908,
  -0.9982656101847158, 0.0]
- [0.0, 0.0, 1.0, -0.9998072404820648, 0.019633692460629185, 0.0, -0.01963369246062836,
  -0.9998072404820649, 0.0]
- [0.0, 0.0, 1.0, -0.9998072404820649, -0.019633692460629296, 0.0, 0.01963369246062813,
  -0.9998072404820649, 0.0]
- [0.0, 0.0, 1.0, -0.9982656101847158, -0.05887080365119003, 0.0, 0.05887080365118885,
  -0.9982656101847158, 0.0]
- [0.0, 0.0, 1.0, -0.9951847266721969, -0.09801714032956046, 0.0, 0.09801714032956055,
  -0.9951847266721969, 0.0]
- [0.0, 0.0, 1.0, -0.9905693404435778, -0.13701234168196466, 0.0, 0.13701234168196785,
  -0.9905693404435773, 0.0]
- [0.0, 0.0, 1.0, -0.984426568089891, -0.17579627993435729, 0.0, 0.17579627993435432,
  -0.9844265680898916, 0.0]
- [0.0, 0.0, 1.0, -0.9767658813208733, -0.21430915306504705, 0.0, 0.2143091530650507,
  -0.9767658813208724, 0.0]
- [0.0, 0.0, 1.0, -0.9675990923602598, -0.25249157701515795, 0.0, 0.25249157701515795,
  -0.9675990923602598, 0.0]
- [0.0, 0.0, 1.0, -0.9569403357322084, -0.29028467725446366, 0.0, 0.2902846772544624,
  -0.9569403357322088, 0.0]
- [0.0, 0.0, 1.0, -0.9448060464668775, -0.327630179561695, 0.0, 0.32763017956169327,
  -0.944806046466878, 0.0]
- [0.0, 0.0, 1.0, -0.9312149347588037, -0.3644704998791494, 0.0, 0.3644704998791494,
  -0.9312149347588036, 0.0]
- [0.0, 0.0, 1.0, -0.9161879571171362, -0.40074883310314036, 0.0, 0.40074883310314074,
  -0.916187957117136, 0.0]
- [0.0, 0.0, 1.0, -0.899748284052222, -0.4364092406733409, 0.0, 0.43640924067334186,
  -0.8997482840522216, 0.0]
- [0.0, 0.0, 1.0, -0.8819212643483547, -0.47139673682599803, 0.0, 0.47139673682599764,
  -0.881921264348355, 0.0]
- [0.0, 0.0, 1.0, -0.862734385977792, -0.5056573733779844, 0.0, 0.5056573733779847,
  -0.8627343859777918, 0.0]
- [0.0, 0.0, 1.0, -0.8422172337162863, -0.5391383229110008, 0.0, 0.5391383229110002,
  -0.8422172337162865, 0.0]
- [0.0, 0.0, 1.0, -0.8204014435255137, -0.5717879602276122, 0.0, 0.5717879602276122,
  -0.8204014435255136, 0.0]
- [0.0, 0.0, 1.0, -0.7973206537727083, -0.6035559419535698, 0.0, 0.6035559419535712,
  -0.7973206537727073, 0.0]
- [0.0, 0.0, 1.0, -0.773010453362737, -0.6343932841636456, 0.0, 0.6343932841636452,
  -0.7730104533627371, 0.0]
- [0.0, 0.0, 1.0, -0.7475083268625972, -0.6642524379112812, 0.0, 0.6642524379112816,
  -0.7475083268625969, 0.0]
- [0.0, 0.0, 1.0, -0.7208535967029187, -0.6930873625456361, 0.0, 0.6930873625456357,
  -0.7208535967029188, 0.0]
- [0.0, 0.0, 1.0, -0.6930873625456361, -0.7208535967029187, 0.0, 0.7208535967029187,
  -0.6930873625456357, 0.0]
- [0.0, 0.0, 1.0, -0.6642524379112825, -0.7475083268625962, 0.0, 0.7475083268625968,
  -0.6642524379112816, 0.0]
- [0.0, 0.0, 1.0, -0.6343932841636443, -0.7730104533627379, 0.0, 0.773010453362737,
  -0.6343932841636454, 0.0]
- [0.0, 0.0, 1.0, -0.603555941953571, -0.7973206537727074, 0.0, 0.7973206537727071,
  -0.6035559419535713, 0.0]
- [0.0, 0.0, 1.0, -0.5717879602276106, -0.8204014435255148, 0.0, 0.8204014435255134,
  -0.5717879602276124, 0.0]
- [0.0, 0.0, 1.0, -0.5391383229110014, -0.8422172337162858, 0.0, 0.8422172337162864,
  -0.5391383229110004, 0.0]
- [0.0, 0.0, 1.0, -0.5056573733779854, -0.8627343859777912, 0.0, 0.8627343859777916,
  -0.5056573733779847, 0.0]
- [0.0, 0.0, 1.0, -0.47139673682599614, -0.8819212643483558, 0.0, 0.8819212643483548,
  -0.47139673682599786, 0.0]
- [0.0, 0.0, 1.0, -0.4364092406733444, -0.8997482840522203, 0.0, 0.8997482840522214,
  -0.4364092406733421, 0.0]
- [0.0, 0.0, 1.0, -0.40074883310314036, -0.9161879571171362, 0.0, 0.916187957117136,
  -0.4007488331031409, 0.0]
- [0.0, 0.0, 1.0, -0.3644704998791498, -0.9312149347588035, 0.0, 0.9312149347588036,
  -0.36447049987914965, 0.0]
- [0.0, 0.0, 1.0, -0.32763017956169466, -0.9448060464668777, 0.0, 0.944806046466878,
  -0.32763017956169344, 0.0]
- [0.0, 0.0, 1.0, -0.2902846772544595, -0.9569403357322097, 0.0, 0.9569403357322088,
  -0.2902846772544626, 0.0]
- [0.0, 0.0, 1.0, -0.25249157701515795, -0.9675990923602598, 0.0, 0.9675990923602598,
  -0.2524915770151582, 0.0]
- [0.0, 0.0, 1.0, -0.21430915306505297, -0.976765881320872, 0.0, 0.9767658813208724,
  -0.21430915306505097, 0.0]
- [0.0, 0.0, 1.0, -0.1757962799343524, -0.9844265680898919, 0.0, 0.9844265680898916,
  -0.17579627993435476, 0.0]
- [0.0, 0.0, 1.0, -0.1370123416819681, -0.9905693404435773, 0.0, 0.9905693404435773,
  -0.13701234168196805, 0.0]
- [0.0, 0.0, 1.0, -0.098017140329561, -0.9951847266721968, 0.0, 0.9951847266721968,
  -0.09801714032956063, 0.0]
- [0.0, 0.0, 1.0, -0.05887080365119001, -0.9982656101847158, 0.0, 0.9982656101847158,
  -0.05887080365118903, 0.0]
- [0.0, 0.0, 1.0, -0.019633692460629296, -0.9998072404820648, 0.0, 0.9998072404820649,
  -0.01963369246062831, 0.0]
- [0.0, 0.0, 1.0, 0.019633692460629296, -0.9998072404820648, 0.0, 0.9998072404820649,
  0.019633692460628068, 0.0]
- [0.0, 0.0, 1.0, 0.058870803651185764, -0.998265610184716, 0.0, 0.9982656101847158,
  0.05887080365118857, 0.0]
- [0.0, 0.0, 1.0, 0.09801714032956371, -0.9951847266721966, 0.0, 0.9951847266721969,
  0.09801714032956037, 0.0]
- [0.0, 0.0, 1.0, 0.13701234168196474, -0.9905693404435777, 0.0, 0.9905693404435773,
  0.13701234168196802, 0.0]
- [0.0, 0.0, 1.0, 0.1757962799343572, -0.9844265680898913, 0.0, 0.9844265680898916,
  0.17579627993435448, 0.0]
- [0.0, 0.0, 1.0, 0.21430915306504825, -0.976765881320873, 0.0, 0.9767658813208724,
  0.21430915306505074, 0.0]
- [0.0, 0.0, 1.0, 0.25249157701516034, -0.9675990923602591, 0.0, 0.9675990923602599,
  0.25249157701515773, 0.0]
- [0.0, 0.0, 1.0, 0.2902846772544595, -0.9569403357322097, 0.0, 0.956940335732209,
  0.29028467725446194, 0.0]
- [0.0, 0.0, 1.0, 0.3276301795616925, -0.9448060464668784, 0.0, 0.944806046466878,
  0.32763017956169327, 0.0]
- [0.0, 0.0, 1.0, 0.36447049987914887, -0.9312149347588038, 0.0, 0.9312149347588036,
  0.36447049987914965, 0.0]
- [0.0, 0.0, 1.0, 0.4007488331031445, -0.9161879571171344, 0.0, 0.916187957117136,
  0.4007488331031407, 0.0]
- [0.0, 0.0, 1.0, 0.4364092406733404, -0.8997482840522223, 0.0, 0.8997482840522216,
  0.43640924067334186, 0.0]
- [0.0, 0.0, 1.0, 0.47139673682599836, -0.8819212643483546, 0.0, 0.881921264348355,
  0.47139673682599736, 0.0]
- [0.0, 0.0, 1.0, 0.5056573733779842, -0.8627343859777921, 0.0, 0.8627343859777918,
  0.5056573733779846, 0.0]
- [0.0, 0.0, 1.0, 0.539138322910999, -0.8422172337162874, 0.0, 0.8422172337162864,
  0.5391383229110003, 0.0]
- [0.0, 0.0, 1.0, 0.5717879602276122, -0.8204014435255137, 0.0, 0.8204014435255136,
  0.5717879602276121, 0.0]
- [0.0, 0.0, 1.0, 0.6035559419535713, -0.7973206537727071, 0.0, 0.7973206537727072,
  0.6035559419535711, 0.0]
- [0.0, 0.0, 1.0, 0.6343932841636459, -0.7730104533627367, 0.0, 0.7730104533627372,
  0.634393284163645, 0.0]
- [0.0, 0.0, 1.0, 0.6642524379112822, -0.7475083268625964, 0.0, 0.7475083268625969,
  0.6642524379112815, 0.0]
- [0.0, 0.0, 1.0, 0.6930873625456333, -0.7208535967029213, 0.0, 0.7208535967029187,
  0.6930873625456357, 0.0]
- [0.0, 0.0, 1.0, 0.7208535967029212, -0.6930873625456335, 0.0, 0.693087362545636,
  0.7208535967029188, 0.0]
- [0.0, 0.0, 1.0, 0.7475083268625954, -0.6642524379112832, 0.0, 0.664252437911282,
  0.7475083268625967, 0.0]
- [0.0, 0.0, 1.0, 0.773010453362737, -0.6343932841636456, 0.0, 0.6343932841636458,
  0.7730104533627365, 0.0]
- [0.0, 0.0, 1.0, 0.7973206537727071, -0.6035559419535712, 0.0, 0.6035559419535715,
  0.7973206537727069, 0.0]
- [0.0, 0.0, 1.0, 0.8204014435255136, -0.571787960227612, 0.0, 0.5717879602276122,
  0.8204014435255135, 0.0]
- [0.0, 0.0, 1.0, 0.8422172337162869, -0.5391383229109997, 0.0, 0.5391383229110002,
  0.8422172337162867, 0.0]
- [0.0, 0.0, 1.0, 0.862734385977791, -0.5056573733779861, 0.0, 0.5056573733779847,
  0.8627343859777918, 0.0]
- [0.0, 0.0, 1.0, 0.8819212643483558, -0.47139673682599614, 0.0, 0.471396736825998,
  0.8819212643483548, 0.0]
- [0.0, 0.0, 1.0, 0.8997482840522202, -0.43640924067334463, 0.0, 0.43640924067334247,
  0.8997482840522212, 0.0]
- [0.0, 0.0, 1.0, 0.9161879571171362, -0.4007488331031406, 0.0, 0.40074883310314113,
  0.9161879571171357, 0.0]
- [0.0, 0.0, 1.0, 0.9312149347588039, -0.3644704998791488, 0.0, 0.36447049987914965,
  0.9312149347588036, 0.0]
- [0.0, 0.0, 1.0, 0.9448060464668774, -0.3276301795616956, 0.0, 0.32763017956169377,
  0.9448060464668778, 0.0]
- [0.0, 0.0, 1.0, 0.9569403357322093, -0.29028467725446094, 0.0, 0.2902846772544624,
  0.9569403357322088, 0.0]
- [0.0, 0.0, 1.0, 0.9675990923602596, -0.2524915770151588, 0.0, 0.25249157701515823,
  0.9675990923602598, 0.0]
- [0.0, 0.0, 1.0, 0.9767658813208725, -0.2143091530650507, 0.0, 0.2143091530650508,
  0.9767658813208724, 0.0]
- [0.0, 0.0, 1.0, 0.984426568089892, -0.17579627993435143, 0.0, 0.17579627993435434,
  0.9844265680898916, 0.0]
- [0.0, 0.0, 1.0, 0.9905693404435771, -0.13701234168196808, 0.0, 0.1370123416819681,
  0.9905693404435773, 0.0]
- [0.0, 0.0, 1.0, 0.9951847266721968, -0.09801714032956216, 0.0, 0.0980171403295609,
  0.9951847266721968, 0.0]
- [0.0, 0.0, 1.0, 0.9982656101847158, -0.05887080365119001, 0.0, 0.05887080365118954,
  0.9982656101847158, 0.0]
- [0.0, 0.0, 1.0, 0.9998072404820648, -0.01963369246062907, 0.0, 0.0196336924606286,
  0.9998072404820649, 0.0]
- [0.0, 0.0, 1.0, 0.9998072404820649, 0.019633692460629078, 0.0, -0.01963369246062823,
  0.9998072404820649, 0.0]
- [0.0, 0.0, 1.0, 0.9982656101847158, 0.058870803651190004, 0.0, -0.05887080365118918,
  0.9982656101847158, 0.0]
- [0.0, 0.0, 1.0, 0.9951847266721968, 0.09801714032956216, 0.0, -0.09801714032956055,
  0.9951847266721969, 0.0]
- [0.0, 0.0, 1.0, 0.9905693404435779, 0.13701234168196322, 0.0, -0.13701234168196771,
  0.9905693404435773, 0.0]
- [0.0, 0.0, 1.0, 0.9844265680898912, 0.17579627993435623, 0.0, -0.17579627993435396,
  0.9844265680898916, 0.0]
- [0.0, 0.0, 1.0, 0.9767658813208725, 0.21430915306505055, 0.0, -0.21430915306505044,
  0.9767658813208724, 0.0]
- [0.0, 0.0, 1.0, 0.9675990923602596, 0.2524915770151588, 0.0, -0.2524915770151579,
  0.9675990923602598, 0.0]
- [0.0, 0.0, 1.0, 0.9569403357322093, 0.29028467725446094, 0.0, -0.2902846772544621,
  0.9569403357322088, 0.0]
- [0.0, 0.0, 1.0, 0.9448060464668788, 0.32763017956169116, 0.0, -0.3276301795616934,
  0.944806046466878, 0.0]
- [0.0, 0.0, 1.0, 0.9312149347588022, 0.3644704998791531, 0.0, -0.3644704998791494,
  0.9312149347588037, 0.0]
- [0.0, 0.0, 1.0, 0.9161879571171379, 0.40074883310313636, 0.0, -0.40074883310314086,
  0.916187957117136, 0.0]
- [0.0, 0.0, 1.0, 0.8997482840522204, 0.4364092406733442, 0.0, -0.43640924067334225,
  0.8997482840522214, 0.0]
- [0.0, 0.0, 1.0, 0.8819212643483543, 0.47139673682599914, 0.0, -0.4713967368259976,
  0.881921264348355, 0.0]
- [0.0, 0.0, 1.0, 0.8627343859777926, 0.5056573733779832, 0.0, -0.5056573733779843,
  0.8627343859777921, 0.0]
- [0.0, 0.0, 1.0, 0.8422172337162863, 0.5391383229110008, 0.0, -0.5391383229109998,
  0.8422172337162869, 0.0]
- [0.0, 0.0, 1.0, 0.8204014435255146, 0.5717879602276109, 0.0, -0.571787960227612,
  0.8204014435255138, 0.0]
- [0.0, 0.0, 1.0, 0.7973206537727076, 0.6035559419535709, 0.0, -0.6035559419535713,
  0.7973206537727073, 0.0]
- [0.0, 0.0, 1.0, 0.7730104533627367, 0.6343932841636457, 0.0, -0.6343932841636455,
  0.7730104533627369, 0.0]
- [0.0, 0.0, 1.0, 0.7475083268625965, 0.664252437911282, 0.0, -0.6642524379112816,
  0.7475083268625967, 0.0]
- [0.0, 0.0, 1.0, 0.7208535967029187, 0.693087362545636, 0.0, -0.6930873625456356,
  0.720853596702919, 0.0]
- [0.0, 0.0, 1.0, 0.6930873625456356, 0.7208535967029189, 0.0, -0.7208535967029184,
  0.6930873625456363, 0.0]
- [0.0, 0.0, 1.0, 0.6642524379112826, 0.7475083268625959, 0.0, -0.7475083268625966,
  0.664252437911282, 0.0]
- [0.0, 0.0, 1.0, 0.6343932841636452, 0.7730104533627372, 0.0, -0.7730104533627369,
  0.6343932841636456, 0.0]
- [0.0, 0.0, 1.0, 0.6035559419535741, 0.7973206537727051, 0.0, -0.797320653772707,
  0.6035559419535718, 0.0]
- [0.0, 0.0, 1.0, 0.5717879602276109, 0.8204014435255146, 0.0, -0.8204014435255135,
  0.5717879602276122, 0.0]
- [0.0, 0.0, 1.0, 0.5391383229110011, 0.8422172337162861, 0.0, -0.8422172337162864,
  0.5391383229110006, 0.0]
- [0.0, 0.0, 1.0, 0.5056573733779824, 0.862734385977793, 0.0, -0.8627343859777918,
  0.5056573733779847, 0.0]
- [0.0, 0.0, 1.0, 0.47139673682599864, 0.8819212643483546, 0.0, -0.881921264348355,
  0.4713967368259976, 0.0]
- [0.0, 0.0, 1.0, 0.4364092406733409, 0.899748284052222, 0.0, -0.8997482840522214,
  0.4364092406733422, 0.0]
- [0.0, 0.0, 1.0, 0.400748833103144, 0.9161879571171346, 0.0, -0.9161879571171357,
  0.4007488331031413, 0.0]
- [0.0, 0.0, 1.0, 0.3644704998791498, 0.9312149347588035, 0.0, -0.9312149347588033,
  0.3644704998791502, 0.0]
- [0.0, 0.0, 1.0, 0.3276301795616956, 0.9448060464668774, 0.0, -0.9448060464668778,
  0.32763017956169377, 0.0]
- [0.0, 0.0, 1.0, 0.29028467725446094, 0.9569403357322093, 0.0, -0.9569403357322088,
  0.2902846772544625, 0.0]
- [0.0, 0.0, 1.0, 0.25249157701515823, 0.9675990923602598, 0.0, -0.9675990923602598,
  0.25249157701515784, 0.0]
- [0.0, 0.0, 1.0, 0.21430915306505044, 0.9767658813208725, 0.0, -0.9767658813208724,
  0.21430915306505088, 0.0]
- [0.0, 0.0, 1.0, 0.1757962799343525, 0.9844265680898919, 0.0, -0.9844265680898916,
  0.17579627993435487, 0.0]
- [0.0, 0.0, 1.0, 0.13701234168197102, 0.9905693404435768, 0.0, -0.9905693404435773,
  0.13701234168196863, 0.0]
- [0.0, 0.0, 1.0, 0.09801714032955776, 0.9951847266721972, 0.0, -0.9951847266721968,
  0.09801714032956096, 0.0]
- [0.0, 0.0, 1.0, 0.05887080365119134, 0.9982656101847157, 0.0, -0.9982656101847158,
  0.058870803651189164, 0.0]
- [0.0, 0.0, 1.0, 0.01963369246062895, 0.9998072404820648, 0.0, -0.9998072404820649,
  0.019633692460628537, 0.0]
