# st12 JAX-Kirchhoff OML
1.498836710828993988e+10 1.813538046997576021e+05 -6.139963564866899105e+04 -4.323508706881455873e+04 2.132985506864828765e+08 -4.342920612328503609e+09
1.813538046997576021e+05 6.238410991788793802e+08 -4.730086836009851098e+07 -4.465227433482085168e+07 8.898993581980088493e+04 3.444678931598758209e+05
-6.139963564866899105e+04 -4.730086836009851098e+07 1.332174006798847616e+08 8.569395542494957149e+07 -2.334610932614614285e+04 -1.278784429829279106e+05
-4.323508706881455873e+04 -4.465227433482085168e+07 8.569395542494957149e+07 3.154567380872284770e+08 -1.690882232839646895e+04 -8.926773738905470236e+04
2.132985506864828765e+08 8.898993581980088493e+04 -2.334610932614614285e+04 -1.690882232839646895e+04 2.931795542985267162e+09 6.042214818903524876e+08
-4.342920612328503609e+09 3.444678931598758209e+05 -1.278784429829279106e+05 -8.926773738905470236e+04 6.042214818903524876e+08 9.584380613414766312e+09
