# st12 FEniCS-shell OML genpenalty
1.506329094400000000e+10 2.836770000000000000e+05 2.976500000000000000e+04 -1.535950000000000000e+04 2.191828300000000000e+08 -4.337563991500000000e+09
2.836770000000000000e+05 5.716838370000000000e+08 -4.502895000000000000e+07 -1.635653360000000000e+08 -3.279200000000000000e+04 8.652650000000000000e+05
2.976500000000000000e+04 -4.502895000000000000e+07 1.230599680000000000e+08 9.257028500000000000e+07 7.231050000000000000e+05 -1.063650000000000000e+05
-1.535950000000000000e+04 -1.635653360000000000e+08 9.257028500000000000e+07 3.460292010000000000e+08 4.319035000000000000e+05 -2.052400000000000000e+05
2.191828300000000000e+08 -3.279200000000000000e+04 7.231050000000000000e+05 4.319035000000000000e+05 2.947394274000000000e+09 6.036280805000000000e+08
-4.337563991500000000e+09 8.652650000000000000e+05 -1.063650000000000000e+05 -2.052400000000000000e+05 6.036280805000000000e+08 9.579842149000000000e+09
