# st12 FEniCS 2D-solid (VABS ref)
1.431549337200000000e+10 8.559400000000000000e+04 9.887500000000000000e+04 1.504210000000000000e+05 2.304943570000000000e+08 -4.371313626000000000e+09
8.559400000000000000e+04 5.441170170000000000e+08 -3.808755100000000000e+07 -3.372923700000000000e+07 1.850100000000000000e+04 9.474700000000000000e+04
9.887500000000000000e+04 -3.808755100000000000e+07 1.281482910000000000e+08 7.185513900000000000e+07 -6.421350000000000000e+05 -1.537650000000000000e+05
1.504210000000000000e+05 -3.372923700000000000e+07 7.185513900000000000e+07 2.425074040000000000e+08 -3.711850000000000000e+05 -6.473700000000000000e+04
2.304943570000000000e+08 1.850100000000000000e+04 -6.421350000000000000e+05 -3.711850000000000000e+05 2.443221199000000000e+09 3.598983110000000000e+08
-4.371313626000000000e+09 9.474700000000000000e+04 -1.537650000000000000e+05 -6.473700000000000000e+04 3.598983110000000000e+08 7.185250876000000000e+09
