# st15 FEniCS-shell OML genpenalty
1.334582448700000000e+10 4.900030000000000000e+05 2.270800000000000000e+04 1.753650000000000000e+04 2.836320350000000000e+07 -3.238340261000000000e+09
4.900030000000000000e+05 4.101844360000000000e+08 -2.092988000000000000e+07 1.059351300000000000e+07 3.358000000000000000e+04 -1.954450000000000000e+05
2.270800000000000000e+04 -2.092988000000000000e+07 8.808666700000000000e+07 4.474327600000000000e+07 6.785820000000000000e+05 -1.440200000000000000e+04
1.753650000000000000e+04 1.059351300000000000e+07 4.474327600000000000e+07 1.535523610000000000e+08 2.719115000000000000e+05 -6.474200000000000000e+04
2.836320350000000000e+07 3.358000000000000000e+04 6.785820000000000000e+05 2.719115000000000000e+05 1.680572193000000000e+09 2.979730370000000000e+08
-3.238340261000000000e+09 -1.954450000000000000e+05 -1.440200000000000000e+04 -6.474200000000000000e+04 2.979730370000000000e+08 5.803477283000000000e+09
