# FEniCS-shell OML generalized-penalty f=0.60
1.711483929000000000e+09 6.764754000000000000e+07 1.314402500000000000e+07 2.291858100000000000e+07 4.590548900000000000e+07 -4.040564200000000000e+08
6.764754000000000000e+07 4.281362920000000000e+08 -1.500066100000000000e+07 4.339514000000000000e+06 -1.296240500000000000e+07 -6.978074000000000000e+06
1.314402500000000000e+07 -1.500066100000000000e+07 2.934205800000000000e+07 4.595999000000000000e+06 -6.925680000000000000e+05 -1.298242000000000000e+06
2.291858100000000000e+07 4.339514000000000000e+06 4.595999000000000000e+06 1.582538000000000000e+07 1.059548500000000000e+06 -2.321608500000000000e+06
4.590548900000000000e+07 -1.296240500000000000e+07 -6.925680000000000000e+05 1.059548500000000000e+06 1.773503300000000000e+07 -2.919472000000000000e+06
-4.040564200000000000e+08 -6.978074000000000000e+06 -1.298242000000000000e+06 -2.321608500000000000e+06 -2.919472000000000000e+06 3.682093070000000000e+08
