# FEniCS-shell OML generalized-penalty f=0.40
1.137798698000000000e+09 1.525080300000000000e+07 -2.942015000000000000e+06 1.379428600000000000e+07 3.187539200000000000e+07 -2.692675175000000000e+08
1.525080300000000000e+07 2.893832370000000000e+08 -8.184285000000000000e+06 1.210178000000000000e+06 -4.754467000000000000e+06 -3.237535000000000000e+06
-2.942015000000000000e+06 -8.184285000000000000e+06 2.047218400000000000e+07 4.407656000000000000e+06 -4.231360000000000000e+05 1.680846000000000000e+06
1.379428600000000000e+07 1.210178000000000000e+06 4.407656000000000000e+06 1.255005000000000000e+07 7.634590000000000000e+05 -8.083300000000000000e+05
3.187539200000000000e+07 -4.754467000000000000e+06 -4.231360000000000000e+05 7.634590000000000000e+05 1.265635700000000000e+07 -2.153860000000000000e+06
-2.692675175000000000e+08 -3.237535000000000000e+06 1.680846000000000000e+06 -8.083300000000000000e+05 -2.153860000000000000e+06 2.458676680000000000e+08
