1.543999857000000000e+09 -5.797490000000000000e+05 -5.429279000000000000e+06 2.224690900000000000e+07 4.443609100000000000e+07 -3.521543190000000000e+08
-5.797490000000000000e+05 3.476287950000000000e+08 -3.700564000000000000e+06 -1.420204500000000000e+07 -1.371206500000000000e+07 3.040700000000000000e+05
-5.429279000000000000e+06 -3.700564000000000000e+06 2.420231000000000000e+07 1.076752000000000000e+06 -1.224060000000000000e+05 3.129314000000000000e+06
2.224690900000000000e+07 -1.420204500000000000e+07 1.076752000000000000e+06 1.591473100000000000e+07 1.463624000000000000e+06 -1.445188000000000000e+06
4.443609100000000000e+07 -1.371206500000000000e+07 -1.224060000000000000e+05 1.463624000000000000e+06 1.608683700000000000e+07 -6.043444000000000000e+06
-3.521543190000000000e+08 3.040700000000000000e+05 3.129314000000000000e+06 -1.445188000000000000e+06 -6.043444000000000000e+06 3.159421810000000000e+08
