1.063909439000000000e+09 -3.463060000000000000e+05 -3.406733000000000000e+06 1.552567100000000000e+07 3.061641700000000000e+07 -2.437907150000000000e+08
-3.463060000000000000e+05 2.611747500000000000e+08 -3.158233000000000000e+06 -1.062272900000000000e+07 -1.085700400000000000e+07 1.456030000000000000e+05
-3.406733000000000000e+06 -3.158233000000000000e+06 2.011590600000000000e+07 1.299801000000000000e+06 -5.522500000000000000e+04 1.749258000000000000e+06
1.552567100000000000e+07 -1.062272900000000000e+07 1.299801000000000000e+06 1.157632600000000000e+07 1.068961000000000000e+06 -1.109589000000000000e+06
3.061641700000000000e+07 -1.085700400000000000e+07 -5.522500000000000000e+04 1.068961000000000000e+06 1.201950400000000000e+07 -4.130417000000000000e+06
-2.437907150000000000e+08 1.456030000000000000e+05 1.749258000000000000e+06 -1.109589000000000000e+06 -4.130417000000000000e+06 2.206953450000000000e+08
