# JAX-Kirchhoff OML f=0.30
8.530041234439123869e+08 2.738717908748534508e+06 3.564976683014248265e+05 1.267538147309269756e+07 2.417064065134536475e+07 -2.011552661738843918e+08
2.738717908748534508e+06 2.273422924474420547e+08 -4.183045559610824101e+06 -8.887910466385794804e+06 -9.462188069495720789e+06 -2.971117192425333895e+06
3.564976683014248265e+05 -4.183045559610824101e+06 2.285510661762343720e+07 2.753751381617195904e+06 1.779037575748174859e+05 -6.361794882440527435e+05
1.267538147309269756e+07 -8.887910466385794804e+06 2.753751381617195904e+06 9.434188735293401405e+06 9.105874767513824627e+05 -1.305483396894762525e+06
2.417064065134536475e+07 -9.462188069495720789e+06 1.779037575748174859e+05 9.105874767513824627e+05 1.003867916113025136e+07 -1.489664900985765504e+06
-2.011552661738843918e+08 -2.971117192425333895e+06 -6.361794882440527435e+05 -1.305483396894762525e+06 -1.489664900985765504e+06 1.835846387828314304e+08
