2.798957150000000000e+08 -5.516300000000000000e+04 -2.409500000000000000e+05 4.372948000000000000e+06 8.051759000000000000e+06 -6.486285500000000000e+07
-5.516300000000000000e+04 7.085649400000000000e+07 -9.244330000000000000e+05 -2.853142000000000000e+06 -3.138388000000000000e+06 1.037400000000000000e+04
-2.409500000000000000e+05 -9.244330000000000000e+05 7.650828000000000000e+06 8.612230000000000000e+05 3.481000000000000000e+03 -3.039100000000000000e+04
4.372948000000000000e+06 -2.853142000000000000e+06 8.612230000000000000e+05 3.367843000000000000e+06 2.981230000000000000e+05 -4.378610000000000000e+05
8.051759000000000000e+06 -3.138388000000000000e+06 3.481000000000000000e+03 2.981230000000000000e+05 3.550612000000000000e+06 -1.079291000000000000e+06
-6.486285500000000000e+07 1.037400000000000000e+04 -3.039100000000000000e+04 -4.378610000000000000e+05 -1.079291000000000000e+06 5.937091100000000000e+07
