# JAX-Kirchhoff OML f=0.75
2.132798803158937693e+09 7.170386530904931948e+06 8.871006893192019779e+05 2.772307868617248535e+07 6.060837270415224135e+07 -4.974660014814094305e+08
7.170386530904931948e+06 5.729515432413233519e+08 -9.256527174743523821e+06 -2.257120562940758839e+07 -2.108699926629615575e+07 -7.745493633825451136e+06
8.871006893192019779e+05 -9.256527174743523821e+06 4.776867105807046592e+07 5.404208978682355955e+06 3.227245578406400746e+05 -1.352341695616599172e+06
2.772307868617248535e+07 -2.257120562940758839e+07 5.404208978682355955e+06 1.930587141298006102e+07 2.012758063853092724e+06 -2.511615930029623210e+06
6.060837270415224135e+07 -2.108699926629615575e+07 3.227245578406400746e+05 2.012758063853092724e+06 2.117984214481775090e+07 -4.325277919227801263e+06
-4.974660014814094305e+08 -7.745493633825451136e+06 -1.352341695616599172e+06 -2.511615930029623210e+06 -4.325277919227801263e+06 4.564370683450654745e+08
