# mh104 JAX-Kirchhoff CCW k22=0 fixed-IML  f=0.60 ref=OML  [EA,GA2,GA3,GJ,EI2,EI3]
1.706141534931044340e+09 5.677666110251349397e+06 7.144010060164836468e+05 2.323667484544991329e+07 4.843681703832589090e+07 -3.994077721815240979e+08
5.677666110251349397e+06 4.576810934440642595e+08 -7.698637945968280546e+06 -1.798221288067886978e+07 -1.757778893071302027e+07 -6.147156872506178916e+06
7.144010060164836468e+05 -7.698637945968280546e+06 4.040667351627238095e+07 4.683845616482245736e+06 2.906862682461332879e+05 -1.148172791453616461e+06
2.323667484544991329e+07 -1.798221288067886978e+07 4.683845616482245736e+06 1.651072670518920198e+07 1.681520133315002313e+06 -2.210590375137600116e+06
4.843681703832589090e+07 -1.757778893071302027e+07 2.906862682461332879e+05 1.681520133315002313e+06 1.793267555005487055e+07 -3.299325325994798914e+06
-3.994077721815240979e+08 -6.147156872506178916e+06 -1.148172791453616461e+06 -2.210590375137600116e+06 -3.299325325994798914e+06 3.657968750717609525e+08
