# mh104 JAX-Kirchhoff CCW k22=0 fixed-IML  f=0.40 ref=OML  [EA,GA2,GA3,GJ,EI2,EI3]
1.137358940291313648e+09 3.712506630838317797e+06 4.768283643529888359e+05 1.643079562586298212e+07 3.224786579748169333e+07 -2.675563427795942426e+08
3.712506630838317797e+06 3.041802259714909792e+08 -5.399143038630855270e+06 -1.190877583446467109e+07 -1.233357106299182028e+07 -4.027691742140942253e+06
4.768283643529888359e+05 -5.399143038630855270e+06 2.916479192028533667e+07 3.472829478947928175e+06 2.213512817073232436e+05 -8.219005568140363321e+05
1.643079562586298212e+07 -1.190877583446467109e+07 3.472829478947928175e+06 1.203225991020008549e+07 1.183616492126168916e+06 -1.651905850662385579e+06
3.224786579748169333e+07 -1.233357106299182028e+07 2.213512817073232436e+05 1.183616492126168916e+06 1.289210569260771573e+07 -2.056688596495426726e+06
-2.675563427795942426e+08 -4.027691742140942253e+06 -8.219005568140363321e+05 -1.651905850662385579e+06 -2.056688596495426726e+06 2.444636551448250413e+08
