# mh104 JAX-Reissner-Mindlin OML  f=0.10  [EA,GA2,GA3,GJ,EI2,EI3]
2.836682095113053918e+08 7.335271168564386899e+05 6.688965506390899827e+04 4.303664386013890617e+06 8.032441201536603272e+06 -6.726173362273284793e+07
7.335271168564386899e+05 4.340138318705738336e+07 -2.041653590204088483e+06 -1.796227949214238208e+06 -1.904279094765153015e+06 -6.242012045174218947e+05
6.688965506390899827e+04 -2.041653590204088483e+06 6.617883741743370891e+06 9.424825002407766879e+05 9.340412265683857549e+04 -9.161538926098655793e+04
4.303664386013890617e+06 -1.796227949214238208e+06 9.424825002407766879e+05 3.265198956221372355e+06 2.630104971409753780e+05 -4.822449184823493706e+05
8.032441201536603272e+06 -1.904279094765153015e+06 9.340412265683857549e+04 2.630104971409753780e+05 3.542886951444440987e+06 -4.725585823768085684e+05
-6.726173362273284793e+07 -6.242012045174218947e+05 -9.161538926098655793e+04 -4.822449184823493706e+05 -4.725585823768085684e+05 6.133579233671679348e+07
