1.881991548000000000e+09 -7.812650000000000000e+05 -6.667702000000000000e+06 2.693207800000000000e+07 5.418303200000000000e+07 -4.281036600000000000e+08
-7.812650000000000000e+05 3.910220240000000000e+08 -3.614479000000000000e+06 -1.601901900000000000e+07 -1.477136300000000000e+07 4.673950000000000000e+05
-6.667702000000000000e+06 -3.614479000000000000e+06 2.633222000000000000e+07 9.008530000000000000e+05 -1.808430000000000000e+05 3.998273000000000000e+06
2.693207800000000000e+07 -1.601901900000000000e+07 9.008530000000000000e+05 1.866416400000000000e+07 1.700032000000000000e+06 -1.683544000000000000e+06
5.418303200000000000e+07 -1.477136300000000000e+07 -1.808430000000000000e+05 1.700032000000000000e+06 1.846484200000000000e+07 -7.417825000000000000e+06
-4.281036600000000000e+08 4.673950000000000000e+05 3.998273000000000000e+06 -1.683544000000000000e+06 -7.417825000000000000e+06 3.812821870000000000e+08
