# JAX-RM mitc_both [-45] tube R/h=2 center k22=-1/R N=3200  [EA GA2 GA3 GJ EI2 EI3]
1.965348986750028729e+08 5.320281043872706332e-05 3.116005160718735812e-06 -3.854454129440587014e+06 1.263716882143172399e-06 1.082364229712339833e-08
5.320281043872706332e-05 6.337276638695063442e+07 -3.741016429793881694e-03 -3.495492328349025375e-06 2.004924446654374711e+06 -1.925914386501565486e-04
3.116005160718735812e-06 -3.741016429793881694e-03 6.339190220889009535e+07 1.044957253894568353e-07 -9.736580923600513774e-05 2.005459375334617915e+06
-3.854454129440587014e+06 -3.495492328349025375e-06 1.044957253894568353e-07 7.228785712939548539e+05 -9.723940458340159001e-08 1.104514644643046767e-08
1.263716882143172399e-06 2.004924446654374711e+06 -9.736580923600513774e-05 -9.723940458340159001e-08 5.135676632681671763e+05 -4.090867920028645564e-06
1.082364229712339833e-08 -1.925914386501565486e-04 2.005459375334617915e+06 1.104514644643046767e-08 -4.090867920028645564e-06 5.135693790449702647e+05
