# JAX-KL [-45] tube R/h=1 center k22=-1/R N=3200  [EA GA2 GA3 GJ EI2 EI3]
3.930830327589662671e+08 9.499680867710203165e+04 -9.390526873479301867e+04 -7.710031888643063605e+06 2.311429490479081323e+03 -3.900265462021763142e+03
9.499680867710203165e+04 5.584778603661520034e+07 3.242828772129581193e+05 -8.874700049409848361e+03 1.709070528941246448e+06 1.560471998262027046e+05
-9.390526873479301867e+04 3.242828772129581193e+05 5.593854764156675339e+07 9.451144402374859055e+03 -1.405050495213298418e+05 1.720766091548559954e+06
-7.710031888643063605e+06 -8.874700049409848361e+03 9.451144402374859055e+03 2.029553509269703180e+06 -2.059825309531374558e+02 3.934037840179300929e+02
2.311429490479081323e+03 1.709070528941246448e+06 -1.405050495213298418e+05 -2.059825309531374558e+02 1.009793848007906228e+06 2.131305706320100057e+02
-3.900265462021763142e+03 1.560471998262027046e+05 1.720766091548559954e+06 3.934037840179300929e+02 2.131305706320100057e+02 1.010510699728763429e+06
