# JAX-KL [-45] tube R/h=9 center k22=-1/R N=3200  [EA GA2 GA3 GJ EI2 EI3]
4.367441710171058029e+07 -3.605540400634669709e+02 3.561438094071950786e+02 -8.565434320383414160e+05 -9.930949378904728064e+00 1.323237158594819007e+01
-3.605540400634669709e+02 1.298923807426091284e+07 3.051864564226479160e+03 2.017599570249917207e+01 4.184369281430284609e+05 8.085241603996673803e+02
3.561438094071950786e+02 3.051864564226479160e+03 1.298670511203592643e+07 -2.480131251802971448e+01 -5.930010463867872659e+02 4.183054007726199925e+05
-8.565434320383414160e+05 2.017599570249917207e+01 -2.480131251802971448e+01 1.370610850451952429e+05 5.294905311913487012e-01 -1.022903854360277087e+00
-9.930949378904728064e+00 4.184369281430284609e+05 -5.930010463867872659e+02 5.294905311913487012e-01 1.114167736505671783e+05 3.662794587908777100e+00
1.323237158594819007e+01 8.085241603996673803e+02 4.183054007726199925e+05 -1.022903854360277087e+00 3.662794587908777100e+00 1.114107138026177126e+05
