# JAX-RM mitc_both [-45] tube R/h=7 center k22=-1/R N=3200  [EA GA2 GA3 GJ EI2 EI3]
5.615282819287034124e+07 7.934408040942321770e-06 -1.878020726827680432e-05 -1.101272608412076719e+06 2.098589456680468774e-07 -5.353212093491139963e-07
7.934408040942321770e-06 1.716591040368290246e+07 1.108220305535029607e-03 -7.870987803321934795e-07 5.524816357142672641e+05 4.173259391160737310e-05
-1.878020726827680432e-05 1.108220305535029607e-03 1.716595124820574000e+07 -8.018702057465304984e-07 4.080572994331283166e-05 5.524828309742939891e+05
-1.101272608412076719e+06 -7.870987803321934795e-07 -8.018702057465304984e-07 1.772532257333351881e+05 -2.404785490920114660e-08 -2.065340390219868024e-08
2.098589456680468774e-07 5.524816357142672641e+05 4.080572994331283166e-05 -2.404785490920114660e-08 1.437968696768658410e+05 1.311340095726714368e-06
-5.353212093491139963e-07 4.173259391160737310e-05 5.524828309742939891e+05 -2.065340390219868024e-08 1.311340095726714368e-06 1.437968763012373529e+05
