# JAX-RM mitc_both [-45] tube R/h=3 center k22=-1/R N=3200  [EA GA2 GA3 GJ EI2 EI3]
1.310232657832451761e+08 1.206565500225514113e-05 -1.232293676353270225e-05 -2.569636086288542021e+06 -7.147116048815434193e-08 -2.988987330574291708e-07
1.206565500225514113e-05 4.092458855931062996e+07 -1.406029452147145075e-03 -5.941234043464244867e-08 1.308080466062824475e+06 -1.178609348230265239e-04
-1.232293676353270225e-05 -1.406029452147145075e-03 4.092729056516363472e+07 -1.673072462530196643e-06 -5.040545357230470419e-05 1.308157964454774046e+06
-2.569636086288542021e+06 -5.941234043464244867e-08 -1.673072462530196643e-06 4.405847118900072528e+05 -1.484185299102903364e-08 -1.574455026505459394e-08
-7.147116048815434193e-08 1.308080466062824475e+06 -5.040545357230470419e-05 -1.484185299102903364e-08 3.382454025976532139e+05 -2.025504822102993112e-06
-2.988987330574291708e-07 -1.178609348230265239e-04 1.308157964454774046e+06 -1.574455026505459394e-08 -2.025504822102993112e-06 3.382457618405451067e+05
