# JAX-KL [-45] tube R/h=3 center k22=-1/R N=3200  [EA GA2 GA3 GJ EI2 EI3]
1.310243044184680432e+08 3.549920743371814751e+03 5.765137233614565048e+03 -2.569686329312229063e+06 1.367745667181484919e+02 1.350444933550760425e+02
3.549920743371814751e+03 3.336441154942191765e+07 -9.128394086712647550e+03 -2.138945119358556610e+02 1.068924291557201650e+06 1.430386331505456656e+04
5.765137233614565048e+03 -9.128394086712647550e+03 3.334294243748896942e+07 -4.273952659454824357e+02 -1.532464148158414355e+04 1.067741194351052400e+06
-2.569686329312229063e+06 -2.138945119358556610e+02 -4.273952659454824357e+02 4.400181222585728974e+05 -8.430477673844523068e+00 -1.150760071202731183e+01
1.367745667181484919e+02 1.068924291557201650e+06 -1.532464148158414355e+04 -8.430477673844523068e+00 3.305958720270196209e+05 -2.514312774708248810e+01
1.350444933550760425e+02 1.430386331505456656e+04 1.067741194351052400e+06 -1.150760071202731183e+01 -2.514312774708248810e+01 3.305449999498573015e+05
