# JAX-KL [-45] tube R/h=2 center k22=-1/R N=3200  [EA GA2 GA3 GJ EI2 EI3]
1.965347779134279191e+08 1.969444548275040006e+03 -7.262439523135820991e+02 -3.854632822008448653e+06 5.847946998220746195e+01 -3.267070083620619414e+01
1.969444548275040006e+03 4.276288425629859418e+07 -1.749761309724698076e+05 -1.417345113719343033e+02 1.360446253962598974e+06 3.463567054760515748e+04
-7.262439523135820991e+02 -1.749761309724698076e+05 4.250753557476748526e+07 3.696246844714130475e+02 -4.529223464317905018e+04 1.351559248298757942e+06
-3.854632822008448653e+06 -1.417345113719343033e+02 3.696246844714130475e+02 7.189624132874453207e+05 -1.537188915745175688e+00 2.704464026956185307e+01
5.847946998220746195e+01 1.360446253962598974e+06 -4.529223464317905018e+04 -1.537188915745175688e+00 4.931663525190944201e+05 -1.622218048856116752e+02
-3.267070083620619414e+01 3.463567054760515748e+04 1.351559248298757942e+06 2.704464026956185307e+01 -1.622218048856116752e+02 4.928581017561662011e+05
