# JAX-KL [-45] tube R/h=7 center k22=-1/R N=3200  [EA GA2 GA3 GJ EI2 EI3]
5.615291429833024740e+07 -9.759949856723134189e+02 2.263766098037693268e+02 -1.101281060559300939e+06 -3.060504545316204883e+01 7.454876595918104698e+00
-9.759949856723134189e+02 1.647787843736887164e+07 -1.068714621764089316e+04 5.935459358053889645e+01 5.305977868500312325e+05 1.153976636033039995e+03
2.263766098037693268e+02 -1.068714621764089316e+04 1.646901163585358672e+07 -6.029990620607348362e+00 -1.781334135061430970e+03 5.302287875238403212e+05
-1.101281060559300939e+06 5.935459358053889645e+01 -6.029990620607348362e+00 1.772451499718352570e+05 1.903124631417897561e+00 2.726078377347584958e-02
-3.060504545316204883e+01 5.305977868500312325e+05 -1.781334135061430970e+03 1.903124631417897561e+00 1.430935503564517421e+05 -9.263943980901556685e+00
7.454876595918104698e+00 1.153976636033039995e+03 5.302287875238403212e+05 2.726078377347584958e-02 -9.263943980901556685e+00 1.430785276343757287e+05
