# JAX-KL [-45] tube R/h=8 center k22=-1/R N=3200  [EA GA2 GA3 GJ EI2 EI3]
4.913373086494851112e+07 -7.597025346362115670e+02 6.959328741578083282e+02 -9.636142861165783834e+05 -2.147842891193456438e+01 2.524820316150168154e+01
-7.597025346362115670e+02 1.452634679131439887e+07 -3.182263180679143261e+03 4.471051604927605894e+01 4.678778893046572339e+05 9.223638867833024051e+02
6.959328741578083282e+02 -3.182263180679143261e+03 1.452888642644975521e+07 -3.968888482232997461e+01 -1.082702581731385862e+03 4.678703894426259794e+05
-9.636142861165783834e+05 4.471051604927605894e+01 -3.968888482232997461e+01 1.545583117232853838e+05 1.275634490894211215e+00 -1.412532525850628273e+00
-2.147842891193456438e+01 4.678778893046572339e+05 -1.082702581731385862e+03 1.275634490894211215e+00 1.252807437980544637e+05 -2.073015036889325646e+00
2.524820316150168154e+01 9.223638867833024051e+02 4.678703894426259794e+05 -1.412532525850628273e+00 -2.073015036889325646e+00 1.252772103294477274e+05
