# JAX-RM mitc_both [-45] tube R/h=8 center k22=-1/R N=3200  [EA GA2 GA3 GJ EI2 EI3]
4.913372466875777394e+07 6.978194384325981597e-07 -7.924582311944793471e-06 -9.636135323603277793e+05 4.121826537228450042e-08 -1.913986165243791077e-07
6.978194384325981597e-07 1.500288593655709364e+07 -9.086447313518101771e-04 3.044904690966649909e-07 4.830435537872457644e+05 -2.905276606861787248e-05
-7.924582311944793471e-06 -9.086447313518101771e-04 1.500290680465188250e+07 5.217413574626503597e-07 -1.814595953020893670e-05 4.830441688602452632e+05
-9.636135323603277793e+05 3.044904690966649909e-07 5.217413574626503597e-07 1.545627585519266722e+05 9.310005219858747326e-09 1.433630438007515254e-08
4.121826537228450042e-08 4.830435537872457644e+05 -1.814595953020893670e-05 9.310005219858747326e-09 1.257682986138544220e+05 -5.515238289397687288e-07
-1.913986165243791077e-07 -2.905276606861787248e-05 4.830441688602452632e+05 1.433630438007515254e-08 -5.515238289397687288e-07 1.257683020627320948e+05
