# JAX-RM mitc_both [-45] tube R/h=4 center k22=-1/R N=3200  [EA GA2 GA3 GJ EI2 EI3]
9.826744933752739429e+07 -9.329218796550467623e-06 -2.995522295169185129e-06 -1.927227064721337287e+06 -2.594274290819248996e-07 3.716689982929698603e-08
-9.329218796550467623e-06 3.034397870367497206e+07 7.979025093532116726e-06 6.027176181244626258e-07 9.734668462990567787e+05 -3.034897827180120755e-05
-2.995522295169185129e-06 7.979025093532116726e-06 3.034463653321623057e+07 6.905807710472891328e-07 8.378107452694711667e-06 9.734858968102901708e+05
-1.927227064721337287e+06 6.027176181244626258e-07 6.905807710472891328e-07 3.195882708125174977e+05 1.661602382740456550e-08 6.104841075781074511e-09
-2.594274290819248996e-07 9.734668462990567787e+05 8.378107452694711667e-06 1.661602382740456550e-08 2.525926163347106776e+05 -1.550321683506017157e-07
3.716689982929698603e-08 -3.034897827180120755e-05 9.734858968102901708e+05 6.104841075781074511e-09 -1.550321683506017157e-07 2.525927143364019867e+05
