# JAX-KL [-45] tube R/h=10 center k22=-1/R N=3200  [EA GA2 GA3 GJ EI2 EI3]
3.930695796645025164e+07 1.967469597326981727e+02 -1.932897233308754323e+02 -7.708894039700559806e+05 5.882369116850854951e+00 -6.163924757582694980e+00
1.967469597326981727e+02 1.173807562454965152e+07 2.739387146220405498e+02 -1.151966529187549249e+01 3.781752001881222823e+05 4.990797357099190776e+02
-1.932897233308754323e+02 2.739387146220405498e+02 1.174012772732865997e+07 1.069221719504211698e+01 -4.900388320396608606e+02 3.782446383012166480e+05
-7.708894039700559806e+05 -1.151966529187549249e+01 1.069221719504211698e+01 1.231464180683987943e+05 -3.485777658508628640e-01 3.270313272989064934e-01
5.882369116850854951e+00 3.781752001881222823e+05 -4.900388320396608606e+02 -3.485777658508628640e-01 1.003094231401781290e+05 5.869639998792105379e-02
-6.163924757582694980e+00 4.990797357099190776e+02 3.782446383012166480e+05 3.270313272989064934e-01 5.869639998792105379e-02 1.003117971186220821e+05
