# JAX-RM mitc_both [-45] tube R/h=9 center k22=-1/R N=3200  [EA GA2 GA3 GJ EI2 EI3]
4.367442192781525850e+07 1.268810875707860129e-06 1.248575025195041926e-05 -8.565453620997794205e+05 -1.439642250162390511e-07 2.958389346267129859e-07
1.268810875707860129e-06 1.332536028912563995e+07 6.632265888496403222e-04 -4.218539771717366541e-08 4.291415934382919804e+05 2.251042954609525299e-05
1.248575025195041926e-05 6.632265888496403222e-04 1.332537212175386958e+07 -2.762210268607615355e-07 3.162081406283224555e-05 4.291419389201056329e+05
-8.565453620997794205e+05 -4.218539771717366541e-08 -2.762210268607615355e-07 1.370638021824287716e+05 2.484098799749480249e-09 -1.188329502283972329e-08
-1.439642250162390511e-07 4.291415934382919804e+05 3.162081406283224555e-05 2.484098799749480249e-09 1.117611473083646561e+05 8.682096332102609033e-07
2.958389346267129859e-07 2.251042954609525299e-05 4.291419389201056329e+05 -1.188329502283972329e-08 8.682096332102609033e-07 1.117611493313676474e+05
