# JAX-RM mitc_both [-45] tube R/h=10 center k22=-1/R N=3200  [EA GA2 GA3 GJ EI2 EI3]
3.930697973501975834e+07 -6.629349079831097764e-06 1.861924944446133498e-06 -7.708908258884807583e+05 7.086999270327423363e-08 3.782031912998776351e-07
-6.629349079831097764e-06 1.198603862101570889e+07 -1.833151636402341781e-04 5.563811459226209838e-07 3.860790065455820295e+05 -1.952924621096508378e-05
1.861924944446133498e-06 -1.833151636402341781e-04 1.198604561141088232e+07 -5.109802543796468458e-07 -2.236804683826046670e-05 3.860792102947327076e+05
-7.708908258884807583e+05 5.563811459226209838e-07 -5.109802543796468458e-07 1.231479946635106608e+05 7.577420421512653904e-09 -2.000728667126994490e-08
7.086999270327423363e-08 3.860790065455820295e+05 -2.236804683826046670e-05 7.577420421512653904e-09 1.005638509728316130e+05 -9.815660687525271501e-07
3.782031912998776351e-07 -1.952924621096508378e-05 3.860792102947327076e+05 -2.000728667126994490e-08 -9.815660687525271501e-07 1.005638521531940642e+05
