# JAX-KL [-45] tube R/h=4 center k22=-1/R N=3200  [EA GA2 GA3 GJ EI2 EI3]
9.826784817253972590e+07 -3.076566524947077596e+03 8.730922521208656690e+03 -1.927264940570530947e+06 -6.531155442949304302e+01 2.765737240087456712e+02
-3.076566524947077596e+03 2.692971446950354427e+07 -3.856967534153968882e+04 2.056166435996669861e+02 8.651769805483092787e+05 5.924126473345949307e+03
8.730922521208656690e+03 -3.856967534153968882e+04 2.687350930901578069e+07 -5.265558595688278274e+02 -8.403706845742093719e+03 8.625131463763926877e+05
-1.927264940570530947e+06 2.056166435996669861e+02 -5.265558595688278274e+02 3.194518025976541103e+05 4.702488429891285904e+00 -1.576289923059657383e+01
-6.531155442949304302e+01 8.651769805483092787e+05 -8.403706845742093719e+03 4.702488429891285904e+00 2.491200801913972537e+05 -4.252198827313510066e+01
2.765737240087456712e+02 5.924126473345949307e+03 8.625131463763926877e+05 -1.576289923059657383e+01 -4.252198827313510066e+01 2.490063424580105639e+05
