# JAX-RM mitc_both [-45] tube R/h=1 center k22=-1/R N=3200  [EA GA2 GA3 GJ EI2 EI3]
3.930697973500738740e+08 4.741731535512918683e-05 1.145652919031948106e-05 -7.708908258882671595e+06 1.986924415309791006e-06 -2.126660144076459288e-06
4.741731535512918683e-05 1.480410097948004901e+08 7.335710025600150966e-03 -9.569948441972642762e-07 4.452529969182845205e+06 4.361353590575277263e-04
1.145652919031948106e-05 7.335710025600150966e-03 1.484957849885335267e+08 -1.745474503503234134e-06 2.126924505499027274e-04 4.463701203483561054e+06
-7.708908258882671595e+06 -9.569948441972642762e-07 -1.745474503503234134e-06 2.115373379939782433e+06 -3.033148701752668181e-08 7.930283384578363504e-08
1.986924415309791006e-06 4.452529969182845205e+06 2.126924505499027274e-04 -3.033148701752668181e-08 1.092721646955933189e+06 8.784710125572984889e-06
-2.126660144076459288e-06 4.361353590575277263e-04 4.463701203483561054e+06 7.930283384578363504e-08 8.784710125572984889e-06 1.092674106659381883e+06
