# JAX-KL [-45] tube R/h=5 center k22=-1/R N=3200  [EA GA2 GA3 GJ EI2 EI3]
7.861375975645478070e+07 2.983386722805670956e+02 -3.337242248518340602e+03 -1.541764725626444444e+06 -2.120499259134532188e+00 -1.003310009675817014e+02
2.983386722805670956e+02 2.224988928359873965e+07 7.945872033403337809e+03 -2.228496221984237025e+01 7.156451897952343570e+05 3.944519215820279442e+03
-3.337242248518340602e+03 7.945872033403337809e+03 2.230020333663924038e+07 1.934448956212012547e+02 -3.394529016493405379e+03 7.175066176073973766e+05
-1.541764725626444444e+06 -2.228496221984237025e+01 1.934448956212012547e+02 2.516051154977563128e+05 -8.300743198890542240e-02 5.452046704776619457e+00
-2.120499259134532188e+00 7.156451897952343570e+05 -3.394529016493405379e+03 -8.300743198890542240e-02 1.997315052392685902e+05 1.035939809882143336e+01
-1.003310009675817014e+02 3.944519215820279442e+03 7.175066176073973766e+05 5.452046704776619457e+00 1.035939809882143336e+01 1.997989813694253098e+05
