# JAX-KL [-45] tube R/h=6 center k22=-1/R N=3200  [EA GA2 GA3 GJ EI2 EI3]
6.551146234738060087e+07 7.997180876784923385e+02 1.325269423828115578e+03 -1.284812205063846661e+06 3.135682709103581800e+01 4.545350880007559624e+01
7.997180876784923385e+02 1.896049132732160389e+07 1.448920886976153633e+04 -4.778220868701009749e+01 6.102586476569531951e+05 2.633797924611905273e+03
1.325269423828115578e+03 1.448920886976153633e+04 1.895206279276724532e+07 -6.999903696886518389e+01 -1.779913951475777139e+03 6.098847285976763815e+05
-1.284812205063846661e+06 -4.778220868701009749e+01 -6.999903696886518389e+01 2.078731080908654549e+05 -1.831121026658107054e+00 -2.143520999925170756e+00
3.135682709103581800e+01 6.102586476569531951e+05 -1.779913951475777139e+03 -1.831121026658107054e+00 1.667455511466172757e+05 1.214525097348443694e+01
4.545350880007559624e+01 2.633797924611905273e+03 6.098847285976763815e+05 -2.143520999925170756e+00 1.214525097348443694e+01 1.667305644069453992e+05
