# JAX-RM mitc_both [-45] tube R/h=5 center k22=-1/R N=3200  [EA GA2 GA3 GJ EI2 EI3]
7.861395946999420226e+07 1.108277604587899175e-05 1.255400828252371515e-05 -1.541781651775717735e+06 -1.870094141863438307e-07 -7.960317917489008453e-08
1.108277604587899175e-05 2.414544086601673067e+07 -8.890035185927927042e-04 -1.232300194500946408e-06 7.759455262585293967e+05 -2.054085272726277023e-05
1.255400828252371515e-05 -8.890035185927927042e-04 2.414565883976536617e+07 -4.537409436747540341e-07 -9.649316410142812412e-06 7.759518623487676959e+05
-1.541781651775717735e+06 -1.232300194500946408e-06 -4.537409436747540341e-07 2.516529192258433322e+05 -2.561581165256985452e-08 2.016700608960174561e-08
-1.870094141863438307e-07 7.759455262585293967e+05 -9.649316410142812412e-06 -2.561581165256985452e-08 2.016689436939058651e+05 -1.719320558180338958e-07
-7.960317917489008453e-08 -2.054085272726277023e-05 7.759518623487676959e+05 2.016700608960174561e-08 -1.719320558180338958e-07 2.016689774720956048e+05
