nodes:
- [7.19511613 0.10307802 0.00000000]
- [7.05578192 0.14264154 0.00000000]
- [6.91280901 0.18361658 0.00000000]
- [6.76962997 0.22392820 0.00000000]
- [6.62637322 0.26404727 0.00000000]
- [6.48319988 0.30449982 0.00000000]
- [6.33888037 0.34091117 0.00000000]
- [6.20185990 0.37536621 0.00000000]
- [6.06608345 0.41417951 0.00000000]
- [5.93033009 0.45305553 0.00000000]
- [5.79458045 0.49192056 0.00000000]
- [5.65882224 0.53073169 0.00000000]
- [5.52302942 0.56941735 0.00000000]
- [5.38722447 0.60802858 0.00000000]
- [5.25134302 0.64636016 0.00000000]
- [5.11543419 0.68457247 0.00000000]
- [4.97942443 0.72240015 0.00000000]
- [4.84335015 0.75999555 0.00000000]
- [4.70718208 0.79721072 0.00000000]
- [4.57090199 0.83400705 0.00000000]
- [4.43109968 0.87131648 0.00000000]
- [4.29110152 0.90788550 0.00000000]
- [4.15102255 0.94405873 0.00000000]
- [4.01065069 0.97909094 0.00000000]
- [3.87022677 1.01379381 0.00000000]
- [3.72940084 1.04681195 0.00000000]
- [3.58850858 1.07944707 0.00000000]
- [3.44716809 1.10997770 0.00000000]
- [3.30566563 1.13971079 0.00000000]
- [3.16376110 1.16725727 0.00000000]
- [3.02155766 1.19321114 0.00000000]
- [2.87905122 1.21711346 0.00000000]
- [2.73594216 1.23719206 0.00000000]
- [2.63889880 1.24938817 0.00000000]
- [2.50772472 1.26481808 0.00000000]
- [2.37638025 1.27810398 0.00000000]
- [2.24472348 1.28778934 0.00000000]
- [2.11301246 1.29552877 0.00000000]
- [1.98112387 1.29832183 0.00000000]
- [1.84925620 1.29898167 0.00000000]
- [1.75437869 1.29648338 0.00000000]
- [1.61473151 1.28994377 0.00000000]
- [1.47585789 1.27600477 0.00000000]
- [1.33792045 1.25493271 0.00000000]
- [1.20106071 1.22804619 0.00000000]
- [1.06613516 1.19338337 0.00000000]
- [0.93421931 1.14887114 0.00000000]
- [0.80541520 1.09609601 0.00000000]
- [0.68081573 1.03442036 0.00000000]
- [0.56173137 0.96291675 0.00000000]
- [0.44973757 0.88103227 0.00000000]
- [0.34788727 0.78693913 0.00000000]
- [0.25604639 0.68315844 0.00000000]
- [0.17670073 0.56970181 0.00000000]
- [0.11137429 0.44777689 0.00000000]
- [0.05721890 0.32039485 0.00000000]
- [0.02390184 0.17737339 0.00000000]
- [0.00767251 0.03100210 0.00000000]
- [0.01812996 -0.11586342 0.00000000]
- [0.04975538 -0.25928722 0.00000000]
- [0.10521722 -0.38985912 0.00000000]
- [0.17371059 -0.51382528 0.00000000]
- [0.25886978 -0.62714088 0.00000000]
- [0.35758138 -0.72924795 0.00000000]
- [0.46673268 -0.82047971 0.00000000]
- [0.58467521 -0.90032507 0.00000000]
- [0.70925104 -0.96975108 0.00000000]
- [0.83894524 -1.02944928 0.00000000]
- [0.97230285 -1.08080078 0.00000000]
- [1.10836113 -1.12488109 0.00000000]
- [1.24653369 -1.16190941 0.00000000]
- [1.38698264 -1.19039731 0.00000000]
- [1.44344433 -1.20041256 0.00000000]
- [1.57438775 -1.21895482 0.00000000]
- [1.70589568 -1.23334318 0.00000000]
- [1.83776336 -1.24295866 0.00000000]
- [1.97006166 -1.24645943 0.00000000]
- [2.10234435 -1.24763094 0.00000000]
- [2.23451786 -1.24142985 0.00000000]
- [2.36634661 -1.23395256 0.00000000]
- [2.51154413 -1.21945736 0.00000000]
- [2.65626046 -1.20004979 0.00000000]
- [2.80038254 -1.17694000 0.00000000]
- [2.94348131 -1.14778923 0.00000000]
- [3.08615128 -1.11670195 0.00000000]
- [3.22723171 -1.07896118 0.00000000]
- [3.36800864 -1.03974881 0.00000000]
- [3.50738971 -0.99584161 0.00000000]
- [3.64629376 -0.95023602 0.00000000]
- [3.78411100 -0.90142101 0.00000000]
- [3.92132884 -0.85082792 0.00000000]
- [4.05772367 -0.79798481 0.00000000]
- [4.19356863 -0.74362857 0.00000000]
- [4.32889774 -0.68790324 0.00000000]
- [4.45773717 -0.63378593 0.00000000]
- [4.58636076 -0.57901836 0.00000000]
- [4.71500646 -0.52420481 0.00000000]
- [4.84371545 -0.46937808 0.00000000]
- [4.97289240 -0.41556556 0.00000000]
- [5.10242830 -0.36239612 0.00000000]
- [5.23296299 -0.31167052 0.00000000]
- [5.36403776 -0.26204783 0.00000000]
- [5.49665749 -0.21667181 0.00000000]
- [5.62985239 -0.17285610 0.00000000]
- [5.76475978 -0.13425380 0.00000000]
- [5.90042687 -0.09887944 0.00000000]
- [6.03727963 -0.06727956 0.00000000]
- [6.17562139 -0.04279171 0.00000000]
- [6.31517588 -0.02754460 0.00000000]
- [6.46413242 -0.01807012 0.00000000]
- [6.61318215 -0.01294823 0.00000000]
- [6.76228288 -0.01625659 0.00000000]
- [6.91094647 -0.02907599 0.00000000]
- [7.05796590 -0.05480237 0.00000000]
- [7.19635835 -0.09403263 0.00000000]
- [4.34042175 -0.61543132 0.00000000]
- [4.35194577 -0.54295940 0.00000000]
- [4.36346978 -0.47048748 0.00000000]
- [4.37499379 -0.39801556 0.00000000]
- [4.38651780 -0.32554365 0.00000000]
- [4.39804181 -0.25307173 0.00000000]
- [4.40956582 -0.18059981 0.00000000]
- [4.42108984 -0.10812789 0.00000000]
- [4.43261385 -0.03565597 0.00000000]
- [4.44413786 0.03681595 0.00000000]
- [4.45566187 0.10928786 0.00000000]
- [4.46718588 0.18175978 0.00000000]
- [4.47870989 0.25423170 0.00000000]
- [4.49023390 0.32670362 0.00000000]
- [4.50175792 0.39917554 0.00000000]
- [4.51328193 0.47164746 0.00000000]
- [4.52480594 0.54411937 0.00000000]
- [4.53632995 0.61659129 0.00000000]
- [4.54785396 0.68906321 0.00000000]
- [4.55937797 0.76153513 0.00000000]
- [1.45503895 -1.12900130 0.00000000]
- [1.46663358 -1.05759003 0.00000000]
- [1.47822820 -0.98617877 0.00000000]
- [1.48982283 -0.91476751 0.00000000]
- [1.50141745 -0.84335624 0.00000000]
- [1.51301208 -0.77194498 0.00000000]
- [1.52460670 -0.70053371 0.00000000]
- [1.53620133 -0.62912245 0.00000000]
- [1.54779595 -0.55771119 0.00000000]
- [1.55939058 -0.48629992 0.00000000]
- [1.57098520 -0.41488866 0.00000000]
- [1.58257982 -0.34347739 0.00000000]
- [1.59417445 -0.27206613 0.00000000]
- [1.60576907 -0.20065487 0.00000000]
- [1.61736370 -0.12924360 0.00000000]
- [1.62895832 -0.05783234 0.00000000]
- [1.64055295 0.01357892 0.00000000]
- [1.65214757 0.08499019 0.00000000]
- [1.66374220 0.15640145 0.00000000]
- [1.67533682 0.22781272 0.00000000]
- [1.68693145 0.29922398 0.00000000]
- [1.69852607 0.37063524 0.00000000]
- [1.71012070 0.44204651 0.00000000]
- [1.72171532 0.51345777 0.00000000]
- [1.73330995 0.58486903 0.00000000]
- [1.74490457 0.65628030 0.00000000]
- [1.75649920 0.72769156 0.00000000]
- [1.76809382 0.79910283 0.00000000]
- [1.77968845 0.87051409 0.00000000]
- [1.79128307 0.94192535 0.00000000]
- [1.80287770 1.01333662 0.00000000]
- [1.81447232 1.08474788 0.00000000]
- [1.82606695 1.15615915 0.00000000]
- [1.83766157 1.22757041 0.00000000]
- [2.24607160 -1.17026362 0.00000000]
- [2.25762535 -1.09909739 0.00000000]
- [2.26917909 -1.02793116 0.00000000]
- [2.28073283 -0.95676493 0.00000000]
- [2.29228657 -0.88559870 0.00000000]
- [2.30384031 -0.81443247 0.00000000]
- [2.31539405 -0.74326624 0.00000000]
- [2.32694779 -0.67210001 0.00000000]
- [2.33850153 -0.60093378 0.00000000]
- [2.35005527 -0.52976755 0.00000000]
- [2.36160901 -0.45860133 0.00000000]
- [2.37316276 -0.38743510 0.00000000]
- [2.38471650 -0.31626887 0.00000000]
- [2.39627024 -0.24510264 0.00000000]
- [2.40782398 -0.17393641 0.00000000]
- [2.41937772 -0.10277018 0.00000000]
- [2.43093146 -0.03160395 0.00000000]
- [2.44248520 0.03956228 0.00000000]
- [2.45403894 0.11072851 0.00000000]
- [2.46559268 0.18189474 0.00000000]
- [2.47714642 0.25306097 0.00000000]
- [2.48870017 0.32422720 0.00000000]
- [2.50025391 0.39539342 0.00000000]
- [2.51180765 0.46655965 0.00000000]
- [2.52336139 0.53772588 0.00000000]
- [2.53491513 0.60889211 0.00000000]
- [2.54646887 0.68005834 0.00000000]
- [2.55802261 0.75122457 0.00000000]
- [2.56957635 0.82239080 0.00000000]
- [2.58113009 0.89355703 0.00000000]
- [2.59268383 0.96472326 0.00000000]
- [2.60423757 1.03588949 0.00000000]
- [2.61579132 1.10705572 0.00000000]
- [2.62734506 1.17822195 0.00000000]
elements:
- [1 2]
- [2 3]
- [3 4]
- [4 5]
- [5 6]
- [6 7]
- [7 8]
- [8 9]
- [9 10]
- [10 11]
- [11 12]
- [12 13]
- [13 14]
- [14 15]
- [15 16]
- [16 17]
- [17 18]
- [18 19]
- [19 20]
- [20 21]
- [21 22]
- [22 23]
- [23 24]
- [24 25]
- [25 26]
- [26 27]
- [27 28]
- [28 29]
- [29 30]
- [30 31]
- [31 32]
- [32 33]
- [33 34]
- [34 35]
- [35 36]
- [36 37]
- [37 38]
- [38 39]
- [39 40]
- [40 41]
- [41 42]
- [42 43]
- [43 44]
- [44 45]
- [45 46]
- [46 47]
- [47 48]
- [48 49]
- [49 50]
- [50 51]
- [51 52]
- [52 53]
- [53 54]
- [54 55]
- [55 56]
- [56 57]
- [57 58]
- [58 59]
- [59 60]
- [60 61]
- [61 62]
- [62 63]
- [63 64]
- [64 65]
- [65 66]
- [66 67]
- [67 68]
- [68 69]
- [69 70]
- [70 71]
- [71 72]
- [72 73]
- [73 74]
- [74 75]
- [75 76]
- [76 77]
- [77 78]
- [78 79]
- [79 80]
- [80 81]
- [81 82]
- [82 83]
- [83 84]
- [84 85]
- [85 86]
- [86 87]
- [87 88]
- [88 89]
- [89 90]
- [90 91]
- [91 92]
- [92 93]
- [93 94]
- [94 95]
- [95 96]
- [96 97]
- [97 98]
- [98 99]
- [99 100]
- [100 101]
- [101 102]
- [102 103]
- [103 104]
- [104 105]
- [105 106]
- [106 107]
- [107 108]
- [108 109]
- [109 110]
- [110 111]
- [111 112]
- [112 113]
- [113 114]
- [114 115]
- [115 1]
- [94 116]
- [116 117]
- [117 118]
- [118 119]
- [119 120]
- [120 121]
- [121 122]
- [122 123]
- [123 124]
- [124 125]
- [125 126]
- [126 127]
- [127 128]
- [128 129]
- [129 130]
- [130 131]
- [131 132]
- [132 133]
- [133 134]
- [134 135]
- [135 20]
- [73 136]
- [136 137]
- [137 138]
- [138 139]
- [139 140]
- [140 141]
- [141 142]
- [142 143]
- [143 144]
- [144 145]
- [145 146]
- [146 147]
- [147 148]
- [148 149]
- [149 150]
- [150 151]
- [151 152]
- [152 153]
- [153 154]
- [154 155]
- [155 156]
- [156 157]
- [157 158]
- [158 159]
- [159 160]
- [160 161]
- [161 162]
- [162 163]
- [163 164]
- [164 165]
- [165 166]
- [166 167]
- [167 168]
- [168 169]
- [169 40]
- [79 170]
- [170 171]
- [171 172]
- [172 173]
- [173 174]
- [174 175]
- [175 176]
- [176 177]
- [177 178]
- [178 179]
- [179 180]
- [180 181]
- [181 182]
- [182 183]
- [183 184]
- [184 185]
- [185 186]
- [186 187]
- [187 188]
- [188 189]
- [189 190]
- [190 191]
- [191 192]
- [192 193]
- [193 194]
- [194 195]
- [195 196]
- [196 197]
- [197 198]
- [198 199]
- [199 200]
- [200 201]
- [201 202]
- [202 203]
- [203 34]
sets:
  element:
  - name: layup_0
    labels:
    - 1
    - 2
    - 3
    - 4
    - 5
    - 6
    - 109
    - 110
    - 111
    - 112
    - 113
    - 114
    - 115
  - name: layup_1
    labels:
    - 7
    - 8
    - 9
    - 10
    - 11
    - 12
    - 13
    - 14
    - 15
    - 16
    - 17
    - 18
    - 19
    - 20
    - 21
    - 22
    - 23
    - 24
    - 25
    - 26
    - 27
    - 28
    - 29
    - 30
    - 31
    - 32
    - 41
    - 42
    - 43
    - 44
    - 45
    - 46
    - 47
    - 48
    - 49
    - 50
    - 51
    - 52
    - 53
    - 54
    - 55
    - 60
    - 61
    - 62
    - 63
    - 64
    - 65
    - 66
    - 67
    - 68
    - 69
    - 70
    - 71
    - 80
    - 81
    - 82
    - 83
    - 84
    - 85
    - 86
    - 87
    - 88
    - 89
    - 90
    - 91
    - 92
    - 93
    - 94
    - 95
    - 96
    - 97
    - 98
    - 99
    - 100
    - 101
    - 102
    - 103
    - 104
    - 105
    - 106
    - 107
    - 108
  - name: layup_2
    labels:
    - 33
    - 34
    - 35
    - 36
    - 37
    - 38
    - 39
    - 40
  - name: layup_3
    labels:
    - 56
    - 57
    - 58
    - 59
  - name: layup_4
    labels:
    - 72
    - 73
    - 74
    - 75
    - 76
    - 77
    - 78
    - 79
  - name: layup_5
    labels:
    - 116
    - 117
    - 118
    - 119
    - 120
    - 121
    - 122
    - 123
    - 124
    - 125
    - 126
    - 127
    - 128
    - 129
    - 130
    - 131
    - 132
    - 133
    - 134
    - 135
    - 136
    - 137
    - 138
    - 139
    - 140
    - 141
    - 142
    - 143
    - 144
    - 145
    - 146
    - 147
    - 148
    - 149
    - 150
    - 151
    - 152
    - 153
    - 154
    - 155
    - 156
    - 157
    - 158
    - 159
    - 160
    - 161
    - 162
    - 163
    - 164
    - 165
    - 166
    - 167
    - 168
    - 169
    - 170
    - 171
    - 172
    - 173
    - 174
    - 175
    - 176
    - 177
    - 178
    - 179
    - 180
    - 181
    - 182
    - 183
    - 184
    - 185
    - 186
    - 187
    - 188
    - 189
    - 190
    - 191
    - 192
    - 193
    - 194
    - 195
    - 196
    - 197
    - 198
    - 199
    - 200
    - 201
    - 202
    - 203
    - 204
    - 205
    - 206
sections:
- type: shell
  elementSet: layup_0
  layup:
  - - gelcoat
    - 0.0002
    - 0.0
  - - glass_triax
    - 0.00120118
    - 0.0
  - - glass_uniax
    - 0.01043787
    - 0.0
  - - glass_triax
    - 0.00120118
    - 0.0
- type: shell
  elementSet: layup_1
  layup:
  - - gelcoat
    - 0.0002
    - 0.0
  - - glass_triax
    - 0.00120118
    - 0.0
  - - medium_density_foam
    - 0.02824326
    - 0.0
  - - glass_triax
    - 0.00120118
    - 0.0
- type: shell
  elementSet: layup_2
  layup:
  - - gelcoat
    - 0.0002
    - 0.0
  - - glass_triax
    - 0.00120118
    - 0.0
  - - carbon_uniax
    - 0.03242397
    - 0.0
  - - glass_triax
    - 0.00120118
    - 0.0
- type: shell
  elementSet: layup_3
  layup:
  - - gelcoat
    - 0.0002
    - 0.0
  - - glass_triax
    - 0.00120118
    - 0.0
  - - glass_uniax
    - 0.00863314
    - 0.0
  - - glass_triax
    - 0.00120118
    - 0.0
- type: shell
  elementSet: layup_4
  layup:
  - - gelcoat
    - 0.0002
    - 0.0
  - - glass_triax
    - 0.00120118
    - 0.0
  - - carbon_uniax
    - 0.03082981
    - 0.0
  - - glass_triax
    - 0.00120118
    - 0.0
- type: shell
  elementSet: layup_5
  layup:
  - - glass_biax
    - 0.0008
    - 0.0
  - - medium_density_foam
    - 0.0168
    - 0.0
  - - glass_biax
    - 0.0008
    - 0.0
elementOrientations:
- [0.0, 0.0, 1.0, -0.9619717538869469, 0.27314894238065696, 0.0, -0.27314894238065696,
  -0.9619717538869469, 0.0]
- [0.0, 0.0, 1.0, -0.9613004942579346, 0.2755020140388284, 0.0, -0.2755020140388284,
  -0.9613004942579346, 0.0]
- [0.0, 0.0, 1.0, -0.9625764149650875, 0.27101041558021277, 0.0, -0.27101041558021277,
  -0.9625764149650875, 0.0]
- [0.0, 0.0, 1.0, -0.9629514841148882, 0.26967469150985285, 0.0, -0.26967469150985285,
  -0.9629514841148882, 0.0]
- [0.0, 0.0, 1.0, -0.9623260738180054, 0.27189800964704197, 0.0, -0.27189800964704197,
  -0.9623260738180054, 0.0]
- [0.0, 0.0, 1.0, -0.969616234737829, 0.24463106371194002, 0.0, -0.24463106371194002,
  -0.969616234737829, 0.0]
- [0.0, 0.0, 1.0, -0.9698086470721279, 0.24386715249112312, 0.0, -0.24386715249112312,
  -0.9698086470721279, 0.0]
- [0.0, 0.0, 1.0, -0.9614864623206181, 0.27485229264858374, 0.0, -0.27485229264858374,
  -0.9614864623206181, 0.0]
- [0.0, 0.0, 1.0, -0.9613566490629005, 0.2753059993944031, 0.0, -0.2753059993944031,
  -0.9613566490629005, 0.0]
- [0.0, 0.0, 1.0, -0.9613752354551033, 0.27524108823655763, 0.0, -0.27524108823655763,
  -0.9613752354551033, 0.0]
- [0.0, 0.0, 1.0, -0.9614807668173397, 0.27487221583917937, 0.0, -0.27487221583917937,
  -0.9614807668173397, 0.0]
- [0.0, 0.0, 1.0, -0.9617337429162597, 0.2739857801716758, 0.0, -0.2739857801716758,
  -0.9617337429162597, 0.0]
- [0.0, 0.0, 1.0, -0.9618789650431349, 0.2734755137257225, 0.0, -0.2734755137257225,
  -0.9618789650431349, 0.0]
- [0.0, 0.0, 1.0, -0.962438491222227, 0.2714998169684161, 0.0, -0.2714998169684161,
  -0.962438491222227, 0.0]
- [0.0, 0.0, 1.0, -0.9626731804215871, 0.2706664879459345, 0.0, -0.2706664879459345,
  -0.9626731804215871, 0.0]
- [0.0, 0.0, 1.0, -0.9634316519654862, 0.2679541975619239, 0.0, -0.2679541975619239,
  -0.9634316519654862, 0.0]
- [0.0, 0.0, 1.0, -0.9638878264472328, 0.26630857670534946, 0.0, -0.26630857670534946,
  -0.9638878264472328, 0.0]
- [0.0, 0.0, 1.0, -0.9646226522981632, 0.26363447929521044, 0.0, -0.26363447929521044,
  -0.9646226522981632, 0.0]
- [0.0, 0.0, 1.0, -0.9654278355487057, 0.26067047080124234, 0.0, -0.26067047080124234,
  -0.9654278355487057, 0.0]
- [0.0, 0.0, 1.0, -0.966185331265, 0.2578486099406824, 0.0, -0.2578486099406824, -0.966185331265,
  0.0]
- [0.0, 0.0, 1.0, -0.967536615179103, 0.2527308811517981, 0.0, -0.2527308811517981,
  -0.967536615179103, 0.0]
- [0.0, 0.0, 1.0, -0.9682374710013794, 0.2500323973985236, 0.0, -0.2500323973985236,
  -0.9682374710013794, 0.0]
- [0.0, 0.0, 1.0, -0.9702412391409394, 0.24214032681537054, 0.0, -0.24214032681537054,
  -0.9702412391409394, 0.0]
- [0.0, 0.0, 1.0, -0.9707946656742387, 0.23991189444969893, 0.0, -0.23991189444969893,
  -0.9707946656742387, 0.0]
- [0.0, 0.0, 1.0, -0.9735977821718345, 0.22827036283776572, 0.0, -0.22827036283776572,
  -0.9735977821718345, 0.0]
- [0.0, 0.0, 1.0, -0.9742067705801544, 0.2256571916775231, 0.0, -0.2256571916775231,
  -0.9742067705801544, 0.0]
- [0.0, 0.0, 1.0, -0.9774562476414054, 0.21113806844523222, 0.0, -0.21113806844523222,
  -0.9774562476414054, 0.0]
- [0.0, 0.0, 1.0, -0.9786290372832224, 0.20563367279245223, 0.0, -0.20563367279245223,
  -0.9786290372832224, 0.0]
- [0.0, 0.0, 1.0, -0.9816750541362207, 0.19056255688526094, 0.0, -0.19056255688526094,
  -0.9816750541362207, 0.0]
- [0.0, 0.0, 1.0, -0.9837495157976904, 0.17954634545935394, 0.0, -0.17954634545935394,
  -0.9837495157976904, 0.0]
- [0.0, 0.0, 1.0, -0.986223670958017, 0.16541726282976946, 0.0, -0.16541726282976946,
  -0.986223670958017, 0.0]
- [0.0, 0.0, 1.0, -0.9903005247832241, 0.1389419685122928, 0.0, -0.1389419685122928,
  -0.9903005247832241, 0.0]
- [0.0, 0.0, 1.0, -0.9921949908089094, 0.12469603126687023, 0.0, -0.12469603126687023,
  -0.9921949908089094, 0.0]
- [0.0, 0.0, 1.0, -0.9931526588698046, 0.11682378259514353, 0.0, -0.11682378259514353,
  -0.9931526588698046, 0.0]
- [0.0, 0.0, 1.0, -0.994922955517021, 0.10063951800995449, 0.0, -0.10063951800995449,
  -0.994922955517021, 0.0]
- [0.0, 0.0, 1.0, -0.997305009562786, 0.07336700825964994, 0.0, -0.07336700825964994,
  -0.997305009562786, 0.0]
- [0.0, 0.0, 1.0, -0.998278050120724, 0.058659480454272404, 0.0, -0.058659480454272404,
  -0.998278050120724, 0.0]
- [0.0, 0.0, 1.0, -0.9997758344745848, 0.02117264274122592, 0.0, -0.02117264274122592,
  -0.9997758344745848, 0.0]
- [0.0, 0.0, 1.0, -0.9999874809482314, 0.0050037932421838445, 0.0, -0.0050037932421838445,
  -0.9999874809482314, 0.0]
- [0.0, 0.0, 1.0, -0.9996534989978709, -0.026322650727343844, 0.0, 0.026322650727343844,
  -0.9996534989978709, 0.0]
- [0.0, 0.0, 1.0, -0.9989052977243735, -0.046778266087797685, 0.0, 0.046778266087797685,
  -0.9989052977243735, 0.0]
- [0.0, 0.0, 1.0, -0.9950004907723129, -0.09987003235634026, 0.0, 0.09987003235634026,
  -0.9950004907723129, 0.0]
- [0.0, 0.0, 1.0, -0.988531720306401, -0.15101337009704616, 0.0, 0.15101337009704616,
  -0.988531720306401, 0.0]
- [0.0, 0.0, 1.0, -0.9812442749519383, -0.1927684436676423, 0.0, 0.1927684436676423,
  -0.9812442749519383, 0.0]
- [0.0, 0.0, 1.0, -0.9685488607123919, -0.24882344023971606, 0.0, 0.24882344023971606,
  -0.9685488607123919, 0.0]
- [0.0, 0.0, 1.0, -0.9475126684838137, -0.31971822447693304, 0.0, 0.31971822447693304,
  -0.9475126684838137, 0.0]
- [0.0, 0.0, 1.0, -0.9253390213482734, -0.37914073319839875, 0.0, 0.37914073319839875,
  -0.9253390213482734, 0.0]
- [0.0, 0.0, 1.0, -0.8962155282037972, -0.4436188983873304, 0.0, 0.4436188983873304,
  -0.8962155282037972, 0.0]
- [0.0, 0.0, 1.0, -0.8573245713905986, -0.5147762419633667, 0.0, 0.5147762419633667,
  -0.8573245713905986, 0.0]
- [0.0, 0.0, 1.0, -0.8072439455077435, -0.590217936393915, 0.0, 0.590217936393915,
  -0.8072439455077435, 0.0]
- [0.0, 0.0, 1.0, -0.734524890456279, -0.6785817454811109, 0.0, 0.6785817454811109,
  -0.734524890456279, 0.0]
- [0.0, 0.0, 1.0, -0.6627151131755654, -0.7488716036602653, 0.0, 0.7488716036602653,
  -0.6627151131755654, 0.0]
- [0.0, 0.0, 1.0, -0.5731036194479677, -0.8194829109723026, 0.0, 0.8194829109723026,
  -0.5731036194479677, 0.0]
- [0.0, 0.0, 1.0, -0.4722748857087352, -0.8814513215877557, 0.0, 0.8814513215877557,
  -0.4722748857087352, 0.0]
- [0.0, 0.0, 1.0, -0.3912509107428426, -0.9202840457396271, 0.0, 0.9202840457396271,
  -0.3912509107428426, 0.0]
- [0.0, 0.0, 1.0, -0.22687690995701112, -0.9739234403834616, 0.0, 0.9739234403834616,
  -0.22687690995701112, 0.0]
- [0.0, 0.0, 1.0, -0.11020250469090967, -0.9939091547821913, 0.0, 0.9939091547821913,
  -0.11020250469090967, 0.0]
- [0.0, 0.0, 1.0, 0.07102444788511274, -0.9974745750156316, 0.0, 0.9974745750156316,
  0.07102444788511274, 0.0]
- [0.0, 0.0, 1.0, 0.21533055614284555, -0.9765412185828168, 0.0, 0.9765412185828168,
  0.21533055614284555, 0.0]
- [0.0, 0.0, 1.0, 0.39095425625485436, -0.9204101094165653, 0.0, 0.9204101094165653,
  0.39095425625485436, 0.0]
- [0.0, 0.0, 1.0, 0.483609025417388, -0.8752841313167081, 0.0, 0.8752841313167081,
  0.483609025417388, 0.0]
- [0.0, 0.0, 1.0, 0.6007785341417536, -0.7994155070515494, 0.0, 0.7994155070515494,
  0.6007785341417536, 0.0]
- [0.0, 0.0, 1.0, 0.6950515696152973, -0.7189598845382903, 0.0, 0.7189598845382903,
  0.6950515696152973, 0.0]
- [0.0, 0.0, 1.0, 0.7672789034611798, -0.6413135616088356, 0.0, 0.6413135616088356,
  0.7672789034611798, 0.0]
- [0.0, 0.0, 1.0, 0.8280855541845283, -0.5606017436209972, 0.0, 0.5606017436209972,
  0.8280855541845283, 0.0]
- [0.0, 0.0, 1.0, 0.8735099134586857, -0.4868063589245722, 0.0, 0.4868063589245722,
  0.8735099134586857, 0.0]
- [0.0, 0.0, 1.0, 0.9083870622188039, -0.4181302969093378, 0.0, 0.4181302969093378,
  0.9083870622188039, 0.0]
- [0.0, 0.0, 1.0, 0.9332045928081661, -0.35934549943159855, 0.0, 0.35934549943159855,
  0.9332045928081661, 0.0]
- [0.0, 0.0, 1.0, 0.9513186076006235, -0.3082091932970382, 0.0, 0.3082091932970382,
  0.9513186076006235, 0.0]
- [0.0, 0.0, 1.0, 0.9659169203571764, -0.2588522802057347, 0.0, 0.2588522802057347,
  0.9659169203571764, 0.0]
- [0.0, 0.0, 1.0, 0.9800428030257642, -0.19878657962096757, 0.0, 0.19878657962096757,
  0.9800428030257642, 0.0]
- [0.0, 0.0, 1.0, 0.9846297130736417, -0.17465488293351053, 0.0, 0.17465488293351053,
  0.9846297130736417, 0.0]
- [0.0, 0.0, 1.0, 0.9901222993174396, -0.14020639213083855, 0.0, 0.14020639213083855,
  0.9901222993174396, 0.0]
- [0.0, 0.0, 1.0, 0.9940678682860157, -0.10876154302554096, 0.0, 0.10876154302554096,
  0.9940678682860157, 0.0]
- [0.0, 0.0, 1.0, 0.9973520659348024, -0.07272452526886229, 0.0, 0.07272452526886229,
  0.9973520659348024, 0.0]
- [0.0, 0.0, 1.0, 0.9996500865632332, -0.026451926850803442, 0.0, 0.026451926850803442,
  0.9996500865632332, 0.0]
- [0.0, 0.0, 1.0, 0.9999607866876649, -0.008855793978309774, 0.0, 0.008855793978309774,
  0.9999607866876649, 0.0]
- [0.0, 0.0, 1.0, 0.9989012436208542, 0.0468647574698787, 0.0, -0.0468647574698787,
  0.9989012436208542, 0.0]
- [0.0, 0.0, 1.0, 0.998395308048469, 0.05662869296392619, 0.0, -0.05662869296392619,
  0.998395308048469, 0.0]
- [0.0, 0.0, 1.0, 0.9950538388784772, 0.09933709142714818, 0.0, -0.09933709142714818,
  0.9950538388784772, 0.0]
- [0.0, 0.0, 1.0, 0.9911270719567304, 0.1329177461232241, 0.0, -0.1329177461232241,
  0.9911270719567304, 0.0]
- [0.0, 0.0, 1.0, 0.9873868570457841, 0.1583262281911883, 0.0, -0.1583262281911883,
  0.9873868570457841, 0.0]
- [0.0, 0.0, 1.0, 0.9798751774433949, 0.1996112136886985, 0.0, -0.1996112136886985,
  0.9798751774433949, 0.0]
- [0.0, 0.0, 1.0, 0.9770738039218961, 0.21290087291882123, 0.0, -0.21290087291882123,
  0.9770738039218961, 0.0]
- [0.0, 0.0, 1.0, 0.966031222734381, 0.25842537936959037, 0.0, -0.25842537936959037,
  0.966031222734381, 0.0]
- [0.0, 0.0, 1.0, 0.9633276589400439, 0.26832782472396405, 0.0, -0.26832782472396405,
  0.9633276589400439, 0.0]
- [0.0, 0.0, 1.0, 0.9537944158277313, 0.30046000122451727, 0.0, -0.30046000122451727,
  0.9537944158277313, 0.0]
- [0.0, 0.0, 1.0, 0.9501013240389984, 0.31194145934668954, 0.0, -0.31194145934668954,
  0.9501013240389984, 0.0]
- [0.0, 0.0, 1.0, 0.9426170192780431, 0.333875957456324, 0.0, -0.333875957456324,
  0.9426170192780431, 0.0]
- [0.0, 0.0, 1.0, 0.9382562708600605, 0.34594099235530457, 0.0, -0.34594099235530457,
  0.9382562708600605, 0.0]
- [0.0, 0.0, 1.0, 0.9324642236332704, 0.3612623307847115, 0.0, -0.3612623307847115,
  0.9324642236332704, 0.0]
- [0.0, 0.0, 1.0, 0.9284336686636985, 0.37149821384720777, 0.0, -0.37149821384720777,
  0.9284336686636985, 0.0]
- [0.0, 0.0, 1.0, 0.9246742914040937, 0.38075905086594736, 0.0, -0.38075905086594736,
  0.9246742914040937, 0.0]
- [0.0, 0.0, 1.0, 0.9219699749457266, 0.38726136561575075, 0.0, -0.38726136561575075,
  0.9219699749457266, 0.0]
- [0.0, 0.0, 1.0, 0.9200666612394003, 0.39176183948386645, 0.0, -0.39176183948386645,
  0.9200666612394003, 0.0]
- [0.0, 0.0, 1.0, 0.9199723587847747, 0.3919832382538546, 0.0, -0.3919832382538546,
  0.9199723587847747, 0.0]
- [0.0, 0.0, 1.0, 0.9200079227743705, 0.3918997601841418, 0.0, -0.3918997601841418,
  0.9200079227743705, 0.0]
- [0.0, 0.0, 1.0, 0.9231053566161387, 0.38454713701520604, 0.0, -0.38454713701520604,
  0.9231053566161387, 0.0]
- [0.0, 0.0, 1.0, 0.9251021437266839, 0.3797183478215054, 0.0, -0.3797183478215054,
  0.9251021437266839, 0.0]
- [0.0, 0.0, 1.0, 0.9320960184670861, 0.3622112813784315, 0.0, -0.3622112813784315,
  0.9320960184670861, 0.0]
- [0.0, 0.0, 1.0, 0.9352229002902114, 0.3540594960917803, 0.0, -0.3540594960917803,
  0.9352229002902114, 0.0]
- [0.0, 0.0, 1.0, 0.946150613180778, 0.32372676314700655, 0.0, -0.32372676314700655,
  0.946150613180778, 0.0]
- [0.0, 0.0, 1.0, 0.9499224045889025, 0.31248588009706496, 0.0, -0.31248588009706496,
  0.9499224045889025, 0.0]
- [0.0, 0.0, 1.0, 0.9614159632054888, 0.27509879260669673, 0.0, -0.27509879260669673,
  0.9614159632054888, 0.0]
- [0.0, 0.0, 1.0, 0.9676469727099899, 0.2523080185114859, 0.0, -0.2523080185114859,
  0.9676469727099899, 0.0]
- [0.0, 0.0, 1.0, 0.9743623593649101, 0.22498442757854598, 0.0, -0.22498442757854598,
  0.9743623593649101, 0.0]
- [0.0, 0.0, 1.0, 0.9846925589372095, 0.17430021334952533, 0.0, -0.17430021334952533,
  0.9846925589372095, 0.0]
- [0.0, 0.0, 1.0, 0.9940845163644657, 0.10860927365757521, 0.0, -0.10860927365757521,
  0.9940845163644657, 0.0]
- [0.0, 0.0, 1.0, 0.9979832728140917, 0.06347745413352927, 0.0, -0.06347745413352927,
  0.9979832728140917, 0.0]
- [0.0, 0.0, 1.0, 0.9994100946697765, 0.03434330607481614, 0.0, -0.03434330607481614,
  0.9994100946697765, 0.0]
- [0.0, 0.0, 1.0, 0.9997539216560002, -0.02218323992225504, 0.0, 0.02218323992225504,
  0.9997539216560002, 0.0]
- [0.0, 0.0, 1.0, 0.9963027172192122, -0.08591213919822205, 0.0, 0.08591213919822205,
  0.9963027172192122, 0.0]
- [0.0, 0.0, 1.0, 0.9850327587951088, -0.17236723615727265, 0.0, 0.17236723615727265,
  0.9850327587951088, 0.0]
- [0.0, 0.0, 1.0, 0.9620919550523015, -0.2727252647329187, 0.0, 0.2727252647329187,
  0.9620919550523015, 0.0]
- [0.0, 0.0, 1.0, -0.006301984665686959, 0.9999801422974725, 0.0, -0.9999801422974725,
  -0.006301984665686959, 0.0]
- [0.0, 0.0, 1.0, 0.15704046218568274, 0.987592169489262, 0.0, -0.987592169489262,
  0.15704046218568274, 0.0]
- [0.0, 0.0, 1.0, 0.15704046218568296, 0.987592169489262, 0.0, -0.987592169489262,
  0.15704046218568296, 0.0]
- [0.0, 0.0, 1.0, 0.15704046218569453, 0.9875921694892601, 0.0, -0.9875921694892601,
  0.15704046218569453, 0.0]
- [0.0, 0.0, 1.0, 0.15704046218568285, 0.987592169489262, 0.0, -0.987592169489262,
  0.15704046218568285, 0.0]
- [0.0, 0.0, 1.0, 0.15704046218568285, 0.987592169489262, 0.0, -0.987592169489262,
  0.15704046218568285, 0.0]
- [0.0, 0.0, 1.0, 0.15704046218568274, 0.987592169489262, 0.0, -0.987592169489262,
  0.15704046218568274, 0.0]
- [0.0, 0.0, 1.0, 0.15704046218568296, 0.987592169489262, 0.0, -0.987592169489262,
  0.15704046218568296, 0.0]
- [0.0, 0.0, 1.0, 0.15704046218569453, 0.9875921694892601, 0.0, -0.9875921694892601,
  0.15704046218569453, 0.0]
- [0.0, 0.0, 1.0, 0.15704046218568274, 0.987592169489262, 0.0, -0.987592169489262,
  0.15704046218568274, 0.0]
- [0.0, 0.0, 1.0, 0.15704046218568296, 0.987592169489262, 0.0, -0.987592169489262,
  0.15704046218568296, 0.0]
- [0.0, 0.0, 1.0, 0.15704046218568296, 0.987592169489262, 0.0, -0.987592169489262,
  0.15704046218568296, 0.0]
- [0.0, 0.0, 1.0, 0.1570404621856825, 0.987592169489262, 0.0, -0.987592169489262,
  0.1570404621856825, 0.0]
- [0.0, 0.0, 1.0, 0.15704046218568274, 0.987592169489262, 0.0, -0.987592169489262,
  0.15704046218568274, 0.0]
- [0.0, 0.0, 1.0, 0.157040462185695, 0.9875921694892601, 0.0, -0.9875921694892601,
  0.157040462185695, 0.0]
- [0.0, 0.0, 1.0, 0.15704046218568296, 0.987592169489262, 0.0, -0.987592169489262,
  0.15704046218568296, 0.0]
- [0.0, 0.0, 1.0, 0.1570404621856825, 0.987592169489262, 0.0, -0.987592169489262,
  0.1570404621856825, 0.0]
- [0.0, 0.0, 1.0, 0.1570404621856825, 0.987592169489262, 0.0, -0.987592169489262,
  0.1570404621856825, 0.0]
- [0.0, 0.0, 1.0, 0.15704046218568296, 0.987592169489262, 0.0, -0.987592169489262,
  0.15704046218568296, 0.0]
- [0.0, 0.0, 1.0, 0.15704046218569478, 0.9875921694892601, 0.0, -0.9875921694892601,
  0.15704046218569478, 0.0]
- [0.0, 0.0, 1.0, 0.15704046218568296, 0.987592169489262, 0.0, -0.987592169489262,
  0.15704046218568296, 0.0]
- [0.0, 0.0, 1.0, 0.15704046218568227, 0.987592169489262, 0.0, -0.987592169489262,
  0.15704046218568227, 0.0]
- [0.0, 0.0, 1.0, 0.16026536693008342, 0.9870739648895446, 0.0, -0.9870739648895446,
  0.16026536693008342, 0.0]
- [0.0, 0.0, 1.0, 0.16026536693008342, 0.9870739648895446, 0.0, -0.9870739648895446,
  0.16026536693008342, 0.0]
- [0.0, 0.0, 1.0, 0.16026536693008367, 0.9870739648895445, 0.0, -0.9870739648895445,
  0.16026536693008367, 0.0]
- [0.0, 0.0, 1.0, 0.16026536693008342, 0.9870739648895446, 0.0, -0.9870739648895446,
  0.16026536693008342, 0.0]
- [0.0, 0.0, 1.0, 0.16026536693008367, 0.9870739648895445, 0.0, -0.9870739648895445,
  0.16026536693008367, 0.0]
- [0.0, 0.0, 1.0, 0.16026536693008342, 0.9870739648895446, 0.0, -0.9870739648895446,
  0.16026536693008342, 0.0]
- [0.0, 0.0, 1.0, 0.16026536693008342, 0.9870739648895446, 0.0, -0.9870739648895446,
  0.16026536693008342, 0.0]
- [0.0, 0.0, 1.0, 0.16026536693008342, 0.9870739648895446, 0.0, -0.9870739648895446,
  0.16026536693008342, 0.0]
- [0.0, 0.0, 1.0, 0.16026536693008067, 0.9870739648895449, 0.0, -0.9870739648895449,
  0.16026536693008067, 0.0]
- [0.0, 0.0, 1.0, 0.16026536693008342, 0.9870739648895446, 0.0, -0.9870739648895446,
  0.16026536693008342, 0.0]
- [0.0, 0.0, 1.0, 0.16026536693008342, 0.9870739648895446, 0.0, -0.9870739648895446,
  0.16026536693008342, 0.0]
- [0.0, 0.0, 1.0, 0.16026536693008342, 0.9870739648895446, 0.0, -0.9870739648895446,
  0.16026536693008342, 0.0]
- [0.0, 0.0, 1.0, 0.16026536693008342, 0.9870739648895446, 0.0, -0.9870739648895446,
  0.16026536693008342, 0.0]
- [0.0, 0.0, 1.0, 0.16026536693008367, 0.9870739648895445, 0.0, -0.9870739648895445,
  0.16026536693008367, 0.0]
- [0.0, 0.0, 1.0, 0.16026536693008342, 0.9870739648895446, 0.0, -0.9870739648895446,
  0.16026536693008342, 0.0]
- [0.0, 0.0, 1.0, 0.16026536693008342, 0.9870739648895446, 0.0, -0.9870739648895446,
  0.16026536693008342, 0.0]
- [0.0, 0.0, 1.0, 0.16026536693008342, 0.9870739648895446, 0.0, -0.9870739648895446,
  0.16026536693008342, 0.0]
- [0.0, 0.0, 1.0, 0.16026536693008392, 0.9870739648895445, 0.0, -0.9870739648895445,
  0.16026536693008392, 0.0]
- [0.0, 0.0, 1.0, 0.16026536693008342, 0.9870739648895446, 0.0, -0.9870739648895446,
  0.16026536693008342, 0.0]
- [0.0, 0.0, 1.0, 0.16026536693008342, 0.9870739648895446, 0.0, -0.9870739648895446,
  0.16026536693008342, 0.0]
- [0.0, 0.0, 1.0, 0.16026536693008342, 0.9870739648895446, 0.0, -0.9870739648895446,
  0.16026536693008342, 0.0]
- [0.0, 0.0, 1.0, 0.16026536693008342, 0.9870739648895446, 0.0, -0.9870739648895446,
  0.16026536693008342, 0.0]
- [0.0, 0.0, 1.0, 0.16026536693008342, 0.9870739648895446, 0.0, -0.9870739648895446,
  0.16026536693008342, 0.0]
- [0.0, 0.0, 1.0, 0.16026536693008342, 0.9870739648895446, 0.0, -0.9870739648895446,
  0.16026536693008342, 0.0]
- [0.0, 0.0, 1.0, 0.16026536693008045, 0.9870739648895451, 0.0, -0.9870739648895451,
  0.16026536693008045, 0.0]
- [0.0, 0.0, 1.0, 0.16026536693008342, 0.9870739648895446, 0.0, -0.9870739648895446,
  0.16026536693008342, 0.0]
- [0.0, 0.0, 1.0, 0.16026536693008392, 0.9870739648895445, 0.0, -0.9870739648895445,
  0.16026536693008392, 0.0]
- [0.0, 0.0, 1.0, 0.16026536693008342, 0.9870739648895446, 0.0, -0.9870739648895446,
  0.16026536693008342, 0.0]
- [0.0, 0.0, 1.0, 0.16026536693008342, 0.9870739648895446, 0.0, -0.9870739648895446,
  0.16026536693008342, 0.0]
- [0.0, 0.0, 1.0, 0.16026536693008342, 0.9870739648895446, 0.0, -0.9870739648895446,
  0.16026536693008342, 0.0]
- [0.0, 0.0, 1.0, 0.16026536693008342, 0.9870739648895446, 0.0, -0.9870739648895446,
  0.16026536693008342, 0.0]
- [0.0, 0.0, 1.0, 0.16026536693008342, 0.9870739648895446, 0.0, -0.9870739648895446,
  0.16026536693008342, 0.0]
- [0.0, 0.0, 1.0, 0.16026536693008342, 0.9870739648895446, 0.0, -0.9870739648895446,
  0.16026536693008342, 0.0]
- [0.0, 0.0, 1.0, 0.16026536693008342, 0.9870739648895446, 0.0, -0.9870739648895446,
  0.16026536693008342, 0.0]
- [0.0, 0.0, 1.0, 0.16026536693008342, 0.9870739648895446, 0.0, -0.9870739648895446,
  0.16026536693008342, 0.0]
- [0.0, 0.0, 1.0, 0.16025051353135394, 0.9870763764334234, 0.0, -0.9870763764334234,
  0.16025051353135394, 0.0]
- [0.0, 0.0, 1.0, 0.16025051353134845, 0.9870763764334243, 0.0, -0.9870763764334243,
  0.16025051353134845, 0.0]
- [0.0, 0.0, 1.0, 0.16025051353135444, 0.9870763764334234, 0.0, -0.9870763764334234,
  0.16025051353135444, 0.0]
- [0.0, 0.0, 1.0, 0.16025051353134795, 0.9870763764334244, 0.0, -0.9870763764334244,
  0.16025051353134795, 0.0]
- [0.0, 0.0, 1.0, 0.16025051353135444, 0.9870763764334234, 0.0, -0.9870763764334234,
  0.16025051353135444, 0.0]
- [0.0, 0.0, 1.0, 0.16025051353135394, 0.9870763764334234, 0.0, -0.9870763764334234,
  0.16025051353135394, 0.0]
- [0.0, 0.0, 1.0, 0.16025051353134845, 0.9870763764334243, 0.0, -0.9870763764334243,
  0.16025051353134845, 0.0]
- [0.0, 0.0, 1.0, 0.16025051353135394, 0.9870763764334234, 0.0, -0.9870763764334234,
  0.16025051353135394, 0.0]
- [0.0, 0.0, 1.0, 0.16025051353134845, 0.9870763764334243, 0.0, -0.9870763764334243,
  0.16025051353134845, 0.0]
- [0.0, 0.0, 1.0, 0.1602505135313542, 0.9870763764334234, 0.0, -0.9870763764334234,
  0.1602505135313542, 0.0]
- [0.0, 0.0, 1.0, 0.16025051353135394, 0.9870763764334234, 0.0, -0.9870763764334234,
  0.16025051353135394, 0.0]
- [0.0, 0.0, 1.0, 0.1602505135313482, 0.9870763764334243, 0.0, -0.9870763764334243,
  0.1602505135313482, 0.0]
- [0.0, 0.0, 1.0, 0.1602505135313542, 0.9870763764334234, 0.0, -0.9870763764334234,
  0.1602505135313542, 0.0]
- [0.0, 0.0, 1.0, 0.16025051353134845, 0.9870763764334243, 0.0, -0.9870763764334243,
  0.16025051353134845, 0.0]
- [0.0, 0.0, 1.0, 0.1602505135313542, 0.9870763764334234, 0.0, -0.9870763764334234,
  0.1602505135313542, 0.0]
- [0.0, 0.0, 1.0, 0.16025051353135394, 0.9870763764334234, 0.0, -0.9870763764334234,
  0.16025051353135394, 0.0]
- [0.0, 0.0, 1.0, 0.16025051353134845, 0.9870763764334243, 0.0, -0.9870763764334243,
  0.16025051353134845, 0.0]
- [0.0, 0.0, 1.0, 0.16025051353135444, 0.9870763764334234, 0.0, -0.9870763764334234,
  0.16025051353135444, 0.0]
- [0.0, 0.0, 1.0, 0.16025051353134795, 0.9870763764334244, 0.0, -0.9870763764334244,
  0.16025051353134795, 0.0]
- [0.0, 0.0, 1.0, 0.16025051353135444, 0.9870763764334234, 0.0, -0.9870763764334234,
  0.16025051353135444, 0.0]
- [0.0, 0.0, 1.0, 0.16025051353135394, 0.9870763764334234, 0.0, -0.9870763764334234,
  0.16025051353135394, 0.0]
- [0.0, 0.0, 1.0, 0.16025051353134795, 0.9870763764334244, 0.0, -0.9870763764334244,
  0.16025051353134795, 0.0]
- [0.0, 0.0, 1.0, 0.16025051353135444, 0.9870763764334234, 0.0, -0.9870763764334234,
  0.16025051353135444, 0.0]
- [0.0, 0.0, 1.0, 0.16025051353134795, 0.9870763764334244, 0.0, -0.9870763764334244,
  0.16025051353134795, 0.0]
- [0.0, 0.0, 1.0, 0.16025051353135444, 0.9870763764334234, 0.0, -0.9870763764334234,
  0.16025051353135444, 0.0]
- [0.0, 0.0, 1.0, 0.16025051353135394, 0.9870763764334234, 0.0, -0.9870763764334234,
  0.16025051353135394, 0.0]
- [0.0, 0.0, 1.0, 0.16025051353134892, 0.9870763764334243, 0.0, -0.9870763764334243,
  0.16025051353134892, 0.0]
- [0.0, 0.0, 1.0, 0.16025051353135394, 0.9870763764334234, 0.0, -0.9870763764334234,
  0.16025051353135394, 0.0]
- [0.0, 0.0, 1.0, 0.16025051353134845, 0.9870763764334243, 0.0, -0.9870763764334243,
  0.16025051353134845, 0.0]
- [0.0, 0.0, 1.0, 0.16025051353135394, 0.9870763764334234, 0.0, -0.9870763764334234,
  0.16025051353135394, 0.0]
- [0.0, 0.0, 1.0, 0.16025051353135394, 0.9870763764334234, 0.0, -0.9870763764334234,
  0.16025051353135394, 0.0]
- [0.0, 0.0, 1.0, 0.16025051353134795, 0.9870763764334244, 0.0, -0.9870763764334244,
  0.16025051353134795, 0.0]
- [0.0, 0.0, 1.0, 0.16025051353135492, 0.9870763764334232, 0.0, -0.9870763764334232,
  0.16025051353135492, 0.0]
- [0.0, 0.0, 1.0, 0.16025051353134795, 0.9870763764334244, 0.0, -0.9870763764334244,
  0.16025051353134795, 0.0]
- [0.0, 0.0, 1.0, 0.16025051353135344, 0.9870763764334234, 0.0, -0.9870763764334234,
  0.16025051353135344, 0.0]
materials:
- name: gelcoat
  density: 1235.0
  elastic:
    E:
    - 3440000000.0
    - 3440000000.0
    - 3440000000.0
    G:
    - 1323000000.0
    - 1323000000.0
    - 1323000000.0
    nu:
    - 0.3
    - 0.3
    - 0.3
- name: glass_triax
  density: 1940.0
  elastic:
    E:
    - 28211400000.0
    - 16238800000.0
    - 15835500000.0
    G:
    - 8248220000.0
    - 3491240000.0
    - 3491240000.0
    nu:
    - 0.497511
    - 0.18091
    - 0.27481
- name: glass_uniax
  density: 1940.0
  elastic:
    E:
    - 43700000000.0
    - 16500000000.0
    - 15450000000.0
    G:
    - 3265000000.0
    - 3495000000.0
    - 3480000000.0
    nu:
    - 0.262
    - 0.264
    - 0.35
- name: medium_density_foam
  density: 130.0
  elastic:
    E:
    - 142500000.0
    - 142500000.0
    - 142500000.0
    G:
    - 54000000.0
    - 54000000.0
    - 54000000.0
    nu:
    - 0.3194
    - 0.3194
    - 0.3194
- name: carbon_uniax
  density: 1600.0
  elastic:
    E:
    - 140000000000.0
    - 9100000000.0
    - 9100000000.0
    G:
    - 4131000000.0
    - 4131000000.0
    - 2689000000.0
    nu:
    - 0.3133
    - 0.3133
    - 0.47066
- name: glass_biax
  density: 1940.0
  elastic:
    E:
    - 11023100000.0
    - 11023100000.0
    - 16047700000.0
    G:
    - 13231400000.0
    - 3487480000.0
    - 3487480000.0
    nu:
    - 0.688074
    - 0.117173
    - 0.117173
