nodes:
- [7.19772599 0.10503164 0.00000000]
- [7.05669030 0.14577249 0.00000000]
- [6.91369984 0.18675257 0.00000000]
- [6.77051130 0.22706687 0.00000000]
- [6.62725601 0.26718553 0.00000000]
- [6.48408893 0.30763631 0.00000000]
- [6.34038297 0.34618710 0.00000000]
- [6.20397727 0.38278123 0.00000000]
- [6.06820470 0.42159342 0.00000000]
- [5.93245284 0.46046901 0.00000000]
- [5.79670152 0.49933452 0.00000000]
- [5.66093847 0.53814704 0.00000000]
- [5.52514027 0.57683423 0.00000000]
- [5.38932573 0.61544818 0.00000000]
- [5.25343346 0.65378282 0.00000000]
- [5.11751095 0.69199896 0.00000000]
- [4.98148439 0.72983132 0.00000000]
- [4.84539346 0.76743132 0.00000000]
- [4.70920365 0.80465243 0.00000000]
- [4.57290124 0.84145478 0.00000000]
- [4.43306833 0.87877237 0.00000000]
- [4.29304002 0.91534927 0.00000000]
- [4.15292024 0.95153299 0.00000000]
- [4.01250933 0.98657500 0.00000000]
- [3.87203197 1.02129095 0.00000000]
- [3.73115104 1.05432211 0.00000000]
- [3.59019278 1.08697231 0.00000000]
- [3.44877504 1.11751981 0.00000000]
- [3.30719329 1.14726937 0.00000000]
- [3.16518816 1.17483548 0.00000000]
- [3.02288776 1.20080697 0.00000000]
- [2.88025240 1.22473073 0.00000000]
- [2.73710066 1.24534415 0.00000000]
- [2.64000266 1.25807490 0.00000000]
- [2.50867684 1.27352275 0.00000000]
- [2.37714218 1.28682735 0.00000000]
- [2.24530150 1.29652683 0.00000000]
- [2.11336205 1.30427837 0.00000000]
- [1.98123845 1.30707766 0.00000000]
- [1.84911468 1.30773711 0.00000000]
- [1.75400171 1.30470874 0.00000000]
- [1.61413700 1.29763222 0.00000000]
- [1.47489025 1.28365522 0.00000000]
- [1.33659460 1.26252928 0.00000000]
- [1.19935717 1.23556708 0.00000000]
- [1.06394149 1.20077618 0.00000000]
- [0.93152338 1.15609594 0.00000000]
- [0.80224077 1.10312373 0.00000000]
- [0.67711725 1.04118697 0.00000000]
- [0.55746617 0.96934123 0.00000000]
- [0.44483735 0.88698657 0.00000000]
- [0.34237648 0.79233329 0.00000000]
- [0.24998929 0.68793100 0.00000000]
- [0.17013085 0.57373943 0.00000000]
- [0.10436224 0.45098577 0.00000000]
- [0.05216523 0.32185411 0.00000000]
- [0.02112578 0.17780149 0.00000000]
- [0.00486418 0.03105731 0.00000000]
- [0.01534386 -0.11622040 0.00000000]
- [0.04469356 -0.26071796 0.00000000]
- [0.09822696 -0.39311518 0.00000000]
- [0.16723756 -0.51801642 0.00000000]
- [0.25300382 -0.63214651 0.00000000]
- [0.35232898 -0.73489402 0.00000000]
- [0.46209236 -0.82663871 0.00000000]
- [0.58063273 -0.90689197 0.00000000]
- [0.70575913 -0.97662657 0.00000000]
- [0.83594585 -1.03655347 0.00000000]
- [0.96972794 -1.08806959 0.00000000]
- [1.10617401 -1.13227583 0.00000000]
- [1.24475128 -1.16941200 0.00000000]
- [1.38542011 -1.19827864 0.00000000]
- [1.44208200 -1.20865883 0.00000000]
- [1.57334712 -1.22724783 0.00000000]
- [1.70513720 -1.24166674 0.00000000]
- [1.83734872 -1.25130641 0.00000000]
- [1.96991416 -1.25481617 0.00000000]
- [2.10250325 -1.25598747 0.00000000]
- [2.23497072 -1.24977561 0.00000000]
- [2.36701073 -1.24195979 0.00000000]
- [2.51245668 -1.22711458 0.00000000]
- [2.65738355 -1.20767898 0.00000000]
- [2.80176292 -1.18452685 0.00000000]
- [2.94507190 -1.15533481 0.00000000]
- [3.08796906 -1.12419605 0.00000000]
- [3.22926269 -1.08640033 0.00000000]
- [3.37020202 -1.04714170 0.00000000]
- [3.50975096 -1.00318261 0.00000000]
- [3.64878401 -0.95753427 0.00000000]
- [3.78673221 -0.90867325 0.00000000]
- [3.92405570 -0.85804111 0.00000000]
- [4.06054901 -0.80515999 0.00000000]
- [4.19646914 -0.75077370 0.00000000]
- [4.33185902 -0.69502339 0.00000000]
- [4.46074086 -0.64088830 0.00000000]
- [4.58938264 -0.58611301 0.00000000]
- [4.71802888 -0.53129922 0.00000000]
- [4.84670923 -0.47648463 0.00000000]
- [4.97583920 -0.42269171 0.00000000]
- [5.10528909 -0.36955725 0.00000000]
- [5.23572478 -0.31887040 0.00000000]
- [5.36665144 -0.26930279 0.00000000]
- [5.49911060 -0.22398262 0.00000000]
- [5.63211840 -0.18022705 0.00000000]
- [5.76679341 -0.14169223 0.00000000]
- [5.90226746 -0.10636797 0.00000000]
- [6.03881969 -0.07483561 0.00000000]
- [6.17683366 -0.05040723 0.00000000]
- [6.31581594 -0.03299287 0.00000000]
- [6.46434042 -0.02132353 0.00000000]
- [6.61320198 -0.01620823 0.00000000]
- [6.76210664 -0.01951188 0.00000000]
- [6.91052510 -0.03230870 0.00000000]
- [7.05726747 -0.05798674 0.00000000]
- [7.19834709 -0.09661582 0.00000000]
- [4.34281548 -0.62518348 0.00000000]
- [4.35377195 -0.55534356 0.00000000]
- [4.36472841 -0.48550364 0.00000000]
- [4.37568488 -0.41566373 0.00000000]
- [4.38664134 -0.34582381 0.00000000]
- [4.39759780 -0.27598389 0.00000000]
- [4.40855427 -0.20614397 0.00000000]
- [4.41951073 -0.13630406 0.00000000]
- [4.43046720 -0.06646414 0.00000000]
- [4.44142366 0.00337578 0.00000000]
- [4.45238013 0.07321569 0.00000000]
- [4.46333659 0.14305561 0.00000000]
- [4.47429306 0.21289553 0.00000000]
- [4.48524952 0.28273545 0.00000000]
- [4.49620599 0.35257536 0.00000000]
- [4.50716245 0.42241528 0.00000000]
- [4.51811892 0.49225520 0.00000000]
- [4.52907538 0.56209511 0.00000000]
- [4.54003185 0.63193503 0.00000000]
- [4.55098831 0.70177495 0.00000000]
- [4.56194478 0.77161487 0.00000000]
- [1.45371150 -1.13676180 0.00000000]
- [1.46534101 -1.06486478 0.00000000]
- [1.47697051 -0.99296775 0.00000000]
- [1.48860002 -0.92107072 0.00000000]
- [1.50022952 -0.84917370 0.00000000]
- [1.51185903 -0.77727667 0.00000000]
- [1.52348853 -0.70537964 0.00000000]
- [1.53511804 -0.63348261 0.00000000]
- [1.54674754 -0.56158559 0.00000000]
- [1.55837705 -0.48968856 0.00000000]
- [1.57000655 -0.41779153 0.00000000]
- [1.58163606 -0.34589451 0.00000000]
- [1.59326556 -0.27399748 0.00000000]
- [1.60489507 -0.20210045 0.00000000]
- [1.61652457 -0.13020343 0.00000000]
- [1.62815408 -0.05830640 0.00000000]
- [1.63978358 0.01359063 0.00000000]
- [1.65141309 0.08548766 0.00000000]
- [1.66304259 0.15738468 0.00000000]
- [1.67467210 0.22928171 0.00000000]
- [1.68630160 0.30117874 0.00000000]
- [1.69793111 0.37307576 0.00000000]
- [1.70956062 0.44497279 0.00000000]
- [1.72119012 0.51686982 0.00000000]
- [1.73281963 0.58876684 0.00000000]
- [1.74444913 0.66066387 0.00000000]
- [1.75607864 0.73256090 0.00000000]
- [1.76770814 0.80445793 0.00000000]
- [1.77933765 0.87635495 0.00000000]
- [1.79096715 0.94825198 0.00000000]
- [1.80259666 1.02014901 0.00000000]
- [1.81422616 1.09204603 0.00000000]
- [1.82585567 1.16394306 0.00000000]
- [1.83748517 1.23584009 0.00000000]
- [2.24654306 -1.17812274 0.00000000]
- [2.25811540 -1.10646987 0.00000000]
- [2.26968774 -1.03481700 0.00000000]
- [2.28126008 -0.96316413 0.00000000]
- [2.29283242 -0.89151125 0.00000000]
- [2.30440477 -0.81985838 0.00000000]
- [2.31597711 -0.74820551 0.00000000]
- [2.32754945 -0.67655264 0.00000000]
- [2.33912179 -0.60489977 0.00000000]
- [2.35069413 -0.53324689 0.00000000]
- [2.36226647 -0.46159402 0.00000000]
- [2.37383881 -0.38994115 0.00000000]
- [2.38541115 -0.31828828 0.00000000]
- [2.39698350 -0.24663541 0.00000000]
- [2.40855584 -0.17498253 0.00000000]
- [2.42012818 -0.10332966 0.00000000]
- [2.43170052 -0.03167679 0.00000000]
- [2.44327286 0.03997608 0.00000000]
- [2.45484520 0.11162895 0.00000000]
- [2.46641754 0.18328182 0.00000000]
- [2.47798989 0.25493470 0.00000000]
- [2.48956223 0.32658757 0.00000000]
- [2.50113457 0.39824044 0.00000000]
- [2.51270691 0.46989331 0.00000000]
- [2.52427925 0.54154618 0.00000000]
- [2.53585159 0.61319906 0.00000000]
- [2.54742393 0.68485193 0.00000000]
- [2.55899627 0.75650480 0.00000000]
- [2.57056862 0.82815767 0.00000000]
- [2.58214096 0.89981054 0.00000000]
- [2.59371330 0.97146342 0.00000000]
- [2.60528564 1.04311629 0.00000000]
- [2.61685798 1.11476916 0.00000000]
- [2.62843032 1.18642203 0.00000000]
elements:
- [1 2]
- [2 3]
- [3 4]
- [4 5]
- [5 6]
- [6 7]
- [7 8]
- [8 9]
- [9 10]
- [10 11]
- [11 12]
- [12 13]
- [13 14]
- [14 15]
- [15 16]
- [16 17]
- [17 18]
- [18 19]
- [19 20]
- [20 21]
- [21 22]
- [22 23]
- [23 24]
- [24 25]
- [25 26]
- [26 27]
- [27 28]
- [28 29]
- [29 30]
- [30 31]
- [31 32]
- [32 33]
- [33 34]
- [34 35]
- [35 36]
- [36 37]
- [37 38]
- [38 39]
- [39 40]
- [40 41]
- [41 42]
- [42 43]
- [43 44]
- [44 45]
- [45 46]
- [46 47]
- [47 48]
- [48 49]
- [49 50]
- [50 51]
- [51 52]
- [52 53]
- [53 54]
- [54 55]
- [55 56]
- [56 57]
- [57 58]
- [58 59]
- [59 60]
- [60 61]
- [61 62]
- [62 63]
- [63 64]
- [64 65]
- [65 66]
- [66 67]
- [67 68]
- [68 69]
- [69 70]
- [70 71]
- [71 72]
- [72 73]
- [73 74]
- [74 75]
- [75 76]
- [76 77]
- [77 78]
- [78 79]
- [79 80]
- [80 81]
- [81 82]
- [82 83]
- [83 84]
- [84 85]
- [85 86]
- [86 87]
- [87 88]
- [88 89]
- [89 90]
- [90 91]
- [91 92]
- [92 93]
- [93 94]
- [94 95]
- [95 96]
- [96 97]
- [97 98]
- [98 99]
- [99 100]
- [100 101]
- [101 102]
- [102 103]
- [103 104]
- [104 105]
- [105 106]
- [106 107]
- [107 108]
- [108 109]
- [109 110]
- [110 111]
- [111 112]
- [112 113]
- [113 114]
- [114 115]
- [115 1]
- [94 116]
- [116 117]
- [117 118]
- [118 119]
- [119 120]
- [120 121]
- [121 122]
- [122 123]
- [123 124]
- [124 125]
- [125 126]
- [126 127]
- [127 128]
- [128 129]
- [129 130]
- [130 131]
- [131 132]
- [132 133]
- [133 134]
- [134 135]
- [135 136]
- [136 20]
- [73 137]
- [137 138]
- [138 139]
- [139 140]
- [140 141]
- [141 142]
- [142 143]
- [143 144]
- [144 145]
- [145 146]
- [146 147]
- [147 148]
- [148 149]
- [149 150]
- [150 151]
- [151 152]
- [152 153]
- [153 154]
- [154 155]
- [155 156]
- [156 157]
- [157 158]
- [158 159]
- [159 160]
- [160 161]
- [161 162]
- [162 163]
- [163 164]
- [164 165]
- [165 166]
- [166 167]
- [167 168]
- [168 169]
- [169 170]
- [170 40]
- [79 171]
- [171 172]
- [172 173]
- [173 174]
- [174 175]
- [175 176]
- [176 177]
- [177 178]
- [178 179]
- [179 180]
- [180 181]
- [181 182]
- [182 183]
- [183 184]
- [184 185]
- [185 186]
- [186 187]
- [187 188]
- [188 189]
- [189 190]
- [190 191]
- [191 192]
- [192 193]
- [193 194]
- [194 195]
- [195 196]
- [196 197]
- [197 198]
- [198 199]
- [199 200]
- [200 201]
- [201 202]
- [202 203]
- [203 204]
- [204 34]
sets:
  element:
  - name: layup_0
    labels:
    - 1
    - 2
    - 3
    - 4
    - 5
    - 6
    - 109
    - 110
    - 111
    - 112
    - 113
    - 114
    - 115
  - name: layup_1
    labels:
    - 7
    - 8
    - 9
    - 10
    - 11
    - 12
    - 13
    - 14
    - 15
    - 16
    - 17
    - 18
    - 19
    - 20
    - 21
    - 22
    - 23
    - 24
    - 25
    - 26
    - 27
    - 28
    - 29
    - 30
    - 31
    - 32
    - 41
    - 42
    - 43
    - 44
    - 45
    - 46
    - 47
    - 48
    - 49
    - 50
    - 51
    - 52
    - 53
    - 54
    - 55
    - 60
    - 61
    - 62
    - 63
    - 64
    - 65
    - 66
    - 67
    - 68
    - 69
    - 70
    - 71
    - 80
    - 81
    - 82
    - 83
    - 84
    - 85
    - 86
    - 87
    - 88
    - 89
    - 90
    - 91
    - 92
    - 93
    - 94
    - 95
    - 96
    - 97
    - 98
    - 99
    - 100
    - 101
    - 102
    - 103
    - 104
    - 105
    - 106
    - 107
    - 108
  - name: layup_2
    labels:
    - 33
    - 34
    - 35
    - 36
    - 37
    - 38
    - 39
    - 40
  - name: layup_3
    labels:
    - 56
    - 57
    - 58
    - 59
  - name: layup_4
    labels:
    - 72
    - 73
    - 74
    - 75
    - 76
    - 77
    - 78
    - 79
  - name: layup_5
    labels:
    - 116
    - 117
    - 118
    - 119
    - 120
    - 121
    - 122
    - 123
    - 124
    - 125
    - 126
    - 127
    - 128
    - 129
    - 130
    - 131
    - 132
    - 133
    - 134
    - 135
    - 136
    - 137
    - 138
    - 139
    - 140
    - 141
    - 142
    - 143
    - 144
    - 145
    - 146
    - 147
    - 148
    - 149
    - 150
    - 151
    - 152
    - 153
    - 154
    - 155
    - 156
    - 157
    - 158
    - 159
    - 160
    - 161
    - 162
    - 163
    - 164
    - 165
    - 166
    - 167
    - 168
    - 169
    - 170
    - 171
    - 172
    - 173
    - 174
    - 175
    - 176
    - 177
    - 178
    - 179
    - 180
    - 181
    - 182
    - 183
    - 184
    - 185
    - 186
    - 187
    - 188
    - 189
    - 190
    - 191
    - 192
    - 193
    - 194
    - 195
    - 196
    - 197
    - 198
    - 199
    - 200
    - 201
    - 202
    - 203
    - 204
    - 205
    - 206
    - 207
sections:
- type: shell
  elementSet: layup_0
  layup:
  - - gelcoat
    - 0.0001
    - 0.0
  - - glass_triax
    - 0.00060059
    - 0.0
  - - glass_uniax
    - 0.00521893
    - 0.0
  - - glass_triax
    - 0.00060059
    - 0.0
- type: shell
  elementSet: layup_1
  layup:
  - - gelcoat
    - 0.0001
    - 0.0
  - - glass_triax
    - 0.00060059
    - 0.0
  - - medium_density_foam
    - 0.01412163
    - 0.0
  - - glass_triax
    - 0.00060059
    - 0.0
- type: shell
  elementSet: layup_2
  layup:
  - - gelcoat
    - 0.0001
    - 0.0
  - - glass_triax
    - 0.00060059
    - 0.0
  - - carbon_uniax
    - 0.01621198
    - 0.0
  - - glass_triax
    - 0.00060059
    - 0.0
- type: shell
  elementSet: layup_3
  layup:
  - - gelcoat
    - 0.0001
    - 0.0
  - - glass_triax
    - 0.00060059
    - 0.0
  - - glass_uniax
    - 0.00431657
    - 0.0
  - - glass_triax
    - 0.00060059
    - 0.0
- type: shell
  elementSet: layup_4
  layup:
  - - gelcoat
    - 0.0001
    - 0.0
  - - glass_triax
    - 0.00060059
    - 0.0
  - - carbon_uniax
    - 0.0154149
    - 0.0
  - - glass_triax
    - 0.00060059
    - 0.0
- type: shell
  elementSet: layup_5
  layup:
  - - glass_biax
    - 0.0004
    - 0.0
  - - medium_density_foam
    - 0.0084
    - 0.0
  - - glass_biax
    - 0.0004
    - 0.0
elementOrientations:
- [0.0, 0.0, 1.0, -0.9607192590294146, 0.2775220807971371, 0.0, -0.2775220807971371,
  -0.9607192590294146, 0.0]
- [0.0, 0.0, 1.0, -0.9613004785168929, 0.2755020689635426, 0.0, -0.2755020689635426,
  -0.9613004785168929, 0.0]
- [0.0, 0.0, 1.0, -0.962576400205845, 0.27101046800217293, 0.0, -0.27101046800217293,
  -0.962576400205845, 0.0]
- [0.0, 0.0, 1.0, -0.9629514866332533, 0.26967468251730176, 0.0, -0.26967468251730176,
  -0.9629514866332533, 0.0]
- [0.0, 0.0, 1.0, -0.9623260719607851, 0.2718980162202839, 0.0, -0.2718980162202839,
  -0.9623260719607851, 0.0]
- [0.0, 0.0, 1.0, -0.9658503538117204, 0.25910054813098016, 0.0, -0.25910054813098016,
  -0.9658503538117204, 0.0]
- [0.0, 0.0, 1.0, -0.9658473163280812, 0.2591118707080854, 0.0, -0.2591118707080854,
  -0.9658473163280812, 0.0]
- [0.0, 0.0, 1.0, -0.9614864621212965, 0.274852293345849, 0.0, -0.274852293345849,
  -0.9614864621212965, 0.0]
- [0.0, 0.0, 1.0, -0.9613566486529511, 0.27530600082592865, 0.0, -0.27530600082592865,
  -0.9613566486529511, 0.0]
- [0.0, 0.0, 1.0, -0.9613752357231362, 0.27524108730035984, 0.0, -0.27524108730035984,
  -0.9613752357231362, 0.0]
- [0.0, 0.0, 1.0, -0.9614807681356734, 0.2748722112277544, 0.0, -0.2748722112277544,
  -0.9614807681356734, 0.0]
- [0.0, 0.0, 1.0, -0.9617337418534063, 0.27398578390246, 0.0, -0.27398578390246, -0.9617337418534063,
  0.0]
- [0.0, 0.0, 1.0, -0.9618789723897572, 0.2734754878858887, 0.0, -0.2734754878858887,
  -0.9618789723897572, 0.0]
- [0.0, 0.0, 1.0, -0.9624384847964987, 0.27149983974695013, 0.0, -0.27149983974695013,
  -0.9624384847964987, 0.0]
- [0.0, 0.0, 1.0, -0.9626731936938073, 0.27066644074093316, 0.0, -0.27066644074093316,
  -0.9626731936938073, 0.0]
- [0.0, 0.0, 1.0, -0.9634316427903168, 0.2679542305513231, 0.0, -0.2679542305513231,
  -0.9634316427903168, 0.0]
- [0.0, 0.0, 1.0, -0.9638878351289851, 0.2663085452822687, 0.0, -0.2663085452822687,
  -0.9638878351289851, 0.0]
- [0.0, 0.0, 1.0, -0.9646226554363028, 0.26363446781294686, 0.0, -0.26363446781294686,
  -0.9646226554363028, 0.0]
- [0.0, 0.0, 1.0, -0.9654278339550505, 0.26067047670355686, 0.0, -0.26067047670355686,
  -0.9654278339550505, 0.0]
- [0.0, 0.0, 1.0, -0.9661853647221039, 0.2578484845734309, 0.0, -0.2578484845734309,
  -0.9661853647221039, 0.0]
- [0.0, 0.0, 1.0, -0.9675365811073646, 0.25273101158954037, 0.0, -0.25273101158954037,
  -0.9675365811073646, 0.0]
- [0.0, 0.0, 1.0, -0.9682375684770462, 0.2500320199287629, 0.0, -0.2500320199287629,
  -0.9682375684770462, 0.0]
- [0.0, 0.0, 1.0, -0.970241140719687, 0.24214072118286997, 0.0, -0.24214072118286997,
  -0.970241140719687, 0.0]
- [0.0, 0.0, 1.0, -0.9707948864051825, 0.239911001268281, 0.0, -0.239911001268281,
  -0.9707948864051825, 0.0]
- [0.0, 0.0, 1.0, -0.9735975750961914, 0.22827124603597299, 0.0, -0.22827124603597299,
  -0.9735975750961914, 0.0]
- [0.0, 0.0, 1.0, -0.9742070925660221, 0.2256558015962763, 0.0, -0.2256558015962763,
  -0.9742070925660221, 0.0]
- [0.0, 0.0, 1.0, -0.977455980814833, 0.21113930370566408, 0.0, -0.21113930370566408,
  -0.977455980814833, 0.0]
- [0.0, 0.0, 1.0, -0.9786293178589027, 0.2056323375031722, 0.0, -0.2056323375031722,
  -0.9786293178589027, 0.0]
- [0.0, 0.0, 1.0, -0.9816749135285145, 0.19056328121855848, 0.0, -0.19056328121855848,
  -0.9816749135285145, 0.0]
- [0.0, 0.0, 1.0, -0.9837496117331699, 0.179545819820004, 0.0, -0.179545819820004,
  -0.9837496117331699, 0.0]
- [0.0, 0.0, 1.0, -0.9862238657874607, 0.16541610124542502, 0.0, -0.16541610124542502,
  -0.9862238657874607, 0.0]
- [0.0, 0.0, 1.0, -0.9897909297291418, 0.14252689369351002, 0.0, -0.14252689369351002,
  -0.9897909297291418, 0.0]
- [0.0, 0.0, 1.0, -0.9915140198977581, 0.12999980133134043, 0.0, -0.12999980133134043,
  -0.9915140198977581, 0.0]
- [0.0, 0.0, 1.0, -0.9931525803982583, 0.11682444970245427, 0.0, -0.11682444970245427,
  -0.9931525803982583, 0.0]
- [0.0, 0.0, 1.0, -0.9949233592940605, 0.10063552618743304, 0.0, -0.10063552618743304,
  -0.9949233592940605, 0.0]
- [0.0, 0.0, 1.0, -0.9973046864041718, 0.0733714009425782, 0.0, -0.0733714009425782,
  -0.9973046864041718, 0.0]
- [0.0, 0.0, 1.0, -0.9982786285398358, 0.05864963598032417, 0.0, -0.05864963598032417,
  -0.9982786285398358, 0.0]
- [0.0, 0.0, 1.0, -0.9997756334813271, 0.02118213155022111, 0.0, -0.02118213155022111,
  -0.9997756334813271, 0.0]
- [0.0, 0.0, 1.0, -0.9999875443195247, 0.004991112682175809, 0.0, -0.004991112682175809,
  -0.9999875443195247, 0.0]
- [0.0, 0.0, 1.0, -0.9994935000148251, -0.0318236300273075, 0.0, 0.0318236300273075,
  -0.9994935000148251, 0.0]
- [0.0, 0.0, 1.0, -0.9987225022222685, -0.05053081787276903, 0.0, 0.05053081787276903,
  -0.9987225022222685, 0.0]
- [0.0, 0.0, 1.0, -0.9950001013427732, -0.09987391214862382, 0.0, 0.09987391214862382,
  -0.9950001013427732, 0.0]
- [0.0, 0.0, 1.0, -0.9885326159390824, -0.15100750717972508, 0.0, 0.15100750717972508,
  -0.9885326159390824, 0.0]
- [0.0, 0.0, 1.0, -0.9812422636992074, -0.19277868121360087, 0.0, 0.19277868121360087,
  -0.9812422636992074, 0.0]
- [0.0, 0.0, 1.0, -0.9685451315884126, -0.2488379554577327, 0.0, 0.2488379554577327,
  -0.9685451315884126, 0.0]
- [0.0, 0.0, 1.0, -0.947515857316006, -0.31970877394077557, 0.0, 0.31970877394077557,
  -0.947515857316006, 0.0]
- [0.0, 0.0, 1.0, -0.9253364377937334, -0.3791470386158967, 0.0, 0.3791470386158967,
  -0.9253364377937334, 0.0]
- [0.0, 0.0, 1.0, -0.8962106777969164, -0.4436286972263987, 0.0, 0.4436286972263987,
  -0.8962106777969164, 0.0]
- [0.0, 0.0, 1.0, -0.8573187094828433, -0.5147860044432756, 0.0, 0.5147860044432756,
  -0.8573187094828433, 0.0]
- [0.0, 0.0, 1.0, -0.8072238603917726, -0.5902454059238443, 0.0, 0.5902454059238443,
  -0.8072238603917726, 0.0]
- [0.0, 0.0, 1.0, -0.7345389457135406, -0.6785665311743868, 0.0, 0.6785665311743868,
  -0.7345389457135406, 0.0]
- [0.0, 0.0, 1.0, -0.6626999141837759, -0.7488850537571277, 0.0, 0.7488850537571277,
  -0.6626999141837759, 0.0]
- [0.0, 0.0, 1.0, -0.5730978754945971, -0.81948692796382, 0.0, 0.81948692796382, -0.5730978754945971,
  0.0]
- [0.0, 0.0, 1.0, -0.4722644717615109, -0.8814569012219606, 0.0, 0.8814569012219606,
  -0.4722644717615109, 0.0]
- [0.0, 0.0, 1.0, -0.37475740247615724, -0.9271229094835934, 0.0, 0.9271229094835934,
  -0.37475740247615724, 0.0]
- [0.0, 0.0, 1.0, -0.21063861754413782, -0.9775639993366646, 0.0, 0.9775639993366646,
  -0.21063861754413782, 0.0]
- [0.0, 0.0, 1.0, -0.11014180080924275, -0.9939158836211932, 0.0, 0.9939158836211932,
  -0.11014180080924275, 0.0]
- [0.0, 0.0, 1.0, 0.0709764967808964, -0.9974779881805469, 0.0, 0.9974779881805469,
  0.0709764967808964, 0.0]
- [0.0, 0.0, 1.0, 0.19905099195690315, -0.9799891339198474, 0.0, 0.9799891339198474,
  0.19905099195690315, 0.0]
- [0.0, 0.0, 1.0, 0.3748560860544772, -0.9270830139463879, 0.0, 0.9270830139463879,
  0.3748560860544772, 0.0]
- [0.0, 0.0, 1.0, 0.4836121983376095, -0.8752823782180609, 0.0, 0.8752823782180609,
  0.4836121983376095, 0.0]
- [0.0, 0.0, 1.0, 0.600756001442483, -0.7994324403793226, 0.0, 0.7994324403793226,
  0.600756001442483, 0.0]
- [0.0, 0.0, 1.0, 0.6950313751797336, -0.7189794068787844, 0.0, 0.7189794068787844,
  0.6950313751797336, 0.0]
- [0.0, 0.0, 1.0, 0.7672743212379847, -0.6413190438220198, 0.0, 0.6413190438220198,
  0.7672743212379847, 0.0]
- [0.0, 0.0, 1.0, 0.8280752637554356, -0.5606169436936114, 0.0, 0.5606169436936114,
  0.8280752637554356, 0.0]
- [0.0, 0.0, 1.0, 0.873504689055205, -0.48681573331042816, 0.0, 0.48681573331042816,
  0.873504689055205, 0.0]
- [0.0, 0.0, 1.0, 0.9083817898947902, -0.41814175083043, 0.0, 0.41814175083043, 0.9083817898947902,
  0.0]
- [0.0, 0.0, 1.0, 0.9332018473665522, -0.35935262914253785, 0.0, 0.35935262914253785,
  0.9332018473665522, 0.0]
- [0.0, 0.0, 1.0, 0.9513179953834144, -0.3082110829604961, 0.0, 0.3082110829604961,
  0.9513179953834144, 0.0]
- [0.0, 0.0, 1.0, 0.9659179970204067, -0.25884826256338966, 0.0, 0.25884826256338966,
  0.9659179970204067, 0.0]
- [0.0, 0.0, 1.0, 0.9795869310809902, -0.20102100501024073, 0.0, 0.20102100501024073,
  0.9795869310809902, 0.0]
- [0.0, 0.0, 1.0, 0.9836306343366177, -0.18019649051672212, 0.0, 0.18019649051672212,
  0.9836306343366177, 0.0]
- [0.0, 0.0, 1.0, 0.9901210587096977, -0.1402151528886503, 0.0, 0.1402151528886503,
  0.9901210587096977, 0.0]
- [0.0, 0.0, 1.0, 0.9940681302396628, -0.10875914877296927, 0.0, 0.10875914877296927,
  0.9940681302396628, 0.0]
- [0.0, 0.0, 1.0, 0.9973525456493647, -0.07271794611188902, 0.0, 0.07271794611188902,
  0.9973525456493647, 0.0]
- [0.0, 0.0, 1.0, 0.9996497034422951, -0.026466401488136646, 0.0, 0.026466401488136646,
  0.9996497034422951, 0.0]
- [0.0, 0.0, 1.0, 0.9999609816234408, -0.00883375518591928, 0.0, 0.00883375518591928,
  0.9999609816234408, 0.0]
- [0.0, 0.0, 1.0, 0.9989023111094385, 0.04684199889226104, 0.0, -0.04684199889226104,
  0.9989023111094385, 0.0]
- [0.0, 0.0, 1.0, 0.9982526935022685, 0.0590894230422502, 0.0, -0.0590894230422502,
  0.9982526935022685, 0.0]
- [0.0, 0.0, 1.0, 0.9948315296486225, 0.1015392910009792, 0.0, -0.1015392910009792,
  0.9948315296486225, 0.0]
- [0.0, 0.0, 1.0, 0.9911272505861154, 0.1329164141316172, 0.0, -0.1329164141316172,
  0.9911272505861154, 0.0]
- [0.0, 0.0, 1.0, 0.9873857073327958, 0.15833339810322553, 0.0, -0.15833339810322553,
  0.9873857073327958, 0.0]
- [0.0, 0.0, 1.0, 0.9798772520723483, 0.1996010292336778, 0.0, -0.1996010292336778,
  0.9798772520723483, 0.0]
- [0.0, 0.0, 1.0, 0.977070982940645, 0.2129138189394984, 0.0, -0.2129138189394984,
  0.977070982940645, 0.0]
- [0.0, 0.0, 1.0, 0.9660347817494339, 0.2584120748926483, 0.0, -0.2584120748926483,
  0.9660347817494339, 0.0]
- [0.0, 0.0, 1.0, 0.9633258595536838, 0.26833428464353276, 0.0, -0.26833428464353276,
  0.9633258595536838, 0.0]
- [0.0, 0.0, 1.0, 0.9537963520239534, 0.30045385480269504, 0.0, -0.30045385480269504,
  0.9537963520239534, 0.0]
- [0.0, 0.0, 1.0, 0.9501005195510233, 0.31194390961978385, 0.0, -0.31194390961978385,
  0.9501005195510233, 0.0]
- [0.0, 0.0, 1.0, 0.9426178387793267, 0.3338736437860759, 0.0, -0.3338736437860759,
  0.9426178387793267, 0.0]
- [0.0, 0.0, 1.0, 0.9382560348147785, 0.34594163255330956, 0.0, -0.34594163255330956,
  0.9382560348147785, 0.0]
- [0.0, 0.0, 1.0, 0.9324645741578181, 0.36126142603477457, 0.0, -0.36126142603477457,
  0.9324645741578181, 0.0]
- [0.0, 0.0, 1.0, 0.9284337204971266, 0.37149808430712433, 0.0, -0.37149808430712433,
  0.9284337204971266, 0.0]
- [0.0, 0.0, 1.0, 0.924674417580098, 0.3807587444470669, 0.0, -0.3807587444470669,
  0.924674417580098, 0.0]
- [0.0, 0.0, 1.0, 0.921970043675053, 0.3872612019888137, 0.0, -0.3872612019888137,
  0.921970043675053, 0.0]
- [0.0, 0.0, 1.0, 0.9200667255897466, 0.39176168835474706, 0.0, -0.39176168835474706,
  0.9200667255897466, 0.0]
- [0.0, 0.0, 1.0, 0.919972358919858, 0.39198323793681766, 0.0, -0.39198323793681766,
  0.919972358919858, 0.0]
- [0.0, 0.0, 1.0, 0.9200077508904657, 0.39190016369155417, 0.0, -0.39190016369155417,
  0.9200077508904657, 0.0]
- [0.0, 0.0, 1.0, 0.9231054530671338, 0.3845469054845218, 0.0, -0.3845469054845218,
  0.9231054530671338, 0.0]
- [0.0, 0.0, 1.0, 0.9251012856401607, 0.37972043835817143, 0.0, -0.37972043835817143,
  0.9251012856401607, 0.0]
- [0.0, 0.0, 1.0, 0.9320967155176229, 0.3622094876190565, 0.0, -0.3622094876190565,
  0.9320967155176229, 0.0]
- [0.0, 0.0, 1.0, 0.9352205523677865, 0.35406569789926334, 0.0, -0.35406569789926334,
  0.9352205523677865, 0.0]
- [0.0, 0.0, 1.0, 0.946152617414295, 0.3237209053491581, 0.0, -0.3237209053491581,
  0.946152617414295, 0.0]
- [0.0, 0.0, 1.0, 0.9499194168377807, 0.3124949623827095, 0.0, -0.3124949623827095,
  0.9499194168377807, 0.0]
- [0.0, 0.0, 1.0, 0.9614178027284751, 0.27509236375579565, 0.0, -0.27509236375579565,
  0.9614178027284751, 0.0]
- [0.0, 0.0, 1.0, 0.9676465691848363, 0.25230956609850536, 0.0, -0.25230956609850536,
  0.9676465691848363, 0.0]
- [0.0, 0.0, 1.0, 0.974359446808289, 0.22499704090375255, 0.0, -0.22499704090375255,
  0.974359446808289, 0.0]
- [0.0, 0.0, 1.0, 0.9846943263677755, 0.17429022812284384, 0.0, -0.17429022812284384,
  0.9846943263677755, 0.0]
- [0.0, 0.0, 1.0, 0.9922412993658517, 0.12432700363463349, 0.0, -0.12432700363463349,
  0.9922412993658517, 0.0]
- [0.0, 0.0, 1.0, 0.9969277172435048, 0.07832704891449878, 0.0, -0.07832704891449878,
  0.9969277172435048, 0.0]
- [0.0, 0.0, 1.0, 0.9994101213998048, 0.034342528206691, 0.0, -0.034342528206691,
  0.9994101213998048, 0.0]
- [0.0, 0.0, 1.0, 0.9997539747525394, -0.02218084683908491, 0.0, 0.02218084683908491,
  0.9997539747525394, 0.0]
- [0.0, 0.0, 1.0, 0.9963035455159792, -0.0859025330958834, 0.0, 0.0859025330958834,
  0.9963035455159792, 0.0]
- [0.0, 0.0, 1.0, 0.9850326063810423, -0.17236810716072423, 0.0, 0.17236810716072423,
  0.9850326063810423, 0.0]
- [0.0, 0.0, 1.0, 0.9644981185563672, -0.26408971828003375, 0.0, 0.26408971828003375,
  0.9644981185563672, 0.0]
- [0.0, 0.0, 1.0, -0.0030801431568074716, 0.9999952563478156, 0.0, -0.9999952563478156,
  -0.0030801431568074716, 0.0]
- [0.0, 0.0, 1.0, 0.15498411065393783, 0.9879169628287632, 0.0, -0.9879169628287632,
  0.15498411065393783, 0.0]
- [0.0, 0.0, 1.0, 0.1549841106539376, 0.9879169628287632, 0.0, -0.9879169628287632,
  0.1549841106539376, 0.0]
- [0.0, 0.0, 1.0, 0.15498411065393797, 0.9879169628287632, 0.0, -0.9879169628287632,
  0.15498411065393797, 0.0]
- [0.0, 0.0, 1.0, 0.15498411065393772, 0.9879169628287632, 0.0, -0.9879169628287632,
  0.15498411065393772, 0.0]
- [0.0, 0.0, 1.0, 0.15498411065393783, 0.9879169628287632, 0.0, -0.9879169628287632,
  0.15498411065393783, 0.0]
- [0.0, 0.0, 1.0, 0.1549841106539256, 0.9879169628287652, 0.0, -0.9879169628287652,
  0.1549841106539256, 0.0]
- [0.0, 0.0, 1.0, 0.15498411065393783, 0.9879169628287632, 0.0, -0.9879169628287632,
  0.15498411065393783, 0.0]
- [0.0, 0.0, 1.0, 0.1549841106539376, 0.9879169628287632, 0.0, -0.9879169628287632,
  0.1549841106539376, 0.0]
- [0.0, 0.0, 1.0, 0.15498411065393783, 0.9879169628287632, 0.0, -0.9879169628287632,
  0.15498411065393783, 0.0]
- [0.0, 0.0, 1.0, 0.15498411065393783, 0.9879169628287632, 0.0, -0.9879169628287632,
  0.15498411065393783, 0.0]
- [0.0, 0.0, 1.0, 0.15498411065393783, 0.9879169628287632, 0.0, -0.9879169628287632,
  0.15498411065393783, 0.0]
- [0.0, 0.0, 1.0, 0.15498411065393783, 0.9879169628287632, 0.0, -0.9879169628287632,
  0.15498411065393783, 0.0]
- [0.0, 0.0, 1.0, 0.1549841106539376, 0.9879169628287632, 0.0, -0.9879169628287632,
  0.1549841106539376, 0.0]
- [0.0, 0.0, 1.0, 0.15498411065393808, 0.9879169628287632, 0.0, -0.9879169628287632,
  0.15498411065393808, 0.0]
- [0.0, 0.0, 1.0, 0.15498411065393736, 0.9879169628287633, 0.0, -0.9879169628287633,
  0.15498411065393736, 0.0]
- [0.0, 0.0, 1.0, 0.15498411065393783, 0.9879169628287632, 0.0, -0.9879169628287632,
  0.15498411065393783, 0.0]
- [0.0, 0.0, 1.0, 0.15498411065392606, 0.9879169628287651, 0.0, -0.9879169628287651,
  0.15498411065392606, 0.0]
- [0.0, 0.0, 1.0, 0.15498411065393736, 0.9879169628287633, 0.0, -0.9879169628287633,
  0.15498411065393736, 0.0]
- [0.0, 0.0, 1.0, 0.15498411065393783, 0.9879169628287632, 0.0, -0.9879169628287632,
  0.15498411065393783, 0.0]
- [0.0, 0.0, 1.0, 0.15498411065393783, 0.9879169628287632, 0.0, -0.9879169628287632,
  0.15498411065393783, 0.0]
- [0.0, 0.0, 1.0, 0.15498411065393783, 0.9879169628287632, 0.0, -0.9879169628287632,
  0.15498411065393783, 0.0]
- [0.0, 0.0, 1.0, 0.15498411065393783, 0.9879169628287632, 0.0, -0.9879169628287632,
  0.15498411065393783, 0.0]
- [0.0, 0.0, 1.0, 0.15967685206940546, 0.9871693385195901, 0.0, -0.9871693385195901,
  0.15967685206940546, 0.0]
- [0.0, 0.0, 1.0, 0.15967685206940546, 0.9871693385195901, 0.0, -0.9871693385195901,
  0.15967685206940546, 0.0]
- [0.0, 0.0, 1.0, 0.15967685206940546, 0.9871693385195901, 0.0, -0.9871693385195901,
  0.15967685206940546, 0.0]
- [0.0, 0.0, 1.0, 0.15967685206940546, 0.9871693385195901, 0.0, -0.9871693385195901,
  0.15967685206940546, 0.0]
- [0.0, 0.0, 1.0, 0.15967685206940546, 0.9871693385195901, 0.0, -0.9871693385195901,
  0.15967685206940546, 0.0]
- [0.0, 0.0, 1.0, 0.15967685206940546, 0.9871693385195901, 0.0, -0.9871693385195901,
  0.15967685206940546, 0.0]
- [0.0, 0.0, 1.0, 0.15967685206940546, 0.9871693385195901, 0.0, -0.9871693385195901,
  0.15967685206940546, 0.0]
- [0.0, 0.0, 1.0, 0.15967685206940546, 0.9871693385195901, 0.0, -0.9871693385195901,
  0.15967685206940546, 0.0]
- [0.0, 0.0, 1.0, 0.1596768520694057, 0.9871693385195901, 0.0, -0.9871693385195901,
  0.1596768520694057, 0.0]
- [0.0, 0.0, 1.0, 0.15967685206940524, 0.9871693385195903, 0.0, -0.9871693385195903,
  0.15967685206940524, 0.0]
- [0.0, 0.0, 1.0, 0.15967685206940546, 0.9871693385195901, 0.0, -0.9871693385195901,
  0.15967685206940546, 0.0]
- [0.0, 0.0, 1.0, 0.15967685206940546, 0.9871693385195901, 0.0, -0.9871693385195901,
  0.15967685206940546, 0.0]
- [0.0, 0.0, 1.0, 0.15967685206940546, 0.9871693385195901, 0.0, -0.9871693385195901,
  0.15967685206940546, 0.0]
- [0.0, 0.0, 1.0, 0.15967685206940546, 0.9871693385195901, 0.0, -0.9871693385195901,
  0.15967685206940546, 0.0]
- [0.0, 0.0, 1.0, 0.15967685206940546, 0.9871693385195901, 0.0, -0.9871693385195901,
  0.15967685206940546, 0.0]
- [0.0, 0.0, 1.0, 0.15967685206940546, 0.9871693385195901, 0.0, -0.9871693385195901,
  0.15967685206940546, 0.0]
- [0.0, 0.0, 1.0, 0.15967685206940546, 0.9871693385195901, 0.0, -0.9871693385195901,
  0.15967685206940546, 0.0]
- [0.0, 0.0, 1.0, 0.15967685206940596, 0.9871693385195901, 0.0, -0.9871693385195901,
  0.15967685206940596, 0.0]
- [0.0, 0.0, 1.0, 0.159676852069405, 0.9871693385195901, 0.0, -0.9871693385195901,
  0.159676852069405, 0.0]
- [0.0, 0.0, 1.0, 0.15967685206940846, 0.9871693385195897, 0.0, -0.9871693385195897,
  0.15967685206940846, 0.0]
- [0.0, 0.0, 1.0, 0.15967685206940252, 0.9871693385195907, 0.0, -0.9871693385195907,
  0.15967685206940252, 0.0]
- [0.0, 0.0, 1.0, 0.15967685206940846, 0.9871693385195897, 0.0, -0.9871693385195897,
  0.15967685206940846, 0.0]
- [0.0, 0.0, 1.0, 0.15967685206940546, 0.9871693385195901, 0.0, -0.9871693385195901,
  0.15967685206940546, 0.0]
- [0.0, 0.0, 1.0, 0.15967685206940546, 0.9871693385195901, 0.0, -0.9871693385195901,
  0.15967685206940546, 0.0]
- [0.0, 0.0, 1.0, 0.15967685206940546, 0.9871693385195901, 0.0, -0.9871693385195901,
  0.15967685206940546, 0.0]
- [0.0, 0.0, 1.0, 0.15967685206940546, 0.9871693385195901, 0.0, -0.9871693385195901,
  0.15967685206940546, 0.0]
- [0.0, 0.0, 1.0, 0.15967685206940596, 0.9871693385195901, 0.0, -0.9871693385195901,
  0.15967685206940596, 0.0]
- [0.0, 0.0, 1.0, 0.159676852069405, 0.9871693385195901, 0.0, -0.9871693385195901,
  0.159676852069405, 0.0]
- [0.0, 0.0, 1.0, 0.15967685206940546, 0.9871693385195901, 0.0, -0.9871693385195901,
  0.15967685206940546, 0.0]
- [0.0, 0.0, 1.0, 0.15967685206940546, 0.9871693385195901, 0.0, -0.9871693385195901,
  0.15967685206940546, 0.0]
- [0.0, 0.0, 1.0, 0.15967685206940546, 0.9871693385195901, 0.0, -0.9871693385195901,
  0.15967685206940546, 0.0]
- [0.0, 0.0, 1.0, 0.15967685206940546, 0.9871693385195901, 0.0, -0.9871693385195901,
  0.15967685206940546, 0.0]
- [0.0, 0.0, 1.0, 0.15967685206940546, 0.9871693385195901, 0.0, -0.9871693385195901,
  0.15967685206940546, 0.0]
- [0.0, 0.0, 1.0, 0.15967685206940546, 0.9871693385195901, 0.0, -0.9871693385195901,
  0.15967685206940546, 0.0]
- [0.0, 0.0, 1.0, 0.159676852069405, 0.9871693385195901, 0.0, -0.9871693385195901,
  0.159676852069405, 0.0]
- [0.0, 0.0, 1.0, 0.159439587172138, 0.9872076873902362, 0.0, -0.9872076873902362,
  0.159439587172138, 0.0]
- [0.0, 0.0, 1.0, 0.15943958717214396, 0.9872076873902352, 0.0, -0.9872076873902352,
  0.15943958717214396, 0.0]
- [0.0, 0.0, 1.0, 0.159439587172138, 0.9872076873902362, 0.0, -0.9872076873902362,
  0.159439587172138, 0.0]
- [0.0, 0.0, 1.0, 0.15943958717214443, 0.987207687390235, 0.0, -0.987207687390235,
  0.15943958717214443, 0.0]
- [0.0, 0.0, 1.0, 0.159439587172138, 0.9872076873902362, 0.0, -0.9872076873902362,
  0.159439587172138, 0.0]
- [0.0, 0.0, 1.0, 0.15943958717214396, 0.9872076873902352, 0.0, -0.9872076873902352,
  0.15943958717214396, 0.0]
- [0.0, 0.0, 1.0, 0.15943958717213821, 0.987207687390236, 0.0, -0.987207687390236,
  0.15943958717213821, 0.0]
- [0.0, 0.0, 1.0, 0.159439587172138, 0.9872076873902362, 0.0, -0.9872076873902362,
  0.159439587172138, 0.0]
- [0.0, 0.0, 1.0, 0.1594395871721442, 0.9872076873902352, 0.0, -0.9872076873902352,
  0.1594395871721442, 0.0]
- [0.0, 0.0, 1.0, 0.159439587172138, 0.9872076873902362, 0.0, -0.9872076873902362,
  0.159439587172138, 0.0]
- [0.0, 0.0, 1.0, 0.15943958717214396, 0.9872076873902352, 0.0, -0.9872076873902352,
  0.15943958717214396, 0.0]
- [0.0, 0.0, 1.0, 0.159439587172138, 0.9872076873902362, 0.0, -0.9872076873902362,
  0.159439587172138, 0.0]
- [0.0, 0.0, 1.0, 0.15943958717214396, 0.9872076873902352, 0.0, -0.9872076873902352,
  0.15943958717214396, 0.0]
- [0.0, 0.0, 1.0, 0.1594395871721385, 0.9872076873902361, 0.0, -0.9872076873902361,
  0.1594395871721385, 0.0]
- [0.0, 0.0, 1.0, 0.159439587172138, 0.9872076873902362, 0.0, -0.9872076873902362,
  0.159439587172138, 0.0]
- [0.0, 0.0, 1.0, 0.15943958717214396, 0.9872076873902352, 0.0, -0.9872076873902352,
  0.15943958717214396, 0.0]
- [0.0, 0.0, 1.0, 0.159439587172138, 0.9872076873902362, 0.0, -0.9872076873902362,
  0.159439587172138, 0.0]
- [0.0, 0.0, 1.0, 0.15943958717214443, 0.987207687390235, 0.0, -0.987207687390235,
  0.15943958717214443, 0.0]
- [0.0, 0.0, 1.0, 0.159439587172138, 0.9872076873902362, 0.0, -0.9872076873902362,
  0.159439587172138, 0.0]
- [0.0, 0.0, 1.0, 0.15943958717214396, 0.9872076873902352, 0.0, -0.9872076873902352,
  0.15943958717214396, 0.0]
- [0.0, 0.0, 1.0, 0.159439587172138, 0.9872076873902362, 0.0, -0.9872076873902362,
  0.159439587172138, 0.0]
- [0.0, 0.0, 1.0, 0.159439587172138, 0.9872076873902362, 0.0, -0.9872076873902362,
  0.159439587172138, 0.0]
- [0.0, 0.0, 1.0, 0.15943958717214396, 0.9872076873902352, 0.0, -0.9872076873902352,
  0.15943958717214396, 0.0]
- [0.0, 0.0, 1.0, 0.159439587172138, 0.9872076873902362, 0.0, -0.9872076873902362,
  0.159439587172138, 0.0]
- [0.0, 0.0, 1.0, 0.15943958717214396, 0.9872076873902352, 0.0, -0.9872076873902352,
  0.15943958717214396, 0.0]
- [0.0, 0.0, 1.0, 0.159439587172138, 0.9872076873902362, 0.0, -0.9872076873902362,
  0.159439587172138, 0.0]
- [0.0, 0.0, 1.0, 0.1594395871721385, 0.9872076873902361, 0.0, -0.9872076873902361,
  0.1594395871721385, 0.0]
- [0.0, 0.0, 1.0, 0.15943958717214443, 0.987207687390235, 0.0, -0.987207687390235,
  0.15943958717214443, 0.0]
- [0.0, 0.0, 1.0, 0.159439587172138, 0.9872076873902362, 0.0, -0.9872076873902362,
  0.159439587172138, 0.0]
- [0.0, 0.0, 1.0, 0.15943958717214396, 0.9872076873902352, 0.0, -0.9872076873902352,
  0.15943958717214396, 0.0]
- [0.0, 0.0, 1.0, 0.159439587172138, 0.9872076873902362, 0.0, -0.9872076873902362,
  0.159439587172138, 0.0]
- [0.0, 0.0, 1.0, 0.15943958717214396, 0.9872076873902352, 0.0, -0.9872076873902352,
  0.15943958717214396, 0.0]
- [0.0, 0.0, 1.0, 0.159439587172138, 0.9872076873902362, 0.0, -0.9872076873902362,
  0.159439587172138, 0.0]
- [0.0, 0.0, 1.0, 0.15943958717214396, 0.9872076873902352, 0.0, -0.9872076873902352,
  0.15943958717214396, 0.0]
- [0.0, 0.0, 1.0, 0.15943958717213752, 0.9872076873902362, 0.0, -0.9872076873902362,
  0.15943958717213752, 0.0]
materials:
- name: gelcoat
  density: 1235.0
  elastic:
    E:
    - 3440000000.0
    - 3440000000.0
    - 3440000000.0
    G:
    - 1323000000.0
    - 1323000000.0
    - 1323000000.0
    nu:
    - 0.3
    - 0.3
    - 0.3
- name: glass_triax
  density: 1940.0
  elastic:
    E:
    - 28211400000.0
    - 16238800000.0
    - 15835500000.0
    G:
    - 8248220000.0
    - 3491240000.0
    - 3491240000.0
    nu:
    - 0.497511
    - 0.18091
    - 0.27481
- name: glass_uniax
  density: 1940.0
  elastic:
    E:
    - 43700000000.0
    - 16500000000.0
    - 15450000000.0
    G:
    - 3265000000.0
    - 3495000000.0
    - 3480000000.0
    nu:
    - 0.262
    - 0.264
    - 0.35
- name: medium_density_foam
  density: 130.0
  elastic:
    E:
    - 142500000.0
    - 142500000.0
    - 142500000.0
    G:
    - 54000000.0
    - 54000000.0
    - 54000000.0
    nu:
    - 0.3194
    - 0.3194
    - 0.3194
- name: carbon_uniax
  density: 1600.0
  elastic:
    E:
    - 140000000000.0
    - 9100000000.0
    - 9100000000.0
    G:
    - 4131000000.0
    - 4131000000.0
    - 2689000000.0
    nu:
    - 0.3133
    - 0.3133
    - 0.47066
- name: glass_biax
  density: 1940.0
  elastic:
    E:
    - 11023100000.0
    - 11023100000.0
    - 16047700000.0
    G:
    - 13231400000.0
    - 3487480000.0
    - 3487480000.0
    nu:
    - 0.688074
    - 0.117173
    - 0.117173
