nodes:
- [7.19250628 0.10112440 0.00000000]
- [7.05487354 0.13951060 0.00000000]
- [6.91191818 0.18048060 0.00000000]
- [6.76874864 0.22078953 0.00000000]
- [6.62549045 0.26090901 0.00000000]
- [6.48231084 0.30136333 0.00000000]
- [6.33737777 0.33563524 0.00000000]
- [6.19974253 0.36795119 0.00000000]
- [6.06396221 0.40676560 0.00000000]
- [5.92820735 0.44564204 0.00000000]
- [5.79245938 0.48450660 0.00000000]
- [5.65670600 0.52331635 0.00000000]
- [5.52091857 0.56200047 0.00000000]
- [5.38512320 0.60060898 0.00000000]
- [5.24925259 0.63893750 0.00000000]
- [5.11335743 0.67714598 0.00000000]
- [4.97736447 0.71496898 0.00000000]
- [4.84130685 0.75255978 0.00000000]
- [4.70516051 0.78976901 0.00000000]
- [4.56890273 0.82655931 0.00000000]
- [4.42913103 0.86386060 0.00000000]
- [4.28916301 0.90042172 0.00000000]
- [4.14912487 0.93658447 0.00000000]
- [4.00879204 0.97160687 0.00000000]
- [3.86842156 1.00629668 0.00000000]
- [3.72765063 1.03930179 0.00000000]
- [3.58682438 1.07192183 0.00000000]
- [3.44556113 1.10243559 0.00000000]
- [3.30413798 1.13215222 0.00000000]
- [3.16233405 1.15967906 0.00000000]
- [3.02022756 1.18561532 0.00000000]
- [2.87785003 1.20949618 0.00000000]
- [2.73478366 1.22903998 0.00000000]
- [2.63779493 1.24070145 0.00000000]
- [2.50677260 1.25611342 0.00000000]
- [2.37561832 1.26938061 0.00000000]
- [2.24414546 1.27905186 0.00000000]
- [2.11266287 1.28677917 0.00000000]
- [1.98100928 1.28956600 0.00000000]
- [1.84939772 1.29022624 0.00000000]
- [1.75475567 1.28825802 0.00000000]
- [1.61532601 1.28225531 0.00000000]
- [1.47682553 1.26835431 0.00000000]
- [1.33924631 1.24733614 0.00000000]
- [1.20276425 1.22052531 0.00000000]
- [1.06832882 1.18599056 0.00000000]
- [0.93691524 1.14164634 0.00000000]
- [0.80858963 1.08906830 0.00000000]
- [0.68451421 1.02765375 0.00000000]
- [0.56599656 0.95649227 0.00000000]
- [0.45463779 0.87507798 0.00000000]
- [0.35339807 0.78154498 0.00000000]
- [0.26210349 0.67838589 0.00000000]
- [0.18327062 0.56566419 0.00000000]
- [0.11838634 0.44456800 0.00000000]
- [0.06227258 0.31893559 0.00000000]
- [0.02667790 0.17694530 0.00000000]
- [0.01048084 0.03094688 0.00000000]
- [0.02091605 -0.11550643 0.00000000]
- [0.05481720 -0.25785648 0.00000000]
- [0.11220749 -0.38660305 0.00000000]
- [0.18018362 -0.50963415 0.00000000]
- [0.26473574 -0.62213525 0.00000000]
- [0.36283377 -0.72360188 0.00000000]
- [0.47137299 -0.81432071 0.00000000]
- [0.58871769 -0.89375817 0.00000000]
- [0.71274296 -0.96287560 0.00000000]
- [0.84194463 -1.02234510 0.00000000]
- [0.97487776 -1.07353197 0.00000000]
- [1.11054826 -1.11748635 0.00000000]
- [1.24831610 -1.15440682 0.00000000]
- [1.38854516 -1.18251599 0.00000000]
- [1.44480665 -1.19216630 0.00000000]
- [1.57542838 -1.21066182 0.00000000]
- [1.70665417 -1.22501963 0.00000000]
- [1.83817800 -1.23461091 0.00000000]
- [1.97020915 -1.23810269 0.00000000]
- [2.10218545 -1.23927441 0.00000000]
- [2.23406501 -1.23308408 0.00000000]
- [2.36568250 -1.22594533 0.00000000]
- [2.51063159 -1.21180014 0.00000000]
- [2.65513738 -1.19242061 0.00000000]
- [2.79900216 -1.16935315 0.00000000]
- [2.94189073 -1.14024364 0.00000000]
- [3.08433349 -1.10920786 0.00000000]
- [3.22520073 -1.07152204 0.00000000]
- [3.36581525 -1.03235592 0.00000000]
- [3.50502846 -0.98850061 0.00000000]
- [3.64380352 -0.94293777 0.00000000]
- [3.78148978 -0.89416877 0.00000000]
- [3.91860199 -0.84361474 0.00000000]
- [4.05489833 -0.79080963 0.00000000]
- [4.19066812 -0.73648345 0.00000000]
- [4.32593647 -0.68078308 0.00000000]
- [4.45473348 -0.62668356 0.00000000]
- [4.58333887 -0.57192372 0.00000000]
- [4.71198403 -0.51711039 0.00000000]
- [4.84072168 -0.46227152 0.00000000]
- [4.96994559 -0.40843940 0.00000000]
- [5.09956751 -0.35523500 0.00000000]
- [5.23020120 -0.30447063 0.00000000]
- [5.36142407 -0.25479288 0.00000000]
- [5.49420438 -0.20936099 0.00000000]
- [5.62758638 -0.16548514 0.00000000]
- [5.76272615 -0.12681538 0.00000000]
- [5.89858628 -0.09139092 0.00000000]
- [6.03573957 -0.05972350 0.00000000]
- [6.17440913 -0.03517619 0.00000000]
- [6.31453581 -0.02209634 0.00000000]
- [6.46392441 -0.01481670 0.00000000]
- [6.61316231 -0.00968824 0.00000000]
- [6.76245913 -0.01300130 0.00000000]
- [6.91136785 -0.02584328 0.00000000]
- [7.05866433 -0.05161801 0.00000000]
- [7.19436960 -0.09144945 0.00000000]
- [4.33750629 -0.60900487 0.00000000]
- [4.34907611 -0.53722666 0.00000000]
- [4.36064594 -0.46544845 0.00000000]
- [4.37221576 -0.39367024 0.00000000]
- [4.38378558 -0.32189204 0.00000000]
- [4.39535540 -0.25011383 0.00000000]
- [4.40692522 -0.17833562 0.00000000]
- [4.41849504 -0.10655741 0.00000000]
- [4.43006487 -0.03477920 0.00000000]
- [4.44163469 0.03699901 0.00000000]
- [4.45320451 0.10877722 0.00000000]
- [4.46477433 0.18055543 0.00000000]
- [4.47634415 0.25233364 0.00000000]
- [4.48791398 0.32411185 0.00000000]
- [4.49948380 0.39589006 0.00000000]
- [4.51105362 0.46766827 0.00000000]
- [4.52262344 0.53944648 0.00000000]
- [4.53419326 0.61122469 0.00000000]
- [4.54576309 0.68300290 0.00000000]
- [4.55733291 0.75478111 0.00000000]
- [1.45636640 -1.12124079 0.00000000]
- [1.46792614 -1.05031529 0.00000000]
- [1.47948589 -0.97938979 0.00000000]
- [1.49104563 -0.90846429 0.00000000]
- [1.50260538 -0.83753879 0.00000000]
- [1.51416512 -0.76661329 0.00000000]
- [1.52572487 -0.69568779 0.00000000]
- [1.53728461 -0.62476229 0.00000000]
- [1.54884436 -0.55383679 0.00000000]
- [1.56040410 -0.48291129 0.00000000]
- [1.57196385 -0.41198579 0.00000000]
- [1.58352359 -0.34106028 0.00000000]
- [1.59508334 -0.27013478 0.00000000]
- [1.60664308 -0.19920928 0.00000000]
- [1.61820283 -0.12828378 0.00000000]
- [1.62976257 -0.05735828 0.00000000]
- [1.64132231 0.01356722 0.00000000]
- [1.65288206 0.08449272 0.00000000]
- [1.66444180 0.15541822 0.00000000]
- [1.67600155 0.22634372 0.00000000]
- [1.68756129 0.29726922 0.00000000]
- [1.69912104 0.36819472 0.00000000]
- [1.71068078 0.43912023 0.00000000]
- [1.72224053 0.51004573 0.00000000]
- [1.73380027 0.58097123 0.00000000]
- [1.74536002 0.65189673 0.00000000]
- [1.75691976 0.72282223 0.00000000]
- [1.76847951 0.79374773 0.00000000]
- [1.78003925 0.86467323 0.00000000]
- [1.79159900 0.93559873 0.00000000]
- [1.80315874 1.00652423 0.00000000]
- [1.81471848 1.07744973 0.00000000]
- [1.82627823 1.14837523 0.00000000]
- [1.83783797 1.21930074 0.00000000]
- [2.24560015 -1.16240450 0.00000000]
- [2.25713529 -1.09172491 0.00000000]
- [2.26867043 -1.02104532 0.00000000]
- [2.28020557 -0.95036574 0.00000000]
- [2.29174071 -0.87968615 0.00000000]
- [2.30327585 -0.80900656 0.00000000]
- [2.31481099 -0.73832698 0.00000000]
- [2.32634614 -0.66764739 0.00000000]
- [2.33788128 -0.59696780 0.00000000]
- [2.34941642 -0.52628822 0.00000000]
- [2.36095156 -0.45560863 0.00000000]
- [2.37248670 -0.38492904 0.00000000]
- [2.38402184 -0.31424946 0.00000000]
- [2.39555698 -0.24356987 0.00000000]
- [2.40709212 -0.17289028 0.00000000]
- [2.41862726 -0.10221070 0.00000000]
- [2.43016240 -0.03153111 0.00000000]
- [2.44169754 0.03914848 0.00000000]
- [2.45323268 0.10982806 0.00000000]
- [2.46476782 0.18050765 0.00000000]
- [2.47630296 0.25118724 0.00000000]
- [2.48783810 0.32186682 0.00000000]
- [2.49937324 0.39254641 0.00000000]
- [2.51090839 0.46322600 0.00000000]
- [2.52244353 0.53390558 0.00000000]
- [2.53397867 0.60458517 0.00000000]
- [2.54551381 0.67526476 0.00000000]
- [2.55704895 0.74594434 0.00000000]
- [2.56858409 0.81662393 0.00000000]
- [2.58011923 0.88730352 0.00000000]
- [2.59165437 0.95798310 0.00000000]
- [2.60318951 1.02866269 0.00000000]
- [2.61472465 1.09934228 0.00000000]
- [2.62625979 1.17002186 0.00000000]
elements:
- [1 2]
- [2 3]
- [3 4]
- [4 5]
- [5 6]
- [6 7]
- [7 8]
- [8 9]
- [9 10]
- [10 11]
- [11 12]
- [12 13]
- [13 14]
- [14 15]
- [15 16]
- [16 17]
- [17 18]
- [18 19]
- [19 20]
- [20 21]
- [21 22]
- [22 23]
- [23 24]
- [24 25]
- [25 26]
- [26 27]
- [27 28]
- [28 29]
- [29 30]
- [30 31]
- [31 32]
- [32 33]
- [33 34]
- [34 35]
- [35 36]
- [36 37]
- [37 38]
- [38 39]
- [39 40]
- [40 41]
- [41 42]
- [42 43]
- [43 44]
- [44 45]
- [45 46]
- [46 47]
- [47 48]
- [48 49]
- [49 50]
- [50 51]
- [51 52]
- [52 53]
- [53 54]
- [54 55]
- [55 56]
- [56 57]
- [57 58]
- [58 59]
- [59 60]
- [60 61]
- [61 62]
- [62 63]
- [63 64]
- [64 65]
- [65 66]
- [66 67]
- [67 68]
- [68 69]
- [69 70]
- [70 71]
- [71 72]
- [72 73]
- [73 74]
- [74 75]
- [75 76]
- [76 77]
- [77 78]
- [78 79]
- [79 80]
- [80 81]
- [81 82]
- [82 83]
- [83 84]
- [84 85]
- [85 86]
- [86 87]
- [87 88]
- [88 89]
- [89 90]
- [90 91]
- [91 92]
- [92 93]
- [93 94]
- [94 95]
- [95 96]
- [96 97]
- [97 98]
- [98 99]
- [99 100]
- [100 101]
- [101 102]
- [102 103]
- [103 104]
- [104 105]
- [105 106]
- [106 107]
- [107 108]
- [108 109]
- [109 110]
- [110 111]
- [111 112]
- [112 113]
- [113 114]
- [114 115]
- [115 1]
- [94 116]
- [116 117]
- [117 118]
- [118 119]
- [119 120]
- [120 121]
- [121 122]
- [122 123]
- [123 124]
- [124 125]
- [125 126]
- [126 127]
- [127 128]
- [128 129]
- [129 130]
- [130 131]
- [131 132]
- [132 133]
- [133 134]
- [134 135]
- [135 20]
- [73 136]
- [136 137]
- [137 138]
- [138 139]
- [139 140]
- [140 141]
- [141 142]
- [142 143]
- [143 144]
- [144 145]
- [145 146]
- [146 147]
- [147 148]
- [148 149]
- [149 150]
- [150 151]
- [151 152]
- [152 153]
- [153 154]
- [154 155]
- [155 156]
- [156 157]
- [157 158]
- [158 159]
- [159 160]
- [160 161]
- [161 162]
- [162 163]
- [163 164]
- [164 165]
- [165 166]
- [166 167]
- [167 168]
- [168 169]
- [169 40]
- [79 170]
- [170 171]
- [171 172]
- [172 173]
- [173 174]
- [174 175]
- [175 176]
- [176 177]
- [177 178]
- [178 179]
- [179 180]
- [180 181]
- [181 182]
- [182 183]
- [183 184]
- [184 185]
- [185 186]
- [186 187]
- [187 188]
- [188 189]
- [189 190]
- [190 191]
- [191 192]
- [192 193]
- [193 194]
- [194 195]
- [195 196]
- [196 197]
- [197 198]
- [198 199]
- [199 200]
- [200 201]
- [201 202]
- [202 203]
- [203 34]
sets:
  element:
  - name: layup_0
    labels:
    - 1
    - 2
    - 3
    - 4
    - 5
    - 6
    - 109
    - 110
    - 111
    - 112
    - 113
    - 114
    - 115
  - name: layup_1
    labels:
    - 7
    - 8
    - 9
    - 10
    - 11
    - 12
    - 13
    - 14
    - 15
    - 16
    - 17
    - 18
    - 19
    - 20
    - 21
    - 22
    - 23
    - 24
    - 25
    - 26
    - 27
    - 28
    - 29
    - 30
    - 31
    - 32
    - 41
    - 42
    - 43
    - 44
    - 45
    - 46
    - 47
    - 48
    - 49
    - 50
    - 51
    - 52
    - 53
    - 54
    - 55
    - 60
    - 61
    - 62
    - 63
    - 64
    - 65
    - 66
    - 67
    - 68
    - 69
    - 70
    - 71
    - 80
    - 81
    - 82
    - 83
    - 84
    - 85
    - 86
    - 87
    - 88
    - 89
    - 90
    - 91
    - 92
    - 93
    - 94
    - 95
    - 96
    - 97
    - 98
    - 99
    - 100
    - 101
    - 102
    - 103
    - 104
    - 105
    - 106
    - 107
    - 108
  - name: layup_2
    labels:
    - 33
    - 34
    - 35
    - 36
    - 37
    - 38
    - 39
    - 40
  - name: layup_3
    labels:
    - 56
    - 57
    - 58
    - 59
  - name: layup_4
    labels:
    - 72
    - 73
    - 74
    - 75
    - 76
    - 77
    - 78
    - 79
  - name: layup_5
    labels:
    - 116
    - 117
    - 118
    - 119
    - 120
    - 121
    - 122
    - 123
    - 124
    - 125
    - 126
    - 127
    - 128
    - 129
    - 130
    - 131
    - 132
    - 133
    - 134
    - 135
    - 136
    - 137
    - 138
    - 139
    - 140
    - 141
    - 142
    - 143
    - 144
    - 145
    - 146
    - 147
    - 148
    - 149
    - 150
    - 151
    - 152
    - 153
    - 154
    - 155
    - 156
    - 157
    - 158
    - 159
    - 160
    - 161
    - 162
    - 163
    - 164
    - 165
    - 166
    - 167
    - 168
    - 169
    - 170
    - 171
    - 172
    - 173
    - 174
    - 175
    - 176
    - 177
    - 178
    - 179
    - 180
    - 181
    - 182
    - 183
    - 184
    - 185
    - 186
    - 187
    - 188
    - 189
    - 190
    - 191
    - 192
    - 193
    - 194
    - 195
    - 196
    - 197
    - 198
    - 199
    - 200
    - 201
    - 202
    - 203
    - 204
    - 205
    - 206
sections:
- type: shell
  elementSet: layup_0
  layup:
  - - gelcoat
    - 0.0003
    - 0.0
  - - glass_triax
    - 0.00180177
    - 0.0
  - - glass_uniax
    - 0.0156568
    - 0.0
  - - glass_triax
    - 0.00180177
    - 0.0
- type: shell
  elementSet: layup_1
  layup:
  - - gelcoat
    - 0.0003
    - 0.0
  - - glass_triax
    - 0.00180177
    - 0.0
  - - medium_density_foam
    - 0.04236489
    - 0.0
  - - glass_triax
    - 0.00180177
    - 0.0
- type: shell
  elementSet: layup_2
  layup:
  - - gelcoat
    - 0.0003
    - 0.0
  - - glass_triax
    - 0.00180177
    - 0.0
  - - carbon_uniax
    - 0.04863595
    - 0.0
  - - glass_triax
    - 0.00180177
    - 0.0
- type: shell
  elementSet: layup_3
  layup:
  - - gelcoat
    - 0.0003
    - 0.0
  - - glass_triax
    - 0.00180177
    - 0.0
  - - glass_uniax
    - 0.0129497
    - 0.0
  - - glass_triax
    - 0.00180177
    - 0.0
- type: shell
  elementSet: layup_4
  layup:
  - - gelcoat
    - 0.0003
    - 0.0
  - - glass_triax
    - 0.00180177
    - 0.0
  - - carbon_uniax
    - 0.04624471
    - 0.0
  - - glass_triax
    - 0.00180177
    - 0.0
- type: shell
  elementSet: layup_5
  layup:
  - - glass_biax
    - 0.0012
    - 0.0
  - - medium_density_foam
    - 0.0252
    - 0.0
  - - glass_biax
    - 0.0012
    - 0.0
elementOrientations:
- [0.0, 0.0, 1.0, -0.9632378470716818, 0.26865005112359686, 0.0, -0.26865005112359686,
  -0.9632378470716818, 0.0]
- [0.0, 0.0, 1.0, -0.9613005100028134, 0.27550195910071296, 0.0, -0.27550195910071296,
  -0.9613005100028134, 0.0]
- [0.0, 0.0, 1.0, -0.9625764297262637, 0.27101036315137356, 0.0, -0.27101036315137356,
  -0.9625764297262637, 0.0]
- [0.0, 0.0, 1.0, -0.962951481596578, 0.2696747005022075, 0.0, -0.2696747005022075,
  -0.962951481596578, 0.0]
- [0.0, 0.0, 1.0, -0.9623260756750603, 0.27189800307438444, 0.0, -0.27189800307438444,
  -0.9623260756750603, 0.0]
- [0.0, 0.0, 1.0, -0.9731620588109805, 0.23012085366340396, 0.0, -0.23012085366340396,
  -0.9731620588109805, 0.0]
- [0.0, 0.0, 1.0, -0.9735255813686414, 0.22857808823430317, 0.0, -0.22857808823430317,
  -0.9735255813686414, 0.0]
- [0.0, 0.0, 1.0, -0.9614864625199284, 0.2748522919513575, 0.0, -0.2748522919513575,
  -0.9614864625199284, 0.0]
- [0.0, 0.0, 1.0, -0.9613566494728408, 0.27530599796290944, 0.0, -0.27530599796290944,
  -0.9613566494728408, 0.0]
- [0.0, 0.0, 1.0, -0.9613752351870636, 0.27524108917277984, 0.0, -0.27524108917277984,
  -0.9613752351870636, 0.0]
- [0.0, 0.0, 1.0, -0.9614807654989126, 0.2748722204509311, 0.0, -0.2748722204509311,
  -0.9614807654989126, 0.0]
- [0.0, 0.0, 1.0, -0.9617337439791963, 0.27398577644059874, 0.0, -0.27398577644059874,
  -0.9617337439791963, 0.0]
- [0.0, 0.0, 1.0, -0.9618789576954749, 0.27347553956920323, 0.0, -0.27347553956920323,
  -0.9618789576954749, 0.0]
- [0.0, 0.0, 1.0, -0.9624384976489788, 0.2714997941862511, 0.0, -0.2714997941862511,
  -0.9624384976489788, 0.0]
- [0.0, 0.0, 1.0, -0.9626731671466956, 0.2706665351604259, 0.0, -0.2706665351604259,
  -0.9626731671466956, 0.0]
- [0.0, 0.0, 1.0, -0.9634316611429211, 0.26795416456437426, 0.0, -0.26795416456437426,
  -0.9634316611429211, 0.0]
- [0.0, 0.0, 1.0, -0.963887817763355, 0.26630860813612, 0.0, -0.26630860813612, -0.963887817763355,
  0.0]
- [0.0, 0.0, 1.0, -0.9646226491590209, 0.2636344907811429, 0.0, -0.2636344907811429,
  -0.9646226491590209, 0.0]
- [0.0, 0.0, 1.0, -0.9654278371428836, 0.26067046489699097, 0.0, -0.26067046489699097,
  -0.9654278371428836, 0.0]
- [0.0, 0.0, 1.0, -0.9661852977932289, 0.2578487353628278, 0.0, -0.2578487353628278,
  -0.9661852977932289, 0.0]
- [0.0, 0.0, 1.0, -0.9675366492655015, 0.2527307506578606, 0.0, -0.2527307506578606,
  -0.9675366492655015, 0.0]
- [0.0, 0.0, 1.0, -0.9682373734687614, 0.25003277508821614, 0.0, -0.25003277508821614,
  -0.9682373734687614, 0.0]
- [0.0, 0.0, 1.0, -0.9702413376168121, 0.24213993222832828, 0.0, -0.24213993222832828,
  -0.9702413376168121, 0.0]
- [0.0, 0.0, 1.0, -0.9707944447744935, 0.23991278831063373, 0.0, -0.23991278831063373,
  -0.9707944447744935, 0.0]
- [0.0, 0.0, 1.0, -0.9735979894085643, 0.22826947894889724, 0.0, -0.22826947894889724,
  -0.9735979894085643, 0.0]
- [0.0, 0.0, 1.0, -0.9742064482906655, 0.22565858306053138, 0.0, -0.22565858306053138,
  -0.9742064482906655, 0.0]
- [0.0, 0.0, 1.0, -0.9774565147583678, 0.21113683183287763, 0.0, -0.21113683183287763,
  -0.9774565147583678, 0.0]
- [0.0, 0.0, 1.0, -0.978628756391232, 0.2056350095780156, 0.0, -0.2056350095780156,
  -0.978628756391232, 0.0]
- [0.0, 0.0, 1.0, -0.9816751949429365, 0.19056183152391096, 0.0, -0.19056183152391096,
  -0.9816751949429365, 0.0]
- [0.0, 0.0, 1.0, -0.9837494197310397, 0.17954687181581014, 0.0, -0.17954687181581014,
  -0.9837494197310397, 0.0]
- [0.0, 0.0, 1.0, -0.9862234757744606, 0.16541842651694555, 0.0, -0.16541842651694555,
  -0.9862234757744606, 0.0]
- [0.0, 0.0, 1.0, -0.9907979246427412, 0.13534944596723417, 0.0, -0.13534944596723417,
  -0.9907979246427412, 0.0]
- [0.0, 0.0, 1.0, -0.9928491679572837, 0.11937558245524732, 0.0, -0.11937558245524732,
  -0.9928491679572837, 0.0]
- [0.0, 0.0, 1.0, -0.9931527375226349, 0.11682311394281598, 0.0, -0.11682311394281598,
  -0.9931527375226349, 0.0]
- [0.0, 0.0, 1.0, -0.9949225505533771, 0.10064352140283468, 0.0, -0.10064352140283468,
  -0.9949225505533771, 0.0]
- [0.0, 0.0, 1.0, -0.9973053336060808, 0.07336260328576139, 0.0, -0.07336260328576139,
  -0.9973053336060808, 0.0]
- [0.0, 0.0, 1.0, -0.9982774695951914, 0.05866935911207727, 0.0, -0.05866935911207727,
  -0.9982774695951914, 0.0]
- [0.0, 0.0, 1.0, -0.9997760360948168, 0.021163120056727044, 0.0, -0.021163120056727044,
  -0.9997760360948168, 0.0]
- [0.0, 0.0, 1.0, -0.9999874171686138, 0.005016523143042995, 0.0, -0.005016523143042995,
  -0.9999874171686138, 0.0]
- [0.0, 0.0, 1.0, -0.9997838247390326, -0.020791916462688596, 0.0, 0.020791916462688596,
  -0.9997838247390326, 0.0]
- [0.0, 0.0, 1.0, -0.9990745542779398, -0.04301203313418006, 0.0, 0.04301203313418006,
  -0.9990745542779398, 0.0]
- [0.0, 0.0, 1.0, -0.9950008822852435, -0.09986613165426536, 0.0, 0.09986613165426536,
  -0.9950008822852435, 0.0]
- [0.0, 0.0, 1.0, -0.9885308199763996, -0.1510192635288202, 0.0, 0.1510192635288202,
  -0.9885308199763996, 0.0]
- [0.0, 0.0, 1.0, -0.981246297236818, -0.19275814939720287, 0.0, 0.19275814939720287,
  -0.981246297236818, 0.0]
- [0.0, 0.0, 1.0, -0.9685526168366942, -0.24880881901329702, 0.0, 0.24880881901329702,
  -0.9685526168366942, 0.0]
- [0.0, 0.0, 1.0, -0.9475094552026417, -0.3197277471562222, 0.0, 0.3197277471562222,
  -0.9475094552026417, 0.0]
- [0.0, 0.0, 1.0, -0.925341624141126, -0.37913438070407596, 0.0, 0.37913438070407596,
  -0.925341624141126, 0.0]
- [0.0, 0.0, 1.0, -0.8962204195281568, -0.44360901661347546, 0.0, 0.44360901661347546,
  -0.8962204195281568, 0.0]
- [0.0, 0.0, 1.0, -0.8573304893265252, -0.5147663859180597, 0.0, 0.5147663859180597,
  -0.8573304893265252, 0.0]
- [0.0, 0.0, 1.0, -0.8072642597621519, -0.5901901514856588, 0.0, 0.5901901514856588,
  -0.8072642597621519, 0.0]
- [0.0, 0.0, 1.0, -0.7345106658926823, -0.678597142412115, 0.0, 0.678597142412115,
  -0.7345106658926823, 0.0]
- [0.0, 0.0, 1.0, -0.6627304945010294, -0.7488579916502334, 0.0, 0.7488579916502334,
  -0.6627304945010294, 0.0]
- [0.0, 0.0, 1.0, -0.5731094382153376, -0.8194788415990375, 0.0, 0.8194788415990375,
  -0.5731094382153376, 0.0]
- [0.0, 0.0, 1.0, -0.4722854419924927, -0.8814456655301878, 0.0, 0.8814456655301878,
  -0.4722854419924927, 0.0]
- [0.0, 0.0, 1.0, -0.40781969156303804, -0.9130624837180796, 0.0, 0.9130624837180796,
  -0.40781969156303804, 0.0]
- [0.0, 0.0, 1.0, -0.24315990794860348, -0.9699862159672304, 0.0, 0.9699862159672304,
  -0.24315990794860348, 0.0]
- [0.0, 0.0, 1.0, -0.11026351729942893, -0.993902387939962, 0.0, 0.993902387939962,
  -0.11026351729942893, 0.0]
- [0.0, 0.0, 1.0, 0.07107266832638903, -0.9974711403429009, 0.0, 0.9974711403429009,
  0.07107266832638903, 0.0]
- [0.0, 0.0, 1.0, 0.23167408211261814, -0.9727934619832085, 0.0, 0.9727934619832085,
  0.23167408211261814, 0.0]
- [0.0, 0.0, 1.0, 0.4071428699623854, -0.9133644855361917, 0.0, 0.9133644855361917,
  0.4071428699623854, 0.0]
- [0.0, 0.0, 1.0, 0.48360580424734717, -0.8752859110589389, 0.0, 0.8752859110589389,
  0.48360580424734717, 0.0]
- [0.0, 0.0, 1.0, 0.6008013916441338, -0.7993983286187633, 0.0, 0.7993983286187633,
  0.6008013916441338, 0.0]
- [0.0, 0.0, 1.0, 0.6950720173028554, -0.718940116256242, 0.0, 0.718940116256242,
  0.6950720173028554, 0.0]
- [0.0, 0.0, 1.0, 0.767283537381229, -0.6413080174641107, 0.0, 0.6413080174641107,
  0.767283537381229, 0.0]
- [0.0, 0.0, 1.0, 0.8280959494423721, -0.5605863880947667, 0.0, 0.5605863880947667,
  0.8280959494423721, 0.0]
- [0.0, 0.0, 1.0, 0.8735151842070769, -0.48679690114017427, 0.0, 0.48679690114017427,
  0.8735151842070769, 0.0]
- [0.0, 0.0, 1.0, 0.9083923746560214, -0.4181187554592528, 0.0, 0.4181187554592528,
  0.9083923746560214, 0.0]
- [0.0, 0.0, 1.0, 0.9332073557443357, -0.35933832412458483, 0.0, 0.35933832412458483,
  0.9332073557443357, 0.0]
- [0.0, 0.0, 1.0, 0.9513192233145854, -0.3082072928276262, 0.0, 0.3082072928276262,
  0.9513192233145854, 0.0]
- [0.0, 0.0, 1.0, 0.9659158373536751, -0.25885632143980675, 0.0, 0.25885632143980675,
  0.9659158373536751, 0.0]
- [0.0, 0.0, 1.0, 0.9804953974550942, -0.19654204529661537, 0.0, 0.19654204529661537,
  0.9804953974550942, 0.0]
- [0.0, 0.0, 1.0, 0.9856062658638025, -0.16905705749838293, 0.0, 0.16905705749838293,
  0.9856062658638025, 0.0]
- [0.0, 0.0, 1.0, 0.9901235459603702, -0.14019758819203265, 0.0, 0.14019758819203265,
  0.9901235459603702, 0.0]
- [0.0, 0.0, 1.0, 0.9940676052004314, -0.10876394757032008, 0.0, 0.10876394757032008,
  0.9940676052004314, 0.0]
- [0.0, 0.0, 1.0, 0.9973515836689928, -0.07273113881242263, 0.0, 0.07273113881242263,
  0.9973515836689928, 0.0]
- [0.0, 0.0, 1.0, 0.9996504710237366, -0.026437393631397535, 0.0, 0.026437393631397535,
  0.9996504710237366, 0.0]
- [0.0, 0.0, 1.0, 0.9999605903578601, -0.008877935072975435, 0.0, 0.008877935072975435,
  0.9999605903578601, 0.0]
- [0.0, 0.0, 1.0, 0.9989001708543845, 0.046887617417410356, 0.0, -0.046887617417410356,
  0.9989001708543845, 0.0]
- [0.0, 0.0, 1.0, 0.9985323218818332, 0.05415904501812179, 0.0, -0.05415904501812179,
  0.9985323218818332, 0.0]
- [0.0, 0.0, 1.0, 0.9952721040389148, 0.09712589212950332, 0.0, -0.09712589212950332,
  0.9952721040389148, 0.0]
- [0.0, 0.0, 1.0, 0.9911268928050826, 0.13291908199555985, 0.0, -0.13291908199555985,
  0.9911268928050826, 0.0]
- [0.0, 0.0, 1.0, 0.987388010821491, 0.15831903260814664, 0.0, -0.15831903260814664,
  0.987388010821491, 0.0]
- [0.0, 0.0, 1.0, 0.9798730966130222, 0.19962142804320104, 0.0, -0.19962142804320104,
  0.9798730966130222, 0.0]
- [0.0, 0.0, 1.0, 0.9770766337464974, 0.21288788548579476, 0.0, -0.21288788548579476,
  0.9770766337464974, 0.0]
- [0.0, 0.0, 1.0, 0.9660276527891385, 0.25843872396896644, 0.0, -0.25843872396896644,
  0.9660276527891385, 0.0]
- [0.0, 0.0, 1.0, 0.9633294624462345, 0.2683213498457563, 0.0, -0.2683213498457563,
  0.9633294624462345, 0.0]
- [0.0, 0.0, 1.0, 0.9537924749302441, 0.30046616243171165, 0.0, -0.30046616243171165,
  0.9537924749302441, 0.0]
- [0.0, 0.0, 1.0, 0.9501021300175932, 0.31193900451215173, 0.0, -0.31193900451215173,
  0.9501021300175932, 0.0]
- [0.0, 0.0, 1.0, 0.9426161982135001, 0.33387827552197447, 0.0, -0.33387827552197447,
  0.9426161982135001, 0.0]
- [0.0, 0.0, 1.0, 0.9382565072687585, 0.345940351170299, 0.0, -0.345940351170299,
  0.9382565072687585, 0.0]
- [0.0, 0.0, 1.0, 0.9324638726015361, 0.36126323684115236, 0.0, -0.36126323684115236,
  0.9324638726015361, 0.0]
- [0.0, 0.0, 1.0, 0.9284336167728606, 0.371498343530715, 0.0, -0.371498343530715,
  0.9284336167728606, 0.0]
- [0.0, 0.0, 1.0, 0.924674165114672, 0.3807593575599743, 0.0, -0.3807593575599743,
  0.924674165114672, 0.0]
- [0.0, 0.0, 1.0, 0.9219699061711134, 0.3872615293504227, 0.0, -0.3872615293504227,
  0.9219699061711134, 0.0]
- [0.0, 0.0, 1.0, 0.9200665968708265, 0.3917619906557248, 0.0, -0.3917619906557248,
  0.9200665968708265, 0.0]
- [0.0, 0.0, 1.0, 0.9199723586496886, 0.391983238570897, 0.0, -0.391983238570897,
  0.9199723586496886, 0.0]
- [0.0, 0.0, 1.0, 0.9200080945816608, 0.39189935685609634, 0.0, -0.39189935685609634,
  0.9200080945816608, 0.0]
- [0.0, 0.0, 1.0, 0.923105260235219, 0.3845473683775104, 0.0, -0.3845473683775104,
  0.923105260235219, 0.0]
- [0.0, 0.0, 1.0, 0.925103000671254, 0.3797162600535329, 0.0, -0.3797162600535329,
  0.925103000671254, 0.0]
- [0.0, 0.0, 1.0, 0.9320953224706782, 0.36221307241495676, 0.0, -0.36221307241495676,
  0.9320953224706782, 0.0]
- [0.0, 0.0, 1.0, 0.9352252428835194, 0.35405330823685605, 0.0, -0.35405330823685605,
  0.9352252428835194, 0.0]
- [0.0, 0.0, 1.0, 0.9461486137670058, 0.3237326067401509, 0.0, -0.3237326067401509,
  0.9461486137670058, 0.0]
- [0.0, 0.0, 1.0, 0.9499253838898357, 0.3124768232073356, 0.0, -0.3124768232073356,
  0.9499253838898357, 0.0]
- [0.0, 0.0, 1.0, 0.9614141299730129, 0.2751051993115267, 0.0, -0.2751051993115267,
  0.9614141299730129, 0.0]
- [0.0, 0.0, 1.0, 0.967647375086305, 0.2523064753203604, 0.0, -0.2523064753203604,
  0.967647375086305, 0.0]
- [0.0, 0.0, 1.0, 0.9743652590126488, 0.22497186941752031, 0.0, -0.22497186941752031,
  0.9743652590126488, 0.0]
- [0.0, 0.0, 1.0, 0.984690799768342, 0.1743101513153585, 0.0, -0.1743101513153585,
  0.984690799768342, 0.0]
- [0.0, 0.0, 1.0, 0.9956718058637154, 0.09293898540487654, 0.0, -0.09293898540487654,
  0.9956718058637154, 0.0]
- [0.0, 0.0, 1.0, 0.9988148253387383, 0.04867180583814115, 0.0, -0.04867180583814115,
  0.9988148253387383, 0.0]
- [0.0, 0.0, 1.0, 0.9994100680065937, 0.03434408198009852, 0.0, -0.03434408198009852,
  0.9994100680065937, 0.0]
- [0.0, 0.0, 1.0, 0.9997538686933141, -0.022185626715326, 0.0, 0.022185626715326,
  0.9997538686933141, 0.0]
- [0.0, 0.0, 1.0, 0.9963018915599196, -0.08592171363588247, 0.0, 0.08592171363588247,
  0.9963018915599196, 0.0]
- [0.0, 0.0, 1.0, 0.9850329106348672, -0.17236636843132105, 0.0, 0.17236636843132105,
  0.9850329106348672, 0.0]
- [0.0, 0.0, 1.0, 0.959522077369573, -0.2816334196085033, 0.0, 0.2816334196085033,
  0.959522077369573, 0.0]
- [0.0, 0.0, 1.0, -0.009675414501438363, 0.999953192081622, 0.0, -0.999953192081622,
  -0.009675414501438363, 0.0]
- [0.0, 0.0, 1.0, 0.15913446120540928, 0.9872569185662179, 0.0, -0.9872569185662179,
  0.15913446120540928, 0.0]
- [0.0, 0.0, 1.0, 0.15913446120542143, 0.987256918566216, 0.0, -0.987256918566216,
  0.15913446120542143, 0.0]
- [0.0, 0.0, 1.0, 0.15913446120540928, 0.9872569185662179, 0.0, -0.9872569185662179,
  0.15913446120540928, 0.0]
- [0.0, 0.0, 1.0, 0.1591344612054213, 0.987256918566216, 0.0, -0.987256918566216,
  0.1591344612054213, 0.0]
- [0.0, 0.0, 1.0, 0.1591344612054094, 0.9872569185662179, 0.0, -0.9872569185662179,
  0.1591344612054094, 0.0]
- [0.0, 0.0, 1.0, 0.1591344612054213, 0.987256918566216, 0.0, -0.987256918566216,
  0.1591344612054213, 0.0]
- [0.0, 0.0, 1.0, 0.1591344612054094, 0.9872569185662179, 0.0, -0.9872569185662179,
  0.1591344612054094, 0.0]
- [0.0, 0.0, 1.0, 0.15913446120542118, 0.987256918566216, 0.0, -0.987256918566216,
  0.15913446120542118, 0.0]
- [0.0, 0.0, 1.0, 0.15913446120540956, 0.9872569185662181, 0.0, -0.9872569185662181,
  0.15913446120540956, 0.0]
- [0.0, 0.0, 1.0, 0.15913446120542118, 0.987256918566216, 0.0, -0.987256918566216,
  0.15913446120542118, 0.0]
- [0.0, 0.0, 1.0, 0.15913446120540956, 0.9872569185662181, 0.0, -0.9872569185662181,
  0.15913446120540956, 0.0]
- [0.0, 0.0, 1.0, 0.15913446120542118, 0.987256918566216, 0.0, -0.987256918566216,
  0.15913446120542118, 0.0]
- [0.0, 0.0, 1.0, 0.15913446120540928, 0.9872569185662179, 0.0, -0.9872569185662179,
  0.15913446120540928, 0.0]
- [0.0, 0.0, 1.0, 0.15913446120542143, 0.987256918566216, 0.0, -0.987256918566216,
  0.15913446120542143, 0.0]
- [0.0, 0.0, 1.0, 0.15913446120540975, 0.9872569185662179, 0.0, -0.9872569185662179,
  0.15913446120540975, 0.0]
- [0.0, 0.0, 1.0, 0.15913446120542074, 0.9872569185662162, 0.0, -0.9872569185662162,
  0.15913446120542074, 0.0]
- [0.0, 0.0, 1.0, 0.15913446120540928, 0.9872569185662179, 0.0, -0.9872569185662179,
  0.15913446120540928, 0.0]
- [0.0, 0.0, 1.0, 0.15913446120542168, 0.987256918566216, 0.0, -0.987256918566216,
  0.15913446120542168, 0.0]
- [0.0, 0.0, 1.0, 0.15913446120540928, 0.9872569185662179, 0.0, -0.9872569185662179,
  0.15913446120540928, 0.0]
- [0.0, 0.0, 1.0, 0.15913446120542118, 0.987256918566216, 0.0, -0.987256918566216,
  0.15913446120542118, 0.0]
- [0.0, 0.0, 1.0, 0.15913446120540906, 0.9872569185662181, 0.0, -0.9872569185662181,
  0.15913446120540906, 0.0]
- [0.0, 0.0, 1.0, 0.1608617684391013, 0.9869769457564067, 0.0, -0.9869769457564067,
  0.1608617684391013, 0.0]
- [0.0, 0.0, 1.0, 0.1608617684391008, 0.9869769457564068, 0.0, -0.9869769457564068,
  0.1608617684391008, 0.0]
- [0.0, 0.0, 1.0, 0.16086176843910105, 0.9869769457564067, 0.0, -0.9869769457564067,
  0.16086176843910105, 0.0]
- [0.0, 0.0, 1.0, 0.16086176843910105, 0.9869769457564067, 0.0, -0.9869769457564067,
  0.16086176843910105, 0.0]
- [0.0, 0.0, 1.0, 0.1608617684391013, 0.9869769457564067, 0.0, -0.9869769457564067,
  0.1608617684391013, 0.0]
- [0.0, 0.0, 1.0, 0.1608617684391008, 0.9869769457564068, 0.0, -0.9869769457564068,
  0.1608617684391008, 0.0]
- [0.0, 0.0, 1.0, 0.1608617684391013, 0.9869769457564067, 0.0, -0.9869769457564067,
  0.1608617684391013, 0.0]
- [0.0, 0.0, 1.0, 0.16086176843910105, 0.9869769457564067, 0.0, -0.9869769457564067,
  0.16086176843910105, 0.0]
- [0.0, 0.0, 1.0, 0.16086176843910105, 0.9869769457564067, 0.0, -0.9869769457564067,
  0.16086176843910105, 0.0]
- [0.0, 0.0, 1.0, 0.16086176843910105, 0.9869769457564067, 0.0, -0.9869769457564067,
  0.16086176843910105, 0.0]
- [0.0, 0.0, 1.0, 0.16086176843910105, 0.9869769457564067, 0.0, -0.9869769457564067,
  0.16086176843910105, 0.0]
- [0.0, 0.0, 1.0, 0.16086176843910105, 0.9869769457564067, 0.0, -0.9869769457564067,
  0.16086176843910105, 0.0]
- [0.0, 0.0, 1.0, 0.16086176843910105, 0.9869769457564067, 0.0, -0.9869769457564067,
  0.16086176843910105, 0.0]
- [0.0, 0.0, 1.0, 0.1608617684391013, 0.9869769457564067, 0.0, -0.9869769457564067,
  0.1608617684391013, 0.0]
- [0.0, 0.0, 1.0, 0.1608617684391008, 0.9869769457564068, 0.0, -0.9869769457564068,
  0.1608617684391008, 0.0]
- [0.0, 0.0, 1.0, 0.1608617684391013, 0.9869769457564067, 0.0, -0.9869769457564067,
  0.1608617684391013, 0.0]
- [0.0, 0.0, 1.0, 0.1608617684391038, 0.9869769457564062, 0.0, -0.9869769457564062,
  0.1608617684391038, 0.0]
- [0.0, 0.0, 1.0, 0.16086176843909827, 0.9869769457564072, 0.0, -0.9869769457564072,
  0.16086176843909827, 0.0]
- [0.0, 0.0, 1.0, 0.1608617684391043, 0.9869769457564062, 0.0, -0.9869769457564062,
  0.1608617684391043, 0.0]
- [0.0, 0.0, 1.0, 0.1608617684391008, 0.9869769457564068, 0.0, -0.9869769457564068,
  0.1608617684391008, 0.0]
- [0.0, 0.0, 1.0, 0.1608617684391013, 0.9869769457564067, 0.0, -0.9869769457564067,
  0.1608617684391013, 0.0]
- [0.0, 0.0, 1.0, 0.1608617684391008, 0.9869769457564068, 0.0, -0.9869769457564068,
  0.1608617684391008, 0.0]
- [0.0, 0.0, 1.0, 0.1608617684391013, 0.9869769457564067, 0.0, -0.9869769457564067,
  0.1608617684391013, 0.0]
- [0.0, 0.0, 1.0, 0.1608617684391008, 0.9869769457564068, 0.0, -0.9869769457564068,
  0.1608617684391008, 0.0]
- [0.0, 0.0, 1.0, 0.1608617684391008, 0.9869769457564068, 0.0, -0.9869769457564068,
  0.1608617684391008, 0.0]
- [0.0, 0.0, 1.0, 0.1608617684391013, 0.9869769457564067, 0.0, -0.9869769457564067,
  0.1608617684391013, 0.0]
- [0.0, 0.0, 1.0, 0.1608617684391018, 0.9869769457564067, 0.0, -0.9869769457564067,
  0.1608617684391018, 0.0]
- [0.0, 0.0, 1.0, 0.1608617684391008, 0.9869769457564068, 0.0, -0.9869769457564068,
  0.1608617684391008, 0.0]
- [0.0, 0.0, 1.0, 0.1608617684391013, 0.9869769457564067, 0.0, -0.9869769457564067,
  0.1608617684391013, 0.0]
- [0.0, 0.0, 1.0, 0.16086176843910033, 0.9869769457564068, 0.0, -0.9869769457564068,
  0.16086176843910033, 0.0]
- [0.0, 0.0, 1.0, 0.1608617684391013, 0.9869769457564067, 0.0, -0.9869769457564067,
  0.1608617684391013, 0.0]
- [0.0, 0.0, 1.0, 0.1608617684391013, 0.9869769457564067, 0.0, -0.9869769457564067,
  0.1608617684391013, 0.0]
- [0.0, 0.0, 1.0, 0.1608617684391013, 0.9869769457564067, 0.0, -0.9869769457564067,
  0.1608617684391013, 0.0]
- [0.0, 0.0, 1.0, 0.16086176843910033, 0.9869769457564068, 0.0, -0.9869769457564068,
  0.16086176843910033, 0.0]
- [0.0, 0.0, 1.0, 0.1608617684391013, 0.9869769457564067, 0.0, -0.9869769457564067,
  0.1608617684391013, 0.0]
- [0.0, 0.0, 1.0, 0.16107227508901104, 0.9869426134267634, 0.0, -0.9869426134267634,
  0.16107227508901104, 0.0]
- [0.0, 0.0, 1.0, 0.1610722750890166, 0.9869426134267625, 0.0, -0.9869426134267625,
  0.1610722750890166, 0.0]
- [0.0, 0.0, 1.0, 0.16107227508901104, 0.9869426134267634, 0.0, -0.9869426134267634,
  0.16107227508901104, 0.0]
- [0.0, 0.0, 1.0, 0.1610722750890108, 0.9869426134267636, 0.0, -0.9869426134267636,
  0.1610722750890108, 0.0]
- [0.0, 0.0, 1.0, 0.16107227508901684, 0.9869426134267625, 0.0, -0.9869426134267625,
  0.16107227508901684, 0.0]
- [0.0, 0.0, 1.0, 0.1610722750890108, 0.9869426134267636, 0.0, -0.9869426134267636,
  0.1610722750890108, 0.0]
- [0.0, 0.0, 1.0, 0.1610722750890171, 0.9869426134267625, 0.0, -0.9869426134267625,
  0.1610722750890171, 0.0]
- [0.0, 0.0, 1.0, 0.1610722750890108, 0.9869426134267636, 0.0, -0.9869426134267636,
  0.1610722750890108, 0.0]
- [0.0, 0.0, 1.0, 0.1610722750890108, 0.9869426134267636, 0.0, -0.9869426134267636,
  0.1610722750890108, 0.0]
- [0.0, 0.0, 1.0, 0.16107227508901684, 0.9869426134267625, 0.0, -0.9869426134267625,
  0.16107227508901684, 0.0]
- [0.0, 0.0, 1.0, 0.1610722750890108, 0.9869426134267636, 0.0, -0.9869426134267636,
  0.1610722750890108, 0.0]
- [0.0, 0.0, 1.0, 0.1610722750890108, 0.9869426134267636, 0.0, -0.9869426134267636,
  0.1610722750890108, 0.0]
- [0.0, 0.0, 1.0, 0.16107227508901684, 0.9869426134267625, 0.0, -0.9869426134267625,
  0.16107227508901684, 0.0]
- [0.0, 0.0, 1.0, 0.16107227508901129, 0.9869426134267634, 0.0, -0.9869426134267634,
  0.16107227508901129, 0.0]
- [0.0, 0.0, 1.0, 0.1610722750890166, 0.9869426134267625, 0.0, -0.9869426134267625,
  0.1610722750890166, 0.0]
- [0.0, 0.0, 1.0, 0.16107227508901104, 0.9869426134267634, 0.0, -0.9869426134267634,
  0.16107227508901104, 0.0]
- [0.0, 0.0, 1.0, 0.16107227508901056, 0.9869426134267637, 0.0, -0.9869426134267637,
  0.16107227508901056, 0.0]
- [0.0, 0.0, 1.0, 0.1610722750890171, 0.9869426134267625, 0.0, -0.9869426134267625,
  0.1610722750890171, 0.0]
- [0.0, 0.0, 1.0, 0.16107227508901104, 0.9869426134267634, 0.0, -0.9869426134267634,
  0.16107227508901104, 0.0]
- [0.0, 0.0, 1.0, 0.16107227508901056, 0.9869426134267637, 0.0, -0.9869426134267637,
  0.16107227508901056, 0.0]
- [0.0, 0.0, 1.0, 0.1610722750890171, 0.9869426134267625, 0.0, -0.9869426134267625,
  0.1610722750890171, 0.0]
- [0.0, 0.0, 1.0, 0.16107227508901056, 0.9869426134267637, 0.0, -0.9869426134267637,
  0.16107227508901056, 0.0]
- [0.0, 0.0, 1.0, 0.16107227508901104, 0.9869426134267634, 0.0, -0.9869426134267634,
  0.16107227508901104, 0.0]
- [0.0, 0.0, 1.0, 0.1610722750890166, 0.9869426134267625, 0.0, -0.9869426134267625,
  0.1610722750890166, 0.0]
- [0.0, 0.0, 1.0, 0.16107227508901104, 0.9869426134267634, 0.0, -0.9869426134267634,
  0.16107227508901104, 0.0]
- [0.0, 0.0, 1.0, 0.1610722750890166, 0.9869426134267625, 0.0, -0.9869426134267625,
  0.1610722750890166, 0.0]
- [0.0, 0.0, 1.0, 0.16107227508901154, 0.9869426134267634, 0.0, -0.9869426134267634,
  0.16107227508901154, 0.0]
- [0.0, 0.0, 1.0, 0.16107227508901104, 0.9869426134267634, 0.0, -0.9869426134267634,
  0.16107227508901104, 0.0]
- [0.0, 0.0, 1.0, 0.1610722750890171, 0.9869426134267625, 0.0, -0.9869426134267625,
  0.1610722750890171, 0.0]
- [0.0, 0.0, 1.0, 0.16107227508901006, 0.9869426134267637, 0.0, -0.9869426134267637,
  0.16107227508901006, 0.0]
- [0.0, 0.0, 1.0, 0.1610722750890171, 0.9869426134267625, 0.0, -0.9869426134267625,
  0.1610722750890171, 0.0]
- [0.0, 0.0, 1.0, 0.16107227508901104, 0.9869426134267634, 0.0, -0.9869426134267634,
  0.16107227508901104, 0.0]
- [0.0, 0.0, 1.0, 0.16107227508901104, 0.9869426134267634, 0.0, -0.9869426134267634,
  0.16107227508901104, 0.0]
- [0.0, 0.0, 1.0, 0.16107227508901611, 0.9869426134267627, 0.0, -0.9869426134267627,
  0.16107227508901611, 0.0]
- [0.0, 0.0, 1.0, 0.16107227508901154, 0.9869426134267634, 0.0, -0.9869426134267634,
  0.16107227508901154, 0.0]
materials:
- name: gelcoat
  density: 1235.0
  elastic:
    E:
    - 3440000000.0
    - 3440000000.0
    - 3440000000.0
    G:
    - 1323000000.0
    - 1323000000.0
    - 1323000000.0
    nu:
    - 0.3
    - 0.3
    - 0.3
- name: glass_triax
  density: 1940.0
  elastic:
    E:
    - 28211400000.0
    - 16238800000.0
    - 15835500000.0
    G:
    - 8248220000.0
    - 3491240000.0
    - 3491240000.0
    nu:
    - 0.497511
    - 0.18091
    - 0.27481
- name: glass_uniax
  density: 1940.0
  elastic:
    E:
    - 43700000000.0
    - 16500000000.0
    - 15450000000.0
    G:
    - 3265000000.0
    - 3495000000.0
    - 3480000000.0
    nu:
    - 0.262
    - 0.264
    - 0.35
- name: medium_density_foam
  density: 130.0
  elastic:
    E:
    - 142500000.0
    - 142500000.0
    - 142500000.0
    G:
    - 54000000.0
    - 54000000.0
    - 54000000.0
    nu:
    - 0.3194
    - 0.3194
    - 0.3194
- name: carbon_uniax
  density: 1600.0
  elastic:
    E:
    - 140000000000.0
    - 9100000000.0
    - 9100000000.0
    G:
    - 4131000000.0
    - 4131000000.0
    - 2689000000.0
    nu:
    - 0.3133
    - 0.3133
    - 0.47066
- name: glass_biax
  density: 1940.0
  elastic:
    E:
    - 11023100000.0
    - 11023100000.0
    - 16047700000.0
    G:
    - 13231400000.0
    - 3487480000.0
    - 3487480000.0
    nu:
    - 0.688074
    - 0.117173
    - 0.117173
