nodes:
- [7.18989643 0.09917077 0.00000000]
- [7.05396515 0.13637965 0.00000000]
- [6.91102734 0.17734462 0.00000000]
- [6.76786731 0.21765086 0.00000000]
- [6.62460767 0.25777075 0.00000000]
- [6.48142179 0.29822684 0.00000000]
- [6.33587518 0.33035931 0.00000000]
- [6.19762516 0.36053617 0.00000000]
- [6.06184096 0.39935169 0.00000000]
- [5.92608460 0.43822856 0.00000000]
- [5.79033830 0.47709264 0.00000000]
- [5.65458977 0.51590101 0.00000000]
- [5.51880773 0.55458359 0.00000000]
- [5.38302194 0.59318938 0.00000000]
- [5.24716216 0.63151484 0.00000000]
- [5.11128066 0.66971948 0.00000000]
- [4.97530451 0.70753780 0.00000000]
- [4.83926354 0.74512401 0.00000000]
- [4.70313895 0.78232730 0.00000000]
- [4.56690347 0.81911158 0.00000000]
- [4.42716238 0.85640472 0.00000000]
- [4.28722451 0.89295794 0.00000000]
- [4.14722718 0.92911021 0.00000000]
- [4.00693339 0.96412281 0.00000000]
- [3.86661636 0.99879955 0.00000000]
- [3.72590042 1.03179163 0.00000000]
- [3.58514019 1.06439659 0.00000000]
- [3.44395418 1.09489347 0.00000000]
- [3.30261032 1.12459365 0.00000000]
- [3.16090700 1.15210085 0.00000000]
- [3.01889747 1.17801949 0.00000000]
- [2.87664885 1.20187890 0.00000000]
- [2.73362516 1.22088789 0.00000000]
- [2.63669107 1.23201473 0.00000000]
- [2.50582048 1.24740875 0.00000000]
- [2.37485640 1.26065724 0.00000000]
- [2.24356744 1.27031438 0.00000000]
- [2.11231329 1.27802957 0.00000000]
- [1.98089470 1.28081017 0.00000000]
- [1.84953924 1.28147080 0.00000000]
- [1.75513265 1.28003266 0.00000000]
- [1.61592051 1.27456686 0.00000000]
- [1.47779317 1.26070386 0.00000000]
- [1.34057216 1.23973957 0.00000000]
- [1.20446779 1.21300442 0.00000000]
- [1.07052249 1.17859775 0.00000000]
- [0.93961116 1.13442154 0.00000000]
- [0.81176406 1.08204058 0.00000000]
- [0.68821269 1.02088714 0.00000000]
- [0.57026175 0.95006780 0.00000000]
- [0.45953801 0.86912369 0.00000000]
- [0.35890886 0.77615082 0.00000000]
- [0.26816059 0.67361333 0.00000000]
- [0.18984050 0.56162656 0.00000000]
- [0.12539839 0.44135912 0.00000000]
- [0.06732625 0.31747634 0.00000000]
- [0.02945396 0.17651720 0.00000000]
- [0.01328917 0.03089167 0.00000000]
- [0.02370215 -0.11514945 0.00000000]
- [0.05987903 -0.25642575 0.00000000]
- [0.11919775 -0.38334699 0.00000000]
- [0.18665665 -0.50544301 0.00000000]
- [0.27060169 -0.61712962 0.00000000]
- [0.36808617 -0.71795581 0.00000000]
- [0.47601330 -0.80816171 0.00000000]
- [0.59276017 -0.88719128 0.00000000]
- [0.71623488 -0.95600011 0.00000000]
- [0.84494401 -1.01524091 0.00000000]
- [0.97745267 -1.06626316 0.00000000]
- [1.11273539 -1.11009160 0.00000000]
- [1.25009851 -1.14690424 0.00000000]
- [1.39010769 -1.17463466 0.00000000]
- [1.44616898 -1.18392002 0.00000000]
- [1.57646900 -1.20236881 0.00000000]
- [1.70741265 -1.21669607 0.00000000]
- [1.83859263 -1.22626315 0.00000000]
- [1.97035664 -1.22974594 0.00000000]
- [2.10202656 -1.23091788 0.00000000]
- [2.23361216 -1.22473832 0.00000000]
- [2.36501839 -1.21793810 0.00000000]
- [2.50971905 -1.20414292 0.00000000]
- [2.65401429 -1.18479143 0.00000000]
- [2.79762178 -1.16176630 0.00000000]
- [2.94030015 -1.13269806 0.00000000]
- [3.08251570 -1.10171377 0.00000000]
- [3.22316975 -1.06408289 0.00000000]
- [3.36362186 -1.02496303 0.00000000]
- [3.50266720 -0.98115961 0.00000000]
- [3.64131327 -0.93563952 0.00000000]
- [3.77886857 -0.88691652 0.00000000]
- [3.91587513 -0.83640155 0.00000000]
- [4.05207299 -0.78363445 0.00000000]
- [4.18776760 -0.72933833 0.00000000]
- [4.32297520 -0.67366293 0.00000000]
- [4.45172980 -0.61958120 0.00000000]
- [4.58031698 -0.56482908 0.00000000]
- [4.70896161 -0.51001598 0.00000000]
- [4.83772791 -0.45516497 0.00000000]
- [4.96699879 -0.40131324 0.00000000]
- [5.09670672 -0.34807388 0.00000000]
- [5.22743941 -0.29727075 0.00000000]
- [5.35881039 -0.24753792 0.00000000]
- [5.49175126 -0.20205018 0.00000000]
- [5.62532038 -0.15811419 0.00000000]
- [5.76069252 -0.11937696 0.00000000]
- [5.89674569 -0.08390239 0.00000000]
- [6.03419951 -0.05216744 0.00000000]
- [6.17319687 -0.02756067 0.00000000]
- [6.31389575 -0.01664808 0.00000000]
- [6.46371641 -0.01156329 0.00000000]
- [6.61314248 -0.00642824 0.00000000]
- [6.76263538 -0.00974601 0.00000000]
- [6.91178922 -0.02261057 0.00000000]
- [7.05936276 -0.04843365 0.00000000]
- [7.19238085 -0.08886626 0.00000000]
- [4.33459083 -0.60257842 0.00000000]
- [4.34620646 -0.53149392 0.00000000]
- [4.35782209 -0.46040942 0.00000000]
- [4.36943773 -0.38932492 0.00000000]
- [4.38105336 -0.31824042 0.00000000]
- [4.39266899 -0.24715592 0.00000000]
- [4.40428462 -0.17607142 0.00000000]
- [4.41590025 -0.10498692 0.00000000]
- [4.42751589 -0.03390242 0.00000000]
- [4.43913152 0.03718208 0.00000000]
- [4.45074715 0.10826658 0.00000000]
- [4.46236278 0.17935108 0.00000000]
- [4.47397841 0.25043558 0.00000000]
- [4.48559405 0.32152008 0.00000000]
- [4.49720968 0.39260458 0.00000000]
- [4.50882531 0.46368908 0.00000000]
- [4.52044094 0.53477358 0.00000000]
- [4.53205658 0.60585808 0.00000000]
- [4.54367221 0.67694258 0.00000000]
- [4.55528784 0.74802708 0.00000000]
- [1.45769385 -1.11348029 0.00000000]
- [1.46921871 -1.04304055 0.00000000]
- [1.48074358 -0.97260081 0.00000000]
- [1.49226844 -0.90216107 0.00000000]
- [1.50379331 -0.83172134 0.00000000]
- [1.51531817 -0.76128160 0.00000000]
- [1.52684304 -0.69084186 0.00000000]
- [1.53836790 -0.62040212 0.00000000]
- [1.54989276 -0.54996238 0.00000000]
- [1.56141763 -0.47952265 0.00000000]
- [1.57294249 -0.40908291 0.00000000]
- [1.58446736 -0.33864317 0.00000000]
- [1.59599222 -0.26820343 0.00000000]
- [1.60751709 -0.19776369 0.00000000]
- [1.61904195 -0.12732396 0.00000000]
- [1.63056682 -0.05688422 0.00000000]
- [1.64209168 0.01355552 0.00000000]
- [1.65361654 0.08399526 0.00000000]
- [1.66514141 0.15443499 0.00000000]
- [1.67666627 0.22487473 0.00000000]
- [1.68819114 0.29531447 0.00000000]
- [1.69971600 0.36575421 0.00000000]
- [1.71124087 0.43619395 0.00000000]
- [1.72276573 0.50663368 0.00000000]
- [1.73429060 0.57707342 0.00000000]
- [1.74581546 0.64751316 0.00000000]
- [1.75734032 0.71795290 0.00000000]
- [1.76886519 0.78839264 0.00000000]
- [1.78039005 0.85883237 0.00000000]
- [1.79191492 0.92927211 0.00000000]
- [1.80343978 0.99971185 0.00000000]
- [1.81496465 1.07015159 0.00000000]
- [1.82648951 1.14059132 0.00000000]
- [1.83801438 1.21103106 0.00000000]
- [2.24512870 -1.15454537 0.00000000]
- [2.25664524 -1.08435243 0.00000000]
- [2.26816178 -1.01415948 0.00000000]
- [2.27967832 -0.94396654 0.00000000]
- [2.29119486 -0.87377360 0.00000000]
- [2.30271140 -0.80358065 0.00000000]
- [2.31422794 -0.73338771 0.00000000]
- [2.32574448 -0.66319476 0.00000000]
- [2.33726102 -0.59300182 0.00000000]
- [2.34877756 -0.52280887 0.00000000]
- [2.36029410 -0.45261593 0.00000000]
- [2.37181064 -0.38242299 0.00000000]
- [2.38332718 -0.31223004 0.00000000]
- [2.39484372 -0.24203710 0.00000000]
- [2.40636026 -0.17184415 0.00000000]
- [2.41787680 -0.10165121 0.00000000]
- [2.42939334 -0.03145827 0.00000000]
- [2.44090988 0.03873468 0.00000000]
- [2.45242642 0.10892762 0.00000000]
- [2.46394296 0.17912057 0.00000000]
- [2.47545950 0.24931351 0.00000000]
- [2.48697604 0.31950645 0.00000000]
- [2.49849258 0.38969940 0.00000000]
- [2.51000912 0.45989234 0.00000000]
- [2.52152566 0.53008529 0.00000000]
- [2.53304220 0.60027823 0.00000000]
- [2.54455874 0.67047117 0.00000000]
- [2.55607528 0.74066412 0.00000000]
- [2.56759183 0.81085706 0.00000000]
- [2.57910837 0.88105001 0.00000000]
- [2.59062491 0.95124295 0.00000000]
- [2.60214145 1.02143589 0.00000000]
- [2.61365799 1.09162884 0.00000000]
- [2.62517453 1.16182178 0.00000000]
elements:
- [1 2]
- [2 3]
- [3 4]
- [4 5]
- [5 6]
- [6 7]
- [7 8]
- [8 9]
- [9 10]
- [10 11]
- [11 12]
- [12 13]
- [13 14]
- [14 15]
- [15 16]
- [16 17]
- [17 18]
- [18 19]
- [19 20]
- [20 21]
- [21 22]
- [22 23]
- [23 24]
- [24 25]
- [25 26]
- [26 27]
- [27 28]
- [28 29]
- [29 30]
- [30 31]
- [31 32]
- [32 33]
- [33 34]
- [34 35]
- [35 36]
- [36 37]
- [37 38]
- [38 39]
- [39 40]
- [40 41]
- [41 42]
- [42 43]
- [43 44]
- [44 45]
- [45 46]
- [46 47]
- [47 48]
- [48 49]
- [49 50]
- [50 51]
- [51 52]
- [52 53]
- [53 54]
- [54 55]
- [55 56]
- [56 57]
- [57 58]
- [58 59]
- [59 60]
- [60 61]
- [61 62]
- [62 63]
- [63 64]
- [64 65]
- [65 66]
- [66 67]
- [67 68]
- [68 69]
- [69 70]
- [70 71]
- [71 72]
- [72 73]
- [73 74]
- [74 75]
- [75 76]
- [76 77]
- [77 78]
- [78 79]
- [79 80]
- [80 81]
- [81 82]
- [82 83]
- [83 84]
- [84 85]
- [85 86]
- [86 87]
- [87 88]
- [88 89]
- [89 90]
- [90 91]
- [91 92]
- [92 93]
- [93 94]
- [94 95]
- [95 96]
- [96 97]
- [97 98]
- [98 99]
- [99 100]
- [100 101]
- [101 102]
- [102 103]
- [103 104]
- [104 105]
- [105 106]
- [106 107]
- [107 108]
- [108 109]
- [109 110]
- [110 111]
- [111 112]
- [112 113]
- [113 114]
- [114 115]
- [115 1]
- [94 116]
- [116 117]
- [117 118]
- [118 119]
- [119 120]
- [120 121]
- [121 122]
- [122 123]
- [123 124]
- [124 125]
- [125 126]
- [126 127]
- [127 128]
- [128 129]
- [129 130]
- [130 131]
- [131 132]
- [132 133]
- [133 134]
- [134 135]
- [135 20]
- [73 136]
- [136 137]
- [137 138]
- [138 139]
- [139 140]
- [140 141]
- [141 142]
- [142 143]
- [143 144]
- [144 145]
- [145 146]
- [146 147]
- [147 148]
- [148 149]
- [149 150]
- [150 151]
- [151 152]
- [152 153]
- [153 154]
- [154 155]
- [155 156]
- [156 157]
- [157 158]
- [158 159]
- [159 160]
- [160 161]
- [161 162]
- [162 163]
- [163 164]
- [164 165]
- [165 166]
- [166 167]
- [167 168]
- [168 169]
- [169 40]
- [79 170]
- [170 171]
- [171 172]
- [172 173]
- [173 174]
- [174 175]
- [175 176]
- [176 177]
- [177 178]
- [178 179]
- [179 180]
- [180 181]
- [181 182]
- [182 183]
- [183 184]
- [184 185]
- [185 186]
- [186 187]
- [187 188]
- [188 189]
- [189 190]
- [190 191]
- [191 192]
- [192 193]
- [193 194]
- [194 195]
- [195 196]
- [196 197]
- [197 198]
- [198 199]
- [199 200]
- [200 201]
- [201 202]
- [202 203]
- [203 34]
sets:
  element:
  - name: layup_0
    labels:
    - 1
    - 2
    - 3
    - 4
    - 5
    - 6
    - 109
    - 110
    - 111
    - 112
    - 113
    - 114
    - 115
  - name: layup_1
    labels:
    - 7
    - 8
    - 9
    - 10
    - 11
    - 12
    - 13
    - 14
    - 15
    - 16
    - 17
    - 18
    - 19
    - 20
    - 21
    - 22
    - 23
    - 24
    - 25
    - 26
    - 27
    - 28
    - 29
    - 30
    - 31
    - 32
    - 41
    - 42
    - 43
    - 44
    - 45
    - 46
    - 47
    - 48
    - 49
    - 50
    - 51
    - 52
    - 53
    - 54
    - 55
    - 60
    - 61
    - 62
    - 63
    - 64
    - 65
    - 66
    - 67
    - 68
    - 69
    - 70
    - 71
    - 80
    - 81
    - 82
    - 83
    - 84
    - 85
    - 86
    - 87
    - 88
    - 89
    - 90
    - 91
    - 92
    - 93
    - 94
    - 95
    - 96
    - 97
    - 98
    - 99
    - 100
    - 101
    - 102
    - 103
    - 104
    - 105
    - 106
    - 107
    - 108
  - name: layup_2
    labels:
    - 33
    - 34
    - 35
    - 36
    - 37
    - 38
    - 39
    - 40
  - name: layup_3
    labels:
    - 56
    - 57
    - 58
    - 59
  - name: layup_4
    labels:
    - 72
    - 73
    - 74
    - 75
    - 76
    - 77
    - 78
    - 79
  - name: layup_5
    labels:
    - 116
    - 117
    - 118
    - 119
    - 120
    - 121
    - 122
    - 123
    - 124
    - 125
    - 126
    - 127
    - 128
    - 129
    - 130
    - 131
    - 132
    - 133
    - 134
    - 135
    - 136
    - 137
    - 138
    - 139
    - 140
    - 141
    - 142
    - 143
    - 144
    - 145
    - 146
    - 147
    - 148
    - 149
    - 150
    - 151
    - 152
    - 153
    - 154
    - 155
    - 156
    - 157
    - 158
    - 159
    - 160
    - 161
    - 162
    - 163
    - 164
    - 165
    - 166
    - 167
    - 168
    - 169
    - 170
    - 171
    - 172
    - 173
    - 174
    - 175
    - 176
    - 177
    - 178
    - 179
    - 180
    - 181
    - 182
    - 183
    - 184
    - 185
    - 186
    - 187
    - 188
    - 189
    - 190
    - 191
    - 192
    - 193
    - 194
    - 195
    - 196
    - 197
    - 198
    - 199
    - 200
    - 201
    - 202
    - 203
    - 204
    - 205
    - 206
sections:
- type: shell
  elementSet: layup_0
  layup:
  - - gelcoat
    - 0.0004
    - 0.0
  - - glass_triax
    - 0.00240236
    - 0.0
  - - glass_uniax
    - 0.02087574
    - 0.0
  - - glass_triax
    - 0.00240236
    - 0.0
- type: shell
  elementSet: layup_1
  layup:
  - - gelcoat
    - 0.0004
    - 0.0
  - - glass_triax
    - 0.00240236
    - 0.0
  - - medium_density_foam
    - 0.05648652
    - 0.0
  - - glass_triax
    - 0.00240236
    - 0.0
- type: shell
  elementSet: layup_2
  layup:
  - - gelcoat
    - 0.0004
    - 0.0
  - - glass_triax
    - 0.00240236
    - 0.0
  - - carbon_uniax
    - 0.06484793
    - 0.0
  - - glass_triax
    - 0.00240236
    - 0.0
- type: shell
  elementSet: layup_3
  layup:
  - - gelcoat
    - 0.0004
    - 0.0
  - - glass_triax
    - 0.00240236
    - 0.0
  - - glass_uniax
    - 0.01726627
    - 0.0
  - - glass_triax
    - 0.00240236
    - 0.0
- type: shell
  elementSet: layup_4
  layup:
  - - gelcoat
    - 0.0004
    - 0.0
  - - glass_triax
    - 0.00240236
    - 0.0
  - - carbon_uniax
    - 0.06165962
    - 0.0
  - - glass_triax
    - 0.00240236
    - 0.0
- type: shell
  elementSet: layup_5
  layup:
  - - glass_biax
    - 0.0016
    - 0.0
  - - medium_density_foam
    - 0.0336
    - 0.0
  - - glass_biax
    - 0.0016
    - 0.0
elementOrientations:
- [0.0, 0.0, 1.0, -0.9645171481156383, 0.26402020943646703, 0.0, -0.26402020943646703,
  -0.9645171481156383, 0.0]
- [0.0, 0.0, 1.0, -0.96130052575158, 0.2755019041490202, 0.0, -0.2755019041490202,
  -0.96130052575158, 0.0]
- [0.0, 0.0, 1.0, -0.9625764444894191, 0.2710103107154931, 0.0, -0.2710103107154931,
  -0.9625764444894191, 0.0]
- [0.0, 0.0, 1.0, -0.9629514790783149, 0.26967470949439376, 0.0, -0.26967470949439376,
  -0.9629514790783149, 0.0]
- [0.0, 0.0, 1.0, -0.9623260775319553, 0.2718979965022932, 0.0, -0.2718979965022932,
  -0.9623260775319553, 0.0]
- [0.0, 0.0, 1.0, -0.9764862223001181, 0.21557981737176687, 0.0, -0.21557981737176687,
  -0.9764862223001181, 0.0]
- [0.0, 0.0, 1.0, -0.9769963001828945, 0.21325625296561768, 0.0, -0.21325625296561768,
  -0.9769963001828945, 0.0]
- [0.0, 0.0, 1.0, -0.9614864627192277, 0.2748522912541698, 0.0, -0.2748522912541698,
  -0.9614864627192277, 0.0]
- [0.0, 0.0, 1.0, -0.9613566498827715, 0.2753059965314491, 0.0, -0.2753059965314491,
  -0.9613566498827715, 0.0]
- [0.0, 0.0, 1.0, -0.9613752349190172, 0.2752410901090255, 0.0, -0.2752410901090255,
  -0.9613752349190172, 0.0]
- [0.0, 0.0, 1.0, -0.9614807641803913, 0.27487222506301123, 0.0, -0.27487222506301123,
  -0.9614807641803913, 0.0]
- [0.0, 0.0, 1.0, -0.9617337450422181, 0.27398577270922336, 0.0, -0.27398577270922336,
  -0.9617337450422181, 0.0]
- [0.0, 0.0, 1.0, -0.9618789503467773, 0.27347556541633133, 0.0, -0.27347556541633133,
  -0.9618789503467773, 0.0]
- [0.0, 0.0, 1.0, -0.9624385040767548, 0.27149977140045306, 0.0, -0.27149977140045306,
  -0.9624385040767548, 0.0]
- [0.0, 0.0, 1.0, -0.9626731538691318, 0.27066658238441443, 0.0, -0.27066658238441443,
  -0.9626731538691318, 0.0]
- [0.0, 0.0, 1.0, -0.9634316703226236, 0.2679541315586671, 0.0, -0.2679541315586671,
  -0.9634316703226236, 0.0]
- [0.0, 0.0, 1.0, -0.9638878090773493, 0.266308639574587, 0.0, -0.266308639574587,
  -0.9638878090773493, 0.0]
- [0.0, 0.0, 1.0, -0.964622646018876, 0.26363450227074214, 0.0, -0.26363450227074214,
  -0.964622646018876, 0.0]
- [0.0, 0.0, 1.0, -0.9654278387375831, 0.26067045899080993, 0.0, -0.26067045899080993,
  -0.9654278387375831, 0.0]
- [0.0, 0.0, 1.0, -0.9661852643067818, 0.25784886083990016, 0.0, -0.25784886083990016,
  -0.9661852643067818, 0.0]
- [0.0, 0.0, 1.0, -0.9675366833665706, 0.2527306201076879, 0.0, -0.2527306201076879,
  -0.9675366833665706, 0.0]
- [0.0, 0.0, 1.0, -0.9682372758791411, 0.2500331529980372, 0.0, -0.2500331529980372,
  -0.9682372758791411, 0.0]
- [0.0, 0.0, 1.0, -0.9702414361473499, 0.24213953742156127, 0.0, -0.24213953742156127,
  -0.9702414361473499, 0.0]
- [0.0, 0.0, 1.0, -0.9707942237057541, 0.239913682851859, 0.0, -0.239913682851859,
  -0.9707942237057541, 0.0]
- [0.0, 0.0, 1.0, -0.9735981968065696, 0.22826859436855584, 0.0, -0.22826859436855584,
  -0.9735981968065696, 0.0]
- [0.0, 0.0, 1.0, -0.9742061256971256, 0.22565997574713206, 0.0, -0.22565997574713206,
  -0.9742061256971256, 0.0]
- [0.0, 0.0, 1.0, -0.977456782166195, 0.21113559386637695, 0.0, -0.21113559386637695,
  -0.977456782166195, 0.0]
- [0.0, 0.0, 1.0, -0.9786284751823955, 0.20563634786238405, 0.0, -0.20563634786238405,
  -0.9786284751823955, 0.0]
- [0.0, 0.0, 1.0, -0.9816753359490864, 0.19056110513231278, 0.0, -0.19056110513231278,
  -0.9816753359490864, 0.0]
- [0.0, 0.0, 1.0, -0.983749323532948, 0.17954739889084192, 0.0, -0.17954739889084192,
  -0.983749323532948, 0.0]
- [0.0, 0.0, 1.0, -0.9862232802358252, 0.16541959231266712, 0.0, -0.16541959231266712,
  -0.9862232802358252, 0.0]
- [0.0, 0.0, 1.0, -0.991283051483759, 0.1317494282380273, 0.0, -0.1317494282380273,
  -0.991283051483759, 0.0]
- [0.0, 0.0, 1.0, -0.9934762949939534, 0.11403881481797, 0.0, -0.11403881481797, -0.9934762949939534,
  0.0]
- [0.0, 0.0, 1.0, -0.9931528163574233, 0.11682244373971197, 0.0, -0.11682244373971197,
  -0.9931528163574233, 0.0]
- [0.0, 0.0, 1.0, -0.9949221443976588, 0.10064753641875199, 0.0, -0.10064753641875199,
  -0.9949221443976588, 0.0]
- [0.0, 0.0, 1.0, -0.9973056585378782, 0.07335818596672716, 0.0, -0.07335818596672716,
  -0.9973056585378782, 0.0]
- [0.0, 0.0, 1.0, -0.998276886951402, 0.05867927213776202, 0.0, -0.05867927213776202,
  -0.998276886951402, 0.0]
- [0.0, 0.0, 1.0, -0.9997762383450155, 0.02115356330953723, 0.0, -0.02115356330953723,
  -0.9997762383450155, 0.0]
- [0.0, 0.0, 1.0, -0.9999873529772997, 0.005029302680595332, 0.0, -0.005029302680595332,
  -0.9999873529772997, 0.0]
- [0.0, 0.0, 1.0, -0.9998839913771499, -0.015231670548556307, 0.0, 0.015231670548556307,
  -0.9998839913771499, 0.0]
- [0.0, 0.0, 1.0, -0.9992301213690725, -0.03923218766202782, 0.0, 0.03923218766202782,
  -0.9992301213690725, 0.0]
- [0.0, 0.0, 1.0, -0.9950012758983272, -0.09986220987290856, 0.0, 0.09986220987290856,
  -0.9950012758983272, 0.0]
- [0.0, 0.0, 1.0, -0.9885299149120292, -0.15102518771389248, 0.0, 0.15102518771389248,
  -0.9885299149120292, 0.0]
- [0.0, 0.0, 1.0, -0.9812483306448566, -0.19274779792952756, 0.0, 0.19274779792952756,
  -0.9812483306448566, 0.0]
- [0.0, 0.0, 1.0, -0.9685564002556033, -0.2487940906129157, 0.0, 0.2487940906129157,
  -0.9685564002556033, 0.0]
- [0.0, 0.0, 1.0, -0.947506217190235, -0.31973734280789196, 0.0, 0.31973734280789196,
  -0.947506217190235, 0.0]
- [0.0, 0.0, 1.0, -0.9253442463879782, -0.37912798060373304, 0.0, 0.37912798060373304,
  -0.9253442463879782, 0.0]
- [0.0, 0.0, 1.0, -0.8962253522899465, -0.4435990508474534, 0.0, 0.4435990508474534,
  -0.8962253522899465, 0.0]
- [0.0, 0.0, 1.0, -0.8573364640977513, -0.5147564349557614, 0.0, 0.5147564349557614,
  -0.8573364640977513, 0.0]
- [0.0, 0.0, 1.0, -0.8072848070984938, -0.5901620457365484, 0.0, 0.5901620457365484,
  -0.8072848070984938, 0.0]
- [0.0, 0.0, 1.0, -0.7344962689451086, -0.6786127252754068, 0.0, 0.6786127252754068,
  -0.7344962689451086, 0.0]
- [0.0, 0.0, 1.0, -0.6627460614609698, -0.748844214785674, 0.0, 0.748844214785674,
  -0.6627460614609698, 0.0]
- [0.0, 0.0, 1.0, -0.5731153332679471, -0.81947471881271, 0.0, 0.81947471881271, -0.5731153332679471,
  0.0]
- [0.0, 0.0, 1.0, -0.4722961435510135, -0.8814399314682995, 0.0, 0.8814399314682995,
  -0.4722961435510135, 0.0]
- [0.0, 0.0, 1.0, -0.4244463400267531, -0.9054530934498451, 0.0, 0.9054530934498451,
  -0.4244463400267531, 0.0]
- [0.0, 0.0, 1.0, -0.2594736054890456, -0.9657501996140178, 0.0, 0.9657501996140178,
  -0.2594736054890456, 0.0]
- [0.0, 0.0, 1.0, -0.11032484121416129, -0.9938955827505574, 0.0, 0.9938955827505574,
  -0.11032484121416129, 0.0]
- [0.0, 0.0, 1.0, 0.07112116055316327, -0.9974676839484933, 0.0, 0.9974676839484933,
  0.07112116055316327, 0.0]
- [0.0, 0.0, 1.0, 0.2480676931957468, -0.9687427004073584, 0.0, 0.9687427004073584,
  0.2480676931957468, 0.0]
- [0.0, 0.0, 1.0, 0.4234059587936217, -0.9059400609632262, 0.0, 0.9059400609632262,
  0.4234059587936217, 0.0]
- [0.0, 0.0, 1.0, 0.4836025337184701, -0.8752877180567975, 0.0, 0.8752877180567975,
  0.4836025337184701, 0.0]
- [0.0, 0.0, 1.0, 0.6008245810234643, -0.799380899720514, 0.0, 0.799380899720514,
  0.6008245810234643, 0.0]
- [0.0, 0.0, 1.0, 0.6950927230363243, -0.7189200973557129, 0.0, 0.7189200973557129,
  0.6950927230363243, 0.0]
- [0.0, 0.0, 1.0, 0.7672882238779636, -0.6413024103324421, 0.0, 0.6413024103324421,
  0.7672882238779636, 0.0]
- [0.0, 0.0, 1.0, 0.828106451138983, -0.5605708747179069, 0.0, 0.5605708747179069,
  0.828106451138983, 0.0]
- [0.0, 0.0, 1.0, 0.8735205019197989, -0.48678735883934215, 0.0, 0.48678735883934215,
  0.8735205019197989, 0.0]
- [0.0, 0.0, 1.0, 0.9083977276659682, -0.41810712547301243, 0.0, 0.41810712547301243,
  0.9083977276659682, 0.0]
- [0.0, 0.0, 1.0, 0.9332101363428112, -0.3593311027826999, 0.0, 0.3593311027826999,
  0.9332101363428112, 0.0]
- [0.0, 0.0, 1.0, 0.9513198425553447, -0.30820538145930226, 0.0, 0.30820538145930226,
  0.9513198425553447, 0.0]
- [0.0, 0.0, 1.0, 0.9659147479537336, -0.25886038647401294, 0.0, 0.25886038647401294,
  0.9659147479537336, 0.0]
- [0.0, 0.0, 1.0, 0.9809446627759505, -0.19428733507713883, 0.0, 0.19428733507713883,
  0.9809446627759505, 0.0]
- [0.0, 0.0, 1.0, 0.986559466962193, -0.16340262588855037, 0.0, 0.16340262588855037,
  0.986559466962193, 0.0]
- [0.0, 0.0, 1.0, 0.9901247986841308, -0.14018874074157797, 0.0, 0.14018874074157797,
  0.9901247986841308, 0.0]
- [0.0, 0.0, 1.0, 0.9940673409752405, -0.10876636247670828, 0.0, 0.10876636247670828,
  0.9940673409752405, 0.0]
- [0.0, 0.0, 1.0, 0.9973510988309536, -0.07273778702084216, 0.0, 0.07273778702084216,
  0.9973510988309536, 0.0]
- [0.0, 0.0, 1.0, 0.9996508568311304, -0.026422801456067332, 0.0, 0.026422801456067332,
  0.9996508568311304, 0.0]
- [0.0, 0.0, 1.0, 0.9999603926206379, -0.008900179210536055, 0.0, 0.008900179210536055,
  0.9999603926206379, 0.0]
- [0.0, 0.0, 1.0, 0.9988990927698834, 0.04691057944114221, 0.0, -0.04691057944114221,
  0.9988990927698834, 0.0]
- [0.0, 0.0, 1.0, 0.9986636732680644, 0.05168043822121509, 0.0, -0.05168043822121509,
  0.9986636732680644, 0.0]
- [0.0, 0.0, 1.0, 0.9954862732059215, 0.09490563660070586, 0.0, -0.09490563660070586,
  0.9954862732059215, 0.0]
- [0.0, 0.0, 1.0, 0.9911267131288768, 0.13292042176561522, 0.0, -0.13292042176561522,
  0.9911267131288768, 0.0]
- [0.0, 0.0, 1.0, 0.9873891686814851, 0.15831181121598456, 0.0, -0.15831181121598456,
  0.9873891686814851, 0.0]
- [0.0, 0.0, 1.0, 0.9798710095533918, 0.1996316724290432, 0.0, -0.1996316724290432,
  0.9798710095533918, 0.0]
- [0.0, 0.0, 1.0, 0.9770794724560805, 0.2128748564414016, 0.0, -0.2128748564414016,
  0.9770794724560805, 0.0]
- [0.0, 0.0, 1.0, 0.9660240718632941, 0.25845210887253595, 0.0, -0.25845210887253595,
  0.9660240718632941, 0.0]
- [0.0, 0.0, 1.0, 0.9633312700864184, 0.26831485995689486, 0.0, -0.26831485995689486,
  0.9633312700864184, 0.0]
- [0.0, 0.0, 1.0, 0.9537905293143507, 0.30047233847768884, 0.0, -0.30047233847768884,
  0.9537905293143507, 0.0]
- [0.0, 0.0, 1.0, 0.9501029374909549, 0.3119365451034214, 0.0, -0.3119365451034214,
  0.9501029374909549, 0.0]
- [0.0, 0.0, 1.0, 0.9426153755812194, 0.3338805979955657, 0.0, -0.3338805979955657,
  0.9426153755812194, 0.0]
- [0.0, 0.0, 1.0, 0.9382567440417138, 0.3459397089960071, 0.0, -0.3459397089960071,
  0.9382567440417138, 0.0]
- [0.0, 0.0, 1.0, 0.9324635210615128, 0.36126414420693026, 0.0, -0.36126414420693026,
  0.9324635210615128, 0.0]
- [0.0, 0.0, 1.0, 0.928433564824518, 0.37149847335788294, 0.0, -0.37149847335788294,
  0.928433564824518, 0.0]
- [0.0, 0.0, 1.0, 0.9246740387116782, 0.3807596645295217, 0.0, -0.3807596645295217,
  0.9246740387116782, 0.0]
- [0.0, 0.0, 1.0, 0.921969837351168, 0.38726169319293763, 0.0, -0.38726169319293763,
  0.921969837351168, 0.0]
- [0.0, 0.0, 1.0, 0.9200665324840174, 0.39176214187034025, 0.0, -0.39176214187034025,
  0.9200665324840174, 0.0]
- [0.0, 0.0, 1.0, 0.9199723585146015, 0.39198323888794206, 0.0, -0.39198323888794206,
  0.9199723585146015, 0.0]
- [0.0, 0.0, 1.0, 0.9200082663123879, 0.3918989537072972, 0.0, -0.3918989537072972,
  0.9200082663123879, 0.0]
- [0.0, 0.0, 1.0, 0.9231051639242988, 0.3845475995716182, 0.0, -0.3845475995716182,
  0.9231051639242988, 0.0]
- [0.0, 0.0, 1.0, 0.9251038564761461, 0.37971417504876237, 0.0, -0.37971417504876237,
  0.9251038564761461, 0.0]
- [0.0, 0.0, 1.0, 0.9320946275260127, 0.3622148607348178, 0.0, -0.3622148607348178,
  0.9320946275260127, 0.0]
- [0.0, 0.0, 1.0, 0.9352275801658314, 0.3540471342874608, 0.0, -0.3540471342874608,
  0.9352275801658314, 0.0]
- [0.0, 0.0, 1.0, 0.9461466191556136, 0.32373843618020115, 0.0, -0.32373843618020115,
  0.9461466191556136, 0.0]
- [0.0, 0.0, 1.0, 0.9499283547763755, 0.3124677916071486, 0.0, -0.3124677916071486,
  0.9499283547763755, 0.0]
- [0.0, 0.0, 1.0, 0.9614123029988372, 0.27511158398452124, 0.0, -0.27511158398452124,
  0.9614123029988372, 0.0]
- [0.0, 0.0, 1.0, 0.9676477763186812, 0.25230493650642605, 0.0, -0.25230493650642605,
  0.9676477763186812, 0.0]
- [0.0, 0.0, 1.0, 0.9743681458371217, 0.22495936605958355, 0.0, -0.22495936605958355,
  0.9743681458371217, 0.0]
- [0.0, 0.0, 1.0, 0.9846890488033889, 0.17432004235508092, 0.0, -0.17432004235508092,
  0.9846890488033889, 0.0]
- [0.0, 0.0, 1.0, 0.9970057366782453, 0.07732762139539515, 0.0, -0.07732762139539515,
  0.9970057366782453, 0.0]
- [0.0, 0.0, 1.0, 0.9994245622150821, 0.033919676313191406, 0.0, -0.033919676313191406,
  0.9994245622150821, 0.0]
- [0.0, 0.0, 1.0, 0.9994100414099248, 0.03434485593232936, 0.0, -0.03434485593232936,
  0.9994100414099248, 0.0]
- [0.0, 0.0, 1.0, 0.9997538158638145, -0.02218800725035759, 0.0, 0.02218800725035759,
  0.9997538158638145, 0.0]
- [0.0, 0.0, 1.0, 0.9963010685230186, -0.08593125659439223, 0.0, 0.08593125659439223,
  0.9963010685230186, 0.0]
- [0.0, 0.0, 1.0, 0.9850330619040196, -0.1723655039617603, 0.0, 0.1723655039617603,
  0.9850330619040196, 0.0]
- [0.0, 0.0, 1.0, 0.9567763196190805, -0.2908248170568788, 0.0, 0.2908248170568788,
  0.9567763196190805, 0.0]
- [0.0, 0.0, 1.0, -0.013211276140978754, 0.9999127272831, 0.0, -0.9999127272831, -0.013211276140978754,
  0.0]
- [0.0, 0.0, 1.0, 0.1612671217181334, 0.9869107940704411, 0.0, -0.9869107940704411,
  0.1612671217181334, 0.0]
- [0.0, 0.0, 1.0, 0.16126712171813362, 0.9869107940704411, 0.0, -0.9869107940704411,
  0.16126712171813362, 0.0]
- [0.0, 0.0, 1.0, 0.1612671217181214, 0.9869107940704432, 0.0, -0.9869107940704432,
  0.1612671217181214, 0.0]
- [0.0, 0.0, 1.0, 0.1612671217181335, 0.9869107940704411, 0.0, -0.9869107940704411,
  0.1612671217181335, 0.0]
- [0.0, 0.0, 1.0, 0.1612671217181335, 0.9869107940704411, 0.0, -0.9869107940704411,
  0.1612671217181335, 0.0]
- [0.0, 0.0, 1.0, 0.1612671217181334, 0.9869107940704411, 0.0, -0.9869107940704411,
  0.1612671217181334, 0.0]
- [0.0, 0.0, 1.0, 0.1612671217181335, 0.9869107940704411, 0.0, -0.9869107940704411,
  0.1612671217181335, 0.0]
- [0.0, 0.0, 1.0, 0.1612671217181215, 0.986910794070443, 0.0, -0.986910794070443,
  0.1612671217181215, 0.0]
- [0.0, 0.0, 1.0, 0.1612671217181334, 0.9869107940704411, 0.0, -0.9869107940704411,
  0.1612671217181334, 0.0]
- [0.0, 0.0, 1.0, 0.16126712171813362, 0.9869107940704411, 0.0, -0.9869107940704411,
  0.16126712171813362, 0.0]
- [0.0, 0.0, 1.0, 0.16126712171813362, 0.9869107940704411, 0.0, -0.9869107940704411,
  0.16126712171813362, 0.0]
- [0.0, 0.0, 1.0, 0.16126712171813315, 0.9869107940704411, 0.0, -0.9869107940704411,
  0.16126712171813315, 0.0]
- [0.0, 0.0, 1.0, 0.1612671217181334, 0.9869107940704411, 0.0, -0.9869107940704411,
  0.1612671217181334, 0.0]
- [0.0, 0.0, 1.0, 0.1612671217181216, 0.986910794070443, 0.0, -0.986910794070443,
  0.1612671217181216, 0.0]
- [0.0, 0.0, 1.0, 0.16126712171813387, 0.9869107940704411, 0.0, -0.9869107940704411,
  0.16126712171813387, 0.0]
- [0.0, 0.0, 1.0, 0.16126712171813315, 0.9869107940704411, 0.0, -0.9869107940704411,
  0.16126712171813315, 0.0]
- [0.0, 0.0, 1.0, 0.16126712171813315, 0.9869107940704411, 0.0, -0.9869107940704411,
  0.16126712171813315, 0.0]
- [0.0, 0.0, 1.0, 0.16126712171813362, 0.9869107940704411, 0.0, -0.9869107940704411,
  0.16126712171813362, 0.0]
- [0.0, 0.0, 1.0, 0.1612671217181216, 0.986910794070443, 0.0, -0.986910794070443,
  0.1612671217181216, 0.0]
- [0.0, 0.0, 1.0, 0.16126712171813362, 0.9869107940704411, 0.0, -0.9869107940704411,
  0.16126712171813362, 0.0]
- [0.0, 0.0, 1.0, 0.16126712171813315, 0.9869107940704411, 0.0, -0.9869107940704411,
  0.16126712171813315, 0.0]
- [0.0, 0.0, 1.0, 0.16146621586722296, 0.9868782402776541, 0.0, -0.9868782402776541,
  0.16146621586722296, 0.0]
- [0.0, 0.0, 1.0, 0.16146621586722346, 0.986878240277654, 0.0, -0.986878240277654,
  0.16146621586722346, 0.0]
- [0.0, 0.0, 1.0, 0.16146621586722296, 0.9868782402776541, 0.0, -0.9868782402776541,
  0.16146621586722296, 0.0]
- [0.0, 0.0, 1.0, 0.1614662158672232, 0.9868782402776541, 0.0, -0.9868782402776541,
  0.1614662158672232, 0.0]
- [0.0, 0.0, 1.0, 0.1614662158672232, 0.9868782402776541, 0.0, -0.9868782402776541,
  0.1614662158672232, 0.0]
- [0.0, 0.0, 1.0, 0.16146621586722296, 0.9868782402776541, 0.0, -0.9868782402776541,
  0.16146621586722296, 0.0]
- [0.0, 0.0, 1.0, 0.1614662158672232, 0.9868782402776541, 0.0, -0.9868782402776541,
  0.1614662158672232, 0.0]
- [0.0, 0.0, 1.0, 0.1614662158672232, 0.9868782402776541, 0.0, -0.9868782402776541,
  0.1614662158672232, 0.0]
- [0.0, 0.0, 1.0, 0.1614662158672232, 0.9868782402776541, 0.0, -0.9868782402776541,
  0.1614662158672232, 0.0]
- [0.0, 0.0, 1.0, 0.16146621586722296, 0.9868782402776541, 0.0, -0.9868782402776541,
  0.16146621586722296, 0.0]
- [0.0, 0.0, 1.0, 0.1614662158672232, 0.9868782402776541, 0.0, -0.9868782402776541,
  0.1614662158672232, 0.0]
- [0.0, 0.0, 1.0, 0.16146621586722296, 0.9868782402776541, 0.0, -0.9868782402776541,
  0.16146621586722296, 0.0]
- [0.0, 0.0, 1.0, 0.1614662158672232, 0.9868782402776541, 0.0, -0.9868782402776541,
  0.1614662158672232, 0.0]
- [0.0, 0.0, 1.0, 0.1614662158672232, 0.9868782402776541, 0.0, -0.9868782402776541,
  0.1614662158672232, 0.0]
- [0.0, 0.0, 1.0, 0.16146621586722296, 0.9868782402776541, 0.0, -0.9868782402776541,
  0.16146621586722296, 0.0]
- [0.0, 0.0, 1.0, 0.16146621586722346, 0.986878240277654, 0.0, -0.986878240277654,
  0.16146621586722346, 0.0]
- [0.0, 0.0, 1.0, 0.16146621586722296, 0.9868782402776541, 0.0, -0.9868782402776541,
  0.16146621586722296, 0.0]
- [0.0, 0.0, 1.0, 0.16146621586722346, 0.986878240277654, 0.0, -0.986878240277654,
  0.16146621586722346, 0.0]
- [0.0, 0.0, 1.0, 0.16146621586722296, 0.9868782402776541, 0.0, -0.9868782402776541,
  0.16146621586722296, 0.0]
- [0.0, 0.0, 1.0, 0.161466215867226, 0.9868782402776537, 0.0, -0.9868782402776537,
  0.161466215867226, 0.0]
- [0.0, 0.0, 1.0, 0.16146621586721993, 0.9868782402776547, 0.0, -0.9868782402776547,
  0.16146621586721993, 0.0]
- [0.0, 0.0, 1.0, 0.16146621586722648, 0.9868782402776535, 0.0, -0.9868782402776535,
  0.16146621586722648, 0.0]
- [0.0, 0.0, 1.0, 0.16146621586722296, 0.9868782402776541, 0.0, -0.9868782402776541,
  0.16146621586722296, 0.0]
- [0.0, 0.0, 1.0, 0.16146621586722296, 0.9868782402776541, 0.0, -0.9868782402776541,
  0.16146621586722296, 0.0]
- [0.0, 0.0, 1.0, 0.16146621586722296, 0.9868782402776541, 0.0, -0.9868782402776541,
  0.16146621586722296, 0.0]
- [0.0, 0.0, 1.0, 0.16146621586722346, 0.986878240277654, 0.0, -0.986878240277654,
  0.16146621586722346, 0.0]
- [0.0, 0.0, 1.0, 0.16146621586722346, 0.986878240277654, 0.0, -0.986878240277654,
  0.16146621586722346, 0.0]
- [0.0, 0.0, 1.0, 0.16146621586722296, 0.9868782402776541, 0.0, -0.9868782402776541,
  0.16146621586722296, 0.0]
- [0.0, 0.0, 1.0, 0.16146621586722296, 0.9868782402776541, 0.0, -0.9868782402776541,
  0.16146621586722296, 0.0]
- [0.0, 0.0, 1.0, 0.16146621586722296, 0.9868782402776541, 0.0, -0.9868782402776541,
  0.16146621586722296, 0.0]
- [0.0, 0.0, 1.0, 0.16146621586722396, 0.986878240277654, 0.0, -0.986878240277654,
  0.16146621586722396, 0.0]
- [0.0, 0.0, 1.0, 0.16146621586722296, 0.9868782402776541, 0.0, -0.9868782402776541,
  0.16146621586722296, 0.0]
- [0.0, 0.0, 1.0, 0.16146621586722296, 0.9868782402776541, 0.0, -0.9868782402776541,
  0.16146621586722296, 0.0]
- [0.0, 0.0, 1.0, 0.16146621586722296, 0.9868782402776541, 0.0, -0.9868782402776541,
  0.16146621586722296, 0.0]
- [0.0, 0.0, 1.0, 0.16146621586722296, 0.9868782402776541, 0.0, -0.9868782402776541,
  0.16146621586722296, 0.0]
- [0.0, 0.0, 1.0, 0.16190508962544958, 0.9868063345729876, 0.0, -0.9868063345729876,
  0.16190508962544958, 0.0]
- [0.0, 0.0, 1.0, 0.16190508962544348, 0.9868063345729886, 0.0, -0.9868063345729886,
  0.16190508962544348, 0.0]
- [0.0, 0.0, 1.0, 0.16190508962544958, 0.9868063345729876, 0.0, -0.9868063345729876,
  0.16190508962544958, 0.0]
- [0.0, 0.0, 1.0, 0.16190508962544983, 0.9868063345729876, 0.0, -0.9868063345729876,
  0.16190508962544983, 0.0]
- [0.0, 0.0, 1.0, 0.16190508962544348, 0.9868063345729886, 0.0, -0.9868063345729886,
  0.16190508962544348, 0.0]
- [0.0, 0.0, 1.0, 0.16190508962544958, 0.9868063345729876, 0.0, -0.9868063345729876,
  0.16190508962544958, 0.0]
- [0.0, 0.0, 1.0, 0.16190508962544373, 0.9868063345729886, 0.0, -0.9868063345729886,
  0.16190508962544373, 0.0]
- [0.0, 0.0, 1.0, 0.16190508962544958, 0.9868063345729876, 0.0, -0.9868063345729876,
  0.16190508962544958, 0.0]
- [0.0, 0.0, 1.0, 0.16190508962544958, 0.9868063345729876, 0.0, -0.9868063345729876,
  0.16190508962544958, 0.0]
- [0.0, 0.0, 1.0, 0.16190508962544348, 0.9868063345729886, 0.0, -0.9868063345729886,
  0.16190508962544348, 0.0]
- [0.0, 0.0, 1.0, 0.16190508962544958, 0.9868063345729876, 0.0, -0.9868063345729876,
  0.16190508962544958, 0.0]
- [0.0, 0.0, 1.0, 0.16190508962544958, 0.9868063345729876, 0.0, -0.9868063345729876,
  0.16190508962544958, 0.0]
- [0.0, 0.0, 1.0, 0.16190508962544348, 0.9868063345729886, 0.0, -0.9868063345729886,
  0.16190508962544348, 0.0]
- [0.0, 0.0, 1.0, 0.16190508962544983, 0.9868063345729876, 0.0, -0.9868063345729876,
  0.16190508962544983, 0.0]
- [0.0, 0.0, 1.0, 0.16190508962544373, 0.9868063345729886, 0.0, -0.9868063345729886,
  0.16190508962544373, 0.0]
- [0.0, 0.0, 1.0, 0.16190508962544958, 0.9868063345729876, 0.0, -0.9868063345729876,
  0.16190508962544958, 0.0]
- [0.0, 0.0, 1.0, 0.16190508962544958, 0.9868063345729876, 0.0, -0.9868063345729876,
  0.16190508962544958, 0.0]
- [0.0, 0.0, 1.0, 0.16190508962544348, 0.9868063345729886, 0.0, -0.9868063345729886,
  0.16190508962544348, 0.0]
- [0.0, 0.0, 1.0, 0.16190508962544958, 0.9868063345729876, 0.0, -0.9868063345729876,
  0.16190508962544958, 0.0]
- [0.0, 0.0, 1.0, 0.16190508962544958, 0.9868063345729876, 0.0, -0.9868063345729876,
  0.16190508962544958, 0.0]
- [0.0, 0.0, 1.0, 0.16190508962544348, 0.9868063345729886, 0.0, -0.9868063345729886,
  0.16190508962544348, 0.0]
- [0.0, 0.0, 1.0, 0.16190508962544958, 0.9868063345729876, 0.0, -0.9868063345729876,
  0.16190508962544958, 0.0]
- [0.0, 0.0, 1.0, 0.16190508962544348, 0.9868063345729886, 0.0, -0.9868063345729886,
  0.16190508962544348, 0.0]
- [0.0, 0.0, 1.0, 0.16190508962544958, 0.9868063345729876, 0.0, -0.9868063345729876,
  0.16190508962544958, 0.0]
- [0.0, 0.0, 1.0, 0.16190508962544958, 0.9868063345729876, 0.0, -0.9868063345729876,
  0.16190508962544958, 0.0]
- [0.0, 0.0, 1.0, 0.16190508962544348, 0.9868063345729886, 0.0, -0.9868063345729886,
  0.16190508962544348, 0.0]
- [0.0, 0.0, 1.0, 0.16190508962545008, 0.9868063345729876, 0.0, -0.9868063345729876,
  0.16190508962545008, 0.0]
- [0.0, 0.0, 1.0, 0.16190508962544958, 0.9868063345729876, 0.0, -0.9868063345729876,
  0.16190508962544958, 0.0]
- [0.0, 0.0, 1.0, 0.16190508962544348, 0.9868063345729886, 0.0, -0.9868063345729886,
  0.16190508962544348, 0.0]
- [0.0, 0.0, 1.0, 0.16190508962545008, 0.9868063345729876, 0.0, -0.9868063345729876,
  0.16190508962545008, 0.0]
- [0.0, 0.0, 1.0, 0.16190508962544906, 0.9868063345729877, 0.0, -0.9868063345729877,
  0.16190508962544906, 0.0]
- [0.0, 0.0, 1.0, 0.161905089625444, 0.9868063345729886, 0.0, -0.9868063345729886,
  0.161905089625444, 0.0]
- [0.0, 0.0, 1.0, 0.16190508962544906, 0.9868063345729877, 0.0, -0.9868063345729877,
  0.16190508962544906, 0.0]
- [0.0, 0.0, 1.0, 0.161905089625444, 0.9868063345729886, 0.0, -0.9868063345729886,
  0.161905089625444, 0.0]
- [0.0, 0.0, 1.0, 0.16190508962544958, 0.9868063345729876, 0.0, -0.9868063345729876,
  0.16190508962544958, 0.0]
materials:
- name: gelcoat
  density: 1235.0
  elastic:
    E:
    - 3440000000.0
    - 3440000000.0
    - 3440000000.0
    G:
    - 1323000000.0
    - 1323000000.0
    - 1323000000.0
    nu:
    - 0.3
    - 0.3
    - 0.3
- name: glass_triax
  density: 1940.0
  elastic:
    E:
    - 28211400000.0
    - 16238800000.0
    - 15835500000.0
    G:
    - 8248220000.0
    - 3491240000.0
    - 3491240000.0
    nu:
    - 0.497511
    - 0.18091
    - 0.27481
- name: glass_uniax
  density: 1940.0
  elastic:
    E:
    - 43700000000.0
    - 16500000000.0
    - 15450000000.0
    G:
    - 3265000000.0
    - 3495000000.0
    - 3480000000.0
    nu:
    - 0.262
    - 0.264
    - 0.35
- name: medium_density_foam
  density: 130.0
  elastic:
    E:
    - 142500000.0
    - 142500000.0
    - 142500000.0
    G:
    - 54000000.0
    - 54000000.0
    - 54000000.0
    nu:
    - 0.3194
    - 0.3194
    - 0.3194
- name: carbon_uniax
  density: 1600.0
  elastic:
    E:
    - 140000000000.0
    - 9100000000.0
    - 9100000000.0
    G:
    - 4131000000.0
    - 4131000000.0
    - 2689000000.0
    nu:
    - 0.3133
    - 0.3133
    - 0.47066
- name: glass_biax
  density: 1940.0
  elastic:
    E:
    - 11023100000.0
    - 11023100000.0
    - 16047700000.0
    G:
    - 13231400000.0
    - 3487480000.0
    - 3487480000.0
    nu:
    - 0.688074
    - 0.117173
    - 0.117173
